date,state,county,1day_cases_100k,new_cases,new_deaths,new_deaths_100k,total_cases,total_deaths,cfr%,total_cases_100k,total_deaths_100k,%infected,population,pop_density,7day_cases_100k,7day_cases_change,28day_cases_100k,28day_cases_change
2020-09-09,Puerto Rico,Bayamon,0.0,0,0,0.0,2805,0,0.0,1645.35,0.0,1.65,170480,0.0,90.93,-26.98,669.89,-34.61
2020-09-08,Puerto Rico,Bayamon,5.28,9,0,0.0,2805,0,0.0,1645.35,0.0,1.65,170480,0.0,117.91,-2.93,704.5,-17.6
2020-09-07,Puerto Rico,Bayamon,49.86,85,0,0.0,2796,0,0.0,1640.08,0.0,1.64,170480,0.0,120.84,34.61,722.1,18.18
2020-09-06,Puerto Rico,Bayamon,5.87,10,0,0.0,2711,0,0.0,1590.22,0.0,1.59,170480,0.0,86.23,-14.66,703.92,-32.26
2020-09-05,Puerto Rico,Bayamon,14.08,24,0,0.0,2701,0,0.0,1584.35,0.0,1.58,170480,0.0,100.89,-26.39,736.18,-28.74
2020-09-04,Puerto Rico,Bayamon,4.11,7,0,0.0,2677,0,0.0,1570.27,0.0,1.57,170480,0.0,127.28,-40.47,764.92,-42.82
2020-09-03,Puerto Rico,Bayamon,11.73,20,0,0.0,2670,0,0.0,1566.17,0.0,1.57,170480,0.0,167.75,-32.26,807.74,4.1
2020-09-02,Puerto Rico,Bayamon,26.98,46,0,0.0,2650,0,0.0,1554.43,0.0,1.55,170480,0.0,200.01,19.35,803.64,12.32
2020-09-01,Puerto Rico,Bayamon,8.21,14,0,0.0,2604,0,0.0,1527.45,0.0,1.53,170480,0.0,180.66,4.1,791.32,-18.77
2020-08-31,Puerto Rico,Bayamon,15.25,26,0,0.0,2590,0,0.0,1519.24,0.0,1.52,170480,0.0,176.56,-21.12,810.09,-2.35
2020-08-30,Puerto Rico,Bayamon,20.53,35,0,0.0,2564,0,0.0,1503.99,0.0,1.5,170480,0.0,197.68,-9.39,812.44,1.17
2020-08-29,Puerto Rico,Bayamon,40.47,69,0,0.0,2529,0,0.0,1483.46,0.0,1.48,170480,0.0,207.07,10.55,811.27,-7.63
2020-08-28,Puerto Rico,Bayamon,44.58,76,0,0.0,2460,0,0.0,1442.98,0.0,1.44,170480,0.0,196.52,-5.28,818.9,38.13
2020-08-27,Puerto Rico,Bayamon,43.99,75,0,0.0,2384,0,0.0,1398.4,0.0,1.4,170480,0.0,201.8,29.91,780.77,29.33
2020-08-26,Puerto Rico,Bayamon,7.63,13,0,0.0,2309,0,0.0,1354.41,0.0,1.35,170480,0.0,171.89,-4.1,751.44,-2.34
2020-08-25,Puerto Rico,Bayamon,4.11,7,0,0.0,2296,0,0.0,1346.79,0.0,1.35,170480,0.0,175.99,-26.39,753.78,-14.07
2020-08-24,Puerto Rico,Bayamon,36.37,62,0,0.0,2289,0,0.0,1342.68,0.0,1.34,170480,0.0,202.38,-10.56,767.85,24.64
2020-08-23,Puerto Rico,Bayamon,29.92,51,0,0.0,2227,0,0.0,1306.31,0.0,1.31,170480,0.0,212.94,9.98,743.21,1.76
2020-08-22,Puerto Rico,Bayamon,29.92,51,0,0.0,2176,0,0.0,1276.4,0.0,1.28,170480,0.0,202.96,2.35,741.45,1.76
2020-08-21,Puerto Rico,Bayamon,49.86,85,0,0.0,2125,0,0.0,1246.48,0.0,1.25,170480,0.0,200.61,7.04,739.69,35.2
2020-08-20,Puerto Rico,Bayamon,14.08,24,0,0.0,2040,0,0.0,1196.62,0.0,1.2,170480,0.0,193.57,-13.49,704.49,-13.49
2020-08-19,Puerto Rico,Bayamon,11.73,20,0,0.0,2016,0,0.0,1182.54,0.0,1.18,170480,0.0,207.06,-22.88,717.98,7.62
2020-08-18,Puerto Rico,Bayamon,30.5,52,0,0.0,1996,0,0.0,1170.81,0.0,1.17,170480,0.0,229.94,7.62,710.36,14.66
2020-08-17,Puerto Rico,Bayamon,46.93,80,0,0.0,1944,0,0.0,1140.31,0.0,1.14,170480,0.0,222.32,15.25,695.7,28.75
2020-08-16,Puerto Rico,Bayamon,19.94,34,0,0.0,1864,0,0.0,1093.38,0.0,1.09,170480,0.0,207.07,-18.19,666.95,2.34
2020-08-15,Puerto Rico,Bayamon,27.57,47,0,0.0,1830,0,0.0,1073.44,0.0,1.07,170480,0.0,225.26,-15.25,664.61,12.91
2020-08-14,Puerto Rico,Bayamon,42.82,73,0,0.0,1783,0,0.0,1045.87,0.0,1.05,170480,0.0,240.51,-4.11,651.7,29.92
2020-08-13,Puerto Rico,Bayamon,27.57,47,0,0.0,1710,0,0.0,1003.05,0.0,1.0,170480,0.0,244.62,19.94,621.78,22.88
2020-08-12,Puerto Rico,Bayamon,34.61,59,0,0.0,1663,0,0.0,975.48,0.0,0.98,170480,0.0,224.68,19.95,598.9,17.01
2020-08-11,Puerto Rico,Bayamon,22.88,39,0,0.0,1604,0,0.0,940.87,0.0,0.94,170480,0.0,204.73,-4.1,581.89,18.19
2020-08-10,Puerto Rico,Bayamon,31.68,54,0,0.0,1565,0,0.0,918.0,0.0,0.92,170480,0.0,208.83,14.08,563.7,14.67
2020-08-09,Puerto Rico,Bayamon,38.13,65,0,0.0,1511,0,0.0,886.32,0.0,0.89,170480,0.0,194.75,18.77,549.03,28.74
2020-08-08,Puerto Rico,Bayamon,42.82,73,0,0.0,1446,0,0.0,848.19,0.0,0.85,170480,0.0,175.98,-5.28,520.29,31.67
2020-08-07,Puerto Rico,Bayamon,46.93,80,0,0.0,1373,0,0.0,805.37,0.0,0.81,170480,0.0,181.26,40.48,488.62,36.96
2020-08-06,Puerto Rico,Bayamon,7.63,13,0,0.0,1293,0,0.0,758.45,0.0,0.76,170480,0.0,140.78,-7.03,451.66,1.18
2020-08-05,Puerto Rico,Bayamon,14.66,25,0,0.0,1280,0,0.0,750.82,0.0,0.75,170480,0.0,147.81,4.69,450.48,12.9
2020-08-04,Puerto Rico,Bayamon,26.98,46,0,0.0,1255,0,0.0,736.16,0.0,0.74,170480,0.0,143.12,8.8,437.58,19.94
2020-08-03,Puerto Rico,Bayamon,17.6,30,0,0.0,1209,0,0.0,709.17,0.0,0.71,170480,0.0,134.32,5.87,417.64,-11.14
2020-08-02,Puerto Rico,Bayamon,19.36,33,0,0.0,1179,0,0.0,691.58,0.0,0.69,170480,0.0,128.45,-8.8,428.78,15.25
2020-08-01,Puerto Rico,Bayamon,48.1,82,0,0.0,1146,0,0.0,672.22,0.0,0.67,170480,0.0,137.25,19.94,413.53,41.65
2020-07-31,Puerto Rico,Bayamon,6.45,11,0,0.0,1064,0,0.0,624.12,0.0,0.62,170480,0.0,117.31,-8.21,371.88,3.52
2020-07-30,Puerto Rico,Bayamon,14.66,25,0,0.0,1053,0,0.0,617.67,0.0,0.62,170480,0.0,125.52,-12.91,368.36,14.66
2020-07-29,Puerto Rico,Bayamon,9.97,17,0,0.0,1028,0,0.0,603.0,0.0,0.6,170480,0.0,138.43,5.86,353.7,8.8
2020-07-28,Puerto Rico,Bayamon,18.18,31,0,0.0,1011,0,0.0,593.03,0.0,0.59,170480,0.0,132.57,2.34,344.9,7.03
2020-07-27,Puerto Rico,Bayamon,11.73,20,0,0.0,980,0,0.0,574.85,0.0,0.57,170480,0.0,130.23,-6.45,337.87,7.62
2020-07-26,Puerto Rico,Bayamon,28.16,48,0,0.0,960,0,0.0,563.12,0.0,0.56,170480,0.0,136.68,10.56,330.25,23.47
2020-07-25,Puerto Rico,Bayamon,28.16,48,0,0.0,912,0,0.0,534.96,0.0,0.53,170480,0.0,126.12,13.5,306.78,23.47
2020-07-24,Puerto Rico,Bayamon,14.66,25,0,0.0,864,0,0.0,506.8,0.0,0.51,170480,0.0,112.62,1.76,283.31,14.66
2020-07-23,Puerto Rico,Bayamon,27.57,47,0,0.0,839,0,0.0,492.14,0.0,0.49,170480,0.0,110.86,22.88,268.65,-7.04
2020-07-22,Puerto Rico,Bayamon,4.11,7,0,0.0,792,0,0.0,464.57,0.0,0.46,170480,0.0,87.98,-13.49,275.69,4.11
2020-07-21,Puerto Rico,Bayamon,15.84,27,0,0.0,785,0,0.0,460.46,0.0,0.46,170480,0.0,101.47,11.15,271.58,15.84
2020-07-20,Puerto Rico,Bayamon,18.18,31,0,0.0,758,0,0.0,444.63,0.0,0.44,170480,0.0,90.32,1.17,255.74,18.18
2020-07-19,Puerto Rico,Bayamon,17.6,30,0,0.0,727,0,0.0,426.44,0.0,0.43,170480,0.0,89.15,8.21,237.56,17.6
2020-07-18,Puerto Rico,Bayamon,14.66,25,0,0.0,697,0,0.0,408.85,0.0,0.41,170480,0.0,80.94,3.51,219.96,14.66
2020-07-17,Puerto Rico,Bayamon,12.9,22,0,0.0,672,0,0.0,394.18,0.0,0.39,170480,0.0,77.43,2.93,205.3,12.9
2020-07-16,Puerto Rico,Bayamon,4.69,8,0,0.0,650,0,0.0,381.28,0.0,0.38,170480,0.0,74.5,-1.76,192.4,4.69
2020-07-15,Puerto Rico,Bayamon,17.6,30,0,0.0,642,0,0.0,376.58,0.0,0.38,170480,0.0,76.26,15.84,187.71,17.6
2020-07-14,Puerto Rico,Bayamon,4.69,8,0,0.0,612,0,0.0,358.99,0.0,0.36,170480,0.0,60.42,-2.35,170.11,4.69
2020-07-13,Puerto Rico,Bayamon,17.01,29,0,0.0,604,0,0.0,354.29,0.0,0.35,170480,0.0,62.77,-11.73,165.42,17.01
2020-07-12,Puerto Rico,Bayamon,9.39,16,0,0.0,575,0,0.0,337.28,0.0,0.34,170480,0.0,74.5,5.28,148.41,9.39
2020-07-11,Puerto Rico,Bayamon,11.15,19,0,0.0,559,0,0.0,327.9,0.0,0.33,170480,0.0,69.22,4.7,139.02,11.15
2020-07-10,Puerto Rico,Bayamon,9.97,17,0,0.0,540,0,0.0,316.75,0.0,0.32,170480,0.0,64.52,7.04,127.87,9.97
2020-07-09,Puerto Rico,Bayamon,6.45,11,0,0.0,523,0,0.0,306.78,0.0,0.31,170480,0.0,57.48,6.45,117.9,6.45
2020-07-08,Puerto Rico,Bayamon,1.76,3,0,0.0,512,0,0.0,300.33,0.0,0.3,170480,0.0,51.03,0.59,111.45,-1.17
2020-07-07,Puerto Rico,Bayamon,7.04,12,0,0.0,509,0,0.0,298.57,0.0,0.3,170480,0.0,50.44,-4.11,112.62,4.11
2020-07-06,Puerto Rico,Bayamon,28.74,49,0,0.0,497,0,0.0,291.53,0.0,0.29,170480,0.0,54.55,24.63,108.51,26.98
2020-07-05,Puerto Rico,Bayamon,4.11,7,0,0.0,448,0,0.0,262.79,0.0,0.26,170480,0.0,29.92,-0.58,81.53,1.76
2020-07-04,Puerto Rico,Bayamon,6.45,11,0,0.0,441,0,0.0,258.68,0.0,0.26,170480,0.0,30.5,1.76,79.77,-8.8
2020-07-03,Puerto Rico,Bayamon,2.93,5,0,0.0,430,0,0.0,252.23,0.0,0.25,170480,0.0,28.74,2.93,88.57,-2.35
2020-07-02,Puerto Rico,Bayamon,0.0,0,0,0.0,425,0,0.0,249.3,0.0,0.25,170480,0.0,25.81,-34.61,90.92,-14.66
2020-07-01,Puerto Rico,Bayamon,1.17,2,0,0.0,425,0,0.0,249.3,0.0,0.25,170480,0.0,60.42,1.17,105.58,-2.35
2020-06-30,Puerto Rico,Bayamon,11.15,19,0,0.0,423,0,0.0,248.12,0.0,0.25,170480,0.0,59.25,11.15,107.93,8.22
2020-06-29,Puerto Rico,Bayamon,4.11,7,0,0.0,404,0,0.0,236.98,0.0,0.24,170480,0.0,48.1,4.11,99.71,-1.17
2020-06-28,Puerto Rico,Bayamon,4.69,8,0,0.0,397,0,0.0,232.87,0.0,0.23,170480,0.0,43.99,4.69,100.88,4.1
2020-06-27,Puerto Rico,Bayamon,4.69,8,0,0.0,389,0,0.0,228.18,0.0,0.23,170480,0.0,39.3,4.69,96.78,3.52
2020-06-26,Puerto Rico,Bayamon,0.0,0,0,0.0,381,0,0.0,223.49,0.0,0.22,170480,0.0,34.61,0.0,93.26,-3.52
2020-06-25,Puerto Rico,Bayamon,34.61,59,0,0.0,381,0,0.0,223.49,0.0,0.22,170480,0.0,34.61,34.61,96.78,33.44
2020-06-24,Puerto Rico,Bayamon,0.0,0,0,0.0,322,0,0.0,188.88,0.0,0.19,170480,0.0,0.0,0.0,63.34,-4.11
2020-06-23,Puerto Rico,Bayamon,0.0,0,0,0.0,322,0,0.0,188.88,0.0,0.19,170480,0.0,0.0,0.0,67.45,-0.59
2020-06-22,Puerto Rico,Bayamon,0.0,0,0,0.0,322,0,0.0,188.88,0.0,0.19,170480,0.0,0.0,0.0,68.04,-2.93
2020-06-21,Puerto Rico,Bayamon,0.0,0,0,0.0,322,0,0.0,188.88,0.0,0.19,170480,0.0,0.0,0.0,70.97,-0.59
2020-06-20,Puerto Rico,Bayamon,0.0,0,0,0.0,322,0,0.0,188.88,0.0,0.19,170480,0.0,0.0,0.0,71.56,-3.52
2020-06-19,Puerto Rico,Bayamon,0.0,0,0,0.0,322,0,0.0,188.88,0.0,0.19,170480,0.0,0.0,0.0,75.08,-8.21
2020-06-18,Puerto Rico,Bayamon,0.0,0,0,0.0,322,0,0.0,188.88,0.0,0.19,170480,0.0,0.0,0.0,83.29,-1.76
2020-06-17,Puerto Rico,Bayamon,0.0,0,0,0.0,322,0,0.0,188.88,0.0,0.19,170480,0.0,0.0,-2.93,85.05,-1.76
2020-06-16,Puerto Rico,Bayamon,0.0,0,0,0.0,322,0,0.0,188.88,0.0,0.19,170480,0.0,2.93,-2.93,86.81,-2.93
2020-06-15,Puerto Rico,Bayamon,0.0,0,0,0.0,322,0,0.0,188.88,0.0,0.19,170480,0.0,5.86,-1.76,89.74,-1.17
2020-06-14,Puerto Rico,Bayamon,0.0,0,0,0.0,322,0,0.0,188.88,0.0,0.19,170480,0.0,7.62,-2.35,90.91,-4.69
2020-06-13,Puerto Rico,Bayamon,0.0,0,0,0.0,322,0,0.0,188.88,0.0,0.19,170480,0.0,9.97,-15.25,95.6,-2.35
2020-06-12,Puerto Rico,Bayamon,0.0,0,0,0.0,322,0,0.0,188.88,0.0,0.19,170480,0.0,25.22,-5.28,97.95,-9.97
2020-06-11,Puerto Rico,Bayamon,0.0,0,0,0.0,322,0,0.0,188.88,0.0,0.19,170480,0.0,30.5,-14.66,107.92,-7.04
2020-06-10,Puerto Rico,Bayamon,2.93,5,0,0.0,322,0,0.0,188.88,0.0,0.19,170480,0.0,45.16,-0.59,114.96,2.34
2020-06-09,Puerto Rico,Bayamon,2.93,5,0,0.0,317,0,0.0,185.95,0.0,0.19,170480,0.0,45.75,0.0,112.62,1.76
2020-06-08,Puerto Rico,Bayamon,1.76,3,0,0.0,312,0,0.0,183.01,0.0,0.18,170480,0.0,45.75,-3.52,110.86,0.0
2020-06-07,Puerto Rico,Bayamon,2.35,4,0,0.0,309,0,0.0,181.25,0.0,0.18,170480,0.0,49.27,1.76,110.86,1.18
2020-06-06,Puerto Rico,Bayamon,15.25,26,0,0.0,305,0,0.0,178.91,0.0,0.18,170480,0.0,47.51,14.08,109.68,15.25
2020-06-05,Puerto Rico,Bayamon,5.28,9,0,0.0,279,0,0.0,163.66,0.0,0.16,170480,0.0,33.43,1.76,94.43,1.17
2020-06-04,Puerto Rico,Bayamon,14.66,25,0,0.0,270,0,0.0,158.38,0.0,0.16,170480,0.0,31.67,13.49,93.26,13.49
2020-06-03,Puerto Rico,Bayamon,3.52,6,0,0.0,245,0,0.0,143.71,0.0,0.14,170480,0.0,18.18,-0.59,79.77,2.93
2020-06-02,Puerto Rico,Bayamon,2.93,5,0,0.0,239,0,0.0,140.19,0.0,0.14,170480,0.0,18.77,2.34,76.84,2.93
2020-06-01,Puerto Rico,Bayamon,5.28,9,0,0.0,234,0,0.0,137.26,0.0,0.14,170480,0.0,16.43,2.35,73.91,5.28
2020-05-31,Puerto Rico,Bayamon,0.59,1,0,0.0,225,0,0.0,131.98,0.0,0.13,170480,0.0,14.08,0.0,68.63,0.59
2020-05-30,Puerto Rico,Bayamon,1.17,2,0,0.0,224,0,0.0,131.39,0.0,0.13,170480,0.0,14.08,-2.35,68.04,1.17
2020-05-29,Puerto Rico,Bayamon,3.52,6,0,0.0,222,0,0.0,130.22,0.0,0.13,170480,0.0,16.43,-4.69,66.87,3.52
2020-05-28,Puerto Rico,Bayamon,1.17,2,0,0.0,216,0,0.0,126.7,0.0,0.13,170480,0.0,21.12,-0.59,63.35,1.17
2020-05-27,Puerto Rico,Bayamon,4.11,7,0,0.0,214,0,0.0,125.53,0.0,0.13,170480,0.0,21.71,2.35,62.18,4.11
2020-05-26,Puerto Rico,Bayamon,0.59,1,0,0.0,207,0,0.0,121.42,0.0,0.12,170480,0.0,19.36,-2.34,58.07,0.59
2020-05-25,Puerto Rico,Bayamon,2.93,5,0,0.0,206,0,0.0,120.84,0.0,0.12,170480,0.0,21.7,1.76,57.48,2.93
2020-05-24,Puerto Rico,Bayamon,0.59,1,0,0.0,201,0,0.0,117.9,0.0,0.12,170480,0.0,19.94,-4.1,54.55,0.59
2020-05-23,Puerto Rico,Bayamon,3.52,6,0,0.0,200,0,0.0,117.32,0.0,0.12,170480,0.0,24.04,1.17,53.96,3.52
2020-05-22,Puerto Rico,Bayamon,8.21,14,0,0.0,194,0,0.0,113.8,0.0,0.11,170480,0.0,22.87,-1.76,50.44,8.21
2020-05-21,Puerto Rico,Bayamon,1.76,3,0,0.0,180,0,0.0,105.58,0.0,0.11,170480,0.0,24.63,-5.28,42.23,1.76
2020-05-20,Puerto Rico,Bayamon,1.76,3,0,0.0,177,0,0.0,103.82,0.0,0.1,170480,0.0,29.91,1.17,40.47,1.76
2020-05-19,Puerto Rico,Bayamon,2.93,5,0,0.0,174,0,0.0,102.06,0.0,0.1,170480,0.0,28.74,1.76,38.71,2.93
2020-05-18,Puerto Rico,Bayamon,1.17,2,0,0.0,169,0,0.0,99.13,0.0,0.1,170480,0.0,26.98,-0.59,35.78,1.17
2020-05-17,Puerto Rico,Bayamon,4.69,8,0,0.0,167,0,0.0,97.96,0.0,0.1,170480,0.0,27.57,3.52,34.61,4.69
2020-05-16,Puerto Rico,Bayamon,2.35,4,0,0.0,159,0,0.0,93.27,0.0,0.09,170480,0.0,24.05,2.35,29.92,2.35
2020-05-15,Puerto Rico,Bayamon,9.97,17,0,0.0,155,0,0.0,90.92,0.0,0.09,170480,0.0,21.7,5.86,27.57,9.97
2020-05-14,Puerto Rico,Bayamon,7.04,12,0,0.0,138,0,0.0,80.95,0.0,0.08,170480,0.0,15.84,5.87,17.6,7.04
2020-05-13,Puerto Rico,Bayamon,0.59,1,0,0.0,126,0,0.0,73.91,0.0,0.07,170480,0.0,9.97,0.0,10.56,0.59
2020-05-12,Puerto Rico,Bayamon,1.17,2,0,0.0,125,0,0.0,73.32,0.0,0.07,170480,0.0,9.97,1.17,9.97,1.17
2020-05-11,Puerto Rico,Bayamon,1.76,3,0,0.0,123,0,0.0,72.15,0.0,0.07,170480,0.0,8.8,1.76,8.8,1.76
2020-05-10,Puerto Rico,Bayamon,1.17,2,0,0.0,120,0,0.0,70.39,0.0,0.07,170480,0.0,7.04,1.17,7.04,1.17
2020-05-09,Puerto Rico,Bayamon,0.0,0,0,0.0,118,0,0.0,69.22,0.0,0.07,170480,0.0,5.87,0.0,5.87,0.0
2020-05-08,Puerto Rico,Bayamon,4.11,7,0,0.0,118,0,0.0,69.22,0.0,0.07,170480,0.0,5.87,4.11,5.87,4.11
2020-05-07,Puerto Rico,Bayamon,1.17,2,0,0.0,111,0,0.0,65.11,0.0,0.07,170480,0.0,1.76,1.17,1.76,1.17
2020-05-06,Puerto Rico,Bayamon,0.59,1,0,0.0,109,0,0.0,63.94,0.0,0.06,170480,0.0,0.59,0.59,0.59,0.59
2020-05-05,Puerto Rico,Bayamon,0.0,0,0,0.0,108,0,0.0,63.35,0.0,0.06,170480,0.0,0.0,0.0,0.0,0.0
