date,state,county,1day_cases_100k,new_cases,new_deaths,new_deaths_100k,total_cases,total_deaths,cfr%,total_cases_100k,total_deaths_100k,%infected,population,pop_density,7day_cases_100k,7day_cases_change,28day_cases_100k,28day_cases_change
2020-08-29,Puerto Rico,Canovanas,18.06,8,0,0.0,503,0,0.0,1135.54,0.0,1.14,44296,0.0,76.77,-6.77,462.82,-18.06
2020-08-28,Puerto Rico,Canovanas,13.55,6,0,0.0,495,0,0.0,1117.48,0.0,1.12,44296,0.0,83.54,-9.03,480.88,9.03
2020-08-27,Puerto Rico,Canovanas,13.55,6,0,0.0,489,0,0.0,1103.94,0.0,1.1,44296,0.0,92.57,6.78,471.85,-11.28
2020-08-26,Puerto Rico,Canovanas,4.52,2,0,0.0,483,0,0.0,1090.39,0.0,1.09,44296,0.0,85.79,-11.28,483.13,4.52
2020-08-25,Puerto Rico,Canovanas,2.26,1,0,0.0,481,0,0.0,1085.88,0.0,1.09,44296,0.0,97.07,-11.29,478.61,-11.29
2020-08-24,Puerto Rico,Canovanas,24.83,11,0,0.0,480,0,0.0,1083.62,0.0,1.08,44296,0.0,108.36,9.03,489.9,13.54
2020-08-23,Puerto Rico,Canovanas,0.0,0,0,0.0,469,0,0.0,1058.79,0.0,1.06,44296,0.0,99.33,-4.52,476.36,-24.83
2020-08-22,Puerto Rico,Canovanas,24.83,11,0,0.0,469,0,0.0,1058.79,0.0,1.06,44296,0.0,103.85,11.28,501.19,13.54
2020-08-21,Puerto Rico,Canovanas,22.58,10,0,0.0,458,0,0.0,1033.95,0.0,1.03,44296,0.0,92.57,18.06,487.65,9.03
2020-08-20,Puerto Rico,Canovanas,6.77,3,0,0.0,448,0,0.0,1011.38,0.0,1.01,44296,0.0,74.51,0.0,478.62,-11.29
2020-08-19,Puerto Rico,Canovanas,15.8,7,0,0.0,445,0,0.0,1004.61,0.0,1.0,44296,0.0,74.51,-2.26,489.91,9.03
2020-08-18,Puerto Rico,Canovanas,13.55,6,0,0.0,438,0,0.0,988.8,0.0,0.99,44296,0.0,76.77,-22.57,480.88,0.0
2020-08-17,Puerto Rico,Canovanas,15.8,7,0,0.0,432,0,0.0,975.26,0.0,0.98,44296,0.0,99.34,-18.06,480.88,2.25
2020-08-16,Puerto Rico,Canovanas,4.52,2,0,0.0,425,0,0.0,959.45,0.0,0.96,44296,0.0,117.4,-27.09,478.63,-13.54
2020-08-15,Puerto Rico,Canovanas,13.55,6,0,0.0,423,0,0.0,954.94,0.0,0.95,44296,0.0,144.49,-2.25,492.17,0.0
2020-08-14,Puerto Rico,Canovanas,4.52,2,0,0.0,417,0,0.0,941.39,0.0,0.94,44296,0.0,146.74,-24.83,492.17,-13.54
2020-08-13,Puerto Rico,Canovanas,6.77,3,0,0.0,415,0,0.0,936.88,0.0,0.94,44296,0.0,171.57,-11.29,505.71,0.0
2020-08-12,Puerto Rico,Canovanas,18.06,8,0,0.0,412,0,0.0,930.11,0.0,0.93,44296,0.0,182.86,0.0,505.71,11.29
2020-08-11,Puerto Rico,Canovanas,36.12,16,0,0.0,404,0,0.0,912.05,0.0,0.91,44296,0.0,182.86,18.06,494.42,33.86
2020-08-10,Puerto Rico,Canovanas,33.86,15,0,0.0,388,0,0.0,875.93,0.0,0.88,44296,0.0,164.8,4.51,460.56,20.31
2020-08-09,Puerto Rico,Canovanas,31.61,14,0,0.0,373,0,0.0,842.06,0.0,0.84,44296,0.0,160.29,22.58,440.25,18.06
2020-08-08,Puerto Rico,Canovanas,15.8,7,0,0.0,359,0,0.0,810.46,0.0,0.81,44296,0.0,137.71,-20.32,422.19,9.03
2020-08-07,Puerto Rico,Canovanas,29.35,13,0,0.0,352,0,0.0,794.65,0.0,0.79,44296,0.0,158.03,24.83,413.16,15.8
2020-08-06,Puerto Rico,Canovanas,18.06,8,0,0.0,339,0,0.0,765.31,0.0,0.77,44296,0.0,133.2,-6.77,397.36,11.29
2020-08-05,Puerto Rico,Canovanas,18.06,8,0,0.0,331,0,0.0,747.25,0.0,0.75,44296,0.0,139.97,18.06,386.07,11.29
2020-08-04,Puerto Rico,Canovanas,18.06,8,0,0.0,323,0,0.0,729.19,0.0,0.73,44296,0.0,121.91,4.51,374.78,11.29
2020-08-03,Puerto Rico,Canovanas,29.35,13,0,0.0,315,0,0.0,711.13,0.0,0.71,44296,0.0,117.4,18.06,363.49,18.06
2020-08-02,Puerto Rico,Canovanas,9.03,4,0,0.0,302,0,0.0,681.78,0.0,0.68,44296,0.0,99.34,-15.8,345.43,6.77
2020-08-01,Puerto Rico,Canovanas,36.12,16,0,0.0,298,0,0.0,672.75,0.0,0.67,44296,0.0,115.14,24.83,338.66,33.86
2020-07-31,Puerto Rico,Canovanas,4.52,2,0,0.0,282,0,0.0,636.63,0.0,0.64,44296,0.0,90.31,-9.03,304.8,-2.25
2020-07-30,Puerto Rico,Canovanas,24.83,11,0,0.0,280,0,0.0,632.11,0.0,0.63,44296,0.0,99.34,6.77,307.05,24.83
2020-07-29,Puerto Rico,Canovanas,0.0,0,0,0.0,269,0,0.0,607.28,0.0,0.61,44296,0.0,92.57,-6.77,282.22,0.0
2020-07-28,Puerto Rico,Canovanas,13.55,6,0,0.0,269,0,0.0,607.28,0.0,0.61,44296,0.0,99.34,0.0,282.22,0.0
2020-07-27,Puerto Rico,Canovanas,11.29,5,0,0.0,263,0,0.0,593.73,0.0,0.59,44296,0.0,99.34,-2.26,282.22,6.77
2020-07-26,Puerto Rico,Canovanas,24.83,11,0,0.0,258,0,0.0,582.45,0.0,0.58,44296,0.0,101.6,6.77,275.45,13.54
2020-07-25,Puerto Rico,Canovanas,11.29,5,0,0.0,247,0,0.0,557.61,0.0,0.56,44296,0.0,94.83,-2.26,261.91,11.29
2020-07-24,Puerto Rico,Canovanas,13.55,6,0,0.0,242,0,0.0,546.32,0.0,0.55,44296,0.0,97.09,-4.51,250.62,13.55
2020-07-23,Puerto Rico,Canovanas,18.06,8,0,0.0,236,0,0.0,532.78,0.0,0.53,44296,0.0,101.6,11.29,237.07,-40.64
2020-07-22,Puerto Rico,Canovanas,6.77,3,0,0.0,228,0,0.0,514.72,0.0,0.51,44296,0.0,90.31,0.0,277.71,6.77
2020-07-21,Puerto Rico,Canovanas,13.55,6,0,0.0,225,0,0.0,507.95,0.0,0.51,44296,0.0,90.31,11.29,270.94,13.55
2020-07-20,Puerto Rico,Canovanas,13.55,6,0,0.0,219,0,0.0,494.4,0.0,0.49,44296,0.0,79.02,0.0,257.39,13.55
2020-07-19,Puerto Rico,Canovanas,18.06,8,0,0.0,213,0,0.0,480.86,0.0,0.48,44296,0.0,79.02,4.51,243.84,18.06
2020-07-18,Puerto Rico,Canovanas,13.55,6,0,0.0,205,0,0.0,462.8,0.0,0.46,44296,0.0,74.51,6.78,225.78,13.55
2020-07-17,Puerto Rico,Canovanas,18.06,8,0,0.0,199,0,0.0,449.25,0.0,0.45,44296,0.0,67.73,4.51,212.23,18.06
2020-07-16,Puerto Rico,Canovanas,6.77,3,0,0.0,191,0,0.0,431.19,0.0,0.43,44296,0.0,63.22,0.0,194.17,6.77
2020-07-15,Puerto Rico,Canovanas,6.77,3,0,0.0,188,0,0.0,424.42,0.0,0.42,44296,0.0,63.22,0.0,187.4,6.77
2020-07-14,Puerto Rico,Canovanas,2.26,1,0,0.0,185,0,0.0,417.64,0.0,0.42,44296,0.0,63.22,-4.51,180.63,2.26
2020-07-13,Puerto Rico,Canovanas,13.55,6,0,0.0,184,0,0.0,415.39,0.0,0.42,44296,0.0,67.73,2.26,178.37,13.55
2020-07-12,Puerto Rico,Canovanas,13.55,6,0,0.0,178,0,0.0,401.84,0.0,0.4,44296,0.0,65.47,11.29,164.82,13.55
2020-07-11,Puerto Rico,Canovanas,6.77,3,0,0.0,172,0,0.0,388.3,0.0,0.39,44296,0.0,54.18,4.51,151.27,6.77
2020-07-10,Puerto Rico,Canovanas,13.55,6,0,0.0,169,0,0.0,381.52,0.0,0.38,44296,0.0,49.67,6.78,144.5,13.55
2020-07-09,Puerto Rico,Canovanas,6.77,3,0,0.0,163,0,0.0,367.98,0.0,0.37,44296,0.0,42.89,6.77,130.95,6.77
2020-07-08,Puerto Rico,Canovanas,6.77,3,0,0.0,160,0,0.0,361.21,0.0,0.36,44296,0.0,36.12,6.77,124.18,-6.78
2020-07-07,Puerto Rico,Canovanas,6.77,3,0,0.0,157,0,0.0,354.43,0.0,0.35,44296,0.0,29.35,-6.78,130.96,2.25
2020-07-06,Puerto Rico,Canovanas,11.29,5,0,0.0,154,0,0.0,347.66,0.0,0.35,44296,0.0,36.13,6.77,128.71,11.29
2020-07-05,Puerto Rico,Canovanas,2.26,1,0,0.0,149,0,0.0,336.37,0.0,0.34,44296,0.0,29.36,-9.03,117.42,-2.26
2020-07-04,Puerto Rico,Canovanas,2.26,1,0,0.0,148,0,0.0,334.12,0.0,0.33,44296,0.0,38.39,2.26,119.68,-13.54
2020-07-03,Puerto Rico,Canovanas,6.77,3,0,0.0,147,0,0.0,331.86,0.0,0.33,44296,0.0,36.13,6.77,133.22,6.77
2020-07-02,Puerto Rico,Canovanas,0.0,0,0,0.0,144,0,0.0,325.09,0.0,0.33,44296,0.0,29.36,-58.7,126.45,-29.35
2020-07-01,Puerto Rico,Canovanas,0.0,0,0,0.0,144,0,0.0,325.09,0.0,0.33,44296,0.0,88.06,0.0,155.8,-2.26
2020-06-30,Puerto Rico,Canovanas,13.55,6,0,0.0,144,0,0.0,325.09,0.0,0.33,44296,0.0,88.06,13.55,158.06,9.03
2020-06-29,Puerto Rico,Canovanas,4.52,2,0,0.0,138,0,0.0,311.54,0.0,0.31,44296,0.0,74.51,4.52,149.03,4.52
2020-06-28,Puerto Rico,Canovanas,11.29,5,0,0.0,136,0,0.0,307.03,0.0,0.31,44296,0.0,69.99,11.29,144.51,4.52
2020-06-27,Puerto Rico,Canovanas,0.0,0,0,0.0,131,0,0.0,295.74,0.0,0.3,44296,0.0,58.7,0.0,139.99,-4.52
2020-06-26,Puerto Rico,Canovanas,0.0,0,0,0.0,131,0,0.0,295.74,0.0,0.3,44296,0.0,58.7,0.0,144.51,-9.03
2020-06-25,Puerto Rico,Canovanas,58.7,26,0,0.0,131,0,0.0,295.74,0.0,0.3,44296,0.0,58.7,58.7,153.54,58.7
2020-06-24,Puerto Rico,Canovanas,0.0,0,0,0.0,105,0,0.0,237.04,0.0,0.24,44296,0.0,-0.0,0.0,94.84,0.0
2020-06-23,Puerto Rico,Canovanas,0.0,0,0,0.0,105,0,0.0,237.04,0.0,0.24,44296,0.0,-0.0,0.0,94.84,-2.26
2020-06-22,Puerto Rico,Canovanas,0.0,0,0,0.0,105,0,0.0,237.04,0.0,0.24,44296,0.0,-0.0,0.0,97.1,-11.29
2020-06-21,Puerto Rico,Canovanas,0.0,0,0,0.0,105,0,0.0,237.04,0.0,0.24,44296,0.0,-0.0,0.0,108.39,-2.26
2020-06-20,Puerto Rico,Canovanas,0.0,0,0,0.0,105,0,0.0,237.04,0.0,0.24,44296,0.0,-0.0,0.0,110.65,-4.52
2020-06-19,Puerto Rico,Canovanas,0.0,0,0,0.0,105,0,0.0,237.04,0.0,0.24,44296,0.0,-0.0,0.0,115.17,-4.52
2020-06-18,Puerto Rico,Canovanas,0.0,0,0,0.0,105,0,0.0,237.04,0.0,0.24,44296,0.0,-0.0,0.0,119.69,0.0
2020-06-17,Puerto Rico,Canovanas,0.0,0,0,0.0,105,0,0.0,237.04,0.0,0.24,44296,0.0,-0.0,-13.55,119.69,-2.26
2020-06-16,Puerto Rico,Canovanas,0.0,0,0,0.0,105,0,0.0,237.04,0.0,0.24,44296,0.0,13.55,-4.52,121.95,-9.03
2020-06-15,Puerto Rico,Canovanas,0.0,0,0,0.0,105,0,0.0,237.04,0.0,0.24,44296,0.0,18.07,0.0,130.98,-4.52
2020-06-14,Puerto Rico,Canovanas,0.0,0,0,0.0,105,0,0.0,237.04,0.0,0.24,44296,0.0,18.07,-4.52,135.5,2.26
2020-06-13,Puerto Rico,Canovanas,0.0,0,0,0.0,105,0,0.0,237.04,0.0,0.24,44296,0.0,22.59,-15.8,133.24,-2.26
2020-06-12,Puerto Rico,Canovanas,0.0,0,0,0.0,105,0,0.0,237.04,0.0,0.24,44296,0.0,38.39,0.0,135.5,-15.8
2020-06-11,Puerto Rico,Canovanas,0.0,0,0,0.0,105,0,0.0,237.04,0.0,0.24,44296,0.0,38.39,-29.35,151.3,0.0
2020-06-10,Puerto Rico,Canovanas,13.55,6,0,0.0,105,0,0.0,237.04,0.0,0.24,44296,0.0,67.74,11.29,151.3,6.78
2020-06-09,Puerto Rico,Canovanas,4.52,2,0,0.0,99,0,0.0,223.5,0.0,0.22,44296,0.0,56.45,0.0,144.52,4.52
2020-06-08,Puerto Rico,Canovanas,0.0,0,0,0.0,97,0,0.0,218.98,0.0,0.22,44296,0.0,56.45,0.0,140.0,0.0
2020-06-07,Puerto Rico,Canovanas,4.52,2,0,0.0,97,0,0.0,218.98,0.0,0.22,44296,0.0,56.45,-2.25,140.0,2.26
2020-06-06,Puerto Rico,Canovanas,15.8,7,0,0.0,95,0,0.0,214.47,0.0,0.21,44296,0.0,58.7,11.28,137.74,13.54
2020-06-05,Puerto Rico,Canovanas,0.0,0,0,0.0,88,0,0.0,198.66,0.0,0.2,44296,0.0,47.42,-9.03,124.2,0.0
2020-06-04,Puerto Rico,Canovanas,29.35,13,0,0.0,88,0,0.0,198.66,0.0,0.2,44296,0.0,56.45,29.35,124.2,27.09
2020-06-03,Puerto Rico,Canovanas,2.26,1,0,0.0,75,0,0.0,169.32,0.0,0.17,44296,0.0,27.1,2.26,97.11,2.26
2020-06-02,Puerto Rico,Canovanas,4.52,2,0,0.0,74,0,0.0,167.06,0.0,0.17,44296,0.0,24.84,2.26,94.85,4.52
2020-06-01,Puerto Rico,Canovanas,0.0,0,0,0.0,72,0,0.0,162.54,0.0,0.16,44296,0.0,22.58,-11.29,90.33,0.0
2020-05-31,Puerto Rico,Canovanas,6.77,3,0,0.0,72,0,0.0,162.54,0.0,0.16,44296,0.0,33.87,4.51,90.33,6.77
2020-05-30,Puerto Rico,Canovanas,4.52,2,0,0.0,69,0,0.0,155.77,0.0,0.16,44296,0.0,29.36,0.0,83.56,4.52
2020-05-29,Puerto Rico,Canovanas,9.03,4,0,0.0,67,0,0.0,151.26,0.0,0.15,44296,0.0,29.36,4.51,79.04,9.03
2020-05-28,Puerto Rico,Canovanas,0.0,0,0,0.0,63,0,0.0,142.23,0.0,0.14,44296,0.0,24.85,0.0,70.01,0.0
2020-05-27,Puerto Rico,Canovanas,0.0,0,0,0.0,63,0,0.0,142.23,0.0,0.14,44296,0.0,24.85,-2.26,70.01,0.0
2020-05-26,Puerto Rico,Canovanas,2.26,1,0,0.0,63,0,0.0,142.23,0.0,0.14,44296,0.0,27.11,-6.77,70.01,2.26
2020-05-25,Puerto Rico,Canovanas,11.29,5,0,0.0,62,0,0.0,139.97,0.0,0.14,44296,0.0,33.88,6.77,67.75,11.29
2020-05-24,Puerto Rico,Canovanas,2.26,1,0,0.0,57,0,0.0,128.68,0.0,0.13,44296,0.0,27.11,4.52,56.46,2.26
2020-05-23,Puerto Rico,Canovanas,4.52,2,0,0.0,56,0,0.0,126.42,0.0,0.13,44296,0.0,22.59,2.26,54.2,4.52
2020-05-22,Puerto Rico,Canovanas,4.52,2,0,0.0,54,0,0.0,121.91,0.0,0.12,44296,0.0,20.33,-11.28,49.68,4.52
2020-05-21,Puerto Rico,Canovanas,0.0,0,0,0.0,52,0,0.0,117.39,0.0,0.12,44296,0.0,31.61,0.0,45.16,0.0
2020-05-20,Puerto Rico,Canovanas,2.26,1,0,0.0,52,0,0.0,117.39,0.0,0.12,44296,0.0,31.61,-4.51,45.16,2.26
2020-05-19,Puerto Rico,Canovanas,9.03,4,0,0.0,51,0,0.0,115.13,0.0,0.12,44296,0.0,36.12,9.03,42.9,9.03
2020-05-18,Puerto Rico,Canovanas,4.52,2,0,0.0,47,0,0.0,106.1,0.0,0.11,44296,0.0,27.09,4.52,33.87,4.52
2020-05-17,Puerto Rico,Canovanas,-2.26,-1,0,0.0,45,0,0.0,101.59,0.0,0.1,44296,0.0,22.57,-4.52,29.35,-2.26
2020-05-16,Puerto Rico,Canovanas,2.26,1,0,0.0,46,0,0.0,103.85,0.0,0.1,44296,0.0,27.09,0.0,31.61,2.26
2020-05-15,Puerto Rico,Canovanas,15.8,7,0,0.0,45,0,0.0,101.59,0.0,0.1,44296,0.0,27.09,15.8,29.35,15.8
2020-05-14,Puerto Rico,Canovanas,0.0,0,0,0.0,38,0,0.0,85.79,0.0,0.09,44296,0.0,11.29,-2.26,13.55,0.0
2020-05-13,Puerto Rico,Canovanas,6.77,3,0,0.0,38,0,0.0,85.79,0.0,0.09,44296,0.0,13.55,6.77,13.55,6.77
2020-05-12,Puerto Rico,Canovanas,0.0,0,0,0.0,35,0,0.0,79.01,0.0,0.08,44296,0.0,6.78,0.0,6.78,0.0
2020-05-11,Puerto Rico,Canovanas,0.0,0,0,0.0,35,0,0.0,79.01,0.0,0.08,44296,0.0,6.78,0.0,6.78,0.0
2020-05-10,Puerto Rico,Canovanas,2.26,1,0,0.0,35,0,0.0,79.01,0.0,0.08,44296,0.0,6.78,2.26,6.78,2.26
2020-05-09,Puerto Rico,Canovanas,2.26,1,0,0.0,34,0,0.0,76.76,0.0,0.08,44296,0.0,4.52,2.26,4.52,2.26
2020-05-08,Puerto Rico,Canovanas,0.0,0,0,0.0,33,0,0.0,74.5,0.0,0.07,44296,0.0,2.26,0.0,2.26,0.0
2020-05-07,Puerto Rico,Canovanas,2.26,1,0,0.0,33,0,0.0,74.5,0.0,0.07,44296,0.0,2.26,2.26,2.26,2.26
2020-05-06,Puerto Rico,Canovanas,0.0,0,0,0.0,32,0,0.0,72.24,0.0,0.07,44296,0.0,0.0,0.0,0.0,0.0
2020-05-05,Puerto Rico,Canovanas,0.0,0,0,0.0,32,0,0.0,72.24,0.0,0.07,44296,0.0,0.0,0.0,0.0,0.0
