date,state,county,1day_cases_100k,new_cases,new_deaths,new_deaths_100k,total_cases,total_deaths,cfr%,total_cases_100k,total_deaths_100k,%infected,population,pop_density,7day_cases_100k,7day_cases_change,28day_cases_100k,28day_cases_change
2020-09-02,Puerto Rico,Guayama,2.53,1,0,0.0,233,0,0.0,589.56,0.0,0.59,39521,0.0,53.13,2.53,232.76,0.0
2020-09-01,Puerto Rico,Guayama,2.53,1,0,0.0,232,0,0.0,587.03,0.0,0.59,39521,0.0,50.6,2.53,232.76,2.53
2020-08-31,Puerto Rico,Guayama,2.53,1,0,0.0,231,0,0.0,584.5,0.0,0.58,39521,0.0,48.07,-5.06,230.23,-15.18
2020-08-30,Puerto Rico,Guayama,2.53,1,0,0.0,230,0,0.0,581.97,0.0,0.58,39521,0.0,53.13,0.0,245.41,0.0
2020-08-29,Puerto Rico,Guayama,27.83,11,0,0.0,229,0,0.0,579.44,0.0,0.58,39521,0.0,53.13,15.18,245.41,17.71
2020-08-28,Puerto Rico,Guayama,10.12,4,0,0.0,218,0,0.0,551.61,0.0,0.55,39521,0.0,37.95,-7.59,227.7,7.59
2020-08-27,Puerto Rico,Guayama,5.06,2,0,0.0,214,0,0.0,541.48,0.0,0.54,39521,0.0,45.54,5.06,220.11,-7.59
2020-08-26,Puerto Rico,Guayama,0.0,0,0,0.0,212,0,0.0,536.42,0.0,0.54,39521,0.0,40.48,-5.06,227.7,-7.59
2020-08-25,Puerto Rico,Guayama,0.0,0,0,0.0,212,0,0.0,536.42,0.0,0.54,39521,0.0,45.54,-7.59,235.29,-2.53
2020-08-24,Puerto Rico,Guayama,7.59,3,0,0.0,212,0,0.0,536.42,0.0,0.54,39521,0.0,53.13,2.53,237.82,7.59
2020-08-23,Puerto Rico,Guayama,2.53,1,0,0.0,209,0,0.0,528.83,0.0,0.53,39521,0.0,50.6,-7.59,230.23,-7.59
2020-08-22,Puerto Rico,Guayama,12.65,5,0,0.0,208,0,0.0,526.3,0.0,0.53,39521,0.0,58.19,-2.53,237.82,2.53
2020-08-21,Puerto Rico,Guayama,17.71,7,0,0.0,203,0,0.0,513.65,0.0,0.51,39521,0.0,60.72,-5.06,235.29,5.06
2020-08-20,Puerto Rico,Guayama,0.0,0,0,0.0,196,0,0.0,495.94,0.0,0.5,39521,0.0,65.78,-5.06,230.23,-2.53
2020-08-19,Puerto Rico,Guayama,5.06,2,0,0.0,196,0,0.0,495.94,0.0,0.5,39521,0.0,70.84,-5.06,232.76,2.53
2020-08-18,Puerto Rico,Guayama,7.59,3,0,0.0,194,0,0.0,490.88,0.0,0.49,39521,0.0,75.9,2.53,230.23,2.53
2020-08-17,Puerto Rico,Guayama,5.06,2,0,0.0,191,0,0.0,483.29,0.0,0.48,39521,0.0,73.37,-5.06,227.7,-2.53
2020-08-16,Puerto Rico,Guayama,10.12,4,0,0.0,189,0,0.0,478.23,0.0,0.48,39521,0.0,78.43,0.0,230.23,2.53
2020-08-15,Puerto Rico,Guayama,15.18,6,0,0.0,185,0,0.0,468.11,0.0,0.47,39521,0.0,78.43,2.53,227.7,7.59
2020-08-14,Puerto Rico,Guayama,22.77,9,0,0.0,179,0,0.0,452.92,0.0,0.45,39521,0.0,75.9,7.59,220.11,5.06
2020-08-13,Puerto Rico,Guayama,5.06,2,0,0.0,170,0,0.0,430.15,0.0,0.43,39521,0.0,68.31,0.0,215.05,2.53
2020-08-12,Puerto Rico,Guayama,10.12,4,0,0.0,168,0,0.0,425.09,0.0,0.43,39521,0.0,68.31,7.59,212.52,10.12
2020-08-11,Puerto Rico,Guayama,5.06,2,0,0.0,164,0,0.0,414.97,0.0,0.41,39521,0.0,60.72,5.06,202.4,5.06
2020-08-10,Puerto Rico,Guayama,10.12,4,0,0.0,162,0,0.0,409.91,0.0,0.41,39521,0.0,55.66,-7.59,197.34,10.12
2020-08-09,Puerto Rico,Guayama,10.12,4,0,0.0,158,0,0.0,399.79,0.0,0.4,39521,0.0,63.25,7.59,187.22,7.59
2020-08-08,Puerto Rico,Guayama,12.65,5,0,0.0,154,0,0.0,389.67,0.0,0.39,39521,0.0,55.66,2.53,179.63,5.06
2020-08-07,Puerto Rico,Guayama,15.18,6,0,0.0,149,0,0.0,377.01,0.0,0.38,39521,0.0,53.13,12.65,174.57,5.06
2020-08-06,Puerto Rico,Guayama,5.06,2,0,0.0,143,0,0.0,361.83,0.0,0.36,39521,0.0,40.48,-7.59,169.51,2.53
2020-08-05,Puerto Rico,Guayama,2.53,1,0,0.0,141,0,0.0,356.77,0.0,0.36,39521,0.0,48.07,-5.06,166.98,2.53
2020-08-04,Puerto Rico,Guayama,0.0,0,0,0.0,140,0,0.0,354.24,0.0,0.35,39521,0.0,53.13,-2.53,164.45,0.0
2020-08-03,Puerto Rico,Guayama,17.71,7,0,0.0,140,0,0.0,354.24,0.0,0.35,39521,0.0,55.66,17.71,164.45,10.12
2020-08-02,Puerto Rico,Guayama,2.53,1,0,0.0,133,0,0.0,336.53,0.0,0.34,39521,0.0,37.95,-7.59,154.33,0.0
2020-08-01,Puerto Rico,Guayama,10.12,4,0,0.0,132,0,0.0,334.0,0.0,0.33,39521,0.0,45.54,0.0,154.33,10.12
2020-07-31,Puerto Rico,Guayama,2.53,1,0,0.0,128,0,0.0,323.88,0.0,0.32,39521,0.0,45.54,-10.12,144.21,2.53
2020-07-30,Puerto Rico,Guayama,12.65,5,0,0.0,127,0,0.0,321.35,0.0,0.32,39521,0.0,55.66,10.12,141.68,10.12
2020-07-29,Puerto Rico,Guayama,7.59,3,0,0.0,122,0,0.0,308.7,0.0,0.31,39521,0.0,45.54,5.06,131.56,5.06
2020-07-28,Puerto Rico,Guayama,2.53,1,0,0.0,119,0,0.0,301.11,0.0,0.3,39521,0.0,40.48,-2.53,126.5,2.53
2020-07-27,Puerto Rico,Guayama,0.0,0,0,0.0,118,0,0.0,298.58,0.0,0.3,39521,0.0,43.01,-7.59,123.97,-5.06
2020-07-26,Puerto Rico,Guayama,10.12,4,0,0.0,118,0,0.0,298.58,0.0,0.3,39521,0.0,50.6,2.53,129.03,10.12
2020-07-25,Puerto Rico,Guayama,10.12,4,0,0.0,114,0,0.0,288.45,0.0,0.29,39521,0.0,48.07,2.53,118.91,10.12
2020-07-24,Puerto Rico,Guayama,12.65,5,0,0.0,110,0,0.0,278.33,0.0,0.28,39521,0.0,45.54,-5.06,108.79,12.65
2020-07-23,Puerto Rico,Guayama,2.53,1,0,0.0,105,0,0.0,265.68,0.0,0.27,39521,0.0,50.6,0.0,96.14,0.0
2020-07-22,Puerto Rico,Guayama,2.53,1,0,0.0,104,0,0.0,263.15,0.0,0.26,39521,0.0,50.6,2.53,96.14,-5.06
2020-07-21,Puerto Rico,Guayama,5.06,2,0,0.0,103,0,0.0,260.62,0.0,0.26,39521,0.0,48.07,5.06,101.2,5.06
2020-07-20,Puerto Rico,Guayama,7.59,3,0,0.0,101,0,0.0,255.56,0.0,0.26,39521,0.0,43.01,7.59,96.14,7.59
2020-07-19,Puerto Rico,Guayama,7.59,3,0,0.0,98,0,0.0,247.97,0.0,0.25,39521,0.0,35.42,5.06,88.55,2.53
2020-07-18,Puerto Rico,Guayama,7.59,3,0,0.0,95,0,0.0,240.38,0.0,0.24,39521,0.0,30.36,0.0,86.02,5.06
2020-07-17,Puerto Rico,Guayama,17.71,7,0,0.0,92,0,0.0,232.79,0.0,0.23,39521,0.0,30.36,7.59,80.96,17.71
2020-07-16,Puerto Rico,Guayama,2.53,1,0,0.0,85,0,0.0,215.08,0.0,0.22,39521,0.0,22.77,0.0,63.25,0.0
2020-07-15,Puerto Rico,Guayama,0.0,0,0,0.0,84,0,0.0,212.55,0.0,0.21,39521,0.0,22.77,0.0,63.25,-2.53
2020-07-14,Puerto Rico,Guayama,0.0,0,0,0.0,84,0,0.0,212.55,0.0,0.21,39521,0.0,22.77,0.0,65.78,0.0
2020-07-13,Puerto Rico,Guayama,0.0,0,0,0.0,84,0,0.0,212.55,0.0,0.21,39521,0.0,22.77,-7.59,65.78,0.0
2020-07-12,Puerto Rico,Guayama,2.53,1,0,0.0,84,0,0.0,212.55,0.0,0.21,39521,0.0,30.36,0.0,65.78,-2.53
2020-07-11,Puerto Rico,Guayama,7.59,3,0,0.0,83,0,0.0,210.01,0.0,0.21,39521,0.0,30.36,7.59,68.31,5.06
2020-07-10,Puerto Rico,Guayama,10.12,4,0,0.0,80,0,0.0,202.42,0.0,0.2,39521,0.0,22.77,10.12,63.25,7.59
2020-07-09,Puerto Rico,Guayama,2.53,1,0,0.0,76,0,0.0,192.3,0.0,0.19,39521,0.0,12.65,0.0,55.66,0.0
2020-07-08,Puerto Rico,Guayama,0.0,0,0,0.0,75,0,0.0,189.77,0.0,0.19,39521,0.0,12.65,-2.53,55.66,-2.53
2020-07-07,Puerto Rico,Guayama,0.0,0,0,0.0,75,0,0.0,189.77,0.0,0.19,39521,0.0,15.18,0.0,58.19,-2.53
2020-07-06,Puerto Rico,Guayama,7.59,3,0,0.0,75,0,0.0,189.77,0.0,0.19,39521,0.0,15.18,2.53,60.72,7.59
2020-07-05,Puerto Rico,Guayama,2.53,1,0,0.0,72,0,0.0,182.18,0.0,0.18,39521,0.0,12.65,2.53,53.13,2.53
2020-07-04,Puerto Rico,Guayama,0.0,0,0,0.0,71,0,0.0,179.65,0.0,0.18,39521,0.0,10.12,0.0,50.6,-2.53
2020-07-03,Puerto Rico,Guayama,0.0,0,0,0.0,71,0,0.0,179.65,0.0,0.18,39521,0.0,10.12,0.0,53.13,-2.53
2020-07-02,Puerto Rico,Guayama,2.53,1,0,0.0,71,0,0.0,179.65,0.0,0.18,39521,0.0,10.12,0.0,55.66,-17.71
2020-07-01,Puerto Rico,Guayama,2.53,1,0,0.0,70,0,0.0,177.12,0.0,0.18,39521,0.0,10.12,-5.06,73.37,0.0
2020-06-30,Puerto Rico,Guayama,0.0,0,0,0.0,69,0,0.0,174.59,0.0,0.17,39521,0.0,15.18,0.0,73.37,0.0
2020-06-29,Puerto Rico,Guayama,5.06,2,0,0.0,69,0,0.0,174.59,0.0,0.17,39521,0.0,15.18,5.06,73.37,5.06
2020-06-28,Puerto Rico,Guayama,0.0,0,0,0.0,67,0,0.0,169.53,0.0,0.17,39521,0.0,10.12,-5.06,68.31,0.0
2020-06-27,Puerto Rico,Guayama,0.0,0,0,0.0,67,0,0.0,169.53,0.0,0.17,39521,0.0,15.18,-2.53,68.31,-2.53
2020-06-26,Puerto Rico,Guayama,0.0,0,0,0.0,67,0,0.0,169.53,0.0,0.17,39521,0.0,17.71,0.0,70.84,-5.06
2020-06-25,Puerto Rico,Guayama,2.53,1,0,0.0,67,0,0.0,169.53,0.0,0.17,39521,0.0,17.71,0.0,75.9,2.53
2020-06-24,Puerto Rico,Guayama,7.59,3,0,0.0,66,0,0.0,167.0,0.0,0.17,39521,0.0,17.71,5.06,73.37,7.59
2020-06-23,Puerto Rico,Guayama,0.0,0,0,0.0,63,0,0.0,159.41,0.0,0.16,39521,0.0,12.65,0.0,65.78,-2.53
2020-06-22,Puerto Rico,Guayama,0.0,0,0,0.0,63,0,0.0,159.41,0.0,0.16,39521,0.0,12.65,0.0,68.31,-2.53
2020-06-21,Puerto Rico,Guayama,5.06,2,0,0.0,63,0,0.0,159.41,0.0,0.16,39521,0.0,12.65,0.0,70.84,-7.59
2020-06-20,Puerto Rico,Guayama,2.53,1,0,0.0,61,0,0.0,154.35,0.0,0.15,39521,0.0,12.65,0.0,78.43,-10.12
2020-06-19,Puerto Rico,Guayama,0.0,0,0,0.0,60,0,0.0,151.82,0.0,0.15,39521,0.0,12.65,-2.53,88.55,0.0
2020-06-18,Puerto Rico,Guayama,2.53,1,0,0.0,60,0,0.0,151.82,0.0,0.15,39521,0.0,15.18,0.0,88.55,0.0
2020-06-17,Puerto Rico,Guayama,2.53,1,0,0.0,59,0,0.0,149.29,0.0,0.15,39521,0.0,15.18,0.0,88.55,2.53
2020-06-16,Puerto Rico,Guayama,0.0,0,0,0.0,58,0,0.0,146.76,0.0,0.15,39521,0.0,15.18,-2.53,86.02,-7.59
2020-06-15,Puerto Rico,Guayama,0.0,0,0,0.0,58,0,0.0,146.76,0.0,0.15,39521,0.0,17.71,0.0,93.61,-7.59
2020-06-14,Puerto Rico,Guayama,5.06,2,0,0.0,58,0,0.0,146.76,0.0,0.15,39521,0.0,17.71,5.06,101.2,5.06
2020-06-13,Puerto Rico,Guayama,2.53,1,0,0.0,56,0,0.0,141.7,0.0,0.14,39521,0.0,12.65,0.0,96.14,0.0
2020-06-12,Puerto Rico,Guayama,2.53,1,0,0.0,55,0,0.0,139.17,0.0,0.14,39521,0.0,12.65,0.0,96.14,2.53
2020-06-11,Puerto Rico,Guayama,2.53,1,0,0.0,54,0,0.0,136.64,0.0,0.14,39521,0.0,12.65,-17.71,93.61,2.53
2020-06-10,Puerto Rico,Guayama,2.53,1,0,0.0,53,0,0.0,134.11,0.0,0.13,39521,0.0,30.36,0.0,91.08,0.0
2020-06-09,Puerto Rico,Guayama,2.53,1,0,0.0,52,0,0.0,131.58,0.0,0.13,39521,0.0,30.36,2.53,91.08,0.0
2020-06-08,Puerto Rico,Guayama,0.0,0,0,0.0,51,0,0.0,129.05,0.0,0.13,39521,0.0,27.83,0.0,91.08,0.0
2020-06-07,Puerto Rico,Guayama,0.0,0,0,0.0,51,0,0.0,129.05,0.0,0.13,39521,0.0,27.83,0.0,91.08,-2.53
2020-06-06,Puerto Rico,Guayama,2.53,1,0,0.0,51,0,0.0,129.05,0.0,0.13,39521,0.0,27.83,0.0,93.61,2.53
2020-06-05,Puerto Rico,Guayama,2.53,1,0,0.0,50,0,0.0,126.52,0.0,0.13,39521,0.0,27.83,-2.53,91.08,0.0
2020-06-04,Puerto Rico,Guayama,20.24,8,0,0.0,49,0,0.0,123.98,0.0,0.12,39521,0.0,30.36,20.24,91.08,15.18
2020-06-03,Puerto Rico,Guayama,2.53,1,0,0.0,41,0,0.0,103.74,0.0,0.1,39521,0.0,10.12,2.53,75.9,0.0
2020-06-02,Puerto Rico,Guayama,0.0,0,0,0.0,40,0,0.0,101.21,0.0,0.1,39521,0.0,7.59,-2.53,75.9,0.0
2020-06-01,Puerto Rico,Guayama,0.0,0,0,0.0,40,0,0.0,101.21,0.0,0.1,39521,0.0,10.12,-2.53,75.9,0.0
2020-05-31,Puerto Rico,Guayama,0.0,0,0,0.0,40,0,0.0,101.21,0.0,0.1,39521,0.0,12.65,-12.65,75.9,0.0
2020-05-30,Puerto Rico,Guayama,2.53,1,0,0.0,40,0,0.0,101.21,0.0,0.1,39521,0.0,25.3,-10.12,75.9,2.53
2020-05-29,Puerto Rico,Guayama,5.06,2,0,0.0,39,0,0.0,98.68,0.0,0.1,39521,0.0,35.42,5.06,73.37,5.06
2020-05-28,Puerto Rico,Guayama,0.0,0,0,0.0,37,0,0.0,93.62,0.0,0.09,39521,0.0,30.36,-2.53,68.31,0.0
2020-05-27,Puerto Rico,Guayama,0.0,0,0,0.0,37,0,0.0,93.62,0.0,0.09,39521,0.0,32.89,0.0,68.31,0.0
2020-05-26,Puerto Rico,Guayama,2.53,1,0,0.0,37,0,0.0,93.62,0.0,0.09,39521,0.0,32.89,-5.06,68.31,2.53
2020-05-25,Puerto Rico,Guayama,2.53,1,0,0.0,36,0,0.0,91.09,0.0,0.09,39521,0.0,37.95,-5.06,65.78,2.53
2020-05-24,Puerto Rico,Guayama,12.65,5,0,0.0,35,0,0.0,88.56,0.0,0.09,39521,0.0,43.01,12.65,63.25,12.65
2020-05-23,Puerto Rico,Guayama,12.65,5,0,0.0,30,0,0.0,75.91,0.0,0.08,39521,0.0,30.36,10.12,50.6,12.65
2020-05-22,Puerto Rico,Guayama,0.0,0,0,0.0,25,0,0.0,63.26,0.0,0.06,39521,0.0,20.24,0.0,37.95,0.0
2020-05-21,Puerto Rico,Guayama,2.53,1,0,0.0,25,0,0.0,63.26,0.0,0.06,39521,0.0,20.24,2.53,37.95,2.53
2020-05-20,Puerto Rico,Guayama,0.0,0,0,0.0,24,0,0.0,60.73,0.0,0.06,39521,0.0,17.71,-2.53,35.42,0.0
2020-05-19,Puerto Rico,Guayama,7.59,3,0,0.0,24,0,0.0,60.73,0.0,0.06,39521,0.0,20.24,5.06,35.42,7.59
2020-05-18,Puerto Rico,Guayama,7.59,3,0,0.0,21,0,0.0,53.14,0.0,0.05,39521,0.0,15.18,7.59,27.83,7.59
2020-05-17,Puerto Rico,Guayama,0.0,0,0,0.0,18,0,0.0,45.55,0.0,0.05,39521,0.0,7.59,-2.53,20.24,0.0
2020-05-16,Puerto Rico,Guayama,2.53,1,0,0.0,18,0,0.0,45.55,0.0,0.05,39521,0.0,10.12,2.53,20.24,2.53
2020-05-15,Puerto Rico,Guayama,0.0,0,0,0.0,17,0,0.0,43.02,0.0,0.04,39521,0.0,7.59,-2.53,17.71,0.0
2020-05-14,Puerto Rico,Guayama,0.0,0,0,0.0,17,0,0.0,43.02,0.0,0.04,39521,0.0,10.12,-5.06,17.71,0.0
2020-05-13,Puerto Rico,Guayama,2.53,1,0,0.0,17,0,0.0,43.02,0.0,0.04,39521,0.0,15.18,0.0,17.71,2.53
2020-05-12,Puerto Rico,Guayama,2.53,1,0,0.0,16,0,0.0,40.48,0.0,0.04,39521,0.0,15.18,2.53,15.18,2.53
2020-05-11,Puerto Rico,Guayama,0.0,0,0,0.0,15,0,0.0,37.95,0.0,0.04,39521,0.0,12.65,0.0,12.65,0.0
2020-05-10,Puerto Rico,Guayama,2.53,1,0,0.0,15,0,0.0,37.95,0.0,0.04,39521,0.0,12.65,2.53,12.65,2.53
2020-05-09,Puerto Rico,Guayama,0.0,0,0,0.0,14,0,0.0,35.42,0.0,0.04,39521,0.0,10.12,0.0,10.12,0.0
2020-05-08,Puerto Rico,Guayama,2.53,1,0,0.0,14,0,0.0,35.42,0.0,0.04,39521,0.0,10.12,2.53,10.12,2.53
2020-05-07,Puerto Rico,Guayama,5.06,2,0,0.0,13,0,0.0,32.89,0.0,0.03,39521,0.0,7.59,5.06,7.59,5.06
2020-05-06,Puerto Rico,Guayama,2.53,1,0,0.0,11,0,0.0,27.83,0.0,0.03,39521,0.0,2.53,2.53,2.53,2.53
2020-05-05,Puerto Rico,Guayama,0.0,0,0,0.0,10,0,0.0,25.3,0.0,0.03,39521,0.0,0.0,0.0,0.0,0.0
