date,state,county,1day_cases_100k,new_cases,new_deaths,new_deaths_100k,total_cases,total_deaths,cfr%,total_cases_100k,total_deaths_100k,%infected,population,pop_density,7day_cases_100k,7day_cases_change,28day_cases_100k,28day_cases_change
2020-09-08,Puerto Rico,Gurabo,6.51,3,0,0.0,392,0,0.0,850.92,0.0,0.85,46068,0.0,71.62,2.17,271.29,-6.51
2020-09-07,Puerto Rico,Gurabo,28.22,13,0,0.0,389,0,0.0,844.4,0.0,0.84,46068,0.0,69.45,26.05,277.8,13.03
2020-09-06,Puerto Rico,Gurabo,6.51,3,0,0.0,376,0,0.0,816.18,0.0,0.82,46068,0.0,43.4,4.34,264.77,-21.71
2020-09-05,Puerto Rico,Gurabo,2.17,1,0,0.0,373,0,0.0,809.67,0.0,0.81,46068,0.0,39.06,-6.51,286.48,-21.71
2020-09-04,Puerto Rico,Gurabo,-2.17,-1,0,0.0,372,0,0.0,807.5,0.0,0.81,46068,0.0,45.57,-13.02,308.19,-28.22
2020-09-03,Puerto Rico,Gurabo,15.19,7,0,0.0,373,0,0.0,809.67,0.0,0.81,46068,0.0,58.59,0.0,336.41,6.51
2020-09-02,Puerto Rico,Gurabo,15.19,7,0,0.0,366,0,0.0,794.48,0.0,0.79,46068,0.0,58.59,13.02,329.9,8.68
2020-09-01,Puerto Rico,Gurabo,4.34,2,0,0.0,359,0,0.0,779.28,0.0,0.78,46068,0.0,45.57,4.34,321.22,0.0
2020-08-31,Puerto Rico,Gurabo,2.17,1,0,0.0,357,0,0.0,774.94,0.0,0.77,46068,0.0,41.23,-19.54,321.22,-8.68
2020-08-30,Puerto Rico,Gurabo,2.17,1,0,0.0,356,0,0.0,772.77,0.0,0.77,46068,0.0,60.77,0.0,329.9,-4.34
2020-08-29,Puerto Rico,Gurabo,8.68,4,0,0.0,355,0,0.0,770.6,0.0,0.77,46068,0.0,60.77,-8.69,334.24,0.0
2020-08-28,Puerto Rico,Gurabo,10.85,5,0,0.0,351,0,0.0,761.92,0.0,0.76,46068,0.0,69.46,2.17,334.24,8.68
2020-08-27,Puerto Rico,Gurabo,15.19,7,0,0.0,346,0,0.0,751.06,0.0,0.75,46068,0.0,67.29,0.0,325.56,-4.35
2020-08-26,Puerto Rico,Gurabo,2.17,1,0,0.0,339,0,0.0,735.87,0.0,0.74,46068,0.0,67.29,-4.34,329.91,-4.34
2020-08-25,Puerto Rico,Gurabo,0.0,0,0,0.0,338,0,0.0,733.7,0.0,0.73,46068,0.0,71.63,-13.02,334.25,-15.19
2020-08-24,Puerto Rico,Gurabo,21.71,10,0,0.0,338,0,0.0,733.7,0.0,0.73,46068,0.0,84.65,13.03,349.44,19.54
2020-08-23,Puerto Rico,Gurabo,2.17,1,0,0.0,328,0,0.0,711.99,0.0,0.71,46068,0.0,71.62,0.0,329.9,-6.51
2020-08-22,Puerto Rico,Gurabo,17.37,8,0,0.0,327,0,0.0,709.82,0.0,0.71,46068,0.0,71.62,10.86,336.41,6.52
2020-08-21,Puerto Rico,Gurabo,8.68,4,0,0.0,319,0,0.0,692.45,0.0,0.69,46068,0.0,60.76,-19.54,329.89,0.0
2020-08-20,Puerto Rico,Gurabo,15.19,7,0,0.0,315,0,0.0,683.77,0.0,0.68,46068,0.0,80.3,6.51,329.89,0.0
2020-08-19,Puerto Rico,Gurabo,6.51,3,0,0.0,308,0,0.0,668.58,0.0,0.67,46068,0.0,73.79,-8.68,329.89,6.51
2020-08-18,Puerto Rico,Gurabo,13.02,6,0,0.0,305,0,0.0,662.06,0.0,0.66,46068,0.0,82.47,0.0,323.38,4.34
2020-08-17,Puerto Rico,Gurabo,8.68,4,0,0.0,299,0,0.0,649.04,0.0,0.65,46068,0.0,82.47,-6.51,319.04,-2.17
2020-08-16,Puerto Rico,Gurabo,2.17,1,0,0.0,295,0,0.0,640.36,0.0,0.64,46068,0.0,88.98,-26.05,321.21,-8.68
2020-08-15,Puerto Rico,Gurabo,6.51,3,0,0.0,294,0,0.0,638.19,0.0,0.64,46068,0.0,115.03,-17.37,329.89,-2.17
2020-08-14,Puerto Rico,Gurabo,28.22,13,0,0.0,291,0,0.0,631.67,0.0,0.63,46068,0.0,132.4,2.17,332.06,23.88
2020-08-13,Puerto Rico,Gurabo,8.68,4,0,0.0,278,0,0.0,603.46,0.0,0.6,46068,0.0,130.23,0.0,308.18,8.68
2020-08-12,Puerto Rico,Gurabo,15.19,7,0,0.0,274,0,0.0,594.77,0.0,0.59,46068,0.0,130.23,8.68,299.5,2.17
2020-08-11,Puerto Rico,Gurabo,13.02,6,0,0.0,267,0,0.0,579.58,0.0,0.58,46068,0.0,121.55,8.68,297.33,13.02
2020-08-10,Puerto Rico,Gurabo,15.19,7,0,0.0,261,0,0.0,566.55,0.0,0.57,46068,0.0,112.87,4.34,284.31,8.68
2020-08-09,Puerto Rico,Gurabo,28.22,13,0,0.0,254,0,0.0,551.36,0.0,0.55,46068,0.0,108.53,21.71,275.63,26.05
2020-08-08,Puerto Rico,Gurabo,23.88,11,0,0.0,241,0,0.0,523.14,0.0,0.52,46068,0.0,86.82,15.2,249.58,15.2
2020-08-07,Puerto Rico,Gurabo,26.05,12,0,0.0,230,0,0.0,499.26,0.0,0.5,46068,0.0,71.62,23.88,234.38,17.37
2020-08-06,Puerto Rico,Gurabo,8.68,4,0,0.0,218,0,0.0,473.21,0.0,0.47,46068,0.0,47.74,-10.86,217.01,6.51
2020-08-05,Puerto Rico,Gurabo,6.51,3,0,0.0,214,0,0.0,464.53,0.0,0.46,46068,0.0,58.6,0.0,210.5,6.51
2020-08-04,Puerto Rico,Gurabo,4.34,2,0,0.0,211,0,0.0,458.02,0.0,0.46,46068,0.0,58.6,-10.85,203.99,4.34
2020-08-03,Puerto Rico,Gurabo,10.85,5,0,0.0,209,0,0.0,453.68,0.0,0.45,46068,0.0,69.45,8.68,199.65,-4.34
2020-08-02,Puerto Rico,Gurabo,6.51,3,0,0.0,204,0,0.0,442.82,0.0,0.44,46068,0.0,60.77,-2.17,203.99,6.51
2020-08-01,Puerto Rico,Gurabo,8.68,4,0,0.0,201,0,0.0,436.31,0.0,0.44,46068,0.0,62.94,-2.17,197.48,6.51
2020-07-31,Puerto Rico,Gurabo,2.17,1,0,0.0,197,0,0.0,427.63,0.0,0.43,46068,0.0,65.11,-6.51,190.97,-2.17
2020-07-30,Puerto Rico,Gurabo,19.54,9,0,0.0,196,0,0.0,425.46,0.0,0.43,46068,0.0,71.62,4.35,193.14,19.54
2020-07-29,Puerto Rico,Gurabo,6.51,3,0,0.0,187,0,0.0,405.92,0.0,0.41,46068,0.0,67.27,6.51,173.6,2.17
2020-07-28,Puerto Rico,Gurabo,15.19,7,0,0.0,184,0,0.0,399.41,0.0,0.4,46068,0.0,60.76,6.51,171.43,10.85
2020-07-27,Puerto Rico,Gurabo,2.17,1,0,0.0,177,0,0.0,384.21,0.0,0.38,46068,0.0,54.25,-8.68,160.58,-6.51
2020-07-26,Puerto Rico,Gurabo,8.68,4,0,0.0,176,0,0.0,382.04,0.0,0.38,46068,0.0,62.93,-2.17,167.09,8.68
2020-07-25,Puerto Rico,Gurabo,10.85,5,0,0.0,172,0,0.0,373.36,0.0,0.37,46068,0.0,65.1,2.17,158.41,10.85
2020-07-24,Puerto Rico,Gurabo,8.68,4,0,0.0,167,0,0.0,362.51,0.0,0.36,46068,0.0,62.93,4.34,147.56,6.51
2020-07-23,Puerto Rico,Gurabo,15.19,7,0,0.0,163,0,0.0,353.82,0.0,0.35,46068,0.0,58.59,15.19,141.05,13.02
2020-07-22,Puerto Rico,Gurabo,0.0,0,0,0.0,156,0,0.0,338.63,0.0,0.34,46068,0.0,43.4,-13.02,128.03,-4.34
2020-07-21,Puerto Rico,Gurabo,8.68,4,0,0.0,156,0,0.0,338.63,0.0,0.34,46068,0.0,56.42,8.68,132.37,6.51
2020-07-20,Puerto Rico,Gurabo,10.85,5,0,0.0,152,0,0.0,329.95,0.0,0.33,46068,0.0,47.74,4.34,125.86,10.85
2020-07-19,Puerto Rico,Gurabo,10.85,5,0,0.0,147,0,0.0,319.09,0.0,0.32,46068,0.0,43.4,8.68,115.01,8.68
2020-07-18,Puerto Rico,Gurabo,8.68,4,0,0.0,142,0,0.0,308.24,0.0,0.31,46068,0.0,34.72,0.0,106.33,0.0
2020-07-17,Puerto Rico,Gurabo,4.34,2,0,0.0,138,0,0.0,299.56,0.0,0.3,46068,0.0,34.72,-4.34,106.33,0.0
2020-07-16,Puerto Rico,Gurabo,0.0,0,0,0.0,136,0,0.0,295.22,0.0,0.3,46068,0.0,39.06,-2.17,106.33,-6.51
2020-07-15,Puerto Rico,Gurabo,13.02,6,0,0.0,136,0,0.0,295.22,0.0,0.3,46068,0.0,41.23,13.02,112.84,15.19
2020-07-14,Puerto Rico,Gurabo,0.0,0,0,0.0,130,0,0.0,282.19,0.0,0.28,46068,0.0,28.21,0.0,97.65,-2.17
2020-07-13,Puerto Rico,Gurabo,6.51,3,0,0.0,130,0,0.0,282.19,0.0,0.28,46068,0.0,28.21,-8.68,99.82,6.51
2020-07-12,Puerto Rico,Gurabo,2.17,1,0,0.0,127,0,0.0,275.68,0.0,0.28,46068,0.0,36.89,2.17,93.31,-6.51
2020-07-11,Puerto Rico,Gurabo,8.68,4,0,0.0,126,0,0.0,273.51,0.0,0.27,46068,0.0,34.72,6.51,99.82,0.0
2020-07-10,Puerto Rico,Gurabo,8.68,4,0,0.0,122,0,0.0,264.83,0.0,0.26,46068,0.0,28.21,4.34,99.82,0.0
2020-07-09,Puerto Rico,Gurabo,2.17,1,0,0.0,118,0,0.0,256.14,0.0,0.26,46068,0.0,23.87,2.17,99.82,0.0
2020-07-08,Puerto Rico,Gurabo,0.0,0,0,0.0,117,0,0.0,253.97,0.0,0.25,46068,0.0,21.7,-4.34,99.82,0.0
2020-07-07,Puerto Rico,Gurabo,0.0,0,0,0.0,117,0,0.0,253.97,0.0,0.25,46068,0.0,26.04,-4.34,99.82,-2.17
2020-07-06,Puerto Rico,Gurabo,15.19,7,0,0.0,117,0,0.0,253.97,0.0,0.25,46068,0.0,30.38,6.51,101.99,15.19
2020-07-05,Puerto Rico,Gurabo,0.0,0,0,0.0,110,0,0.0,238.78,0.0,0.24,46068,0.0,23.87,0.0,86.8,-4.34
2020-07-04,Puerto Rico,Gurabo,2.17,1,0,0.0,110,0,0.0,238.78,0.0,0.24,46068,0.0,23.87,2.17,91.14,-4.34
2020-07-03,Puerto Rico,Gurabo,4.34,2,0,0.0,109,0,0.0,236.61,0.0,0.24,46068,0.0,21.7,2.17,95.48,2.17
2020-07-02,Puerto Rico,Gurabo,0.0,0,0,0.0,107,0,0.0,232.27,0.0,0.23,46068,0.0,19.53,-2.17,93.31,-30.39
2020-07-01,Puerto Rico,Gurabo,4.34,2,0,0.0,107,0,0.0,232.27,0.0,0.23,46068,0.0,21.7,0.0,123.7,4.34
2020-06-30,Puerto Rico,Gurabo,4.34,2,0,0.0,105,0,0.0,227.92,0.0,0.23,46068,0.0,21.7,2.17,119.36,0.0
2020-06-29,Puerto Rico,Gurabo,8.68,4,0,0.0,103,0,0.0,223.58,0.0,0.22,46068,0.0,19.53,8.68,119.36,8.68
2020-06-28,Puerto Rico,Gurabo,0.0,0,0,0.0,99,0,0.0,214.9,0.0,0.21,46068,0.0,10.85,-2.17,110.68,-2.17
2020-06-27,Puerto Rico,Gurabo,0.0,0,0,0.0,99,0,0.0,214.9,0.0,0.21,46068,0.0,13.02,-8.68,112.85,0.0
2020-06-26,Puerto Rico,Gurabo,2.17,1,0,0.0,99,0,0.0,214.9,0.0,0.21,46068,0.0,21.7,-2.17,112.85,-2.17
2020-06-25,Puerto Rico,Gurabo,2.17,1,0,0.0,98,0,0.0,212.73,0.0,0.21,46068,0.0,23.87,-4.34,115.02,2.17
2020-06-24,Puerto Rico,Gurabo,4.34,2,0,0.0,97,0,0.0,210.56,0.0,0.21,46068,0.0,28.21,6.51,112.85,2.17
2020-06-23,Puerto Rico,Gurabo,2.17,1,0,0.0,95,0,0.0,206.22,0.0,0.21,46068,0.0,21.7,0.0,110.68,-2.17
2020-06-22,Puerto Rico,Gurabo,0.0,0,0,0.0,94,0,0.0,204.05,0.0,0.2,46068,0.0,21.7,0.0,112.85,0.0
2020-06-21,Puerto Rico,Gurabo,2.17,1,0,0.0,94,0,0.0,204.05,0.0,0.2,46068,0.0,21.7,-6.51,112.85,0.0
2020-06-20,Puerto Rico,Gurabo,8.68,4,0,0.0,93,0,0.0,201.88,0.0,0.2,46068,0.0,28.21,0.0,112.85,4.34
2020-06-19,Puerto Rico,Gurabo,4.34,2,0,0.0,89,0,0.0,193.19,0.0,0.19,46068,0.0,28.21,-4.34,108.51,2.17
2020-06-18,Puerto Rico,Gurabo,6.51,3,0,0.0,87,0,0.0,188.85,0.0,0.19,46068,0.0,32.55,4.34,106.34,6.51
2020-06-17,Puerto Rico,Gurabo,-2.17,-1,0,0.0,84,0,0.0,182.34,0.0,0.18,46068,0.0,28.21,-2.17,99.83,-4.34
2020-06-16,Puerto Rico,Gurabo,2.17,1,0,0.0,85,0,0.0,184.51,0.0,0.18,46068,0.0,30.38,0.0,104.17,2.17
2020-06-15,Puerto Rico,Gurabo,0.0,0,0,0.0,84,0,0.0,182.34,0.0,0.18,46068,0.0,30.38,0.0,102.0,0.0
2020-06-14,Puerto Rico,Gurabo,8.68,4,0,0.0,84,0,0.0,182.34,0.0,0.18,46068,0.0,30.38,4.34,102.0,8.68
2020-06-13,Puerto Rico,Gurabo,8.68,4,0,0.0,80,0,0.0,173.66,0.0,0.17,46068,0.0,26.04,2.17,93.32,8.68
2020-06-12,Puerto Rico,Gurabo,8.68,4,0,0.0,76,0,0.0,164.97,0.0,0.16,46068,0.0,23.87,6.51,84.64,6.51
2020-06-11,Puerto Rico,Gurabo,2.17,1,0,0.0,72,0,0.0,156.29,0.0,0.16,46068,0.0,17.36,-28.22,78.13,0.0
2020-06-10,Puerto Rico,Gurabo,0.0,0,0,0.0,71,0,0.0,154.12,0.0,0.15,46068,0.0,45.58,0.0,78.13,0.0
2020-06-09,Puerto Rico,Gurabo,2.17,1,0,0.0,71,0,0.0,154.12,0.0,0.15,46068,0.0,45.58,-2.17,78.13,-2.17
2020-06-08,Puerto Rico,Gurabo,0.0,0,0,0.0,70,0,0.0,151.95,0.0,0.15,46068,0.0,47.75,0.0,80.3,0.0
2020-06-07,Puerto Rico,Gurabo,4.34,2,0,0.0,70,0,0.0,151.95,0.0,0.15,46068,0.0,47.75,2.17,80.3,2.17
2020-06-06,Puerto Rico,Gurabo,6.51,3,0,0.0,68,0,0.0,147.61,0.0,0.15,46068,0.0,45.58,6.51,78.13,6.51
2020-06-05,Puerto Rico,Gurabo,2.17,1,0,0.0,65,0,0.0,141.1,0.0,0.14,46068,0.0,39.07,-2.17,71.62,-2.17
2020-06-04,Puerto Rico,Gurabo,30.39,14,0,0.0,64,0,0.0,138.93,0.0,0.14,46068,0.0,41.24,30.39,73.79,28.22
2020-06-03,Puerto Rico,Gurabo,0.0,0,0,0.0,50,0,0.0,108.54,0.0,0.11,46068,0.0,10.85,-2.17,45.57,-4.34
2020-06-02,Puerto Rico,Gurabo,4.34,2,0,0.0,50,0,0.0,108.54,0.0,0.11,46068,0.0,13.02,0.0,49.91,4.34
2020-06-01,Puerto Rico,Gurabo,0.0,0,0,0.0,48,0,0.0,104.19,0.0,0.1,46068,0.0,13.02,0.0,45.57,0.0
2020-05-31,Puerto Rico,Gurabo,2.17,1,0,0.0,48,0,0.0,104.19,0.0,0.1,46068,0.0,13.02,0.0,45.57,2.17
2020-05-30,Puerto Rico,Gurabo,0.0,0,0,0.0,47,0,0.0,102.02,0.0,0.1,46068,0.0,13.02,-4.34,43.4,0.0
2020-05-29,Puerto Rico,Gurabo,4.34,2,0,0.0,47,0,0.0,102.02,0.0,0.1,46068,0.0,17.36,2.17,43.4,4.34
2020-05-28,Puerto Rico,Gurabo,0.0,0,0,0.0,45,0,0.0,97.68,0.0,0.1,46068,0.0,15.19,0.0,39.06,0.0
2020-05-27,Puerto Rico,Gurabo,2.17,1,0,0.0,45,0,0.0,97.68,0.0,0.1,46068,0.0,15.19,0.0,39.06,2.17
2020-05-26,Puerto Rico,Gurabo,4.34,2,0,0.0,44,0,0.0,95.51,0.0,0.1,46068,0.0,15.19,4.34,36.89,4.34
2020-05-25,Puerto Rico,Gurabo,0.0,0,0,0.0,42,0,0.0,91.17,0.0,0.09,46068,0.0,10.85,0.0,32.55,0.0
2020-05-24,Puerto Rico,Gurabo,2.17,1,0,0.0,42,0,0.0,91.17,0.0,0.09,46068,0.0,10.85,2.17,32.55,2.17
2020-05-23,Puerto Rico,Gurabo,4.34,2,0,0.0,41,0,0.0,89.0,0.0,0.09,46068,0.0,8.68,4.34,30.38,4.34
2020-05-22,Puerto Rico,Gurabo,2.17,1,0,0.0,39,0,0.0,84.66,0.0,0.08,46068,0.0,4.34,0.0,26.04,2.17
2020-05-21,Puerto Rico,Gurabo,0.0,0,0,0.0,38,0,0.0,82.49,0.0,0.08,46068,0.0,4.34,-2.17,23.87,0.0
2020-05-20,Puerto Rico,Gurabo,2.17,1,0,0.0,38,0,0.0,82.49,0.0,0.08,46068,0.0,6.51,2.17,23.87,2.17
2020-05-19,Puerto Rico,Gurabo,0.0,0,0,0.0,37,0,0.0,80.32,0.0,0.08,46068,0.0,4.34,-4.34,21.7,0.0
2020-05-18,Puerto Rico,Gurabo,0.0,0,0,0.0,37,0,0.0,80.32,0.0,0.08,46068,0.0,8.68,0.0,21.7,0.0
2020-05-17,Puerto Rico,Gurabo,0.0,0,0,0.0,37,0,0.0,80.32,0.0,0.08,46068,0.0,8.68,-2.17,21.7,0.0
2020-05-16,Puerto Rico,Gurabo,0.0,0,0,0.0,37,0,0.0,80.32,0.0,0.08,46068,0.0,10.85,0.0,21.7,0.0
2020-05-15,Puerto Rico,Gurabo,2.17,1,0,0.0,37,0,0.0,80.32,0.0,0.08,46068,0.0,10.85,-2.17,21.7,2.17
2020-05-14,Puerto Rico,Gurabo,2.17,1,0,0.0,36,0,0.0,78.15,0.0,0.08,46068,0.0,13.02,0.0,19.53,2.17
2020-05-13,Puerto Rico,Gurabo,0.0,0,0,0.0,35,0,0.0,75.97,0.0,0.08,46068,0.0,13.02,-4.34,17.36,0.0
2020-05-12,Puerto Rico,Gurabo,4.34,2,0,0.0,35,0,0.0,75.97,0.0,0.08,46068,0.0,17.36,4.34,17.36,4.34
2020-05-11,Puerto Rico,Gurabo,0.0,0,0,0.0,33,0,0.0,71.63,0.0,0.07,46068,0.0,13.02,0.0,13.02,0.0
2020-05-10,Puerto Rico,Gurabo,2.17,1,0,0.0,33,0,0.0,71.63,0.0,0.07,46068,0.0,13.02,2.17,13.02,2.17
2020-05-09,Puerto Rico,Gurabo,0.0,0,0,0.0,32,0,0.0,69.46,0.0,0.07,46068,0.0,10.85,0.0,10.85,0.0
2020-05-08,Puerto Rico,Gurabo,4.34,2,0,0.0,32,0,0.0,69.46,0.0,0.07,46068,0.0,10.85,4.34,10.85,4.34
2020-05-07,Puerto Rico,Gurabo,2.17,1,0,0.0,30,0,0.0,65.12,0.0,0.07,46068,0.0,6.51,2.17,6.51,2.17
2020-05-06,Puerto Rico,Gurabo,4.34,2,0,0.0,29,0,0.0,62.95,0.0,0.06,46068,0.0,4.34,4.34,4.34,4.34
2020-05-05,Puerto Rico,Gurabo,0.0,0,0,0.0,27,0,0.0,58.61,0.0,0.06,46068,0.0,0.0,0.0,0.0,0.0
