date,state,city,1day_cases_100k,new_cases,new_deaths,new_deaths_100k,total_cases,total_deaths,cfr%,total_cases_100k,total_deaths_100k,%infected,population,7day_cases_100k,7day_cases_change,28day_cases_100k,28day_cases_change
2020-08-23,Pará,Bom Jesus do Tocantins,0.0,0,0,0.0,317,2,0.63,1866.79,11.78,1.87,16981,135.45,-76.56,865.7,0.0
2020-08-22,Pará,Bom Jesus do Tocantins,0.0,0,0,0.0,317,2,0.63,1866.79,11.78,1.87,16981,212.01,-82.45,865.7,-5.89
2020-08-21,Pará,Bom Jesus do Tocantins,58.89,10,0,0.0,317,2,0.63,1866.79,11.78,1.87,16981,294.46,35.33,871.59,23.56
2020-08-19,Pará,Bom Jesus do Tocantins,0.0,0,0,0.0,307,2,0.65,1807.9,11.78,1.81,16981,259.13,-23.56,848.03,-23.56
2020-08-17,Pará,Bom Jesus do Tocantins,76.56,13,0,0.0,307,2,0.65,1807.9,11.78,1.81,16981,282.69,0.0,871.59,53.0
2020-08-16,Pará,Bom Jesus do Tocantins,0.0,0,1,5.89,294,2,0.68,1731.35,11.78,1.73,16981,282.69,0.0,818.59,0.0
2020-08-15,Pará,Bom Jesus do Tocantins,0.0,0,0,0.0,294,1,0.34,1731.35,5.89,1.73,16981,282.69,0.0,818.59,0.0
2020-08-14,Pará,Bom Jesus do Tocantins,76.56,13,0,0.0,294,1,0.34,1731.35,5.89,1.73,16981,282.69,23.56,818.59,58.89
2020-08-13,Pará,Bom Jesus do Tocantins,82.45,14,0,0.0,281,1,0.36,1654.79,5.89,1.65,16981,259.13,76.56,759.7,58.89
2020-08-12,Pará,Bom Jesus do Tocantins,23.56,4,0,0.0,267,1,0.37,1572.35,5.89,1.57,16981,182.57,-53.0,700.81,-17.66
2020-08-11,Pará,Bom Jesus do Tocantins,23.56,4,0,0.0,263,1,0.38,1548.79,5.89,1.55,16981,235.57,-35.33,718.47,-17.66
2020-08-10,Pará,Bom Jesus do Tocantins,76.56,13,0,0.0,259,1,0.39,1525.23,5.89,1.53,16981,270.9,0.0,736.13,23.56
2020-08-09,Pará,Bom Jesus do Tocantins,0.0,0,0,0.0,246,1,0.41,1448.68,5.89,1.45,16981,270.9,0.0,712.57,0.0
2020-08-08,Pará,Bom Jesus do Tocantins,0.0,0,0,0.0,246,1,0.41,1448.68,5.89,1.45,16981,270.9,0.0,712.57,0.0
2020-08-07,Pará,Bom Jesus do Tocantins,53.0,9,0,0.0,246,1,0.41,1448.68,5.89,1.45,16981,270.9,23.56,712.57,35.33
2020-08-06,Pará,Bom Jesus do Tocantins,5.89,1,0,0.0,237,1,0.42,1395.68,5.89,1.4,16981,247.34,-5.89,677.24,-11.78
2020-08-05,Pará,Bom Jesus do Tocantins,76.56,13,0,0.0,236,1,0.42,1389.79,5.89,1.39,16981,253.23,47.12,689.02,35.34
2020-08-04,Pará,Bom Jesus do Tocantins,58.89,10,0,0.0,223,1,0.45,1313.23,5.89,1.31,16981,206.11,11.78,653.68,41.22
2020-08-03,Pará,Bom Jesus do Tocantins,76.56,13,0,0.0,213,1,0.47,1254.34,5.89,1.25,16981,194.33,23.56,612.46,41.23
2020-08-02,Pará,Bom Jesus do Tocantins,0.0,0,0,0.0,200,1,0.5,1177.79,5.89,1.18,16981,170.77,-5.89,571.23,0.0
2020-08-01,Pará,Bom Jesus do Tocantins,0.0,0,0,0.0,200,1,0.5,1177.79,5.89,1.18,16981,176.66,0.0,571.23,0.0
2020-07-31,Pará,Bom Jesus do Tocantins,29.44,5,0,0.0,200,1,0.5,1177.79,5.89,1.18,16981,176.66,29.44,571.23,23.55
2020-07-30,Pará,Bom Jesus do Tocantins,11.78,2,1,5.89,195,1,0.51,1148.34,5.89,1.15,16981,147.22,5.89,547.68,0.0
2020-07-29,Pará,Bom Jesus do Tocantins,29.44,5,0,0.0,193,0,0.0,1136.56,0.0,1.14,16981,141.33,-5.89,547.68,-11.78
2020-07-28,Pará,Bom Jesus do Tocantins,47.11,8,0,0.0,188,0,0.0,1107.12,0.0,1.11,16981,147.22,23.55,559.46,5.89
2020-07-27,Pará,Bom Jesus do Tocantins,53.0,9,0,0.0,180,0,0.0,1060.01,0.0,1.06,16981,123.67,29.44,553.57,-5.89
2020-07-26,Pará,Bom Jesus do Tocantins,5.89,1,0,0.0,171,0,0.0,1007.01,0.0,1.01,16981,94.23,5.89,559.46,5.89
2020-07-25,Pará,Bom Jesus do Tocantins,0.0,0,0,0.0,170,0,0.0,1001.12,0.0,1.0,16981,88.34,0.0,553.57,0.0
2020-07-24,Pará,Bom Jesus do Tocantins,0.0,0,0,0.0,170,0,0.0,1001.12,0.0,1.0,16981,88.34,-17.67,553.57,-17.67
2020-07-23,Pará,Bom Jesus do Tocantins,5.89,1,0,0.0,170,0,0.0,1001.12,0.0,1.0,16981,106.01,-17.67,571.24,5.89
2020-07-22,Pará,Bom Jesus do Tocantins,35.33,6,0,0.0,169,0,0.0,995.23,0.0,1.0,16981,123.68,-5.89,565.35,5.89
2020-07-21,Pará,Bom Jesus do Tocantins,23.56,4,0,0.0,163,0,0.0,959.9,0.0,0.96,16981,129.57,-17.66,559.46,-23.55
2020-07-20,Pará,Bom Jesus do Tocantins,23.56,4,0,0.0,159,0,0.0,936.34,0.0,0.94,16981,147.23,-29.44,583.01,-5.88
2020-07-19,Pará,Bom Jesus do Tocantins,0.0,0,0,0.0,155,0,0.0,912.78,0.0,0.91,16981,176.67,0.0,588.89,0.0
2020-07-18,Pará,Bom Jesus do Tocantins,0.0,0,0,0.0,155,0,0.0,912.78,0.0,0.91,16981,176.67,0.0,588.89,0.0
2020-07-17,Pará,Bom Jesus do Tocantins,17.67,3,0,0.0,155,0,0.0,912.78,0.0,0.91,16981,176.67,0.0,588.89,-29.44
2020-07-16,Pará,Bom Jesus do Tocantins,23.56,4,0,0.0,152,0,0.0,895.12,0.0,0.9,16981,176.67,5.89,618.33,-35.33
2020-07-15,Pará,Bom Jesus do Tocantins,41.22,7,0,0.0,148,0,0.0,871.56,0.0,0.87,16981,170.78,0.0,653.66,17.66
2020-07-14,Pará,Bom Jesus do Tocantins,41.22,7,0,0.0,141,0,0.0,830.34,0.0,0.83,16981,170.78,23.55,636.0,35.33
2020-07-13,Pará,Bom Jesus do Tocantins,53.0,9,0,0.0,134,0,0.0,789.12,0.0,0.79,16981,147.23,17.67,600.67,35.33
2020-07-12,Pará,Bom Jesus do Tocantins,0.0,0,0,0.0,125,0,0.0,736.12,0.0,0.74,16981,129.56,0.0,565.34,0.0
2020-07-11,Pará,Bom Jesus do Tocantins,0.0,0,0,0.0,125,0,0.0,736.12,0.0,0.74,16981,129.56,0.0,565.34,0.0
2020-07-10,Pará,Bom Jesus do Tocantins,17.67,3,0,0.0,125,0,0.0,736.12,0.0,0.74,16981,129.56,11.78,565.34,11.78
2020-07-09,Pará,Bom Jesus do Tocantins,17.67,3,0,0.0,122,0,0.0,718.45,0.0,0.72,16981,117.78,5.89,553.56,0.0
2020-07-08,Pará,Bom Jesus do Tocantins,41.22,7,0,0.0,119,0,0.0,700.78,0.0,0.7,16981,111.89,0.0,553.56,11.78
2020-07-07,Pará,Bom Jesus do Tocantins,17.67,3,0,0.0,112,0,0.0,659.56,0.0,0.66,16981,111.89,-23.55,541.78,17.67
2020-07-06,Pará,Bom Jesus do Tocantins,35.33,6,0,0.0,109,0,0.0,641.89,0.0,0.64,16981,135.44,-23.56,524.11,17.66
2020-07-05,Pará,Bom Jesus do Tocantins,0.0,0,0,0.0,103,0,0.0,606.56,0.0,0.61,16981,159.0,0.0,506.45,0.0
2020-07-04,Pará,Bom Jesus do Tocantins,0.0,0,0,0.0,103,0,0.0,606.56,0.0,0.61,16981,159.0,0.0,506.45,0.0
2020-07-03,Pará,Bom Jesus do Tocantins,5.89,1,0,0.0,103,0,0.0,606.56,0.0,0.61,16981,159.0,-11.78,506.45,5.89
2020-07-02,Pará,Bom Jesus do Tocantins,11.78,2,0,0.0,102,0,0.0,600.67,0.0,0.6,16981,170.78,11.78,500.56,5.89
2020-07-01,Pará,Bom Jesus do Tocantins,41.22,7,0,0.0,100,0,0.0,588.89,0.0,0.59,16981,159.0,11.78,494.67,41.22
2020-06-30,Pará,Bom Jesus do Tocantins,41.22,7,0,0.0,93,0,0.0,547.67,0.0,0.55,16981,147.22,-5.89,453.45,23.55
2020-06-29,Pará,Bom Jesus do Tocantins,58.89,10,0,0.0,86,0,0.0,506.45,0.0,0.51,16981,153.11,29.45,429.9,58.89
2020-06-28,Pará,Bom Jesus do Tocantins,0.0,0,0,0.0,76,0,0.0,447.56,0.0,0.45,16981,123.66,0.0,371.01,0.0
2020-06-27,Pará,Bom Jesus do Tocantins,0.0,0,0,0.0,76,0,0.0,447.56,0.0,0.45,16981,123.66,0.0,371.01,0.0
2020-06-26,Pará,Bom Jesus do Tocantins,17.67,3,0,0.0,76,0,0.0,447.56,0.0,0.45,16981,123.66,-29.44,371.01,17.67
2020-06-25,Pará,Bom Jesus do Tocantins,0.0,0,0,0.0,73,0,0.0,429.89,0.0,0.43,16981,153.1,-58.89,353.34,-29.44
2020-06-24,Pará,Bom Jesus do Tocantins,29.44,5,0,0.0,73,0,0.0,429.89,0.0,0.43,16981,211.99,5.88,382.78,29.44
2020-06-23,Pará,Bom Jesus do Tocantins,47.11,8,0,0.0,68,0,0.0,400.45,0.0,0.4,16981,206.11,41.22,353.34,47.11
2020-06-22,Pará,Bom Jesus do Tocantins,29.44,5,0,0.0,60,0,0.0,353.34,0.0,0.35,16981,164.89,11.77,306.23,17.66
2020-06-21,Pará,Bom Jesus do Tocantins,0.0,0,0,0.0,55,0,0.0,323.89,0.0,0.32,16981,153.12,0.0,288.57,0.0
2020-06-20,Pará,Bom Jesus do Tocantins,0.0,0,0,0.0,55,0,0.0,323.89,0.0,0.32,16981,153.12,0.0,288.57,-5.89
2020-06-19,Pará,Bom Jesus do Tocantins,47.11,8,0,0.0,55,0,0.0,323.89,0.0,0.32,16981,153.12,41.22,294.46,47.11
2020-06-18,Pará,Bom Jesus do Tocantins,58.89,10,0,0.0,47,0,0.0,276.78,0.0,0.28,16981,111.9,41.22,247.35,58.89
2020-06-17,Pará,Bom Jesus do Tocantins,23.56,4,0,0.0,37,0,0.0,217.89,0.0,0.22,16981,70.68,-5.88,188.46,23.56
2020-06-16,Pará,Bom Jesus do Tocantins,5.89,1,0,0.0,33,0,0.0,194.33,0.0,0.19,16981,76.56,5.89,164.9,5.89
2020-06-15,Pará,Bom Jesus do Tocantins,17.67,3,0,0.0,32,0,0.0,188.45,0.0,0.19,16981,70.67,0.0,159.01,11.78
2020-06-14,Pará,Bom Jesus do Tocantins,0.0,0,0,0.0,29,0,0.0,170.78,0.0,0.17,16981,70.67,0.0,147.23,0.0
2020-06-13,Pará,Bom Jesus do Tocantins,0.0,0,0,0.0,29,0,0.0,170.78,0.0,0.17,16981,70.67,0.0,147.23,0.0
2020-06-12,Pará,Bom Jesus do Tocantins,5.89,1,0,0.0,29,0,0.0,170.78,0.0,0.17,16981,70.67,5.89,147.23,5.89
2020-06-11,Pará,Bom Jesus do Tocantins,17.67,3,0,0.0,28,0,0.0,164.89,0.0,0.16,16981,64.78,11.78,141.34,17.67
2020-06-10,Pará,Bom Jesus do Tocantins,29.44,5,0,0.0,25,0,0.0,147.22,0.0,0.15,16981,53.0,29.44,123.67,29.44
2020-06-09,Pará,Bom Jesus do Tocantins,0.0,0,0,0.0,20,0,0.0,117.78,0.0,0.12,16981,23.56,-17.67,94.23,0.0
2020-06-08,Pará,Bom Jesus do Tocantins,17.67,3,0,0.0,20,0,0.0,117.78,0.0,0.12,16981,41.23,17.67,94.23,17.67
2020-06-07,Pará,Bom Jesus do Tocantins,0.0,0,0,0.0,17,0,0.0,100.11,0.0,0.1,16981,23.56,0.0,76.56,0.0
2020-06-06,Pará,Bom Jesus do Tocantins,0.0,0,0,0.0,17,0,0.0,100.11,0.0,0.1,16981,23.56,0.0,76.56,0.0
2020-06-05,Pará,Bom Jesus do Tocantins,0.0,0,0,0.0,17,0,0.0,100.11,0.0,0.1,16981,23.56,0.0,76.56,-17.67
2020-06-04,Pará,Bom Jesus do Tocantins,5.89,1,0,0.0,17,0,0.0,100.11,0.0,0.1,16981,23.56,-23.55,94.23,5.89
2020-06-03,Pará,Bom Jesus do Tocantins,0.0,0,0,0.0,16,0,0.0,94.22,0.0,0.09,16981,47.11,0.0,88.34,0.0
2020-06-02,Pará,Bom Jesus do Tocantins,17.67,3,0,0.0,16,0,0.0,94.22,0.0,0.09,16981,47.11,17.67,88.34,17.67
2020-06-01,Pará,Bom Jesus do Tocantins,0.0,0,0,0.0,13,0,0.0,76.56,0.0,0.08,16981,29.44,-11.78,70.67,0.0
2020-05-31,Pará,Bom Jesus do Tocantins,0.0,0,0,0.0,13,0,0.0,76.56,0.0,0.08,16981,41.22,0.0,70.67,0.0
2020-05-30,Pará,Bom Jesus do Tocantins,0.0,0,0,0.0,13,0,0.0,76.56,0.0,0.08,16981,41.22,-5.89,70.67,0.0
2020-05-29,Pará,Bom Jesus do Tocantins,0.0,0,0,0.0,13,0,0.0,76.56,0.0,0.08,16981,47.11,0.0,70.67,0.0
2020-05-28,Pará,Bom Jesus do Tocantins,29.44,5,0,0.0,13,0,0.0,76.56,0.0,0.08,16981,47.11,29.44,70.67,29.44
2020-05-27,Pará,Bom Jesus do Tocantins,0.0,0,0,0.0,8,0,0.0,47.11,0.0,0.05,16981,17.67,0.0,41.23,0.0
2020-05-26,Pará,Bom Jesus do Tocantins,0.0,0,0,0.0,8,0,0.0,47.11,0.0,0.05,16981,17.67,0.0,41.23,0.0
2020-05-25,Pará,Bom Jesus do Tocantins,11.78,2,0,0.0,8,0,0.0,47.11,0.0,0.05,16981,17.67,5.89,41.23,11.78
2020-05-24,Pará,Bom Jesus do Tocantins,0.0,0,0,0.0,6,0,0.0,35.33,0.0,0.04,16981,11.78,0.0,29.45,0.0
2020-05-23,Pará,Bom Jesus do Tocantins,5.89,1,0,0.0,6,0,0.0,35.33,0.0,0.04,16981,11.78,5.89,29.45,5.89
2020-05-22,Pará,Bom Jesus do Tocantins,0.0,0,0,0.0,5,0,0.0,29.44,0.0,0.03,16981,5.89,0.0,23.56,0.0
2020-05-21,Pará,Bom Jesus do Tocantins,0.0,0,0,0.0,5,0,0.0,29.44,0.0,0.03,16981,5.89,0.0,23.56,0.0
2020-05-20,Pará,Bom Jesus do Tocantins,0.0,0,0,0.0,5,0,0.0,29.44,0.0,0.03,16981,5.89,0.0,23.56,0.0
2020-05-18,Pará,Bom Jesus do Tocantins,0.0,0,0,0.0,5,0,0.0,29.44,0.0,0.03,16981,5.89,0.0,23.56,0.0
2020-05-17,Pará,Bom Jesus do Tocantins,5.89,1,0,0.0,5,0,0.0,29.44,0.0,0.03,16981,5.89,5.89,23.56,5.89
2020-05-16,Pará,Bom Jesus do Tocantins,0.0,0,0,0.0,4,0,0.0,23.56,0.0,0.02,16981,0.0,0.0,17.67,0.0
2020-05-15,Pará,Bom Jesus do Tocantins,0.0,0,0,0.0,4,0,0.0,23.56,0.0,0.02,16981,0.0,0.0,17.67,0.0
2020-05-14,Pará,Bom Jesus do Tocantins,0.0,0,0,0.0,4,0,0.0,23.56,0.0,0.02,16981,0.0,-17.67,17.67,0.0
2020-05-13,Pará,Bom Jesus do Tocantins,0.0,0,0,0.0,4,0,0.0,23.56,0.0,0.02,16981,17.67,0.0,17.67,0.0
2020-05-12,Pará,Bom Jesus do Tocantins,0.0,0,0,0.0,4,0,0.0,23.56,0.0,0.02,16981,17.67,0.0,17.67,0.0
2020-05-11,Pará,Bom Jesus do Tocantins,0.0,0,0,0.0,4,0,0.0,23.56,0.0,0.02,16981,17.67,0.0,17.67,0.0
2020-05-10,Pará,Bom Jesus do Tocantins,0.0,0,0,0.0,4,0,0.0,23.56,0.0,0.02,16981,17.67,0.0,17.67,0.0
2020-05-09,Pará,Bom Jesus do Tocantins,0.0,0,0,0.0,4,0,0.0,23.56,0.0,0.02,16981,17.67,0.0,17.67,0.0
2020-05-08,Pará,Bom Jesus do Tocantins,0.0,0,0,0.0,4,0,0.0,23.56,0.0,0.02,16981,17.67,0.0,17.67,0.0
2020-05-07,Pará,Bom Jesus do Tocantins,17.67,3,0,0.0,4,0,0.0,23.56,0.0,0.02,16981,17.67,17.67,17.67,17.67
2020-05-06,Pará,Bom Jesus do Tocantins,0.0,0,0,0.0,1,0,0.0,5.89,0.0,0.01,16981,0.0,0.0,0.0,0.0
2020-05-05,Pará,Bom Jesus do Tocantins,0.0,0,0,0.0,1,0,0.0,5.89,0.0,0.01,16981,0.0,0.0,0.0,0.0
2020-05-04,Pará,Bom Jesus do Tocantins,0.0,0,0,0.0,1,0,0.0,5.89,0.0,0.01,16981,0.0,0.0,0.0,0.0
2020-05-03,Pará,Bom Jesus do Tocantins,0.0,0,0,0.0,1,0,0.0,5.89,0.0,0.01,16981,0.0,0.0,0.0,0.0
2020-05-02,Pará,Bom Jesus do Tocantins,0.0,0,0,0.0,1,0,0.0,5.89,0.0,0.01,16981,0.0,0.0,0.0,0.0
2020-05-01,Pará,Bom Jesus do Tocantins,0.0,0,0,0.0,1,0,0.0,5.89,0.0,0.01,16981,0.0,0.0,0.0,0.0
2020-04-30,Pará,Bom Jesus do Tocantins,0.0,0,0,0.0,1,0,0.0,5.89,0.0,0.01,16981,0.0,0.0,0.0,0.0
2020-04-29,Pará,Bom Jesus do Tocantins,0.0,0,0,0.0,1,0,0.0,5.89,0.0,0.01,16981,0.0,0.0,0.0,0.0
2020-04-28,Pará,Bom Jesus do Tocantins,0.0,0,0,0.0,1,0,0.0,5.89,0.0,0.01,16981,0.0,0.0,0.0,0.0
2020-04-27,Pará,Bom Jesus do Tocantins,0.0,0,0,0.0,1,0,0.0,5.89,0.0,0.01,16981,0.0,0.0,0.0,0.0
2020-04-26,Pará,Bom Jesus do Tocantins,0.0,0,0,0.0,1,0,0.0,5.89,0.0,0.01,16981,0.0,0.0,0.0,0.0
