date,state,city,1day_cases_100k,new_cases,new_deaths,new_deaths_100k,total_cases,total_deaths,cfr%,total_cases_100k,total_deaths_100k,%infected,population,7day_cases_100k,7day_cases_change,28day_cases_100k,28day_cases_change
2020-09-01,Pará,Santa Izabel do Pará,8.47,6,0,0.0,552,34,6.16,779.65,48.02,0.78,70801,14.12,0.0,62.11,8.47
2020-08-30,Pará,Santa Izabel do Pará,0.0,0,0,0.0,546,34,6.23,771.18,48.02,0.77,70801,14.12,0.0,53.64,-1.41
2020-08-29,Pará,Santa Izabel do Pará,1.41,1,0,0.0,546,34,6.23,771.18,48.02,0.77,70801,14.12,0.0,55.05,-18.36
2020-08-28,Pará,Santa Izabel do Pará,0.0,0,0,0.0,545,34,6.24,769.76,48.02,0.77,70801,14.12,-5.65,73.41,0.0
2020-08-27,Pará,Santa Izabel do Pará,0.0,0,0,0.0,545,34,6.24,769.76,48.02,0.77,70801,19.77,-8.47,73.41,8.47
2020-08-26,Pará,Santa Izabel do Pará,0.0,0,0,0.0,545,34,6.24,769.76,48.02,0.77,70801,28.24,-1.41,64.94,-2.82
2020-08-25,Pará,Santa Izabel do Pará,4.24,3,0,0.0,545,34,6.24,769.76,48.02,0.77,70801,29.65,2.83,67.76,4.24
2020-08-24,Pará,Santa Izabel do Pará,8.47,6,0,0.0,542,34,6.27,765.53,48.02,0.77,70801,26.82,7.06,63.52,8.47
2020-08-23,Pará,Santa Izabel do Pará,0.0,0,0,0.0,536,34,6.34,757.05,48.02,0.76,70801,19.76,0.0,55.05,0.0
2020-08-22,Pará,Santa Izabel do Pará,1.41,1,0,0.0,536,34,6.34,757.05,48.02,0.76,70801,19.76,-1.41,55.05,-1.41
2020-08-21,Pará,Santa Izabel do Pará,5.65,4,0,0.0,535,34,6.36,755.64,48.02,0.76,70801,21.17,4.24,56.46,-2.82
2020-08-19,Pará,Santa Izabel do Pará,8.47,6,0,0.0,531,34,6.4,749.99,48.02,0.75,70801,16.93,7.06,59.28,7.06
2020-08-17,Pará,Santa Izabel do Pará,1.41,1,0,0.0,525,34,6.48,741.51,48.02,0.74,70801,9.87,1.41,52.22,1.41
2020-08-16,Pará,Santa Izabel do Pará,1.41,1,0,0.0,524,34,6.49,740.1,48.02,0.74,70801,8.46,1.41,50.81,1.41
2020-08-15,Pará,Santa Izabel do Pará,1.41,1,0,0.0,523,34,6.5,738.69,48.02,0.74,70801,7.05,0.0,49.4,1.41
2020-08-14,Pará,Santa Izabel do Pará,0.0,0,0,0.0,522,34,6.51,737.28,48.02,0.74,70801,7.05,-4.24,47.99,-1.41
2020-08-13,Pará,Santa Izabel do Pará,2.82,2,0,0.0,522,34,6.51,737.28,48.02,0.74,70801,11.29,2.82,49.4,1.41
2020-08-12,Pará,Santa Izabel do Pará,1.41,1,0,0.0,520,34,6.54,734.45,48.02,0.73,70801,8.47,1.41,47.99,1.41
2020-08-11,Pará,Santa Izabel do Pará,1.41,1,0,0.0,519,34,6.55,733.04,48.02,0.73,70801,7.06,-5.65,46.58,1.41
2020-08-10,Pará,Santa Izabel do Pará,0.0,0,0,0.0,518,34,6.56,731.63,48.02,0.73,70801,12.71,-1.41,45.17,-11.3
2020-08-09,Pará,Santa Izabel do Pará,0.0,0,0,0.0,518,34,6.56,731.63,48.02,0.73,70801,14.12,0.0,56.47,-1.41
2020-08-08,Pará,Santa Izabel do Pará,1.41,1,0,0.0,518,34,6.56,731.63,48.02,0.73,70801,14.12,1.41,57.88,1.41
2020-08-07,Pará,Santa Izabel do Pará,4.24,3,0,0.0,517,34,6.58,730.22,48.02,0.73,70801,12.71,2.83,56.47,-1.41
2020-08-06,Pará,Santa Izabel do Pará,0.0,0,0,0.0,514,34,6.61,725.98,48.02,0.73,70801,9.88,-19.77,57.88,-14.12
2020-08-05,Pará,Santa Izabel do Pará,0.0,0,0,0.0,514,34,6.61,725.98,48.02,0.73,70801,29.65,0.0,72.0,-9.89
2020-08-04,Pará,Santa Izabel do Pará,7.06,5,0,0.0,514,34,6.61,725.98,48.02,0.73,70801,29.65,15.53,81.89,7.06
2020-08-03,Pará,Santa Izabel do Pará,1.41,1,0,0.0,509,34,6.68,718.92,48.02,0.72,70801,14.12,-1.41,74.83,1.41
2020-08-02,Pará,Santa Izabel do Pará,0.0,0,0,0.0,508,34,6.69,717.5,48.02,0.72,70801,15.53,0.0,73.42,0.0
2020-08-01,Pará,Santa Izabel do Pará,0.0,0,0,0.0,508,34,6.69,717.5,48.02,0.72,70801,15.53,0.0,73.42,-1.41
2020-07-31,Pará,Santa Izabel do Pará,1.41,1,1,1.41,508,34,6.69,717.5,48.02,0.72,70801,15.53,1.41,74.83,-2.83
2020-07-30,Pará,Santa Izabel do Pará,19.77,14,0,0.0,507,33,6.51,716.09,46.61,0.72,70801,14.12,16.95,77.66,18.36
2020-07-29,Pará,Santa Izabel do Pará,0.0,0,0,0.0,493,33,6.69,696.32,46.61,0.7,70801,-2.83,-8.47,59.3,-8.47
2020-07-28,Pará,Santa Izabel do Pará,-8.47,-6,-2,-2.82,493,33,6.69,696.32,46.61,0.7,70801,5.64,-9.88,67.77,-11.29
2020-07-27,Pará,Santa Izabel do Pará,2.82,2,0,0.0,499,35,7.01,704.79,49.43,0.7,70801,15.52,2.82,79.06,1.41
2020-07-26,Pará,Santa Izabel do Pará,0.0,0,0,0.0,497,35,7.04,701.97,49.43,0.7,70801,12.7,0.0,77.65,-1.41
2020-07-25,Pará,Santa Izabel do Pará,0.0,0,0,0.0,497,35,7.04,701.97,49.43,0.7,70801,12.7,0.0,79.06,-2.82
2020-07-24,Pará,Santa Izabel do Pará,0.0,0,0,0.0,497,35,7.04,701.97,49.43,0.7,70801,12.7,-1.41,81.88,-5.65
2020-07-23,Pará,Santa Izabel do Pará,2.82,2,0,0.0,497,35,7.04,701.97,49.43,0.7,70801,14.11,1.41,87.53,2.82
2020-07-22,Pará,Santa Izabel do Pará,8.47,6,0,0.0,495,35,7.07,699.14,49.43,0.7,70801,12.7,8.47,84.71,-9.89
2020-07-21,Pará,Santa Izabel do Pará,1.41,1,0,0.0,489,35,7.16,690.67,49.43,0.69,70801,4.23,1.41,94.6,2.82
2020-07-20,Pará,Santa Izabel do Pará,0.0,0,0,0.0,488,35,7.17,689.26,49.43,0.69,70801,2.82,-11.3,91.78,0.0
2020-07-19,Pará,Santa Izabel do Pará,0.0,0,0,0.0,488,35,7.17,689.26,49.43,0.69,70801,14.12,-1.41,91.78,0.0
2020-07-18,Pará,Santa Izabel do Pará,0.0,0,0,0.0,488,35,7.17,689.26,49.43,0.69,70801,15.53,0.0,91.78,-2.82
2020-07-17,Pará,Santa Izabel do Pará,1.41,1,0,0.0,488,35,7.17,689.26,49.43,0.69,70801,15.53,-4.24,94.6,-2.83
2020-07-16,Pará,Santa Izabel do Pará,1.41,1,1,1.41,487,35,7.19,687.84,49.43,0.69,70801,19.77,-12.71,97.43,-42.37
2020-07-15,Pará,Santa Izabel do Pará,0.0,0,0,0.0,486,34,7.0,686.43,48.02,0.69,70801,32.48,-9.89,139.8,-2.82
2020-07-14,Pará,Santa Izabel do Pará,0.0,0,1,1.41,486,34,7.0,686.43,48.02,0.69,70801,42.37,0.0,142.62,-1.41
2020-07-13,Pará,Santa Izabel do Pará,11.3,8,1,1.41,486,33,6.79,686.43,46.61,0.69,70801,42.37,11.3,144.03,2.83
2020-07-12,Pará,Santa Izabel do Pará,1.41,1,0,0.0,478,32,6.69,675.13,45.2,0.68,70801,31.07,1.41,141.2,1.41
2020-07-11,Pará,Santa Izabel do Pará,0.0,0,0,0.0,477,32,6.71,673.72,45.2,0.67,70801,29.66,-1.41,139.79,-1.41
2020-07-10,Pará,Santa Izabel do Pará,5.65,4,0,0.0,477,32,6.71,673.72,45.2,0.67,70801,31.07,1.41,141.2,2.83
2020-07-09,Pará,Santa Izabel do Pará,14.12,10,0,0.0,473,32,6.77,668.07,45.2,0.67,70801,29.66,12.71,138.37,14.12
2020-07-08,Pará,Santa Izabel do Pará,9.89,7,0,0.0,463,32,6.91,653.95,45.2,0.65,70801,16.95,1.42,124.25,1.42
2020-07-07,Pará,Santa Izabel do Pará,0.0,0,0,0.0,456,32,7.02,644.06,45.2,0.64,70801,15.53,-2.82,122.83,-2.82
2020-07-06,Pará,Santa Izabel do Pará,0.0,0,0,0.0,456,32,7.02,644.06,45.2,0.64,70801,18.35,-1.41,125.65,-9.89
2020-07-05,Pará,Santa Izabel do Pará,0.0,0,0,0.0,456,32,7.02,644.06,45.2,0.64,70801,19.76,-1.41,135.54,0.0
2020-07-04,Pará,Santa Izabel do Pará,1.41,1,0,0.0,456,32,7.02,644.06,45.2,0.64,70801,21.17,-1.41,135.54,1.41
2020-07-03,Pará,Santa Izabel do Pará,4.24,3,1,1.41,455,32,7.03,642.65,45.2,0.64,70801,22.58,-1.41,134.13,-32.48
2020-07-02,Pará,Santa Izabel do Pará,1.41,1,0,0.0,452,31,6.86,638.41,43.78,0.64,70801,23.99,1.41,166.61,-43.79
2020-07-01,Pará,Santa Izabel do Pará,8.47,6,0,0.0,451,31,6.87,637.0,43.78,0.64,70801,22.58,-9.89,210.4,2.82
2020-06-30,Pará,Santa Izabel do Pará,2.82,2,0,0.0,445,31,6.97,628.52,43.78,0.63,70801,32.47,4.23,207.58,1.41
2020-06-29,Pará,Santa Izabel do Pará,1.41,1,0,0.0,443,31,7.0,625.7,43.78,0.63,70801,28.24,1.41,206.17,-39.55
2020-06-28,Pará,Santa Izabel do Pará,1.41,1,0,0.0,442,31,7.01,624.28,43.78,0.62,70801,26.83,1.41,245.72,1.41
2020-06-27,Pará,Santa Izabel do Pará,2.82,2,1,1.41,441,31,7.03,622.87,43.78,0.62,70801,25.42,0.0,244.31,-7.07
2020-06-26,Pará,Santa Izabel do Pará,5.65,4,0,0.0,439,30,6.83,620.05,42.37,0.62,70801,25.42,1.41,251.38,-25.42
2020-06-25,Pará,Santa Izabel do Pará,0.0,0,0,0.0,435,30,6.9,614.4,42.37,0.61,70801,24.01,-43.78,276.8,-29.66
2020-06-24,Pará,Santa Izabel do Pará,18.36,13,0,0.0,435,30,6.9,614.4,42.37,0.61,70801,67.79,15.54,306.46,5.65
2020-06-23,Pará,Santa Izabel do Pará,-1.41,-1,0,0.0,422,30,7.11,596.04,42.37,0.6,70801,52.25,-2.82,300.81,-67.79
2020-06-22,Pará,Santa Izabel do Pará,0.0,0,0,0.0,423,30,7.09,597.45,42.37,0.6,70801,55.07,-8.47,368.6,-28.25
2020-06-21,Pará,Santa Izabel do Pará,0.0,0,0,0.0,423,30,7.09,597.45,42.37,0.6,70801,63.54,0.0,396.85,-7.06
2020-06-20,Pará,Santa Izabel do Pará,2.82,2,1,1.41,423,30,7.09,597.45,42.37,0.6,70801,63.54,1.41,403.91,-1.42
2020-06-19,Pará,Santa Izabel do Pará,4.24,3,0,0.0,421,29,6.89,594.62,40.96,0.59,70801,62.13,1.42,405.33,2.83
2020-06-18,Pará,Santa Izabel do Pará,43.78,31,0,0.0,418,29,6.94,590.39,40.96,0.59,70801,60.71,43.78,402.5,39.54
2020-06-17,Pará,Santa Izabel do Pará,2.82,2,3,4.24,387,29,7.49,546.6,40.96,0.55,70801,16.93,-5.65,362.96,0.0
2020-06-16,Pará,Santa Izabel do Pará,1.41,1,1,1.41,385,26,6.75,543.78,36.72,0.54,70801,22.58,-1.41,362.96,-2.83
2020-06-15,Pará,Santa Izabel do Pará,8.47,6,0,0.0,384,25,6.51,542.37,35.31,0.54,70801,23.99,-1.42,365.79,5.65
2020-06-14,Pará,Santa Izabel do Pará,0.0,0,0,0.0,378,25,6.61,533.89,35.31,0.53,70801,25.41,0.0,360.14,-8.47
2020-06-13,Pará,Santa Izabel do Pará,1.41,1,0,0.0,378,25,6.61,533.89,35.31,0.53,70801,25.41,1.41,368.61,-7.06
2020-06-12,Pará,Santa Izabel do Pará,2.82,2,2,2.82,377,25,6.63,532.48,35.31,0.53,70801,24.0,-33.9,375.67,-1.42
2020-06-11,Pará,Santa Izabel do Pará,0.0,0,0,0.0,375,23,6.13,529.65,32.49,0.53,70801,57.9,-45.2,377.09,-7.06
2020-06-10,Pará,Santa Izabel do Pará,8.47,6,0,0.0,375,23,6.13,529.65,32.49,0.53,70801,103.1,2.82,384.15,7.06
2020-06-09,Pará,Santa Izabel do Pará,2.82,2,0,0.0,369,23,6.23,521.18,32.49,0.52,70801,100.28,1.41,377.09,-1.42
2020-06-08,Pará,Santa Izabel do Pará,9.89,7,0,0.0,367,23,6.27,518.35,32.49,0.52,70801,98.87,-31.07,378.51,7.07
2020-06-07,Pará,Santa Izabel do Pará,0.0,0,0,0.0,360,23,6.39,508.47,32.49,0.51,70801,129.94,0.0,371.44,-5.65
2020-06-06,Pará,Santa Izabel do Pará,0.0,0,0,0.0,360,23,6.39,508.47,32.49,0.51,70801,129.94,-9.89,377.09,-8.47
2020-06-05,Pará,Santa Izabel do Pará,36.72,26,1,1.41,360,23,6.39,508.47,32.49,0.51,70801,139.83,5.65,385.56,36.72
2020-06-04,Pará,Santa Izabel do Pará,45.2,32,2,2.82,334,22,6.59,471.74,31.07,0.47,70801,134.18,15.54,348.84,39.55
2020-06-03,Pará,Santa Izabel do Pará,5.65,4,2,2.82,302,20,6.62,426.55,28.25,0.43,70801,118.64,-7.06,309.29,1.41
2020-06-02,Pará,Santa Izabel do Pará,1.41,1,0,0.0,298,18,6.04,420.9,25.42,0.42,70801,125.7,-64.97,307.88,-12.71
2020-06-01,Pará,Santa Izabel do Pará,40.96,29,1,1.41,297,18,6.06,419.49,25.42,0.42,70801,190.67,12.71,320.59,36.72
2020-05-31,Pará,Santa Izabel do Pará,0.0,0,0,0.0,268,17,6.34,378.53,24.01,0.38,70801,177.96,-7.06,283.87,-1.41
2020-05-30,Pará,Santa Izabel do Pará,9.89,7,0,0.0,268,17,6.34,378.53,24.01,0.38,70801,185.02,5.65,285.28,2.83
2020-05-29,Pará,Santa Izabel do Pará,31.07,22,0,0.0,261,17,6.51,368.64,24.01,0.37,70801,179.37,29.66,282.45,5.65
2020-05-28,Pará,Santa Izabel do Pará,29.66,21,9,12.71,239,17,7.11,337.57,24.01,0.34,70801,149.71,25.42,276.8,26.84
2020-05-27,Pará,Santa Izabel do Pará,12.71,9,1,1.41,218,8,3.67,307.91,11.3,0.31,70801,124.29,9.89,249.96,4.24
2020-05-26,Pará,Santa Izabel do Pará,66.38,47,0,0.0,209,7,3.35,295.19,9.89,0.3,70801,114.4,62.14,245.72,60.73
2020-05-25,Pará,Santa Izabel do Pará,28.25,20,0,0.0,162,7,4.32,228.81,9.89,0.23,70801,52.26,25.43,184.99,16.95
2020-05-24,Pará,Santa Izabel do Pará,7.06,5,0,0.0,142,7,4.93,200.56,9.89,0.2,70801,26.83,-1.41,168.04,5.65
2020-05-23,Pará,Santa Izabel do Pará,4.24,3,0,0.0,137,7,5.11,193.5,9.89,0.19,70801,28.24,-4.23,162.39,0.0
2020-05-22,Pará,Santa Izabel do Pará,1.41,1,0,0.0,134,7,5.22,189.26,9.89,0.19,70801,32.47,-2.83,162.39,-8.48
2020-05-21,Pará,Santa Izabel do Pará,4.24,3,0,0.0,133,7,5.26,187.85,9.89,0.19,70801,35.3,-2.82,170.87,-4.23
2020-05-20,Pará,Santa Izabel do Pará,2.82,2,0,0.0,130,7,5.38,183.61,9.89,0.18,70801,38.12,1.41,175.1,-2.83
2020-05-18,Pará,Santa Izabel do Pará,4.24,3,0,0.0,128,7,5.47,180.79,9.89,0.18,70801,36.71,0.0,177.93,-1.41
2020-05-17,Pará,Santa Izabel do Pará,2.82,2,0,0.0,125,7,5.6,176.55,9.89,0.18,70801,36.71,0.0,179.34,2.82
2020-05-16,Pará,Santa Izabel do Pará,8.47,6,0,0.0,123,7,5.69,173.73,9.89,0.17,70801,36.71,2.82,176.52,8.47
2020-05-15,Pará,Santa Izabel do Pará,8.47,6,0,0.0,117,7,5.98,165.25,9.89,0.17,70801,33.89,0.0,168.05,8.47
2020-05-14,Pará,Santa Izabel do Pará,4.24,3,0,0.0,111,7,6.31,156.78,9.89,0.16,70801,33.89,4.24,159.58,4.24
2020-05-13,Pará,Santa Izabel do Pará,7.06,5,0,0.0,108,7,6.48,152.54,9.89,0.15,70801,29.65,1.41,155.34,7.06
2020-05-12,Pará,Santa Izabel do Pará,1.41,1,1,1.41,103,7,6.8,145.48,9.89,0.15,70801,28.24,-2.83,148.28,1.41
2020-05-11,Pará,Santa Izabel do Pará,4.24,3,3,4.24,102,6,5.88,144.07,8.47,0.14,70801,31.07,-9.88,146.87,4.24
2020-05-10,Pará,Santa Izabel do Pará,2.82,2,1,1.41,99,3,3.03,139.83,4.24,0.14,70801,40.95,-1.42,142.63,2.82
2020-05-09,Pará,Santa Izabel do Pará,5.65,4,0,0.0,97,2,2.06,137.0,2.82,0.14,70801,42.37,4.24,139.81,5.65
2020-05-08,Pará,Santa Izabel do Pará,8.47,6,0,0.0,93,2,2.15,131.35,2.82,0.13,70801,38.13,1.41,134.16,8.47
2020-05-07,Pará,Santa Izabel do Pará,0.0,0,1,1.41,87,2,2.3,122.88,2.82,0.12,70801,36.72,-25.42,125.69,0.0
2020-05-06,Pará,Santa Izabel do Pará,5.65,4,0,0.0,87,1,1.15,122.88,1.41,0.12,70801,62.14,2.83,125.69,5.65
2020-05-05,Pará,Santa Izabel do Pará,4.24,3,0,0.0,83,1,1.2,117.23,1.41,0.12,70801,59.31,-4.23,120.04,4.24
2020-05-04,Pará,Santa Izabel do Pará,14.12,10,0,0.0,80,1,1.25,112.99,1.41,0.11,70801,63.54,8.47,115.8,14.12
2020-05-03,Pará,Santa Izabel do Pará,4.24,3,0,0.0,70,1,1.43,98.87,1.41,0.1,70801,55.07,-7.06,101.68,4.24
2020-05-02,Pará,Santa Izabel do Pará,1.41,1,0,0.0,67,1,1.49,94.63,1.41,0.09,70801,62.13,0.0,97.44,1.41
2020-05-01,Pará,Santa Izabel do Pará,7.06,5,0,0.0,66,1,1.52,93.22,1.41,0.09,70801,62.13,2.82,96.03,7.06
2020-04-30,Pará,Santa Izabel do Pará,25.42,18,0,0.0,61,1,1.64,86.16,1.41,0.09,70801,59.31,15.53,88.97,25.42
2020-04-29,Pará,Santa Izabel do Pará,2.82,2,0,0.0,43,1,2.33,60.73,1.41,0.06,70801,43.78,-5.65,63.55,2.82
2020-04-28,Pará,Santa Izabel do Pará,8.47,6,0,0.0,41,1,2.44,57.91,1.41,0.06,70801,49.43,2.82,60.73,8.47
2020-04-27,Pará,Santa Izabel do Pará,5.65,4,0,0.0,35,1,2.86,49.43,1.41,0.05,70801,46.61,0.0,52.26,5.65
2020-04-26,Pará,Santa Izabel do Pará,11.3,8,0,0.0,31,1,3.23,43.78,1.41,0.04,70801,46.61,11.3,46.61,11.3
2020-04-25,Pará,Santa Izabel do Pará,1.41,1,0,0.0,23,1,4.35,32.49,1.41,0.03,70801,35.31,1.41,35.31,1.41
2020-04-24,Pará,Santa Izabel do Pará,4.24,3,1,1.41,22,1,4.55,31.07,1.41,0.03,70801,33.9,4.24,33.9,4.24
2020-04-23,Pará,Santa Izabel do Pará,9.89,7,0,0.0,19,0,0.0,26.84,0.0,0.03,70801,29.66,9.89,29.66,9.89
2020-04-22,Pará,Santa Izabel do Pará,8.47,6,0,0.0,12,0,0.0,16.95,0.0,0.02,70801,19.77,8.47,19.77,8.47
2020-04-21,Pará,Santa Izabel do Pará,5.65,4,0,0.0,6,0,0.0,8.47,0.0,0.01,70801,11.3,5.65,11.3,5.65
2020-04-20,Pará,Santa Izabel do Pará,5.65,4,0,0.0,2,0,0.0,2.82,0.0,0.0,70801,5.65,5.65,5.65,5.65
