date,region_name,province_name,1day_cases_100k,new_cases,total_cases,total_cases_100k,%infected,population,7day_cases_100k,7day_cases_change,28day_cases_100k,28day_cases_change
2020-08-25,Marche,Ancona,0.63,3,1930,405.3,0.41,476192,2.73,-0.21,9.87,0.63
2020-08-24,Marche,Ancona,0.63,3,1927,404.67,0.4,476192,2.94,0.63,9.24,0.63
2020-08-23,Marche,Ancona,0.21,1,1924,404.04,0.4,476192,2.31,0.0,8.61,0.21
2020-08-22,Marche,Ancona,0.63,3,1923,403.83,0.4,476192,2.31,0.63,8.4,0.63
2020-08-21,Marche,Ancona,0.21,1,1920,403.2,0.4,476192,1.68,-0.63,7.77,0.21
2020-08-20,Marche,Ancona,0.21,1,1919,402.99,0.4,476192,2.31,0.0,7.56,0.21
2020-08-19,Marche,Ancona,0.21,1,1918,402.78,0.4,476192,2.31,-0.84,7.35,0.0
2020-08-18,Marche,Ancona,0.84,4,1917,402.57,0.4,476192,3.15,0.42,7.35,0.42
2020-08-17,Marche,Ancona,0.0,0,1913,401.73,0.4,476192,2.73,-0.21,6.93,0.0
2020-08-16,Marche,Ancona,0.21,1,1913,401.73,0.4,476192,2.94,0.0,6.93,0.21
2020-08-15,Marche,Ancona,0.0,0,1912,401.52,0.4,476192,2.94,0.0,6.72,-0.21
2020-08-14,Marche,Ancona,0.84,4,1912,401.52,0.4,476192,2.94,0.84,6.93,0.84
2020-08-13,Marche,Ancona,0.21,1,1908,400.68,0.4,476192,2.1,-0.21,6.09,0.21
2020-08-12,Marche,Ancona,1.05,5,1907,400.47,0.4,476192,2.31,0.42,5.88,1.05
2020-08-11,Marche,Ancona,0.42,2,1902,399.42,0.4,476192,1.89,0.42,4.83,0.42
2020-08-10,Marche,Ancona,0.21,1,1900,399.0,0.4,476192,1.47,0.21,4.41,0.21
2020-08-09,Marche,Ancona,0.21,1,1899,398.79,0.4,476192,1.26,0.21,4.2,0.21
2020-08-08,Marche,Ancona,0.0,0,1898,398.58,0.4,476192,1.05,-0.21,3.99,-0.21
2020-08-07,Marche,Ancona,0.0,0,1898,398.58,0.4,476192,1.26,-1.26,4.2,0.0
2020-08-06,Marche,Ancona,0.42,2,1898,398.58,0.4,476192,2.52,0.42,4.2,0.21
2020-08-05,Marche,Ancona,0.63,3,1896,398.16,0.4,476192,2.1,0.0,3.99,0.63
2020-08-04,Marche,Ancona,0.0,0,1893,397.53,0.4,476192,2.1,0.0,3.36,0.0
2020-08-03,Marche,Ancona,0.0,0,1893,397.53,0.4,476192,2.1,0.0,3.36,0.0
2020-08-02,Marche,Ancona,0.0,0,1893,397.53,0.4,476192,2.1,0.0,3.36,-0.21
2020-08-01,Marche,Ancona,0.21,1,1893,397.53,0.4,476192,2.1,0.21,3.57,0.21
2020-07-31,Marche,Ancona,1.26,6,1892,397.32,0.4,476192,1.89,1.26,3.36,1.26
2020-07-30,Marche,Ancona,0.0,0,1886,396.06,0.4,476192,0.63,0.0,2.1,-0.21
2020-07-29,Marche,Ancona,0.63,3,1886,396.06,0.4,476192,0.63,0.42,2.31,0.63
2020-07-28,Marche,Ancona,0.0,0,1883,395.43,0.4,476192,0.21,-0.42,1.68,0.0
2020-07-27,Marche,Ancona,0.0,0,1883,395.43,0.4,476192,0.63,0.0,1.68,0.0
2020-07-26,Marche,Ancona,0.0,0,1883,395.43,0.4,476192,0.63,0.0,1.68,0.0
2020-07-25,Marche,Ancona,0.0,0,1883,395.43,0.4,476192,0.63,-0.21,1.68,0.0
2020-07-24,Marche,Ancona,0.0,0,1883,395.43,0.4,476192,0.84,0.0,1.68,0.0
2020-07-23,Marche,Ancona,0.0,0,1883,395.43,0.4,476192,0.84,0.0,1.68,0.0
2020-07-22,Marche,Ancona,0.21,1,1883,395.43,0.4,476192,0.84,0.21,1.68,0.21
2020-07-21,Marche,Ancona,0.42,2,1882,395.22,0.4,476192,0.63,0.42,1.47,0.42
2020-07-20,Marche,Ancona,0.0,0,1880,394.8,0.39,476192,0.21,0.0,1.05,0.21
2020-07-19,Marche,Ancona,0.0,0,1880,394.8,0.39,476192,0.21,0.0,0.84,0.0
2020-07-18,Marche,Ancona,0.21,1,1880,394.8,0.39,476192,0.21,0.0,0.84,0.21
2020-07-17,Marche,Ancona,0.0,0,1879,394.59,0.39,476192,0.21,0.0,0.63,0.0
2020-07-16,Marche,Ancona,0.0,0,1879,394.59,0.39,476192,0.21,-0.21,0.63,0.0
2020-07-15,Marche,Ancona,0.0,0,1879,394.59,0.39,476192,0.42,0.0,0.63,0.0
2020-07-14,Marche,Ancona,0.0,0,1879,394.59,0.39,476192,0.42,0.0,0.63,-0.21
2020-07-13,Marche,Ancona,0.0,0,1879,394.59,0.39,476192,0.42,0.0,0.84,0.0
2020-07-12,Marche,Ancona,0.0,0,1879,394.59,0.39,476192,0.42,-0.21,0.84,-0.21
2020-07-11,Marche,Ancona,0.21,1,1879,394.59,0.39,476192,0.63,0.21,1.05,0.0
2020-07-10,Marche,Ancona,0.0,0,1878,394.38,0.39,476192,0.42,0.0,1.05,0.0
2020-07-09,Marche,Ancona,0.21,1,1878,394.38,0.39,476192,0.42,0.0,1.05,0.21
2020-07-08,Marche,Ancona,0.0,0,1877,394.17,0.39,476192,0.42,0.0,0.84,0.0
2020-07-07,Marche,Ancona,0.0,0,1877,394.17,0.39,476192,0.42,0.0,0.84,0.0
2020-07-06,Marche,Ancona,0.0,0,1877,394.17,0.39,476192,0.42,0.0,0.84,-0.21
2020-07-05,Marche,Ancona,0.21,1,1877,394.17,0.39,476192,0.42,0.21,1.05,0.21
2020-07-04,Marche,Ancona,0.0,0,1876,393.96,0.39,476192,0.21,0.0,0.84,0.0
2020-07-03,Marche,Ancona,0.0,0,1876,393.96,0.39,476192,0.21,0.0,0.84,0.0
2020-07-02,Marche,Ancona,0.21,1,1876,393.96,0.39,476192,0.21,0.21,0.84,0.21
2020-07-01,Marche,Ancona,0.0,0,1875,393.75,0.39,476192,-0.0,0.0,0.63,0.0
2020-06-30,Marche,Ancona,0.0,0,1875,393.75,0.39,476192,-0.0,0.0,0.63,0.0
2020-06-29,Marche,Ancona,0.0,0,1875,393.75,0.39,476192,-0.0,0.21,0.63,0.0
2020-06-28,Marche,Ancona,0.0,0,1875,393.75,0.39,476192,-0.21,0.0,0.63,-0.21
2020-06-27,Marche,Ancona,0.0,0,1875,393.75,0.39,476192,-0.21,0.0,0.84,-0.21
2020-06-26,Marche,Ancona,0.0,0,1875,393.75,0.39,476192,-0.21,0.0,1.05,0.0
2020-06-25,Marche,Ancona,0.0,0,1875,393.75,0.39,476192,-0.21,0.0,1.05,0.0
2020-06-24,Marche,Ancona,0.0,0,1875,393.75,0.39,476192,-0.21,0.0,1.05,0.0
2020-06-23,Marche,Ancona,0.0,0,1875,393.75,0.39,476192,-0.21,-0.21,1.05,0.0
2020-06-22,Marche,Ancona,-0.21,-1,1875,393.75,0.39,476192,-0.0,-0.21,1.05,-0.42
2020-06-21,Marche,Ancona,0.0,0,1876,393.96,0.39,476192,0.21,-0.21,1.47,-1.26
2020-06-20,Marche,Ancona,0.0,0,1876,393.96,0.39,476192,0.42,-0.21,2.73,-0.21
2020-06-19,Marche,Ancona,0.0,0,1876,393.96,0.39,476192,0.63,0.0,2.94,-0.42
2020-06-18,Marche,Ancona,0.0,0,1876,393.96,0.39,476192,0.63,0.0,3.36,0.0
2020-06-17,Marche,Ancona,0.0,0,1876,393.96,0.39,476192,0.63,0.0,3.36,0.0
2020-06-16,Marche,Ancona,0.21,1,1876,393.96,0.39,476192,0.63,0.21,3.36,1.68
2020-06-15,Marche,Ancona,0.0,0,1875,393.75,0.39,476192,0.42,-0.21,1.68,-1.68
2020-06-14,Marche,Ancona,0.21,1,1875,393.75,0.39,476192,0.63,0.21,3.36,-1.05
2020-06-13,Marche,Ancona,0.21,1,1874,393.54,0.39,476192,0.42,0.21,4.41,-2.52
2020-06-12,Marche,Ancona,0.0,0,1873,393.33,0.39,476192,0.21,0.0,6.93,0.0
2020-06-11,Marche,Ancona,0.0,0,1873,393.33,0.39,476192,0.21,0.0,6.93,0.0
2020-06-10,Marche,Ancona,0.0,0,1873,393.33,0.39,476192,0.21,0.0,6.93,-0.21
2020-06-09,Marche,Ancona,0.0,0,1873,393.33,0.39,476192,0.21,0.0,7.14,-0.42
2020-06-08,Marche,Ancona,0.21,1,1873,393.33,0.39,476192,0.21,0.21,7.56,0.21
2020-06-07,Marche,Ancona,0.0,0,1872,393.12,0.39,476192,-0.0,-0.21,7.35,-1.47
2020-06-06,Marche,Ancona,0.0,0,1872,393.12,0.39,476192,0.21,-0.21,8.82,-0.84
2020-06-05,Marche,Ancona,0.0,0,1872,393.12,0.39,476192,0.42,0.0,9.66,-0.84
2020-06-04,Marche,Ancona,0.0,0,1872,393.12,0.39,476192,0.42,0.0,10.5,0.0
2020-06-03,Marche,Ancona,0.0,0,1872,393.12,0.39,476192,0.42,0.0,10.5,-0.42
2020-06-02,Marche,Ancona,0.0,0,1872,393.12,0.39,476192,0.42,0.0,10.92,-0.21
2020-06-01,Marche,Ancona,0.0,0,1872,393.12,0.39,476192,0.42,-0.21,11.13,-0.42
2020-05-31,Marche,Ancona,0.21,1,1872,393.12,0.39,476192,0.63,-1.05,11.55,-0.42
2020-05-30,Marche,Ancona,0.21,1,1871,392.91,0.39,476192,1.68,0.0,11.97,0.0
2020-05-29,Marche,Ancona,0.0,0,1870,392.7,0.39,476192,1.68,-0.42,11.97,-0.63
2020-05-28,Marche,Ancona,0.0,0,1870,392.7,0.39,476192,2.1,0.0,12.6,-1.05
2020-05-27,Marche,Ancona,0.0,0,1870,392.7,0.39,476192,2.1,0.0,13.65,-1.05
2020-05-26,Marche,Ancona,0.0,0,1870,392.7,0.39,476192,2.1,1.47,14.7,-0.21
2020-05-25,Marche,Ancona,0.21,1,1870,392.7,0.39,476192,0.63,-1.47,14.91,-0.42
2020-05-24,Marche,Ancona,1.26,6,1869,392.49,0.39,476192,2.1,0.0,15.33,-0.21
2020-05-23,Marche,Ancona,0.21,1,1863,391.23,0.39,476192,2.1,-2.52,15.54,-0.63
2020-05-22,Marche,Ancona,0.42,2,1862,391.02,0.39,476192,4.62,0.42,16.17,-3.15
2020-05-21,Marche,Ancona,0.0,0,1860,390.6,0.39,476192,4.2,0.0,19.32,-0.84
2020-05-20,Marche,Ancona,0.0,0,1860,390.6,0.39,476192,4.2,-0.21,20.16,-0.84
2020-05-19,Marche,Ancona,-1.47,-7,1860,390.6,0.39,476192,4.41,-1.89,21.0,-6.3
2020-05-18,Marche,Ancona,1.68,8,1867,392.07,0.39,476192,6.3,1.68,27.3,-2.31
2020-05-17,Marche,Ancona,1.26,6,1859,390.39,0.39,476192,4.62,-0.21,29.61,-2.1
2020-05-16,Marche,Ancona,2.73,13,1853,389.13,0.39,476192,4.83,1.89,31.71,-0.63
2020-05-15,Marche,Ancona,0.0,0,1840,386.4,0.39,476192,2.94,-0.84,32.34,-4.62
2020-05-14,Marche,Ancona,0.0,0,1840,386.4,0.39,476192,3.78,0.0,36.96,-3.57
2020-05-13,Marche,Ancona,0.21,1,1840,386.4,0.39,476192,3.78,-0.21,40.53,-3.57
2020-05-12,Marche,Ancona,0.42,2,1839,386.19,0.39,476192,3.99,0.21,44.1,-4.62
2020-05-11,Marche,Ancona,0.0,0,1837,385.77,0.39,476192,3.78,-0.42,48.72,-3.15
2020-05-10,Marche,Ancona,1.47,7,1837,385.77,0.39,476192,4.2,0.84,51.87,-7.56
2020-05-09,Marche,Ancona,0.84,4,1830,384.3,0.38,476192,3.36,0.63,59.43,-8.82
2020-05-08,Marche,Ancona,0.84,4,1826,383.46,0.38,476192,2.73,0.21,68.25,-3.36
2020-05-07,Marche,Ancona,0.0,0,1822,382.62,0.38,476192,2.52,-1.05,71.61,-5.46
2020-05-06,Marche,Ancona,0.42,2,1822,382.62,0.38,476192,3.57,-0.63,77.07,-5.04
2020-05-05,Marche,Ancona,0.21,1,1820,382.2,0.38,476192,4.2,0.0,82.11,-5.67
2020-05-04,Marche,Ancona,0.42,2,1819,381.99,0.38,476192,4.2,-0.21,87.78,-9.03
2020-05-03,Marche,Ancona,0.63,3,1817,381.57,0.38,476192,4.41,-0.84,96.81,-13.23
2020-05-02,Marche,Ancona,0.21,1,1814,380.94,0.38,476192,5.25,-0.63,110.04,-5.46
2020-05-01,Marche,Ancona,0.63,3,1813,380.73,0.38,476192,5.88,-2.94,115.5,-10.29
2020-04-30,Marche,Ancona,1.05,5,1810,380.1,0.38,476192,8.82,0.21,125.79,-6.72
2020-04-29,Marche,Ancona,1.05,5,1805,379.05,0.38,476192,8.61,0.21,132.51,-11.13
2020-04-28,Marche,Ancona,0.21,1,1800,378.0,0.38,476192,8.4,-4.62,143.64,-11.55
2020-04-27,Marche,Ancona,0.63,3,1799,377.79,0.38,476192,13.02,-3.36,155.19,-7.98
2020-04-26,Marche,Ancona,1.47,7,1796,377.16,0.38,476192,16.38,-1.89,163.17,-14.28
2020-04-25,Marche,Ancona,0.84,4,1789,375.69,0.38,476192,18.27,-2.52,177.45,-7.35
2020-04-24,Marche,Ancona,3.57,17,1785,374.85,0.37,476192,20.79,-1.05,184.8,-3.99
2020-04-23,Marche,Ancona,0.84,4,1768,371.28,0.37,476192,21.84,-2.73,188.79,-9.45
2020-04-22,Marche,Ancona,0.84,4,1764,370.44,0.37,476192,24.57,-2.94,198.24,-13.65
2020-04-21,Marche,Ancona,4.83,23,1760,369.6,0.37,476192,27.51,-0.21,211.89,-5.46
2020-04-20,Marche,Ancona,3.99,19,1737,364.77,0.36,476192,27.72,0.84,217.35,-1.47
2020-04-19,Marche,Ancona,3.36,16,1718,360.78,0.36,476192,26.88,-5.67,218.82,-20.16
2020-04-18,Marche,Ancona,3.36,16,1702,357.42,0.36,476192,32.55,-6.3,238.98,-7.35
2020-04-17,Marche,Ancona,4.62,22,1686,354.06,0.35,476192,38.85,0.42,246.33,-9.24
2020-04-16,Marche,Ancona,3.57,17,1664,349.44,0.35,476192,38.43,-1.89,255.57,-5.67
2020-04-15,Marche,Ancona,3.78,18,1647,345.87,0.35,476192,40.32,-1.68,261.24,-6.09
2020-04-14,Marche,Ancona,5.04,24,1629,342.09,0.34,476192,42.0,-0.84,267.33,-1.89
2020-04-13,Marche,Ancona,3.15,15,1605,337.05,0.34,476192,42.84,-6.3,269.22,-8.61
2020-04-12,Marche,Ancona,9.03,43,1590,333.9,0.33,476192,49.14,-4.83,277.83,-1.89
2020-04-11,Marche,Ancona,9.66,46,1547,324.87,0.32,476192,53.97,3.99,279.72,-2.31
2020-04-10,Marche,Ancona,4.2,20,1501,315.21,0.32,476192,49.98,-6.72,282.03,0.84
2020-04-09,Marche,Ancona,5.46,26,1481,311.01,0.31,476192,56.7,-2.31,281.19,-1.26
2020-04-08,Marche,Ancona,5.46,26,1455,305.55,0.31,476192,59.01,-6.72,282.45,-0.63
2020-04-07,Marche,Ancona,5.88,28,1429,300.09,0.3,476192,65.73,-5.88,283.08,2.1
2020-04-06,Marche,Ancona,9.45,45,1401,294.21,0.29,476192,71.61,0.84,280.98,7.56
2020-04-05,Marche,Ancona,13.86,66,1356,284.76,0.28,476192,70.77,-1.89,273.42,10.5
2020-04-04,Marche,Ancona,5.67,27,1290,270.9,0.27,476192,72.66,-2.52,262.92,2.52
2020-04-03,Marche,Ancona,10.92,52,1263,265.23,0.27,476192,75.18,3.36,260.4,10.08
2020-04-02,Marche,Ancona,7.77,37,1211,254.31,0.25,476192,71.82,-2.52,250.32,5.67
2020-04-01,Marche,Ancona,12.18,58,1174,246.54,0.25,476192,74.34,-2.31,244.65,11.34
2020-03-31,Marche,Ancona,11.76,56,1116,234.36,0.23,476192,76.65,1.47,233.31,11.13
2020-03-30,Marche,Ancona,8.61,41,1060,222.6,0.22,476192,75.18,3.15,222.18,8.4
2020-03-29,Marche,Ancona,15.75,75,1019,213.99,0.21,476192,72.03,-7.77,213.78,15.54
2020-03-28,Marche,Ancona,8.19,39,944,198.24,0.2,476192,79.8,-2.52,198.24,8.19
2020-03-27,Marche,Ancona,7.56,36,905,190.05,0.19,476192,82.32,-6.3,190.05,7.56
2020-03-26,Marche,Ancona,10.29,49,869,182.49,0.18,476192,88.62,1.05,182.49,10.29
2020-03-25,Marche,Ancona,14.49,69,820,172.2,0.17,476192,87.57,4.62,172.2,14.49
2020-03-24,Marche,Ancona,10.29,49,751,157.71,0.16,476192,82.95,3.36,157.71,10.29
2020-03-23,Marche,Ancona,5.46,26,702,147.42,0.15,476192,79.59,-6.3,147.42,5.46
2020-03-22,Marche,Ancona,23.52,112,676,141.96,0.14,476192,85.89,12.6,141.96,23.52
2020-03-21,Marche,Ancona,10.71,51,564,118.44,0.12,476192,73.29,-1.26,118.44,10.71
2020-03-20,Marche,Ancona,13.86,66,513,107.73,0.11,476192,74.55,10.5,107.73,13.86
2020-03-19,Marche,Ancona,9.24,44,447,93.87,0.09,476192,64.05,2.52,93.87,9.24
2020-03-18,Marche,Ancona,9.87,47,403,84.63,0.08,476192,61.53,3.78,84.63,9.87
2020-03-17,Marche,Ancona,6.93,33,356,74.76,0.07,476192,57.75,3.15,74.76,6.93
2020-03-16,Marche,Ancona,11.76,56,323,67.83,0.07,476192,54.6,9.87,67.83,11.76
2020-03-15,Marche,Ancona,10.92,52,267,56.07,0.06,476192,44.73,7.56,56.07,10.92
2020-03-14,Marche,Ancona,11.97,57,215,45.15,0.05,476192,37.17,8.82,45.15,11.97
2020-03-13,Marche,Ancona,3.36,16,158,33.18,0.03,476192,28.35,2.52,33.18,3.36
2020-03-12,Marche,Ancona,6.72,32,142,29.82,0.03,476192,25.83,4.62,29.82,6.72
2020-03-11,Marche,Ancona,6.09,29,110,23.1,0.02,476192,21.21,5.25,23.1,6.09
2020-03-10,Marche,Ancona,3.78,18,81,17.01,0.02,476192,15.96,3.15,17.01,3.78
2020-03-09,Marche,Ancona,1.89,9,63,13.23,0.01,476192,12.81,1.68,13.23,1.89
2020-03-08,Marche,Ancona,3.36,16,54,11.34,0.01,476192,11.13,3.15,11.34,3.36
2020-03-07,Marche,Ancona,3.15,15,38,7.98,0.01,476192,7.98,3.15,7.98,3.15
2020-03-06,Marche,Ancona,0.84,4,23,4.83,0.0,476192,4.83,0.84,4.83,0.84
2020-03-05,Marche,Ancona,2.1,10,19,3.99,0.0,476192,3.99,2.1,3.99,2.1
2020-03-04,Marche,Ancona,0.84,4,9,1.89,0.0,476192,1.89,0.84,1.89,0.84
2020-03-03,Marche,Ancona,0.63,3,5,1.05,0.0,476192,1.05,0.63,1.05,0.63
2020-03-02,Marche,Ancona,0.21,1,2,0.42,0.0,476192,0.42,0.21,0.42,0.21
2020-03-01,Marche,Ancona,0.21,1,1,0.21,0.0,476192,0.21,0.21,0.21,0.21
2020-02-29,Marche,Ancona,0.0,0,0,0.0,0.0,476192,0.0,0.0,0.0,0.0
2020-02-28,Marche,Ancona,0.0,0,0,0.0,0.0,476192,0.0,0.0,0.0,0.0
2020-02-27,Marche,Ancona,0.0,0,0,0.0,0.0,476192,0.0,0.0,0.0,0.0
2020-02-26,Marche,Ancona,0.0,0,0,0.0,0.0,476192,0.0,0.0,0.0,0.0
2020-02-25,Marche,Ancona,0.0,0,0,0.0,0.0,476192,0.0,0.0,0.0,0.0
2020-02-24,Marche,Ancona,0.0,0,0,0.0,0.0,476192,0.0,0.0,0.0,0.0
