date,state,county,new_cases_100k,new_cases,new_deaths,new_deaths_100k,total_cases,total_deaths,cfr%,total_cases_100k,total_deaths_100k,%infected,population,pop_density
2020-07-19,Georgia,Hall,17.81,36,0,0.0,4394,66,1.5,2173.65,32.65,2.17,202148,514.39
2020-07-18,Georgia,Hall,57.38,116,1,0.49,4358,66,1.51,2155.85,32.65,2.16,202148,514.39
2020-07-17,Georgia,Hall,55.4,112,0,0.0,4242,65,1.53,2098.46,32.15,2.1,202148,514.39
2020-07-16,Georgia,Hall,58.37,118,0,0.0,4130,65,1.57,2043.06,32.15,2.04,202148,514.39
2020-07-15,Georgia,Hall,41.55,84,0,0.0,4012,65,1.62,1984.68,32.15,1.98,202148,514.39
2020-07-14,Georgia,Hall,26.71,54,1,0.49,3928,65,1.65,1943.13,32.15,1.94,202148,514.39
2020-07-13,Georgia,Hall,30.18,61,1,0.49,3874,64,1.65,1916.42,31.66,1.92,202148,514.39
2020-07-12,Georgia,Hall,19.29,39,0,0.0,3813,63,1.65,1886.24,31.17,1.89,202148,514.39
2020-07-11,Georgia,Hall,30.18,61,0,0.0,3774,63,1.67,1866.95,31.17,1.87,202148,514.39
2020-07-10,Georgia,Hall,46.01,93,0,0.0,3713,63,1.7,1836.77,31.17,1.84,202148,514.39
2020-07-09,Georgia,Hall,23.25,47,0,0.0,3620,63,1.74,1790.77,31.17,1.79,202148,514.39
2020-07-08,Georgia,Hall,48.48,98,1,0.49,3573,63,1.76,1767.52,31.17,1.77,202148,514.39
2020-07-07,Georgia,Hall,27.7,56,-1,-0.49,3475,62,1.78,1719.04,30.67,1.72,202148,514.39
2020-07-06,Georgia,Hall,7.42,15,3,1.48,3419,63,1.84,1691.34,31.17,1.69,202148,514.39
2020-07-05,Georgia,Hall,4.45,9,0,0.0,3404,60,1.76,1683.91,29.68,1.68,202148,514.39
2020-07-04,Georgia,Hall,18.8,38,0,0.0,3395,60,1.77,1679.46,29.68,1.68,202148,514.39
2020-07-03,Georgia,Hall,23.25,47,0,0.0,3357,60,1.79,1660.66,29.68,1.66,202148,514.39
2020-07-02,Georgia,Hall,28.69,58,0,0.0,3310,60,1.81,1637.41,29.68,1.64,202148,514.39
2020-07-01,Georgia,Hall,32.15,65,0,0.0,3252,60,1.85,1608.72,29.68,1.61,202148,514.39
2020-06-30,Georgia,Hall,24.24,49,1,0.49,3187,60,1.88,1576.57,29.68,1.58,202148,514.39
2020-06-29,Georgia,Hall,10.39,21,0,0.0,3138,59,1.88,1552.33,29.19,1.55,202148,514.39
2020-06-28,Georgia,Hall,7.91,16,0,0.0,3117,59,1.89,1541.94,29.19,1.54,202148,514.39
2020-06-27,Georgia,Hall,12.86,26,0,0.0,3101,59,1.9,1534.02,29.19,1.53,202148,514.39
2020-06-26,Georgia,Hall,13.36,27,0,0.0,3075,59,1.92,1521.16,29.19,1.52,202148,514.39
2020-06-25,Georgia,Hall,7.91,16,1,0.49,3048,59,1.94,1507.81,29.19,1.51,202148,514.39
2020-06-24,Georgia,Hall,24.73,50,0,0.0,3032,58,1.91,1499.89,28.69,1.5,202148,514.39
2020-06-23,Georgia,Hall,17.81,36,0,0.0,2982,58,1.95,1475.16,28.69,1.48,202148,514.39
2020-06-22,Georgia,Hall,5.44,11,0,0.0,2946,58,1.97,1457.35,28.69,1.46,202148,514.39
2020-06-21,Georgia,Hall,6.43,13,0,0.0,2935,58,1.98,1451.91,28.69,1.45,202148,514.39
2020-06-20,Georgia,Hall,10.39,21,0,0.0,2922,58,1.98,1445.48,28.69,1.45,202148,514.39
2020-06-19,Georgia,Hall,13.36,27,0,0.0,2901,58,2.0,1435.09,28.69,1.44,202148,514.39
2020-06-18,Georgia,Hall,25.72,52,0,0.0,2874,58,2.02,1421.73,28.69,1.42,202148,514.39
2020-06-17,Georgia,Hall,17.31,35,2,0.99,2822,58,2.06,1396.01,28.69,1.4,202148,514.39
2020-06-16,Georgia,Hall,15.83,32,1,0.49,2787,56,2.01,1378.69,27.7,1.38,202148,514.39
2020-06-15,Georgia,Hall,3.96,8,0,0.0,2755,55,2.0,1362.86,27.21,1.36,202148,514.39
2020-06-14,Georgia,Hall,3.46,7,0,0.0,2747,55,2.0,1358.91,27.21,1.36,202148,514.39
2020-06-13,Georgia,Hall,6.43,13,0,0.0,2740,55,2.01,1355.44,27.21,1.36,202148,514.39
2020-06-12,Georgia,Hall,13.85,28,1,0.49,2727,55,2.02,1349.01,27.21,1.35,202148,514.39
2020-06-11,Georgia,Hall,6.43,13,2,0.99,2699,54,2.0,1335.16,26.71,1.34,202148,514.39
2020-06-10,Georgia,Hall,10.88,22,1,0.49,2686,52,1.94,1328.73,25.72,1.33,202148,514.39
2020-06-09,Georgia,Hall,10.88,22,1,0.49,2664,51,1.91,1317.85,25.23,1.32,202148,514.39
2020-06-08,Georgia,Hall,12.86,26,0,0.0,2642,50,1.89,1306.96,24.73,1.31,202148,514.39
2020-06-07,Georgia,Hall,0.49,1,0,0.0,2616,50,1.91,1294.1,24.73,1.29,202148,514.39
2020-06-06,Georgia,Hall,9.4,19,0,0.0,2615,50,1.91,1293.61,24.73,1.29,202148,514.39
2020-06-05,Georgia,Hall,14.84,30,0,0.0,2596,50,1.93,1284.21,24.73,1.28,202148,514.39
2020-06-04,Georgia,Hall,13.36,27,0,0.0,2566,50,1.95,1269.37,24.73,1.27,202148,514.39
2020-06-03,Georgia,Hall,15.34,31,0,0.0,2539,50,1.97,1256.01,24.73,1.26,202148,514.39
2020-06-02,Georgia,Hall,0.49,1,1,0.49,2508,50,1.99,1240.68,24.73,1.24,202148,514.39
2020-06-01,Georgia,Hall,19.79,40,2,0.99,2507,49,1.95,1240.18,24.24,1.24,202148,514.39
2020-05-31,Georgia,Hall,0.0,0,0,0.0,2467,47,1.91,1220.39,23.25,1.22,202148,514.39
2020-05-30,Georgia,Hall,0.99,2,0,0.0,2467,47,1.91,1220.39,23.25,1.22,202148,514.39
2020-05-29,Georgia,Hall,7.42,15,1,0.49,2465,47,1.91,1219.4,23.25,1.22,202148,514.39
2020-05-28,Georgia,Hall,13.85,28,4,1.98,2450,46,1.88,1211.98,22.76,1.21,202148,514.39
2020-05-27,Georgia,Hall,21.77,44,1,0.49,2422,42,1.73,1198.13,20.78,1.2,202148,514.39
2020-05-26,Georgia,Hall,25.23,51,0,0.0,2378,41,1.72,1176.37,20.28,1.18,202148,514.39
2020-05-25,Georgia,Hall,2.47,5,0,0.0,2327,41,1.76,1151.14,20.28,1.15,202148,514.39
2020-05-24,Georgia,Hall,8.41,17,0,0.0,2322,41,1.77,1148.66,20.28,1.15,202148,514.39
2020-05-23,Georgia,Hall,17.81,36,0,0.0,2305,41,1.78,1140.25,20.28,1.14,202148,514.39
2020-05-22,Georgia,Hall,10.39,21,0,0.0,2269,41,1.81,1122.44,20.28,1.12,202148,514.39
2020-05-21,Georgia,Hall,8.9,18,1,0.49,2248,41,1.82,1112.06,20.28,1.11,202148,514.39
2020-05-20,Georgia,Hall,19.29,39,0,0.0,2230,40,1.79,1103.15,19.79,1.1,202148,514.39
2020-05-19,Georgia,Hall,13.36,27,-2,-0.99,2191,40,1.83,1083.86,19.79,1.08,202148,514.39
2020-05-18,Georgia,Hall,6.93,14,2,0.99,2164,42,1.94,1070.5,20.78,1.07,202148,514.39
2020-05-17,Georgia,Hall,1.98,4,0,0.0,2150,40,1.86,1063.58,19.79,1.06,202148,514.39
2020-05-16,Georgia,Hall,2.97,6,0,0.0,2146,40,1.86,1061.6,19.79,1.06,202148,514.39
2020-05-15,Georgia,Hall,7.42,15,0,0.0,2140,40,1.87,1058.63,19.79,1.06,202148,514.39
2020-05-14,Georgia,Hall,6.43,13,3,1.48,2125,40,1.88,1051.21,19.79,1.05,202148,514.39
2020-05-13,Georgia,Hall,25.72,52,2,0.99,2112,37,1.75,1044.78,18.3,1.04,202148,514.39
2020-05-12,Georgia,Hall,10.39,21,6,2.97,2060,35,1.7,1019.06,17.31,1.02,202148,514.39
2020-05-11,Georgia,Hall,13.36,27,1,0.49,2039,29,1.42,1008.67,14.35,1.01,202148,514.39
2020-05-10,Georgia,Hall,4.95,10,0,0.0,2012,28,1.39,995.31,13.85,1.0,202148,514.39
2020-05-09,Georgia,Hall,2.47,5,0,0.0,2002,28,1.4,990.36,13.85,0.99,202148,514.39
2020-05-08,Georgia,Hall,20.28,41,1,0.49,1997,28,1.4,987.89,13.85,0.99,202148,514.39
2020-05-07,Georgia,Hall,20.78,42,0,0.0,1956,27,1.38,967.61,13.36,0.97,202148,514.39
2020-05-06,Georgia,Hall,33.64,68,1,0.49,1914,27,1.41,946.83,13.36,0.95,202148,514.39
2020-05-05,Georgia,Hall,34.63,70,3,1.48,1846,26,1.41,913.19,12.86,0.91,202148,514.39
2020-05-04,Georgia,Hall,37.6,76,0,0.0,1776,23,1.3,878.56,11.38,0.88,202148,514.39
2020-05-03,Georgia,Hall,2.97,6,1,0.49,1700,23,1.35,840.97,11.38,0.84,202148,514.39
2020-05-02,Georgia,Hall,104.87,212,0,0.0,1694,22,1.3,838.0,10.88,0.84,202148,514.39
2020-05-01,Georgia,Hall,67.28,136,1,0.49,1482,22,1.48,733.13,10.88,0.73,202148,514.39
2020-04-30,Georgia,Hall,42.05,85,1,0.49,1346,21,1.56,665.85,10.39,0.67,202148,514.39
2020-04-29,Georgia,Hall,37.6,76,4,1.98,1261,20,1.59,623.8,9.89,0.62,202148,514.39
2020-04-28,Georgia,Hall,43.04,87,4,1.98,1185,16,1.35,586.2,7.91,0.59,202148,514.39
2020-04-27,Georgia,Hall,32.15,65,1,0.49,1098,12,1.09,543.17,5.94,0.54,202148,514.39
2020-04-26,Georgia,Hall,0.49,1,2,0.99,1033,11,1.06,511.01,5.44,0.51,202148,514.39
2020-04-25,Georgia,Hall,4.95,10,0,0.0,1032,9,0.87,510.52,4.45,0.51,202148,514.39
2020-04-24,Georgia,Hall,29.19,59,0,0.0,1022,9,0.88,505.57,4.45,0.51,202148,514.39
2020-04-23,Georgia,Hall,27.7,56,0,0.0,963,9,0.93,476.38,4.45,0.48,202148,514.39
2020-04-22,Georgia,Hall,74.7,151,0,0.0,907,9,0.99,448.68,4.45,0.45,202148,514.39
2020-04-21,Georgia,Hall,26.71,54,0,0.0,756,9,1.19,373.98,4.45,0.37,202148,514.39
2020-04-20,Georgia,Hall,38.09,77,3,1.48,702,9,1.28,347.27,4.45,0.35,202148,514.39
2020-04-19,Georgia,Hall,8.9,18,0,0.0,625,6,0.96,309.18,2.97,0.31,202148,514.39
2020-04-18,Georgia,Hall,0.99,2,0,0.0,607,6,0.99,300.28,2.97,0.3,202148,514.39
2020-04-17,Georgia,Hall,39.08,79,1,0.49,605,6,0.99,299.29,2.97,0.3,202148,514.39
2020-04-16,Georgia,Hall,61.34,124,0,0.0,526,5,0.95,260.21,2.47,0.26,202148,514.39
2020-04-15,Georgia,Hall,19.29,39,5,2.47,402,5,1.24,198.86,2.47,0.2,202148,514.39
2020-04-14,Georgia,Hall,21.77,44,0,0.0,363,0,0.0,179.57,0.0,0.18,202148,514.39
2020-04-13,Georgia,Hall,18.3,37,0,0.0,319,0,0.0,157.81,0.0,0.16,202148,514.39
2020-04-12,Georgia,Hall,2.97,6,0,0.0,282,0,0.0,139.5,0.0,0.14,202148,514.39
2020-04-11,Georgia,Hall,1.48,3,0,0.0,276,0,0.0,136.53,0.0,0.14,202148,514.39
2020-04-10,Georgia,Hall,12.86,26,0,0.0,273,0,0.0,135.05,0.0,0.14,202148,514.39
2020-04-09,Georgia,Hall,6.93,14,0,0.0,247,0,0.0,122.19,0.0,0.12,202148,514.39
2020-04-08,Georgia,Hall,8.9,18,0,0.0,233,0,0.0,115.26,0.0,0.12,202148,514.39
2020-04-07,Georgia,Hall,38.09,77,0,0.0,215,0,0.0,106.36,0.0,0.11,202148,514.39
2020-04-06,Georgia,Hall,10.39,21,0,0.0,138,0,0.0,68.27,0.0,0.07,202148,514.39
2020-04-05,Georgia,Hall,0.0,0,0,0.0,117,0,0.0,57.88,0.0,0.06,202148,514.39
2020-04-04,Georgia,Hall,17.81,36,0,0.0,117,0,0.0,57.88,0.0,0.06,202148,514.39
2020-04-03,Georgia,Hall,4.45,9,0,0.0,81,0,0.0,40.07,0.0,0.04,202148,514.39
2020-04-02,Georgia,Hall,0.49,1,0,0.0,72,0,0.0,35.62,0.0,0.04,202148,514.39
2020-04-01,Georgia,Hall,1.98,4,0,0.0,71,0,0.0,35.12,0.0,0.04,202148,514.39
2020-03-31,Georgia,Hall,16.32,33,0,0.0,67,0,0.0,33.14,0.0,0.03,202148,514.39
2020-03-30,Georgia,Hall,0.49,1,0,0.0,34,0,0.0,16.82,0.0,0.02,202148,514.39
2020-03-29,Georgia,Hall,0.99,2,0,0.0,33,0,0.0,16.32,0.0,0.02,202148,514.39
2020-03-28,Georgia,Hall,0.49,1,0,0.0,31,0,0.0,15.34,0.0,0.02,202148,514.39
2020-03-27,Georgia,Hall,3.96,8,0,0.0,30,0,0.0,14.84,0.0,0.01,202148,514.39
2020-03-26,Georgia,Hall,1.48,3,0,0.0,22,0,0.0,10.88,0.0,0.01,202148,514.39
2020-03-25,Georgia,Hall,1.48,3,0,0.0,19,0,0.0,9.4,0.0,0.01,202148,514.39
2020-03-24,Georgia,Hall,2.97,6,0,0.0,16,0,0.0,7.91,0.0,0.01,202148,514.39
2020-03-23,Georgia,Hall,0.49,1,0,0.0,10,0,0.0,4.95,0.0,0.0,202148,514.39
2020-03-22,Georgia,Hall,0.0,0,0,0.0,9,0,0.0,4.45,0.0,0.0,202148,514.39
2020-03-21,Georgia,Hall,1.48,3,0,0.0,9,0,0.0,4.45,0.0,0.0,202148,514.39
2020-03-20,Georgia,Hall,0.49,1,0,0.0,6,0,0.0,2.97,0.0,0.0,202148,514.39
2020-03-19,Georgia,Hall,0.99,2,0,0.0,5,0,0.0,2.47,0.0,0.0,202148,514.39
2020-03-18,Georgia,Hall,0.99,2,0,0.0,3,0,0.0,1.48,0.0,0.0,202148,514.39
2020-03-17,Georgia,Hall,0.0,0,0,0.0,1,0,0.0,0.49,0.0,0.0,202148,514.39
2020-03-16,Georgia,Hall,0.0,0,0,0.0,1,0,0.0,0.49,0.0,0.0,202148,514.39
