date,state,county,new_cases_100k,new_cases,new_deaths,new_deaths_100k,total_cases,total_deaths,cfr%,total_cases_100k,total_deaths_100k,%infected,population,pop_density
2020-07-30,Georgia,Polk,70.64,30,0,0.0,614,6,0.98,1445.73,14.13,1.45,42470,136.85
2020-07-29,Georgia,Polk,87.12,37,1,2.35,584,6,1.03,1375.09,14.13,1.38,42470,136.85
2020-07-28,Georgia,Polk,37.67,16,0,0.0,547,5,0.91,1287.97,11.77,1.29,42470,136.85
2020-07-27,Georgia,Polk,23.55,10,0,0.0,531,5,0.94,1250.29,11.77,1.25,42470,136.85
2020-07-26,Georgia,Polk,28.26,12,0,0.0,521,5,0.96,1226.75,11.77,1.23,42470,136.85
2020-07-25,Georgia,Polk,70.64,30,1,2.35,509,5,0.98,1198.49,11.77,1.2,42470,136.85
2020-07-24,Georgia,Polk,51.8,22,1,2.35,479,4,0.84,1127.85,9.42,1.13,42470,136.85
2020-07-23,Georgia,Polk,42.38,18,0,0.0,457,3,0.66,1076.05,7.06,1.08,42470,136.85
2020-07-22,Georgia,Polk,18.84,8,1,2.35,439,3,0.68,1033.67,7.06,1.03,42470,136.85
2020-07-21,Georgia,Polk,32.96,14,0,0.0,431,2,0.46,1014.83,4.71,1.01,42470,136.85
2020-07-20,Georgia,Polk,4.71,2,0,0.0,417,2,0.48,981.87,4.71,0.98,42470,136.85
2020-07-19,Georgia,Polk,11.77,5,0,0.0,415,2,0.48,977.16,4.71,0.98,42470,136.85
2020-07-18,Georgia,Polk,25.9,11,1,2.35,410,2,0.49,965.39,4.71,0.97,42470,136.85
2020-07-17,Georgia,Polk,30.61,13,0,0.0,399,1,0.25,939.49,2.35,0.94,42470,136.85
2020-07-16,Georgia,Polk,32.96,14,0,0.0,386,1,0.26,908.88,2.35,0.91,42470,136.85
2020-07-15,Georgia,Polk,89.47,38,0,0.0,372,1,0.27,875.91,2.35,0.88,42470,136.85
2020-07-14,Georgia,Polk,9.42,4,0,0.0,334,1,0.3,786.44,2.35,0.79,42470,136.85
2020-07-13,Georgia,Polk,16.48,7,0,0.0,330,1,0.3,777.02,2.35,0.78,42470,136.85
2020-07-12,Georgia,Polk,9.42,4,0,0.0,323,1,0.31,760.54,2.35,0.76,42470,136.85
2020-07-11,Georgia,Polk,51.8,22,0,0.0,319,1,0.31,751.12,2.35,0.75,42470,136.85
2020-07-10,Georgia,Polk,32.96,14,0,0.0,297,1,0.34,699.32,2.35,0.7,42470,136.85
2020-07-09,Georgia,Polk,21.19,9,0,0.0,283,1,0.35,666.35,2.35,0.67,42470,136.85
2020-07-08,Georgia,Polk,47.09,20,0,0.0,274,1,0.36,645.16,2.35,0.65,42470,136.85
2020-07-07,Georgia,Polk,49.45,21,0,0.0,254,1,0.39,598.07,2.35,0.6,42470,136.85
2020-07-06,Georgia,Polk,-2.35,-1,0,0.0,233,1,0.43,548.62,2.35,0.55,42470,136.85
2020-07-05,Georgia,Polk,7.06,3,0,0.0,234,1,0.43,550.98,2.35,0.55,42470,136.85
2020-07-04,Georgia,Polk,16.48,7,0,0.0,231,1,0.43,543.91,2.35,0.54,42470,136.85
2020-07-03,Georgia,Polk,35.32,15,0,0.0,224,1,0.45,527.43,2.35,0.53,42470,136.85
2020-07-02,Georgia,Polk,2.35,1,-1,-2.35,209,1,0.48,492.11,2.35,0.49,42470,136.85
2020-07-01,Georgia,Polk,7.06,3,0,0.0,208,2,0.96,489.76,4.71,0.49,42470,136.85
2020-06-30,Georgia,Polk,-2.35,-1,1,2.35,205,2,0.98,482.69,4.71,0.48,42470,136.85
2020-06-29,Georgia,Polk,2.35,1,0,0.0,206,1,0.49,485.05,2.35,0.49,42470,136.85
2020-06-28,Georgia,Polk,4.71,2,0,0.0,205,1,0.49,482.69,2.35,0.48,42470,136.85
2020-06-27,Georgia,Polk,7.06,3,0,0.0,203,1,0.49,477.98,2.35,0.48,42470,136.85
2020-06-26,Georgia,Polk,7.06,3,0,0.0,200,1,0.5,470.92,2.35,0.47,42470,136.85
2020-06-25,Georgia,Polk,11.77,5,0,0.0,197,1,0.51,463.86,2.35,0.46,42470,136.85
2020-06-24,Georgia,Polk,9.42,4,0,0.0,192,1,0.52,452.08,2.35,0.45,42470,136.85
2020-06-23,Georgia,Polk,9.42,4,0,0.0,188,1,0.53,442.67,2.35,0.44,42470,136.85
2020-06-22,Georgia,Polk,14.13,6,0,0.0,184,1,0.54,433.25,2.35,0.43,42470,136.85
2020-06-21,Georgia,Polk,0.0,0,0,0.0,178,1,0.56,419.12,2.35,0.42,42470,136.85
2020-06-20,Georgia,Polk,0.0,0,0,0.0,178,1,0.56,419.12,2.35,0.42,42470,136.85
2020-06-19,Georgia,Polk,7.06,3,0,0.0,178,1,0.56,419.12,2.35,0.42,42470,136.85
2020-06-18,Georgia,Polk,2.35,1,0,0.0,175,1,0.57,412.06,2.35,0.41,42470,136.85
2020-06-17,Georgia,Polk,16.48,7,0,0.0,174,1,0.57,409.7,2.35,0.41,42470,136.85
2020-06-16,Georgia,Polk,4.71,2,0,0.0,167,1,0.6,393.22,2.35,0.39,42470,136.85
2020-06-15,Georgia,Polk,2.35,1,0,0.0,165,1,0.61,388.51,2.35,0.39,42470,136.85
2020-06-14,Georgia,Polk,0.0,0,0,0.0,164,1,0.61,386.15,2.35,0.39,42470,136.85
2020-06-13,Georgia,Polk,4.71,2,0,0.0,164,1,0.61,386.15,2.35,0.39,42470,136.85
2020-06-12,Georgia,Polk,11.77,5,0,0.0,162,1,0.62,381.45,2.35,0.38,42470,136.85
2020-06-11,Georgia,Polk,7.06,3,0,0.0,157,1,0.64,369.67,2.35,0.37,42470,136.85
2020-06-10,Georgia,Polk,4.71,2,0,0.0,154,1,0.65,362.61,2.35,0.36,42470,136.85
2020-06-09,Georgia,Polk,16.48,7,0,0.0,152,1,0.66,357.9,2.35,0.36,42470,136.85
2020-06-08,Georgia,Polk,11.77,5,0,0.0,145,1,0.69,341.42,2.35,0.34,42470,136.85
2020-06-07,Georgia,Polk,2.35,1,0,0.0,140,1,0.71,329.64,2.35,0.33,42470,136.85
2020-06-06,Georgia,Polk,0.0,0,0,0.0,139,1,0.72,327.29,2.35,0.33,42470,136.85
2020-06-05,Georgia,Polk,2.35,1,0,0.0,139,1,0.72,327.29,2.35,0.33,42470,136.85
2020-06-04,Georgia,Polk,16.48,7,0,0.0,138,1,0.72,324.94,2.35,0.32,42470,136.85
2020-06-03,Georgia,Polk,11.77,5,0,0.0,131,1,0.76,308.45,2.35,0.31,42470,136.85
2020-06-02,Georgia,Polk,4.71,2,0,0.0,126,1,0.79,296.68,2.35,0.3,42470,136.85
2020-06-01,Georgia,Polk,14.13,6,0,0.0,124,1,0.81,291.97,2.35,0.29,42470,136.85
2020-05-31,Georgia,Polk,0.0,0,0,0.0,118,1,0.85,277.84,2.35,0.28,42470,136.85
2020-05-30,Georgia,Polk,0.0,0,0,0.0,118,1,0.85,277.84,2.35,0.28,42470,136.85
2020-05-29,Georgia,Polk,11.77,5,0,0.0,118,1,0.85,277.84,2.35,0.28,42470,136.85
2020-05-28,Georgia,Polk,14.13,6,0,0.0,113,1,0.88,266.07,2.35,0.27,42470,136.85
2020-05-27,Georgia,Polk,14.13,6,0,0.0,107,1,0.93,251.94,2.35,0.25,42470,136.85
2020-05-26,Georgia,Polk,9.42,4,1,2.35,101,1,0.99,237.81,2.35,0.24,42470,136.85
2020-05-25,Georgia,Polk,4.71,2,0,0.0,97,0,0.0,228.4,0.0,0.23,42470,136.85
2020-05-24,Georgia,Polk,-2.35,-1,0,0.0,95,0,0.0,223.69,0.0,0.22,42470,136.85
2020-05-23,Georgia,Polk,7.06,3,0,0.0,96,0,0.0,226.04,0.0,0.23,42470,136.85
2020-05-22,Georgia,Polk,14.13,6,0,0.0,93,0,0.0,218.98,0.0,0.22,42470,136.85
2020-05-21,Georgia,Polk,2.35,1,0,0.0,87,0,0.0,204.85,0.0,0.2,42470,136.85
2020-05-20,Georgia,Polk,14.13,6,0,0.0,86,0,0.0,202.5,0.0,0.2,42470,136.85
2020-05-19,Georgia,Polk,0.0,0,0,0.0,80,0,0.0,188.37,0.0,0.19,42470,136.85
2020-05-18,Georgia,Polk,2.35,1,0,0.0,80,0,0.0,188.37,0.0,0.19,42470,136.85
2020-05-17,Georgia,Polk,0.0,0,0,0.0,79,0,0.0,186.01,0.0,0.19,42470,136.85
2020-05-16,Georgia,Polk,2.35,1,0,0.0,79,0,0.0,186.01,0.0,0.19,42470,136.85
2020-05-15,Georgia,Polk,16.48,7,0,0.0,78,0,0.0,183.66,0.0,0.18,42470,136.85
2020-05-14,Georgia,Polk,4.71,2,0,0.0,71,0,0.0,167.18,0.0,0.17,42470,136.85
2020-05-13,Georgia,Polk,0.0,0,0,0.0,69,0,0.0,162.47,0.0,0.16,42470,136.85
2020-05-12,Georgia,Polk,7.06,3,0,0.0,69,0,0.0,162.47,0.0,0.16,42470,136.85
2020-05-11,Georgia,Polk,0.0,0,0,0.0,66,0,0.0,155.4,0.0,0.16,42470,136.85
2020-05-10,Georgia,Polk,2.35,1,0,0.0,66,0,0.0,155.4,0.0,0.16,42470,136.85
2020-05-09,Georgia,Polk,0.0,0,0,0.0,65,0,0.0,153.05,0.0,0.15,42470,136.85
2020-05-08,Georgia,Polk,2.35,1,0,0.0,65,0,0.0,153.05,0.0,0.15,42470,136.85
2020-05-07,Georgia,Polk,2.35,1,0,0.0,64,0,0.0,150.69,0.0,0.15,42470,136.85
2020-05-06,Georgia,Polk,4.71,2,0,0.0,63,0,0.0,148.34,0.0,0.15,42470,136.85
2020-05-05,Georgia,Polk,2.35,1,0,0.0,61,0,0.0,143.63,0.0,0.14,42470,136.85
2020-05-04,Georgia,Polk,2.35,1,0,0.0,60,0,0.0,141.28,0.0,0.14,42470,136.85
2020-05-03,Georgia,Polk,0.0,0,0,0.0,59,0,0.0,138.92,0.0,0.14,42470,136.85
2020-05-02,Georgia,Polk,0.0,0,0,0.0,59,0,0.0,138.92,0.0,0.14,42470,136.85
2020-05-01,Georgia,Polk,4.71,2,0,0.0,59,0,0.0,138.92,0.0,0.14,42470,136.85
2020-04-30,Georgia,Polk,0.0,0,0,0.0,57,0,0.0,134.21,0.0,0.13,42470,136.85
2020-04-29,Georgia,Polk,9.42,4,0,0.0,57,0,0.0,134.21,0.0,0.13,42470,136.85
2020-04-28,Georgia,Polk,9.42,4,0,0.0,53,0,0.0,124.79,0.0,0.12,42470,136.85
2020-04-27,Georgia,Polk,7.06,3,0,0.0,49,0,0.0,115.38,0.0,0.12,42470,136.85
2020-04-26,Georgia,Polk,2.35,1,0,0.0,46,0,0.0,108.31,0.0,0.11,42470,136.85
2020-04-25,Georgia,Polk,7.06,3,0,0.0,45,0,0.0,105.96,0.0,0.11,42470,136.85
2020-04-24,Georgia,Polk,14.13,6,0,0.0,42,0,0.0,98.89,0.0,0.1,42470,136.85
2020-04-23,Georgia,Polk,0.0,0,0,0.0,36,0,0.0,84.77,0.0,0.08,42470,136.85
2020-04-22,Georgia,Polk,0.0,0,0,0.0,36,0,0.0,84.77,0.0,0.08,42470,136.85
2020-04-21,Georgia,Polk,0.0,0,0,0.0,36,0,0.0,84.77,0.0,0.08,42470,136.85
2020-04-20,Georgia,Polk,14.13,6,0,0.0,36,0,0.0,84.77,0.0,0.08,42470,136.85
2020-04-19,Georgia,Polk,2.35,1,0,0.0,30,0,0.0,70.64,0.0,0.07,42470,136.85
2020-04-18,Georgia,Polk,0.0,0,0,0.0,29,0,0.0,68.28,0.0,0.07,42470,136.85
2020-04-17,Georgia,Polk,2.35,1,0,0.0,29,0,0.0,68.28,0.0,0.07,42470,136.85
2020-04-16,Georgia,Polk,2.35,1,0,0.0,28,0,0.0,65.93,0.0,0.07,42470,136.85
2020-04-15,Georgia,Polk,4.71,2,0,0.0,27,0,0.0,63.57,0.0,0.06,42470,136.85
2020-04-14,Georgia,Polk,0.0,0,0,0.0,25,0,0.0,58.87,0.0,0.06,42470,136.85
2020-04-13,Georgia,Polk,0.0,0,0,0.0,25,0,0.0,58.87,0.0,0.06,42470,136.85
2020-04-12,Georgia,Polk,7.06,3,0,0.0,25,0,0.0,58.87,0.0,0.06,42470,136.85
2020-04-11,Georgia,Polk,2.35,1,0,0.0,22,0,0.0,51.8,0.0,0.05,42470,136.85
2020-04-10,Georgia,Polk,-2.35,-1,0,0.0,21,0,0.0,49.45,0.0,0.05,42470,136.85
2020-04-09,Georgia,Polk,0.0,0,0,0.0,22,0,0.0,51.8,0.0,0.05,42470,136.85
2020-04-08,Georgia,Polk,4.71,2,0,0.0,22,0,0.0,51.8,0.0,0.05,42470,136.85
2020-04-07,Georgia,Polk,0.0,0,0,0.0,20,0,0.0,47.09,0.0,0.05,42470,136.85
2020-04-06,Georgia,Polk,4.71,2,0,0.0,20,0,0.0,47.09,0.0,0.05,42470,136.85
2020-04-05,Georgia,Polk,0.0,0,0,0.0,18,0,0.0,42.38,0.0,0.04,42470,136.85
2020-04-04,Georgia,Polk,0.0,0,0,0.0,18,0,0.0,42.38,0.0,0.04,42470,136.85
2020-04-03,Georgia,Polk,4.71,2,0,0.0,18,0,0.0,42.38,0.0,0.04,42470,136.85
2020-04-02,Georgia,Polk,0.0,0,0,0.0,16,0,0.0,37.67,0.0,0.04,42470,136.85
2020-04-01,Georgia,Polk,2.35,1,0,0.0,16,0,0.0,37.67,0.0,0.04,42470,136.85
2020-03-31,Georgia,Polk,2.35,1,0,0.0,15,0,0.0,35.32,0.0,0.04,42470,136.85
2020-03-30,Georgia,Polk,9.42,4,0,0.0,14,0,0.0,32.96,0.0,0.03,42470,136.85
2020-03-29,Georgia,Polk,0.0,0,0,0.0,10,0,0.0,23.55,0.0,0.02,42470,136.85
2020-03-28,Georgia,Polk,0.0,0,0,0.0,10,0,0.0,23.55,0.0,0.02,42470,136.85
2020-03-27,Georgia,Polk,0.0,0,0,0.0,10,0,0.0,23.55,0.0,0.02,42470,136.85
2020-03-26,Georgia,Polk,2.35,1,0,0.0,10,0,0.0,23.55,0.0,0.02,42470,136.85
2020-03-25,Georgia,Polk,2.35,1,0,0.0,9,0,0.0,21.19,0.0,0.02,42470,136.85
2020-03-24,Georgia,Polk,9.42,4,0,0.0,8,0,0.0,18.84,0.0,0.02,42470,136.85
2020-03-23,Georgia,Polk,0.0,0,0,0.0,4,0,0.0,9.42,0.0,0.01,42470,136.85
2020-03-22,Georgia,Polk,0.0,0,0,0.0,4,0,0.0,9.42,0.0,0.01,42470,136.85
2020-03-21,Georgia,Polk,2.35,1,0,0.0,4,0,0.0,9.42,0.0,0.01,42470,136.85
2020-03-20,Georgia,Polk,4.71,2,0,0.0,3,0,0.0,7.06,0.0,0.01,42470,136.85
2020-03-19,Georgia,Polk,0.0,0,0,0.0,1,0,0.0,2.35,0.0,0.0,42470,136.85
2020-03-18,Georgia,Polk,0.0,0,0,0.0,1,0,0.0,2.35,0.0,0.0,42470,136.85
2020-03-17,Georgia,Polk,0.0,0,0,0.0,1,0,0.0,2.35,0.0,0.0,42470,136.85
2020-03-16,Georgia,Polk,0.0,0,0,0.0,1,0,0.0,2.35,0.0,0.0,42470,136.85
2020-03-15,Georgia,Polk,0.0,0,0,0.0,1,0,0.0,2.35,0.0,0.0,42470,136.85
2020-03-14,Georgia,Polk,0.0,0,0,0.0,1,0,0.0,2.35,0.0,0.0,42470,136.85
2020-03-13,Georgia,Polk,0.0,0,0,0.0,1,0,0.0,2.35,0.0,0.0,42470,136.85
2020-03-12,Georgia,Polk,0.0,0,0,0.0,1,0,0.0,2.35,0.0,0.0,42470,136.85
2020-03-11,Georgia,Polk,0.0,0,0,0.0,1,0,0.0,2.35,0.0,0.0,42470,136.85
2020-03-10,Georgia,Polk,0.0,0,0,0.0,1,0,0.0,2.35,0.0,0.0,42470,136.85
2020-03-09,Georgia,Polk,0.0,0,0,0.0,1,0,0.0,2.35,0.0,0.0,42470,136.85
2020-03-08,Georgia,Polk,0.0,0,0,0.0,1,0,0.0,2.35,0.0,0.0,42470,136.85
2020-03-07,Georgia,Polk,0.0,0,0,0.0,1,0,0.0,2.35,0.0,0.0,42470,136.85
2020-03-06,Georgia,Polk,0.0,0,0,0.0,1,0,0.0,2.35,0.0,0.0,42470,136.85
