date,state,city,1day_cases_100k,new_cases,new_deaths,new_deaths_100k,total_cases,total_deaths,cfr%,total_cases_100k,total_deaths_100k,%infected,population,7day_cases_100k,7day_cases_change,28day_cases_100k,28day_cases_change
2020-08-25,Minas Gerais,Arcos,17.46,7,0,0.0,252,4,1.59,628.55,9.98,0.63,40092,87.29,12.47,391.59,12.47
2020-08-24,Minas Gerais,Arcos,37.41,15,0,0.0,245,4,1.63,611.09,9.98,0.61,40092,74.82,4.98,379.12,37.41
2020-08-23,Minas Gerais,Arcos,0.0,0,0,0.0,230,4,1.74,573.68,9.98,0.57,40092,69.84,0.0,341.71,-9.98
2020-08-22,Minas Gerais,Arcos,0.0,0,0,0.0,230,4,1.74,573.68,9.98,0.57,40092,69.84,-29.93,351.69,0.0
2020-08-21,Minas Gerais,Arcos,7.48,3,0,0.0,230,4,1.74,573.68,9.98,0.57,40092,99.77,-2.5,351.69,2.49
2020-08-20,Minas Gerais,Arcos,4.99,2,1,2.49,227,4,1.76,566.2,9.98,0.57,40092,102.27,-24.94,349.2,-2.49
2020-08-19,Minas Gerais,Arcos,19.95,8,0,0.0,225,3,1.33,561.21,7.48,0.56,40092,127.21,19.95,351.69,4.98
2020-08-18,Minas Gerais,Arcos,4.99,2,0,0.0,217,3,1.38,541.26,7.48,0.54,40092,107.26,-54.87,346.71,2.5
2020-08-17,Minas Gerais,Arcos,32.43,13,0,0.0,215,3,1.4,536.27,7.48,0.54,40092,162.13,32.43,344.21,32.43
2020-08-15,Minas Gerais,Arcos,0.0,0,0,0.0,202,3,1.49,503.84,7.48,0.5,40092,129.7,-42.4,311.78,-12.47
2020-08-14,Minas Gerais,Arcos,29.93,12,-1,-2.49,202,3,1.49,503.84,7.48,0.5,40092,172.1,2.49,324.25,29.93
2020-08-13,Minas Gerais,Arcos,9.98,4,0,0.0,190,4,2.11,473.91,9.98,0.47,40092,169.61,-9.97,294.32,-4.99
2020-08-12,Minas Gerais,Arcos,29.93,12,0,0.0,186,4,2.15,463.93,9.98,0.46,40092,179.58,22.45,299.31,22.45
2020-08-11,Minas Gerais,Arcos,0.0,0,0,0.0,174,4,2.3,434.0,9.98,0.43,40092,157.13,-12.47,276.86,-14.97
2020-08-10,Minas Gerais,Arcos,59.86,24,2,4.99,174,4,2.3,434.0,9.98,0.43,40092,169.6,49.88,291.83,59.86
2020-08-07,Minas Gerais,Arcos,0.0,0,0,0.0,150,2,1.33,374.14,4.99,0.37,40092,119.72,0.0,231.97,0.0
2020-08-06,Minas Gerais,Arcos,42.4,17,1,2.49,150,2,1.33,374.14,4.99,0.37,40092,119.72,37.41,231.97,42.4
2020-08-03,Minas Gerais,Arcos,27.44,11,0,0.0,133,1,0.75,331.74,2.49,0.33,40092,82.31,14.97,189.57,27.44
2020-07-31,Minas Gerais,Arcos,19.95,8,0,0.0,122,1,0.82,304.3,2.49,0.3,40092,67.34,19.95,162.13,9.97
2020-07-30,Minas Gerais,Arcos,7.48,3,0,0.0,114,1,0.88,284.35,2.49,0.28,40092,47.39,7.48,152.16,0.0
2020-07-29,Minas Gerais,Arcos,12.47,5,0,0.0,111,1,0.9,276.86,2.49,0.28,40092,39.91,12.47,152.16,2.49
2020-07-28,Minas Gerais,Arcos,9.98,4,0,0.0,106,1,0.94,264.39,2.49,0.26,40092,27.44,4.99,149.67,-9.97
2020-07-27,Minas Gerais,Arcos,0.0,0,0,0.0,102,1,0.98,254.41,2.49,0.25,40092,22.45,0.0,159.64,0.0
2020-07-26,Minas Gerais,Arcos,4.99,2,0,0.0,102,1,0.98,254.41,2.49,0.25,40092,22.45,-4.99,159.64,4.99
2020-07-25,Minas Gerais,Arcos,12.47,5,0,0.0,100,1,1.0,249.43,2.49,0.25,40092,27.44,12.47,154.65,12.47
2020-07-24,Minas Gerais,Arcos,0.0,0,0,0.0,95,1,1.05,236.96,2.49,0.24,40092,14.97,-4.99,142.18,-27.44
2020-07-23,Minas Gerais,Arcos,0.0,0,0,0.0,95,1,1.05,236.96,2.49,0.24,40092,19.96,-7.48,169.62,-2.49
2020-07-22,Minas Gerais,Arcos,0.0,0,0,0.0,95,1,1.05,236.96,2.49,0.24,40092,27.44,-14.97,172.11,0.0
2020-07-21,Minas Gerais,Arcos,4.99,2,0,0.0,95,1,1.05,236.96,2.49,0.24,40092,42.41,2.5,172.11,2.5
2020-07-20,Minas Gerais,Arcos,0.0,0,0,0.0,93,1,1.08,231.97,2.49,0.23,40092,39.91,0.0,169.61,0.0
2020-07-19,Minas Gerais,Arcos,9.98,4,0,0.0,93,1,1.08,231.97,2.49,0.23,40092,39.91,-2.49,169.61,9.98
2020-07-18,Minas Gerais,Arcos,0.0,0,0,0.0,89,1,1.12,221.99,2.49,0.22,40092,42.4,0.0,159.63,0.0
2020-07-17,Minas Gerais,Arcos,4.99,2,0,0.0,89,1,1.12,221.99,2.49,0.22,40092,42.4,-9.98,159.63,4.99
2020-07-16,Minas Gerais,Arcos,7.48,3,0,0.0,87,1,1.15,217.0,2.49,0.22,40092,52.38,0.0,154.64,7.48
2020-07-15,Minas Gerais,Arcos,14.97,6,0,0.0,84,1,1.19,209.52,2.49,0.21,40092,52.38,0.0,147.16,14.97
2020-07-14,Minas Gerais,Arcos,2.49,1,0,0.0,78,1,1.28,194.55,2.49,0.19,40092,52.38,2.49,132.19,2.49
2020-07-13,Minas Gerais,Arcos,0.0,0,0,0.0,77,1,1.3,192.06,2.49,0.19,40092,49.89,0.0,129.7,0.0
2020-07-12,Minas Gerais,Arcos,12.47,5,0,0.0,77,1,1.3,192.06,2.49,0.19,40092,49.89,12.47,129.7,12.47
2020-07-11,Minas Gerais,Arcos,0.0,0,0,0.0,72,1,1.39,179.59,2.49,0.18,40092,37.42,0.0,117.23,0.0
2020-07-10,Minas Gerais,Arcos,14.97,6,0,0.0,72,1,1.39,179.59,2.49,0.18,40092,37.42,4.99,117.23,14.97
2020-07-09,Minas Gerais,Arcos,7.48,3,0,0.0,66,1,1.52,164.62,2.49,0.16,40092,32.43,0.0,102.26,7.48
2020-07-08,Minas Gerais,Arcos,14.97,6,0,0.0,63,1,1.59,157.14,2.49,0.16,40092,32.43,4.99,94.78,14.97
2020-07-07,Minas Gerais,Arcos,0.0,0,0,0.0,57,1,1.75,142.17,2.49,0.14,40092,27.44,-19.95,79.81,0.0
2020-07-06,Minas Gerais,Arcos,0.0,0,0,0.0,57,1,1.75,142.17,2.49,0.14,40092,47.39,0.0,79.81,0.0
2020-07-05,Minas Gerais,Arcos,0.0,0,0,0.0,57,1,1.75,142.17,2.49,0.14,40092,47.39,0.0,79.81,2.49
2020-07-04,Minas Gerais,Arcos,0.0,0,0,0.0,57,1,1.75,142.17,2.49,0.14,40092,47.39,0.0,77.32,0.0
2020-07-03,Minas Gerais,Arcos,9.98,4,0,0.0,57,1,1.75,142.17,2.49,0.14,40092,47.39,-17.46,77.32,7.49
2020-07-02,Minas Gerais,Arcos,7.48,3,0,0.0,53,1,1.89,132.2,2.49,0.13,40092,64.85,4.99,69.83,4.99
2020-07-01,Minas Gerais,Arcos,9.98,4,0,0.0,50,1,2.0,124.71,2.49,0.12,40092,59.86,9.98,64.84,9.98
2020-06-30,Minas Gerais,Arcos,19.95,8,0,0.0,46,1,2.17,114.74,2.49,0.11,40092,49.88,17.46,54.86,19.95
2020-06-29,Minas Gerais,Arcos,0.0,0,0,0.0,38,1,2.63,94.78,2.49,0.09,40092,32.42,0.0,34.91,0.0
2020-06-28,Minas Gerais,Arcos,0.0,0,0,0.0,38,1,2.63,94.78,2.49,0.09,40092,32.42,0.0,34.91,0.0
2020-06-27,Minas Gerais,Arcos,0.0,0,0,0.0,38,1,2.63,94.78,2.49,0.09,40092,32.42,0.0,34.91,-27.44
2020-06-26,Minas Gerais,Arcos,27.44,11,1,2.49,38,1,2.63,94.78,2.49,0.09,40092,32.42,27.44,62.35,27.44
2020-06-25,Minas Gerais,Arcos,2.49,1,0,0.0,27,0,0.0,67.35,0.0,0.07,40092,4.98,2.49,34.91,0.0
2020-06-24,Minas Gerais,Arcos,0.0,0,0,0.0,26,0,0.0,64.85,0.0,0.06,40092,2.49,0.0,34.91,0.0
2020-06-23,Minas Gerais,Arcos,2.49,1,0,0.0,26,0,0.0,64.85,0.0,0.06,40092,2.49,2.49,34.91,2.49
2020-06-22,Minas Gerais,Arcos,0.0,0,0,0.0,25,0,0.0,62.36,0.0,0.06,40092,0.0,0.0,32.42,0.0
2020-06-21,Minas Gerais,Arcos,0.0,0,0,0.0,25,0,0.0,62.36,0.0,0.06,40092,0.0,0.0,32.42,0.0
2020-06-20,Minas Gerais,Arcos,0.0,0,0,0.0,25,0,0.0,62.36,0.0,0.06,40092,0.0,0.0,32.42,-4.99
2020-06-19,Minas Gerais,Arcos,0.0,0,0,0.0,25,0,0.0,62.36,0.0,0.06,40092,0.0,0.0,37.41,0.0
2020-06-18,Minas Gerais,Arcos,0.0,0,0,0.0,25,0,0.0,62.36,0.0,0.06,40092,0.0,0.0,37.41,0.0
2020-06-17,Minas Gerais,Arcos,0.0,0,0,0.0,25,0,0.0,62.36,0.0,0.06,40092,0.0,0.0,37.41,-2.49
2020-06-16,Minas Gerais,Arcos,0.0,0,0,0.0,25,0,0.0,62.36,0.0,0.06,40092,0.0,0.0,39.9,0.0
2020-06-15,Minas Gerais,Arcos,0.0,0,0,0.0,25,0,0.0,62.36,0.0,0.06,40092,0.0,0.0,39.9,0.0
2020-06-14,Minas Gerais,Arcos,0.0,0,0,0.0,25,0,0.0,62.36,0.0,0.06,40092,0.0,2.49,39.9,0.0
2020-06-13,Minas Gerais,Arcos,0.0,0,0,0.0,25,0,0.0,62.36,0.0,0.06,40092,-2.49,0.0,39.9,-2.49
2020-06-12,Minas Gerais,Arcos,0.0,0,0,0.0,25,0,0.0,62.36,0.0,0.06,40092,-2.49,-2.49,42.39,0.0
2020-06-11,Minas Gerais,Arcos,0.0,0,0,0.0,25,0,0.0,62.36,0.0,0.06,40092,0.0,-2.49,42.39,0.0
2020-06-10,Minas Gerais,Arcos,0.0,0,0,0.0,25,0,0.0,62.36,0.0,0.06,40092,2.49,0.0,42.39,-2.49
2020-06-09,Minas Gerais,Arcos,0.0,0,0,0.0,25,0,0.0,62.36,0.0,0.06,40092,2.49,0.0,44.88,0.0
2020-06-08,Minas Gerais,Arcos,0.0,0,0,0.0,25,0,0.0,62.36,0.0,0.06,40092,2.49,0.0,44.88,0.0
2020-06-07,Minas Gerais,Arcos,-2.49,-1,0,0.0,25,0,0.0,62.36,0.0,0.06,40092,2.49,-2.49,44.88,-2.49
2020-06-06,Minas Gerais,Arcos,0.0,0,0,0.0,26,0,0.0,64.85,0.0,0.06,40092,4.98,-27.44,47.37,0.0
2020-06-05,Minas Gerais,Arcos,2.49,1,0,0.0,26,0,0.0,64.85,0.0,0.06,40092,32.42,2.49,47.37,2.49
2020-06-04,Minas Gerais,Arcos,2.49,1,0,0.0,25,0,0.0,62.36,0.0,0.06,40092,29.93,0.0,44.88,2.49
2020-06-03,Minas Gerais,Arcos,0.0,0,0,0.0,24,0,0.0,59.86,0.0,0.06,40092,29.93,0.0,42.39,0.0
2020-06-02,Minas Gerais,Arcos,0.0,0,0,0.0,24,0,0.0,59.86,0.0,0.06,40092,29.93,0.0,42.39,0.0
2020-06-01,Minas Gerais,Arcos,0.0,0,0,0.0,24,0,0.0,59.86,0.0,0.06,40092,29.93,0.0,42.39,0.0
2020-05-31,Minas Gerais,Arcos,0.0,0,0,0.0,24,0,0.0,59.86,0.0,0.06,40092,29.93,0.0,42.39,0.0
2020-05-30,Minas Gerais,Arcos,27.44,11,0,0.0,24,0,0.0,59.86,0.0,0.06,40092,29.93,22.45,42.39,27.44
2020-05-29,Minas Gerais,Arcos,0.0,0,0,0.0,13,0,0.0,32.43,0.0,0.03,40092,7.48,0.0,14.95,0.0
2020-05-28,Minas Gerais,Arcos,2.49,1,0,0.0,13,0,0.0,32.43,0.0,0.03,40092,7.48,2.49,14.95,2.49
2020-05-27,Minas Gerais,Arcos,0.0,0,0,0.0,12,0,0.0,29.93,0.0,0.03,40092,4.99,-2.49,12.46,0.0
2020-05-26,Minas Gerais,Arcos,0.0,0,0,0.0,12,0,0.0,29.93,0.0,0.03,40092,7.48,0.0,12.46,0.0
2020-05-25,Minas Gerais,Arcos,0.0,0,0,0.0,12,0,0.0,29.93,0.0,0.03,40092,7.48,0.0,12.46,0.0
2020-05-24,Minas Gerais,Arcos,0.0,0,0,0.0,12,0,0.0,29.93,0.0,0.03,40092,7.48,0.0,12.46,0.0
2020-05-23,Minas Gerais,Arcos,4.99,2,0,0.0,12,0,0.0,29.93,0.0,0.03,40092,7.48,2.5,12.46,4.99
2020-05-22,Minas Gerais,Arcos,0.0,0,0,0.0,10,0,0.0,24.94,0.0,0.02,40092,4.98,0.0,7.47,0.0
2020-05-21,Minas Gerais,Arcos,0.0,0,0,0.0,10,0,0.0,24.94,0.0,0.02,40092,4.98,0.0,7.47,0.0
2020-05-20,Minas Gerais,Arcos,2.49,1,0,0.0,10,0,0.0,24.94,0.0,0.02,40092,4.98,0.0,7.47,2.49
2020-05-19,Minas Gerais,Arcos,0.0,0,0,0.0,9,0,0.0,22.45,0.0,0.02,40092,4.98,0.0,4.98,0.0
2020-05-18,Minas Gerais,Arcos,0.0,0,0,0.0,9,0,0.0,22.45,0.0,0.02,40092,4.98,0.0,4.98,0.0
2020-05-17,Minas Gerais,Arcos,0.0,0,0,0.0,9,0,0.0,22.45,0.0,0.02,40092,4.98,0.0,4.98,0.0
2020-05-16,Minas Gerais,Arcos,2.49,1,0,0.0,9,0,0.0,22.45,0.0,0.02,40092,4.98,2.49,4.98,2.49
2020-05-15,Minas Gerais,Arcos,0.0,0,0,0.0,8,0,0.0,19.95,0.0,0.02,40092,2.49,0.0,2.49,-4.99
2020-05-14,Minas Gerais,Arcos,0.0,0,0,0.0,8,0,0.0,19.95,0.0,0.02,40092,2.49,0.0,7.48,0.0
2020-05-13,Minas Gerais,Arcos,2.49,1,0,0.0,8,0,0.0,19.95,0.0,0.02,40092,2.49,2.49,7.48,0.0
2020-05-12,Minas Gerais,Arcos,0.0,0,0,0.0,7,0,0.0,17.46,0.0,0.02,40092,0.0,0.0,7.48,0.0
2020-05-11,Minas Gerais,Arcos,0.0,0,0,0.0,7,0,0.0,17.46,0.0,0.02,40092,0.0,0.0,7.48,0.0
2020-05-10,Minas Gerais,Arcos,0.0,0,0,0.0,7,0,0.0,17.46,0.0,0.02,40092,0.0,0.0,7.48,-4.99
2020-05-09,Minas Gerais,Arcos,0.0,0,0,0.0,7,0,0.0,17.46,0.0,0.02,40092,0.0,0.0,12.47,0.0
2020-05-08,Minas Gerais,Arcos,0.0,0,0,0.0,7,0,0.0,17.46,0.0,0.02,40092,0.0,0.0,12.47,0.0
2020-05-07,Minas Gerais,Arcos,0.0,0,0,0.0,7,0,0.0,17.46,0.0,0.02,40092,0.0,0.0,12.47,0.0
2020-05-06,Minas Gerais,Arcos,0.0,0,0,0.0,7,0,0.0,17.46,0.0,0.02,40092,0.0,0.0,12.47,0.0
2020-05-05,Minas Gerais,Arcos,0.0,0,0,0.0,7,0,0.0,17.46,0.0,0.02,40092,0.0,0.0,12.47,-2.49
2020-05-04,Minas Gerais,Arcos,0.0,0,0,0.0,7,0,0.0,17.46,0.0,0.02,40092,0.0,0.0,14.96,0.0
2020-05-03,Minas Gerais,Arcos,0.0,0,0,0.0,7,0,0.0,17.46,0.0,0.02,40092,0.0,0.0,14.96,0.0
2020-05-02,Minas Gerais,Arcos,0.0,0,0,0.0,7,0,0.0,17.46,0.0,0.02,40092,0.0,0.0,14.96,0.0
2020-05-01,Minas Gerais,Arcos,0.0,0,0,0.0,7,0,0.0,17.46,0.0,0.02,40092,0.0,0.0,14.96,0.0
2020-04-30,Minas Gerais,Arcos,0.0,0,0,0.0,7,0,0.0,17.46,0.0,0.02,40092,0.0,0.0,14.96,0.0
2020-04-29,Minas Gerais,Arcos,0.0,0,0,0.0,7,0,0.0,17.46,0.0,0.02,40092,0.0,0.0,14.96,0.0
2020-04-28,Minas Gerais,Arcos,0.0,0,0,0.0,7,0,0.0,17.46,0.0,0.02,40092,0.0,0.0,14.96,0.0
2020-04-27,Minas Gerais,Arcos,0.0,0,0,0.0,7,0,0.0,17.46,0.0,0.02,40092,0.0,0.0,14.96,0.0
2020-04-26,Minas Gerais,Arcos,0.0,0,0,0.0,7,0,0.0,17.46,0.0,0.02,40092,0.0,0.0,14.96,0.0
2020-04-25,Minas Gerais,Arcos,0.0,0,0,0.0,7,0,0.0,17.46,0.0,0.02,40092,0.0,0.0,14.96,0.0
2020-04-24,Minas Gerais,Arcos,0.0,0,0,0.0,7,0,0.0,17.46,0.0,0.02,40092,0.0,-4.99,14.96,0.0
2020-04-23,Minas Gerais,Arcos,0.0,0,0,0.0,7,0,0.0,17.46,0.0,0.02,40092,4.99,0.0,14.96,0.0
2020-04-22,Minas Gerais,Arcos,0.0,0,0,0.0,7,0,0.0,17.46,0.0,0.02,40092,4.99,-2.49,14.96,0.0
2020-04-21,Minas Gerais,Arcos,0.0,0,0,0.0,7,0,0.0,17.46,0.0,0.02,40092,7.48,0.0,14.96,0.0
2020-04-20,Minas Gerais,Arcos,0.0,0,0,0.0,7,0,0.0,17.46,0.0,0.02,40092,7.48,0.0,14.96,0.0
2020-04-19,Minas Gerais,Arcos,0.0,0,0,0.0,7,0,0.0,17.46,0.0,0.02,40092,7.48,-4.99,14.96,0.0
2020-04-18,Minas Gerais,Arcos,0.0,0,0,0.0,7,0,0.0,17.46,0.0,0.02,40092,12.47,0.0,14.96,0.0
2020-04-17,Minas Gerais,Arcos,4.99,2,0,0.0,7,0,0.0,17.46,0.0,0.02,40092,12.47,4.99,14.96,4.99
2020-04-16,Minas Gerais,Arcos,0.0,0,0,0.0,5,0,0.0,12.47,0.0,0.01,40092,7.48,0.0,9.97,0.0
2020-04-15,Minas Gerais,Arcos,2.49,1,0,0.0,5,0,0.0,12.47,0.0,0.01,40092,7.48,2.49,9.97,2.49
2020-04-14,Minas Gerais,Arcos,0.0,0,0,0.0,4,0,0.0,9.98,0.0,0.01,40092,4.99,-2.49,7.48,0.0
2020-04-13,Minas Gerais,Arcos,0.0,0,0,0.0,4,0,0.0,9.98,0.0,0.01,40092,7.48,0.0,7.48,0.0
2020-04-12,Minas Gerais,Arcos,4.99,2,0,0.0,4,0,0.0,9.98,0.0,0.01,40092,7.48,4.99,7.48,4.99
2020-04-11,Minas Gerais,Arcos,0.0,0,0,0.0,2,0,0.0,4.99,0.0,0.0,40092,2.49,0.0,2.49,0.0
2020-04-10,Minas Gerais,Arcos,0.0,0,0,0.0,2,0,0.0,4.99,0.0,0.0,40092,2.49,0.0,2.49,0.0
2020-04-09,Minas Gerais,Arcos,0.0,0,0,0.0,2,0,0.0,4.99,0.0,0.0,40092,2.49,0.0,2.49,0.0
2020-04-08,Minas Gerais,Arcos,0.0,0,0,0.0,2,0,0.0,4.99,0.0,0.0,40092,2.49,0.0,2.49,0.0
2020-04-07,Minas Gerais,Arcos,2.49,1,0,0.0,2,0,0.0,4.99,0.0,0.0,40092,2.49,2.49,2.49,2.49
2020-04-06,Minas Gerais,Arcos,0.0,0,0,0.0,1,0,0.0,2.49,0.0,0.0,40092,0.0,0.0,0.0,0.0
2020-04-05,Minas Gerais,Arcos,0.0,0,0,0.0,1,0,0.0,2.49,0.0,0.0,40092,0.0,0.0,0.0,0.0
2020-04-04,Minas Gerais,Arcos,0.0,0,0,0.0,1,0,0.0,2.49,0.0,0.0,40092,0.0,0.0,0.0,0.0
2020-04-03,Minas Gerais,Arcos,0.0,0,0,0.0,1,0,0.0,2.49,0.0,0.0,40092,0.0,0.0,0.0,0.0
2020-04-02,Minas Gerais,Arcos,0.0,0,0,0.0,1,0,0.0,2.49,0.0,0.0,40092,0.0,0.0,0.0,0.0
