date,state,city,1day_cases_100k,new_cases,new_deaths,new_deaths_100k,total_cases,total_deaths,cfr%,total_cases_100k,total_deaths_100k,%infected,population,7day_cases_100k,7day_cases_change,28day_cases_100k,28day_cases_change
2021-09-22,Minas Gerais,Ataléia,15.54,2,0,0.0,1194,10,0.84,9278.83,77.71,9.28,12868,847.06,15.54,1142.36,-54.4
2021-09-20,Minas Gerais,Ataléia,0.0,0,0,0.0,1192,10,0.84,9263.29,77.71,9.26,12868,831.52,0.0,1196.76,0.0
2021-09-18,Minas Gerais,Ataléia,0.0,0,0,0.0,1192,10,0.84,9263.29,77.71,9.26,12868,831.52,0.0,1196.76,0.0
2021-09-17,Minas Gerais,Ataléia,0.0,0,0,0.0,1192,10,0.84,9263.29,77.71,9.26,12868,831.52,0.0,1196.76,0.0
2021-09-14,Minas Gerais,Ataléia,0.0,0,0,0.0,1192,10,0.84,9263.29,77.71,9.26,12868,831.52,-217.59,1196.76,0.0
2021-09-13,Minas Gerais,Ataléia,23.31,3,0,0.0,1192,10,0.84,9263.29,77.71,9.26,12868,1049.11,23.31,1196.76,23.31
2021-09-03,Minas Gerais,Ataléia,808.21,104,2,15.54,1189,10,0.84,9239.98,77.71,9.24,12868,1025.8,808.21,1173.45,808.21
2021-06-19,Minas Gerais,Ataléia,0.0,0,0,0.0,1085,8,0.74,8431.77,62.17,8.43,12868,217.59,0.0,365.24,0.0
2021-06-18,Minas Gerais,Ataléia,0.0,0,0,0.0,1085,8,0.74,8431.77,62.17,8.43,12868,217.59,0.0,365.24,-15.54
2021-06-17,Minas Gerais,Ataléia,0.0,0,0,0.0,1085,8,0.74,8431.77,62.17,8.43,12868,217.59,0.0,380.78,-15.54
2021-06-16,Minas Gerais,Ataléia,0.0,0,0,0.0,1085,8,0.74,8431.77,62.17,8.43,12868,217.59,0.0,396.32,-23.31
2021-06-15,Minas Gerais,Ataléia,217.59,28,0,0.0,1085,8,0.74,8431.77,62.17,8.43,12868,217.59,217.59,419.63,217.59
2021-06-14,Minas Gerais,Ataléia,0.0,0,0,0.0,1057,8,0.76,8214.17,62.17,8.21,12868,-0.0,0.0,202.04,0.0
2021-06-13,Minas Gerais,Ataléia,0.0,0,0,0.0,1057,8,0.76,8214.17,62.17,8.21,12868,-0.0,0.0,202.04,0.0
2021-06-12,Minas Gerais,Ataléia,0.0,0,0,0.0,1057,8,0.76,8214.17,62.17,8.21,12868,-0.0,0.0,202.04,0.0
2021-06-11,Minas Gerais,Ataléia,0.0,0,0,0.0,1057,8,0.76,8214.17,62.17,8.21,12868,-0.0,0.0,202.04,0.0
2021-06-10,Minas Gerais,Ataléia,0.0,0,0,0.0,1057,8,0.76,8214.17,62.17,8.21,12868,-0.0,-77.71,202.04,0.0
2021-06-09,Minas Gerais,Ataléia,0.0,0,0,0.0,1057,8,0.76,8214.17,62.17,8.21,12868,77.71,0.0,202.04,0.0
2021-06-08,Minas Gerais,Ataléia,0.0,0,0,0.0,1057,8,0.76,8214.17,62.17,8.21,12868,77.71,0.0,202.04,0.0
2021-06-07,Minas Gerais,Ataléia,0.0,0,0,0.0,1057,8,0.76,8214.17,62.17,8.21,12868,77.71,0.0,202.04,0.0
2021-06-06,Minas Gerais,Ataléia,0.0,0,0,0.0,1057,8,0.76,8214.17,62.17,8.21,12868,77.71,0.0,202.04,0.0
2021-06-05,Minas Gerais,Ataléia,0.0,0,0,0.0,1057,8,0.76,8214.17,62.17,8.21,12868,77.71,-69.94,202.04,0.0
2021-06-04,Minas Gerais,Ataléia,0.0,0,0,0.0,1057,8,0.76,8214.17,62.17,8.21,12868,147.65,0.0,202.04,-15.54
2021-06-03,Minas Gerais,Ataléia,77.71,10,0,0.0,1057,8,0.76,8214.17,62.17,8.21,12868,147.65,77.71,217.58,-139.88
2021-06-02,Minas Gerais,Ataléia,0.0,0,0,0.0,1047,8,0.76,8136.46,62.17,8.14,12868,69.94,0.0,357.46,0.0
2021-06-01,Minas Gerais,Ataléia,0.0,0,0,0.0,1047,8,0.76,8136.46,62.17,8.14,12868,69.94,0.0,357.46,0.0
2021-05-31,Minas Gerais,Ataléia,0.0,0,0,0.0,1047,8,0.76,8136.46,62.17,8.14,12868,69.94,0.0,357.46,0.0
2021-05-30,Minas Gerais,Ataléia,0.0,0,0,0.0,1047,8,0.76,8136.46,62.17,8.14,12868,69.94,0.0,357.46,0.0
2021-05-29,Minas Gerais,Ataléia,69.94,9,0,0.0,1047,8,0.76,8136.46,62.17,8.14,12868,69.94,69.94,357.46,69.94
2021-05-28,Minas Gerais,Ataléia,0.0,0,0,0.0,1038,8,0.77,8066.52,62.17,8.07,12868,-0.0,-15.54,287.52,-784.89
2021-05-27,Minas Gerais,Ataléia,0.0,0,0,0.0,1038,8,0.77,8066.52,62.17,8.07,12868,15.54,-15.54,1072.41,0.0
2021-05-26,Minas Gerais,Ataléia,0.0,0,0,0.0,1038,8,0.77,8066.52,62.17,8.07,12868,31.08,-23.31,1072.41,0.0
2021-05-25,Minas Gerais,Ataléia,0.0,0,0,0.0,1038,8,0.77,8066.52,62.17,8.07,12868,54.39,0.0,1072.41,-139.88
2021-05-24,Minas Gerais,Ataléia,0.0,0,0,0.0,1038,8,0.77,8066.52,62.17,8.07,12868,54.39,0.0,1212.29,-155.42
2021-05-23,Minas Gerais,Ataléia,0.0,0,0,0.0,1038,8,0.77,8066.52,62.17,8.07,12868,54.39,0.0,1367.71,0.0
2021-05-22,Minas Gerais,Ataléia,0.0,0,0,0.0,1038,8,0.77,8066.52,62.17,8.07,12868,54.39,0.0,1367.71,0.0
2021-05-21,Minas Gerais,Ataléia,15.54,2,0,0.0,1038,8,0.77,8066.52,62.17,8.07,12868,54.39,15.54,1367.71,-248.68
2021-05-20,Minas Gerais,Ataléia,15.54,2,0,0.0,1036,8,0.77,8050.98,62.17,8.05,12868,38.85,15.54,1616.39,15.54
2021-05-19,Minas Gerais,Ataléia,23.31,3,0,0.0,1034,8,0.77,8035.44,62.17,8.04,12868,23.31,23.31,1600.85,23.31
2021-05-18,Minas Gerais,Ataléia,0.0,0,0,0.0,1031,8,0.78,8012.12,62.17,8.01,12868,-0.0,0.0,1577.54,-139.88
2021-05-17,Minas Gerais,Ataléia,0.0,0,0,0.0,1031,8,0.78,8012.12,62.17,8.01,12868,-0.0,0.0,1717.42,0.0
2021-05-14,Minas Gerais,Ataléia,0.0,0,0,0.0,1031,8,0.78,8012.12,62.17,8.01,12868,-0.0,0.0,1717.42,0.0
2021-05-13,Minas Gerais,Ataléia,0.0,0,0,0.0,1031,8,0.78,8012.12,62.17,8.01,12868,-0.0,0.0,1717.42,0.0
2021-05-12,Minas Gerais,Ataléia,0.0,0,0,0.0,1031,8,0.78,8012.12,62.17,8.01,12868,-0.0,-15.54,1717.42,-318.62
2021-05-11,Minas Gerais,Ataléia,0.0,0,0,0.0,1031,8,0.78,8012.12,62.17,8.01,12868,15.54,-217.59,2036.04,0.0
2021-05-10,Minas Gerais,Ataléia,0.0,0,0,0.0,1031,8,0.78,8012.12,62.17,8.01,12868,233.13,0.0,2036.04,0.0
2021-05-09,Minas Gerais,Ataléia,0.0,0,0,0.0,1031,8,0.78,8012.12,62.17,8.01,12868,233.13,0.0,2036.04,0.0
2021-05-08,Minas Gerais,Ataléia,0.0,0,0,0.0,1031,8,0.78,8012.12,62.17,8.01,12868,233.13,0.0,2036.04,0.0
2021-05-07,Minas Gerais,Ataléia,0.0,0,0,0.0,1031,8,0.78,8012.12,62.17,8.01,12868,233.13,0.0,2036.04,0.0
2021-05-06,Minas Gerais,Ataléia,0.0,0,0,0.0,1031,8,0.78,8012.12,62.17,8.01,12868,233.13,0.0,2036.04,-85.48
2021-05-05,Minas Gerais,Ataléia,15.54,2,0,0.0,1031,8,0.78,8012.12,62.17,8.01,12868,233.13,-769.35,2121.52,-23.32
2021-05-04,Minas Gerais,Ataléia,217.59,28,1,7.77,1029,8,0.78,7996.58,62.17,8.0,12868,1002.48,217.59,2144.84,31.08
2021-04-30,Minas Gerais,Ataléia,0.0,0,0,0.0,1001,7,0.7,7778.99,54.4,7.78,12868,784.89,0.0,2113.76,0.0
2021-04-29,Minas Gerais,Ataléia,0.0,0,0,0.0,1001,7,0.7,7778.99,54.4,7.78,12868,784.89,-139.88,2113.76,-93.25
2021-04-28,Minas Gerais,Ataléia,0.0,0,0,0.0,1001,7,0.7,7778.99,54.4,7.78,12868,924.77,-155.42,2207.01,0.0
2021-04-27,Minas Gerais,Ataléia,0.0,0,0,0.0,1001,7,0.7,7778.99,54.4,7.78,12868,1080.19,0.0,2207.01,0.0
2021-04-26,Minas Gerais,Ataléia,0.0,0,0,0.0,1001,7,0.7,7778.99,54.4,7.78,12868,1080.19,0.0,2207.01,0.0
2021-04-21,Minas Gerais,Ataléia,784.89,101,1,7.77,1001,7,0.7,7778.99,54.4,7.78,12868,1080.19,520.67,2207.01,730.49
2021-04-05,Minas Gerais,Ataléia,0.0,0,0,0.0,900,6,0.67,6994.09,46.63,6.99,12868,559.52,0.0,1476.52,-77.71
2021-04-01,Minas Gerais,Ataléia,0.0,0,0,0.0,900,6,0.67,6994.09,46.63,6.99,12868,559.52,0.0,1554.23,0.0
2021-03-31,Minas Gerais,Ataléia,139.88,18,0,0.0,900,6,0.67,6994.09,46.63,6.99,12868,559.52,0.0,1554.23,116.57
2021-03-30,Minas Gerais,Ataléia,155.42,20,0,0.0,882,6,0.68,6854.21,46.63,6.85,12868,559.52,155.42,1437.66,155.42
2021-03-29,Minas Gerais,Ataléia,0.0,0,0,0.0,862,6,0.7,6698.79,46.63,6.7,12868,404.1,0.0,1282.24,0.0
2021-03-28,Minas Gerais,Ataléia,0.0,0,0,0.0,862,6,0.7,6698.79,46.63,6.7,12868,404.1,0.0,1282.24,-209.82
2021-03-27,Minas Gerais,Ataléia,264.22,34,0,0.0,862,6,0.7,6698.79,46.63,6.7,12868,404.1,-54.4,1492.06,264.22
2021-03-25,Minas Gerais,Ataléia,0.0,0,0,0.0,828,6,0.72,6434.57,46.63,6.43,12868,458.5,0.0,1227.84,0.0
2021-03-24,Minas Gerais,Ataléia,0.0,0,0,0.0,828,6,0.72,6434.57,46.63,6.43,12868,458.5,0.0,1227.84,0.0
2021-03-23,Minas Gerais,Ataléia,139.88,18,0,0.0,828,6,0.72,6434.57,46.63,6.43,12868,458.5,139.88,1227.84,-108.8
2021-03-22,Minas Gerais,Ataléia,0.0,0,0,0.0,810,6,0.74,6294.68,46.63,6.29,12868,318.62,0.0,1336.64,0.0
2021-03-21,Minas Gerais,Ataléia,0.0,0,0,0.0,810,6,0.74,6294.68,46.63,6.29,12868,318.62,0.0,1336.64,0.0
2021-03-20,Minas Gerais,Ataléia,0.0,0,0,0.0,810,6,0.74,6294.68,46.63,6.29,12868,318.62,-85.48,1336.64,0.0
2021-03-19,Minas Gerais,Ataléia,318.62,41,0,0.0,810,6,0.74,6294.68,46.63,6.29,12868,404.1,279.76,1336.64,318.62
2021-03-18,Minas Gerais,Ataléia,0.0,0,0,0.0,769,6,0.78,5976.06,46.63,5.98,12868,124.34,-186.51,1018.02,-132.11
2021-03-17,Minas Gerais,Ataléia,0.0,0,0,0.0,769,6,0.78,5976.06,46.63,5.98,12868,310.85,0.0,1150.13,0.0
2021-03-16,Minas Gerais,Ataléia,0.0,0,0,0.0,769,6,0.78,5976.06,46.63,5.98,12868,310.85,-93.25,1150.13,0.0
2021-03-15,Minas Gerais,Ataléia,0.0,0,0,0.0,769,6,0.78,5976.06,46.63,5.98,12868,404.1,0.0,1150.13,0.0
2021-03-14,Minas Gerais,Ataléia,0.0,0,0,0.0,769,6,0.78,5976.06,46.63,5.98,12868,404.1,0.0,1150.13,0.0
2021-03-13,Minas Gerais,Ataléia,85.48,11,0,0.0,769,6,0.78,5976.06,46.63,5.98,12868,404.1,85.48,1150.13,85.48
2021-03-12,Minas Gerais,Ataléia,38.86,5,0,0.0,758,6,0.79,5890.58,46.63,5.89,12868,318.62,-15.54,1064.65,-132.11
2021-03-11,Minas Gerais,Ataléia,186.51,24,0,0.0,753,6,0.8,5851.73,46.63,5.85,12868,334.16,108.8,1196.76,-108.8
2021-03-10,Minas Gerais,Ataléia,0.0,0,0,0.0,729,6,0.82,5665.22,46.63,5.67,12868,225.36,0.0,1305.56,0.0
2021-03-09,Minas Gerais,Ataléia,93.25,12,0,0.0,729,6,0.82,5665.22,46.63,5.67,12868,225.36,69.94,1305.56,93.25
2021-03-08,Minas Gerais,Ataléia,0.0,0,0,0.0,717,6,0.84,5571.96,46.63,5.57,12868,155.42,0.0,1212.31,0.0
2021-03-07,Minas Gerais,Ataléia,0.0,0,0,0.0,717,6,0.84,5571.96,46.63,5.57,12868,155.42,0.0,1212.31,-209.82
2021-03-06,Minas Gerais,Ataléia,0.0,0,0,0.0,717,6,0.84,5571.96,46.63,5.57,12868,155.42,-209.82,1422.13,0.0
2021-03-05,Minas Gerais,Ataléia,54.4,7,0,0.0,717,6,0.84,5571.96,46.63,5.57,12868,365.24,54.4,1422.13,-77.71
2021-03-04,Minas Gerais,Ataléia,77.71,10,0,0.0,710,6,0.85,5517.56,46.63,5.52,12868,310.84,77.71,1499.84,46.63
2021-03-03,Minas Gerais,Ataléia,0.0,0,0,0.0,700,6,0.86,5439.85,46.63,5.44,12868,233.13,0.0,1453.21,0.0
2021-03-02,Minas Gerais,Ataléia,23.31,3,0,0.0,700,6,0.86,5439.85,46.63,5.44,12868,233.13,-225.37,1453.21,23.31
2021-03-01,Minas Gerais,Ataléia,0.0,0,0,0.0,697,6,0.86,5416.54,46.63,5.42,12868,458.5,0.0,1429.9,-124.34
2021-02-28,Minas Gerais,Ataléia,0.0,0,0,0.0,697,6,0.86,5416.54,46.63,5.42,12868,458.5,0.0,1554.24,0.0
2021-02-27,Minas Gerais,Ataléia,209.82,27,1,7.77,697,6,0.86,5416.54,46.63,5.42,12868,458.5,209.82,1554.24,-217.6
2021-02-26,Minas Gerais,Ataléia,0.0,0,0,0.0,670,5,0.75,5206.71,38.86,5.21,12868,248.68,0.0,1771.84,0.0
2021-02-25,Minas Gerais,Ataléia,0.0,0,0,0.0,670,5,0.75,5206.71,38.86,5.21,12868,248.68,-132.11,1771.84,0.0
2021-02-24,Minas Gerais,Ataléia,0.0,0,0,0.0,670,5,0.75,5206.71,38.86,5.21,12868,380.79,0.0,1771.84,0.0
2021-02-23,Minas Gerais,Ataléia,248.68,32,0,0.0,670,5,0.75,5206.71,38.86,5.21,12868,380.79,248.68,1771.84,248.68
2021-02-22,Minas Gerais,Ataléia,0.0,0,0,0.0,638,5,0.78,4958.04,38.86,4.96,12868,132.11,0.0,1523.16,0.0
2021-02-21,Minas Gerais,Ataléia,0.0,0,0,0.0,638,5,0.78,4958.04,38.86,4.96,12868,132.11,0.0,1523.16,0.0
2021-02-20,Minas Gerais,Ataléia,0.0,0,0,0.0,638,5,0.78,4958.04,38.86,4.96,12868,132.11,0.0,1523.16,0.0
2021-02-19,Minas Gerais,Ataléia,0.0,0,0,0.0,638,5,0.78,4958.04,38.86,4.96,12868,132.11,-170.97,1523.16,-823.75
2021-02-18,Minas Gerais,Ataléia,132.11,17,0,0.0,638,5,0.78,4958.04,38.86,4.96,12868,303.08,-163.2,2346.91,132.11
2021-02-17,Minas Gerais,Ataléia,0.0,0,0,0.0,621,5,0.81,4825.92,38.86,4.83,12868,466.28,0.0,2214.8,0.0
2021-02-16,Minas Gerais,Ataléia,0.0,0,0,0.0,621,5,0.81,4825.92,38.86,4.83,12868,466.28,0.0,2214.8,0.0
2021-02-15,Minas Gerais,Ataléia,0.0,0,0,0.0,621,5,0.81,4825.92,38.86,4.83,12868,466.28,0.0,2214.8,0.0
2021-02-14,Minas Gerais,Ataléia,0.0,0,0,0.0,621,5,0.81,4825.92,38.86,4.83,12868,466.28,-209.82,2214.8,0.0
2021-02-13,Minas Gerais,Ataléia,0.0,0,0,0.0,621,5,0.81,4825.92,38.86,4.83,12868,676.1,0.0,2214.8,0.0
2021-02-12,Minas Gerais,Ataléia,170.97,22,0,0.0,621,5,0.81,4825.92,38.86,4.83,12868,676.1,38.86,2214.8,101.03
2021-02-10,Minas Gerais,Ataléia,295.31,38,0,0.0,599,5,0.83,4654.96,38.86,4.65,12868,637.24,264.23,2113.77,295.31
2021-02-08,Minas Gerais,Ataléia,0.0,0,0,0.0,561,5,0.89,4359.65,38.86,4.36,12868,373.01,0.0,1818.46,0.0
2021-02-07,Minas Gerais,Ataléia,0.0,0,0,0.0,561,5,0.89,4359.65,38.86,4.36,12868,373.01,0.0,1818.46,0.0
2021-02-06,Minas Gerais,Ataléia,0.0,0,1,7.77,561,5,0.89,4359.65,38.86,4.36,12868,373.01,-124.34,1818.46,-202.05
2021-02-05,Minas Gerais,Ataléia,209.82,27,0,0.0,561,4,0.71,4359.65,31.08,4.36,12868,497.35,209.82,2020.51,209.82
2021-02-04,Minas Gerais,Ataléia,0.0,0,0,0.0,534,4,0.75,4149.83,31.08,4.15,12868,287.53,-427.42,1810.69,0.0
2021-02-03,Minas Gerais,Ataléia,132.11,17,0,0.0,534,4,0.75,4149.83,31.08,4.15,12868,714.95,132.11,1810.69,132.11
2021-02-02,Minas Gerais,Ataléia,31.08,4,0,0.0,517,4,0.77,4017.72,31.08,4.02,12868,582.84,31.08,1678.58,31.08
2021-02-01,Minas Gerais,Ataléia,0.0,0,0,0.0,513,4,0.78,3986.63,31.08,3.99,12868,551.76,0.0,1647.5,0.0
2021-01-31,Minas Gerais,Ataléia,0.0,0,0,0.0,513,4,0.78,3986.63,31.08,3.99,12868,551.76,0.0,1647.5,0.0
2021-01-30,Minas Gerais,Ataléia,124.34,16,0,0.0,513,4,0.78,3986.63,31.08,3.99,12868,551.76,124.34,1647.5,124.34
2021-01-29,Minas Gerais,Ataléia,0.0,0,0,0.0,497,4,0.8,3862.29,31.08,3.86,12868,427.42,0.0,1523.16,-62.17
2021-01-28,Minas Gerais,Ataléia,427.42,55,0,0.0,497,4,0.8,3862.29,31.08,3.86,12868,427.42,427.42,1585.33,326.39
2021-01-27,Minas Gerais,Ataléia,0.0,0,0,0.0,442,4,0.9,3434.88,31.08,3.43,12868,0.0,-823.75,1258.94,-326.39
2021-01-26,Minas Gerais,Ataléia,0.0,0,0,0.0,442,4,0.9,3434.88,31.08,3.43,12868,823.75,0.0,1585.33,0.0
2021-01-25,Minas Gerais,Ataléia,0.0,0,0,0.0,442,4,0.9,3434.88,31.08,3.43,12868,823.75,0.0,1585.33,0.0
2021-01-24,Minas Gerais,Ataléia,0.0,0,0,0.0,442,4,0.9,3434.88,31.08,3.43,12868,823.75,0.0,1585.33,0.0
2021-01-23,Minas Gerais,Ataléia,0.0,0,0,0.0,442,4,0.9,3434.88,31.08,3.43,12868,823.75,0.0,1585.33,0.0
2021-01-22,Minas Gerais,Ataléia,0.0,0,0,0.0,442,4,0.9,3434.88,31.08,3.43,12868,823.75,0.0,1585.33,0.0
2021-01-21,Minas Gerais,Ataléia,0.0,0,0,0.0,442,4,0.9,3434.88,31.08,3.43,12868,823.75,0.0,1585.33,0.0
2021-01-20,Minas Gerais,Ataléia,823.75,106,0,0.0,442,4,0.9,3434.88,31.08,3.43,12868,823.75,753.81,1585.33,823.75
2021-01-19,Minas Gerais,Ataléia,0.0,0,0,0.0,336,4,1.19,2611.13,31.08,2.61,12868,69.94,0.0,761.58,0.0
2021-01-18,Minas Gerais,Ataléia,0.0,0,0,0.0,336,4,1.19,2611.13,31.08,2.61,12868,69.94,0.0,761.58,0.0
2021-01-16,Minas Gerais,Ataléia,0.0,0,0,0.0,336,4,1.19,2611.13,31.08,2.61,12868,69.94,0.0,761.58,0.0
2021-01-15,Minas Gerais,Ataléia,0.0,0,0,0.0,336,4,1.19,2611.13,31.08,2.61,12868,69.94,-202.05,761.58,0.0
2021-01-14,Minas Gerais,Ataléia,0.0,0,0,0.0,336,4,1.19,2611.13,31.08,2.61,12868,271.99,0.0,761.58,0.0
2021-01-13,Minas Gerais,Ataléia,0.0,0,0,0.0,336,4,1.19,2611.13,31.08,2.61,12868,271.99,0.0,761.58,0.0
2021-01-12,Minas Gerais,Ataléia,69.94,9,0,0.0,336,4,1.19,2611.13,31.08,2.61,12868,271.99,69.94,761.58,-46.63
2021-01-11,Minas Gerais,Ataléia,0.0,0,0,0.0,327,4,1.22,2541.19,31.08,2.54,12868,202.05,0.0,808.21,0.0
2021-01-10,Minas Gerais,Ataléia,0.0,0,0,0.0,327,4,1.22,2541.19,31.08,2.54,12868,202.05,0.0,808.21,0.0
2021-01-09,Minas Gerais,Ataléia,0.0,0,0,0.0,327,4,1.22,2541.19,31.08,2.54,12868,202.05,0.0,808.21,0.0
2021-01-08,Minas Gerais,Ataléia,202.05,26,0,0.0,327,4,1.22,2541.19,31.08,2.54,12868,202.05,202.05,808.21,202.05
2021-01-07,Minas Gerais,Ataléia,0.0,0,0,0.0,301,4,1.33,2339.14,31.08,2.34,12868,-0.0,-62.17,606.16,-15.54
2021-01-06,Minas Gerais,Ataléia,0.0,0,0,0.0,301,4,1.33,2339.14,31.08,2.34,12868,62.17,-101.03,621.7,-101.03
2021-01-05,Minas Gerais,Ataléia,0.0,0,0,0.0,301,4,1.33,2339.14,31.08,2.34,12868,163.2,-326.39,722.73,0.0
2021-01-04,Minas Gerais,Ataléia,0.0,0,0,0.0,301,4,1.33,2339.14,31.08,2.34,12868,489.59,0.0,722.73,0.0
2021-01-03,Minas Gerais,Ataléia,0.0,0,0,0.0,301,4,1.33,2339.14,31.08,2.34,12868,489.59,0.0,722.73,0.0
2021-01-02,Minas Gerais,Ataléia,0.0,0,0,0.0,301,4,1.33,2339.14,31.08,2.34,12868,489.59,0.0,722.73,-31.08
2021-01-01,Minas Gerais,Ataléia,0.0,0,0,0.0,301,4,1.33,2339.14,31.08,2.34,12868,489.59,0.0,753.81,0.0
2020-12-31,Minas Gerais,Ataléia,62.17,8,0,0.0,301,4,1.33,2339.14,31.08,2.34,12868,489.59,62.17,753.81,62.17
2020-12-30,Minas Gerais,Ataléia,101.03,13,0,0.0,293,4,1.37,2276.97,31.08,2.28,12868,427.42,101.03,691.64,31.09
2020-12-29,Minas Gerais,Ataléia,326.39,42,0,0.0,280,4,1.43,2175.94,31.08,2.18,12868,326.39,326.39,660.55,326.39
2020-12-28,Minas Gerais,Ataléia,0.0,0,0,0.0,238,4,1.68,1849.55,31.08,1.85,12868,0.0,0.0,334.16,0.0
2020-12-27,Minas Gerais,Ataléia,0.0,0,0,0.0,238,4,1.68,1849.55,31.08,1.85,12868,0.0,0.0,334.16,0.0
2020-12-26,Minas Gerais,Ataléia,0.0,0,0,0.0,238,4,1.68,1849.55,31.08,1.85,12868,0.0,0.0,334.16,0.0
2020-12-25,Minas Gerais,Ataléia,0.0,0,0,0.0,238,4,1.68,1849.55,31.08,1.85,12868,0.0,0.0,334.16,0.0
2020-12-24,Minas Gerais,Ataléia,0.0,0,0,0.0,238,4,1.68,1849.55,31.08,1.85,12868,0.0,0.0,334.16,0.0
2020-12-23,Minas Gerais,Ataléia,0.0,0,0,0.0,238,4,1.68,1849.55,31.08,1.85,12868,0.0,0.0,334.16,-31.08
2020-12-22,Minas Gerais,Ataléia,0.0,0,0,0.0,238,4,1.68,1849.55,31.08,1.85,12868,0.0,-116.57,365.24,-15.54
2020-12-21,Minas Gerais,Ataléia,0.0,0,0,0.0,238,4,1.68,1849.55,31.08,1.85,12868,116.57,0.0,380.78,0.0
2020-12-20,Minas Gerais,Ataléia,0.0,0,0,0.0,238,4,1.68,1849.55,31.08,1.85,12868,116.57,0.0,380.78,0.0
2020-12-19,Minas Gerais,Ataléia,0.0,0,0,0.0,238,4,1.68,1849.55,31.08,1.85,12868,116.57,0.0,380.78,0.0
2020-12-18,Minas Gerais,Ataléia,0.0,0,0,0.0,238,4,1.68,1849.55,31.08,1.85,12868,116.57,0.0,380.78,-69.94
2020-12-17,Minas Gerais,Ataléia,0.0,0,0,0.0,238,4,1.68,1849.55,31.08,1.85,12868,116.57,-15.54,450.72,0.0
2020-12-16,Minas Gerais,Ataléia,0.0,0,0,0.0,238,4,1.68,1849.55,31.08,1.85,12868,132.11,-101.03,450.72,0.0
2020-12-15,Minas Gerais,Ataléia,116.57,15,0,0.0,238,4,1.68,1849.55,31.08,1.85,12868,233.14,116.57,450.72,93.26
2020-12-14,Minas Gerais,Ataléia,0.0,0,0,0.0,223,4,1.79,1732.98,31.08,1.73,12868,116.57,0.0,357.46,0.0
2020-12-13,Minas Gerais,Ataléia,0.0,0,0,0.0,223,4,1.79,1732.98,31.08,1.73,12868,116.57,0.0,357.46,0.0
2020-12-12,Minas Gerais,Ataléia,0.0,0,0,0.0,223,4,1.79,1732.98,31.08,1.73,12868,116.57,-31.08,357.46,-46.63
2020-12-11,Minas Gerais,Ataléia,0.0,0,0,0.0,223,4,1.79,1732.98,31.08,1.73,12868,147.65,0.0,404.09,0.0
2020-12-10,Minas Gerais,Ataléia,15.54,2,0,0.0,223,4,1.79,1732.98,31.08,1.73,12868,147.65,15.54,404.09,15.54
2020-12-09,Minas Gerais,Ataléia,101.03,13,0,0.0,221,4,1.81,1717.44,31.08,1.72,12868,132.11,31.09,388.55,101.03
2020-12-08,Minas Gerais,Ataléia,0.0,0,0,0.0,208,4,1.92,1616.41,31.08,1.62,12868,101.02,0.0,287.52,-38.86
2020-12-07,Minas Gerais,Ataléia,0.0,0,0,0.0,208,4,1.92,1616.41,31.08,1.62,12868,101.02,0.0,326.38,0.0
2020-12-06,Minas Gerais,Ataléia,0.0,0,0,0.0,208,4,1.92,1616.41,31.08,1.62,12868,101.02,0.0,326.38,-23.31
2020-12-05,Minas Gerais,Ataléia,31.08,4,0,0.0,208,4,1.92,1616.41,31.08,1.62,12868,101.02,31.08,349.69,31.08
2020-12-04,Minas Gerais,Ataléia,0.0,0,0,0.0,204,4,1.96,1585.33,31.08,1.59,12868,69.94,0.0,318.61,-15.54
2020-12-03,Minas Gerais,Ataléia,0.0,0,0,0.0,204,4,1.96,1585.33,31.08,1.59,12868,69.94,0.0,334.15,-7.77
2020-12-02,Minas Gerais,Ataléia,69.94,9,0,0.0,204,4,1.96,1585.33,31.08,1.59,12868,69.94,38.86,341.92,69.94
2020-12-01,Minas Gerais,Ataléia,0.0,0,0,0.0,195,4,2.05,1515.39,31.08,1.52,12868,31.08,-15.54,271.98,0.0
2020-11-30,Minas Gerais,Ataléia,0.0,0,0,0.0,195,4,2.05,1515.39,31.08,1.52,12868,46.62,0.0,271.98,0.0
2020-11-29,Minas Gerais,Ataléia,0.0,0,0,0.0,195,4,2.05,1515.39,31.08,1.52,12868,46.62,0.0,271.98,0.0
2020-11-28,Minas Gerais,Ataléia,0.0,0,0,0.0,195,4,2.05,1515.39,31.08,1.52,12868,46.62,0.0,271.98,0.0
2020-11-27,Minas Gerais,Ataléia,0.0,0,0,0.0,195,4,2.05,1515.39,31.08,1.52,12868,46.62,-69.94,271.98,0.0
2020-11-26,Minas Gerais,Ataléia,0.0,0,0,0.0,195,4,2.05,1515.39,31.08,1.52,12868,116.56,0.0,271.98,0.0
2020-11-25,Minas Gerais,Ataléia,31.08,4,0,0.0,195,4,2.05,1515.39,31.08,1.52,12868,116.56,31.08,271.98,31.08
2020-11-24,Minas Gerais,Ataléia,15.54,2,0,0.0,191,4,2.09,1484.3,31.08,1.48,12868,85.48,-7.77,240.9,15.54
2020-11-23,Minas Gerais,Ataléia,0.0,0,0,0.0,189,4,2.12,1468.76,31.08,1.47,12868,93.25,0.0,225.36,0.0
2020-11-22,Minas Gerais,Ataléia,0.0,0,0,0.0,189,4,2.12,1468.76,31.08,1.47,12868,93.25,0.0,225.36,-15.54
2020-11-20,Minas Gerais,Ataléia,0.0,0,0,0.0,189,4,2.12,1468.76,31.08,1.47,12868,93.25,-46.63,240.9,-77.71
2020-11-19,Minas Gerais,Ataléia,69.94,9,0,0.0,189,4,2.12,1468.76,31.08,1.47,12868,139.88,69.94,318.61,23.31
2020-11-18,Minas Gerais,Ataléia,0.0,0,0,0.0,180,4,2.22,1398.82,31.08,1.4,12868,69.94,0.0,295.3,0.0
2020-11-17,Minas Gerais,Ataléia,0.0,0,0,0.0,180,4,2.22,1398.82,31.08,1.4,12868,69.94,0.0,295.3,0.0
2020-11-16,Minas Gerais,Ataléia,23.31,3,0,0.0,180,4,2.22,1398.82,31.08,1.4,12868,69.94,-15.55,295.3,23.31
2020-11-14,Minas Gerais,Ataléia,0.0,0,0,0.0,177,4,2.26,1375.51,31.08,1.38,12868,85.49,0.0,271.99,0.0
2020-11-13,Minas Gerais,Ataléia,0.0,0,0,0.0,177,4,2.26,1375.51,31.08,1.38,12868,85.49,-23.31,271.99,0.0
2020-11-12,Minas Gerais,Ataléia,46.63,6,0,0.0,177,4,2.26,1375.51,31.08,1.38,12868,108.8,46.63,271.99,46.63
2020-11-10,Minas Gerais,Ataléia,0.0,0,0,0.0,171,4,2.34,1328.88,31.08,1.33,12868,62.17,-15.54,225.36,0.0
2020-11-09,Minas Gerais,Ataléia,0.0,0,0,0.0,171,4,2.34,1328.88,31.08,1.33,12868,77.71,-7.77,225.36,0.0
2020-11-06,Minas Gerais,Ataléia,0.0,0,0,0.0,171,4,2.34,1328.88,31.08,1.33,12868,85.48,0.0,225.36,0.0
2020-11-05,Minas Gerais,Ataléia,38.86,5,0,0.0,171,4,2.34,1328.88,31.08,1.33,12868,85.48,38.86,225.36,38.86
2020-11-04,Minas Gerais,Ataléia,0.0,0,0,0.0,166,4,2.41,1290.02,31.08,1.29,12868,46.62,0.0,186.5,0.0
2020-11-03,Minas Gerais,Ataléia,23.31,3,0,0.0,166,4,2.41,1290.02,31.08,1.29,12868,46.62,23.31,186.5,7.77
2020-10-29,Minas Gerais,Ataléia,0.0,0,0,0.0,163,4,2.45,1266.71,31.08,1.27,12868,23.31,0.0,178.73,0.0
2020-10-28,Minas Gerais,Ataléia,15.54,2,0,0.0,163,4,2.45,1266.71,31.08,1.27,12868,23.31,15.54,178.73,-15.54
2020-10-27,Minas Gerais,Ataléia,7.77,1,0,0.0,161,4,2.48,1251.17,31.08,1.25,12868,7.77,7.77,194.27,7.77
2020-10-26,Minas Gerais,Ataléia,0.0,0,0,0.0,160,4,2.5,1243.39,31.08,1.24,12868,-0.0,0.0,186.5,0.0
2020-10-25,Minas Gerais,Ataléia,0.0,0,0,0.0,160,4,2.5,1243.39,31.08,1.24,12868,-0.0,0.0,186.5,0.0
2020-10-24,Minas Gerais,Ataléia,0.0,0,0,0.0,160,4,2.5,1243.39,31.08,1.24,12868,-0.0,0.0,186.5,-15.54
2020-10-23,Minas Gerais,Ataléia,0.0,0,0,0.0,160,4,2.5,1243.39,31.08,1.24,12868,-0.0,-15.54,202.04,-7.77
2020-10-22,Minas Gerais,Ataléia,0.0,0,0,0.0,160,4,2.5,1243.39,31.08,1.24,12868,15.54,-77.71,209.81,-202.05
2020-10-21,Minas Gerais,Ataléia,0.0,0,0,0.0,160,4,2.5,1243.39,31.08,1.24,12868,93.25,-46.63,411.86,0.0
2020-10-20,Minas Gerais,Ataléia,0.0,0,0,0.0,160,4,2.5,1243.39,31.08,1.24,12868,139.88,0.0,411.86,0.0
2020-10-19,Minas Gerais,Ataléia,0.0,0,0,0.0,160,4,2.5,1243.39,31.08,1.24,12868,139.88,0.0,411.86,0.0
2020-10-18,Minas Gerais,Ataléia,0.0,0,0,0.0,160,4,2.5,1243.39,31.08,1.24,12868,139.88,0.0,411.86,0.0
2020-10-17,Minas Gerais,Ataléia,0.0,0,0,0.0,160,4,2.5,1243.39,31.08,1.24,12868,139.88,0.0,411.86,0.0
2020-10-16,Minas Gerais,Ataléia,15.54,2,0,0.0,160,4,2.5,1243.39,31.08,1.24,12868,139.88,15.54,411.86,15.54
2020-10-15,Minas Gerais,Ataléia,77.71,10,0,0.0,158,4,2.53,1227.85,31.08,1.23,12868,124.34,77.71,396.32,77.71
2020-10-14,Minas Gerais,Ataléia,46.63,6,0,0.0,148,4,2.7,1150.14,31.08,1.15,12868,46.63,46.63,318.61,46.63
2020-10-13,Minas Gerais,Ataléia,0.0,0,0,0.0,142,4,2.82,1103.51,31.08,1.1,12868,-0.0,0.0,271.98,0.0
2020-10-12,Minas Gerais,Ataléia,0.0,0,0,0.0,142,4,2.82,1103.51,31.08,1.1,12868,-0.0,0.0,271.98,0.0
2020-10-11,Minas Gerais,Ataléia,0.0,0,0,0.0,142,4,2.82,1103.51,31.08,1.1,12868,-0.0,0.0,271.98,0.0
2020-10-10,Minas Gerais,Ataléia,0.0,0,0,0.0,142,4,2.82,1103.51,31.08,1.1,12868,-0.0,0.0,271.98,0.0
2020-10-09,Minas Gerais,Ataléia,0.0,0,0,0.0,142,4,2.82,1103.51,31.08,1.1,12868,-0.0,-15.54,271.98,0.0
2020-10-08,Minas Gerais,Ataléia,0.0,0,0,0.0,142,4,2.82,1103.51,31.08,1.1,12868,15.54,0.0,271.98,0.0
2020-10-07,Minas Gerais,Ataléia,0.0,0,0,0.0,142,4,2.82,1103.51,31.08,1.1,12868,15.54,-31.08,271.98,0.0
2020-10-05,Minas Gerais,Ataléia,0.0,0,0,0.0,142,4,2.82,1103.51,31.08,1.1,12868,46.62,0.0,271.98,0.0
2020-10-04,Minas Gerais,Ataléia,0.0,0,0,0.0,142,4,2.82,1103.51,31.08,1.1,12868,46.62,0.0,271.98,0.0
2020-10-03,Minas Gerais,Ataléia,0.0,0,0,0.0,142,4,2.82,1103.51,31.08,1.1,12868,46.62,0.0,271.98,0.0
2020-10-02,Minas Gerais,Ataléia,0.0,0,0,0.0,142,4,2.82,1103.51,31.08,1.1,12868,46.62,-15.54,271.98,-15.54
2020-10-01,Minas Gerais,Ataléia,15.54,2,0,0.0,142,4,2.82,1103.51,31.08,1.1,12868,62.16,7.77,287.52,-23.32
2020-09-30,Minas Gerais,Ataléia,0.0,0,0,0.0,140,4,2.86,1087.97,31.08,1.09,12868,54.39,-202.05,310.84,-7.77
2020-09-29,Minas Gerais,Ataléia,31.08,4,0,0.0,140,4,2.86,1087.97,31.08,1.09,12868,256.44,31.08,318.61,31.08
2020-09-28,Minas Gerais,Ataléia,0.0,0,0,0.0,136,4,2.94,1056.89,31.08,1.06,12868,225.36,0.0,287.53,0.0
2020-09-27,Minas Gerais,Ataléia,0.0,0,0,0.0,136,4,2.94,1056.89,31.08,1.06,12868,225.36,0.0,287.53,0.0
2020-09-26,Minas Gerais,Ataléia,0.0,0,0,0.0,136,4,2.94,1056.89,31.08,1.06,12868,225.36,0.0,287.53,0.0
2020-09-25,Minas Gerais,Ataléia,15.54,2,0,0.0,136,4,2.94,1056.89,31.08,1.06,12868,225.36,15.54,287.53,-15.54
2020-09-24,Minas Gerais,Ataléia,7.77,1,0,0.0,134,4,2.99,1041.34,31.08,1.04,12868,209.82,7.77,303.07,-15.54
2020-09-23,Minas Gerais,Ataléia,202.05,26,0,0.0,133,4,3.01,1033.57,31.08,1.03,12868,202.05,202.05,318.61,170.97
2020-09-21,Minas Gerais,Ataléia,0.0,0,0,0.0,107,4,3.74,831.52,31.08,0.83,12868,0.0,0.0,147.64,0.0
2020-09-20,Minas Gerais,Ataléia,0.0,0,0,0.0,107,4,3.74,831.52,31.08,0.83,12868,0.0,0.0,147.64,0.0
2020-09-19,Minas Gerais,Ataléia,0.0,0,0,0.0,107,4,3.74,831.52,31.08,0.83,12868,0.0,0.0,147.64,0.0
2020-09-18,Minas Gerais,Ataléia,0.0,0,0,0.0,107,4,3.74,831.52,31.08,0.83,12868,0.0,0.0,147.64,-38.86
2020-09-16,Minas Gerais,Ataléia,0.0,0,0,0.0,107,4,3.74,831.52,31.08,0.83,12868,0.0,0.0,186.5,0.0
2020-09-15,Minas Gerais,Ataléia,0.0,0,0,0.0,107,4,3.74,831.52,31.08,0.83,12868,0.0,0.0,186.5,-7.77
2020-09-14,Minas Gerais,Ataléia,0.0,0,0,0.0,107,4,3.74,831.52,31.08,0.83,12868,0.0,0.0,194.27,-7.77
2020-09-13,Minas Gerais,Ataléia,0.0,0,0,0.0,107,4,3.74,831.52,31.08,0.83,12868,0.0,0.0,202.04,0.0
2020-09-12,Minas Gerais,Ataléia,0.0,0,0,0.0,107,4,3.74,831.52,31.08,0.83,12868,0.0,0.0,202.04,0.0
2020-09-11,Minas Gerais,Ataléia,0.0,0,0,0.0,107,4,3.74,831.52,31.08,0.83,12868,0.0,0.0,202.04,-31.08
2020-09-10,Minas Gerais,Ataléia,0.0,0,0,0.0,107,4,3.74,831.52,31.08,0.83,12868,0.0,0.0,233.12,0.0
2020-09-09,Minas Gerais,Ataléia,0.0,0,0,0.0,107,4,3.74,831.52,31.08,0.83,12868,0.0,-15.54,233.12,-31.08
2020-09-08,Minas Gerais,Ataléia,0.0,0,0,0.0,107,4,3.74,831.52,31.08,0.83,12868,15.54,-38.86,264.2,0.0
2020-09-07,Minas Gerais,Ataléia,0.0,0,0,0.0,107,4,3.74,831.52,31.08,0.83,12868,54.4,-7.77,264.2,0.0
2020-09-06,Minas Gerais,Ataléia,0.0,0,0,0.0,107,4,3.74,831.52,31.08,0.83,12868,62.17,0.0,264.2,0.0
2020-09-05,Minas Gerais,Ataléia,0.0,0,0,0.0,107,4,3.74,831.52,31.08,0.83,12868,62.17,0.0,264.2,0.0
2020-09-04,Minas Gerais,Ataléia,0.0,0,0,0.0,107,4,3.74,831.52,31.08,0.83,12868,62.17,0.0,264.2,-124.34
2020-09-03,Minas Gerais,Ataléia,0.0,0,0,0.0,107,4,3.74,831.52,31.08,0.83,12868,62.17,0.0,388.54,0.0
2020-09-02,Minas Gerais,Ataléia,15.54,2,0,0.0,107,4,3.74,831.52,31.08,0.83,12868,62.17,-15.54,388.54,15.54
2020-09-01,Minas Gerais,Ataléia,38.86,5,0,0.0,105,4,3.81,815.98,31.08,0.82,12868,77.71,15.55,373.0,38.86
2020-08-31,Minas Gerais,Ataléia,7.77,1,0,0.0,100,4,4.0,777.12,31.08,0.78,12868,62.16,-23.31,334.14,-31.09
2020-08-30,Minas Gerais,Ataléia,0.0,0,0,0.0,99,4,4.04,769.35,31.08,0.77,12868,85.47,0.0,365.23,0.0
2020-08-29,Minas Gerais,Ataléia,0.0,0,0,0.0,99,4,4.04,769.35,31.08,0.77,12868,85.47,0.0,365.23,0.0
2020-08-28,Minas Gerais,Ataléia,0.0,0,0,0.0,99,4,4.04,769.35,31.08,0.77,12868,85.47,0.0,365.23,0.0
2020-08-27,Minas Gerais,Ataléia,0.0,0,0,0.0,99,4,4.04,769.35,31.08,0.77,12868,85.47,-38.86,365.23,0.0
2020-08-26,Minas Gerais,Ataléia,31.08,4,0,0.0,99,4,4.04,769.35,31.08,0.77,12868,124.33,31.08,365.23,23.31
2020-08-25,Minas Gerais,Ataléia,23.31,3,0,0.0,95,4,4.21,738.27,31.08,0.74,12868,93.25,15.54,341.92,7.77
2020-08-24,Minas Gerais,Ataléia,31.08,4,0,0.0,92,4,4.35,714.95,31.08,0.71,12868,77.71,23.31,334.15,31.08
2020-08-23,Minas Gerais,Ataléia,0.0,0,0,0.0,88,4,4.55,683.87,31.08,0.68,12868,54.4,0.0,303.07,0.0
2020-08-22,Minas Gerais,Ataléia,0.0,0,0,0.0,88,4,4.55,683.87,31.08,0.68,12868,54.4,0.0,303.07,0.0
2020-08-21,Minas Gerais,Ataléia,0.0,0,1,7.77,88,4,4.55,683.87,31.08,0.68,12868,54.4,-31.08,303.07,0.0
2020-08-20,Minas Gerais,Ataléia,38.86,5,0,0.0,88,3,3.41,683.87,23.31,0.68,12868,85.48,38.86,303.07,7.78
2020-08-19,Minas Gerais,Ataléia,0.0,0,0,0.0,83,3,3.61,645.01,23.31,0.65,12868,46.62,-31.08,295.29,0.0
2020-08-18,Minas Gerais,Ataléia,7.77,1,0,0.0,83,3,3.61,645.01,23.31,0.65,12868,77.7,7.77,295.29,7.77
2020-08-17,Minas Gerais,Ataléia,7.77,1,1,7.77,82,3,3.66,637.24,23.31,0.64,12868,69.93,7.77,287.52,7.77
2020-08-16,Minas Gerais,Ataléia,0.0,0,0,0.0,81,2,2.47,629.47,15.54,0.63,12868,62.16,0.0,279.75,-15.54
2020-08-15,Minas Gerais,Ataléia,0.0,0,0,0.0,81,2,2.47,629.47,15.54,0.63,12868,62.16,0.0,295.29,0.0
2020-08-14,Minas Gerais,Ataléia,31.08,4,0,0.0,81,2,2.47,629.47,15.54,0.63,12868,62.16,-93.26,295.29,31.08
2020-08-13,Minas Gerais,Ataléia,0.0,0,-1,-7.77,77,2,2.6,598.38,15.54,0.6,12868,155.42,0.0,264.21,0.0
2020-08-12,Minas Gerais,Ataléia,31.08,4,0,0.0,77,3,3.9,598.38,23.31,0.6,12868,155.42,31.08,264.21,23.31
2020-08-11,Minas Gerais,Ataléia,0.0,0,0,0.0,73,3,4.11,567.3,23.31,0.57,12868,124.34,0.0,240.9,-54.4
2020-08-10,Minas Gerais,Ataléia,0.0,0,0,0.0,73,3,4.11,567.3,23.31,0.57,12868,124.34,-38.86,295.3,0.0
2020-08-08,Minas Gerais,Ataléia,0.0,0,0,0.0,73,3,4.11,567.3,23.31,0.57,12868,163.2,0.0,295.3,-15.54
2020-08-07,Minas Gerais,Ataléia,0.0,0,0,0.0,73,3,4.11,567.3,23.31,0.57,12868,163.2,0.0,310.84,0.0
2020-08-06,Minas Gerais,Ataléia,124.34,16,-1,-7.77,73,3,4.11,567.3,23.31,0.57,12868,163.2,124.34,310.84,124.34
2020-08-03,Minas Gerais,Ataléia,0.0,0,0,0.0,57,4,7.02,442.96,31.08,0.44,12868,38.86,0.0,186.5,-69.94
2020-07-31,Minas Gerais,Ataléia,0.0,0,0,0.0,57,4,7.02,442.96,31.08,0.44,12868,38.86,-7.77,256.44,0.0
2020-07-30,Minas Gerais,Ataléia,0.0,0,0,0.0,57,4,7.02,442.96,31.08,0.44,12868,46.63,-15.54,256.44,0.0
2020-07-29,Minas Gerais,Ataléia,38.86,5,0,0.0,57,4,7.02,442.96,31.08,0.44,12868,62.17,38.86,256.44,38.86
2020-07-28,Minas Gerais,Ataléia,0.0,0,0,0.0,52,4,7.69,404.1,31.08,0.4,12868,23.31,0.0,217.58,-15.54
2020-07-27,Minas Gerais,Ataléia,0.0,0,0,0.0,52,4,7.69,404.1,31.08,0.4,12868,23.31,0.0,233.12,-7.77
2020-07-26,Minas Gerais,Ataléia,0.0,0,0,0.0,52,4,7.69,404.1,31.08,0.4,12868,23.31,0.0,240.89,0.0
2020-07-25,Minas Gerais,Ataléia,0.0,0,0,0.0,52,4,7.69,404.1,31.08,0.4,12868,23.31,-31.08,240.89,-31.08
2020-07-24,Minas Gerais,Ataléia,7.77,1,1,7.77,52,4,7.69,404.1,31.08,0.4,12868,54.39,7.77,271.97,-77.71
2020-07-23,Minas Gerais,Ataléia,15.54,2,0,0.0,51,3,5.88,396.33,23.31,0.4,12868,46.62,15.54,349.68,15.54
2020-07-22,Minas Gerais,Ataléia,0.0,0,1,7.77,49,3,6.12,380.79,23.31,0.38,12868,31.08,0.0,334.14,0.0
2020-07-21,Minas Gerais,Ataléia,0.0,0,0,0.0,49,2,4.08,380.79,15.54,0.38,12868,31.08,-15.54,334.14,0.0
2020-07-20,Minas Gerais,Ataléia,0.0,0,0,0.0,49,2,4.08,380.79,15.54,0.38,12868,46.62,0.0,334.14,0.0
2020-07-19,Minas Gerais,Ataléia,0.0,0,0,0.0,49,2,4.08,380.79,15.54,0.38,12868,46.62,0.0,334.14,0.0
2020-07-18,Minas Gerais,Ataléia,31.08,4,0,0.0,49,2,4.08,380.79,15.54,0.38,12868,46.62,31.08,334.14,0.0
2020-07-17,Minas Gerais,Ataléia,0.0,0,0,0.0,45,2,4.44,349.7,15.54,0.35,12868,15.54,-7.77,334.14,-7.77
2020-07-16,Minas Gerais,Ataléia,0.0,0,0,0.0,45,2,4.44,349.7,15.54,0.35,12868,23.31,-54.4,341.91,0.0
2020-07-15,Minas Gerais,Ataléia,0.0,0,0,0.0,45,2,4.44,349.7,15.54,0.35,12868,77.71,0.0,341.91,0.0
2020-07-14,Minas Gerais,Ataléia,15.54,2,0,0.0,45,2,4.44,349.7,15.54,0.35,12868,77.71,0.0,341.91,15.54
2020-07-13,Minas Gerais,Ataléia,0.0,0,0,0.0,43,2,4.65,334.16,15.54,0.33,12868,77.71,0.0,326.37,0.0
2020-07-12,Minas Gerais,Ataléia,0.0,0,0,0.0,43,2,4.65,334.16,15.54,0.33,12868,77.71,0.0,326.37,0.0
2020-07-11,Minas Gerais,Ataléia,0.0,0,0,0.0,43,2,4.65,334.16,15.54,0.33,12868,77.71,-69.94,326.37,0.0
2020-07-10,Minas Gerais,Ataléia,7.77,1,0,0.0,43,2,4.65,334.16,15.54,0.33,12868,147.65,7.77,326.37,7.77
2020-07-09,Minas Gerais,Ataléia,54.4,7,0,0.0,42,2,4.76,326.39,15.54,0.33,12868,139.88,54.4,318.6,54.4
2020-07-08,Minas Gerais,Ataléia,0.0,0,1,7.77,35,2,5.71,271.99,15.54,0.27,12868,85.48,0.0,264.2,0.0
2020-07-07,Minas Gerais,Ataléia,15.54,2,0,0.0,35,1,2.86,271.99,7.77,0.27,12868,85.48,0.0,264.2,15.54
2020-07-06,Minas Gerais,Ataléia,0.0,0,0,0.0,33,1,3.03,256.45,7.77,0.26,12868,85.48,-7.77,248.66,0.0
2020-07-05,Minas Gerais,Ataléia,0.0,0,0,0.0,33,1,3.03,256.45,7.77,0.26,12868,93.25,0.0,248.66,0.0
2020-07-04,Minas Gerais,Ataléia,69.94,9,0,0.0,33,1,3.03,256.45,7.77,0.26,12868,93.25,38.86,248.66,69.94
2020-07-03,Minas Gerais,Ataléia,0.0,0,0,0.0,24,1,4.17,186.51,7.77,0.19,12868,54.39,-85.48,178.72,0.0
2020-07-02,Minas Gerais,Ataléia,0.0,0,0,0.0,24,1,4.17,186.51,7.77,0.19,12868,139.87,0.0,178.72,0.0
2020-07-01,Minas Gerais,Ataléia,0.0,0,1,7.77,24,1,4.17,186.51,7.77,0.19,12868,139.87,0.0,178.72,0.0
2020-06-30,Minas Gerais,Ataléia,15.54,2,0,0.0,24,0,0.0,186.51,0.0,0.19,12868,139.87,15.54,178.72,15.54
2020-06-29,Minas Gerais,Ataléia,7.77,1,0,0.0,22,0,0.0,170.97,0.0,0.17,12868,124.33,7.77,163.18,7.77
2020-06-28,Minas Gerais,Ataléia,0.0,0,0,0.0,21,0,0.0,163.2,0.0,0.16,12868,116.56,0.0,155.41,0.0
2020-06-27,Minas Gerais,Ataléia,31.08,4,0,0.0,21,0,0.0,163.2,0.0,0.16,12868,116.56,0.0,155.41,31.08
2020-06-26,Minas Gerais,Ataléia,85.48,11,0,0.0,17,0,0.0,132.11,0.0,0.13,12868,116.56,77.71,124.33,85.48
2020-06-25,Minas Gerais,Ataléia,0.0,0,0,0.0,6,0,0.0,46.63,0.0,0.05,12868,38.85,0.0,38.85,0.0
2020-06-24,Minas Gerais,Ataléia,0.0,0,0,0.0,6,0,0.0,46.63,0.0,0.05,12868,38.85,0.0,38.85,0.0
2020-06-23,Minas Gerais,Ataléia,0.0,0,0,0.0,6,0,0.0,46.63,0.0,0.05,12868,38.85,0.0,38.85,0.0
2020-06-22,Minas Gerais,Ataléia,0.0,0,0,0.0,6,0,0.0,46.63,0.0,0.05,12868,38.85,0.0,38.85,0.0
2020-06-21,Minas Gerais,Ataléia,0.0,0,0,0.0,6,0,0.0,46.63,0.0,0.05,12868,38.85,0.0,38.85,0.0
2020-06-20,Minas Gerais,Ataléia,31.08,4,0,0.0,6,0,0.0,46.63,0.0,0.05,12868,38.85,31.08,38.85,31.08
2020-06-19,Minas Gerais,Ataléia,7.77,1,0,0.0,2,0,0.0,15.54,0.0,0.02,12868,7.77,7.77,7.77,7.77
2020-06-18,Minas Gerais,Ataléia,0.0,0,0,0.0,1,0,0.0,7.77,0.0,0.01,12868,0.0,0.0,0.0,0.0
2020-06-17,Minas Gerais,Ataléia,0.0,0,0,0.0,1,0,0.0,7.77,0.0,0.01,12868,0.0,0.0,0.0,0.0
