date,state,city,1day_cases_100k,new_cases,new_deaths,new_deaths_100k,total_cases,total_deaths,cfr%,total_cases_100k,total_deaths_100k,%infected,population,7day_cases_100k,7day_cases_change,28day_cases_100k,28day_cases_change
2020-10-14,Minas Gerais,Coimbra,0.0,0,0,0.0,49,0,0.0,648.49,0.0,0.65,7556,13.23,-13.23,66.16,0.0
2020-10-13,Minas Gerais,Coimbra,13.23,1,0,0.0,49,0,0.0,648.49,0.0,0.65,7556,26.46,13.23,66.16,13.23
2020-10-12,Minas Gerais,Coimbra,0.0,0,0,0.0,48,0,0.0,635.26,0.0,0.64,7556,13.23,0.0,52.93,-39.7
2020-10-11,Minas Gerais,Coimbra,0.0,0,0,0.0,48,0,0.0,635.26,0.0,0.64,7556,13.23,0.0,92.63,0.0
2020-10-10,Minas Gerais,Coimbra,0.0,0,0,0.0,48,0,0.0,635.26,0.0,0.64,7556,13.23,0.0,92.63,-79.41
2020-10-09,Minas Gerais,Coimbra,0.0,0,0,0.0,48,0,0.0,635.26,0.0,0.64,7556,13.23,0.0,172.04,0.0
2020-10-08,Minas Gerais,Coimbra,0.0,0,0,0.0,48,0,0.0,635.26,0.0,0.64,7556,13.23,0.0,172.04,0.0
2020-10-07,Minas Gerais,Coimbra,13.23,1,0,0.0,48,0,0.0,635.26,0.0,0.64,7556,13.23,13.23,172.04,13.23
2020-10-05,Minas Gerais,Coimbra,0.0,0,0,0.0,47,0,0.0,622.02,0.0,0.62,7556,-0.0,0.0,158.81,0.0
2020-10-04,Minas Gerais,Coimbra,0.0,0,0,0.0,47,0,0.0,622.02,0.0,0.62,7556,-0.0,0.0,158.81,0.0
2020-10-03,Minas Gerais,Coimbra,0.0,0,0,0.0,47,0,0.0,622.02,0.0,0.62,7556,-0.0,0.0,158.81,0.0
2020-10-02,Minas Gerais,Coimbra,0.0,0,0,0.0,47,0,0.0,622.02,0.0,0.62,7556,-0.0,0.0,158.81,0.0
2020-10-01,Minas Gerais,Coimbra,0.0,0,0,0.0,47,0,0.0,622.02,0.0,0.62,7556,-0.0,0.0,158.81,0.0
2020-09-30,Minas Gerais,Coimbra,0.0,0,0,0.0,47,0,0.0,622.02,0.0,0.62,7556,-0.0,0.0,158.81,-13.23
2020-09-29,Minas Gerais,Coimbra,0.0,0,0,0.0,47,0,0.0,622.02,0.0,0.62,7556,-0.0,0.0,172.04,0.0
2020-09-28,Minas Gerais,Coimbra,0.0,0,0,0.0,47,0,0.0,622.02,0.0,0.62,7556,-0.0,0.0,172.04,0.0
2020-09-27,Minas Gerais,Coimbra,0.0,0,0,0.0,47,0,0.0,622.02,0.0,0.62,7556,-0.0,0.0,172.04,0.0
2020-09-26,Minas Gerais,Coimbra,0.0,0,0,0.0,47,0,0.0,622.02,0.0,0.62,7556,-0.0,0.0,172.04,-26.47
2020-09-25,Minas Gerais,Coimbra,0.0,0,0,0.0,47,0,0.0,622.02,0.0,0.62,7556,-0.0,0.0,198.51,0.0
2020-09-24,Minas Gerais,Coimbra,0.0,0,0,0.0,47,0,0.0,622.02,0.0,0.62,7556,-0.0,0.0,198.51,0.0
2020-09-23,Minas Gerais,Coimbra,0.0,0,0,0.0,47,0,0.0,622.02,0.0,0.62,7556,-0.0,-39.7,198.51,0.0
2020-09-21,Minas Gerais,Coimbra,0.0,0,0,0.0,47,0,0.0,622.02,0.0,0.62,7556,39.7,0.0,198.51,0.0
2020-09-20,Minas Gerais,Coimbra,0.0,0,0,0.0,47,0,0.0,622.02,0.0,0.62,7556,39.7,0.0,198.51,0.0
2020-09-19,Minas Gerais,Coimbra,0.0,0,0,0.0,47,0,0.0,622.02,0.0,0.62,7556,39.7,-39.7,198.51,0.0
2020-09-18,Minas Gerais,Coimbra,0.0,0,0,0.0,47,0,0.0,622.02,0.0,0.62,7556,79.4,0.0,198.51,0.0
2020-09-16,Minas Gerais,Coimbra,0.0,0,0,0.0,47,0,0.0,622.02,0.0,0.62,7556,79.4,-79.41,198.51,0.0
2020-09-15,Minas Gerais,Coimbra,0.0,0,0,0.0,47,0,0.0,622.02,0.0,0.62,7556,158.81,0.0,198.51,0.0
2020-09-14,Minas Gerais,Coimbra,39.7,3,0,0.0,47,0,0.0,622.02,0.0,0.62,7556,158.81,39.7,198.51,39.7
2020-09-13,Minas Gerais,Coimbra,0.0,0,0,0.0,44,0,0.0,582.32,0.0,0.58,7556,119.11,0.0,158.81,0.0
2020-09-12,Minas Gerais,Coimbra,0.0,0,0,0.0,44,0,0.0,582.32,0.0,0.58,7556,119.11,0.0,158.81,0.0
2020-09-11,Minas Gerais,Coimbra,39.7,3,0,0.0,44,0,0.0,582.32,0.0,0.58,7556,119.11,39.7,158.81,39.7
2020-09-10,Minas Gerais,Coimbra,0.0,0,0,0.0,41,0,0.0,542.62,0.0,0.54,7556,79.41,0.0,119.11,0.0
2020-09-09,Minas Gerais,Coimbra,79.41,6,0,0.0,41,0,0.0,542.62,0.0,0.54,7556,79.41,79.41,119.11,79.41
2020-09-08,Minas Gerais,Coimbra,0.0,0,0,0.0,35,0,0.0,463.21,0.0,0.46,7556,-0.0,0.0,39.7,0.0
2020-09-07,Minas Gerais,Coimbra,0.0,0,0,0.0,35,0,0.0,463.21,0.0,0.46,7556,-0.0,-13.23,39.7,0.0
2020-09-06,Minas Gerais,Coimbra,0.0,0,0,0.0,35,0,0.0,463.21,0.0,0.46,7556,13.23,0.0,39.7,0.0
2020-09-05,Minas Gerais,Coimbra,0.0,0,0,0.0,35,0,0.0,463.21,0.0,0.46,7556,13.23,0.0,39.7,-13.23
2020-09-04,Minas Gerais,Coimbra,0.0,0,0,0.0,35,0,0.0,463.21,0.0,0.46,7556,13.23,0.0,52.93,-39.7
2020-09-03,Minas Gerais,Coimbra,0.0,0,0,0.0,35,0,0.0,463.21,0.0,0.46,7556,13.23,-26.47,92.63,-13.23
2020-09-02,Minas Gerais,Coimbra,0.0,0,0,0.0,35,0,0.0,463.21,0.0,0.46,7556,39.7,0.0,105.86,-66.17
2020-09-01,Minas Gerais,Coimbra,0.0,0,0,0.0,35,0,0.0,463.21,0.0,0.46,7556,39.7,0.0,172.03,0.0
2020-08-31,Minas Gerais,Coimbra,13.23,1,0,0.0,35,0,0.0,463.21,0.0,0.46,7556,39.7,13.23,172.03,13.23
2020-08-30,Minas Gerais,Coimbra,0.0,0,0,0.0,34,0,0.0,449.97,0.0,0.45,7556,26.47,0.0,158.8,-26.47
2020-08-29,Minas Gerais,Coimbra,0.0,0,0,0.0,34,0,0.0,449.97,0.0,0.45,7556,26.47,0.0,185.27,0.0
2020-08-28,Minas Gerais,Coimbra,0.0,0,0,0.0,34,0,0.0,449.97,0.0,0.45,7556,26.47,0.0,185.27,0.0
2020-08-27,Minas Gerais,Coimbra,26.47,2,0,0.0,34,0,0.0,449.97,0.0,0.45,7556,26.47,26.47,185.27,26.47
2020-08-26,Minas Gerais,Coimbra,0.0,0,0,0.0,32,0,0.0,423.5,0.0,0.42,7556,-0.0,0.0,158.8,0.0
2020-08-25,Minas Gerais,Coimbra,0.0,0,0,0.0,32,0,0.0,423.5,0.0,0.42,7556,-0.0,0.0,158.8,0.0
2020-08-24,Minas Gerais,Coimbra,0.0,0,0,0.0,32,0,0.0,423.5,0.0,0.42,7556,-0.0,0.0,158.8,0.0
2020-08-23,Minas Gerais,Coimbra,0.0,0,0,0.0,32,0,0.0,423.5,0.0,0.42,7556,-0.0,0.0,158.8,0.0
2020-08-22,Minas Gerais,Coimbra,0.0,0,0,0.0,32,0,0.0,423.5,0.0,0.42,7556,-0.0,0.0,158.8,0.0
2020-08-21,Minas Gerais,Coimbra,0.0,0,0,0.0,32,0,0.0,423.5,0.0,0.42,7556,-0.0,0.0,158.8,0.0
2020-08-20,Minas Gerais,Coimbra,0.0,0,0,0.0,32,0,0.0,423.5,0.0,0.42,7556,-0.0,0.0,158.8,0.0
2020-08-19,Minas Gerais,Coimbra,0.0,0,0,0.0,32,0,0.0,423.5,0.0,0.42,7556,-0.0,0.0,158.8,0.0
2020-08-18,Minas Gerais,Coimbra,0.0,0,0,0.0,32,0,0.0,423.5,0.0,0.42,7556,-0.0,0.0,158.8,0.0
2020-08-17,Minas Gerais,Coimbra,0.0,0,0,0.0,32,0,0.0,423.5,0.0,0.42,7556,-0.0,0.0,158.8,0.0
2020-08-16,Minas Gerais,Coimbra,0.0,0,0,0.0,32,0,0.0,423.5,0.0,0.42,7556,-0.0,0.0,158.8,0.0
2020-08-15,Minas Gerais,Coimbra,0.0,0,0,0.0,32,0,0.0,423.5,0.0,0.42,7556,-0.0,-13.23,158.8,0.0
2020-08-14,Minas Gerais,Coimbra,0.0,0,0,0.0,32,0,0.0,423.5,0.0,0.42,7556,13.23,-39.7,158.8,0.0
2020-08-13,Minas Gerais,Coimbra,0.0,0,0,0.0,32,0,0.0,423.5,0.0,0.42,7556,52.93,-13.23,158.8,0.0
2020-08-12,Minas Gerais,Coimbra,0.0,0,0,0.0,32,0,0.0,423.5,0.0,0.42,7556,66.16,-66.17,158.8,0.0
2020-08-11,Minas Gerais,Coimbra,0.0,0,0,0.0,32,0,0.0,423.5,0.0,0.42,7556,132.33,0.0,158.8,-13.23
2020-08-10,Minas Gerais,Coimbra,0.0,0,0,0.0,32,0,0.0,423.5,0.0,0.42,7556,132.33,0.0,172.03,-13.23
2020-08-08,Minas Gerais,Coimbra,0.0,0,0,0.0,32,0,0.0,423.5,0.0,0.42,7556,132.33,-26.47,185.26,0.0
2020-08-07,Minas Gerais,Coimbra,13.23,1,0,0.0,32,0,0.0,423.5,0.0,0.42,7556,158.8,13.23,185.26,0.0
2020-08-06,Minas Gerais,Coimbra,39.7,3,0,0.0,31,0,0.0,410.27,0.0,0.41,7556,145.57,39.7,185.26,-26.47
2020-08-03,Minas Gerais,Coimbra,13.23,1,0,0.0,28,0,0.0,370.57,0.0,0.37,7556,105.87,13.23,211.73,0.0
2020-07-31,Minas Gerais,Coimbra,66.17,5,0,0.0,27,0,0.0,357.33,0.0,0.36,7556,92.64,66.17,211.73,66.17
2020-07-30,Minas Gerais,Coimbra,0.0,0,0,0.0,22,0,0.0,291.16,0.0,0.29,7556,26.47,0.0,145.56,-52.94
2020-07-29,Minas Gerais,Coimbra,0.0,0,0,0.0,22,0,0.0,291.16,0.0,0.29,7556,26.47,0.0,198.5,0.0
2020-07-28,Minas Gerais,Coimbra,26.47,2,0,0.0,22,0,0.0,291.16,0.0,0.29,7556,26.47,26.47,198.5,13.24
2020-07-27,Minas Gerais,Coimbra,0.0,0,0,0.0,20,0,0.0,264.69,0.0,0.26,7556,-0.0,0.0,185.26,0.0
2020-07-26,Minas Gerais,Coimbra,0.0,0,0,0.0,20,0,0.0,264.69,0.0,0.26,7556,-0.0,0.0,185.26,0.0
2020-07-25,Minas Gerais,Coimbra,0.0,0,0,0.0,20,0,0.0,264.69,0.0,0.26,7556,-0.0,0.0,185.26,0.0
2020-07-24,Minas Gerais,Coimbra,0.0,0,0,0.0,20,0,0.0,264.69,0.0,0.26,7556,-0.0,0.0,185.26,-13.23
2020-07-23,Minas Gerais,Coimbra,0.0,0,0,0.0,20,0,0.0,264.69,0.0,0.26,7556,-0.0,0.0,198.49,-26.47
2020-07-22,Minas Gerais,Coimbra,0.0,0,0,0.0,20,0,0.0,264.69,0.0,0.26,7556,-0.0,0.0,224.96,0.0
2020-07-21,Minas Gerais,Coimbra,0.0,0,0,0.0,20,0,0.0,264.69,0.0,0.26,7556,-0.0,0.0,224.96,0.0
2020-07-20,Minas Gerais,Coimbra,0.0,0,0,0.0,20,0,0.0,264.69,0.0,0.26,7556,-0.0,0.0,224.96,0.0
2020-07-19,Minas Gerais,Coimbra,0.0,0,0,0.0,20,0,0.0,264.69,0.0,0.26,7556,-0.0,0.0,224.96,0.0
2020-07-18,Minas Gerais,Coimbra,0.0,0,0,0.0,20,0,0.0,264.69,0.0,0.26,7556,-0.0,0.0,224.96,0.0
2020-07-17,Minas Gerais,Coimbra,0.0,0,0,0.0,20,0,0.0,264.69,0.0,0.26,7556,-0.0,0.0,224.96,0.0
2020-07-16,Minas Gerais,Coimbra,0.0,0,0,0.0,20,0,0.0,264.69,0.0,0.26,7556,-0.0,-13.23,224.96,-13.23
2020-07-15,Minas Gerais,Coimbra,0.0,0,0,0.0,20,0,0.0,264.69,0.0,0.26,7556,13.23,-13.23,238.19,0.0
2020-07-14,Minas Gerais,Coimbra,0.0,0,0,0.0,20,0,0.0,264.69,0.0,0.26,7556,26.46,0.0,238.19,-13.23
2020-07-13,Minas Gerais,Coimbra,0.0,0,0,0.0,20,0,0.0,264.69,0.0,0.26,7556,26.46,-13.23,251.42,0.0
2020-07-12,Minas Gerais,Coimbra,0.0,0,0,0.0,20,0,0.0,264.69,0.0,0.26,7556,39.69,-66.17,251.42,0.0
2020-07-11,Minas Gerais,Coimbra,0.0,0,0,0.0,20,0,0.0,264.69,0.0,0.26,7556,105.86,-13.23,251.42,0.0
2020-07-10,Minas Gerais,Coimbra,0.0,0,0,0.0,20,0,0.0,264.69,0.0,0.26,7556,119.09,0.0,251.42,0.0
2020-07-09,Minas Gerais,Coimbra,13.23,1,0,0.0,20,0,0.0,264.69,0.0,0.26,7556,119.09,-39.71,251.42,13.23
2020-07-08,Minas Gerais,Coimbra,13.23,1,0,0.0,19,0,0.0,251.46,0.0,0.25,7556,158.8,13.23,238.19,13.23
2020-07-07,Minas Gerais,Coimbra,0.0,0,0,0.0,18,0,0.0,238.22,0.0,0.24,7556,145.57,-13.23,224.96,0.0
2020-07-06,Minas Gerais,Coimbra,13.23,1,0,0.0,18,0,0.0,238.22,0.0,0.24,7556,158.8,13.23,224.96,13.23
2020-07-05,Minas Gerais,Coimbra,66.17,5,0,0.0,17,0,0.0,224.99,0.0,0.22,7556,145.57,66.17,211.73,66.17
2020-07-04,Minas Gerais,Coimbra,13.23,1,0,0.0,12,0,0.0,158.81,0.0,0.16,7556,79.4,13.23,145.56,13.23
2020-07-03,Minas Gerais,Coimbra,0.0,0,0,0.0,11,0,0.0,145.58,0.0,0.15,7556,66.17,-13.23,132.33,0.0
2020-07-02,Minas Gerais,Coimbra,52.94,4,0,0.0,11,0,0.0,145.58,0.0,0.15,7556,79.4,26.47,132.33,52.94
2020-07-01,Minas Gerais,Coimbra,0.0,0,0,0.0,7,0,0.0,92.64,0.0,0.09,7556,52.93,0.0,79.39,0.0
2020-06-30,Minas Gerais,Coimbra,13.23,1,0,0.0,7,0,0.0,92.64,0.0,0.09,7556,52.93,13.23,79.39,13.23
2020-06-29,Minas Gerais,Coimbra,0.0,0,0,0.0,6,0,0.0,79.41,0.0,0.08,7556,39.7,0.0,66.16,0.0
2020-06-28,Minas Gerais,Coimbra,0.0,0,0,0.0,6,0,0.0,79.41,0.0,0.08,7556,39.7,0.0,66.16,0.0
2020-06-27,Minas Gerais,Coimbra,0.0,0,0,0.0,6,0,0.0,79.41,0.0,0.08,7556,39.7,0.0,66.16,0.0
2020-06-26,Minas Gerais,Coimbra,13.23,1,0,0.0,6,0,0.0,79.41,0.0,0.08,7556,39.7,13.23,66.16,13.23
2020-06-25,Minas Gerais,Coimbra,26.47,2,0,0.0,5,0,0.0,66.17,0.0,0.07,7556,26.47,13.24,52.93,26.47
2020-06-24,Minas Gerais,Coimbra,0.0,0,0,0.0,3,0,0.0,39.7,0.0,0.04,7556,13.23,0.0,26.46,0.0
2020-06-23,Minas Gerais,Coimbra,0.0,0,0,0.0,3,0,0.0,39.7,0.0,0.04,7556,13.23,-13.23,26.46,0.0
2020-06-22,Minas Gerais,Coimbra,0.0,0,0,0.0,3,0,0.0,39.7,0.0,0.04,7556,26.46,0.0,26.46,0.0
2020-06-21,Minas Gerais,Coimbra,0.0,0,0,0.0,3,0,0.0,39.7,0.0,0.04,7556,26.46,0.0,26.46,0.0
2020-06-20,Minas Gerais,Coimbra,0.0,0,0,0.0,3,0,0.0,39.7,0.0,0.04,7556,26.46,0.0,26.46,0.0
2020-06-19,Minas Gerais,Coimbra,0.0,0,0,0.0,3,0,0.0,39.7,0.0,0.04,7556,26.46,0.0,26.46,0.0
2020-06-18,Minas Gerais,Coimbra,13.23,1,0,0.0,3,0,0.0,39.7,0.0,0.04,7556,26.46,13.23,26.46,13.23
2020-06-17,Minas Gerais,Coimbra,0.0,0,0,0.0,2,0,0.0,26.47,0.0,0.03,7556,13.23,0.0,13.23,0.0
2020-06-16,Minas Gerais,Coimbra,13.23,1,0,0.0,2,0,0.0,26.47,0.0,0.03,7556,13.23,13.23,13.23,13.23
2020-06-15,Minas Gerais,Coimbra,0.0,0,0,0.0,1,0,0.0,13.23,0.0,0.01,7556,0.0,0.0,0.0,0.0
2020-06-14,Minas Gerais,Coimbra,0.0,0,0,0.0,1,0,0.0,13.23,0.0,0.01,7556,0.0,0.0,0.0,0.0
2020-06-13,Minas Gerais,Coimbra,0.0,0,0,0.0,1,0,0.0,13.23,0.0,0.01,7556,0.0,0.0,0.0,0.0
2020-06-12,Minas Gerais,Coimbra,0.0,0,0,0.0,1,0,0.0,13.23,0.0,0.01,7556,0.0,0.0,0.0,0.0
2020-06-11,Minas Gerais,Coimbra,0.0,0,0,0.0,1,0,0.0,13.23,0.0,0.01,7556,0.0,0.0,0.0,0.0
2020-06-10,Minas Gerais,Coimbra,0.0,0,0,0.0,1,0,0.0,13.23,0.0,0.01,7556,0.0,0.0,0.0,0.0
2020-06-09,Minas Gerais,Coimbra,0.0,0,0,0.0,1,0,0.0,13.23,0.0,0.01,7556,0.0,0.0,0.0,0.0
2020-06-08,Minas Gerais,Coimbra,0.0,0,0,0.0,1,0,0.0,13.23,0.0,0.01,7556,0.0,0.0,0.0,0.0
2020-06-07,Minas Gerais,Coimbra,0.0,0,0,0.0,1,0,0.0,13.23,0.0,0.01,7556,0.0,0.0,0.0,0.0
2020-06-06,Minas Gerais,Coimbra,0.0,0,0,0.0,1,0,0.0,13.23,0.0,0.01,7556,0.0,0.0,0.0,0.0
2020-06-05,Minas Gerais,Coimbra,0.0,0,0,0.0,1,0,0.0,13.23,0.0,0.01,7556,0.0,0.0,0.0,0.0
2020-06-04,Minas Gerais,Coimbra,0.0,0,0,0.0,1,0,0.0,13.23,0.0,0.01,7556,0.0,0.0,0.0,0.0
2020-06-03,Minas Gerais,Coimbra,0.0,0,0,0.0,1,0,0.0,13.23,0.0,0.01,7556,0.0,0.0,0.0,0.0
2020-06-02,Minas Gerais,Coimbra,0.0,0,0,0.0,1,0,0.0,13.23,0.0,0.01,7556,0.0,0.0,0.0,0.0
2020-06-01,Minas Gerais,Coimbra,0.0,0,0,0.0,1,0,0.0,13.23,0.0,0.01,7556,0.0,0.0,0.0,0.0
2020-05-31,Minas Gerais,Coimbra,0.0,0,0,0.0,1,0,0.0,13.23,0.0,0.01,7556,0.0,0.0,0.0,0.0
2020-05-30,Minas Gerais,Coimbra,0.0,0,0,0.0,1,0,0.0,13.23,0.0,0.01,7556,0.0,0.0,0.0,0.0
