date,state,city,1day_cases_100k,new_cases,new_deaths,new_deaths_100k,total_cases,total_deaths,cfr%,total_cases_100k,total_deaths_100k,%infected,population,7day_cases_100k,7day_cases_change,28day_cases_100k,28day_cases_change
2020-10-19,Minas Gerais,Itapagipe,26.24,4,0,0.0,193,6,3.11,1266.15,39.36,1.27,15243,65.6,6.56,537.93,26.24
2020-10-18,Minas Gerais,Itapagipe,0.0,0,0,0.0,189,6,3.17,1239.91,39.36,1.24,15243,59.04,0.0,511.69,-26.24
2020-10-17,Minas Gerais,Itapagipe,0.0,0,0,0.0,189,6,3.17,1239.91,39.36,1.24,15243,59.04,0.0,537.93,-26.24
2020-10-16,Minas Gerais,Itapagipe,6.56,1,0,0.0,189,6,3.17,1239.91,39.36,1.24,15243,59.04,-45.92,564.17,0.0
2020-10-15,Minas Gerais,Itapagipe,32.8,5,0,0.0,188,6,3.19,1233.35,39.36,1.23,15243,104.96,-6.56,564.17,-13.12
2020-10-14,Minas Gerais,Itapagipe,0.0,0,0,0.0,183,6,3.28,1200.55,39.36,1.2,15243,111.52,-91.85,577.29,0.0
2020-10-13,Minas Gerais,Itapagipe,0.0,0,0,0.0,183,6,3.28,1200.55,39.36,1.2,15243,203.37,-65.6,577.29,0.0
2020-10-12,Minas Gerais,Itapagipe,19.68,3,0,0.0,183,6,3.28,1200.55,39.36,1.2,15243,268.97,19.68,577.29,13.12
2020-10-11,Minas Gerais,Itapagipe,0.0,0,0,0.0,180,6,3.33,1180.87,39.36,1.18,15243,249.29,0.0,564.17,-39.36
2020-10-10,Minas Gerais,Itapagipe,0.0,0,0,0.0,180,6,3.33,1180.87,39.36,1.18,15243,249.29,-26.24,603.53,0.0
2020-10-09,Minas Gerais,Itapagipe,52.48,8,0,0.0,180,6,3.33,1180.87,39.36,1.18,15243,275.53,13.12,603.53,52.48
2020-10-08,Minas Gerais,Itapagipe,39.36,6,0,0.0,172,6,3.49,1128.39,39.36,1.13,15243,262.41,39.36,551.05,13.12
2020-10-07,Minas Gerais,Itapagipe,91.85,14,0,0.0,166,6,3.61,1089.02,39.36,1.09,15243,223.05,91.85,537.93,91.85
2020-10-05,Minas Gerais,Itapagipe,65.6,10,0,0.0,152,6,3.95,997.18,39.36,1.0,15243,131.2,26.24,446.08,65.6
2020-10-04,Minas Gerais,Itapagipe,0.0,0,0,0.0,142,6,4.23,931.58,39.36,0.93,15243,104.96,0.0,380.48,-6.56
2020-10-03,Minas Gerais,Itapagipe,0.0,0,0,0.0,142,6,4.23,931.58,39.36,0.93,15243,104.96,0.0,387.04,-19.68
2020-10-02,Minas Gerais,Itapagipe,26.24,4,0,0.0,142,6,4.23,931.58,39.36,0.93,15243,104.96,6.56,406.72,19.68
2020-10-01,Minas Gerais,Itapagipe,39.36,6,0,0.0,138,6,4.35,905.33,39.36,0.91,15243,98.4,26.24,387.04,39.36
2020-09-30,Minas Gerais,Itapagipe,0.0,0,0,0.0,132,6,4.55,865.97,39.36,0.87,15243,72.16,-13.12,347.68,-19.68
2020-09-29,Minas Gerais,Itapagipe,0.0,0,0,0.0,132,6,4.55,865.97,39.36,0.87,15243,85.28,-52.48,367.36,0.0
2020-09-28,Minas Gerais,Itapagipe,39.36,6,0,0.0,132,6,4.55,865.97,39.36,0.87,15243,137.76,39.36,367.36,39.36
2020-09-27,Minas Gerais,Itapagipe,0.0,0,0,0.0,126,6,4.76,826.61,39.36,0.83,15243,98.4,0.0,328.0,-6.56
2020-09-26,Minas Gerais,Itapagipe,0.0,0,0,0.0,126,6,4.76,826.61,39.36,0.83,15243,98.4,-26.24,334.56,0.0
2020-09-25,Minas Gerais,Itapagipe,19.68,3,0,0.0,126,6,4.76,826.61,39.36,0.83,15243,124.64,-6.56,334.56,13.12
2020-09-24,Minas Gerais,Itapagipe,13.12,2,1,6.56,123,6,4.88,806.93,39.36,0.81,15243,131.2,6.56,321.44,13.12
2020-09-23,Minas Gerais,Itapagipe,13.12,2,0,0.0,121,5,4.13,793.81,32.8,0.79,15243,124.64,-32.8,308.32,-26.24
2020-09-21,Minas Gerais,Itapagipe,52.48,8,0,0.0,119,5,4.2,780.69,32.8,0.78,15243,157.44,52.48,334.56,52.48
2020-09-20,Minas Gerais,Itapagipe,0.0,0,0,0.0,111,5,4.5,728.2,32.8,0.73,15243,104.96,0.0,282.08,0.0
2020-09-19,Minas Gerais,Itapagipe,0.0,0,0,0.0,111,5,4.5,728.2,32.8,0.73,15243,104.96,-6.56,282.08,0.0
2020-09-18,Minas Gerais,Itapagipe,26.24,4,0,0.0,111,5,4.5,728.2,32.8,0.73,15243,111.52,-13.12,282.08,26.24
2020-09-16,Minas Gerais,Itapagipe,26.24,4,0,0.0,107,5,4.67,701.96,32.8,0.7,15243,124.64,26.24,255.84,19.68
2020-09-15,Minas Gerais,Itapagipe,6.56,1,0,0.0,103,5,4.85,675.72,32.8,0.68,15243,98.4,6.56,236.16,6.56
2020-09-14,Minas Gerais,Itapagipe,45.92,7,0,0.0,102,5,4.9,669.16,32.8,0.67,15243,91.84,19.68,229.6,45.92
2020-09-13,Minas Gerais,Itapagipe,0.0,0,0,0.0,95,5,5.26,623.24,32.8,0.62,15243,72.16,0.0,183.68,0.0
2020-09-12,Minas Gerais,Itapagipe,0.0,0,0,0.0,95,5,5.26,623.24,32.8,0.62,15243,72.16,0.0,183.68,0.0
2020-09-11,Minas Gerais,Itapagipe,6.56,1,0,0.0,95,5,5.26,623.24,32.8,0.62,15243,72.16,0.0,183.68,0.0
2020-09-10,Minas Gerais,Itapagipe,39.36,6,0,0.0,94,5,5.32,616.68,32.8,0.62,15243,72.16,19.68,183.68,13.12
2020-09-09,Minas Gerais,Itapagipe,0.0,0,0,0.0,88,5,5.68,577.31,32.8,0.58,15243,52.48,-6.56,170.56,-13.12
2020-09-08,Minas Gerais,Itapagipe,0.0,0,0,0.0,88,5,5.68,577.31,32.8,0.58,15243,59.04,0.0,183.68,0.0
2020-09-07,Minas Gerais,Itapagipe,26.24,4,0,0.0,88,5,5.68,577.31,32.8,0.58,15243,59.04,6.56,183.68,26.24
2020-09-06,Minas Gerais,Itapagipe,0.0,0,0,0.0,84,5,5.95,551.07,32.8,0.55,15243,52.48,0.0,157.44,0.0
2020-09-05,Minas Gerais,Itapagipe,0.0,0,0,0.0,84,5,5.95,551.07,32.8,0.55,15243,52.48,0.0,157.44,-6.56
2020-09-04,Minas Gerais,Itapagipe,6.56,1,0,0.0,84,5,5.95,551.07,32.8,0.55,15243,52.48,0.0,164.0,6.56
2020-09-03,Minas Gerais,Itapagipe,19.68,3,0,0.0,83,5,6.02,544.51,32.8,0.54,15243,52.48,19.68,157.44,0.0
2020-09-02,Minas Gerais,Itapagipe,6.56,1,0,0.0,80,5,6.25,524.83,32.8,0.52,15243,32.8,0.0,157.44,6.56
2020-09-01,Minas Gerais,Itapagipe,0.0,0,0,0.0,79,5,6.33,518.27,32.8,0.52,15243,32.8,0.0,150.88,-13.12
2020-08-31,Minas Gerais,Itapagipe,19.68,3,0,0.0,79,5,6.33,518.27,32.8,0.52,15243,32.8,-19.68,164.0,13.12
2020-08-30,Minas Gerais,Itapagipe,0.0,0,0,0.0,76,5,6.58,498.59,32.8,0.5,15243,52.48,0.0,150.88,0.0
2020-08-29,Minas Gerais,Itapagipe,0.0,0,0,0.0,76,5,6.58,498.59,32.8,0.5,15243,52.48,0.0,150.88,0.0
2020-08-28,Minas Gerais,Itapagipe,6.56,1,0,0.0,76,5,6.58,498.59,32.8,0.5,15243,52.48,6.56,150.88,0.0
2020-08-27,Minas Gerais,Itapagipe,0.0,0,0,0.0,75,5,6.67,492.03,32.8,0.49,15243,45.92,0.0,150.88,-6.56
2020-08-26,Minas Gerais,Itapagipe,6.56,1,0,0.0,75,5,6.67,492.03,32.8,0.49,15243,45.92,0.0,157.44,6.56
2020-08-25,Minas Gerais,Itapagipe,0.0,0,0,0.0,74,5,6.76,485.47,32.8,0.49,15243,45.92,0.0,150.88,-13.12
2020-08-24,Minas Gerais,Itapagipe,39.36,6,0,0.0,74,5,6.76,485.47,32.8,0.49,15243,45.92,39.36,164.0,19.68
2020-08-23,Minas Gerais,Itapagipe,0.0,0,0,0.0,68,5,7.35,446.11,32.8,0.45,15243,6.56,0.0,144.32,0.0
2020-08-22,Minas Gerais,Itapagipe,0.0,0,0,0.0,68,5,7.35,446.11,32.8,0.45,15243,6.56,0.0,144.32,0.0
2020-08-21,Minas Gerais,Itapagipe,0.0,0,0,0.0,68,5,7.35,446.11,32.8,0.45,15243,6.56,-6.56,144.32,-19.68
2020-08-20,Minas Gerais,Itapagipe,0.0,0,0,0.0,68,5,7.35,446.11,32.8,0.45,15243,13.12,-26.24,164.0,-13.12
2020-08-19,Minas Gerais,Itapagipe,6.56,1,0,0.0,68,5,7.35,446.11,32.8,0.45,15243,39.36,-6.56,177.12,0.0
2020-08-18,Minas Gerais,Itapagipe,0.0,0,0,0.0,67,5,7.46,439.55,32.8,0.44,15243,45.92,0.0,177.12,-19.68
2020-08-17,Minas Gerais,Itapagipe,0.0,0,0,0.0,67,5,7.46,439.55,32.8,0.44,15243,45.92,0.0,196.8,-26.24
2020-08-16,Minas Gerais,Itapagipe,0.0,0,0,0.0,67,5,7.46,439.55,32.8,0.44,15243,45.92,0.0,223.04,-13.12
2020-08-15,Minas Gerais,Itapagipe,0.0,0,0,0.0,67,5,7.46,439.55,32.8,0.44,15243,45.92,-6.56,236.16,0.0
2020-08-14,Minas Gerais,Itapagipe,6.56,1,0,0.0,67,5,7.46,439.55,32.8,0.44,15243,52.48,6.56,236.16,-13.12
2020-08-13,Minas Gerais,Itapagipe,26.24,4,0,0.0,66,5,7.58,432.99,32.8,0.43,15243,45.92,6.56,249.28,6.56
2020-08-12,Minas Gerais,Itapagipe,13.12,2,0,0.0,62,5,8.06,406.74,32.8,0.41,15243,39.36,13.12,242.72,-45.92
2020-08-11,Minas Gerais,Itapagipe,0.0,0,0,0.0,60,5,8.33,393.62,32.8,0.39,15243,26.24,-13.12,288.64,0.0
2020-08-10,Minas Gerais,Itapagipe,0.0,0,1,6.56,60,5,8.33,393.62,32.8,0.39,15243,39.36,-6.56,288.64,-19.68
2020-08-08,Minas Gerais,Itapagipe,0.0,0,0,0.0,60,4,6.67,393.62,26.24,0.39,15243,45.92,0.0,308.32,0.0
2020-08-07,Minas Gerais,Itapagipe,6.56,1,0,0.0,60,4,6.67,393.62,26.24,0.39,15243,45.92,6.56,308.32,6.56
2020-08-06,Minas Gerais,Itapagipe,0.0,0,2,13.12,59,4,6.78,387.06,26.24,0.39,15243,39.36,-6.56,301.76,0.0
2020-08-03,Minas Gerais,Itapagipe,19.68,3,0,0.0,59,2,3.39,387.06,13.12,0.39,15243,45.92,13.12,301.76,19.68
2020-07-31,Minas Gerais,Itapagipe,0.0,0,0,0.0,56,2,3.57,367.38,13.12,0.37,15243,32.8,0.0,282.08,-6.56
2020-07-30,Minas Gerais,Itapagipe,13.12,2,0,0.0,56,2,3.57,367.38,13.12,0.37,15243,32.8,0.0,288.64,6.56
2020-07-29,Minas Gerais,Itapagipe,6.56,1,0,0.0,54,2,3.7,354.26,13.12,0.35,15243,32.8,-13.12,282.08,0.0
2020-07-28,Minas Gerais,Itapagipe,0.0,0,0,0.0,53,2,3.77,347.7,13.12,0.35,15243,45.92,0.0,282.08,0.0
2020-07-27,Minas Gerais,Itapagipe,0.0,0,0,0.0,53,2,3.77,347.7,13.12,0.35,15243,45.92,0.0,282.08,0.0
2020-07-26,Minas Gerais,Itapagipe,6.56,1,0,0.0,53,2,3.77,347.7,13.12,0.35,15243,45.92,-13.12,282.08,-19.68
2020-07-25,Minas Gerais,Itapagipe,6.56,1,0,0.0,52,2,3.85,341.14,13.12,0.34,15243,59.04,-6.56,301.76,-13.12
2020-07-24,Minas Gerais,Itapagipe,0.0,0,0,0.0,51,2,3.92,334.58,13.12,0.33,15243,65.6,-6.56,314.88,-6.56
2020-07-23,Minas Gerais,Itapagipe,13.12,2,1,6.56,51,2,3.92,334.58,13.12,0.33,15243,72.16,-6.56,321.44,13.12
2020-07-22,Minas Gerais,Itapagipe,19.68,3,0,0.0,49,1,2.04,321.46,6.56,0.32,15243,78.72,-6.56,308.32,19.68
2020-07-21,Minas Gerais,Itapagipe,0.0,0,0,0.0,46,1,2.17,301.78,6.56,0.3,15243,85.28,-13.12,288.64,0.0
2020-07-20,Minas Gerais,Itapagipe,0.0,0,0,0.0,46,1,2.17,301.78,6.56,0.3,15243,98.4,0.0,288.64,-6.56
2020-07-19,Minas Gerais,Itapagipe,19.68,3,0,0.0,46,1,2.17,301.78,6.56,0.3,15243,98.4,0.0,295.2,19.68
2020-07-18,Minas Gerais,Itapagipe,13.12,2,0,0.0,43,1,2.33,282.1,6.56,0.28,15243,98.4,-6.56,275.52,13.12
2020-07-17,Minas Gerais,Itapagipe,6.56,1,0,0.0,41,1,2.44,268.98,6.56,0.27,15243,104.96,-52.48,262.4,6.56
2020-07-16,Minas Gerais,Itapagipe,19.68,3,0,0.0,40,1,2.5,262.42,6.56,0.26,15243,157.44,19.68,255.84,19.68
2020-07-15,Minas Gerais,Itapagipe,26.24,4,0,0.0,37,1,2.7,242.73,6.56,0.24,15243,137.76,6.56,236.16,26.24
2020-07-14,Minas Gerais,Itapagipe,13.12,2,0,0.0,33,1,3.03,216.49,6.56,0.22,15243,131.2,13.12,209.92,13.12
2020-07-13,Minas Gerais,Itapagipe,0.0,0,0,0.0,31,1,3.23,203.37,6.56,0.2,15243,118.08,0.0,196.8,0.0
2020-07-12,Minas Gerais,Itapagipe,19.68,3,1,6.56,31,1,3.23,203.37,6.56,0.2,15243,118.08,19.68,196.8,19.68
2020-07-11,Minas Gerais,Itapagipe,19.68,3,0,0.0,28,0,0.0,183.69,0.0,0.18,15243,98.4,19.68,177.12,19.68
2020-07-10,Minas Gerais,Itapagipe,59.04,9,0,0.0,25,0,0.0,164.01,0.0,0.16,15243,78.72,52.48,157.44,59.04
2020-07-09,Minas Gerais,Itapagipe,0.0,0,0,0.0,16,0,0.0,104.97,0.0,0.1,15243,26.24,-6.56,98.4,0.0
2020-07-08,Minas Gerais,Itapagipe,19.68,3,0,0.0,16,0,0.0,104.97,0.0,0.1,15243,32.8,13.12,98.4,19.68
2020-07-07,Minas Gerais,Itapagipe,0.0,0,0,0.0,13,0,0.0,85.29,0.0,0.09,15243,19.68,0.0,78.72,0.0
2020-07-06,Minas Gerais,Itapagipe,0.0,0,0,0.0,13,0,0.0,85.29,0.0,0.09,15243,19.68,0.0,78.72,0.0
2020-07-05,Minas Gerais,Itapagipe,0.0,0,0,0.0,13,0,0.0,85.29,0.0,0.09,15243,19.68,-26.24,78.72,0.0
2020-07-04,Minas Gerais,Itapagipe,0.0,0,0,0.0,13,0,0.0,85.29,0.0,0.09,15243,45.92,-19.68,78.72,0.0
2020-07-03,Minas Gerais,Itapagipe,6.56,1,0,0.0,13,0,0.0,85.29,0.0,0.09,15243,65.6,0.0,78.72,6.56
2020-07-02,Minas Gerais,Itapagipe,6.56,1,0,0.0,12,0,0.0,78.72,0.0,0.08,15243,65.6,6.56,72.16,6.56
2020-07-01,Minas Gerais,Itapagipe,6.56,1,0,0.0,11,0,0.0,72.16,0.0,0.07,15243,59.04,6.56,65.6,6.56
2020-06-30,Minas Gerais,Itapagipe,0.0,0,0,0.0,10,0,0.0,65.6,0.0,0.07,15243,52.48,0.0,59.04,0.0
2020-06-29,Minas Gerais,Itapagipe,0.0,0,0,0.0,10,0,0.0,65.6,0.0,0.07,15243,52.48,-6.56,59.04,0.0
2020-06-28,Minas Gerais,Itapagipe,26.24,4,0,0.0,10,0,0.0,65.6,0.0,0.07,15243,59.04,26.24,59.04,26.24
2020-06-27,Minas Gerais,Itapagipe,19.68,3,0,0.0,6,0,0.0,39.36,0.0,0.04,15243,32.8,19.68,32.8,19.68
2020-06-26,Minas Gerais,Itapagipe,6.56,1,0,0.0,3,0,0.0,19.68,0.0,0.02,15243,13.12,6.56,13.12,6.56
2020-06-25,Minas Gerais,Itapagipe,0.0,0,0,0.0,2,0,0.0,13.12,0.0,0.01,15243,6.56,0.0,6.56,0.0
2020-06-24,Minas Gerais,Itapagipe,0.0,0,0,0.0,2,0,0.0,13.12,0.0,0.01,15243,6.56,0.0,6.56,0.0
2020-06-23,Minas Gerais,Itapagipe,0.0,0,0,0.0,2,0,0.0,13.12,0.0,0.01,15243,6.56,0.0,6.56,0.0
2020-06-22,Minas Gerais,Itapagipe,6.56,1,0,0.0,2,0,0.0,13.12,0.0,0.01,15243,6.56,6.56,6.56,6.56
2020-06-21,Minas Gerais,Itapagipe,0.0,0,0,0.0,1,0,0.0,6.56,0.0,0.01,15243,0.0,0.0,0.0,0.0
2020-06-20,Minas Gerais,Itapagipe,0.0,0,0,0.0,1,0,0.0,6.56,0.0,0.01,15243,0.0,0.0,0.0,0.0
