date,state,city,1day_cases_100k,new_cases,new_deaths,new_deaths_100k,total_cases,total_deaths,cfr%,total_cases_100k,total_deaths_100k,%infected,population,7day_cases_100k,7day_cases_change,28day_cases_100k,28day_cases_change
2020-09-16,Minas Gerais,Jacutinga,3.85,1,0,0.0,311,7,2.25,1197.12,26.94,1.2,25979,69.3,-7.7,261.78,-11.55
2020-09-15,Minas Gerais,Jacutinga,19.25,5,0,0.0,310,7,2.26,1193.27,26.94,1.19,25979,77.0,19.25,273.33,0.0
2020-09-14,Minas Gerais,Jacutinga,23.1,6,0,0.0,305,7,2.3,1174.03,26.94,1.17,25979,57.75,-3.84,273.33,0.0
2020-09-13,Minas Gerais,Jacutinga,0.0,0,0,0.0,299,7,2.34,1150.93,26.94,1.15,25979,61.59,0.0,273.33,0.0
2020-09-12,Minas Gerais,Jacutinga,0.0,0,0,0.0,299,7,2.34,1150.93,26.94,1.15,25979,61.59,0.0,273.33,0.0
2020-09-11,Minas Gerais,Jacutinga,3.85,1,0,0.0,299,7,2.34,1150.93,26.94,1.15,25979,61.59,-3.85,273.33,-7.7
2020-09-10,Minas Gerais,Jacutinga,19.25,5,0,0.0,298,7,2.35,1147.08,26.94,1.15,25979,65.44,-3.85,281.03,0.0
2020-09-09,Minas Gerais,Jacutinga,11.55,3,0,0.0,293,7,2.39,1127.83,26.94,1.13,25979,69.29,3.85,281.03,-11.55
2020-09-08,Minas Gerais,Jacutinga,0.0,0,0,0.0,290,7,2.41,1116.29,26.94,1.12,25979,65.44,-3.85,292.58,0.0
2020-09-07,Minas Gerais,Jacutinga,26.94,7,0,0.0,290,7,2.41,1116.29,26.94,1.12,25979,69.29,7.69,292.58,-23.1
2020-09-06,Minas Gerais,Jacutinga,0.0,0,0,0.0,283,7,2.47,1089.34,26.94,1.09,25979,61.6,0.0,315.68,0.0
2020-09-05,Minas Gerais,Jacutinga,0.0,0,0,0.0,283,7,2.47,1089.34,26.94,1.09,25979,61.6,0.0,315.68,-11.55
2020-09-04,Minas Gerais,Jacutinga,7.7,2,0,0.0,283,7,2.47,1089.34,26.94,1.09,25979,61.6,7.7,327.23,-76.98
2020-09-03,Minas Gerais,Jacutinga,23.1,6,0,0.0,281,7,2.49,1081.64,26.94,1.08,25979,53.9,0.0,404.21,-50.04
2020-09-02,Minas Gerais,Jacutinga,7.7,2,0,0.0,275,7,2.55,1058.55,26.94,1.06,25979,53.9,-3.85,454.25,-42.34
2020-09-01,Minas Gerais,Jacutinga,3.85,1,0,0.0,273,7,2.56,1050.85,26.94,1.05,25979,57.75,-3.85,496.59,0.0
2020-08-31,Minas Gerais,Jacutinga,19.25,5,0,0.0,272,7,2.57,1047.0,26.94,1.05,25979,61.6,-11.54,496.59,-7.69
2020-08-30,Minas Gerais,Jacutinga,0.0,0,0,0.0,267,7,2.62,1027.75,26.94,1.03,25979,73.14,0.0,504.28,-15.4
2020-08-29,Minas Gerais,Jacutinga,0.0,0,0,0.0,267,7,2.62,1027.75,26.94,1.03,25979,73.14,0.0,519.68,0.0
2020-08-28,Minas Gerais,Jacutinga,0.0,0,0,0.0,267,7,2.62,1027.75,26.94,1.03,25979,73.14,-7.7,519.68,-7.7
2020-08-27,Minas Gerais,Jacutinga,23.1,6,0,0.0,267,7,2.62,1027.75,26.94,1.03,25979,80.84,11.55,527.38,7.7
2020-08-26,Minas Gerais,Jacutinga,11.55,3,0,0.0,261,7,2.68,1004.66,26.94,1.0,25979,69.29,-3.85,519.68,-11.55
2020-08-25,Minas Gerais,Jacutinga,7.7,2,0,0.0,258,7,2.71,993.11,26.94,0.99,25979,73.14,-11.55,531.23,-15.4
2020-08-24,Minas Gerais,Jacutinga,30.79,8,0,0.0,256,7,2.73,985.41,26.94,0.99,25979,84.69,7.69,546.63,26.94
2020-08-23,Minas Gerais,Jacutinga,0.0,0,0,0.0,248,7,2.82,954.62,26.94,0.95,25979,77.0,0.0,519.69,0.0
2020-08-22,Minas Gerais,Jacutinga,0.0,0,0,0.0,248,7,2.82,954.62,26.94,0.95,25979,77.0,0.0,519.69,0.0
2020-08-21,Minas Gerais,Jacutinga,7.7,2,1,3.85,248,7,2.82,954.62,26.94,0.95,25979,77.0,-3.85,519.69,0.0
2020-08-20,Minas Gerais,Jacutinga,11.55,3,0,0.0,246,6,2.44,946.92,23.1,0.95,25979,80.85,-7.7,519.69,7.7
2020-08-19,Minas Gerais,Jacutinga,15.4,4,0,0.0,243,6,2.47,935.37,23.1,0.94,25979,88.55,-7.7,511.99,-7.7
2020-08-18,Minas Gerais,Jacutinga,19.25,5,0,0.0,239,6,2.51,919.97,23.1,0.92,25979,96.25,19.25,519.69,3.85
2020-08-17,Minas Gerais,Jacutinga,23.1,6,-1,-3.85,234,6,2.56,900.73,23.1,0.9,25979,77.0,-26.94,515.84,11.55
2020-08-16,Minas Gerais,Jacutinga,0.0,0,0,0.0,228,7,3.07,877.63,26.94,0.88,25979,103.94,0.0,504.29,0.0
2020-08-15,Minas Gerais,Jacutinga,0.0,0,0,0.0,228,7,3.07,877.63,26.94,0.88,25979,103.94,-11.55,504.29,0.0
2020-08-14,Minas Gerais,Jacutinga,11.55,3,1,3.85,228,7,3.07,877.63,26.94,0.88,25979,115.49,-73.13,504.29,7.7
2020-08-13,Minas Gerais,Jacutinga,19.25,5,0,0.0,225,6,2.67,866.08,23.1,0.87,25979,188.62,-53.89,496.59,11.55
2020-08-12,Minas Gerais,Jacutinga,23.1,6,0,0.0,220,6,2.73,846.84,23.1,0.85,25979,242.51,-26.94,485.04,11.55
2020-08-11,Minas Gerais,Jacutinga,0.0,0,0,0.0,214,6,2.8,823.74,23.1,0.82,25979,269.45,-3.85,473.49,-3.85
2020-08-10,Minas Gerais,Jacutinga,50.04,13,1,3.85,214,6,2.8,823.74,23.1,0.82,25979,273.3,23.1,477.34,38.49
2020-08-08,Minas Gerais,Jacutinga,0.0,0,0,0.0,201,5,2.49,773.7,19.25,0.77,25979,250.2,-15.4,438.85,0.0
2020-08-07,Minas Gerais,Jacutinga,11.55,3,1,3.85,201,5,2.49,773.7,19.25,0.77,25979,265.6,11.55,438.85,11.55
2020-08-06,Minas Gerais,Jacutinga,84.68,22,0,0.0,198,4,2.02,762.15,15.4,0.76,25979,254.05,76.98,427.3,84.68
2020-08-03,Minas Gerais,Jacutinga,73.14,19,0,0.0,176,4,2.27,677.47,15.4,0.68,25979,177.07,57.74,342.62,57.74
2020-07-31,Minas Gerais,Jacutinga,50.04,13,0,0.0,157,4,2.55,604.33,15.4,0.6,25979,119.33,26.94,284.88,50.04
2020-07-30,Minas Gerais,Jacutinga,3.85,1,0,0.0,144,4,2.78,554.29,15.4,0.55,25979,92.39,-19.25,234.84,0.0
2020-07-29,Minas Gerais,Jacutinga,26.94,7,0,0.0,143,4,2.8,550.44,15.4,0.55,25979,111.64,23.09,234.84,3.84
2020-07-28,Minas Gerais,Jacutinga,15.4,4,0,0.0,136,4,2.94,523.5,15.4,0.52,25979,88.55,15.4,231.0,15.4
2020-07-27,Minas Gerais,Jacutinga,0.0,0,0,0.0,132,4,3.03,508.1,15.4,0.51,25979,73.15,0.0,215.6,-11.55
2020-07-26,Minas Gerais,Jacutinga,7.7,2,0,0.0,132,4,3.03,508.1,15.4,0.51,25979,73.15,0.0,227.15,7.7
2020-07-25,Minas Gerais,Jacutinga,15.4,4,0,0.0,130,4,3.08,500.4,15.4,0.5,25979,73.15,11.55,219.45,3.85
2020-07-24,Minas Gerais,Jacutinga,23.1,6,0,0.0,126,4,3.17,485.01,15.4,0.49,25979,61.6,0.0,215.6,-7.69
2020-07-23,Minas Gerais,Jacutinga,23.1,6,0,0.0,120,4,3.33,461.91,15.4,0.46,25979,61.6,7.7,223.29,11.55
2020-07-22,Minas Gerais,Jacutinga,3.85,1,0,0.0,114,4,3.51,438.82,15.4,0.44,25979,53.9,-7.7,211.74,-15.4
2020-07-21,Minas Gerais,Jacutinga,0.0,0,1,3.85,113,4,3.54,434.97,15.4,0.43,25979,61.6,0.0,227.14,7.7
2020-07-20,Minas Gerais,Jacutinga,0.0,0,0,0.0,113,3,2.65,434.97,11.55,0.43,25979,61.6,0.0,219.44,-57.74
2020-07-19,Minas Gerais,Jacutinga,7.7,2,0,0.0,113,3,2.65,434.97,11.55,0.43,25979,61.6,3.85,277.18,7.7
2020-07-18,Minas Gerais,Jacutinga,3.85,1,0,0.0,111,3,2.7,427.27,11.55,0.43,25979,57.75,-3.85,269.48,7.7
2020-07-17,Minas Gerais,Jacutinga,23.1,6,0,0.0,110,3,2.73,423.42,11.55,0.42,25979,61.6,11.55,261.78,23.1
2020-07-16,Minas Gerais,Jacutinga,15.4,4,0,0.0,104,3,2.88,400.32,11.55,0.4,25979,50.05,11.55,238.68,-3.85
2020-07-15,Minas Gerais,Jacutinga,11.55,3,0,0.0,100,3,3.0,384.93,11.55,0.38,25979,38.5,0.0,242.53,11.55
2020-07-14,Minas Gerais,Jacutinga,0.0,0,0,0.0,97,3,3.09,373.38,11.55,0.37,25979,38.5,0.0,230.98,-3.85
2020-07-13,Minas Gerais,Jacutinga,0.0,0,0,0.0,97,3,3.09,373.38,11.55,0.37,25979,38.5,0.0,234.83,0.0
2020-07-12,Minas Gerais,Jacutinga,3.85,1,0,0.0,97,3,3.09,373.38,11.55,0.37,25979,38.5,3.85,234.83,3.85
2020-07-11,Minas Gerais,Jacutinga,7.7,2,0,0.0,96,3,3.12,369.53,11.55,0.37,25979,34.65,-7.7,230.98,7.7
2020-07-10,Minas Gerais,Jacutinga,11.55,3,0,0.0,94,3,3.19,361.83,11.55,0.36,25979,42.35,11.55,223.28,-30.79
2020-07-09,Minas Gerais,Jacutinga,3.85,1,0,0.0,91,3,3.3,350.28,11.55,0.35,25979,30.8,0.0,254.07,0.0
2020-07-08,Minas Gerais,Jacutinga,11.55,3,0,0.0,90,3,3.33,346.43,11.55,0.35,25979,30.8,-11.55,254.07,11.55
2020-07-07,Minas Gerais,Jacutinga,0.0,0,0,0.0,87,3,3.45,334.89,11.55,0.33,25979,42.35,0.0,242.52,0.0
2020-07-06,Minas Gerais,Jacutinga,0.0,0,0,0.0,87,3,3.45,334.89,11.55,0.33,25979,42.35,-11.55,242.52,0.0
2020-07-05,Minas Gerais,Jacutinga,0.0,0,0,0.0,87,3,3.45,334.89,11.55,0.33,25979,53.9,0.0,242.52,-11.55
2020-07-04,Minas Gerais,Jacutinga,15.4,4,0,0.0,87,3,3.45,334.89,11.55,0.33,25979,53.9,3.85,254.07,7.7
2020-07-03,Minas Gerais,Jacutinga,0.0,0,0,0.0,83,3,3.61,319.49,11.55,0.32,25979,50.05,-30.79,246.37,-26.94
2020-07-02,Minas Gerais,Jacutinga,3.85,1,1,3.85,83,3,3.61,319.49,11.55,0.32,25979,80.84,-7.7,273.31,3.85
2020-07-01,Minas Gerais,Jacutinga,23.1,6,0,0.0,82,2,2.44,315.64,7.7,0.32,25979,88.54,3.85,269.46,23.1
2020-06-30,Minas Gerais,Jacutinga,0.0,0,0,0.0,76,2,2.63,292.54,7.7,0.29,25979,84.69,7.7,246.36,-3.85
2020-06-29,Minas Gerais,Jacutinga,11.55,3,0,0.0,76,2,2.63,292.54,7.7,0.29,25979,76.99,-46.19,250.21,11.55
2020-06-28,Minas Gerais,Jacutinga,0.0,0,0,0.0,73,2,2.74,281.0,7.7,0.28,25979,123.18,0.0,238.66,-7.7
2020-06-27,Minas Gerais,Jacutinga,11.55,3,0,0.0,73,2,2.74,281.0,7.7,0.28,25979,123.18,15.4,246.36,11.55
2020-06-26,Minas Gerais,Jacutinga,30.79,8,0,0.0,70,2,2.86,269.45,7.7,0.27,25979,107.78,30.79,234.81,19.24
2020-06-25,Minas Gerais,Jacutinga,11.55,3,1,3.85,62,2,3.23,238.65,7.7,0.24,25979,76.99,-7.7,215.57,0.0
2020-06-24,Minas Gerais,Jacutinga,19.25,5,0,0.0,59,1,1.69,227.11,3.85,0.23,25979,84.69,19.25,215.57,19.25
2020-06-23,Minas Gerais,Jacutinga,-7.7,-2,0,0.0,54,1,1.85,207.86,3.85,0.21,25979,65.44,-11.55,196.32,-7.7
2020-06-22,Minas Gerais,Jacutinga,57.74,15,0,0.0,56,1,1.79,215.56,3.85,0.22,25979,76.99,57.74,204.02,57.74
2020-06-21,Minas Gerais,Jacutinga,0.0,0,0,0.0,41,1,2.44,157.82,3.85,0.16,25979,19.25,0.0,146.28,-3.85
2020-06-20,Minas Gerais,Jacutinga,-3.85,-1,0,0.0,41,1,2.44,157.82,3.85,0.16,25979,19.25,-3.85,150.13,-3.85
2020-06-19,Minas Gerais,Jacutinga,0.0,0,0,0.0,42,1,2.38,161.67,3.85,0.16,25979,23.1,-42.34,153.98,0.0
2020-06-18,Minas Gerais,Jacutinga,19.25,5,0,0.0,42,1,2.38,161.67,3.85,0.16,25979,65.44,15.4,153.98,19.25
2020-06-17,Minas Gerais,Jacutinga,0.0,0,0,0.0,37,1,2.7,142.42,3.85,0.14,25979,50.04,0.0,134.73,0.0
2020-06-16,Minas Gerais,Jacutinga,3.85,1,0,0.0,37,1,2.7,142.42,3.85,0.14,25979,50.04,3.85,134.73,3.85
2020-06-15,Minas Gerais,Jacutinga,0.0,0,0,0.0,36,1,2.78,138.57,3.85,0.14,25979,46.19,0.0,130.88,0.0
2020-06-14,Minas Gerais,Jacutinga,0.0,0,0,0.0,36,1,2.78,138.57,3.85,0.14,25979,46.19,-11.55,130.88,-3.85
2020-06-13,Minas Gerais,Jacutinga,0.0,0,0,0.0,36,1,2.78,138.57,3.85,0.14,25979,57.74,-7.7,134.73,0.0
2020-06-12,Minas Gerais,Jacutinga,42.34,11,0,0.0,36,1,2.78,138.57,3.85,0.14,25979,65.44,15.4,134.73,42.34
2020-06-11,Minas Gerais,Jacutinga,3.85,1,0,0.0,25,1,4.0,96.23,3.85,0.1,25979,50.04,3.85,92.39,3.85
2020-06-10,Minas Gerais,Jacutinga,0.0,0,0,0.0,24,1,4.17,92.38,3.85,0.09,25979,46.19,0.0,88.54,0.0
2020-06-09,Minas Gerais,Jacutinga,0.0,0,0,0.0,24,1,4.17,92.38,3.85,0.09,25979,46.19,-3.85,88.54,0.0
2020-06-08,Minas Gerais,Jacutinga,0.0,0,0,0.0,24,1,4.17,92.38,3.85,0.09,25979,50.04,0.0,88.54,0.0
2020-06-07,Minas Gerais,Jacutinga,11.55,3,0,0.0,24,1,4.17,92.38,3.85,0.09,25979,50.04,3.85,88.54,11.55
2020-06-06,Minas Gerais,Jacutinga,7.7,2,0,0.0,21,1,4.76,80.83,3.85,0.08,25979,46.19,7.7,76.99,7.7
2020-06-05,Minas Gerais,Jacutinga,26.94,7,0,0.0,19,1,5.26,73.14,3.85,0.07,25979,38.49,15.39,69.29,26.94
2020-06-04,Minas Gerais,Jacutinga,0.0,0,0,0.0,12,1,8.33,46.19,3.85,0.05,25979,23.1,-11.55,42.35,0.0
2020-06-03,Minas Gerais,Jacutinga,0.0,0,0,0.0,12,1,8.33,46.19,3.85,0.05,25979,34.65,0.0,42.35,0.0
2020-06-02,Minas Gerais,Jacutinga,3.85,1,0,0.0,12,1,8.33,46.19,3.85,0.05,25979,34.65,3.85,42.35,3.85
2020-06-01,Minas Gerais,Jacutinga,0.0,0,0,0.0,11,1,9.09,42.34,3.85,0.04,25979,30.8,0.0,38.5,0.0
2020-05-31,Minas Gerais,Jacutinga,7.7,2,0,0.0,11,1,9.09,42.34,3.85,0.04,25979,30.8,3.85,38.5,7.7
2020-05-30,Minas Gerais,Jacutinga,0.0,0,0,0.0,9,1,11.11,34.64,3.85,0.03,25979,26.95,0.0,30.8,0.0
2020-05-29,Minas Gerais,Jacutinga,11.55,3,0,0.0,9,1,11.11,34.64,3.85,0.03,25979,26.95,11.55,30.8,11.55
2020-05-28,Minas Gerais,Jacutinga,11.55,3,0,0.0,6,1,16.67,23.1,3.85,0.02,25979,15.4,11.55,19.25,11.55
2020-05-27,Minas Gerais,Jacutinga,0.0,0,0,0.0,3,1,33.33,11.55,3.85,0.01,25979,3.85,0.0,7.7,0.0
2020-05-26,Minas Gerais,Jacutinga,0.0,0,0,0.0,3,1,33.33,11.55,3.85,0.01,25979,3.85,0.0,7.7,0.0
2020-05-25,Minas Gerais,Jacutinga,0.0,0,0,0.0,3,1,33.33,11.55,3.85,0.01,25979,3.85,0.0,7.7,0.0
2020-05-24,Minas Gerais,Jacutinga,3.85,1,0,0.0,3,1,33.33,11.55,3.85,0.01,25979,3.85,0.0,7.7,3.85
2020-05-23,Minas Gerais,Jacutinga,0.0,0,0,0.0,2,1,50.0,7.7,3.85,0.01,25979,3.85,0.0,3.85,0.0
2020-05-22,Minas Gerais,Jacutinga,0.0,0,0,0.0,2,1,50.0,7.7,3.85,0.01,25979,3.85,0.0,3.85,0.0
2020-05-21,Minas Gerais,Jacutinga,0.0,0,0,0.0,2,1,50.0,7.7,3.85,0.01,25979,3.85,0.0,3.85,0.0
2020-05-20,Minas Gerais,Jacutinga,0.0,0,0,0.0,2,1,50.0,7.7,3.85,0.01,25979,3.85,0.0,3.85,0.0
2020-05-19,Minas Gerais,Jacutinga,0.0,0,0,0.0,2,1,50.0,7.7,3.85,0.01,25979,3.85,0.0,3.85,0.0
2020-05-18,Minas Gerais,Jacutinga,0.0,0,0,0.0,2,1,50.0,7.7,3.85,0.01,25979,3.85,0.0,3.85,0.0
2020-05-17,Minas Gerais,Jacutinga,3.85,1,0,0.0,2,1,50.0,7.7,3.85,0.01,25979,3.85,3.85,3.85,3.85
2020-05-16,Minas Gerais,Jacutinga,0.0,0,0,0.0,1,1,100.0,3.85,3.85,0.0,25979,0.0,0.0,0.0,0.0
2020-05-15,Minas Gerais,Jacutinga,0.0,0,0,0.0,1,1,100.0,3.85,3.85,0.0,25979,0.0,0.0,0.0,0.0
2020-05-14,Minas Gerais,Jacutinga,0.0,0,0,0.0,1,1,100.0,3.85,3.85,0.0,25979,0.0,0.0,0.0,0.0
2020-05-13,Minas Gerais,Jacutinga,0.0,0,0,0.0,1,1,100.0,3.85,3.85,0.0,25979,0.0,0.0,0.0,0.0
