date,state,city,1day_cases_100k,new_cases,new_deaths,new_deaths_100k,total_cases,total_deaths,cfr%,total_cases_100k,total_deaths_100k,%infected,population,7day_cases_100k,7day_cases_change,28day_cases_100k,28day_cases_change
2020-09-02,Minas Gerais,Lajinha,90.35,18,0,0.0,327,4,1.22,1641.32,20.08,1.64,19923,306.18,90.35,908.49,80.31
2020-09-01,Minas Gerais,Lajinha,0.0,0,0,0.0,309,4,1.29,1550.97,20.08,1.55,19923,215.83,0.0,828.18,0.0
2020-08-31,Minas Gerais,Lajinha,55.21,11,0,0.0,309,4,1.29,1550.97,20.08,1.55,19923,215.83,-65.25,828.18,30.11
2020-08-30,Minas Gerais,Lajinha,0.0,0,0,0.0,298,4,1.34,1495.76,20.08,1.5,19923,281.08,0.0,798.07,0.0
2020-08-29,Minas Gerais,Lajinha,0.0,0,0,0.0,298,4,1.34,1495.76,20.08,1.5,19923,281.08,0.0,798.07,-15.06
2020-08-28,Minas Gerais,Lajinha,35.14,7,0,0.0,298,4,1.34,1495.76,20.08,1.5,19923,281.08,35.14,813.13,35.14
2020-08-27,Minas Gerais,Lajinha,125.48,25,0,0.0,291,4,1.37,1460.62,20.08,1.46,19923,245.94,-5.02,777.99,125.48
2020-08-26,Minas Gerais,Lajinha,0.0,0,0,0.0,266,4,1.5,1335.14,20.08,1.34,19923,250.96,0.0,652.51,-45.17
2020-08-25,Minas Gerais,Lajinha,0.0,0,1,5.02,266,4,1.5,1335.14,20.08,1.34,19923,250.96,0.0,697.68,0.0
2020-08-24,Minas Gerais,Lajinha,120.46,24,2,10.04,266,3,1.13,1335.14,15.06,1.34,19923,250.96,30.11,697.68,120.46
2020-08-23,Minas Gerais,Lajinha,0.0,0,0,0.0,242,1,0.41,1214.68,5.02,1.21,19923,220.85,0.0,577.22,-10.04
2020-08-22,Minas Gerais,Lajinha,0.0,0,0,0.0,242,1,0.41,1214.68,5.02,1.21,19923,220.85,-50.19,587.26,-15.06
2020-08-21,Minas Gerais,Lajinha,0.0,0,0,0.0,242,1,0.41,1214.68,5.02,1.21,19923,271.04,-40.15,602.32,0.0
2020-08-20,Minas Gerais,Lajinha,130.5,26,0,0.0,242,1,0.41,1214.68,5.02,1.21,19923,311.19,130.5,602.32,125.48
2020-08-19,Minas Gerais,Lajinha,0.0,0,0,0.0,216,1,0.46,1084.17,5.02,1.08,19923,180.69,0.0,476.84,-20.08
2020-08-18,Minas Gerais,Lajinha,0.0,0,0,0.0,216,1,0.46,1084.17,5.02,1.08,19923,180.69,-120.46,496.92,0.0
2020-08-17,Minas Gerais,Lajinha,90.35,18,0,0.0,216,1,0.46,1084.17,5.02,1.08,19923,301.15,90.35,496.92,90.35
2020-08-15,Minas Gerais,Lajinha,0.0,0,0,0.0,198,1,0.51,993.83,5.02,0.99,19923,210.8,-10.04,406.57,-55.21
2020-08-14,Minas Gerais,Lajinha,50.19,10,0,0.0,198,1,0.51,993.83,5.02,0.99,19923,220.84,40.15,461.78,-5.02
2020-08-13,Minas Gerais,Lajinha,40.15,8,0,0.0,188,1,0.53,943.63,5.02,0.94,19923,180.69,30.11,466.8,5.01
2020-08-12,Minas Gerais,Lajinha,0.0,0,0,0.0,180,1,0.56,903.48,5.02,0.9,19923,150.58,-20.08,461.79,0.0
2020-08-11,Minas Gerais,Lajinha,0.0,0,0,0.0,180,1,0.56,903.48,5.02,0.9,19923,170.66,-10.04,461.79,-60.23
2020-08-10,Minas Gerais,Lajinha,120.46,24,0,0.0,180,1,0.56,903.48,5.02,0.9,19923,180.7,120.46,522.02,120.46
2020-08-07,Minas Gerais,Lajinha,0.0,0,0,0.0,156,1,0.64,783.01,5.02,0.78,19923,60.24,-25.1,401.56,-10.04
2020-08-06,Minas Gerais,Lajinha,10.04,2,0,0.0,156,1,0.64,783.01,5.02,0.78,19923,85.34,10.04,411.6,-20.08
2020-08-03,Minas Gerais,Lajinha,10.04,2,0,0.0,154,1,0.65,772.98,5.02,0.77,19923,75.3,-5.02,431.68,-15.06
2020-07-31,Minas Gerais,Lajinha,10.04,2,0,0.0,152,1,0.66,762.94,5.02,0.76,19923,80.32,10.04,446.74,-5.02
2020-07-30,Minas Gerais,Lajinha,20.08,4,0,0.0,150,1,0.67,752.9,5.02,0.75,19923,70.28,20.08,451.76,-55.21
2020-07-29,Minas Gerais,Lajinha,10.04,2,0,0.0,146,1,0.68,732.82,5.02,0.73,19923,50.2,-35.13,506.97,10.04
2020-07-28,Minas Gerais,Lajinha,0.0,0,0,0.0,144,1,0.69,722.78,5.02,0.72,19923,85.33,0.0,496.93,-15.06
2020-07-27,Minas Gerais,Lajinha,25.1,5,0,0.0,144,1,0.69,722.78,5.02,0.72,19923,85.33,25.1,511.99,25.1
2020-07-26,Minas Gerais,Lajinha,0.0,0,0,0.0,139,1,0.72,697.69,5.02,0.7,19923,60.23,-10.04,486.89,-40.15
2020-07-25,Minas Gerais,Lajinha,15.06,3,0,0.0,139,1,0.72,697.69,5.02,0.7,19923,70.27,0.0,527.04,-15.06
2020-07-24,Minas Gerais,Lajinha,0.0,0,0,0.0,136,1,0.74,682.63,5.02,0.68,19923,70.27,0.0,542.1,0.0
2020-07-23,Minas Gerais,Lajinha,0.0,0,0,0.0,136,1,0.74,682.63,5.02,0.68,19923,70.27,-5.02,542.1,0.0
2020-07-22,Minas Gerais,Lajinha,45.17,9,0,0.0,136,1,0.74,682.63,5.02,0.68,19923,75.29,25.09,542.1,45.17
2020-07-21,Minas Gerais,Lajinha,0.0,0,0,0.0,127,1,0.79,637.45,5.02,0.64,19923,50.2,0.0,496.93,0.0
2020-07-20,Minas Gerais,Lajinha,0.0,0,0,0.0,127,1,0.79,637.45,5.02,0.64,19923,50.2,0.0,496.93,-20.08
2020-07-19,Minas Gerais,Lajinha,10.04,2,0,0.0,127,1,0.79,637.45,5.02,0.64,19923,50.2,-45.17,517.01,10.04
2020-07-18,Minas Gerais,Lajinha,15.06,3,0,0.0,125,1,0.8,627.42,5.02,0.63,19923,95.37,-40.15,506.97,25.1
2020-07-17,Minas Gerais,Lajinha,0.0,0,0,0.0,122,1,0.82,612.36,5.02,0.61,19923,135.52,-35.14,481.87,-10.04
2020-07-16,Minas Gerais,Lajinha,5.02,1,1,5.02,122,1,0.82,612.36,5.02,0.61,19923,170.66,5.02,491.91,-30.12
2020-07-15,Minas Gerais,Lajinha,20.08,4,0,0.0,121,0,0.0,607.34,0.0,0.61,19923,165.64,-40.15,522.03,10.04
2020-07-14,Minas Gerais,Lajinha,0.0,0,0,0.0,117,0,0.0,587.26,0.0,0.59,19923,205.79,0.0,511.99,0.0
2020-07-13,Minas Gerais,Lajinha,0.0,0,0,0.0,117,0,0.0,587.26,0.0,0.59,19923,205.79,-10.04,511.99,0.0
2020-07-12,Minas Gerais,Lajinha,55.21,11,0,0.0,117,0,0.0,587.26,0.0,0.59,19923,215.83,25.09,511.99,55.21
2020-07-11,Minas Gerais,Lajinha,55.21,11,0,0.0,106,0,0.0,532.05,0.0,0.53,19923,190.74,30.11,456.78,35.13
2020-07-10,Minas Gerais,Lajinha,35.14,7,0,0.0,95,0,0.0,476.84,0.0,0.48,19923,160.63,20.08,421.65,35.14
2020-07-09,Minas Gerais,Lajinha,0.0,0,0,0.0,88,0,0.0,441.7,0.0,0.44,19923,140.55,-75.29,386.51,-5.02
2020-07-08,Minas Gerais,Lajinha,60.23,12,0,0.0,88,0,0.0,441.7,0.0,0.44,19923,215.84,60.23,391.53,60.23
2020-07-07,Minas Gerais,Lajinha,0.0,0,0,0.0,76,0,0.0,381.47,0.0,0.38,19923,155.61,-15.06,331.3,0.0
2020-07-06,Minas Gerais,Lajinha,10.04,2,0,0.0,76,0,0.0,381.47,0.0,0.38,19923,170.67,10.04,331.3,10.04
2020-07-05,Minas Gerais,Lajinha,30.12,6,0,0.0,74,0,0.0,371.43,0.0,0.37,19923,160.63,-10.03,321.26,30.12
2020-07-04,Minas Gerais,Lajinha,25.1,5,0,0.0,68,0,0.0,341.31,0.0,0.34,19923,170.66,-5.02,291.14,25.1
2020-07-03,Minas Gerais,Lajinha,15.06,3,0,0.0,63,0,0.0,316.22,0.0,0.32,19923,175.68,15.06,266.04,-10.04
2020-07-02,Minas Gerais,Lajinha,75.29,15,0,0.0,60,0,0.0,301.16,0.0,0.3,19923,160.62,75.29,276.08,70.27
2020-07-01,Minas Gerais,Lajinha,0.0,0,0,0.0,45,0,0.0,225.87,0.0,0.23,19923,85.33,0.0,205.81,0.0
2020-06-30,Minas Gerais,Lajinha,15.06,3,0,0.0,45,0,0.0,225.87,0.0,0.23,19923,85.33,15.06,205.81,15.06
2020-06-29,Minas Gerais,Lajinha,0.0,0,0,0.0,42,0,0.0,210.81,0.0,0.21,19923,70.27,-20.08,190.75,0.0
2020-06-28,Minas Gerais,Lajinha,40.15,8,0,0.0,42,0,0.0,210.81,0.0,0.21,19923,90.35,40.15,190.75,40.15
2020-06-27,Minas Gerais,Lajinha,30.12,6,0,0.0,34,0,0.0,170.66,0.0,0.17,19923,50.2,40.16,150.6,25.1
2020-06-26,Minas Gerais,Lajinha,0.0,0,0,0.0,28,0,0.0,140.54,0.0,0.14,19923,10.04,-10.04,125.5,-10.04
2020-06-25,Minas Gerais,Lajinha,0.0,0,0,0.0,28,0,0.0,140.54,0.0,0.14,19923,20.08,-35.14,135.54,0.0
2020-06-24,Minas Gerais,Lajinha,0.0,0,0,0.0,28,0,0.0,140.54,0.0,0.14,19923,55.22,-10.04,135.54,0.0
2020-06-23,Minas Gerais,Lajinha,0.0,0,0,0.0,28,0,0.0,140.54,0.0,0.14,19923,65.26,0.0,135.54,0.0
2020-06-22,Minas Gerais,Lajinha,20.08,4,0,0.0,28,0,0.0,140.54,0.0,0.14,19923,65.26,20.08,135.54,20.08
2020-06-21,Minas Gerais,Lajinha,0.0,0,0,0.0,24,0,0.0,120.46,0.0,0.12,19923,45.18,0.0,115.46,0.0
2020-06-20,Minas Gerais,Lajinha,-10.04,-2,0,0.0,24,0,0.0,120.46,0.0,0.12,19923,45.18,-30.12,115.46,-10.04
2020-06-19,Minas Gerais,Lajinha,10.04,2,0,0.0,26,0,0.0,130.5,0.0,0.13,19923,75.3,10.04,125.5,10.04
2020-06-18,Minas Gerais,Lajinha,35.14,7,0,0.0,24,0,0.0,120.46,0.0,0.12,19923,65.26,30.12,115.46,35.14
2020-06-17,Minas Gerais,Lajinha,10.04,2,0,0.0,17,0,0.0,85.33,0.0,0.09,19923,35.14,10.04,80.32,10.04
2020-06-16,Minas Gerais,Lajinha,0.0,0,0,0.0,15,0,0.0,75.29,0.0,0.08,19923,25.1,0.0,70.28,0.0
2020-06-15,Minas Gerais,Lajinha,0.0,0,0,0.0,15,0,0.0,75.29,0.0,0.08,19923,25.1,0.0,70.28,0.0
2020-06-14,Minas Gerais,Lajinha,0.0,0,0,0.0,15,0,0.0,75.29,0.0,0.08,19923,25.1,0.0,70.28,0.0
2020-06-13,Minas Gerais,Lajinha,20.08,4,0,0.0,15,0,0.0,75.29,0.0,0.08,19923,25.1,20.08,70.28,20.08
2020-06-12,Minas Gerais,Lajinha,0.0,0,0,0.0,11,0,0.0,55.21,0.0,0.06,19923,5.02,-25.1,50.2,0.0
2020-06-11,Minas Gerais,Lajinha,5.02,1,0,0.0,11,0,0.0,55.21,0.0,0.06,19923,30.12,0.0,50.2,5.02
2020-06-10,Minas Gerais,Lajinha,0.0,0,0,0.0,10,0,0.0,50.19,0.0,0.05,19923,30.12,0.0,45.18,0.0
2020-06-09,Minas Gerais,Lajinha,0.0,0,0,0.0,10,0,0.0,50.19,0.0,0.05,19923,30.12,0.0,45.18,0.0
2020-06-08,Minas Gerais,Lajinha,0.0,0,0,0.0,10,0,0.0,50.19,0.0,0.05,19923,30.12,0.0,45.18,0.0
2020-06-07,Minas Gerais,Lajinha,0.0,0,0,0.0,10,0,0.0,50.19,0.0,0.05,19923,30.12,0.0,45.18,0.0
2020-06-06,Minas Gerais,Lajinha,0.0,0,0,0.0,10,0,0.0,50.19,0.0,0.05,19923,30.12,-5.02,45.18,0.0
2020-06-05,Minas Gerais,Lajinha,25.1,5,0,0.0,10,0,0.0,50.19,0.0,0.05,19923,35.14,15.06,45.18,25.1
2020-06-04,Minas Gerais,Lajinha,5.02,1,0,0.0,5,0,0.0,25.1,0.0,0.03,19923,20.08,5.02,20.08,5.02
2020-06-03,Minas Gerais,Lajinha,0.0,0,0,0.0,4,0,0.0,20.08,0.0,0.02,19923,15.06,0.0,15.06,0.0
2020-06-02,Minas Gerais,Lajinha,0.0,0,0,0.0,4,0,0.0,20.08,0.0,0.02,19923,15.06,0.0,15.06,0.0
2020-06-01,Minas Gerais,Lajinha,0.0,0,0,0.0,4,0,0.0,20.08,0.0,0.02,19923,15.06,0.0,15.06,0.0
2020-05-31,Minas Gerais,Lajinha,0.0,0,0,0.0,4,0,0.0,20.08,0.0,0.02,19923,15.06,0.0,15.06,0.0
2020-05-30,Minas Gerais,Lajinha,5.02,1,0,0.0,4,0,0.0,20.08,0.0,0.02,19923,15.06,5.02,15.06,5.02
2020-05-29,Minas Gerais,Lajinha,10.04,2,0,0.0,3,0,0.0,15.06,0.0,0.02,19923,10.04,10.04,10.04,10.04
2020-05-28,Minas Gerais,Lajinha,0.0,0,0,0.0,1,0,0.0,5.02,0.0,0.01,19923,0.0,0.0,0.0,0.0
2020-05-27,Minas Gerais,Lajinha,0.0,0,0,0.0,1,0,0.0,5.02,0.0,0.01,19923,0.0,0.0,0.0,0.0
2020-05-26,Minas Gerais,Lajinha,0.0,0,0,0.0,1,0,0.0,5.02,0.0,0.01,19923,0.0,0.0,0.0,0.0
2020-05-25,Minas Gerais,Lajinha,0.0,0,0,0.0,1,0,0.0,5.02,0.0,0.01,19923,0.0,0.0,0.0,0.0
2020-05-24,Minas Gerais,Lajinha,0.0,0,0,0.0,1,0,0.0,5.02,0.0,0.01,19923,0.0,0.0,0.0,0.0
2020-05-23,Minas Gerais,Lajinha,0.0,0,0,0.0,1,0,0.0,5.02,0.0,0.01,19923,0.0,0.0,0.0,0.0
2020-05-22,Minas Gerais,Lajinha,0.0,0,0,0.0,1,0,0.0,5.02,0.0,0.01,19923,0.0,0.0,0.0,0.0
2020-05-21,Minas Gerais,Lajinha,0.0,0,0,0.0,1,0,0.0,5.02,0.0,0.01,19923,0.0,0.0,0.0,0.0
2020-05-20,Minas Gerais,Lajinha,0.0,0,0,0.0,1,0,0.0,5.02,0.0,0.01,19923,0.0,0.0,0.0,0.0
2020-05-19,Minas Gerais,Lajinha,0.0,0,0,0.0,1,0,0.0,5.02,0.0,0.01,19923,0.0,0.0,0.0,0.0
2020-05-18,Minas Gerais,Lajinha,0.0,0,0,0.0,1,0,0.0,5.02,0.0,0.01,19923,0.0,0.0,0.0,0.0
2020-05-17,Minas Gerais,Lajinha,0.0,0,0,0.0,1,0,0.0,5.02,0.0,0.01,19923,0.0,0.0,0.0,0.0
2020-05-16,Minas Gerais,Lajinha,0.0,0,0,0.0,1,0,0.0,5.02,0.0,0.01,19923,0.0,0.0,0.0,0.0
2020-05-15,Minas Gerais,Lajinha,0.0,0,0,0.0,1,0,0.0,5.02,0.0,0.01,19923,0.0,0.0,0.0,0.0
2020-05-14,Minas Gerais,Lajinha,0.0,0,0,0.0,1,0,0.0,5.02,0.0,0.01,19923,0.0,0.0,0.0,0.0
2020-05-13,Minas Gerais,Lajinha,0.0,0,0,0.0,1,0,0.0,5.02,0.0,0.01,19923,0.0,0.0,0.0,0.0
2020-05-12,Minas Gerais,Lajinha,0.0,0,0,0.0,1,0,0.0,5.02,0.0,0.01,19923,0.0,0.0,0.0,0.0
2020-05-11,Minas Gerais,Lajinha,0.0,0,0,0.0,1,0,0.0,5.02,0.0,0.01,19923,0.0,0.0,0.0,0.0
2020-05-10,Minas Gerais,Lajinha,0.0,0,0,0.0,1,0,0.0,5.02,0.0,0.01,19923,0.0,0.0,0.0,0.0
2020-05-09,Minas Gerais,Lajinha,0.0,0,0,0.0,1,0,0.0,5.02,0.0,0.01,19923,0.0,0.0,0.0,0.0
2020-05-08,Minas Gerais,Lajinha,0.0,0,0,0.0,1,0,0.0,5.02,0.0,0.01,19923,0.0,0.0,0.0,0.0
