date,state,city,1day_cases_100k,new_cases,new_deaths,new_deaths_100k,total_cases,total_deaths,cfr%,total_cases_100k,total_deaths_100k,%infected,population,7day_cases_100k,7day_cases_change,28day_cases_100k,28day_cases_change
2020-10-26,Minas Gerais,Pains,0.0,0,0,0.0,77,1,1.3,929.61,12.07,0.93,8283,96.58,-48.29,325.95,0.0
2020-10-25,Minas Gerais,Pains,0.0,0,0,0.0,77,1,1.3,929.61,12.07,0.93,8283,144.87,0.0,325.95,0.0
2020-10-24,Minas Gerais,Pains,0.0,0,0,0.0,77,1,1.3,929.61,12.07,0.93,8283,144.87,0.0,325.95,0.0
2020-10-23,Minas Gerais,Pains,0.0,0,0,0.0,77,1,1.3,929.61,12.07,0.93,8283,144.87,-12.07,325.95,-48.29
2020-10-22,Minas Gerais,Pains,0.0,0,0,0.0,77,1,1.3,929.61,12.07,0.93,8283,156.94,0.0,374.24,-36.22
2020-10-21,Minas Gerais,Pains,48.29,4,0,0.0,77,1,1.3,929.61,12.07,0.93,8283,156.94,36.22,410.46,48.29
2020-10-20,Minas Gerais,Pains,48.29,4,0,0.0,73,1,1.37,881.32,12.07,0.88,8283,120.72,48.29,362.17,48.29
2020-10-19,Minas Gerais,Pains,48.29,4,0,0.0,69,1,1.45,833.03,12.07,0.83,8283,72.43,36.22,313.88,48.29
2020-10-18,Minas Gerais,Pains,0.0,0,0,0.0,65,1,1.54,784.74,12.07,0.78,8283,36.21,0.0,265.59,-72.44
2020-10-17,Minas Gerais,Pains,0.0,0,0,0.0,65,1,1.54,784.74,12.07,0.78,8283,36.21,0.0,338.03,0.0
2020-10-16,Minas Gerais,Pains,12.07,1,0,0.0,65,1,1.54,784.74,12.07,0.78,8283,36.21,12.07,338.03,12.07
2020-10-15,Minas Gerais,Pains,0.0,0,0,0.0,64,1,1.56,772.67,12.07,0.77,8283,24.14,-12.07,325.96,0.0
2020-10-14,Minas Gerais,Pains,12.07,1,0,0.0,64,1,1.56,772.67,12.07,0.77,8283,36.21,-108.66,325.96,12.07
2020-10-13,Minas Gerais,Pains,0.0,0,0,0.0,63,1,1.59,760.59,12.07,0.76,8283,144.87,0.0,313.89,0.0
2020-10-12,Minas Gerais,Pains,12.07,1,0,0.0,63,1,1.59,760.59,12.07,0.76,8283,144.87,12.07,313.89,-12.08
2020-10-11,Minas Gerais,Pains,0.0,0,0,0.0,62,1,1.61,748.52,12.07,0.75,8283,132.8,0.0,325.97,0.0
2020-10-10,Minas Gerais,Pains,0.0,0,0,0.0,62,1,1.61,748.52,12.07,0.75,8283,132.8,0.0,325.97,0.0
2020-10-09,Minas Gerais,Pains,0.0,0,0,0.0,62,1,1.61,748.52,12.07,0.75,8283,132.8,0.0,325.97,0.0
2020-10-08,Minas Gerais,Pains,12.07,1,0,0.0,62,1,1.61,748.52,12.07,0.75,8283,132.8,0.0,325.97,12.07
2020-10-07,Minas Gerais,Pains,120.73,10,0,0.0,61,1,1.64,736.45,12.07,0.74,8283,132.8,120.73,313.9,120.73
2020-10-05,Minas Gerais,Pains,0.0,0,0,0.0,51,1,1.96,615.72,12.07,0.62,8283,12.07,0.0,193.17,0.0
2020-10-04,Minas Gerais,Pains,0.0,0,0,0.0,51,1,1.96,615.72,12.07,0.62,8283,12.07,0.0,193.17,-12.07
2020-10-03,Minas Gerais,Pains,0.0,0,0,0.0,51,1,1.96,615.72,12.07,0.62,8283,12.07,0.0,205.24,0.0
2020-10-02,Minas Gerais,Pains,0.0,0,0,0.0,51,1,1.96,615.72,12.07,0.62,8283,12.07,0.0,205.24,0.0
2020-10-01,Minas Gerais,Pains,0.0,0,0,0.0,51,1,1.96,615.72,12.07,0.62,8283,12.07,-48.29,205.24,-12.07
2020-09-30,Minas Gerais,Pains,12.07,1,0,0.0,51,1,1.96,615.72,12.07,0.62,8283,60.36,-24.15,217.31,12.07
2020-09-29,Minas Gerais,Pains,0.0,0,0,0.0,50,1,2.0,603.65,12.07,0.6,8283,84.51,0.0,205.24,0.0
2020-09-28,Minas Gerais,Pains,0.0,0,0,0.0,50,1,2.0,603.65,12.07,0.6,8283,84.51,0.0,205.24,0.0
2020-09-27,Minas Gerais,Pains,0.0,0,0,0.0,50,1,2.0,603.65,12.07,0.6,8283,84.51,0.0,205.24,0.0
2020-09-26,Minas Gerais,Pains,0.0,0,0,0.0,50,1,2.0,603.65,12.07,0.6,8283,84.51,-72.44,205.24,0.0
2020-09-25,Minas Gerais,Pains,0.0,0,0,0.0,50,1,2.0,603.65,12.07,0.6,8283,156.95,0.0,205.24,-72.44
2020-09-24,Minas Gerais,Pains,48.29,4,0,0.0,50,1,2.0,603.65,12.07,0.6,8283,156.95,48.29,277.68,48.29
2020-09-23,Minas Gerais,Pains,36.22,3,0,0.0,46,1,2.17,555.35,12.07,0.56,8283,108.66,36.22,229.39,36.22
2020-09-21,Minas Gerais,Pains,0.0,0,0,0.0,43,1,2.33,519.14,12.07,0.52,8283,72.44,0.0,193.17,0.0
2020-09-20,Minas Gerais,Pains,0.0,0,0,0.0,43,1,2.33,519.14,12.07,0.52,8283,72.44,0.0,193.17,0.0
2020-09-19,Minas Gerais,Pains,0.0,0,0,0.0,43,1,2.33,519.14,12.07,0.52,8283,72.44,-24.15,193.17,0.0
2020-09-18,Minas Gerais,Pains,72.44,6,0,0.0,43,1,2.33,519.14,12.07,0.52,8283,96.59,72.44,193.17,72.44
2020-09-16,Minas Gerais,Pains,0.0,0,0,0.0,37,1,2.7,446.7,12.07,0.45,8283,24.15,0.0,120.73,0.0
2020-09-15,Minas Gerais,Pains,0.0,0,0,0.0,37,1,2.7,446.7,12.07,0.45,8283,24.15,0.0,120.73,0.0
2020-09-14,Minas Gerais,Pains,0.0,0,0,0.0,37,1,2.7,446.7,12.07,0.45,8283,24.15,0.0,120.73,0.0
2020-09-13,Minas Gerais,Pains,0.0,0,0,0.0,37,1,2.7,446.7,12.07,0.45,8283,24.15,0.0,120.73,0.0
2020-09-12,Minas Gerais,Pains,0.0,0,0,0.0,37,1,2.7,446.7,12.07,0.45,8283,24.15,0.0,120.73,0.0
2020-09-11,Minas Gerais,Pains,24.15,2,0,0.0,37,1,2.7,446.7,12.07,0.45,8283,24.15,12.08,120.73,24.15
2020-09-10,Minas Gerais,Pains,0.0,0,0,0.0,35,1,2.86,422.55,12.07,0.42,8283,12.07,0.0,96.58,0.0
2020-09-09,Minas Gerais,Pains,0.0,0,0,0.0,35,1,2.86,422.55,12.07,0.42,8283,12.07,0.0,96.58,0.0
2020-09-08,Minas Gerais,Pains,0.0,0,0,0.0,35,1,2.86,422.55,12.07,0.42,8283,12.07,-12.07,96.58,0.0
2020-09-07,Minas Gerais,Pains,0.0,0,0,0.0,35,1,2.86,422.55,12.07,0.42,8283,24.14,0.0,96.58,-12.07
2020-09-06,Minas Gerais,Pains,0.0,0,0,0.0,35,1,2.86,422.55,12.07,0.42,8283,24.14,0.0,108.65,0.0
2020-09-05,Minas Gerais,Pains,0.0,0,0,0.0,35,1,2.86,422.55,12.07,0.42,8283,24.14,0.0,108.65,0.0
2020-09-04,Minas Gerais,Pains,12.07,1,0,0.0,35,1,2.86,422.55,12.07,0.42,8283,24.14,12.07,108.65,-60.37
2020-09-03,Minas Gerais,Pains,0.0,0,0,0.0,34,1,2.94,410.48,12.07,0.41,8283,12.07,0.0,169.02,-36.22
2020-09-02,Minas Gerais,Pains,0.0,0,0,0.0,34,1,2.94,410.48,12.07,0.41,8283,12.07,-72.44,205.24,-12.07
2020-09-01,Minas Gerais,Pains,12.07,1,0,0.0,34,1,2.94,410.48,12.07,0.41,8283,84.51,12.07,217.31,0.0
2020-08-31,Minas Gerais,Pains,0.0,0,0,0.0,33,1,3.03,398.41,12.07,0.4,8283,72.44,0.0,217.31,-12.07
2020-08-30,Minas Gerais,Pains,0.0,0,0,0.0,33,1,3.03,398.41,12.07,0.4,8283,72.44,0.0,229.38,0.0
2020-08-29,Minas Gerais,Pains,0.0,0,0,0.0,33,1,3.03,398.41,12.07,0.4,8283,72.44,0.0,229.38,-36.22
2020-08-28,Minas Gerais,Pains,0.0,0,0,0.0,33,1,3.03,398.41,12.07,0.4,8283,72.44,0.0,265.6,0.0
2020-08-27,Minas Gerais,Pains,0.0,0,0,0.0,33,1,3.03,398.41,12.07,0.4,8283,72.44,0.0,265.6,-12.07
2020-08-26,Minas Gerais,Pains,72.44,6,0,0.0,33,1,3.03,398.41,12.07,0.4,8283,72.44,72.44,277.67,72.44
2020-08-25,Minas Gerais,Pains,0.0,0,0,0.0,27,1,3.7,325.97,12.07,0.33,8283,-0.0,0.0,205.23,-36.22
2020-08-24,Minas Gerais,Pains,0.0,0,0,0.0,27,1,3.7,325.97,12.07,0.33,8283,-0.0,0.0,241.45,0.0
2020-08-23,Minas Gerais,Pains,0.0,0,0,0.0,27,1,3.7,325.97,12.07,0.33,8283,-0.0,0.0,241.45,0.0
2020-08-22,Minas Gerais,Pains,0.0,0,0,0.0,27,1,3.7,325.97,12.07,0.33,8283,-0.0,0.0,241.45,0.0
2020-08-21,Minas Gerais,Pains,0.0,0,0,0.0,27,1,3.7,325.97,12.07,0.33,8283,-0.0,0.0,241.45,-24.15
2020-08-20,Minas Gerais,Pains,0.0,0,0,0.0,27,1,3.7,325.97,12.07,0.33,8283,-0.0,0.0,265.6,0.0
2020-08-19,Minas Gerais,Pains,0.0,0,0,0.0,27,1,3.7,325.97,12.07,0.33,8283,-0.0,0.0,265.6,0.0
2020-08-18,Minas Gerais,Pains,0.0,0,0,0.0,27,1,3.7,325.97,12.07,0.33,8283,-0.0,0.0,265.6,0.0
2020-08-17,Minas Gerais,Pains,0.0,0,0,0.0,27,1,3.7,325.97,12.07,0.33,8283,-0.0,-12.07,265.6,0.0
2020-08-16,Minas Gerais,Pains,0.0,0,0,0.0,27,1,3.7,325.97,12.07,0.33,8283,12.07,0.0,265.6,0.0
2020-08-15,Minas Gerais,Pains,0.0,0,0,0.0,27,1,3.7,325.97,12.07,0.33,8283,12.07,0.0,265.6,0.0
2020-08-14,Minas Gerais,Pains,0.0,0,0,0.0,27,1,3.7,325.97,12.07,0.33,8283,12.07,-72.44,265.6,0.0
2020-08-13,Minas Gerais,Pains,0.0,0,0,0.0,27,1,3.7,325.97,12.07,0.33,8283,84.51,-36.22,265.6,0.0
2020-08-12,Minas Gerais,Pains,0.0,0,0,0.0,27,1,3.7,325.97,12.07,0.33,8283,120.73,-12.07,265.6,0.0
2020-08-11,Minas Gerais,Pains,0.0,0,0,0.0,27,1,3.7,325.97,12.07,0.33,8283,132.8,-12.07,265.6,0.0
2020-08-10,Minas Gerais,Pains,12.07,1,0,0.0,27,1,3.7,325.97,12.07,0.33,8283,144.87,0.0,265.6,12.07
2020-08-08,Minas Gerais,Pains,0.0,0,0,0.0,26,1,3.85,313.9,12.07,0.31,8283,144.87,0.0,253.53,-12.07
2020-08-07,Minas Gerais,Pains,0.0,0,1,12.07,26,1,3.85,313.9,12.07,0.31,8283,144.87,-36.22,265.6,0.0
2020-08-06,Minas Gerais,Pains,72.44,6,0,0.0,26,0,0.0,313.9,0.0,0.31,8283,181.09,72.44,265.6,72.44
2020-08-03,Minas Gerais,Pains,36.22,3,0,0.0,20,0,0.0,241.46,0.0,0.24,8283,108.65,24.15,193.16,36.22
2020-07-31,Minas Gerais,Pains,12.07,1,0,0.0,17,0,0.0,205.24,0.0,0.21,8283,84.5,12.07,156.94,12.07
2020-07-30,Minas Gerais,Pains,12.07,1,0,0.0,16,0,0.0,193.17,0.0,0.19,8283,72.43,-24.15,144.87,12.07
2020-07-29,Minas Gerais,Pains,12.07,1,0,0.0,15,0,0.0,181.09,0.0,0.18,8283,96.58,12.07,132.8,12.07
2020-07-28,Minas Gerais,Pains,0.0,0,0,0.0,14,0,0.0,169.02,0.0,0.17,8283,84.51,0.0,120.73,0.0
2020-07-27,Minas Gerais,Pains,36.22,3,0,0.0,14,0,0.0,169.02,0.0,0.17,8283,84.51,36.22,120.73,12.07
2020-07-26,Minas Gerais,Pains,0.0,0,0,0.0,11,0,0.0,132.8,0.0,0.13,8283,48.29,-24.15,108.66,0.0
2020-07-25,Minas Gerais,Pains,12.07,1,0,0.0,11,0,0.0,132.8,0.0,0.13,8283,72.44,12.07,108.66,12.07
2020-07-24,Minas Gerais,Pains,0.0,0,0,0.0,10,0,0.0,120.73,0.0,0.12,8283,60.37,0.0,96.59,0.0
2020-07-23,Minas Gerais,Pains,36.22,3,0,0.0,10,0,0.0,120.73,0.0,0.12,8283,60.37,36.22,96.59,36.22
2020-07-22,Minas Gerais,Pains,0.0,0,0,0.0,7,0,0.0,84.51,0.0,0.08,8283,24.15,0.0,60.37,0.0
2020-07-21,Minas Gerais,Pains,0.0,0,0,0.0,7,0,0.0,84.51,0.0,0.08,8283,24.15,0.0,60.37,0.0
2020-07-20,Minas Gerais,Pains,0.0,0,0,0.0,7,0,0.0,84.51,0.0,0.08,8283,24.15,0.0,60.37,0.0
2020-07-19,Minas Gerais,Pains,24.15,2,0,0.0,7,0,0.0,84.51,0.0,0.08,8283,24.15,24.15,60.37,24.15
2020-07-18,Minas Gerais,Pains,0.0,0,0,0.0,5,0,0.0,60.36,0.0,0.06,8283,0.0,0.0,36.22,0.0
2020-07-17,Minas Gerais,Pains,0.0,0,0,0.0,5,0,0.0,60.36,0.0,0.06,8283,0.0,0.0,36.22,0.0
2020-07-16,Minas Gerais,Pains,0.0,0,0,0.0,5,0,0.0,60.36,0.0,0.06,8283,0.0,0.0,36.22,0.0
2020-07-15,Minas Gerais,Pains,0.0,0,0,0.0,5,0,0.0,60.36,0.0,0.06,8283,0.0,0.0,36.22,0.0
2020-07-14,Minas Gerais,Pains,0.0,0,0,0.0,5,0,0.0,60.36,0.0,0.06,8283,0.0,-12.07,36.22,0.0
2020-07-13,Minas Gerais,Pains,0.0,0,0,0.0,5,0,0.0,60.36,0.0,0.06,8283,12.07,0.0,36.22,0.0
2020-07-12,Minas Gerais,Pains,0.0,0,0,0.0,5,0,0.0,60.36,0.0,0.06,8283,12.07,0.0,36.22,0.0
2020-07-11,Minas Gerais,Pains,0.0,0,0,0.0,5,0,0.0,60.36,0.0,0.06,8283,12.07,0.0,36.22,0.0
2020-07-10,Minas Gerais,Pains,0.0,0,0,0.0,5,0,0.0,60.36,0.0,0.06,8283,12.07,0.0,36.22,0.0
2020-07-09,Minas Gerais,Pains,0.0,0,0,0.0,5,0,0.0,60.36,0.0,0.06,8283,12.07,0.0,36.22,0.0
2020-07-08,Minas Gerais,Pains,0.0,0,0,0.0,5,0,0.0,60.36,0.0,0.06,8283,12.07,0.0,36.22,0.0
2020-07-07,Minas Gerais,Pains,12.07,1,0,0.0,5,0,0.0,60.36,0.0,0.06,8283,12.07,12.07,36.22,12.07
2020-07-06,Minas Gerais,Pains,0.0,0,0,0.0,4,0,0.0,48.29,0.0,0.05,8283,0.0,-24.15,24.15,0.0
2020-07-05,Minas Gerais,Pains,0.0,0,0,0.0,4,0,0.0,48.29,0.0,0.05,8283,24.15,0.0,24.15,0.0
2020-07-04,Minas Gerais,Pains,0.0,0,0,0.0,4,0,0.0,48.29,0.0,0.05,8283,24.15,0.0,24.15,0.0
2020-07-03,Minas Gerais,Pains,0.0,0,0,0.0,4,0,0.0,48.29,0.0,0.05,8283,24.15,0.0,24.15,0.0
2020-07-02,Minas Gerais,Pains,0.0,0,0,0.0,4,0,0.0,48.29,0.0,0.05,8283,24.15,0.0,24.15,0.0
2020-07-01,Minas Gerais,Pains,0.0,0,0,0.0,4,0,0.0,48.29,0.0,0.05,8283,24.15,0.0,24.15,0.0
2020-06-30,Minas Gerais,Pains,0.0,0,0,0.0,4,0,0.0,48.29,0.0,0.05,8283,24.15,0.0,24.15,0.0
2020-06-29,Minas Gerais,Pains,24.15,2,0,0.0,4,0,0.0,48.29,0.0,0.05,8283,24.15,24.15,24.15,24.15
2020-06-28,Minas Gerais,Pains,0.0,0,0,0.0,2,0,0.0,24.15,0.0,0.02,8283,0.0,0.0,0.0,0.0
2020-06-27,Minas Gerais,Pains,0.0,0,0,0.0,2,0,0.0,24.15,0.0,0.02,8283,0.0,0.0,0.0,0.0
2020-06-26,Minas Gerais,Pains,0.0,0,0,0.0,2,0,0.0,24.15,0.0,0.02,8283,0.0,0.0,0.0,0.0
