date,state,city,1day_cases_100k,new_cases,new_deaths,new_deaths_100k,total_cases,total_deaths,cfr%,total_cases_100k,total_deaths_100k,%infected,population,7day_cases_100k,7day_cases_change,28day_cases_100k,28day_cases_change
2020-09-29,Minas Gerais,Sacramento,0.0,0,0,0.0,707,17,2.4,2700.02,64.92,2.7,26185,297.88,-76.38,1382.48,0.0
2020-09-28,Minas Gerais,Sacramento,95.47,25,1,3.82,707,17,2.4,2700.02,64.92,2.7,26185,374.26,95.47,1382.48,95.47
2020-09-27,Minas Gerais,Sacramento,0.0,0,0,0.0,682,16,2.35,2604.54,61.1,2.6,26185,278.79,0.0,1287.01,-61.1
2020-09-26,Minas Gerais,Sacramento,0.0,0,0,0.0,682,16,2.35,2604.54,61.1,2.6,26185,278.79,-22.91,1348.11,-114.57
2020-09-25,Minas Gerais,Sacramento,38.19,10,1,3.82,682,16,2.35,2604.54,61.1,2.6,26185,301.7,11.46,1462.68,22.91
2020-09-24,Minas Gerais,Sacramento,45.83,12,0,0.0,672,15,2.23,2566.35,57.28,2.57,26185,290.24,42.01,1439.77,38.19
2020-09-23,Minas Gerais,Sacramento,118.39,31,1,3.82,660,15,2.27,2520.53,57.28,2.52,26185,248.23,72.56,1401.58,0.0
2020-09-21,Minas Gerais,Sacramento,76.38,20,0,0.0,629,14,2.23,2402.14,53.47,2.4,26185,175.67,76.38,1401.58,76.38
2020-09-20,Minas Gerais,Sacramento,0.0,0,0,0.0,609,14,2.3,2325.76,53.47,2.33,26185,99.29,0.0,1325.2,0.0
2020-09-19,Minas Gerais,Sacramento,0.0,0,0,0.0,609,14,2.3,2325.76,53.47,2.33,26185,99.29,-53.47,1325.2,-38.19
2020-09-18,Minas Gerais,Sacramento,22.91,6,3,11.46,609,14,2.3,2325.76,53.47,2.33,26185,152.76,7.63,1363.39,-49.65
2020-09-16,Minas Gerais,Sacramento,26.73,7,0,0.0,603,11,1.82,2302.85,42.01,2.3,26185,145.13,26.73,1413.04,-106.93
2020-09-15,Minas Gerais,Sacramento,3.82,1,0,0.0,596,11,1.85,2276.11,42.01,2.28,26185,118.4,0.0,1519.97,-11.46
2020-09-14,Minas Gerais,Sacramento,45.83,12,1,3.82,595,11,1.85,2272.29,42.01,2.27,26185,118.4,-267.33,1531.43,3.82
2020-09-13,Minas Gerais,Sacramento,0.0,0,0,0.0,583,10,1.72,2226.47,38.19,2.23,26185,385.73,0.0,1527.61,0.0
2020-09-12,Minas Gerais,Sacramento,0.0,0,0,0.0,583,10,1.72,2226.47,38.19,2.23,26185,385.73,0.0,1527.61,0.0
2020-09-11,Minas Gerais,Sacramento,53.47,14,-1,-3.82,583,10,1.72,2226.47,38.19,2.23,26185,385.73,-129.84,1527.61,-38.19
2020-09-10,Minas Gerais,Sacramento,15.28,4,1,3.82,569,11,1.93,2173.0,42.01,2.17,26185,515.57,-38.19,1565.8,-110.75
2020-09-09,Minas Gerais,Sacramento,0.0,0,0,0.0,565,10,1.77,2157.72,38.19,2.16,26185,553.76,-68.74,1676.55,0.0
2020-09-08,Minas Gerais,Sacramento,3.82,1,0,0.0,565,10,1.77,2157.72,38.19,2.16,26185,622.5,-152.76,1676.55,-7.64
2020-09-07,Minas Gerais,Sacramento,313.16,82,0,0.0,564,10,1.77,2153.9,38.19,2.15,26185,775.26,252.06,1684.19,252.06
2020-09-06,Minas Gerais,Sacramento,0.0,0,0,0.0,482,10,2.07,1840.75,38.19,1.84,26185,523.2,0.0,1432.13,0.0
2020-09-05,Minas Gerais,Sacramento,0.0,0,0,0.0,482,10,2.07,1840.75,38.19,1.84,26185,523.2,0.0,1432.13,-26.73
2020-09-04,Minas Gerais,Sacramento,183.31,48,0,0.0,482,10,2.07,1840.75,38.19,1.84,26185,523.2,122.21,1458.86,99.29
2020-09-03,Minas Gerais,Sacramento,53.47,14,1,3.82,434,10,2.3,1657.44,38.19,1.66,26185,400.99,-61.1,1359.57,-3.81
2020-09-02,Minas Gerais,Sacramento,68.74,18,0,0.0,420,9,2.14,1603.97,34.37,1.6,26185,462.09,53.46,1363.38,57.28
2020-09-01,Minas Gerais,Sacramento,156.58,41,0,0.0,402,9,2.24,1535.23,34.37,1.54,26185,408.63,148.94,1306.1,118.39
2020-08-31,Minas Gerais,Sacramento,61.1,16,2,7.64,361,9,2.49,1378.65,34.37,1.38,26185,259.69,-57.29,1187.71,49.64
2020-08-30,Minas Gerais,Sacramento,0.0,0,0,0.0,345,7,2.03,1317.55,26.73,1.32,26185,316.98,0.0,1138.07,-3.82
2020-08-29,Minas Gerais,Sacramento,0.0,0,0,0.0,345,7,2.03,1317.55,26.73,1.32,26185,316.98,0.0,1141.89,0.0
2020-08-28,Minas Gerais,Sacramento,61.1,16,0,0.0,345,7,2.03,1317.55,26.73,1.32,26185,316.98,22.91,1141.89,57.28
2020-08-27,Minas Gerais,Sacramento,114.57,30,4,15.28,329,7,2.13,1256.44,26.73,1.26,26185,294.07,42.01,1084.61,99.29
2020-08-26,Minas Gerais,Sacramento,15.28,4,-1,-3.82,299,3,1.0,1141.88,11.46,1.14,26185,252.06,-118.38,985.32,0.0
2020-08-25,Minas Gerais,Sacramento,7.64,2,1,3.82,295,4,1.36,1126.6,15.28,1.13,26185,370.44,-7.64,985.32,-11.45
2020-08-24,Minas Gerais,Sacramento,118.39,31,0,0.0,293,3,1.02,1118.96,11.46,1.12,26185,378.08,76.38,996.77,110.75
2020-08-23,Minas Gerais,Sacramento,0.0,0,0,0.0,262,3,1.15,1000.57,11.46,1.0,26185,301.7,0.0,886.02,0.0
2020-08-22,Minas Gerais,Sacramento,0.0,0,0,0.0,262,3,1.15,1000.57,11.46,1.0,26185,301.7,0.0,886.02,-3.82
2020-08-21,Minas Gerais,Sacramento,38.19,10,2,7.64,262,3,1.15,1000.57,11.46,1.0,26185,301.7,-53.47,889.84,38.19
2020-08-20,Minas Gerais,Sacramento,72.56,19,0,0.0,252,1,0.4,962.38,3.82,0.96,26185,355.17,-53.47,851.65,61.1
2020-08-19,Minas Gerais,Sacramento,133.66,35,0,0.0,233,1,0.43,889.82,3.82,0.89,26185,408.64,133.66,790.55,118.38
2020-08-18,Minas Gerais,Sacramento,15.28,4,0,0.0,198,1,0.51,756.16,3.82,0.76,26185,274.98,3.82,672.17,-7.63
2020-08-17,Minas Gerais,Sacramento,42.01,11,1,3.82,194,1,0.52,740.88,3.82,0.74,26185,271.16,-19.09,679.8,42.01
2020-08-16,Minas Gerais,Sacramento,0.0,0,0,0.0,183,0,0.0,698.87,0.0,0.7,26185,290.25,0.0,637.79,0.0
2020-08-15,Minas Gerais,Sacramento,0.0,0,0,0.0,183,0,0.0,698.87,0.0,0.7,26185,290.25,-26.73,637.79,0.0
2020-08-14,Minas Gerais,Sacramento,91.66,24,0,0.0,183,0,0.0,698.87,0.0,0.7,26185,316.98,7.64,637.79,87.84
2020-08-13,Minas Gerais,Sacramento,126.03,33,0,0.0,159,0,0.0,607.22,0.0,0.61,26185,309.34,68.75,549.95,126.03
2020-08-12,Minas Gerais,Sacramento,0.0,0,0,0.0,126,0,0.0,481.19,0.0,0.48,26185,240.59,-11.46,423.92,0.0
2020-08-11,Minas Gerais,Sacramento,11.46,3,0,0.0,126,0,0.0,481.19,0.0,0.48,26185,252.05,-26.73,423.92,11.46
2020-08-10,Minas Gerais,Sacramento,61.1,16,0,0.0,123,0,0.0,469.73,0.0,0.47,26185,278.78,49.64,412.46,53.46
2020-08-08,Minas Gerais,Sacramento,0.0,0,0,0.0,107,0,0.0,408.63,0.0,0.41,26185,229.14,-3.82,359.0,0.0
2020-08-07,Minas Gerais,Sacramento,26.73,7,0,0.0,107,0,0.0,408.63,0.0,0.41,26185,232.96,26.73,359.0,26.73
2020-08-06,Minas Gerais,Sacramento,84.02,22,0,0.0,100,0,0.0,381.9,0.0,0.38,26185,206.23,80.2,332.27,84.02
2020-08-03,Minas Gerais,Sacramento,57.28,15,0,0.0,78,0,0.0,297.88,0.0,0.3,26185,126.03,42.0,248.25,53.46
2020-07-31,Minas Gerais,Sacramento,11.46,3,0,0.0,63,0,0.0,240.6,0.0,0.24,26185,84.03,-3.82,194.79,7.64
2020-07-30,Minas Gerais,Sacramento,38.19,10,0,0.0,60,0,0.0,229.14,0.0,0.23,26185,87.85,19.1,187.15,38.19
2020-07-29,Minas Gerais,Sacramento,11.46,3,0,0.0,50,0,0.0,190.95,0.0,0.19,26185,68.75,3.82,148.96,7.64
2020-07-28,Minas Gerais,Sacramento,3.82,1,0,0.0,47,0,0.0,179.49,0.0,0.18,26185,64.93,3.82,141.32,3.82
2020-07-27,Minas Gerais,Sacramento,0.0,0,0,0.0,46,0,0.0,175.67,0.0,0.18,26185,61.11,-3.82,137.5,0.0
2020-07-26,Minas Gerais,Sacramento,3.82,1,0,0.0,46,0,0.0,175.67,0.0,0.18,26185,64.93,3.82,137.5,-7.64
2020-07-25,Minas Gerais,Sacramento,15.28,4,0,0.0,45,0,0.0,171.85,0.0,0.17,26185,61.11,3.82,145.14,11.46
2020-07-24,Minas Gerais,Sacramento,15.28,4,0,0.0,41,0,0.0,156.58,0.0,0.16,26185,57.29,0.0,133.68,11.46
2020-07-23,Minas Gerais,Sacramento,19.09,5,0,0.0,37,0,0.0,141.3,0.0,0.14,26185,57.29,-3.82,122.22,11.45
2020-07-22,Minas Gerais,Sacramento,7.64,2,0,0.0,32,0,0.0,122.21,0.0,0.12,26185,61.11,7.64,110.77,7.64
2020-07-21,Minas Gerais,Sacramento,0.0,0,0,0.0,30,0,0.0,114.57,0.0,0.11,26185,53.47,0.0,103.13,-3.82
2020-07-20,Minas Gerais,Sacramento,3.82,1,0,0.0,30,0,0.0,114.57,0.0,0.11,26185,53.47,3.82,106.95,3.82
2020-07-19,Minas Gerais,Sacramento,0.0,0,0,0.0,29,0,0.0,110.75,0.0,0.11,26185,49.65,-3.82,103.13,0.0
2020-07-18,Minas Gerais,Sacramento,11.46,3,0,0.0,29,0,0.0,110.75,0.0,0.11,26185,53.47,11.46,103.13,11.46
2020-07-17,Minas Gerais,Sacramento,15.28,4,0,0.0,26,0,0.0,99.29,0.0,0.1,26185,42.01,15.28,91.67,15.28
2020-07-16,Minas Gerais,Sacramento,22.91,6,0,0.0,22,0,0.0,84.02,0.0,0.08,26185,26.73,22.91,76.39,19.09
2020-07-15,Minas Gerais,Sacramento,0.0,0,0,0.0,16,0,0.0,61.1,0.0,0.06,26185,3.82,-7.64,57.3,0.0
2020-07-14,Minas Gerais,Sacramento,0.0,0,0,0.0,16,0,0.0,61.1,0.0,0.06,26185,11.46,0.0,57.3,0.0
2020-07-13,Minas Gerais,Sacramento,0.0,0,0,0.0,16,0,0.0,61.1,0.0,0.06,26185,11.46,0.0,57.3,0.0
2020-07-12,Minas Gerais,Sacramento,3.82,1,0,0.0,16,0,0.0,61.1,0.0,0.06,26185,11.46,3.82,57.3,3.82
2020-07-11,Minas Gerais,Sacramento,0.0,0,0,0.0,15,0,0.0,57.28,0.0,0.06,26185,7.64,-3.82,53.48,0.0
2020-07-10,Minas Gerais,Sacramento,0.0,0,0,0.0,15,0,0.0,57.28,0.0,0.06,26185,11.46,-3.82,53.48,0.0
2020-07-09,Minas Gerais,Sacramento,0.0,0,0,0.0,15,0,0.0,57.28,0.0,0.06,26185,15.28,0.0,53.48,0.0
2020-07-08,Minas Gerais,Sacramento,7.64,2,0,0.0,15,0,0.0,57.28,0.0,0.06,26185,15.28,3.82,53.48,7.64
2020-07-07,Minas Gerais,Sacramento,0.0,0,0,0.0,13,0,0.0,49.65,0.0,0.05,26185,11.46,0.0,45.84,0.0
2020-07-06,Minas Gerais,Sacramento,0.0,0,0,0.0,13,0,0.0,49.65,0.0,0.05,26185,11.46,0.0,45.84,0.0
2020-07-05,Minas Gerais,Sacramento,0.0,0,0,0.0,13,0,0.0,49.65,0.0,0.05,26185,11.46,-11.46,45.84,0.0
2020-07-04,Minas Gerais,Sacramento,3.82,1,0,0.0,13,0,0.0,49.65,0.0,0.05,26185,22.92,0.0,45.84,3.82
2020-07-03,Minas Gerais,Sacramento,3.82,1,0,0.0,12,0,0.0,45.83,0.0,0.05,26185,22.92,0.0,42.02,3.82
2020-07-02,Minas Gerais,Sacramento,0.0,0,0,0.0,11,0,0.0,42.01,0.0,0.04,26185,22.92,-7.64,38.2,0.0
2020-07-01,Minas Gerais,Sacramento,3.82,1,0,0.0,11,0,0.0,42.01,0.0,0.04,26185,30.56,3.82,38.2,3.82
2020-06-30,Minas Gerais,Sacramento,0.0,0,0,0.0,10,0,0.0,38.19,0.0,0.04,26185,26.74,-3.82,34.38,0.0
2020-06-29,Minas Gerais,Sacramento,0.0,0,0,0.0,10,0,0.0,38.19,0.0,0.04,26185,30.56,0.0,34.38,0.0
2020-06-28,Minas Gerais,Sacramento,11.46,3,0,0.0,10,0,0.0,38.19,0.0,0.04,26185,30.56,11.46,34.38,11.46
2020-06-27,Minas Gerais,Sacramento,3.82,1,0,0.0,7,0,0.0,26.73,0.0,0.03,26185,19.1,3.82,22.92,3.82
2020-06-26,Minas Gerais,Sacramento,3.82,1,0,0.0,6,0,0.0,22.91,0.0,0.02,26185,15.28,3.82,19.1,3.82
2020-06-25,Minas Gerais,Sacramento,7.64,2,0,0.0,5,0,0.0,19.09,0.0,0.02,26185,11.46,3.82,15.28,7.64
2020-06-24,Minas Gerais,Sacramento,0.0,0,0,0.0,3,0,0.0,11.46,0.0,0.01,26185,7.64,0.0,7.64,0.0
2020-06-23,Minas Gerais,Sacramento,3.82,1,0,0.0,3,0,0.0,11.46,0.0,0.01,26185,7.64,3.82,7.64,7.64
2020-06-22,Minas Gerais,Sacramento,0.0,0,0,0.0,2,0,0.0,7.64,0.0,0.01,26185,3.82,0.0,0.0,0.0
2020-06-21,Minas Gerais,Sacramento,0.0,0,0,0.0,2,0,0.0,7.64,0.0,0.01,26185,3.82,0.0,0.0,0.0
2020-06-20,Minas Gerais,Sacramento,0.0,0,0,0.0,2,0,0.0,7.64,0.0,0.01,26185,3.82,0.0,0.0,0.0
2020-06-19,Minas Gerais,Sacramento,0.0,0,0,0.0,2,0,0.0,7.64,0.0,0.01,26185,3.82,0.0,0.0,0.0
2020-06-18,Minas Gerais,Sacramento,3.82,1,0,0.0,2,0,0.0,7.64,0.0,0.01,26185,3.82,3.82,0.0,3.82
2020-06-17,Minas Gerais,Sacramento,0.0,0,0,0.0,1,0,0.0,3.82,0.0,0.0,26185,0.0,0.0,-3.82,0.0
2020-06-16,Minas Gerais,Sacramento,0.0,0,0,0.0,1,0,0.0,3.82,0.0,0.0,26185,0.0,0.0,-3.82,0.0
2020-06-15,Minas Gerais,Sacramento,0.0,0,0,0.0,1,0,0.0,3.82,0.0,0.0,26185,0.0,0.0,-3.82,0.0
2020-06-14,Minas Gerais,Sacramento,0.0,0,0,0.0,1,0,0.0,3.82,0.0,0.0,26185,0.0,0.0,-3.82,0.0
2020-06-13,Minas Gerais,Sacramento,0.0,0,0,0.0,1,0,0.0,3.82,0.0,0.0,26185,0.0,0.0,-3.82,-3.82
2020-06-12,Minas Gerais,Sacramento,0.0,0,0,0.0,1,0,0.0,3.82,0.0,0.0,26185,0.0,0.0,0.0,0.0
2020-06-11,Minas Gerais,Sacramento,0.0,0,0,0.0,1,0,0.0,3.82,0.0,0.0,26185,0.0,0.0,0.0,0.0
2020-06-10,Minas Gerais,Sacramento,0.0,0,0,0.0,1,0,0.0,3.82,0.0,0.0,26185,0.0,0.0,0.0,0.0
2020-06-09,Minas Gerais,Sacramento,0.0,0,0,0.0,1,0,0.0,3.82,0.0,0.0,26185,0.0,0.0,0.0,0.0
2020-06-08,Minas Gerais,Sacramento,0.0,0,0,0.0,1,0,0.0,3.82,0.0,0.0,26185,0.0,0.0,0.0,0.0
2020-06-07,Minas Gerais,Sacramento,0.0,0,0,0.0,1,0,0.0,3.82,0.0,0.0,26185,0.0,0.0,0.0,0.0
2020-06-06,Minas Gerais,Sacramento,0.0,0,0,0.0,1,0,0.0,3.82,0.0,0.0,26185,0.0,0.0,0.0,0.0
2020-06-05,Minas Gerais,Sacramento,0.0,0,0,0.0,1,0,0.0,3.82,0.0,0.0,26185,0.0,0.0,0.0,0.0
2020-06-04,Minas Gerais,Sacramento,0.0,0,0,0.0,1,0,0.0,3.82,0.0,0.0,26185,0.0,0.0,0.0,0.0
2020-06-03,Minas Gerais,Sacramento,0.0,0,0,0.0,1,0,0.0,3.82,0.0,0.0,26185,0.0,0.0,0.0,0.0
2020-06-02,Minas Gerais,Sacramento,0.0,0,0,0.0,1,0,0.0,3.82,0.0,0.0,26185,0.0,3.82,0.0,0.0
2020-06-01,Minas Gerais,Sacramento,0.0,0,0,0.0,1,0,0.0,3.82,0.0,0.0,26185,-3.82,0.0,0.0,0.0
2020-05-31,Minas Gerais,Sacramento,0.0,0,0,0.0,1,0,0.0,3.82,0.0,0.0,26185,-3.82,0.0,0.0,0.0
2020-05-30,Minas Gerais,Sacramento,0.0,0,0,0.0,1,0,0.0,3.82,0.0,0.0,26185,-3.82,0.0,0.0,0.0
2020-05-29,Minas Gerais,Sacramento,0.0,0,0,0.0,1,0,0.0,3.82,0.0,0.0,26185,-3.82,0.0,0.0,0.0
2020-05-28,Minas Gerais,Sacramento,0.0,0,0,0.0,1,0,0.0,3.82,0.0,0.0,26185,-3.82,0.0,0.0,0.0
2020-05-27,Minas Gerais,Sacramento,0.0,0,0,0.0,1,0,0.0,3.82,0.0,0.0,26185,-3.82,0.0,0.0,0.0
2020-05-26,Minas Gerais,Sacramento,-3.82,-1,0,0.0,1,0,0.0,3.82,0.0,0.0,26185,-3.82,-3.82,0.0,-3.82
2020-05-25,Minas Gerais,Sacramento,0.0,0,0,0.0,2,0,0.0,7.64,0.0,0.01,26185,0.0,0.0,3.82,0.0
2020-05-24,Minas Gerais,Sacramento,0.0,0,0,0.0,2,0,0.0,7.64,0.0,0.01,26185,0.0,0.0,3.82,0.0
2020-05-23,Minas Gerais,Sacramento,0.0,0,0,0.0,2,0,0.0,7.64,0.0,0.01,26185,0.0,-3.82,3.82,0.0
2020-05-22,Minas Gerais,Sacramento,0.0,0,0,0.0,2,0,0.0,7.64,0.0,0.01,26185,3.82,0.0,3.82,0.0
2020-05-21,Minas Gerais,Sacramento,0.0,0,0,0.0,2,0,0.0,7.64,0.0,0.01,26185,3.82,0.0,3.82,0.0
2020-05-20,Minas Gerais,Sacramento,0.0,0,0,0.0,2,0,0.0,7.64,0.0,0.01,26185,3.82,0.0,3.82,0.0
2020-05-19,Minas Gerais,Sacramento,0.0,0,0,0.0,2,0,0.0,7.64,0.0,0.01,26185,3.82,0.0,3.82,0.0
2020-05-18,Minas Gerais,Sacramento,0.0,0,0,0.0,2,0,0.0,7.64,0.0,0.01,26185,3.82,0.0,3.82,0.0
2020-05-17,Minas Gerais,Sacramento,0.0,0,0,0.0,2,0,0.0,7.64,0.0,0.01,26185,3.82,0.0,3.82,0.0
2020-05-16,Minas Gerais,Sacramento,3.82,1,0,0.0,2,0,0.0,7.64,0.0,0.01,26185,3.82,3.82,3.82,3.82
2020-05-15,Minas Gerais,Sacramento,0.0,0,0,0.0,1,0,0.0,3.82,0.0,0.0,26185,0.0,0.0,0.0,0.0
2020-05-14,Minas Gerais,Sacramento,0.0,0,0,0.0,1,0,0.0,3.82,0.0,0.0,26185,0.0,0.0,0.0,0.0
2020-05-13,Minas Gerais,Sacramento,0.0,0,0,0.0,1,0,0.0,3.82,0.0,0.0,26185,0.0,0.0,0.0,0.0
2020-05-12,Minas Gerais,Sacramento,0.0,0,0,0.0,1,0,0.0,3.82,0.0,0.0,26185,0.0,0.0,0.0,0.0
2020-05-11,Minas Gerais,Sacramento,0.0,0,0,0.0,1,0,0.0,3.82,0.0,0.0,26185,0.0,0.0,0.0,0.0
