date,state,county,1day_cases_100k,new_cases,new_deaths,new_deaths_100k,total_cases,total_deaths,cfr%,total_cases_100k,total_deaths_100k,%infected,population,pop_density
2020-08-26,Illinois,Livingston,-2.8,-1,1,2.8,172,4,2.33,480.97,11.19,0.48,35761,34.27
2020-08-25,Illinois,Livingston,8.39,3,0,0.0,173,3,1.73,483.77,8.39,0.48,35761,34.27
2020-08-24,Illinois,Livingston,11.19,4,0,0.0,170,3,1.76,475.38,8.39,0.48,35761,34.27
2020-08-23,Illinois,Livingston,2.8,1,0,0.0,166,3,1.81,464.19,8.39,0.46,35761,34.27
2020-08-22,Illinois,Livingston,22.37,8,0,0.0,165,3,1.82,461.4,8.39,0.46,35761,34.27
2020-08-21,Illinois,Livingston,0.0,0,0,0.0,157,3,1.91,439.03,8.39,0.44,35761,34.27
2020-08-20,Illinois,Livingston,13.98,5,0,0.0,157,3,1.91,439.03,8.39,0.44,35761,34.27
2020-08-19,Illinois,Livingston,2.8,1,0,0.0,152,3,1.97,425.04,8.39,0.43,35761,34.27
2020-08-18,Illinois,Livingston,0.0,0,0,0.0,151,3,1.99,422.25,8.39,0.42,35761,34.27
2020-08-17,Illinois,Livingston,2.8,1,0,0.0,151,3,1.99,422.25,8.39,0.42,35761,34.27
2020-08-16,Illinois,Livingston,19.57,7,0,0.0,150,3,2.0,419.45,8.39,0.42,35761,34.27
2020-08-15,Illinois,Livingston,8.39,3,0,0.0,143,3,2.1,399.88,8.39,0.4,35761,34.27
2020-08-14,Illinois,Livingston,16.78,6,0,0.0,140,3,2.14,391.49,8.39,0.39,35761,34.27
2020-08-13,Illinois,Livingston,11.19,4,0,0.0,134,3,2.24,374.71,8.39,0.37,35761,34.27
2020-08-12,Illinois,Livingston,22.37,8,0,0.0,130,3,2.31,363.52,8.39,0.36,35761,34.27
2020-08-11,Illinois,Livingston,16.78,6,1,2.8,122,3,2.46,341.15,8.39,0.34,35761,34.27
2020-08-10,Illinois,Livingston,2.8,1,0,0.0,116,2,1.72,324.38,5.59,0.32,35761,34.27
2020-08-09,Illinois,Livingston,13.98,5,0,0.0,115,2,1.74,321.58,5.59,0.32,35761,34.27
2020-08-08,Illinois,Livingston,13.98,5,0,0.0,110,2,1.82,307.6,5.59,0.31,35761,34.27
2020-08-07,Illinois,Livingston,5.59,2,0,0.0,105,2,1.9,293.62,5.59,0.29,35761,34.27
2020-08-06,Illinois,Livingston,11.19,4,0,0.0,103,2,1.94,288.02,5.59,0.29,35761,34.27
2020-08-05,Illinois,Livingston,8.39,3,0,0.0,99,2,2.02,276.84,5.59,0.28,35761,34.27
2020-08-04,Illinois,Livingston,11.19,4,0,0.0,96,2,2.08,268.45,5.59,0.27,35761,34.27
2020-08-03,Illinois,Livingston,0.0,0,0,0.0,92,2,2.17,257.26,5.59,0.26,35761,34.27
2020-08-02,Illinois,Livingston,0.0,0,0,0.0,92,2,2.17,257.26,5.59,0.26,35761,34.27
2020-08-01,Illinois,Livingston,19.57,7,0,0.0,92,2,2.17,257.26,5.59,0.26,35761,34.27
2020-07-31,Illinois,Livingston,5.59,2,0,0.0,85,2,2.35,237.69,5.59,0.24,35761,34.27
2020-07-30,Illinois,Livingston,11.19,4,0,0.0,83,2,2.41,232.1,5.59,0.23,35761,34.27
2020-07-29,Illinois,Livingston,8.39,3,0,0.0,79,2,2.53,220.91,5.59,0.22,35761,34.27
2020-07-28,Illinois,Livingston,5.59,2,0,0.0,76,2,2.63,212.52,5.59,0.21,35761,34.27
2020-07-27,Illinois,Livingston,8.39,3,0,0.0,74,2,2.7,206.93,5.59,0.21,35761,34.27
2020-07-26,Illinois,Livingston,5.59,2,0,0.0,71,2,2.82,198.54,5.59,0.2,35761,34.27
2020-07-25,Illinois,Livingston,8.39,3,0,0.0,69,2,2.9,192.95,5.59,0.19,35761,34.27
2020-07-24,Illinois,Livingston,2.8,1,0,0.0,66,2,3.03,184.56,5.59,0.18,35761,34.27
2020-07-23,Illinois,Livingston,5.59,2,0,0.0,65,2,3.08,181.76,5.59,0.18,35761,34.27
2020-07-22,Illinois,Livingston,5.59,2,0,0.0,63,2,3.17,176.17,5.59,0.18,35761,34.27
2020-07-21,Illinois,Livingston,2.8,1,0,0.0,61,2,3.28,170.58,5.59,0.17,35761,34.27
2020-07-20,Illinois,Livingston,0.0,0,0,0.0,60,2,3.33,167.78,5.59,0.17,35761,34.27
2020-07-19,Illinois,Livingston,5.59,2,0,0.0,60,2,3.33,167.78,5.59,0.17,35761,34.27
2020-07-18,Illinois,Livingston,0.0,0,0,0.0,58,2,3.45,162.19,5.59,0.16,35761,34.27
2020-07-17,Illinois,Livingston,2.8,1,0,0.0,58,2,3.45,162.19,5.59,0.16,35761,34.27
2020-07-16,Illinois,Livingston,-2.8,-1,0,0.0,57,2,3.51,159.39,5.59,0.16,35761,34.27
2020-07-15,Illinois,Livingston,8.39,3,0,0.0,58,2,3.45,162.19,5.59,0.16,35761,34.27
2020-07-14,Illinois,Livingston,0.0,0,0,0.0,55,2,3.64,153.8,5.59,0.15,35761,34.27
2020-07-13,Illinois,Livingston,0.0,0,0,0.0,55,2,3.64,153.8,5.59,0.15,35761,34.27
2020-07-12,Illinois,Livingston,2.8,1,0,0.0,55,2,3.64,153.8,5.59,0.15,35761,34.27
2020-07-11,Illinois,Livingston,0.0,0,0,0.0,54,2,3.7,151.0,5.59,0.15,35761,34.27
2020-07-10,Illinois,Livingston,0.0,0,0,0.0,54,2,3.7,151.0,5.59,0.15,35761,34.27
2020-07-09,Illinois,Livingston,2.8,1,0,0.0,54,2,3.7,151.0,5.59,0.15,35761,34.27
2020-07-08,Illinois,Livingston,0.0,0,0,0.0,53,2,3.77,148.21,5.59,0.15,35761,34.27
2020-07-07,Illinois,Livingston,2.8,1,0,0.0,53,2,3.77,148.21,5.59,0.15,35761,34.27
2020-07-06,Illinois,Livingston,0.0,0,0,0.0,52,2,3.85,145.41,5.59,0.15,35761,34.27
2020-07-05,Illinois,Livingston,0.0,0,0,0.0,52,2,3.85,145.41,5.59,0.15,35761,34.27
2020-07-04,Illinois,Livingston,5.59,2,0,0.0,52,2,3.85,145.41,5.59,0.15,35761,34.27
2020-07-03,Illinois,Livingston,8.39,3,0,0.0,50,2,4.0,139.82,5.59,0.14,35761,34.27
2020-07-02,Illinois,Livingston,5.59,2,0,0.0,47,2,4.26,131.43,5.59,0.13,35761,34.27
2020-07-01,Illinois,Livingston,5.59,2,0,0.0,45,2,4.44,125.84,5.59,0.13,35761,34.27
2020-06-30,Illinois,Livingston,0.0,0,0,0.0,43,2,4.65,120.24,5.59,0.12,35761,34.27
2020-06-29,Illinois,Livingston,0.0,0,0,0.0,43,2,4.65,120.24,5.59,0.12,35761,34.27
2020-06-28,Illinois,Livingston,2.8,1,0,0.0,43,2,4.65,120.24,5.59,0.12,35761,34.27
2020-06-27,Illinois,Livingston,0.0,0,0,0.0,42,2,4.76,117.45,5.59,0.12,35761,34.27
2020-06-26,Illinois,Livingston,5.59,2,0,0.0,42,2,4.76,117.45,5.59,0.12,35761,34.27
2020-06-25,Illinois,Livingston,0.0,0,0,0.0,40,2,5.0,111.85,5.59,0.11,35761,34.27
2020-06-24,Illinois,Livingston,5.59,2,0,0.0,40,2,5.0,111.85,5.59,0.11,35761,34.27
2020-06-23,Illinois,Livingston,2.8,1,0,0.0,38,2,5.26,106.26,5.59,0.11,35761,34.27
2020-06-22,Illinois,Livingston,0.0,0,0,0.0,37,2,5.41,103.46,5.59,0.1,35761,34.27
2020-06-21,Illinois,Livingston,0.0,0,0,0.0,37,2,5.41,103.46,5.59,0.1,35761,34.27
2020-06-20,Illinois,Livingston,2.8,1,0,0.0,37,2,5.41,103.46,5.59,0.1,35761,34.27
2020-06-19,Illinois,Livingston,2.8,1,0,0.0,36,2,5.56,100.67,5.59,0.1,35761,34.27
2020-06-18,Illinois,Livingston,0.0,0,0,0.0,35,2,5.71,97.87,5.59,0.1,35761,34.27
2020-06-17,Illinois,Livingston,0.0,0,0,0.0,35,2,5.71,97.87,5.59,0.1,35761,34.27
2020-06-16,Illinois,Livingston,-5.59,-2,0,0.0,35,2,5.71,97.87,5.59,0.1,35761,34.27
2020-06-15,Illinois,Livingston,-5.59,-2,0,0.0,37,2,5.41,103.46,5.59,0.1,35761,34.27
2020-06-14,Illinois,Livingston,5.59,2,0,0.0,39,2,5.13,109.06,5.59,0.11,35761,34.27
2020-06-13,Illinois,Livingston,2.8,1,0,0.0,37,2,5.41,103.46,5.59,0.1,35761,34.27
2020-06-12,Illinois,Livingston,0.0,0,0,0.0,36,2,5.56,100.67,5.59,0.1,35761,34.27
2020-06-11,Illinois,Livingston,0.0,0,0,0.0,36,2,5.56,100.67,5.59,0.1,35761,34.27
2020-06-10,Illinois,Livingston,0.0,0,0,0.0,36,2,5.56,100.67,5.59,0.1,35761,34.27
2020-06-09,Illinois,Livingston,0.0,0,0,0.0,36,2,5.56,100.67,5.59,0.1,35761,34.27
2020-06-08,Illinois,Livingston,0.0,0,0,0.0,36,2,5.56,100.67,5.59,0.1,35761,34.27
2020-06-07,Illinois,Livingston,0.0,0,0,0.0,36,2,5.56,100.67,5.59,0.1,35761,34.27
2020-06-06,Illinois,Livingston,0.0,0,0,0.0,36,2,5.56,100.67,5.59,0.1,35761,34.27
2020-06-05,Illinois,Livingston,0.0,0,0,0.0,36,2,5.56,100.67,5.59,0.1,35761,34.27
2020-06-04,Illinois,Livingston,0.0,0,0,0.0,36,2,5.56,100.67,5.59,0.1,35761,34.27
2020-06-03,Illinois,Livingston,5.59,2,0,0.0,36,2,5.56,100.67,5.59,0.1,35761,34.27
2020-06-02,Illinois,Livingston,0.0,0,0,0.0,34,2,5.88,95.08,5.59,0.1,35761,34.27
2020-06-01,Illinois,Livingston,0.0,0,0,0.0,34,2,5.88,95.08,5.59,0.1,35761,34.27
2020-05-31,Illinois,Livingston,0.0,0,0,0.0,34,2,5.88,95.08,5.59,0.1,35761,34.27
2020-05-30,Illinois,Livingston,5.59,2,0,0.0,34,2,5.88,95.08,5.59,0.1,35761,34.27
2020-05-29,Illinois,Livingston,0.0,0,0,0.0,32,2,6.25,89.48,5.59,0.09,35761,34.27
2020-05-28,Illinois,Livingston,2.8,1,0,0.0,32,2,6.25,89.48,5.59,0.09,35761,34.27
2020-05-27,Illinois,Livingston,0.0,0,0,0.0,31,2,6.45,86.69,5.59,0.09,35761,34.27
2020-05-26,Illinois,Livingston,0.0,0,0,0.0,31,2,6.45,86.69,5.59,0.09,35761,34.27
2020-05-25,Illinois,Livingston,0.0,0,0,0.0,31,2,6.45,86.69,5.59,0.09,35761,34.27
2020-05-24,Illinois,Livingston,0.0,0,0,0.0,31,2,6.45,86.69,5.59,0.09,35761,34.27
2020-05-23,Illinois,Livingston,2.8,1,0,0.0,31,2,6.45,86.69,5.59,0.09,35761,34.27
2020-05-22,Illinois,Livingston,2.8,1,0,0.0,30,2,6.67,83.89,5.59,0.08,35761,34.27
2020-05-21,Illinois,Livingston,2.8,1,1,2.8,29,2,6.9,81.09,5.59,0.08,35761,34.27
2020-05-20,Illinois,Livingston,2.8,1,0,0.0,28,1,3.57,78.3,2.8,0.08,35761,34.27
2020-05-19,Illinois,Livingston,0.0,0,0,0.0,27,1,3.7,75.5,2.8,0.08,35761,34.27
2020-05-18,Illinois,Livingston,2.8,1,0,0.0,27,1,3.7,75.5,2.8,0.08,35761,34.27
2020-05-17,Illinois,Livingston,2.8,1,0,0.0,26,1,3.85,72.7,2.8,0.07,35761,34.27
2020-05-16,Illinois,Livingston,0.0,0,0,0.0,25,1,4.0,69.91,2.8,0.07,35761,34.27
2020-05-15,Illinois,Livingston,0.0,0,0,0.0,25,1,4.0,69.91,2.8,0.07,35761,34.27
2020-05-14,Illinois,Livingston,0.0,0,0,0.0,25,1,4.0,69.91,2.8,0.07,35761,34.27
2020-05-13,Illinois,Livingston,0.0,0,0,0.0,25,1,4.0,69.91,2.8,0.07,35761,34.27
2020-05-12,Illinois,Livingston,2.8,1,0,0.0,25,1,4.0,69.91,2.8,0.07,35761,34.27
2020-05-11,Illinois,Livingston,0.0,0,0,0.0,24,1,4.17,67.11,2.8,0.07,35761,34.27
2020-05-10,Illinois,Livingston,0.0,0,0,0.0,24,1,4.17,67.11,2.8,0.07,35761,34.27
2020-05-09,Illinois,Livingston,0.0,0,0,0.0,24,1,4.17,67.11,2.8,0.07,35761,34.27
2020-05-08,Illinois,Livingston,0.0,0,0,0.0,24,1,4.17,67.11,2.8,0.07,35761,34.27
2020-05-07,Illinois,Livingston,2.8,1,0,0.0,24,1,4.17,67.11,2.8,0.07,35761,34.27
2020-05-06,Illinois,Livingston,0.0,0,0,0.0,23,1,4.35,64.32,2.8,0.06,35761,34.27
2020-05-05,Illinois,Livingston,0.0,0,0,0.0,23,1,4.35,64.32,2.8,0.06,35761,34.27
2020-05-04,Illinois,Livingston,-2.8,-1,0,0.0,23,1,4.35,64.32,2.8,0.06,35761,34.27
2020-05-03,Illinois,Livingston,8.39,3,0,0.0,24,1,4.17,67.11,2.8,0.07,35761,34.27
2020-05-02,Illinois,Livingston,2.8,1,0,0.0,21,1,4.76,58.72,2.8,0.06,35761,34.27
2020-05-01,Illinois,Livingston,0.0,0,0,0.0,20,1,5.0,55.93,2.8,0.06,35761,34.27
2020-04-30,Illinois,Livingston,0.0,0,0,0.0,20,1,5.0,55.93,2.8,0.06,35761,34.27
2020-04-29,Illinois,Livingston,0.0,0,0,0.0,20,1,5.0,55.93,2.8,0.06,35761,34.27
2020-04-28,Illinois,Livingston,0.0,0,0,0.0,20,1,5.0,55.93,2.8,0.06,35761,34.27
2020-04-27,Illinois,Livingston,0.0,0,0,0.0,20,1,5.0,55.93,2.8,0.06,35761,34.27
2020-04-26,Illinois,Livingston,0.0,0,0,0.0,20,1,5.0,55.93,2.8,0.06,35761,34.27
2020-04-25,Illinois,Livingston,5.59,2,0,0.0,20,1,5.0,55.93,2.8,0.06,35761,34.27
2020-04-24,Illinois,Livingston,0.0,0,0,0.0,18,1,5.56,50.33,2.8,0.05,35761,34.27
2020-04-23,Illinois,Livingston,0.0,0,0,0.0,18,1,5.56,50.33,2.8,0.05,35761,34.27
2020-04-22,Illinois,Livingston,0.0,0,0,0.0,18,1,5.56,50.33,2.8,0.05,35761,34.27
2020-04-21,Illinois,Livingston,2.8,1,0,0.0,18,1,5.56,50.33,2.8,0.05,35761,34.27
2020-04-20,Illinois,Livingston,0.0,0,1,2.8,17,1,5.88,47.54,2.8,0.05,35761,34.27
2020-04-19,Illinois,Livingston,0.0,0,0,0.0,17,0,0.0,47.54,0.0,0.05,35761,34.27
2020-04-18,Illinois,Livingston,-2.8,-1,0,0.0,17,0,0.0,47.54,0.0,0.05,35761,34.27
2020-04-17,Illinois,Livingston,2.8,1,0,0.0,18,0,0.0,50.33,0.0,0.05,35761,34.27
2020-04-16,Illinois,Livingston,0.0,0,0,0.0,17,0,0.0,47.54,0.0,0.05,35761,34.27
2020-04-15,Illinois,Livingston,0.0,0,0,0.0,17,0,0.0,47.54,0.0,0.05,35761,34.27
2020-04-14,Illinois,Livingston,0.0,0,0,0.0,17,0,0.0,47.54,0.0,0.05,35761,34.27
2020-04-13,Illinois,Livingston,2.8,1,0,0.0,17,0,0.0,47.54,0.0,0.05,35761,34.27
2020-04-12,Illinois,Livingston,2.8,1,0,0.0,16,0,0.0,44.74,0.0,0.04,35761,34.27
2020-04-11,Illinois,Livingston,2.8,1,0,0.0,15,0,0.0,41.95,0.0,0.04,35761,34.27
2020-04-10,Illinois,Livingston,0.0,0,0,0.0,14,0,0.0,39.15,0.0,0.04,35761,34.27
2020-04-09,Illinois,Livingston,11.19,4,0,0.0,14,0,0.0,39.15,0.0,0.04,35761,34.27
2020-04-08,Illinois,Livingston,0.0,0,0,0.0,10,0,0.0,27.96,0.0,0.03,35761,34.27
2020-04-07,Illinois,Livingston,2.8,1,0,0.0,10,0,0.0,27.96,0.0,0.03,35761,34.27
2020-04-06,Illinois,Livingston,5.59,2,0,0.0,9,0,0.0,25.17,0.0,0.03,35761,34.27
2020-04-05,Illinois,Livingston,2.8,1,0,0.0,7,0,0.0,19.57,0.0,0.02,35761,34.27
2020-04-04,Illinois,Livingston,0.0,0,0,0.0,6,0,0.0,16.78,0.0,0.02,35761,34.27
2020-04-03,Illinois,Livingston,2.8,1,0,0.0,6,0,0.0,16.78,0.0,0.02,35761,34.27
2020-04-02,Illinois,Livingston,0.0,0,0,0.0,5,0,0.0,13.98,0.0,0.01,35761,34.27
2020-04-01,Illinois,Livingston,5.59,2,0,0.0,5,0,0.0,13.98,0.0,0.01,35761,34.27
2020-03-31,Illinois,Livingston,2.8,1,0,0.0,3,0,0.0,8.39,0.0,0.01,35761,34.27
2020-03-30,Illinois,Livingston,0.0,0,0,0.0,2,0,0.0,5.59,0.0,0.01,35761,34.27
2020-03-29,Illinois,Livingston,0.0,0,0,0.0,2,0,0.0,5.59,0.0,0.01,35761,34.27
2020-03-28,Illinois,Livingston,0.0,0,0,0.0,2,0,0.0,5.59,0.0,0.01,35761,34.27
2020-03-27,Illinois,Livingston,2.8,1,0,0.0,2,0,0.0,5.59,0.0,0.01,35761,34.27
2020-03-26,Illinois,Livingston,0.0,0,0,0.0,1,0,0.0,2.8,0.0,0.0,35761,34.27
2020-03-25,Illinois,Livingston,0.0,0,0,0.0,1,0,0.0,2.8,0.0,0.0,35761,34.27
2020-03-24,Illinois,Livingston,0.0,0,0,0.0,1,0,0.0,2.8,0.0,0.0,35761,34.27
2020-03-23,Illinois,Livingston,0.0,0,0,0.0,1,0,0.0,2.8,0.0,0.0,35761,34.27
2020-03-22,Illinois,Livingston,0.0,0,0,0.0,1,0,0.0,2.8,0.0,0.0,35761,34.27
