date,state,county,new_cases_100k,new_cases,new_deaths,new_deaths_100k,total_cases,total_deaths,cfr%,total_cases_100k,total_deaths_100k,%infected,population,pop_density
2020-08-07,Illinois,Macon,26.74,28,0,0.0,578,23,3.98,551.99,21.97,0.55,104712,180.36
2020-08-06,Illinois,Macon,31.52,33,0,0.0,550,23,4.18,525.25,21.97,0.53,104712,180.36
2020-08-05,Illinois,Macon,14.33,15,0,0.0,517,23,4.45,493.74,21.97,0.49,104712,180.36
2020-08-04,Illinois,Macon,12.42,13,0,0.0,502,23,4.58,479.41,21.97,0.48,104712,180.36
2020-08-03,Illinois,Macon,15.28,16,0,0.0,489,23,4.7,467.0,21.97,0.47,104712,180.36
2020-08-02,Illinois,Macon,21.97,23,0,0.0,473,23,4.86,451.72,21.97,0.45,104712,180.36
2020-08-01,Illinois,Macon,15.28,16,0,0.0,450,23,5.11,429.75,21.97,0.43,104712,180.36
2020-07-31,Illinois,Macon,9.55,10,0,0.0,434,23,5.3,414.47,21.97,0.41,104712,180.36
2020-07-30,Illinois,Macon,17.19,18,1,0.96,424,23,5.42,404.92,21.97,0.4,104712,180.36
2020-07-29,Illinois,Macon,19.1,20,0,0.0,406,22,5.42,387.73,21.01,0.39,104712,180.36
2020-07-28,Illinois,Macon,8.6,9,0,0.0,386,22,5.7,368.63,21.01,0.37,104712,180.36
2020-07-27,Illinois,Macon,21.97,23,0,0.0,377,22,5.84,360.04,21.01,0.36,104712,180.36
2020-07-26,Illinois,Macon,27.7,29,0,0.0,354,22,6.21,338.07,21.01,0.34,104712,180.36
2020-07-25,Illinois,Macon,13.37,14,0,0.0,325,22,6.77,310.38,21.01,0.31,104712,180.36
2020-07-24,Illinois,Macon,13.37,14,0,0.0,311,22,7.07,297.01,21.01,0.3,104712,180.36
2020-07-23,Illinois,Macon,8.6,9,0,0.0,297,22,7.41,283.64,21.01,0.28,104712,180.36
2020-07-22,Illinois,Macon,5.73,6,0,0.0,288,22,7.64,275.04,21.01,0.28,104712,180.36
2020-07-21,Illinois,Macon,0.0,0,0,0.0,282,22,7.8,269.31,21.01,0.27,104712,180.36
2020-07-20,Illinois,Macon,6.69,7,0,0.0,282,22,7.8,269.31,21.01,0.27,104712,180.36
2020-07-19,Illinois,Macon,4.78,5,0,0.0,275,22,8.0,262.63,21.01,0.26,104712,180.36
2020-07-18,Illinois,Macon,4.78,5,0,0.0,270,22,8.15,257.85,21.01,0.26,104712,180.36
2020-07-17,Illinois,Macon,2.87,3,0,0.0,265,22,8.3,253.08,21.01,0.25,104712,180.36
2020-07-16,Illinois,Macon,2.87,3,0,0.0,262,22,8.4,250.21,21.01,0.25,104712,180.36
2020-07-15,Illinois,Macon,4.78,5,0,0.0,259,22,8.49,247.35,21.01,0.25,104712,180.36
2020-07-14,Illinois,Macon,0.96,1,0,0.0,254,22,8.66,242.57,21.01,0.24,104712,180.36
2020-07-13,Illinois,Macon,0.0,0,0,0.0,253,22,8.7,241.62,21.01,0.24,104712,180.36
2020-07-12,Illinois,Macon,2.87,3,0,0.0,253,22,8.7,241.62,21.01,0.24,104712,180.36
2020-07-11,Illinois,Macon,6.69,7,0,0.0,250,22,8.8,238.75,21.01,0.24,104712,180.36
2020-07-10,Illinois,Macon,0.96,1,0,0.0,243,22,9.05,232.07,21.01,0.23,104712,180.36
2020-07-09,Illinois,Macon,0.96,1,0,0.0,242,22,9.09,231.11,21.01,0.23,104712,180.36
2020-07-08,Illinois,Macon,2.87,3,0,0.0,241,22,9.13,230.16,21.01,0.23,104712,180.36
2020-07-07,Illinois,Macon,1.91,2,0,0.0,238,22,9.24,227.29,21.01,0.23,104712,180.36
2020-07-06,Illinois,Macon,0.96,1,0,0.0,236,22,9.32,225.38,21.01,0.23,104712,180.36
2020-07-05,Illinois,Macon,0.96,1,0,0.0,235,22,9.36,224.43,21.01,0.22,104712,180.36
2020-07-04,Illinois,Macon,1.91,2,0,0.0,234,22,9.4,223.47,21.01,0.22,104712,180.36
2020-07-03,Illinois,Macon,0.0,0,0,0.0,232,22,9.48,221.56,21.01,0.22,104712,180.36
2020-07-02,Illinois,Macon,0.96,1,0,0.0,232,22,9.48,221.56,21.01,0.22,104712,180.36
2020-07-01,Illinois,Macon,-0.96,-1,0,0.0,231,22,9.52,220.61,21.01,0.22,104712,180.36
2020-06-30,Illinois,Macon,3.82,4,0,0.0,232,22,9.48,221.56,21.01,0.22,104712,180.36
2020-06-29,Illinois,Macon,0.96,1,0,0.0,228,22,9.65,217.74,21.01,0.22,104712,180.36
2020-06-28,Illinois,Macon,0.0,0,0,0.0,227,22,9.69,216.79,21.01,0.22,104712,180.36
2020-06-27,Illinois,Macon,0.0,0,0,0.0,227,22,9.69,216.79,21.01,0.22,104712,180.36
2020-06-26,Illinois,Macon,0.96,1,0,0.0,227,22,9.69,216.79,21.01,0.22,104712,180.36
2020-06-25,Illinois,Macon,2.87,3,0,0.0,226,22,9.73,215.83,21.01,0.22,104712,180.36
2020-06-24,Illinois,Macon,2.87,3,0,0.0,223,22,9.87,212.97,21.01,0.21,104712,180.36
2020-06-23,Illinois,Macon,0.96,1,1,0.96,220,22,10.0,210.1,21.01,0.21,104712,180.36
2020-06-22,Illinois,Macon,0.96,1,0,0.0,219,21,9.59,209.15,20.06,0.21,104712,180.36
2020-06-21,Illinois,Macon,0.0,0,0,0.0,218,21,9.63,208.19,20.06,0.21,104712,180.36
2020-06-20,Illinois,Macon,1.91,2,0,0.0,218,21,9.63,208.19,20.06,0.21,104712,180.36
2020-06-19,Illinois,Macon,1.91,2,0,0.0,216,21,9.72,206.28,20.06,0.21,104712,180.36
2020-06-18,Illinois,Macon,0.96,1,0,0.0,214,21,9.81,204.37,20.06,0.2,104712,180.36
2020-06-17,Illinois,Macon,0.96,1,0,0.0,213,21,9.86,203.42,20.06,0.2,104712,180.36
2020-06-16,Illinois,Macon,2.87,3,0,0.0,212,21,9.91,202.46,20.06,0.2,104712,180.36
2020-06-15,Illinois,Macon,0.0,0,0,0.0,209,21,10.05,199.6,20.06,0.2,104712,180.36
2020-06-14,Illinois,Macon,1.91,2,0,0.0,209,21,10.05,199.6,20.06,0.2,104712,180.36
2020-06-13,Illinois,Macon,0.96,1,0,0.0,207,21,10.14,197.69,20.06,0.2,104712,180.36
2020-06-12,Illinois,Macon,0.0,0,0,0.0,206,21,10.19,196.73,20.06,0.2,104712,180.36
2020-06-11,Illinois,Macon,1.91,2,0,0.0,206,21,10.19,196.73,20.06,0.2,104712,180.36
2020-06-10,Illinois,Macon,0.96,1,0,0.0,204,21,10.29,194.82,20.06,0.19,104712,180.36
2020-06-09,Illinois,Macon,0.0,0,0,0.0,203,21,10.34,193.87,20.06,0.19,104712,180.36
2020-06-08,Illinois,Macon,0.96,1,0,0.0,203,21,10.34,193.87,20.06,0.19,104712,180.36
2020-06-07,Illinois,Macon,0.0,0,0,0.0,202,21,10.4,192.91,20.06,0.19,104712,180.36
2020-06-06,Illinois,Macon,1.91,2,1,0.96,202,21,10.4,192.91,20.06,0.19,104712,180.36
2020-06-05,Illinois,Macon,0.96,1,0,0.0,200,20,10.0,191.0,19.1,0.19,104712,180.36
2020-06-04,Illinois,Macon,3.82,4,1,0.96,199,20,10.05,190.05,19.1,0.19,104712,180.36
2020-06-03,Illinois,Macon,0.96,1,0,0.0,195,19,9.74,186.23,18.15,0.19,104712,180.36
2020-06-02,Illinois,Macon,0.0,0,0,0.0,194,19,9.79,185.27,18.15,0.19,104712,180.36
2020-06-01,Illinois,Macon,0.96,1,0,0.0,194,19,9.79,185.27,18.15,0.19,104712,180.36
2020-05-31,Illinois,Macon,-0.96,-1,0,0.0,193,19,9.84,184.32,18.15,0.18,104712,180.36
2020-05-30,Illinois,Macon,-0.96,-1,0,0.0,194,19,9.79,185.27,18.15,0.19,104712,180.36
2020-05-29,Illinois,Macon,2.87,3,0,0.0,195,19,9.74,186.23,18.15,0.19,104712,180.36
2020-05-28,Illinois,Macon,2.87,3,0,0.0,192,19,9.9,183.36,18.15,0.18,104712,180.36
2020-05-27,Illinois,Macon,0.96,1,0,0.0,189,19,10.05,180.5,18.15,0.18,104712,180.36
2020-05-26,Illinois,Macon,0.0,0,0,0.0,188,19,10.11,179.54,18.15,0.18,104712,180.36
2020-05-25,Illinois,Macon,0.96,1,0,0.0,188,19,10.11,179.54,18.15,0.18,104712,180.36
2020-05-24,Illinois,Macon,0.0,0,1,0.96,187,19,10.16,178.59,18.15,0.18,104712,180.36
2020-05-23,Illinois,Macon,2.87,3,1,0.96,187,18,9.63,178.59,17.19,0.18,104712,180.36
2020-05-22,Illinois,Macon,1.91,2,0,0.0,184,17,9.24,175.72,16.24,0.18,104712,180.36
2020-05-21,Illinois,Macon,5.73,6,0,0.0,182,17,9.34,173.81,16.24,0.17,104712,180.36
2020-05-20,Illinois,Macon,5.73,6,0,0.0,176,17,9.66,168.08,16.24,0.17,104712,180.36
2020-05-19,Illinois,Macon,0.96,1,0,0.0,170,17,10.0,162.35,16.24,0.16,104712,180.36
2020-05-18,Illinois,Macon,3.82,4,0,0.0,169,17,10.06,161.4,16.24,0.16,104712,180.36
2020-05-17,Illinois,Macon,1.91,2,0,0.0,165,17,10.3,157.58,16.24,0.16,104712,180.36
2020-05-16,Illinois,Macon,3.82,4,0,0.0,163,17,10.43,155.67,16.24,0.16,104712,180.36
2020-05-15,Illinois,Macon,4.78,5,1,0.96,159,17,10.69,151.85,16.24,0.15,104712,180.36
2020-05-14,Illinois,Macon,2.87,3,0,0.0,154,16,10.39,147.07,15.28,0.15,104712,180.36
2020-05-13,Illinois,Macon,1.91,2,0,0.0,151,16,10.6,144.21,15.28,0.14,104712,180.36
2020-05-12,Illinois,Macon,2.87,3,1,0.96,149,16,10.74,142.3,15.28,0.14,104712,180.36
2020-05-11,Illinois,Macon,1.91,2,0,0.0,146,15,10.27,139.43,14.33,0.14,104712,180.36
2020-05-10,Illinois,Macon,3.82,4,0,0.0,144,15,10.42,137.52,14.33,0.14,104712,180.36
2020-05-09,Illinois,Macon,1.91,2,0,0.0,140,15,10.71,133.7,14.33,0.13,104712,180.36
2020-05-08,Illinois,Macon,4.78,5,1,0.96,138,15,10.87,131.79,14.33,0.13,104712,180.36
2020-05-07,Illinois,Macon,3.82,4,1,0.96,133,14,10.53,127.02,13.37,0.13,104712,180.36
2020-05-06,Illinois,Macon,2.87,3,0,0.0,129,13,10.08,123.2,12.42,0.12,104712,180.36
2020-05-05,Illinois,Macon,1.91,2,0,0.0,126,13,10.32,120.33,12.42,0.12,104712,180.36
2020-05-04,Illinois,Macon,1.91,2,1,0.96,124,13,10.48,118.42,12.42,0.12,104712,180.36
2020-05-03,Illinois,Macon,2.87,3,0,0.0,122,12,9.84,116.51,11.46,0.12,104712,180.36
2020-05-02,Illinois,Macon,9.55,10,0,0.0,119,12,10.08,113.65,11.46,0.11,104712,180.36
2020-05-01,Illinois,Macon,2.87,3,0,0.0,109,12,11.01,104.1,11.46,0.1,104712,180.36
2020-04-30,Illinois,Macon,0.96,1,1,0.96,106,12,11.32,101.23,11.46,0.1,104712,180.36
2020-04-29,Illinois,Macon,1.91,2,0,0.0,105,11,10.48,100.28,10.51,0.1,104712,180.36
2020-04-28,Illinois,Macon,0.0,0,0,0.0,103,11,10.68,98.37,10.51,0.1,104712,180.36
2020-04-27,Illinois,Macon,0.96,1,0,0.0,103,11,10.68,98.37,10.51,0.1,104712,180.36
2020-04-26,Illinois,Macon,1.91,2,0,0.0,102,11,10.78,97.41,10.51,0.1,104712,180.36
2020-04-25,Illinois,Macon,0.96,1,1,0.96,100,11,11.0,95.5,10.51,0.1,104712,180.36
2020-04-24,Illinois,Macon,2.87,3,0,0.0,99,10,10.1,94.55,9.55,0.09,104712,180.36
2020-04-23,Illinois,Macon,2.87,3,0,0.0,96,10,10.42,91.68,9.55,0.09,104712,180.36
2020-04-22,Illinois,Macon,31.52,33,1,0.96,93,10,10.75,88.82,9.55,0.09,104712,180.36
2020-04-21,Illinois,Macon,4.78,5,0,0.0,60,9,15.0,57.3,8.6,0.06,104712,180.36
2020-04-20,Illinois,Macon,0.96,1,2,1.91,55,9,16.36,52.53,8.6,0.05,104712,180.36
2020-04-19,Illinois,Macon,-0.96,-1,0,0.0,54,7,12.96,51.57,6.69,0.05,104712,180.36
2020-04-18,Illinois,Macon,7.64,8,1,0.96,55,7,12.73,52.53,6.69,0.05,104712,180.36
2020-04-17,Illinois,Macon,0.0,0,0,0.0,47,6,12.77,44.89,5.73,0.04,104712,180.36
2020-04-16,Illinois,Macon,2.87,3,1,0.96,47,6,12.77,44.89,5.73,0.04,104712,180.36
2020-04-15,Illinois,Macon,-0.96,-1,2,1.91,44,5,11.36,42.02,4.78,0.04,104712,180.36
2020-04-14,Illinois,Macon,2.87,3,0,0.0,45,3,6.67,42.98,2.87,0.04,104712,180.36
2020-04-13,Illinois,Macon,6.69,7,2,1.91,42,3,7.14,40.11,2.87,0.04,104712,180.36
2020-04-12,Illinois,Macon,11.46,12,0,0.0,35,1,2.86,33.43,0.96,0.03,104712,180.36
2020-04-11,Illinois,Macon,8.6,9,0,0.0,23,1,4.35,21.97,0.96,0.02,104712,180.36
2020-04-10,Illinois,Macon,-0.96,-1,0,0.0,14,1,7.14,13.37,0.96,0.01,104712,180.36
2020-04-09,Illinois,Macon,1.91,2,0,0.0,15,1,6.67,14.33,0.96,0.01,104712,180.36
2020-04-08,Illinois,Macon,0.96,1,1,0.96,13,1,7.69,12.42,0.96,0.01,104712,180.36
2020-04-07,Illinois,Macon,2.87,3,0,0.0,12,0,0.0,11.46,0.0,0.01,104712,180.36
2020-04-06,Illinois,Macon,2.87,3,0,0.0,9,0,0.0,8.6,0.0,0.01,104712,180.36
2020-04-05,Illinois,Macon,0.96,1,0,0.0,6,0,0.0,5.73,0.0,0.01,104712,180.36
2020-04-04,Illinois,Macon,2.87,3,0,0.0,5,0,0.0,4.78,0.0,0.0,104712,180.36
2020-04-03,Illinois,Macon,0.0,0,0,0.0,2,0,0.0,1.91,0.0,0.0,104712,180.36
2020-04-02,Illinois,Macon,0.0,0,0,0.0,2,0,0.0,1.91,0.0,0.0,104712,180.36
2020-04-01,Illinois,Macon,0.0,0,0,0.0,2,0,0.0,1.91,0.0,0.0,104712,180.36
2020-03-31,Illinois,Macon,0.0,0,0,0.0,2,0,0.0,1.91,0.0,0.0,104712,180.36
2020-03-30,Illinois,Macon,0.0,0,0,0.0,2,0,0.0,1.91,0.0,0.0,104712,180.36
2020-03-29,Illinois,Macon,0.96,1,0,0.0,2,0,0.0,1.91,0.0,0.0,104712,180.36
2020-03-28,Illinois,Macon,0.0,0,0,0.0,1,0,0.0,0.96,0.0,0.0,104712,180.36
