date,state,county,new_cases_100k,new_cases,new_deaths,new_deaths_100k,total_cases,total_deaths,cfr%,total_cases_100k,total_deaths_100k,%infected,population,pop_density
2020-08-18,Illinois,Morgan,11.77,4,0,0.0,430,17,3.95,1265.6,50.04,1.27,33976,59.73
2020-08-17,Illinois,Morgan,100.07,34,2,5.89,426,17,3.99,1253.83,50.04,1.25,33976,59.73
2020-08-16,Illinois,Morgan,23.55,8,0,0.0,392,15,3.83,1153.76,44.15,1.15,33976,59.73
2020-08-15,Illinois,Morgan,0.0,0,0,0.0,384,15,3.91,1130.21,44.15,1.13,33976,59.73
2020-08-14,Illinois,Morgan,35.32,12,0,0.0,384,15,3.91,1130.21,44.15,1.13,33976,59.73
2020-08-13,Illinois,Morgan,70.64,24,1,2.94,372,15,4.03,1094.89,44.15,1.09,33976,59.73
2020-08-12,Illinois,Morgan,232.52,79,8,23.55,348,14,4.02,1024.25,41.21,1.02,33976,59.73
2020-08-11,Illinois,Morgan,2.94,1,0,0.0,269,6,2.23,791.74,17.66,0.79,33976,59.73
2020-08-10,Illinois,Morgan,55.92,19,0,0.0,268,6,2.24,788.79,17.66,0.79,33976,59.73
2020-08-09,Illinois,Morgan,20.6,7,0,0.0,249,6,2.41,732.87,17.66,0.73,33976,59.73
2020-08-08,Illinois,Morgan,38.26,13,0,0.0,242,6,2.48,712.27,17.66,0.71,33976,59.73
2020-08-07,Illinois,Morgan,20.6,7,0,0.0,229,6,2.62,674.01,17.66,0.67,33976,59.73
2020-08-06,Illinois,Morgan,26.49,9,0,0.0,222,6,2.7,653.4,17.66,0.65,33976,59.73
2020-08-05,Illinois,Morgan,23.55,8,0,0.0,213,6,2.82,626.91,17.66,0.63,33976,59.73
2020-08-04,Illinois,Morgan,5.89,2,1,2.94,205,6,2.93,603.37,17.66,0.6,33976,59.73
2020-08-03,Illinois,Morgan,20.6,7,0,0.0,203,5,2.46,597.48,14.72,0.6,33976,59.73
2020-08-02,Illinois,Morgan,20.6,7,0,0.0,196,5,2.55,576.88,14.72,0.58,33976,59.73
2020-08-01,Illinois,Morgan,14.72,5,0,0.0,189,5,2.65,556.28,14.72,0.56,33976,59.73
2020-07-31,Illinois,Morgan,23.55,8,0,0.0,184,5,2.72,541.56,14.72,0.54,33976,59.73
2020-07-30,Illinois,Morgan,26.49,9,0,0.0,176,5,2.84,518.01,14.72,0.52,33976,59.73
2020-07-29,Illinois,Morgan,17.66,6,0,0.0,167,5,2.99,491.52,14.72,0.49,33976,59.73
2020-07-28,Illinois,Morgan,2.94,1,0,0.0,161,5,3.11,473.86,14.72,0.47,33976,59.73
2020-07-27,Illinois,Morgan,11.77,4,0,0.0,160,5,3.12,470.92,14.72,0.47,33976,59.73
2020-07-26,Illinois,Morgan,8.83,3,0,0.0,156,5,3.21,459.15,14.72,0.46,33976,59.73
2020-07-25,Illinois,Morgan,5.89,2,0,0.0,153,5,3.27,450.32,14.72,0.45,33976,59.73
2020-07-24,Illinois,Morgan,8.83,3,0,0.0,151,5,3.31,444.43,14.72,0.44,33976,59.73
2020-07-23,Illinois,Morgan,5.89,2,0,0.0,148,5,3.38,435.6,14.72,0.44,33976,59.73
2020-07-22,Illinois,Morgan,2.94,1,0,0.0,146,5,3.42,429.72,14.72,0.43,33976,59.73
2020-07-21,Illinois,Morgan,0.0,0,0,0.0,145,5,3.45,426.77,14.72,0.43,33976,59.73
2020-07-20,Illinois,Morgan,0.0,0,0,0.0,145,5,3.45,426.77,14.72,0.43,33976,59.73
2020-07-19,Illinois,Morgan,8.83,3,0,0.0,145,5,3.45,426.77,14.72,0.43,33976,59.73
2020-07-18,Illinois,Morgan,11.77,4,1,2.94,142,5,3.52,417.94,14.72,0.42,33976,59.73
2020-07-17,Illinois,Morgan,2.94,1,0,0.0,138,4,2.9,406.17,11.77,0.41,33976,59.73
2020-07-16,Illinois,Morgan,5.89,2,0,0.0,137,4,2.92,403.23,11.77,0.4,33976,59.73
2020-07-15,Illinois,Morgan,2.94,1,0,0.0,135,4,2.96,397.34,11.77,0.4,33976,59.73
2020-07-14,Illinois,Morgan,0.0,0,0,0.0,134,4,2.99,394.4,11.77,0.39,33976,59.73
2020-07-13,Illinois,Morgan,0.0,0,0,0.0,134,4,2.99,394.4,11.77,0.39,33976,59.73
2020-07-12,Illinois,Morgan,0.0,0,1,2.94,134,4,2.99,394.4,11.77,0.39,33976,59.73
2020-07-11,Illinois,Morgan,5.89,2,0,0.0,134,3,2.24,394.4,8.83,0.39,33976,59.73
2020-07-10,Illinois,Morgan,0.0,0,0,0.0,132,3,2.27,388.51,8.83,0.39,33976,59.73
2020-07-09,Illinois,Morgan,0.0,0,0,0.0,132,3,2.27,388.51,8.83,0.39,33976,59.73
2020-07-08,Illinois,Morgan,0.0,0,0,0.0,132,3,2.27,388.51,8.83,0.39,33976,59.73
2020-07-07,Illinois,Morgan,5.89,2,0,0.0,132,3,2.27,388.51,8.83,0.39,33976,59.73
2020-07-06,Illinois,Morgan,0.0,0,0,0.0,130,3,2.31,382.62,8.83,0.38,33976,59.73
2020-07-05,Illinois,Morgan,0.0,0,0,0.0,130,3,2.31,382.62,8.83,0.38,33976,59.73
2020-07-04,Illinois,Morgan,0.0,0,0,0.0,130,3,2.31,382.62,8.83,0.38,33976,59.73
2020-07-03,Illinois,Morgan,2.94,1,0,0.0,130,3,2.31,382.62,8.83,0.38,33976,59.73
2020-07-02,Illinois,Morgan,2.94,1,0,0.0,129,3,2.33,379.68,8.83,0.38,33976,59.73
2020-07-01,Illinois,Morgan,0.0,0,0,0.0,128,3,2.34,376.74,8.83,0.38,33976,59.73
2020-06-30,Illinois,Morgan,2.94,1,0,0.0,128,3,2.34,376.74,8.83,0.38,33976,59.73
2020-06-29,Illinois,Morgan,2.94,1,0,0.0,127,3,2.36,373.79,8.83,0.37,33976,59.73
2020-06-28,Illinois,Morgan,0.0,0,0,0.0,126,3,2.38,370.85,8.83,0.37,33976,59.73
2020-06-27,Illinois,Morgan,5.89,2,0,0.0,126,3,2.38,370.85,8.83,0.37,33976,59.73
2020-06-26,Illinois,Morgan,2.94,1,0,0.0,124,3,2.42,364.96,8.83,0.36,33976,59.73
2020-06-25,Illinois,Morgan,0.0,0,0,0.0,123,3,2.44,362.02,8.83,0.36,33976,59.73
2020-06-24,Illinois,Morgan,5.89,2,0,0.0,123,3,2.44,362.02,8.83,0.36,33976,59.73
2020-06-23,Illinois,Morgan,5.89,2,0,0.0,121,3,2.48,356.13,8.83,0.36,33976,59.73
2020-06-22,Illinois,Morgan,0.0,0,0,0.0,119,3,2.52,350.25,8.83,0.35,33976,59.73
2020-06-21,Illinois,Morgan,0.0,0,0,0.0,119,3,2.52,350.25,8.83,0.35,33976,59.73
2020-06-20,Illinois,Morgan,0.0,0,0,0.0,119,3,2.52,350.25,8.83,0.35,33976,59.73
2020-06-19,Illinois,Morgan,2.94,1,1,2.94,119,3,2.52,350.25,8.83,0.35,33976,59.73
2020-06-18,Illinois,Morgan,23.55,8,0,0.0,118,2,1.69,347.3,5.89,0.35,33976,59.73
2020-06-17,Illinois,Morgan,5.89,2,0,0.0,110,2,1.82,323.76,5.89,0.32,33976,59.73
2020-06-16,Illinois,Morgan,5.89,2,0,0.0,108,2,1.85,317.87,5.89,0.32,33976,59.73
2020-06-15,Illinois,Morgan,0.0,0,0,0.0,106,2,1.89,311.98,5.89,0.31,33976,59.73
2020-06-14,Illinois,Morgan,2.94,1,0,0.0,106,2,1.89,311.98,5.89,0.31,33976,59.73
2020-06-13,Illinois,Morgan,0.0,0,0,0.0,105,2,1.9,309.04,5.89,0.31,33976,59.73
2020-06-12,Illinois,Morgan,14.72,5,1,2.94,105,2,1.9,309.04,5.89,0.31,33976,59.73
2020-06-11,Illinois,Morgan,129.5,44,0,0.0,100,1,1.0,294.33,2.94,0.29,33976,59.73
2020-06-10,Illinois,Morgan,2.94,1,0,0.0,56,1,1.79,164.82,2.94,0.16,33976,59.73
2020-06-09,Illinois,Morgan,23.55,8,0,0.0,55,1,1.82,161.88,2.94,0.16,33976,59.73
2020-06-08,Illinois,Morgan,0.0,0,0,0.0,47,1,2.13,138.33,2.94,0.14,33976,59.73
2020-06-07,Illinois,Morgan,2.94,1,0,0.0,47,1,2.13,138.33,2.94,0.14,33976,59.73
2020-06-06,Illinois,Morgan,11.77,4,0,0.0,46,1,2.17,135.39,2.94,0.14,33976,59.73
2020-06-05,Illinois,Morgan,0.0,0,0,0.0,42,1,2.38,123.62,2.94,0.12,33976,59.73
2020-06-04,Illinois,Morgan,8.83,3,0,0.0,42,1,2.38,123.62,2.94,0.12,33976,59.73
2020-06-03,Illinois,Morgan,2.94,1,0,0.0,39,1,2.56,114.79,2.94,0.11,33976,59.73
2020-06-02,Illinois,Morgan,5.89,2,0,0.0,38,1,2.63,111.84,2.94,0.11,33976,59.73
2020-06-01,Illinois,Morgan,0.0,0,0,0.0,36,1,2.78,105.96,2.94,0.11,33976,59.73
2020-05-31,Illinois,Morgan,0.0,0,0,0.0,36,1,2.78,105.96,2.94,0.11,33976,59.73
2020-05-30,Illinois,Morgan,2.94,1,0,0.0,36,1,2.78,105.96,2.94,0.11,33976,59.73
2020-05-29,Illinois,Morgan,2.94,1,0,0.0,35,1,2.86,103.01,2.94,0.1,33976,59.73
2020-05-28,Illinois,Morgan,0.0,0,0,0.0,34,1,2.94,100.07,2.94,0.1,33976,59.73
2020-05-27,Illinois,Morgan,0.0,0,0,0.0,34,1,2.94,100.07,2.94,0.1,33976,59.73
2020-05-26,Illinois,Morgan,0.0,0,0,0.0,34,1,2.94,100.07,2.94,0.1,33976,59.73
2020-05-25,Illinois,Morgan,0.0,0,0,0.0,34,1,2.94,100.07,2.94,0.1,33976,59.73
2020-05-24,Illinois,Morgan,0.0,0,0,0.0,34,1,2.94,100.07,2.94,0.1,33976,59.73
2020-05-23,Illinois,Morgan,0.0,0,0,0.0,34,1,2.94,100.07,2.94,0.1,33976,59.73
2020-05-22,Illinois,Morgan,0.0,0,0,0.0,34,1,2.94,100.07,2.94,0.1,33976,59.73
2020-05-21,Illinois,Morgan,0.0,0,0,0.0,34,1,2.94,100.07,2.94,0.1,33976,59.73
2020-05-20,Illinois,Morgan,-2.94,-1,0,0.0,34,1,2.94,100.07,2.94,0.1,33976,59.73
2020-05-19,Illinois,Morgan,-2.94,-1,0,0.0,35,1,2.86,103.01,2.94,0.1,33976,59.73
2020-05-18,Illinois,Morgan,0.0,0,0,0.0,36,1,2.78,105.96,2.94,0.11,33976,59.73
2020-05-17,Illinois,Morgan,2.94,1,0,0.0,36,1,2.78,105.96,2.94,0.11,33976,59.73
2020-05-16,Illinois,Morgan,0.0,0,0,0.0,35,1,2.86,103.01,2.94,0.1,33976,59.73
2020-05-15,Illinois,Morgan,2.94,1,0,0.0,35,1,2.86,103.01,2.94,0.1,33976,59.73
2020-05-14,Illinois,Morgan,2.94,1,0,0.0,34,1,2.94,100.07,2.94,0.1,33976,59.73
2020-05-13,Illinois,Morgan,2.94,1,0,0.0,33,1,3.03,97.13,2.94,0.1,33976,59.73
2020-05-12,Illinois,Morgan,5.89,2,0,0.0,32,1,3.12,94.18,2.94,0.09,33976,59.73
2020-05-11,Illinois,Morgan,0.0,0,0,0.0,30,1,3.33,88.3,2.94,0.09,33976,59.73
2020-05-10,Illinois,Morgan,0.0,0,0,0.0,30,1,3.33,88.3,2.94,0.09,33976,59.73
2020-05-09,Illinois,Morgan,5.89,2,0,0.0,30,1,3.33,88.3,2.94,0.09,33976,59.73
2020-05-08,Illinois,Morgan,2.94,1,0,0.0,28,1,3.57,82.41,2.94,0.08,33976,59.73
2020-05-07,Illinois,Morgan,2.94,1,0,0.0,27,1,3.7,79.47,2.94,0.08,33976,59.73
2020-05-06,Illinois,Morgan,0.0,0,0,0.0,26,1,3.85,76.52,2.94,0.08,33976,59.73
2020-05-05,Illinois,Morgan,5.89,2,0,0.0,26,1,3.85,76.52,2.94,0.08,33976,59.73
2020-05-04,Illinois,Morgan,0.0,0,0,0.0,24,1,4.17,70.64,2.94,0.07,33976,59.73
2020-05-03,Illinois,Morgan,0.0,0,0,0.0,24,1,4.17,70.64,2.94,0.07,33976,59.73
2020-05-02,Illinois,Morgan,0.0,0,0,0.0,24,1,4.17,70.64,2.94,0.07,33976,59.73
2020-05-01,Illinois,Morgan,5.89,2,0,0.0,24,1,4.17,70.64,2.94,0.07,33976,59.73
2020-04-30,Illinois,Morgan,0.0,0,0,0.0,22,1,4.55,64.75,2.94,0.06,33976,59.73
2020-04-29,Illinois,Morgan,2.94,1,0,0.0,22,1,4.55,64.75,2.94,0.06,33976,59.73
2020-04-28,Illinois,Morgan,8.83,3,0,0.0,21,1,4.76,61.81,2.94,0.06,33976,59.73
2020-04-27,Illinois,Morgan,5.89,2,0,0.0,18,1,5.56,52.98,2.94,0.05,33976,59.73
2020-04-26,Illinois,Morgan,2.94,1,0,0.0,16,1,6.25,47.09,2.94,0.05,33976,59.73
2020-04-25,Illinois,Morgan,0.0,0,0,0.0,15,1,6.67,44.15,2.94,0.04,33976,59.73
2020-04-24,Illinois,Morgan,2.94,1,0,0.0,15,1,6.67,44.15,2.94,0.04,33976,59.73
2020-04-23,Illinois,Morgan,0.0,0,0,0.0,14,1,7.14,41.21,2.94,0.04,33976,59.73
2020-04-22,Illinois,Morgan,2.94,1,0,0.0,14,1,7.14,41.21,2.94,0.04,33976,59.73
2020-04-21,Illinois,Morgan,0.0,0,0,0.0,13,1,7.69,38.26,2.94,0.04,33976,59.73
2020-04-20,Illinois,Morgan,2.94,1,0,0.0,13,1,7.69,38.26,2.94,0.04,33976,59.73
2020-04-19,Illinois,Morgan,0.0,0,0,0.0,12,1,8.33,35.32,2.94,0.04,33976,59.73
2020-04-18,Illinois,Morgan,0.0,0,0,0.0,12,1,8.33,35.32,2.94,0.04,33976,59.73
2020-04-17,Illinois,Morgan,2.94,1,0,0.0,12,1,8.33,35.32,2.94,0.04,33976,59.73
2020-04-16,Illinois,Morgan,2.94,1,0,0.0,11,1,9.09,32.38,2.94,0.03,33976,59.73
2020-04-15,Illinois,Morgan,-2.94,-1,0,0.0,10,1,10.0,29.43,2.94,0.03,33976,59.73
2020-04-14,Illinois,Morgan,2.94,1,0,0.0,11,1,9.09,32.38,2.94,0.03,33976,59.73
2020-04-13,Illinois,Morgan,0.0,0,0,0.0,10,1,10.0,29.43,2.94,0.03,33976,59.73
2020-04-12,Illinois,Morgan,0.0,0,0,0.0,10,1,10.0,29.43,2.94,0.03,33976,59.73
2020-04-11,Illinois,Morgan,0.0,0,0,0.0,10,1,10.0,29.43,2.94,0.03,33976,59.73
2020-04-10,Illinois,Morgan,0.0,0,0,0.0,10,1,10.0,29.43,2.94,0.03,33976,59.73
2020-04-09,Illinois,Morgan,5.89,2,0,0.0,10,1,10.0,29.43,2.94,0.03,33976,59.73
2020-04-08,Illinois,Morgan,0.0,0,0,0.0,8,1,12.5,23.55,2.94,0.02,33976,59.73
2020-04-07,Illinois,Morgan,2.94,1,0,0.0,8,1,12.5,23.55,2.94,0.02,33976,59.73
2020-04-06,Illinois,Morgan,2.94,1,0,0.0,7,1,14.29,20.6,2.94,0.02,33976,59.73
2020-04-05,Illinois,Morgan,0.0,0,0,0.0,6,1,16.67,17.66,2.94,0.02,33976,59.73
2020-04-04,Illinois,Morgan,2.94,1,0,0.0,6,1,16.67,17.66,2.94,0.02,33976,59.73
2020-04-03,Illinois,Morgan,0.0,0,0,0.0,5,1,20.0,14.72,2.94,0.01,33976,59.73
2020-04-02,Illinois,Morgan,0.0,0,0,0.0,5,1,20.0,14.72,2.94,0.01,33976,59.73
2020-04-01,Illinois,Morgan,2.94,1,0,0.0,5,1,20.0,14.72,2.94,0.01,33976,59.73
2020-03-31,Illinois,Morgan,0.0,0,0,0.0,4,1,25.0,11.77,2.94,0.01,33976,59.73
2020-03-30,Illinois,Morgan,2.94,1,1,2.94,4,1,25.0,11.77,2.94,0.01,33976,59.73
2020-03-29,Illinois,Morgan,0.0,0,0,0.0,3,0,0.0,8.83,0.0,0.01,33976,59.73
2020-03-28,Illinois,Morgan,5.89,2,0,0.0,3,0,0.0,8.83,0.0,0.01,33976,59.73
2020-03-27,Illinois,Morgan,0.0,0,0,0.0,1,0,0.0,2.94,0.0,0.0,33976,59.73
2020-03-26,Illinois,Morgan,0.0,0,0,0.0,1,0,0.0,2.94,0.0,0.0,33976,59.73
2020-03-25,Illinois,Morgan,0.0,0,0,0.0,1,0,0.0,2.94,0.0,0.0,33976,59.73
