date,state,district,1day_cases_100k,new_cases,new_deaths,new_deaths_100k,total_cases,total_deaths,cfr%,total_cases_100k,total_deaths_100k,%infected,population,7day_cases_100k,7day_cases_change,28day_cases_100k,28day_cases_change
2020-08-31,Rajasthan,Dausa,0.0,0,0,0.0,581,6,1.03,35.49,0.37,0.04,1637226,6.23,-0.67,15.33,-0.31
2020-08-30,Rajasthan,Dausa,1.53,25,0,0.0,581,6,1.03,35.49,0.37,0.04,1637226,6.9,0.74,15.64,1.41
2020-08-29,Rajasthan,Dausa,1.71,28,1,0.06,556,6,1.08,33.96,0.37,0.03,1637226,6.16,1.71,14.23,0.79
2020-08-28,Rajasthan,Dausa,0.92,15,0,0.0,528,5,0.95,32.25,0.31,0.03,1637226,4.45,0.61,13.44,0.92
2020-08-27,Rajasthan,Dausa,1.16,19,0,0.0,513,5,0.97,31.33,0.31,0.03,1637226,3.84,0.3,12.52,0.92
2020-08-26,Rajasthan,Dausa,0.67,11,0,0.0,494,5,1.01,30.17,0.31,0.03,1637226,3.54,0.67,11.6,0.06
2020-08-25,Rajasthan,Dausa,0.24,4,0,0.0,483,5,1.04,29.5,0.31,0.03,1637226,2.87,-1.35,11.54,0.06
2020-08-24,Rajasthan,Dausa,0.67,11,0,0.0,479,5,1.04,29.26,0.31,0.03,1637226,4.22,0.12,11.48,0.3
2020-08-23,Rajasthan,Dausa,0.79,13,0,0.0,468,5,1.07,28.58,0.31,0.03,1637226,4.1,0.79,11.18,0.42
2020-08-22,Rajasthan,Dausa,0.0,0,0,0.0,455,5,1.1,27.79,0.31,0.03,1637226,3.31,-0.06,10.76,-0.12
2020-08-21,Rajasthan,Dausa,0.31,5,0,0.0,455,5,1.1,27.79,0.31,0.03,1637226,3.37,-1.34,10.88,0.07
2020-08-20,Rajasthan,Dausa,0.86,14,0,0.0,450,5,1.11,27.49,0.31,0.03,1637226,4.71,0.43,10.81,0.68
2020-08-19,Rajasthan,Dausa,0.0,0,0,0.0,436,5,1.15,26.63,0.31,0.03,1637226,4.28,-0.06,10.13,-0.43
2020-08-18,Rajasthan,Dausa,1.59,26,0,0.0,436,5,1.15,26.63,0.31,0.03,1637226,4.34,1.35,10.56,0.25
2020-08-17,Rajasthan,Dausa,0.55,9,0,0.0,410,5,1.22,25.04,0.31,0.03,1637226,2.99,0.31,10.31,0.31
2020-08-16,Rajasthan,Dausa,0.0,0,0,0.0,401,5,1.25,24.49,0.31,0.02,1637226,2.68,-0.31,10.0,-0.12
2020-08-15,Rajasthan,Dausa,0.06,1,0,0.0,401,5,1.25,24.49,0.31,0.02,1637226,2.99,-0.18,10.12,-0.18
2020-08-14,Rajasthan,Dausa,1.65,27,0,0.0,400,5,1.25,24.43,0.31,0.02,1637226,3.17,1.22,10.3,1.53
2020-08-13,Rajasthan,Dausa,0.43,7,0,0.0,373,5,1.34,22.78,0.31,0.02,1637226,1.95,0.31,8.77,0.31
2020-08-12,Rajasthan,Dausa,0.06,1,1,0.06,366,5,1.37,22.35,0.31,0.02,1637226,1.64,0.0,8.46,-0.12
2020-08-11,Rajasthan,Dausa,0.24,4,0,0.0,365,4,1.1,22.29,0.24,0.02,1637226,1.64,-0.25,8.58,0.0
2020-08-10,Rajasthan,Dausa,0.24,4,0,0.0,361,4,1.11,22.05,0.24,0.02,1637226,1.89,-0.07,8.58,-0.25
2020-08-09,Rajasthan,Dausa,0.31,5,0,0.0,357,4,1.12,21.81,0.24,0.02,1637226,1.96,0.19,8.83,0.19
2020-08-08,Rajasthan,Dausa,0.24,4,0,0.0,352,4,1.14,21.5,0.24,0.02,1637226,1.77,-0.68,8.64,0.06
2020-08-07,Rajasthan,Dausa,0.43,7,0,0.0,348,4,1.15,21.26,0.24,0.02,1637226,2.45,0.43,8.58,0.43
2020-08-06,Rajasthan,Dausa,0.12,2,0,0.0,341,4,1.17,20.83,0.24,0.02,1637226,2.02,-0.12,8.15,-0.55
2020-08-05,Rajasthan,Dausa,0.06,1,0,0.0,339,4,1.18,20.71,0.24,0.02,1637226,2.14,-0.55,8.7,-0.67
2020-08-04,Rajasthan,Dausa,0.49,8,0,0.0,338,4,1.18,20.64,0.24,0.02,1637226,2.69,0.31,9.37,0.37
2020-08-03,Rajasthan,Dausa,0.31,5,0,0.0,330,4,1.21,20.16,0.24,0.02,1637226,2.38,-0.06,9.0,0.0
2020-08-02,Rajasthan,Dausa,0.12,2,0,0.0,325,4,1.23,19.85,0.24,0.02,1637226,2.44,-0.25,9.0,-0.31
2020-08-01,Rajasthan,Dausa,0.92,15,0,0.0,323,4,1.24,19.73,0.24,0.02,1637226,2.69,0.8,9.31,0.68
2020-07-31,Rajasthan,Dausa,0.0,0,0,0.0,308,4,1.3,18.81,0.24,0.02,1637226,1.89,-0.24,8.63,-1.22
2020-07-30,Rajasthan,Dausa,0.24,4,0,0.0,308,4,1.3,18.81,0.24,0.02,1637226,2.13,0.06,9.85,0.06
2020-07-29,Rajasthan,Dausa,0.61,10,0,0.0,304,4,1.32,18.57,0.24,0.02,1637226,2.07,0.18,9.79,0.49
2020-07-28,Rajasthan,Dausa,0.18,3,0,0.0,294,4,1.36,17.96,0.24,0.02,1637226,1.89,-1.16,9.3,-0.06
2020-07-27,Rajasthan,Dausa,0.37,6,0,0.0,291,4,1.37,17.77,0.24,0.02,1637226,3.05,0.13,9.36,0.19
2020-07-26,Rajasthan,Dausa,0.37,6,0,0.0,285,4,1.4,17.41,0.24,0.02,1637226,2.92,0.25,9.17,0.19
2020-07-25,Rajasthan,Dausa,0.12,2,0,0.0,279,4,1.43,17.04,0.24,0.02,1637226,2.67,-0.12,8.98,-0.06
2020-07-24,Rajasthan,Dausa,0.24,4,0,0.0,277,4,1.44,16.92,0.24,0.02,1637226,2.79,0.12,9.04,-0.07
2020-07-23,Rajasthan,Dausa,0.18,3,0,0.0,273,4,1.47,16.67,0.24,0.02,1637226,2.67,0.06,9.11,-0.13
2020-07-22,Rajasthan,Dausa,0.43,7,0,0.0,270,4,1.48,16.49,0.24,0.02,1637226,2.61,0.25,9.24,0.12
2020-07-21,Rajasthan,Dausa,1.34,22,0,0.0,263,4,1.52,16.06,0.24,0.02,1637226,2.36,1.1,9.12,1.16
2020-07-20,Rajasthan,Dausa,0.24,4,0,0.0,241,4,1.66,14.72,0.24,0.01,1637226,1.26,-0.25,7.96,-0.13
2020-07-19,Rajasthan,Dausa,0.12,2,0,0.0,237,4,1.69,14.48,0.24,0.01,1637226,1.51,0.0,8.09,0.12
2020-07-18,Rajasthan,Dausa,0.24,4,0,0.0,235,4,1.7,14.35,0.24,0.01,1637226,1.51,0.06,7.97,0.24
2020-07-17,Rajasthan,Dausa,0.12,2,0,0.0,231,4,1.73,14.11,0.24,0.01,1637226,1.45,0.12,7.73,0.12
2020-07-16,Rajasthan,Dausa,0.12,2,0,0.0,229,4,1.75,13.99,0.24,0.01,1637226,1.33,-0.55,7.61,-0.31
2020-07-15,Rajasthan,Dausa,0.18,3,0,0.0,227,4,1.76,13.86,0.24,0.01,1637226,1.88,-0.55,7.92,0.06
2020-07-14,Rajasthan,Dausa,0.24,4,0,0.0,224,4,1.79,13.68,0.24,0.01,1637226,2.43,0.12,7.86,-0.19
2020-07-13,Rajasthan,Dausa,0.49,8,0,0.0,220,4,1.82,13.44,0.24,0.01,1637226,2.31,0.18,8.05,0.43
2020-07-12,Rajasthan,Dausa,0.12,2,0,0.0,212,4,1.89,12.95,0.24,0.01,1637226,2.13,-0.31,7.62,-0.12
2020-07-11,Rajasthan,Dausa,0.18,3,0,0.0,210,4,1.9,12.83,0.24,0.01,1637226,2.44,-0.06,7.74,-0.25
2020-07-10,Rajasthan,Dausa,0.0,0,0,0.0,207,4,1.93,12.64,0.24,0.01,1637226,2.5,-1.22,7.99,-0.06
2020-07-09,Rajasthan,Dausa,0.67,11,0,0.0,207,4,1.93,12.64,0.24,0.01,1637226,3.72,0.49,8.05,0.61
2020-07-08,Rajasthan,Dausa,0.73,12,1,0.06,196,4,2.04,11.97,0.24,0.01,1637226,3.23,0.61,7.44,0.67
2020-07-07,Rajasthan,Dausa,0.12,2,0,0.0,184,3,1.63,11.24,0.18,0.01,1637226,2.62,-0.12,6.77,-0.12
2020-07-06,Rajasthan,Dausa,0.31,5,0,0.0,182,3,1.65,11.12,0.18,0.01,1637226,2.74,0.13,6.89,0.31
2020-07-05,Rajasthan,Dausa,0.43,7,0,0.0,177,3,1.69,10.81,0.18,0.01,1637226,2.61,0.25,6.58,0.12
2020-07-04,Rajasthan,Dausa,0.24,4,0,0.0,170,3,1.76,10.38,0.18,0.01,1637226,2.36,0.06,6.46,0.12
2020-07-03,Rajasthan,Dausa,1.22,20,0,0.0,166,3,1.81,10.14,0.18,0.01,1637226,2.3,0.91,6.34,1.22
2020-07-02,Rajasthan,Dausa,0.18,3,0,0.0,146,3,2.05,8.92,0.18,0.01,1637226,1.39,-0.13,5.12,0.18
2020-07-01,Rajasthan,Dausa,0.12,2,0,0.0,143,3,2.1,8.73,0.18,0.01,1637226,1.52,-0.19,4.94,-0.06
2020-06-30,Rajasthan,Dausa,0.24,4,0,0.0,141,3,2.13,8.61,0.18,0.01,1637226,1.71,0.06,5.0,-0.19
2020-06-29,Rajasthan,Dausa,0.18,3,0,0.0,137,3,2.19,8.37,0.18,0.01,1637226,1.65,-0.19,5.19,0.06
2020-06-28,Rajasthan,Dausa,0.18,3,0,0.0,134,3,2.24,8.18,0.18,0.01,1637226,1.84,0.18,5.13,0.18
2020-06-27,Rajasthan,Dausa,0.18,3,0,0.0,131,3,2.29,8.0,0.18,0.01,1637226,1.66,0.18,4.95,0.18
2020-06-26,Rajasthan,Dausa,0.31,5,0,0.0,128,3,2.34,7.82,0.18,0.01,1637226,1.48,0.31,4.77,0.31
2020-06-25,Rajasthan,Dausa,0.31,5,0,0.0,123,3,2.44,7.51,0.18,0.01,1637226,1.17,-0.12,4.46,0.07
2020-06-24,Rajasthan,Dausa,0.31,5,1,0.06,118,3,2.54,7.21,0.18,0.01,1637226,1.29,0.19,4.39,0.25
2020-06-23,Rajasthan,Dausa,0.18,3,0,0.0,113,2,1.77,6.9,0.12,0.01,1637226,1.1,-0.25,4.14,0.12
2020-06-22,Rajasthan,Dausa,0.37,6,0,0.0,110,2,1.82,6.72,0.12,0.01,1637226,1.35,0.31,4.02,0.31
2020-06-21,Rajasthan,Dausa,0.0,0,0,0.0,104,2,1.92,6.35,0.12,0.01,1637226,1.04,-0.24,3.71,-0.12
2020-06-20,Rajasthan,Dausa,0.0,0,0,0.0,104,2,1.92,6.35,0.12,0.01,1637226,1.28,-0.43,3.83,0.0
2020-06-19,Rajasthan,Dausa,0.0,0,0,0.0,104,2,1.92,6.35,0.12,0.01,1637226,1.71,-0.06,3.83,-0.12
2020-06-18,Rajasthan,Dausa,0.43,7,0,0.0,104,2,1.92,6.35,0.12,0.01,1637226,1.77,0.37,3.95,0.43
2020-06-17,Rajasthan,Dausa,0.12,2,0,0.0,97,2,2.06,5.92,0.12,0.01,1637226,1.4,0.06,3.52,0.12
2020-06-16,Rajasthan,Dausa,0.43,7,0,0.0,95,2,2.11,5.8,0.12,0.01,1637226,1.34,0.19,3.4,0.37
2020-06-15,Rajasthan,Dausa,0.06,1,0,0.0,88,2,2.27,5.37,0.12,0.01,1637226,1.15,0.06,3.03,-0.25
2020-06-14,Rajasthan,Dausa,0.24,4,0,0.0,87,2,2.3,5.31,0.12,0.01,1637226,1.09,-0.07,3.28,0.18
2020-06-13,Rajasthan,Dausa,0.43,7,0,0.0,83,2,2.41,5.07,0.12,0.01,1637226,1.16,0.31,3.1,0.43
2020-06-12,Rajasthan,Dausa,0.06,1,0,0.0,76,2,2.63,4.64,0.12,0.0,1637226,0.85,0.06,2.67,-0.18
2020-06-11,Rajasthan,Dausa,0.06,1,1,0.06,75,2,2.67,4.58,0.12,0.0,1637226,0.79,0.06,2.85,0.06
2020-06-10,Rajasthan,Dausa,0.06,1,0,0.0,74,1,1.35,4.52,0.06,0.0,1637226,0.73,-0.12,2.79,0.0
2020-06-09,Rajasthan,Dausa,0.24,4,0,0.0,73,1,1.37,4.46,0.06,0.0,1637226,0.85,-0.19,2.79,0.06
2020-06-08,Rajasthan,Dausa,0.0,0,0,0.0,69,1,1.45,4.21,0.06,0.0,1637226,1.04,-0.12,2.73,-0.12
2020-06-07,Rajasthan,Dausa,0.31,5,0,0.0,69,1,1.45,4.21,0.06,0.0,1637226,1.16,0.31,2.85,0.31
2020-06-06,Rajasthan,Dausa,0.12,2,0,0.0,64,1,1.56,3.91,0.06,0.0,1637226,0.85,0.12,2.54,0.06
2020-06-05,Rajasthan,Dausa,0.0,0,0,0.0,62,1,1.61,3.79,0.06,0.0,1637226,0.73,0.0,2.48,0.0
2020-06-04,Rajasthan,Dausa,0.0,0,0,0.0,62,1,1.61,3.79,0.06,0.0,1637226,0.73,-0.24,2.48,0.0
2020-06-03,Rajasthan,Dausa,0.18,3,0,0.0,62,1,1.61,3.79,0.06,0.0,1637226,0.97,0.12,2.48,0.18
2020-06-02,Rajasthan,Dausa,0.43,7,0,0.0,59,1,1.69,3.6,0.06,0.0,1637226,0.85,0.37,2.3,0.43
2020-06-01,Rajasthan,Dausa,0.12,2,0,0.0,52,1,1.92,3.18,0.06,0.0,1637226,0.48,0.06,1.87,0.12
2020-05-31,Rajasthan,Dausa,0.0,0,0,0.0,50,1,2.0,3.05,0.06,0.0,1637226,0.42,-0.12,1.75,0.0
2020-05-30,Rajasthan,Dausa,0.0,0,0,0.0,50,1,2.0,3.05,0.06,0.0,1637226,0.54,0.0,1.75,0.0
2020-05-29,Rajasthan,Dausa,0.0,0,0,0.0,50,1,2.0,3.05,0.06,0.0,1637226,0.54,-0.12,1.75,0.0
2020-05-28,Rajasthan,Dausa,0.24,4,1,0.06,50,1,2.0,3.05,0.06,0.0,1637226,0.66,0.24,1.75,0.24
2020-05-27,Rajasthan,Dausa,0.06,1,0,0.0,46,0,0.0,2.81,0.0,0.0,1637226,0.42,0.06,1.51,0.06
2020-05-26,Rajasthan,Dausa,0.06,1,0,0.0,45,0,0.0,2.75,0.0,0.0,1637226,0.36,0.0,1.45,0.06
2020-05-25,Rajasthan,Dausa,0.06,1,0,0.0,44,0,0.0,2.69,0.0,0.0,1637226,0.36,-0.25,1.39,0.06
2020-05-24,Rajasthan,Dausa,0.12,2,0,0.0,43,0,0.0,2.63,0.0,0.0,1637226,0.61,0.06,1.33,0.12
2020-05-23,Rajasthan,Dausa,0.0,0,0,0.0,41,0,0.0,2.5,0.0,0.0,1637226,0.55,0.0,1.21,0.0
2020-05-22,Rajasthan,Dausa,0.12,2,0,0.0,41,0,0.0,2.5,0.0,0.0,1637226,0.55,-0.12,1.21,0.12
2020-05-21,Rajasthan,Dausa,0.0,0,0,0.0,39,0,0.0,2.38,0.0,0.0,1637226,0.67,0.0,1.09,0.0
2020-05-20,Rajasthan,Dausa,0.0,0,0,0.0,39,0,0.0,2.38,0.0,0.0,1637226,0.67,-0.06,1.09,0.0
2020-05-19,Rajasthan,Dausa,0.06,1,0,0.0,39,0,0.0,2.38,0.0,0.0,1637226,0.73,-0.12,1.09,0.06
2020-05-18,Rajasthan,Dausa,0.31,5,0,0.0,38,0,0.0,2.32,0.0,0.0,1637226,0.85,0.19,1.03,0.31
2020-05-17,Rajasthan,Dausa,0.06,1,0,0.0,33,0,0.0,2.02,0.0,0.0,1637226,0.66,0.06,0.72,0.06
2020-05-16,Rajasthan,Dausa,0.0,0,0,0.0,32,0,0.0,1.95,0.0,0.0,1637226,0.6,-0.06,0.66,0.0
2020-05-15,Rajasthan,Dausa,0.24,4,0,0.0,32,0,0.0,1.95,0.0,0.0,1637226,0.66,0.24,0.66,0.24
2020-05-14,Rajasthan,Dausa,0.0,0,0,0.0,28,0,0.0,1.71,0.0,0.0,1637226,0.42,0.0,0.42,0.0
2020-05-13,Rajasthan,Dausa,0.06,1,0,0.0,28,0,0.0,1.71,0.0,0.0,1637226,0.42,0.06,0.42,0.06
2020-05-12,Rajasthan,Dausa,0.18,3,0,0.0,27,0,0.0,1.65,0.0,0.0,1637226,0.36,0.18,0.36,0.18
2020-05-11,Rajasthan,Dausa,0.12,2,0,0.0,24,0,0.0,1.47,0.0,0.0,1637226,0.18,0.12,0.18,0.12
2020-05-10,Rajasthan,Dausa,0.0,0,0,0.0,22,0,0.0,1.34,0.0,0.0,1637226,0.06,0.0,0.06,0.0
2020-05-09,Rajasthan,Dausa,0.06,1,0,0.0,22,0,0.0,1.34,0.0,0.0,1637226,0.06,0.06,0.06,0.06
2020-05-08,Rajasthan,Dausa,0.0,0,0,0.0,21,0,0.0,1.28,0.0,0.0,1637226,0.0,0.0,0.0,0.0
2020-05-07,Rajasthan,Dausa,0.0,0,0,0.0,21,0,0.0,1.28,0.0,0.0,1637226,0.0,0.0,0.0,0.0
2020-05-06,Rajasthan,Dausa,0.0,0,0,0.0,21,0,0.0,1.28,0.0,0.0,1637226,0.0,0.0,0.0,0.0
2020-05-05,Rajasthan,Dausa,0.0,0,0,0.0,21,0,0.0,1.28,0.0,0.0,1637226,0.0,0.0,0.0,0.0
2020-05-04,Rajasthan,Dausa,0.0,0,0,0.0,21,0,0.0,1.28,0.0,0.0,1637226,0.0,0.0,0.0,0.0
2020-05-03,Rajasthan,Dausa,0.0,0,0,0.0,21,0,0.0,1.28,0.0,0.0,1637226,0.0,0.0,0.0,0.0
2020-05-02,Rajasthan,Dausa,0.0,0,0,0.0,21,0,0.0,1.28,0.0,0.0,1637226,0.0,0.0,0.0,0.0
2020-05-01,Rajasthan,Dausa,0.0,0,0,0.0,21,0,0.0,1.28,0.0,0.0,1637226,0.0,0.0,0.0,0.0
2020-04-30,Rajasthan,Dausa,0.0,0,0,0.0,21,0,0.0,1.28,0.0,0.0,1637226,0.0,0.0,0.0,0.0
2020-04-29,Rajasthan,Dausa,0.0,0,0,0.0,21,0,0.0,1.28,0.0,0.0,1637226,0.0,0.0,0.0,0.0
2020-04-28,Rajasthan,Dausa,0.0,0,0,0.0,21,0,0.0,1.28,0.0,0.0,1637226,0.0,0.0,0.0,0.0
2020-04-27,Rajasthan,Dausa,0.0,0,0,0.0,21,0,0.0,1.28,0.0,0.0,1637226,0.0,0.0,0.0,0.0
2020-04-26,Rajasthan,Dausa,0.0,0,0,0.0,21,0,0.0,1.28,0.0,0.0,1637226,0.0,0.0,0.0,0.0
