date,state,district,1day_cases_100k,new_cases,new_deaths,new_deaths_100k,total_cases,total_deaths,cfr%,total_cases_100k,total_deaths_100k,%infected,population,7day_cases_100k,7day_cases_change,28day_cases_100k,28day_cases_change
2020-08-31,Rajasthan,Rajsamand,0.35,4,0,0.0,1137,13,1.14,98.16,1.12,0.1,1158283,8.89,-1.46,42.04,0.26
2020-08-30,Rajasthan,Rajsamand,1.04,12,0,0.0,1133,13,1.15,97.82,1.12,0.1,1158283,10.35,1.04,41.78,0.61
2020-08-29,Rajasthan,Rajsamand,0.0,0,0,0.0,1121,13,1.16,96.78,1.12,0.1,1158283,9.31,-2.07,41.17,-0.95
2020-08-28,Rajasthan,Rajsamand,1.81,21,0,0.0,1121,13,1.16,96.78,1.12,0.1,1158283,11.38,0.17,42.12,0.43
2020-08-27,Rajasthan,Rajsamand,4.66,54,0,0.0,1100,13,1.18,94.97,1.12,0.09,1158283,11.21,4.66,41.69,2.67
2020-08-26,Rajasthan,Rajsamand,0.6,7,0,0.0,1046,13,1.24,90.31,1.12,0.09,1158283,6.55,-2.08,39.02,-1.47
2020-08-25,Rajasthan,Rajsamand,0.43,5,0,0.0,1039,13,1.25,89.7,1.12,0.09,1158283,8.63,0.43,40.49,0.08
2020-08-24,Rajasthan,Rajsamand,1.81,21,0,0.0,1034,13,1.26,89.27,1.12,0.09,1158283,8.2,-1.56,40.41,-1.99
2020-08-23,Rajasthan,Rajsamand,0.0,0,0,0.0,1013,13,1.28,87.46,1.12,0.09,1158283,9.76,-0.6,42.4,-0.6
2020-08-22,Rajasthan,Rajsamand,2.07,24,0,0.0,1013,13,1.28,87.46,1.12,0.09,1158283,10.36,-3.63,43.0,0.52
2020-08-21,Rajasthan,Rajsamand,1.64,19,1,0.09,989,13,1.31,85.39,1.12,0.09,1158283,13.99,1.64,42.48,1.21
2020-08-20,Rajasthan,Rajsamand,0.0,0,0,0.0,970,12,1.24,83.74,1.04,0.08,1158283,12.35,-1.73,41.27,0.0
2020-08-19,Rajasthan,Rajsamand,2.68,31,0,0.0,970,12,1.24,83.74,1.04,0.08,1158283,14.08,1.56,41.27,2.08
2020-08-18,Rajasthan,Rajsamand,0.0,0,0,0.0,939,12,1.28,81.07,1.04,0.08,1158283,12.52,-2.68,39.19,-1.21
2020-08-17,Rajasthan,Rajsamand,3.37,39,0,0.0,939,12,1.28,81.07,1.04,0.08,1158283,15.2,2.25,40.4,2.68
2020-08-16,Rajasthan,Rajsamand,0.6,7,0,0.0,900,12,1.33,77.7,1.04,0.08,1158283,12.95,-3.89,37.72,-1.04
2020-08-15,Rajasthan,Rajsamand,5.7,66,0,0.0,893,12,1.34,77.1,1.04,0.08,1158283,16.84,5.7,38.76,3.97
2020-08-14,Rajasthan,Rajsamand,0.0,0,1,0.09,827,12,1.45,71.4,1.04,0.07,1158283,11.14,0.0,34.79,-1.12
2020-08-13,Rajasthan,Rajsamand,1.73,20,0,0.0,827,11,1.33,71.4,0.95,0.07,1158283,11.14,0.35,35.91,1.73
2020-08-12,Rajasthan,Rajsamand,1.12,13,0,0.0,807,11,1.36,69.67,0.95,0.07,1158283,10.79,-1.64,34.18,-0.52
2020-08-11,Rajasthan,Rajsamand,2.68,31,1,0.09,794,11,1.39,68.55,0.95,0.07,1158283,12.43,2.68,34.7,2.25
2020-08-10,Rajasthan,Rajsamand,1.12,13,1,0.09,763,10,1.31,65.87,0.86,0.07,1158283,9.75,1.03,32.45,-0.35
2020-08-09,Rajasthan,Rajsamand,4.49,52,0,0.0,750,9,1.2,64.75,0.78,0.06,1158283,8.72,4.06,32.8,4.4
2020-08-08,Rajasthan,Rajsamand,0.0,0,0,0.0,698,9,1.29,60.26,0.78,0.06,1158283,4.66,-0.95,28.4,-1.21
2020-08-07,Rajasthan,Rajsamand,0.0,0,1,0.09,698,9,1.29,60.26,0.78,0.06,1158283,5.61,-1.38,29.61,-0.35
2020-08-06,Rajasthan,Rajsamand,1.38,16,0,0.0,698,8,1.15,60.26,0.69,0.06,1158283,6.99,-0.61,29.96,1.12
2020-08-05,Rajasthan,Rajsamand,2.76,32,1,0.09,682,8,1.17,58.88,0.69,0.06,1158283,7.6,0.69,28.84,0.43
2020-08-04,Rajasthan,Rajsamand,0.0,0,0,0.0,650,7,1.08,56.12,0.6,0.06,1158283,6.91,-0.35,28.41,-0.17
2020-08-03,Rajasthan,Rajsamand,0.09,1,2,0.17,650,7,1.08,56.12,0.6,0.06,1158283,7.26,-3.71,28.58,-0.43
2020-08-02,Rajasthan,Rajsamand,0.43,5,0,0.0,649,5,0.77,56.03,0.43,0.06,1158283,10.97,-0.17,29.01,-2.76
2020-08-01,Rajasthan,Rajsamand,0.95,11,0,0.0,644,5,0.78,55.6,0.43,0.06,1158283,11.14,-0.6,31.77,0.78
2020-07-31,Rajasthan,Rajsamand,1.38,16,0,0.0,633,5,0.79,54.65,0.43,0.05,1158283,11.74,0.95,30.99,0.78
2020-07-30,Rajasthan,Rajsamand,1.99,23,0,0.0,617,5,0.81,53.27,0.43,0.05,1158283,10.79,1.99,30.21,1.13
2020-07-29,Rajasthan,Rajsamand,2.07,24,0,0.0,594,5,0.84,51.28,0.43,0.05,1158283,8.8,1.47,29.08,1.03
2020-07-28,Rajasthan,Rajsamand,0.35,4,0,0.0,570,5,0.88,49.21,0.43,0.05,1158283,7.33,-0.86,28.05,-0.25
2020-07-27,Rajasthan,Rajsamand,3.8,44,0,0.0,566,5,0.88,48.87,0.43,0.05,1158283,8.19,3.11,28.3,3.45
2020-07-26,Rajasthan,Rajsamand,0.6,7,0,0.0,522,5,0.96,45.07,0.43,0.05,1158283,5.08,-1.04,24.85,0.17
2020-07-25,Rajasthan,Rajsamand,1.55,18,0,0.0,515,5,0.97,44.46,0.43,0.04,1158283,6.12,-0.18,24.68,1.38
2020-07-24,Rajasthan,Rajsamand,0.43,5,0,0.0,497,5,1.01,42.91,0.43,0.04,1158283,6.3,-0.69,23.3,0.43
2020-07-23,Rajasthan,Rajsamand,0.0,0,0,0.0,492,5,1.02,42.48,0.43,0.04,1158283,6.99,0.0,22.87,-0.35
2020-07-22,Rajasthan,Rajsamand,0.6,7,0,0.0,492,5,1.02,42.48,0.43,0.04,1158283,6.99,-1.04,23.22,-0.09
2020-07-21,Rajasthan,Rajsamand,1.21,14,0,0.0,485,5,1.03,41.87,0.43,0.04,1158283,8.03,0.78,23.31,0.61
2020-07-20,Rajasthan,Rajsamand,0.69,8,0,0.0,471,5,1.06,40.66,0.43,0.04,1158283,7.25,-0.78,22.7,-0.09
2020-07-19,Rajasthan,Rajsamand,1.64,19,0,0.0,463,5,1.08,39.97,0.43,0.04,1158283,8.03,1.55,22.79,0.26
2020-07-18,Rajasthan,Rajsamand,1.73,20,1,0.09,444,5,1.13,38.33,0.43,0.04,1158283,6.48,0.52,22.53,0.78
2020-07-17,Rajasthan,Rajsamand,1.12,13,1,0.09,424,4,0.94,36.61,0.35,0.04,1158283,5.96,0.77,21.75,0.95
2020-07-16,Rajasthan,Rajsamand,0.0,0,0,0.0,411,3,0.73,35.48,0.26,0.04,1158283,5.19,-0.26,20.8,-0.17
2020-07-15,Rajasthan,Rajsamand,1.64,19,0,0.0,411,3,0.73,35.48,0.26,0.04,1158283,5.45,-0.69,20.97,1.64
2020-07-14,Rajasthan,Rajsamand,0.43,5,2,0.17,392,3,0.77,33.84,0.26,0.03,1158283,6.14,0.26,19.33,0.26
2020-07-13,Rajasthan,Rajsamand,1.47,17,0,0.0,387,1,0.26,33.41,0.09,0.03,1158283,5.88,0.95,19.07,1.47
2020-07-12,Rajasthan,Rajsamand,0.09,1,0,0.0,370,1,0.27,31.94,0.09,0.03,1158283,4.93,-3.1,17.6,0.09
2020-07-11,Rajasthan,Rajsamand,1.21,14,0,0.0,369,1,0.27,31.86,0.09,0.03,1158283,8.03,1.04,17.51,1.21
2020-07-10,Rajasthan,Rajsamand,0.35,4,0,0.0,355,1,0.28,30.65,0.09,0.03,1158283,6.99,-0.25,16.3,0.26
2020-07-09,Rajasthan,Rajsamand,0.26,3,0,0.0,351,1,0.28,30.3,0.09,0.03,1158283,7.24,-0.6,16.04,0.26
2020-07-08,Rajasthan,Rajsamand,2.33,27,0,0.0,348,1,0.29,30.04,0.09,0.03,1158283,7.84,1.29,15.78,2.07
2020-07-07,Rajasthan,Rajsamand,0.17,2,0,0.0,321,1,0.31,27.71,0.09,0.03,1158283,6.55,-0.43,13.71,0.17
2020-07-06,Rajasthan,Rajsamand,0.52,6,0,0.0,319,1,0.31,27.54,0.09,0.03,1158283,6.98,0.17,13.54,0.52
2020-07-05,Rajasthan,Rajsamand,3.19,37,0,0.0,313,1,0.32,27.02,0.09,0.03,1158283,6.81,2.76,13.02,3.1
2020-07-04,Rajasthan,Rajsamand,0.17,2,0,0.0,276,1,0.36,23.83,0.09,0.02,1158283,4.05,0.0,9.92,0.08
2020-07-03,Rajasthan,Rajsamand,0.6,7,0,0.0,274,1,0.36,23.66,0.09,0.02,1158283,4.05,0.6,9.84,-0.44
2020-07-02,Rajasthan,Rajsamand,0.86,10,0,0.0,267,1,0.37,23.05,0.09,0.02,1158283,3.45,0.51,10.28,0.6
2020-07-01,Rajasthan,Rajsamand,1.04,12,0,0.0,257,1,0.39,22.19,0.09,0.02,1158283,2.94,0.35,9.68,0.78
2020-06-30,Rajasthan,Rajsamand,0.6,7,0,0.0,245,1,0.41,21.15,0.09,0.02,1158283,2.59,0.0,8.9,0.6
2020-06-29,Rajasthan,Rajsamand,0.35,4,0,0.0,238,1,0.42,20.55,0.09,0.02,1158283,2.59,-0.43,8.3,0.26
2020-06-28,Rajasthan,Rajsamand,0.43,5,0,0.0,234,1,0.43,20.2,0.09,0.02,1158283,3.02,-0.95,8.04,-0.09
2020-06-27,Rajasthan,Rajsamand,0.17,2,0,0.0,229,1,0.44,19.77,0.09,0.02,1158283,3.97,-0.78,8.13,0.17
2020-06-26,Rajasthan,Rajsamand,0.0,0,0,0.0,227,1,0.44,19.6,0.09,0.02,1158283,4.75,-0.17,7.96,0.0
2020-06-25,Rajasthan,Rajsamand,0.35,4,0,0.0,227,1,0.44,19.6,0.09,0.02,1158283,4.92,0.18,7.96,0.35
2020-06-24,Rajasthan,Rajsamand,0.69,8,0,0.0,223,1,0.45,19.25,0.09,0.02,1158283,4.74,0.69,7.61,-0.09
2020-06-23,Rajasthan,Rajsamand,0.6,7,0,0.0,215,1,0.47,18.56,0.09,0.02,1158283,4.05,0.43,7.7,-0.35
2020-06-22,Rajasthan,Rajsamand,0.78,9,0,0.0,208,1,0.48,17.96,0.09,0.02,1158283,3.62,0.78,8.05,0.52
2020-06-21,Rajasthan,Rajsamand,1.38,16,0,0.0,199,1,0.5,17.18,0.09,0.02,1158283,2.84,1.38,7.53,-0.69
2020-06-20,Rajasthan,Rajsamand,0.95,11,0,0.0,183,1,0.55,15.8,0.09,0.02,1158283,1.46,0.95,8.22,-0.69
2020-06-19,Rajasthan,Rajsamand,0.17,2,0,0.0,172,1,0.58,14.85,0.09,0.01,1158283,0.51,0.08,8.91,0.08
2020-06-18,Rajasthan,Rajsamand,0.17,2,0,0.0,170,1,0.59,14.68,0.09,0.01,1158283,0.43,0.17,8.83,-0.43
2020-06-17,Rajasthan,Rajsamand,0.0,0,0,0.0,168,1,0.6,14.5,0.09,0.01,1158283,0.26,-0.26,9.26,-0.69
2020-06-16,Rajasthan,Rajsamand,0.17,2,0,0.0,168,1,0.6,14.5,0.09,0.01,1158283,0.52,0.17,9.95,0.17
2020-06-15,Rajasthan,Rajsamand,0.0,0,0,0.0,166,1,0.6,14.33,0.09,0.01,1158283,0.35,0.0,9.78,-0.86
2020-06-14,Rajasthan,Rajsamand,0.0,0,0,0.0,166,1,0.6,14.33,0.09,0.01,1158283,0.35,-0.09,10.64,-0.86
2020-06-13,Rajasthan,Rajsamand,0.0,0,0,0.0,166,1,0.6,14.33,0.09,0.01,1158283,0.44,-0.09,11.5,0.0
2020-06-12,Rajasthan,Rajsamand,0.09,1,0,0.0,166,1,0.6,14.33,0.09,0.01,1158283,0.53,-0.95,11.5,-0.17
2020-06-11,Rajasthan,Rajsamand,0.0,0,0,0.0,165,1,0.61,14.25,0.09,0.01,1158283,1.48,-0.26,11.67,-0.35
2020-06-10,Rajasthan,Rajsamand,0.26,3,0,0.0,165,1,0.61,14.25,0.09,0.01,1158283,1.74,0.0,12.02,-0.17
2020-06-09,Rajasthan,Rajsamand,0.0,0,0,0.0,162,1,0.62,13.99,0.09,0.01,1158283,1.74,0.0,12.19,-0.09
2020-06-08,Rajasthan,Rajsamand,0.0,0,0,0.0,162,1,0.62,13.99,0.09,0.01,1158283,1.74,-0.09,12.28,-0.35
2020-06-07,Rajasthan,Rajsamand,0.09,1,0,0.0,162,1,0.62,13.99,0.09,0.01,1158283,1.83,-0.43,12.63,0.0
2020-06-06,Rajasthan,Rajsamand,0.09,1,0,0.0,161,1,0.62,13.9,0.09,0.01,1158283,2.26,0.09,12.63,-0.08
2020-06-05,Rajasthan,Rajsamand,1.04,12,0,0.0,160,1,0.62,13.81,0.09,0.01,1158283,2.17,1.04,12.71,0.52
2020-06-04,Rajasthan,Rajsamand,0.26,3,0,0.0,148,1,0.68,12.78,0.09,0.01,1158283,1.13,0.26,12.19,0.17
2020-06-03,Rajasthan,Rajsamand,0.26,3,0,0.0,145,1,0.69,12.52,0.09,0.01,1158283,0.87,-0.52,12.02,0.17
2020-06-02,Rajasthan,Rajsamand,0.0,0,0,0.0,142,1,0.7,12.26,0.09,0.01,1158283,1.39,-0.95,11.85,-0.09
2020-06-01,Rajasthan,Rajsamand,0.09,1,0,0.0,142,1,0.7,12.26,0.09,0.01,1158283,2.34,-0.17,11.94,-0.08
2020-05-31,Rajasthan,Rajsamand,0.52,6,0,0.0,141,1,0.71,12.17,0.09,0.01,1158283,2.51,-1.55,12.02,0.52
2020-05-30,Rajasthan,Rajsamand,0.0,0,0,0.0,135,1,0.74,11.66,0.09,0.01,1158283,4.06,-1.64,11.5,0.0
2020-05-29,Rajasthan,Rajsamand,0.0,0,0,0.0,135,1,0.74,11.66,0.09,0.01,1158283,5.7,-0.09,11.5,-0.09
2020-05-28,Rajasthan,Rajsamand,0.0,0,0,0.0,135,1,0.74,11.66,0.09,0.01,1158283,5.79,-0.6,11.59,0.0
2020-05-27,Rajasthan,Rajsamand,0.78,9,0,0.0,135,1,0.74,11.66,0.09,0.01,1158283,6.39,0.09,11.59,0.78
2020-05-26,Rajasthan,Rajsamand,0.95,11,1,0.09,126,1,0.79,10.88,0.09,0.01,1158283,6.3,0.95,10.81,0.95
2020-05-25,Rajasthan,Rajsamand,0.26,3,0,0.0,115,0,0.0,9.93,0.0,0.01,1158283,5.35,-0.6,9.86,0.26
2020-05-24,Rajasthan,Rajsamand,2.07,24,0,0.0,112,0,0.0,9.67,0.0,0.01,1158283,5.95,1.21,9.6,2.07
2020-05-23,Rajasthan,Rajsamand,1.64,19,0,0.0,88,0,0.0,7.6,0.0,0.01,1158283,4.74,1.64,7.53,1.64
2020-05-22,Rajasthan,Rajsamand,0.09,1,0,0.0,69,0,0.0,5.96,0.0,0.01,1158283,3.1,-0.17,5.89,0.09
2020-05-21,Rajasthan,Rajsamand,0.6,7,0,0.0,68,0,0.0,5.87,0.0,0.01,1158283,3.27,0.25,5.8,0.6
2020-05-20,Rajasthan,Rajsamand,0.69,8,0,0.0,61,0,0.0,5.27,0.0,0.01,1158283,3.02,0.26,5.2,0.69
2020-05-19,Rajasthan,Rajsamand,0.0,0,0,0.0,53,0,0.0,4.58,0.0,0.0,1158283,2.76,-0.09,4.51,0.0
2020-05-18,Rajasthan,Rajsamand,0.86,10,0,0.0,53,0,0.0,4.58,0.0,0.0,1158283,2.85,0.51,4.51,0.86
2020-05-17,Rajasthan,Rajsamand,0.86,10,0,0.0,43,0,0.0,3.71,0.0,0.0,1158283,2.34,0.77,3.65,0.86
2020-05-16,Rajasthan,Rajsamand,0.0,0,0,0.0,33,0,0.0,2.85,0.0,0.0,1158283,1.57,-0.17,2.79,0.0
2020-05-15,Rajasthan,Rajsamand,0.26,3,0,0.0,33,0,0.0,2.85,0.0,0.0,1158283,1.74,-0.26,2.79,0.26
2020-05-14,Rajasthan,Rajsamand,0.35,4,0,0.0,30,0,0.0,2.59,0.0,0.0,1158283,2.0,0.26,2.53,0.35
2020-05-13,Rajasthan,Rajsamand,0.43,5,0,0.0,26,0,0.0,2.24,0.0,0.0,1158283,1.74,0.34,2.18,0.43
2020-05-12,Rajasthan,Rajsamand,0.09,1,0,0.0,21,0,0.0,1.81,0.0,0.0,1158283,1.4,0.0,1.75,0.09
2020-05-11,Rajasthan,Rajsamand,0.35,4,0,0.0,20,0,0.0,1.73,0.0,0.0,1158283,1.4,0.18,1.66,0.35
2020-05-10,Rajasthan,Rajsamand,0.09,1,0,0.0,16,0,0.0,1.38,0.0,0.0,1158283,1.22,0.09,1.31,0.09
2020-05-09,Rajasthan,Rajsamand,0.17,2,0,0.0,15,0,0.0,1.3,0.0,0.0,1158283,1.13,0.17,1.22,0.17
2020-05-08,Rajasthan,Rajsamand,0.52,6,0,0.0,13,0,0.0,1.12,0.0,0.0,1158283,0.96,0.43,1.05,0.52
2020-05-07,Rajasthan,Rajsamand,0.09,1,0,0.0,7,0,0.0,0.6,0.0,0.0,1158283,0.53,0.09,0.53,0.09
2020-05-06,Rajasthan,Rajsamand,0.09,1,0,0.0,6,0,0.0,0.52,0.0,0.0,1158283,0.44,0.09,0.44,0.09
2020-05-05,Rajasthan,Rajsamand,0.09,1,0,0.0,5,0,0.0,0.43,0.0,0.0,1158283,0.35,0.09,0.35,0.09
2020-05-04,Rajasthan,Rajsamand,0.17,2,0,0.0,4,0,0.0,0.35,0.0,0.0,1158283,0.26,0.17,0.26,0.17
2020-05-03,Rajasthan,Rajsamand,0.0,0,0,0.0,2,0,0.0,0.17,0.0,0.0,1158283,0.09,0.0,0.09,0.0
2020-05-02,Rajasthan,Rajsamand,0.0,0,0,0.0,2,0,0.0,0.17,0.0,0.0,1158283,0.09,0.0,0.09,0.0
2020-05-01,Rajasthan,Rajsamand,0.09,1,0,0.0,2,0,0.0,0.17,0.0,0.0,1158283,0.09,0.09,0.09,0.09
2020-04-30,Rajasthan,Rajsamand,0.0,0,0,0.0,1,0,0.0,0.09,0.0,0.0,1158283,0.0,0.0,0.0,0.0
2020-04-29,Rajasthan,Rajsamand,0.0,0,0,0.0,1,0,0.0,0.09,0.0,0.0,1158283,0.0,0.0,0.0,0.0
2020-04-28,Rajasthan,Rajsamand,0.0,0,0,0.0,1,0,0.0,0.09,0.0,0.0,1158283,0.0,0.0,0.0,0.0
2020-04-27,Rajasthan,Rajsamand,0.0,0,0,0.0,1,0,0.0,0.09,0.0,0.0,1158283,0.0,0.0,0.0,0.0
2020-04-26,Rajasthan,Rajsamand,0.0,0,0,0.0,1,0,0.0,0.09,0.0,0.0,1158283,0.0,0.0,0.0,0.0
