date,state,city,1day_cases_100k,new_cases,new_deaths,new_deaths_100k,total_cases,total_deaths,cfr%,total_cases_100k,total_deaths_100k,%infected,population,7day_cases_100k,7day_cases_change,28day_cases_100k,28day_cases_change
2020-09-24,Sergipe,Nossa Senhora de Lourdes,0.0,0,0,0.0,85,4,4.71,1311.12,61.7,1.31,6483,0.0,0.0,15.42,0.0
2020-09-23,Sergipe,Nossa Senhora de Lourdes,0.0,0,0,0.0,85,4,4.71,1311.12,61.7,1.31,6483,0.0,0.0,15.42,0.0
2020-09-22,Sergipe,Nossa Senhora de Lourdes,0.0,0,0,0.0,85,4,4.71,1311.12,61.7,1.31,6483,0.0,0.0,15.42,0.0
2020-09-21,Sergipe,Nossa Senhora de Lourdes,0.0,0,0,0.0,85,4,4.71,1311.12,61.7,1.31,6483,0.0,0.0,15.42,0.0
2020-09-20,Sergipe,Nossa Senhora de Lourdes,0.0,0,0,0.0,85,4,4.71,1311.12,61.7,1.31,6483,0.0,0.0,15.42,0.0
2020-09-19,Sergipe,Nossa Senhora de Lourdes,0.0,0,0,0.0,85,4,4.71,1311.12,61.7,1.31,6483,0.0,0.0,15.42,0.0
2020-09-18,Sergipe,Nossa Senhora de Lourdes,0.0,0,0,0.0,85,4,4.71,1311.12,61.7,1.31,6483,0.0,0.0,15.42,0.0
2020-09-17,Sergipe,Nossa Senhora de Lourdes,0.0,0,0,0.0,85,4,4.71,1311.12,61.7,1.31,6483,0.0,-15.42,15.42,0.0
2020-09-16,Sergipe,Nossa Senhora de Lourdes,0.0,0,0,0.0,85,4,4.71,1311.12,61.7,1.31,6483,15.42,0.0,15.42,0.0
2020-09-15,Sergipe,Nossa Senhora de Lourdes,0.0,0,0,0.0,85,4,4.71,1311.12,61.7,1.31,6483,15.42,0.0,15.42,0.0
2020-09-14,Sergipe,Nossa Senhora de Lourdes,0.0,0,0,0.0,85,4,4.71,1311.12,61.7,1.31,6483,15.42,0.0,15.42,-138.82
2020-09-13,Sergipe,Nossa Senhora de Lourdes,0.0,0,0,0.0,85,4,4.71,1311.12,61.7,1.31,6483,15.42,0.0,154.24,0.0
2020-09-12,Sergipe,Nossa Senhora de Lourdes,0.0,0,0,0.0,85,4,4.71,1311.12,61.7,1.31,6483,15.42,0.0,154.24,-15.42
2020-09-11,Sergipe,Nossa Senhora de Lourdes,0.0,0,0,0.0,85,4,4.71,1311.12,61.7,1.31,6483,15.42,0.0,169.66,0.0
2020-09-10,Sergipe,Nossa Senhora de Lourdes,15.42,1,0,0.0,85,4,4.71,1311.12,61.7,1.31,6483,15.42,15.42,169.66,-123.4
2020-09-09,Sergipe,Nossa Senhora de Lourdes,0.0,0,0,0.0,84,4,4.76,1295.7,61.7,1.3,6483,0.0,0.0,293.06,0.0
2020-09-08,Sergipe,Nossa Senhora de Lourdes,0.0,0,0,0.0,84,4,4.76,1295.7,61.7,1.3,6483,0.0,0.0,293.06,0.0
2020-09-07,Sergipe,Nossa Senhora de Lourdes,0.0,0,0,0.0,84,4,4.76,1295.7,61.7,1.3,6483,0.0,0.0,293.06,0.0
2020-09-05,Sergipe,Nossa Senhora de Lourdes,0.0,0,0,0.0,84,4,4.76,1295.7,61.7,1.3,6483,0.0,0.0,293.06,0.0
2020-09-04,Sergipe,Nossa Senhora de Lourdes,0.0,0,0,0.0,84,4,4.76,1295.7,61.7,1.3,6483,0.0,0.0,293.06,0.0
2020-09-03,Sergipe,Nossa Senhora de Lourdes,0.0,0,0,0.0,84,4,4.76,1295.7,61.7,1.3,6483,0.0,0.0,293.06,-77.12
2020-09-02,Sergipe,Nossa Senhora de Lourdes,0.0,0,0,0.0,84,4,4.76,1295.7,61.7,1.3,6483,0.0,0.0,370.18,0.0
2020-09-01,Sergipe,Nossa Senhora de Lourdes,0.0,0,0,0.0,84,4,4.76,1295.7,61.7,1.3,6483,0.0,0.0,370.18,0.0
2020-08-31,Sergipe,Nossa Senhora de Lourdes,0.0,0,0,0.0,84,4,4.76,1295.7,61.7,1.3,6483,0.0,0.0,370.18,0.0
2020-08-30,Sergipe,Nossa Senhora de Lourdes,0.0,0,0,0.0,84,4,4.76,1295.7,61.7,1.3,6483,0.0,0.0,370.18,-61.7
2020-08-29,Sergipe,Nossa Senhora de Lourdes,0.0,0,0,0.0,84,4,4.76,1295.7,61.7,1.3,6483,0.0,0.0,431.88,-15.42
2020-08-28,Sergipe,Nossa Senhora de Lourdes,0.0,0,0,0.0,84,4,4.76,1295.7,61.7,1.3,6483,0.0,0.0,447.3,-46.27
2020-08-27,Sergipe,Nossa Senhora de Lourdes,0.0,0,0,0.0,84,4,4.76,1295.7,61.7,1.3,6483,0.0,0.0,493.57,-107.97
2020-08-26,Sergipe,Nossa Senhora de Lourdes,0.0,0,0,0.0,84,4,4.76,1295.7,61.7,1.3,6483,0.0,0.0,601.54,0.0
2020-08-25,Sergipe,Nossa Senhora de Lourdes,0.0,0,0,0.0,84,4,4.76,1295.7,61.7,1.3,6483,0.0,0.0,601.54,-30.85
2020-08-24,Sergipe,Nossa Senhora de Lourdes,0.0,0,0,0.0,84,4,4.76,1295.7,61.7,1.3,6483,0.0,0.0,632.39,-61.7
2020-08-23,Sergipe,Nossa Senhora de Lourdes,0.0,0,0,0.0,84,4,4.76,1295.7,61.7,1.3,6483,0.0,-138.82,694.09,0.0
2020-08-22,Sergipe,Nossa Senhora de Lourdes,0.0,0,0,0.0,84,4,4.76,1295.7,61.7,1.3,6483,138.82,0.0,694.09,0.0
2020-08-21,Sergipe,Nossa Senhora de Lourdes,0.0,0,0,0.0,84,4,4.76,1295.7,61.7,1.3,6483,138.82,-15.42,694.09,0.0
2020-08-20,Sergipe,Nossa Senhora de Lourdes,0.0,0,0,0.0,84,4,4.76,1295.7,61.7,1.3,6483,154.24,0.0,694.09,-30.85
2020-08-19,Sergipe,Nossa Senhora de Lourdes,0.0,0,0,0.0,84,4,4.76,1295.7,61.7,1.3,6483,154.24,-138.82,724.94,15.42
2020-08-17,Sergipe,Nossa Senhora de Lourdes,0.0,0,0,0.0,84,4,4.76,1295.7,61.7,1.3,6483,293.06,0.0,709.52,-246.8
2020-08-16,Sergipe,Nossa Senhora de Lourdes,0.0,0,0,0.0,84,4,4.76,1295.7,61.7,1.3,6483,293.06,0.0,956.32,0.0
2020-08-15,Sergipe,Nossa Senhora de Lourdes,138.82,9,0,0.0,84,4,4.76,1295.7,61.7,1.3,6483,293.06,138.82,956.32,138.82
2020-08-14,Sergipe,Nossa Senhora de Lourdes,0.0,0,0,0.0,75,4,5.33,1156.87,61.7,1.16,6483,154.24,0.0,817.5,0.0
2020-08-13,Sergipe,Nossa Senhora de Lourdes,15.42,1,0,0.0,75,4,5.33,1156.87,61.7,1.16,6483,154.24,15.42,817.5,15.42
2020-08-12,Sergipe,Nossa Senhora de Lourdes,0.0,0,0,0.0,74,4,5.41,1141.45,61.7,1.14,6483,138.82,-77.12,802.08,0.0
2020-08-11,Sergipe,Nossa Senhora de Lourdes,138.82,9,0,0.0,74,4,5.41,1141.45,61.7,1.14,6483,215.94,138.82,802.08,138.82
2020-08-09,Sergipe,Nossa Senhora de Lourdes,0.0,0,0,0.0,65,4,6.15,1002.62,61.7,1.0,6483,77.12,0.0,663.26,-30.85
2020-08-08,Sergipe,Nossa Senhora de Lourdes,0.0,0,0,0.0,65,4,6.15,1002.62,61.7,1.0,6483,77.12,0.0,694.11,0.0
2020-08-07,Sergipe,Nossa Senhora de Lourdes,0.0,0,0,0.0,65,4,6.15,1002.62,61.7,1.0,6483,77.12,-61.7,694.11,0.0
2020-08-06,Sergipe,Nossa Senhora de Lourdes,0.0,0,0,0.0,65,4,6.15,1002.62,61.7,1.0,6483,138.82,-15.42,694.11,0.0
2020-08-05,Sergipe,Nossa Senhora de Lourdes,0.0,0,0,0.0,65,4,6.15,1002.62,61.7,1.0,6483,154.24,-46.27,694.11,-30.85
2020-08-04,Sergipe,Nossa Senhora de Lourdes,77.12,5,0,0.0,65,4,6.15,1002.62,61.7,1.0,6483,200.51,-30.85,724.96,77.12
2020-08-03,Sergipe,Nossa Senhora de Lourdes,0.0,0,0,0.0,60,4,6.67,925.5,61.7,0.93,6483,231.36,0.0,647.84,-61.7
2020-08-02,Sergipe,Nossa Senhora de Lourdes,0.0,0,0,0.0,60,4,6.67,925.5,61.7,0.93,6483,231.36,-30.85,709.54,0.0
2020-08-01,Sergipe,Nossa Senhora de Lourdes,0.0,0,0,0.0,60,4,6.67,925.5,61.7,0.93,6483,262.21,-61.7,709.54,0.0
2020-07-30,Sergipe,Nossa Senhora de Lourdes,61.7,4,0,0.0,60,4,6.67,925.5,61.7,0.93,6483,323.91,61.7,709.54,61.7
2020-07-29,Sergipe,Nossa Senhora de Lourdes,15.42,1,0,0.0,56,4,7.14,863.8,61.7,0.86,6483,262.21,15.42,647.84,0.0
2020-07-28,Sergipe,Nossa Senhora de Lourdes,46.27,3,0,0.0,55,4,7.27,848.37,61.7,0.85,6483,246.79,46.27,647.84,46.27
2020-07-26,Sergipe,Nossa Senhora de Lourdes,107.97,7,0,0.0,52,4,7.69,802.1,61.7,0.8,6483,200.52,77.12,601.57,107.97
2020-07-23,Sergipe,Nossa Senhora de Lourdes,0.0,0,0,0.0,45,4,8.89,694.12,61.7,0.69,6483,123.4,15.42,493.6,0.0
2020-07-22,Sergipe,Nossa Senhora de Lourdes,30.85,2,0,0.0,45,4,8.89,694.12,61.7,0.69,6483,107.98,-215.95,493.6,30.85
2020-07-21,Sergipe,Nossa Senhora de Lourdes,61.7,4,0,0.0,43,4,9.3,663.27,61.7,0.66,6483,323.93,61.7,462.75,61.7
2020-07-20,Sergipe,Nossa Senhora de Lourdes,0.0,0,0,0.0,39,4,10.26,601.57,61.7,0.6,6483,262.23,0.0,401.05,0.0
2020-07-19,Sergipe,Nossa Senhora de Lourdes,0.0,0,0,0.0,39,4,10.26,601.57,61.7,0.6,6483,262.23,0.0,401.05,0.0
2020-07-18,Sergipe,Nossa Senhora de Lourdes,0.0,0,0,0.0,39,4,10.26,601.57,61.7,0.6,6483,262.23,0.0,401.05,-15.42
2020-07-17,Sergipe,Nossa Senhora de Lourdes,30.85,2,0,0.0,39,4,10.26,601.57,61.7,0.6,6483,262.23,30.85,416.47,15.43
2020-07-16,Sergipe,Nossa Senhora de Lourdes,-15.42,-1,0,0.0,37,4,10.81,570.72,61.7,0.57,6483,231.38,-15.42,401.04,-30.84
2020-07-15,Sergipe,Nossa Senhora de Lourdes,246.8,16,0,0.0,38,4,10.53,586.15,61.7,0.59,6483,246.8,215.95,431.88,246.8
2020-07-14,Sergipe,Nossa Senhora de Lourdes,0.0,0,0,0.0,22,4,18.18,339.35,61.7,0.34,6483,30.85,0.0,185.08,15.42
2020-07-13,Sergipe,Nossa Senhora de Lourdes,0.0,0,0,0.0,22,4,18.18,339.35,61.7,0.34,6483,30.85,0.0,169.66,0.0
2020-07-12,Sergipe,Nossa Senhora de Lourdes,0.0,0,0,0.0,22,4,18.18,339.35,61.7,0.34,6483,30.85,0.0,169.66,-15.42
2020-07-11,Sergipe,Nossa Senhora de Lourdes,0.0,0,0,0.0,22,4,18.18,339.35,61.7,0.34,6483,30.85,-30.85,185.08,15.42
2020-07-10,Sergipe,Nossa Senhora de Lourdes,0.0,0,0,0.0,22,4,18.18,339.35,61.7,0.34,6483,61.7,0.0,169.66,-15.42
2020-07-09,Sergipe,Nossa Senhora de Lourdes,0.0,0,0,0.0,22,4,18.18,339.35,61.7,0.34,6483,61.7,-61.7,185.08,0.0
2020-07-08,Sergipe,Nossa Senhora de Lourdes,30.85,2,0,0.0,22,4,18.18,339.35,61.7,0.34,6483,123.4,30.85,185.08,30.85
2020-07-07,Sergipe,Nossa Senhora de Lourdes,0.0,0,0,0.0,20,4,20.0,308.5,61.7,0.31,6483,92.55,0.0,154.23,-15.42
2020-07-06,Sergipe,Nossa Senhora de Lourdes,0.0,0,0,0.0,20,4,20.0,308.5,61.7,0.31,6483,92.55,0.0,169.65,0.0
2020-07-05,Sergipe,Nossa Senhora de Lourdes,0.0,0,0,0.0,20,4,20.0,308.5,61.7,0.31,6483,92.55,-15.42,169.65,0.0
2020-07-04,Sergipe,Nossa Senhora de Lourdes,30.85,2,0,0.0,20,4,20.0,308.5,61.7,0.31,6483,107.97,30.85,169.65,30.85
2020-07-03,Sergipe,Nossa Senhora de Lourdes,0.0,0,0,0.0,18,4,22.22,277.65,61.7,0.28,6483,77.12,0.0,138.8,0.0
2020-07-02,Sergipe,Nossa Senhora de Lourdes,61.7,4,0,0.0,18,4,22.22,277.65,61.7,0.28,6483,77.12,61.7,138.8,61.7
2020-07-01,Sergipe,Nossa Senhora de Lourdes,0.0,0,0,0.0,14,4,28.57,215.95,61.7,0.22,6483,15.42,0.0,77.1,0.0
2020-06-30,Sergipe,Nossa Senhora de Lourdes,0.0,0,0,0.0,14,4,28.57,215.95,61.7,0.22,6483,15.42,0.0,77.1,0.0
2020-06-29,Sergipe,Nossa Senhora de Lourdes,0.0,0,0,0.0,14,4,28.57,215.95,61.7,0.22,6483,15.42,0.0,77.1,0.0
2020-06-28,Sergipe,Nossa Senhora de Lourdes,15.42,1,0,0.0,14,4,28.57,215.95,61.7,0.22,6483,15.42,15.42,77.1,15.42
2020-06-27,Sergipe,Nossa Senhora de Lourdes,0.0,0,0,0.0,13,4,30.77,200.52,61.7,0.2,6483,-0.0,-15.42,61.68,0.0
2020-06-26,Sergipe,Nossa Senhora de Lourdes,0.0,0,0,0.0,13,4,30.77,200.52,61.7,0.2,6483,15.42,-15.42,61.68,-30.85
2020-06-25,Sergipe,Nossa Senhora de Lourdes,0.0,0,0,0.0,13,4,30.77,200.52,61.7,0.2,6483,30.84,-15.42,92.53,0.0
2020-06-24,Sergipe,Nossa Senhora de Lourdes,0.0,0,0,0.0,13,4,30.77,200.52,61.7,0.2,6483,46.26,0.0,92.53,0.0
2020-06-23,Sergipe,Nossa Senhora de Lourdes,0.0,0,0,0.0,13,4,30.77,200.52,61.7,0.2,6483,46.26,15.42,92.53,0.0
2020-06-22,Sergipe,Nossa Senhora de Lourdes,0.0,0,0,0.0,13,4,30.77,200.52,61.7,0.2,6483,30.84,0.0,92.53,0.0
2020-06-21,Sergipe,Nossa Senhora de Lourdes,0.0,0,0,0.0,13,4,30.77,200.52,61.7,0.2,6483,30.84,-15.42,92.53,0.0
2020-06-20,Sergipe,Nossa Senhora de Lourdes,15.42,1,0,0.0,13,4,30.77,200.52,61.7,0.2,6483,46.26,30.84,92.53,0.0
2020-06-19,Sergipe,Nossa Senhora de Lourdes,15.42,1,0,0.0,12,4,33.33,185.1,61.7,0.19,6483,15.42,0.0,92.53,0.0
2020-06-18,Sergipe,Nossa Senhora de Lourdes,15.42,1,1,15.42,11,4,36.36,169.67,61.7,0.17,6483,15.42,15.42,92.53,15.42
2020-06-17,Sergipe,Nossa Senhora de Lourdes,0.0,0,0,0.0,10,3,30.0,154.25,46.27,0.15,6483,-0.0,0.0,77.11,0.0
2020-06-16,Sergipe,Nossa Senhora de Lourdes,-15.42,-1,0,0.0,10,3,30.0,154.25,46.27,0.15,6483,-0.0,-30.84,77.11,-15.42
2020-06-15,Sergipe,Nossa Senhora de Lourdes,0.0,0,0,0.0,11,3,27.27,169.67,46.27,0.17,6483,30.84,0.0,92.53,-15.42
2020-06-14,Sergipe,Nossa Senhora de Lourdes,15.42,1,1,15.42,11,3,27.27,169.67,46.27,0.17,6483,30.84,15.42,107.95,0.0
2020-06-13,Sergipe,Nossa Senhora de Lourdes,-15.42,-1,0,0.0,10,2,20.0,154.25,30.85,0.15,6483,15.42,-15.42,107.95,-30.84
2020-06-12,Sergipe,Nossa Senhora de Lourdes,15.42,1,0,0.0,11,2,18.18,169.67,30.85,0.17,6483,30.84,15.42,138.79,15.42
2020-06-11,Sergipe,Nossa Senhora de Lourdes,0.0,0,1,15.42,10,2,20.0,154.25,30.85,0.15,6483,15.42,0.0,123.37,0.0
2020-06-10,Sergipe,Nossa Senhora de Lourdes,0.0,0,0,0.0,10,1,10.0,154.25,15.42,0.15,6483,15.42,0.0,123.37,0.0
2020-06-09,Sergipe,Nossa Senhora de Lourdes,15.42,1,0,0.0,10,1,10.0,154.25,15.42,0.15,6483,15.42,15.42,123.37,0.0
2020-06-08,Sergipe,Nossa Senhora de Lourdes,0.0,0,0,0.0,9,1,11.11,138.82,15.42,0.14,6483,-0.0,0.0,123.37,0.0
2020-06-07,Sergipe,Nossa Senhora de Lourdes,0.0,0,0,0.0,9,1,11.11,138.82,15.42,0.14,6483,-0.0,0.0,123.37,0.0
2020-06-06,Sergipe,Nossa Senhora de Lourdes,0.0,0,0,0.0,9,1,11.11,138.82,15.42,0.14,6483,-0.0,0.0,123.37,0.0
2020-06-05,Sergipe,Nossa Senhora de Lourdes,0.0,0,0,0.0,9,1,11.11,138.82,15.42,0.14,6483,-0.0,-30.85,123.37,0.0
2020-06-04,Sergipe,Nossa Senhora de Lourdes,0.0,0,0,0.0,9,1,11.11,138.82,15.42,0.14,6483,30.85,0.0,123.37,0.0
2020-06-03,Sergipe,Nossa Senhora de Lourdes,0.0,0,0,0.0,9,1,11.11,138.82,15.42,0.14,6483,30.85,0.0,123.37,0.0
2020-06-02,Sergipe,Nossa Senhora de Lourdes,0.0,0,0,0.0,9,1,11.11,138.82,15.42,0.14,6483,30.85,0.0,123.37,0.0
2020-06-01,Sergipe,Nossa Senhora de Lourdes,0.0,0,0,0.0,9,1,11.11,138.82,15.42,0.14,6483,30.85,0.0,123.37,0.0
2020-05-31,Sergipe,Nossa Senhora de Lourdes,0.0,0,0,0.0,9,1,11.11,138.82,15.42,0.14,6483,30.85,0.0,123.37,0.0
2020-05-30,Sergipe,Nossa Senhora de Lourdes,0.0,0,0,0.0,9,1,11.11,138.82,15.42,0.14,6483,30.85,-15.42,123.37,0.0
2020-05-29,Sergipe,Nossa Senhora de Lourdes,30.85,2,0,0.0,9,1,11.11,138.82,15.42,0.14,6483,46.27,15.43,123.37,30.85
2020-05-28,Sergipe,Nossa Senhora de Lourdes,0.0,0,0,0.0,7,1,14.29,107.97,15.42,0.11,6483,30.84,0.0,92.52,0.0
2020-05-27,Sergipe,Nossa Senhora de Lourdes,0.0,0,0,0.0,7,1,14.29,107.97,15.42,0.11,6483,30.84,0.0,92.52,0.0
2020-05-26,Sergipe,Nossa Senhora de Lourdes,0.0,0,0,0.0,7,1,14.29,107.97,15.42,0.11,6483,30.84,0.0,92.52,0.0
2020-05-25,Sergipe,Nossa Senhora de Lourdes,0.0,0,0,0.0,7,1,14.29,107.97,15.42,0.11,6483,30.84,-15.42,92.52,0.0
2020-05-24,Sergipe,Nossa Senhora de Lourdes,0.0,0,0,0.0,7,1,14.29,107.97,15.42,0.11,6483,46.26,-15.42,92.52,0.0
2020-05-23,Sergipe,Nossa Senhora de Lourdes,15.42,1,0,0.0,7,1,14.29,107.97,15.42,0.11,6483,61.68,0.0,92.52,15.42
2020-05-22,Sergipe,Nossa Senhora de Lourdes,15.42,1,0,0.0,6,1,16.67,92.55,15.42,0.09,6483,61.68,15.42,77.1,15.42
2020-05-21,Sergipe,Nossa Senhora de Lourdes,0.0,0,0,0.0,5,1,20.0,77.12,15.42,0.08,6483,46.26,0.0,61.68,0.0
2020-05-20,Sergipe,Nossa Senhora de Lourdes,0.0,0,0,0.0,5,1,20.0,77.12,15.42,0.08,6483,46.26,0.0,61.68,0.0
2020-05-19,Sergipe,Nossa Senhora de Lourdes,0.0,0,0,0.0,5,1,20.0,77.12,15.42,0.08,6483,46.26,-15.42,61.68,0.0
2020-05-18,Sergipe,Nossa Senhora de Lourdes,15.42,1,0,0.0,5,1,20.0,77.12,15.42,0.08,6483,61.68,15.42,61.68,15.42
2020-05-17,Sergipe,Nossa Senhora de Lourdes,15.42,1,0,0.0,4,1,25.0,61.7,15.42,0.06,6483,46.26,15.42,46.26,15.42
2020-05-16,Sergipe,Nossa Senhora de Lourdes,15.42,1,0,0.0,3,1,33.33,46.27,15.42,0.05,6483,30.84,15.42,30.84,15.42
2020-05-15,Sergipe,Nossa Senhora de Lourdes,0.0,0,0,0.0,2,1,50.0,30.85,15.42,0.03,6483,15.42,0.0,15.42,0.0
2020-05-14,Sergipe,Nossa Senhora de Lourdes,0.0,0,0,0.0,2,1,50.0,30.85,15.42,0.03,6483,15.42,0.0,15.42,0.0
2020-05-13,Sergipe,Nossa Senhora de Lourdes,0.0,0,0,0.0,2,1,50.0,30.85,15.42,0.03,6483,15.42,0.0,15.42,0.0
2020-05-12,Sergipe,Nossa Senhora de Lourdes,15.42,1,0,0.0,2,1,50.0,30.85,15.42,0.03,6483,15.42,15.42,15.42,15.42
2020-05-11,Sergipe,Nossa Senhora de Lourdes,0.0,0,0,0.0,1,1,100.0,15.42,15.42,0.02,6483,0.0,0.0,0.0,0.0
2020-05-10,Sergipe,Nossa Senhora de Lourdes,0.0,0,0,0.0,1,1,100.0,15.42,15.42,0.02,6483,0.0,0.0,0.0,0.0
2020-05-09,Sergipe,Nossa Senhora de Lourdes,0.0,0,0,0.0,1,1,100.0,15.42,15.42,0.02,6483,0.0,0.0,0.0,0.0
2020-05-08,Sergipe,Nossa Senhora de Lourdes,0.0,0,0,0.0,1,1,100.0,15.42,15.42,0.02,6483,0.0,0.0,0.0,0.0
2020-05-07,Sergipe,Nossa Senhora de Lourdes,0.0,0,0,0.0,1,1,100.0,15.42,15.42,0.02,6483,0.0,0.0,0.0,0.0
2020-05-06,Sergipe,Nossa Senhora de Lourdes,0.0,0,0,0.0,1,1,100.0,15.42,15.42,0.02,6483,0.0,0.0,0.0,0.0
2020-05-05,Sergipe,Nossa Senhora de Lourdes,0.0,0,0,0.0,1,1,100.0,15.42,15.42,0.02,6483,0.0,0.0,0.0,0.0
