date,state,city,1day_cases_100k,new_cases,new_deaths,new_deaths_100k,total_cases,total_deaths,cfr%,total_cases_100k,total_deaths_100k,%infected,population,7day_cases_100k,7day_cases_change,28day_cases_100k,28day_cases_change
2020-08-28,Ceará,Aurora,36.51,9,0,0.0,206,11,5.34,835.56,44.62,0.84,24654,73.02,36.51,239.32,28.4
2020-08-27,Ceará,Aurora,0.0,0,0,0.0,197,11,5.58,799.06,44.62,0.8,24654,36.51,0.0,210.92,-16.22
2020-08-26,Ceará,Aurora,20.28,5,0,0.0,197,11,5.58,799.06,44.62,0.8,24654,36.51,20.28,227.14,8.11
2020-08-25,Ceará,Aurora,4.06,1,0,0.0,192,11,5.73,778.78,44.62,0.78,24654,16.23,4.06,219.03,0.0
2020-08-24,Ceará,Aurora,4.06,1,0,0.0,191,11,5.76,774.72,44.62,0.77,24654,12.17,-4.05,219.03,4.06
2020-08-23,Ceará,Aurora,8.11,2,0,0.0,190,11,5.79,770.67,44.62,0.77,24654,16.22,-4.06,214.97,4.05
2020-08-22,Ceará,Aurora,0.0,0,0,0.0,188,11,5.85,762.55,44.62,0.76,24654,20.28,-12.17,210.92,-8.11
2020-08-21,Ceará,Aurora,0.0,0,0,0.0,188,11,5.85,762.55,44.62,0.76,24654,32.45,0.0,219.03,-8.11
2020-08-20,Ceará,Aurora,0.0,0,0,0.0,188,11,5.85,762.55,44.62,0.76,24654,32.45,-12.17,227.14,0.0
2020-08-19,Ceará,Aurora,0.0,0,0,0.0,188,11,5.85,762.55,44.62,0.76,24654,44.62,0.0,227.14,-4.06
2020-08-18,Ceará,Aurora,0.0,0,0,0.0,188,11,5.85,762.55,44.62,0.76,24654,44.62,-8.11,231.2,-44.62
2020-08-17,Ceará,Aurora,8.11,2,1,4.06,188,11,5.85,762.55,44.62,0.76,24654,52.73,8.11,275.82,-8.11
2020-08-16,Ceará,Aurora,12.17,3,0,0.0,186,10,5.38,754.44,40.56,0.75,24654,44.62,12.17,283.93,-4.05
2020-08-15,Ceará,Aurora,12.17,3,0,0.0,183,10,5.46,742.27,40.56,0.74,24654,32.45,-44.62,287.98,-4.05
2020-08-14,Ceará,Aurora,0.0,0,0,0.0,180,10,5.56,730.1,40.56,0.73,24654,77.07,-8.11,292.03,-12.17
2020-08-13,Ceará,Aurora,12.17,3,0,0.0,180,10,5.56,730.1,40.56,0.73,24654,85.18,4.06,304.2,4.06
2020-08-12,Ceará,Aurora,0.0,0,0,0.0,177,10,5.65,717.94,40.56,0.72,24654,81.12,-16.22,300.14,-32.45
2020-08-11,Ceará,Aurora,8.11,2,1,4.06,177,10,5.65,717.94,40.56,0.72,24654,97.34,4.05,332.59,-20.28
2020-08-10,Ceará,Aurora,0.0,0,0,0.0,175,9,5.14,709.82,36.51,0.71,24654,93.29,0.0,352.87,-8.11
2020-08-09,Ceará,Aurora,0.0,0,0,0.0,175,9,5.14,709.82,36.51,0.71,24654,93.29,0.0,360.98,-12.17
2020-08-08,Ceará,Aurora,56.79,14,0,0.0,175,9,5.14,709.82,36.51,0.71,24654,93.29,36.51,373.15,32.45
2020-08-07,Ceará,Aurora,8.11,2,0,0.0,161,9,5.59,653.04,36.51,0.65,24654,56.78,0.0,340.7,12.17
2020-08-06,Ceará,Aurora,8.11,2,0,0.0,159,9,5.66,644.93,36.51,0.64,24654,56.78,-8.11,328.53,0.0
2020-08-05,Ceará,Aurora,16.22,4,0,0.0,157,9,5.73,636.81,36.51,0.64,24654,64.89,4.05,328.53,-20.29
2020-08-04,Ceará,Aurora,4.06,1,0,0.0,153,9,5.88,620.59,36.51,0.62,24654,60.84,0.0,348.82,4.06
2020-08-03,Ceará,Aurora,0.0,0,0,0.0,152,9,5.92,616.53,36.51,0.62,24654,60.84,0.0,344.76,-48.67
2020-08-02,Ceará,Aurora,0.0,0,0,0.0,152,9,5.92,616.53,36.51,0.62,24654,60.84,-4.06,393.43,-52.73
2020-08-01,Ceará,Aurora,20.28,5,1,4.06,152,9,5.92,616.53,36.51,0.62,24654,64.9,12.17,446.16,16.22
2020-07-31,Ceará,Aurora,8.11,2,0,0.0,147,8,5.44,596.25,32.45,0.6,24654,52.73,0.0,429.94,-4.06
2020-07-30,Ceará,Aurora,16.22,4,0,0.0,145,8,5.52,588.14,32.45,0.59,24654,52.73,16.22,434.0,8.11
2020-07-29,Ceará,Aurora,12.17,3,0,0.0,141,8,5.67,571.92,32.45,0.57,24654,36.51,8.11,425.89,-4.05
2020-07-28,Ceará,Aurora,4.06,1,1,4.06,138,8,5.8,559.75,32.45,0.56,24654,28.4,-40.56,429.94,4.06
2020-07-27,Ceará,Aurora,0.0,0,0,0.0,137,7,5.11,555.69,28.39,0.56,24654,68.96,-16.22,425.88,0.0
2020-07-26,Ceará,Aurora,4.06,1,0,0.0,137,7,5.11,555.69,28.39,0.56,24654,85.18,-12.16,425.88,-4.05
2020-07-25,Ceará,Aurora,8.11,2,1,4.06,136,7,5.15,551.63,28.39,0.55,24654,97.34,-8.11,429.93,-12.17
2020-07-24,Ceará,Aurora,8.11,2,0,0.0,134,6,4.48,543.52,24.34,0.54,24654,105.45,-4.06,442.1,-4.06
2020-07-23,Ceará,Aurora,0.0,0,0,0.0,132,6,4.55,535.41,24.34,0.54,24654,109.51,-8.11,446.16,0.0
2020-07-22,Ceará,Aurora,4.06,1,0,0.0,132,6,4.55,535.41,24.34,0.54,24654,117.62,-28.39,446.16,4.06
2020-07-21,Ceará,Aurora,44.62,11,0,0.0,131,6,4.58,531.35,24.34,0.53,24654,146.01,16.23,442.1,36.51
2020-07-20,Ceará,Aurora,16.22,4,0,0.0,120,6,5.0,486.74,24.34,0.49,24654,129.78,8.11,405.59,16.22
2020-07-19,Ceará,Aurora,16.22,4,0,0.0,116,6,5.17,470.51,24.34,0.47,24654,121.67,4.05,389.37,12.16
2020-07-17,Ceará,Aurora,16.22,4,0,0.0,112,6,5.36,454.29,24.34,0.45,24654,117.62,-8.12,377.21,12.16
2020-07-16,Ceará,Aurora,12.17,3,0,0.0,108,6,5.56,438.06,24.34,0.44,24654,125.74,16.23,365.05,0.0
2020-07-15,Ceará,Aurora,8.11,2,0,0.0,105,6,5.71,425.89,24.34,0.43,24654,109.51,0.0,365.05,8.11
2020-07-14,Ceará,Aurora,32.45,8,0,0.0,103,6,5.83,417.78,24.34,0.42,24654,109.51,-4.06,356.94,28.39
2020-07-13,Ceará,Aurora,28.39,7,0,0.0,95,6,6.32,385.33,24.34,0.39,24654,113.57,28.39,328.55,20.28
2020-07-12,Ceará,Aurora,8.11,2,1,4.06,88,6,6.82,356.94,24.34,0.36,24654,85.18,-40.56,308.27,8.11
2020-07-11,Ceará,Aurora,12.17,3,0,0.0,86,5,5.81,348.83,20.28,0.35,24654,125.74,-40.56,300.16,4.06
2020-07-10,Ceará,Aurora,24.34,6,1,4.06,83,5,6.02,336.66,20.28,0.34,24654,166.3,20.28,296.1,24.34
2020-07-09,Ceará,Aurora,-4.06,-1,0,0.0,77,4,5.19,312.32,16.22,0.31,24654,146.02,-16.23,271.76,-4.06
2020-07-08,Ceará,Aurora,8.11,2,0,0.0,78,4,5.13,316.38,16.22,0.32,24654,162.25,0.0,275.82,4.05
2020-07-07,Ceará,Aurora,36.51,9,0,0.0,76,4,5.26,308.27,16.22,0.31,24654,162.25,20.29,271.77,36.51
2020-07-06,Ceará,Aurora,0.0,0,0,0.0,67,4,5.97,271.76,16.22,0.27,24654,141.96,0.0,235.26,0.0
2020-07-05,Ceará,Aurora,48.67,12,0,0.0,67,4,5.97,271.76,16.22,0.27,24654,141.96,48.67,235.26,44.61
2020-07-04,Ceará,Aurora,52.73,13,0,0.0,55,4,7.27,223.09,16.22,0.22,24654,93.29,44.62,190.65,52.73
2020-07-03,Ceará,Aurora,4.06,1,0,0.0,42,4,9.52,170.36,16.22,0.17,24654,48.67,-16.22,137.92,0.0
2020-07-02,Ceará,Aurora,12.17,3,1,4.06,41,4,9.76,166.3,16.22,0.17,24654,64.89,0.0,137.92,12.17
2020-07-01,Ceará,Aurora,8.11,2,0,0.0,38,3,7.89,154.13,12.17,0.15,24654,64.89,8.11,125.75,4.05
2020-06-30,Ceará,Aurora,16.22,4,0,0.0,36,3,8.33,146.02,12.17,0.15,24654,56.78,16.22,121.7,16.22
2020-06-29,Ceará,Aurora,0.0,0,0,0.0,32,3,9.38,129.8,12.17,0.13,24654,40.56,-8.11,105.48,0.0
2020-06-28,Ceará,Aurora,0.0,0,0,0.0,32,3,9.38,129.8,12.17,0.13,24654,48.67,0.0,105.48,-4.06
2020-06-27,Ceará,Aurora,8.11,2,0,0.0,32,3,9.38,129.8,12.17,0.13,24654,48.67,4.05,109.54,8.11
2020-06-26,Ceará,Aurora,20.28,5,0,0.0,30,3,10.0,121.68,12.17,0.12,24654,44.62,16.22,101.43,20.28
2020-06-25,Ceará,Aurora,12.17,3,0,0.0,25,3,12.0,101.4,12.17,0.1,24654,28.4,0.0,81.15,12.17
2020-06-24,Ceará,Aurora,0.0,0,0,0.0,22,3,13.64,89.24,12.17,0.09,24654,28.4,0.0,68.98,0.0
2020-06-23,Ceará,Aurora,0.0,0,0,0.0,22,3,13.64,89.24,12.17,0.09,24654,28.4,-4.06,68.98,0.0
2020-06-22,Ceará,Aurora,8.11,2,0,0.0,22,3,13.64,89.24,12.17,0.09,24654,32.46,0.0,68.98,8.11
2020-06-21,Ceará,Aurora,0.0,0,0,0.0,20,3,15.0,81.12,12.17,0.08,24654,32.46,0.0,60.87,0.0
2020-06-20,Ceará,Aurora,4.06,1,1,4.06,20,3,15.0,81.12,12.17,0.08,24654,32.46,-4.05,60.87,0.0
2020-06-19,Ceará,Aurora,4.06,1,0,0.0,19,2,10.53,77.07,8.11,0.08,24654,36.51,4.06,60.87,4.06
2020-06-18,Ceará,Aurora,12.17,3,1,4.06,18,2,11.11,73.01,8.11,0.07,24654,32.45,12.17,56.81,12.17
2020-06-17,Ceará,Aurora,0.0,0,0,0.0,15,1,6.67,60.84,4.06,0.06,24654,20.28,-4.06,44.64,-4.06
2020-06-16,Ceará,Aurora,4.06,1,0,0.0,15,1,6.67,60.84,4.06,0.06,24654,24.34,4.06,48.7,4.06
2020-06-15,Ceará,Aurora,8.11,2,0,0.0,14,1,7.14,56.79,4.06,0.06,24654,20.28,8.11,44.64,4.05
2020-06-14,Ceará,Aurora,0.0,0,0,0.0,12,1,8.33,48.67,4.06,0.05,24654,12.17,-4.06,40.59,0.0
2020-06-12,Ceará,Aurora,8.11,2,0,0.0,12,1,8.33,48.67,4.06,0.05,24654,16.23,8.11,40.59,4.05
2020-06-11,Ceará,Aurora,0.0,0,0,0.0,10,1,10.0,40.56,4.06,0.04,24654,8.12,-4.06,36.54,0.0
2020-06-10,Ceará,Aurora,0.0,0,0,0.0,10,1,10.0,40.56,4.06,0.04,24654,12.18,0.0,36.54,0.0
2020-06-09,Ceará,Aurora,4.06,1,0,0.0,10,1,10.0,40.56,4.06,0.04,24654,12.18,0.0,36.54,4.06
2020-06-08,Ceará,Aurora,0.0,0,0,0.0,9,1,11.11,36.51,4.06,0.04,24654,12.18,0.0,32.48,0.0
2020-06-07,Ceará,Aurora,0.0,0,0,0.0,9,1,11.11,36.51,4.06,0.04,24654,12.18,0.0,32.48,0.0
2020-06-06,Ceará,Aurora,4.06,1,0,0.0,9,1,11.11,36.51,4.06,0.04,24654,12.18,0.0,32.48,4.06
2020-06-05,Ceará,Aurora,0.0,0,0,0.0,8,1,12.5,32.45,4.06,0.03,24654,12.18,0.0,28.42,0.0
2020-06-04,Ceará,Aurora,4.06,1,0,0.0,8,1,12.5,32.45,4.06,0.03,24654,12.18,4.06,28.42,4.06
2020-06-03,Ceará,Aurora,0.0,0,0,0.0,7,1,14.29,28.39,4.06,0.03,24654,8.12,0.0,24.36,0.0
2020-06-02,Ceará,Aurora,4.06,1,0,0.0,7,1,14.29,28.39,4.06,0.03,24654,8.12,4.06,24.36,4.06
2020-06-01,Ceará,Aurora,0.0,0,0,0.0,6,1,16.67,24.34,4.06,0.02,24654,4.06,0.0,20.3,0.0
2020-05-31,Ceará,Aurora,0.0,0,0,0.0,6,1,16.67,24.34,4.06,0.02,24654,4.06,0.0,20.3,0.0
2020-05-30,Ceará,Aurora,4.06,1,0,0.0,6,1,16.67,24.34,4.06,0.02,24654,4.06,4.06,20.3,4.06
2020-05-29,Ceará,Aurora,0.0,0,0,0.0,5,1,20.0,20.28,4.06,0.02,24654,0.0,-4.06,16.24,0.0
2020-05-28,Ceará,Aurora,0.0,0,0,0.0,5,1,20.0,20.28,4.06,0.02,24654,4.06,0.0,16.24,0.0
2020-05-27,Ceará,Aurora,0.0,0,0,0.0,5,1,20.0,20.28,4.06,0.02,24654,4.06,0.0,16.24,0.0
2020-05-26,Ceará,Aurora,0.0,0,0,0.0,5,1,20.0,20.28,4.06,0.02,24654,4.06,-4.06,16.24,0.0
2020-05-25,Ceará,Aurora,0.0,0,0,0.0,5,1,20.0,20.28,4.06,0.02,24654,8.12,0.0,16.24,0.0
2020-05-24,Ceará,Aurora,0.0,0,0,0.0,5,1,20.0,20.28,4.06,0.02,24654,8.12,-4.06,16.24,0.0
2020-05-23,Ceará,Aurora,0.0,0,0,0.0,5,1,20.0,20.28,4.06,0.02,24654,12.18,0.0,16.24,0.0
2020-05-22,Ceará,Aurora,4.06,1,0,0.0,5,1,20.0,20.28,4.06,0.02,24654,12.18,0.0,16.24,4.06
2020-05-21,Ceará,Aurora,0.0,0,0,0.0,4,1,25.0,16.22,4.06,0.02,24654,12.18,0.0,12.18,0.0
2020-05-20,Ceará,Aurora,0.0,0,0,0.0,4,1,25.0,16.22,4.06,0.02,24654,12.18,0.0,12.18,0.0
2020-05-19,Ceará,Aurora,4.06,1,0,0.0,4,1,25.0,16.22,4.06,0.02,24654,12.18,4.06,12.18,4.06
2020-05-18,Ceará,Aurora,0.0,0,0,0.0,3,1,33.33,12.17,4.06,0.01,24654,8.12,0.0,8.12,0.0
2020-05-17,Ceará,Aurora,4.06,1,0,0.0,3,1,33.33,12.17,4.06,0.01,24654,8.12,4.06,8.12,4.06
2020-05-16,Ceará,Aurora,0.0,0,0,0.0,2,1,50.0,8.11,4.06,0.01,24654,4.06,0.0,4.06,0.0
2020-05-15,Ceará,Aurora,4.06,1,0,0.0,2,1,50.0,8.11,4.06,0.01,24654,4.06,4.06,4.06,4.06
2020-05-14,Ceará,Aurora,0.0,0,0,0.0,1,1,100.0,4.06,4.06,0.0,24654,0.0,0.0,0.0,0.0
2020-05-13,Ceará,Aurora,0.0,0,0,0.0,1,1,100.0,4.06,4.06,0.0,24654,0.0,0.0,0.0,0.0
2020-05-12,Ceará,Aurora,0.0,0,0,0.0,1,1,100.0,4.06,4.06,0.0,24654,0.0,0.0,0.0,0.0
2020-05-11,Ceará,Aurora,0.0,0,0,0.0,1,1,100.0,4.06,4.06,0.0,24654,0.0,0.0,0.0,0.0
2020-05-10,Ceará,Aurora,0.0,0,0,0.0,1,1,100.0,4.06,4.06,0.0,24654,0.0,0.0,0.0,0.0
2020-05-09,Ceará,Aurora,0.0,0,0,0.0,1,1,100.0,4.06,4.06,0.0,24654,0.0,0.0,0.0,0.0
2020-05-08,Ceará,Aurora,0.0,0,0,0.0,1,1,100.0,4.06,4.06,0.0,24654,0.0,0.0,0.0,0.0
2020-05-07,Ceará,Aurora,0.0,0,0,0.0,1,1,100.0,4.06,4.06,0.0,24654,0.0,0.0,0.0,0.0
2020-05-06,Ceará,Aurora,0.0,0,0,0.0,1,1,100.0,4.06,4.06,0.0,24654,0.0,0.0,0.0,0.0
2020-05-05,Ceará,Aurora,0.0,0,0,0.0,1,1,100.0,4.06,4.06,0.0,24654,0.0,0.0,0.0,0.0
2020-05-04,Ceará,Aurora,0.0,0,0,0.0,1,1,100.0,4.06,4.06,0.0,24654,0.0,0.0,0.0,0.0
2020-05-03,Ceará,Aurora,0.0,0,0,0.0,1,1,100.0,4.06,4.06,0.0,24654,0.0,0.0,0.0,0.0
