date,state,city,1day_cases_100k,new_cases,new_deaths,new_deaths_100k,total_cases,total_deaths,cfr%,total_cases_100k,total_deaths_100k,%infected,population,7day_cases_100k,7day_cases_change,28day_cases_100k,28day_cases_change
2020-08-30,Ceará,Cariús,5.35,1,0,0.0,420,6,1.43,2246.11,32.09,2.25,18699,96.27,-21.39,818.23,-58.82
2020-08-29,Ceará,Cariús,16.04,3,0,0.0,419,6,1.43,2240.76,32.09,2.24,18699,117.66,-123.0,877.05,-32.09
2020-08-28,Ceará,Cariús,0.0,0,0,0.0,416,6,1.44,2224.72,32.09,2.22,18699,240.66,-5.35,909.14,-16.04
2020-08-27,Ceará,Cariús,37.44,7,0,0.0,416,6,1.44,2224.72,32.09,2.22,18699,246.01,21.4,925.18,26.74
2020-08-26,Ceará,Cariús,5.35,1,0,0.0,409,6,1.47,2187.28,32.09,2.19,18699,224.61,-26.74,898.44,-90.91
2020-08-25,Ceará,Cariús,10.7,2,0,0.0,408,6,1.47,2181.93,32.09,2.18,18699,251.35,-128.34,989.35,-85.56
2020-08-24,Ceará,Cariús,21.39,4,1,5.35,406,6,1.48,2171.24,32.09,2.17,18699,379.69,5.35,1074.91,21.39
2020-08-23,Ceará,Cariús,26.74,5,0,0.0,402,5,1.24,2149.85,26.74,2.15,18699,374.34,26.74,1053.52,26.74
2020-08-22,Ceará,Cariús,139.04,26,0,0.0,397,5,1.26,2123.11,26.74,2.12,18699,347.6,42.78,1026.78,133.69
2020-08-21,Ceará,Cariús,5.35,1,0,0.0,371,5,1.35,1984.06,26.74,1.98,18699,304.82,-32.09,893.09,-32.09
2020-08-20,Ceará,Cariús,16.04,3,0,0.0,370,5,1.35,1978.72,26.74,1.98,18699,336.91,-42.79,925.18,-53.48
2020-08-19,Ceará,Cariús,32.09,6,0,0.0,367,5,1.36,1962.67,26.74,1.96,18699,379.7,26.74,978.66,16.05
2020-08-18,Ceará,Cariús,139.04,26,0,0.0,361,5,1.39,1930.58,26.74,1.93,18699,352.96,123.0,962.61,106.95
2020-08-17,Ceará,Cariús,16.04,3,0,0.0,335,5,1.49,1791.54,26.74,1.79,18699,229.96,16.04,855.66,-5.35
2020-08-16,Ceará,Cariús,0.0,0,1,5.35,332,5,1.51,1775.5,26.74,1.78,18699,213.92,0.0,861.01,-37.44
2020-08-15,Ceará,Cariús,96.26,18,0,0.0,332,4,1.2,1775.5,21.39,1.78,18699,213.92,80.22,898.45,96.26
2020-08-14,Ceará,Cariús,37.44,7,0,0.0,314,4,1.27,1679.23,21.39,1.68,18699,133.7,-16.04,802.19,10.7
2020-08-13,Ceará,Cariús,58.83,11,0,0.0,307,4,1.3,1641.8,21.39,1.64,18699,149.74,58.83,791.49,64.18
2020-08-12,Ceará,Cariús,5.35,1,0,0.0,296,4,1.35,1582.97,21.39,1.58,18699,90.91,-21.39,727.31,-21.39
2020-08-11,Ceará,Cariús,16.04,3,0,0.0,295,4,1.36,1577.62,21.39,1.58,18699,112.3,-21.4,748.7,10.69
2020-08-10,Ceará,Cariús,0.0,0,0,0.0,292,4,1.37,1561.58,21.39,1.56,18699,133.7,0.0,738.01,0.0
2020-08-09,Ceará,Cariús,0.0,0,0,0.0,292,4,1.37,1561.58,21.39,1.56,18699,133.7,-64.17,738.01,-16.04
2020-08-08,Ceará,Cariús,16.04,3,0,0.0,292,4,1.37,1561.58,21.39,1.56,18699,197.87,-32.09,754.05,-10.7
2020-08-07,Ceará,Cariús,53.48,10,0,0.0,289,4,1.38,1545.54,21.39,1.55,18699,229.96,37.44,764.75,48.13
2020-08-06,Ceará,Cariús,0.0,0,0,0.0,279,4,1.43,1492.06,21.39,1.49,18699,192.52,-10.7,716.62,-16.04
2020-08-05,Ceará,Cariús,26.74,5,0,0.0,279,4,1.43,1492.06,21.39,1.49,18699,203.22,-69.52,732.66,21.39
2020-08-04,Ceará,Cariús,37.44,7,0,0.0,274,4,1.46,1465.32,21.39,1.47,18699,272.74,-58.82,711.27,37.44
2020-08-03,Ceará,Cariús,0.0,0,0,0.0,267,4,1.5,1427.88,21.39,1.43,18699,331.56,0.0,673.83,0.0
2020-08-02,Ceará,Cariús,64.17,12,0,0.0,267,4,1.5,1427.88,21.39,1.43,18699,331.56,64.17,673.83,42.78
2020-08-01,Ceará,Cariús,48.13,9,0,0.0,255,4,1.57,1363.71,21.39,1.36,18699,267.39,42.78,631.05,42.78
2020-07-31,Ceará,Cariús,16.04,3,1,5.35,246,4,1.63,1315.58,21.39,1.32,18699,224.61,-21.4,588.27,5.34
2020-07-30,Ceará,Cariús,10.7,2,0,0.0,243,3,1.23,1299.53,16.04,1.3,18699,246.01,-58.82,582.93,-5.34
2020-07-29,Ceará,Cariús,96.26,18,0,0.0,241,3,1.24,1288.84,16.04,1.29,18699,304.83,80.22,588.27,48.13
2020-07-28,Ceará,Cariús,96.26,18,0,0.0,223,3,1.35,1192.58,16.04,1.19,18699,224.61,64.17,540.14,96.26
2020-07-27,Ceará,Cariús,0.0,0,0,0.0,205,3,1.46,1096.32,16.04,1.1,18699,160.44,-21.39,443.88,-16.04
2020-07-26,Ceará,Cariús,0.0,0,0,0.0,205,3,1.46,1096.32,16.04,1.1,18699,181.83,-37.44,459.92,-37.44
2020-07-25,Ceará,Cariús,5.35,1,1,5.35,205,3,1.46,1096.32,16.04,1.1,18699,219.27,5.35,497.36,-21.39
2020-07-24,Ceará,Cariús,37.44,7,0,0.0,204,2,0.98,1090.97,10.7,1.09,18699,213.92,10.7,518.75,5.35
2020-07-23,Ceará,Cariús,69.52,13,0,0.0,197,2,1.02,1053.53,10.7,1.05,18699,203.22,74.87,513.4,53.48
2020-07-22,Ceará,Cariús,16.04,3,0,0.0,184,2,1.09,984.01,10.7,0.98,18699,128.35,-10.7,459.92,-74.87
2020-07-21,Ceará,Cariús,32.09,6,0,0.0,181,2,1.1,967.97,10.7,0.97,18699,139.05,26.74,534.79,26.74
2020-07-20,Ceará,Cariús,21.39,4,0,0.0,175,2,1.14,935.88,10.7,0.94,18699,112.31,21.39,508.05,21.39
2020-07-19,Ceará,Cariús,37.44,7,0,0.0,171,2,1.17,914.49,10.7,0.91,18699,90.92,21.4,486.66,-5.34
2020-07-17,Ceará,Cariús,0.0,0,0,0.0,164,2,1.22,877.05,10.7,0.88,18699,69.52,-26.74,492.0,-5.35
2020-07-16,Ceará,Cariús,26.74,5,0,0.0,164,2,1.22,877.05,10.7,0.88,18699,96.26,21.39,497.35,-21.39
2020-07-15,Ceará,Cariús,-5.35,-1,0,0.0,159,2,1.26,850.31,10.7,0.85,18699,74.87,-21.39,518.74,-32.09
2020-07-14,Ceará,Cariús,26.74,5,0,0.0,160,2,1.25,855.66,10.7,0.86,18699,96.26,21.39,550.83,-48.13
2020-07-13,Ceará,Cariús,5.35,1,0,0.0,155,2,1.29,828.92,10.7,0.83,18699,74.87,5.35,598.96,-26.74
2020-07-12,Ceará,Cariús,0.0,0,0,0.0,154,2,1.3,823.57,10.7,0.82,18699,69.52,0.0,625.7,-5.35
2020-07-11,Ceará,Cariús,16.04,3,0,0.0,154,2,1.3,823.57,10.7,0.82,18699,69.52,-5.35,631.05,10.69
2020-07-10,Ceará,Cariús,26.74,5,0,0.0,151,2,1.32,807.53,10.7,0.81,18699,74.87,21.39,620.36,-37.43
2020-07-09,Ceará,Cariús,5.35,1,0,0.0,146,2,1.37,780.79,10.7,0.78,18699,53.48,-5.35,657.79,-21.39
2020-07-08,Ceará,Cariús,16.04,3,0,0.0,145,2,1.38,775.44,10.7,0.78,18699,58.83,0.0,679.18,-26.74
2020-07-07,Ceará,Cariús,5.35,1,0,0.0,142,2,1.41,759.4,10.7,0.76,18699,58.83,-42.78,705.92,-5.35
2020-07-06,Ceará,Cariús,0.0,0,0,0.0,141,2,1.42,754.05,10.7,0.75,18699,101.61,0.0,711.27,0.0
2020-07-05,Ceará,Cariús,0.0,0,0,0.0,141,2,1.42,754.05,10.7,0.75,18699,101.61,-16.04,711.27,0.0
2020-07-04,Ceará,Cariús,21.39,4,0,0.0,141,2,1.42,754.05,10.7,0.75,18699,117.65,-16.05,711.27,16.04
2020-07-03,Ceará,Cariús,5.35,1,0,0.0,137,2,1.46,732.66,10.7,0.73,18699,133.7,-21.39,695.23,5.35
2020-07-02,Ceará,Cariús,10.7,2,0,0.0,136,2,1.47,727.31,10.7,0.73,18699,155.09,-21.39,689.88,-5.34
2020-07-01,Ceará,Cariús,16.04,3,0,0.0,134,2,1.49,716.62,10.7,0.72,18699,176.48,0.0,695.22,10.69
2020-06-30,Ceará,Cariús,48.13,9,0,0.0,131,2,1.53,700.57,10.7,0.7,18699,176.48,-42.78,684.53,48.13
2020-06-29,Ceará,Cariús,0.0,0,0,0.0,122,2,1.64,652.44,10.7,0.65,18699,219.26,-5.35,636.4,0.0
2020-06-28,Ceará,Cariús,16.04,3,0,0.0,122,2,1.64,652.44,10.7,0.65,18699,224.61,16.04,636.4,10.69
2020-06-27,Ceará,Cariús,37.44,7,0,0.0,119,2,1.68,636.4,10.7,0.64,18699,208.57,-5.34,625.71,37.44
2020-06-26,Ceará,Cariús,26.74,5,0,0.0,112,2,1.79,598.96,10.7,0.6,18699,213.91,21.39,588.27,26.74
2020-06-25,Ceará,Cariús,32.09,6,0,0.0,107,2,1.87,572.22,10.7,0.57,18699,192.52,-16.04,561.53,32.09
2020-06-24,Ceará,Cariús,16.04,3,0,0.0,101,2,1.98,540.14,10.7,0.54,18699,208.56,-10.7,529.44,16.04
2020-06-23,Ceará,Cariús,90.91,17,0,0.0,98,2,2.04,524.09,10.7,0.52,18699,219.26,16.04,513.4,90.91
2020-06-22,Ceará,Cariús,5.35,1,0,0.0,81,2,2.47,433.18,10.7,0.43,18699,203.22,-26.74,422.49,5.35
2020-06-21,Ceará,Cariús,0.0,0,0,0.0,80,2,2.5,427.83,10.7,0.43,18699,229.96,-5.35,417.14,0.0
2020-06-20,Ceará,Cariús,42.78,8,0,0.0,80,2,2.5,427.83,10.7,0.43,18699,235.31,37.43,417.14,42.78
2020-06-19,Ceará,Cariús,5.35,1,0,0.0,72,2,2.78,385.05,10.7,0.39,18699,197.88,-58.82,374.36,5.35
2020-06-18,Ceará,Cariús,48.13,9,0,0.0,71,2,2.82,379.7,10.7,0.38,18699,256.7,21.39,369.01,48.13
2020-06-17,Ceará,Cariús,26.74,5,0,0.0,62,2,3.23,331.57,10.7,0.33,18699,235.31,-16.04,320.88,26.74
2020-06-16,Ceará,Cariús,74.87,14,0,0.0,57,2,3.51,304.83,10.7,0.3,18699,251.35,64.17,294.14,74.87
2020-06-15,Ceará,Cariús,32.09,6,0,0.0,43,2,4.65,229.96,10.7,0.23,18699,187.18,32.09,219.27,32.09
2020-06-14,Ceará,Cariús,5.35,1,0,0.0,37,2,5.41,197.87,10.7,0.2,18699,155.09,5.35,187.18,5.35
2020-06-12,Ceará,Cariús,5.35,1,0,0.0,36,2,5.56,192.52,10.7,0.19,18699,149.74,0.0,181.83,5.35
2020-06-11,Ceará,Cariús,64.17,12,0,0.0,35,2,5.71,187.18,10.7,0.19,18699,149.74,64.17,176.48,64.17
2020-06-10,Ceará,Cariús,26.74,5,0,0.0,23,2,8.7,123.0,10.7,0.12,18699,85.57,10.7,112.31,26.74
2020-06-09,Ceará,Cariús,42.78,8,0,0.0,18,2,11.11,96.26,10.7,0.1,18699,74.87,37.43,85.57,42.78
2020-06-08,Ceará,Cariús,10.7,2,0,0.0,10,2,20.0,53.48,10.7,0.05,18699,37.44,10.7,42.79,10.7
2020-06-07,Ceará,Cariús,0.0,0,0,0.0,8,2,25.0,42.78,10.7,0.04,18699,26.74,0.0,32.09,0.0
2020-06-06,Ceará,Cariús,0.0,0,0,0.0,8,2,25.0,42.78,10.7,0.04,18699,26.74,-5.35,32.09,0.0
2020-06-05,Ceará,Cariús,5.35,1,0,0.0,8,2,25.0,42.78,10.7,0.04,18699,32.09,5.35,32.09,5.35
2020-06-04,Ceará,Cariús,0.0,0,0,0.0,7,2,28.57,37.44,10.7,0.04,18699,26.74,0.0,26.74,0.0
2020-06-03,Ceará,Cariús,16.04,3,0,0.0,7,2,28.57,37.44,10.7,0.04,18699,26.74,16.04,26.74,10.69
2020-06-02,Ceará,Cariús,5.35,1,1,5.35,4,2,50.0,21.39,10.7,0.02,18699,10.7,5.35,16.05,5.35
2020-06-01,Ceará,Cariús,0.0,0,0,0.0,3,1,33.33,16.04,5.35,0.02,18699,5.35,0.0,10.7,0.0
2020-05-31,Ceará,Cariús,0.0,0,0,0.0,3,1,33.33,16.04,5.35,0.02,18699,5.35,0.0,10.7,0.0
2020-05-30,Ceará,Cariús,5.35,1,0,0.0,3,1,33.33,16.04,5.35,0.02,18699,5.35,5.35,10.7,5.35
2020-05-29,Ceará,Cariús,0.0,0,0,0.0,2,1,50.0,10.7,5.35,0.01,18699,0.0,0.0,5.35,0.0
2020-05-28,Ceará,Cariús,0.0,0,0,0.0,2,1,50.0,10.7,5.35,0.01,18699,0.0,0.0,5.35,0.0
2020-05-27,Ceará,Cariús,0.0,0,0,0.0,2,1,50.0,10.7,5.35,0.01,18699,0.0,0.0,5.35,0.0
2020-05-26,Ceará,Cariús,0.0,0,0,0.0,2,1,50.0,10.7,5.35,0.01,18699,0.0,0.0,5.35,0.0
2020-05-25,Ceará,Cariús,0.0,0,0,0.0,2,1,50.0,10.7,5.35,0.01,18699,0.0,0.0,5.35,0.0
2020-05-24,Ceará,Cariús,0.0,0,0,0.0,2,1,50.0,10.7,5.35,0.01,18699,0.0,0.0,5.35,0.0
2020-05-23,Ceará,Cariús,0.0,0,0,0.0,2,1,50.0,10.7,5.35,0.01,18699,0.0,0.0,5.35,0.0
2020-05-22,Ceará,Cariús,0.0,0,0,0.0,2,1,50.0,10.7,5.35,0.01,18699,0.0,0.0,5.35,0.0
2020-05-21,Ceará,Cariús,0.0,0,0,0.0,2,1,50.0,10.7,5.35,0.01,18699,0.0,0.0,5.35,0.0
2020-05-20,Ceará,Cariús,0.0,0,0,0.0,2,1,50.0,10.7,5.35,0.01,18699,0.0,0.0,5.35,0.0
2020-05-19,Ceará,Cariús,0.0,0,0,0.0,2,1,50.0,10.7,5.35,0.01,18699,0.0,0.0,5.35,0.0
2020-05-18,Ceará,Cariús,0.0,0,0,0.0,2,1,50.0,10.7,5.35,0.01,18699,0.0,0.0,5.35,0.0
2020-05-17,Ceará,Cariús,0.0,0,0,0.0,2,1,50.0,10.7,5.35,0.01,18699,0.0,0.0,5.35,0.0
2020-05-16,Ceará,Cariús,0.0,0,0,0.0,2,1,50.0,10.7,5.35,0.01,18699,0.0,0.0,5.35,0.0
2020-05-15,Ceará,Cariús,0.0,0,0,0.0,2,1,50.0,10.7,5.35,0.01,18699,0.0,0.0,5.35,0.0
2020-05-14,Ceará,Cariús,0.0,0,0,0.0,2,1,50.0,10.7,5.35,0.01,18699,0.0,0.0,5.35,5.35
2020-05-13,Ceará,Cariús,0.0,0,0,0.0,2,1,50.0,10.7,5.35,0.01,18699,0.0,-5.35,-0.0,0.0
2020-05-12,Ceará,Cariús,0.0,0,0,0.0,2,1,50.0,10.7,5.35,0.01,18699,5.35,0.0,-0.0,0.0
2020-05-11,Ceará,Cariús,0.0,0,0,0.0,2,1,50.0,10.7,5.35,0.01,18699,5.35,0.0,-0.0,0.0
2020-05-10,Ceará,Cariús,0.0,0,0,0.0,2,1,50.0,10.7,5.35,0.01,18699,5.35,0.0,-0.0,0.0
2020-05-09,Ceará,Cariús,0.0,0,0,0.0,2,1,50.0,10.7,5.35,0.01,18699,5.35,0.0,-0.0,0.0
2020-05-08,Ceará,Cariús,0.0,0,0,0.0,2,1,50.0,10.7,5.35,0.01,18699,5.35,0.0,-0.0,0.0
2020-05-07,Ceará,Cariús,0.0,0,0,0.0,2,1,50.0,10.7,5.35,0.01,18699,5.35,0.0,-0.0,0.0
2020-05-06,Ceará,Cariús,5.35,1,0,0.0,2,1,50.0,10.7,5.35,0.01,18699,5.35,5.35,-0.0,5.35
2020-05-05,Ceará,Cariús,0.0,0,0,0.0,1,1,100.0,5.35,5.35,0.01,18699,0.0,0.0,-5.35,-10.7
2020-05-04,Ceará,Cariús,0.0,0,0,0.0,1,1,100.0,5.35,5.35,0.01,18699,0.0,0.0,5.35,-10.7
2020-05-03,Ceará,Cariús,0.0,0,0,0.0,1,1,100.0,5.35,5.35,0.01,18699,0.0,0.0,16.05,0.0
2020-05-02,Ceará,Cariús,0.0,0,0,0.0,1,1,100.0,5.35,5.35,0.01,18699,0.0,0.0,16.05,0.0
2020-05-01,Ceará,Cariús,0.0,0,0,0.0,1,1,100.0,5.35,5.35,0.01,18699,0.0,0.0,16.05,0.0
2020-04-30,Ceará,Cariús,0.0,0,0,0.0,1,1,100.0,5.35,5.35,0.01,18699,0.0,0.0,16.05,0.0
2020-04-29,Ceará,Cariús,0.0,0,0,0.0,1,1,100.0,5.35,5.35,0.01,18699,0.0,0.0,16.05,0.0
2020-04-28,Ceará,Cariús,0.0,0,0,0.0,1,1,100.0,5.35,5.35,0.01,18699,0.0,0.0,16.05,0.0
2020-04-27,Ceará,Cariús,0.0,0,0,0.0,1,1,100.0,5.35,5.35,0.01,18699,0.0,0.0,16.05,0.0
2020-04-26,Ceará,Cariús,0.0,0,0,0.0,1,1,100.0,5.35,5.35,0.01,18699,0.0,0.0,16.05,0.0
2020-04-25,Ceará,Cariús,0.0,0,0,0.0,1,1,100.0,5.35,5.35,0.01,18699,0.0,0.0,16.05,0.0
2020-04-24,Ceará,Cariús,0.0,0,0,0.0,1,1,100.0,5.35,5.35,0.01,18699,0.0,0.0,16.05,0.0
2020-04-23,Ceará,Cariús,0.0,0,0,0.0,1,1,100.0,5.35,5.35,0.01,18699,0.0,5.35,16.05,0.0
2020-04-22,Ceará,Cariús,0.0,0,0,0.0,1,1,100.0,5.35,5.35,0.01,18699,-5.35,0.0,16.05,0.0
2020-04-21,Ceará,Cariús,0.0,0,0,0.0,1,1,100.0,5.35,5.35,0.01,18699,-5.35,0.0,16.05,0.0
2020-04-20,Ceará,Cariús,0.0,0,0,0.0,1,1,100.0,5.35,5.35,0.01,18699,-5.35,0.0,16.05,0.0
2020-04-19,Ceará,Cariús,0.0,0,0,0.0,1,1,100.0,5.35,5.35,0.01,18699,-5.35,0.0,16.05,0.0
2020-04-18,Ceará,Cariús,0.0,0,0,0.0,1,1,100.0,5.35,5.35,0.01,18699,-5.35,0.0,16.05,0.0
2020-04-17,Ceará,Cariús,0.0,0,0,0.0,1,1,100.0,5.35,5.35,0.01,18699,-5.35,0.0,16.05,0.0
2020-04-16,Ceará,Cariús,-5.35,-1,0,0.0,1,1,100.0,5.35,5.35,0.01,18699,-5.35,-5.35,16.05,-5.35
2020-04-15,Ceará,Cariús,0.0,0,0,0.0,2,1,50.0,10.7,5.35,0.01,18699,0.0,0.0,21.4,0.0
2020-04-14,Ceará,Cariús,0.0,0,0,0.0,2,1,50.0,10.7,5.35,0.01,18699,0.0,-10.7,21.4,0.0
2020-04-13,Ceará,Cariús,0.0,0,0,0.0,2,1,50.0,10.7,5.35,0.01,18699,10.7,-10.7,21.4,0.0
2020-04-12,Ceará,Cariús,0.0,0,0,0.0,2,1,50.0,10.7,5.35,0.01,18699,21.4,0.0,21.4,0.0
2020-04-11,Ceará,Cariús,0.0,0,0,0.0,2,1,50.0,10.7,5.35,0.01,18699,21.4,0.0,21.4,0.0
2020-04-10,Ceará,Cariús,0.0,0,0,0.0,2,1,50.0,10.7,5.35,0.01,18699,21.4,0.0,21.4,0.0
2020-04-09,Ceará,Cariús,0.0,0,0,0.0,2,1,50.0,10.7,5.35,0.01,18699,21.4,0.0,21.4,0.0
2020-04-08,Ceará,Cariús,0.0,0,0,0.0,2,1,50.0,10.7,5.35,0.01,18699,21.4,0.0,21.4,0.0
2020-04-07,Ceará,Cariús,10.7,2,0,0.0,2,1,50.0,10.7,5.35,0.01,18699,21.4,10.7,21.4,10.7
2020-04-05,Ceará,Cariús,10.7,2,0,0.0,0,1,inf,0.0,5.35,0.0,18699,10.7,10.7,10.7,10.7
