date,state,city,1day_cases_100k,new_cases,new_deaths,new_deaths_100k,total_cases,total_deaths,cfr%,total_cases_100k,total_deaths_100k,%infected,population,7day_cases_100k,7day_cases_change,28day_cases_100k,28day_cases_change
2020-08-27,Ceará,Itarema,2.39,1,0,0.0,1842,25,1.36,4403.96,59.77,4.4,41826,14.34,2.39,643.14,-16.74
2020-08-26,Ceará,Itarema,-2.39,-1,0,0.0,1841,25,1.36,4401.57,59.77,4.4,41826,11.95,-35.86,659.88,-21.52
2020-08-25,Ceará,Itarema,11.95,5,0,0.0,1842,25,1.36,4403.96,59.77,4.4,41826,47.81,11.95,681.4,-62.17
2020-08-24,Ceará,Itarema,-2.39,-1,0,0.0,1837,25,1.36,4392.0,59.77,4.39,41826,35.86,-2.39,743.57,-2.39
2020-08-23,Ceará,Itarema,0.0,0,0,0.0,1838,25,1.36,4394.4,59.77,4.39,41826,38.25,0.0,745.96,0.0
2020-08-22,Ceará,Itarema,2.39,1,0,0.0,1838,25,1.36,4394.4,59.77,4.39,41826,38.25,4.78,745.96,2.39
2020-08-21,Ceará,Itarema,2.39,1,0,0.0,1837,25,1.36,4392.0,59.77,4.39,41826,33.47,-76.51,743.57,-11.96
2020-08-20,Ceará,Itarema,0.0,0,0,0.0,1836,25,1.36,4389.61,59.77,4.39,41826,109.98,-28.69,755.53,-2.39
2020-08-19,Ceará,Itarema,33.47,14,0,0.0,1836,25,1.36,4389.61,59.77,4.39,41826,138.67,31.08,757.92,16.73
2020-08-18,Ceará,Itarema,0.0,0,0,0.0,1822,25,1.37,4356.14,59.77,4.36,41826,107.59,-7.17,741.19,-9.56
2020-08-17,Ceará,Itarema,0.0,0,0,0.0,1822,25,1.37,4356.14,59.77,4.36,41826,114.76,0.0,750.75,-4.78
2020-08-16,Ceará,Itarema,0.0,0,0,0.0,1822,25,1.37,4356.14,59.77,4.36,41826,114.76,2.39,755.53,0.0
2020-08-15,Ceará,Itarema,-2.39,-1,0,0.0,1822,25,1.37,4356.14,59.77,4.36,41826,112.37,-19.13,755.53,-2.39
2020-08-14,Ceará,Itarema,78.9,33,0,0.0,1823,25,1.37,4358.53,59.77,4.36,41826,131.5,-121.93,757.92,78.9
2020-08-13,Ceará,Itarema,28.69,12,0,0.0,1790,25,1.4,4279.63,59.77,4.28,41826,253.43,-38.25,679.02,23.91
2020-08-12,Ceará,Itarema,2.39,1,0,0.0,1778,25,1.41,4250.94,59.77,4.25,41826,291.68,2.39,655.11,0.0
2020-08-11,Ceará,Itarema,7.17,3,0,0.0,1777,25,1.41,4248.55,59.77,4.25,41826,289.29,-95.64,655.11,7.17
2020-08-10,Ceará,Itarema,0.0,0,1,2.39,1774,25,1.41,4241.38,59.77,4.24,41826,384.93,2.39,647.94,0.0
2020-08-09,Ceará,Itarema,-2.39,-1,0,0.0,1774,24,1.35,4241.38,57.38,4.24,41826,382.54,-2.39,647.94,-2.39
2020-08-08,Ceará,Itarema,16.74,7,0,0.0,1775,24,1.35,4243.77,57.38,4.24,41826,384.93,-7.17,650.33,-50.2
2020-08-07,Ceará,Itarema,200.83,84,0,0.0,1768,24,1.36,4227.04,57.38,4.23,41826,392.1,126.71,700.53,114.76
2020-08-06,Ceará,Itarema,66.94,28,0,0.0,1684,24,1.43,4026.2,57.38,4.03,41826,265.39,47.81,585.77,-210.4
2020-08-05,Ceará,Itarema,0.0,0,0,0.0,1656,24,1.45,3959.26,57.38,3.96,41826,217.58,-19.13,796.17,-148.23
2020-08-04,Ceará,Itarema,102.81,43,0,0.0,1656,24,1.45,3959.26,57.38,3.96,41826,236.71,28.69,944.4,-21.51
2020-08-03,Ceará,Itarema,-2.39,-1,0,0.0,1613,24,1.49,3856.45,57.38,3.86,41826,208.02,-2.39,965.91,-2.39
2020-08-02,Ceará,Itarema,0.0,0,0,0.0,1614,24,1.49,3858.84,57.38,3.86,41826,210.41,0.0,968.3,-141.06
2020-08-01,Ceará,Itarema,23.91,10,0,0.0,1614,24,1.49,3858.84,57.38,3.86,41826,210.41,23.91,1109.36,23.91
2020-07-31,Ceará,Itarema,74.12,31,0,0.0,1604,24,1.5,3834.94,57.38,3.83,41826,186.5,59.77,1085.45,45.43
2020-07-30,Ceará,Itarema,19.13,8,0,0.0,1573,24,1.53,3760.82,57.38,3.76,41826,126.73,16.74,1040.02,9.57
2020-07-29,Ceará,Itarema,19.13,8,0,0.0,1565,24,1.53,3741.69,57.38,3.74,41826,109.99,2.39,1030.45,19.13
2020-07-28,Ceará,Itarema,74.12,31,0,0.0,1557,24,1.54,3722.56,57.38,3.72,41826,107.6,64.56,1011.32,76.51
2020-07-27,Ceará,Itarema,0.0,0,0,0.0,1526,24,1.57,3648.45,57.38,3.65,41826,43.04,-4.78,934.81,-2.39
2020-07-26,Ceará,Itarema,0.0,0,0,0.0,1526,24,1.57,3648.45,57.38,3.65,41826,47.82,0.0,937.2,0.0
2020-07-25,Ceará,Itarema,0.0,0,0,0.0,1526,24,1.57,3648.45,57.38,3.65,41826,47.82,0.0,937.2,-28.69
2020-07-24,Ceará,Itarema,14.35,6,0,0.0,1526,24,1.57,3648.45,57.38,3.65,41826,47.82,14.35,965.89,-9.56
2020-07-23,Ceará,Itarema,2.39,1,0,0.0,1520,24,1.58,3634.1,57.38,3.63,41826,33.47,-2.39,975.45,-11.96
2020-07-22,Ceará,Itarema,16.74,7,0,0.0,1519,24,1.58,3631.71,57.38,3.63,41826,35.86,14.35,987.41,-19.12
2020-07-21,Ceará,Itarema,9.56,4,0,0.0,1512,24,1.59,3614.98,57.38,3.61,41826,21.51,9.56,1006.53,2.39
2020-07-20,Ceará,Itarema,4.78,2,0,0.0,1508,24,1.59,3605.41,57.38,3.61,41826,11.95,4.78,1004.14,4.78
2020-07-19,Ceará,Itarema,0.0,0,0,0.0,1506,24,1.59,3600.63,57.38,3.6,41826,7.17,0.0,999.36,0.0
2020-07-17,Ceará,Itarema,0.0,0,0,0.0,1506,24,1.59,3600.63,57.38,3.6,41826,7.17,-66.94,999.36,-26.3
2020-07-16,Ceará,Itarema,0.0,0,0,0.0,1506,24,1.59,3600.63,57.38,3.6,41826,74.11,-86.07,1025.66,-9.56
2020-07-15,Ceará,Itarema,4.78,2,0,0.0,1506,24,1.59,3600.63,57.38,3.6,41826,160.18,-272.56,1035.22,-217.57
2020-07-14,Ceará,Itarema,2.39,1,0,0.0,1504,24,1.6,3595.85,57.38,3.6,41826,432.74,-145.84,1252.79,-124.33
2020-07-13,Ceará,Itarema,0.0,0,0,0.0,1503,24,1.6,3593.46,57.38,3.59,41826,578.58,-124.32,1377.12,-7.17
2020-07-12,Ceará,Itarema,0.0,0,0,0.0,1503,24,1.6,3593.46,57.38,3.59,41826,702.9,0.0,1384.29,0.0
2020-07-11,Ceará,Itarema,0.0,0,0,0.0,1503,24,1.6,3593.46,57.38,3.59,41826,702.9,-141.06,1384.29,-2.39
2020-07-10,Ceará,Itarema,66.94,28,0,0.0,1503,24,1.6,3593.46,57.38,3.59,41826,843.96,66.94,1386.68,-9.57
2020-07-09,Ceará,Itarema,86.07,36,2,4.78,1475,24,1.63,3526.51,57.38,3.53,41826,777.02,57.38,1396.25,14.34
2020-07-08,Ceará,Itarema,277.34,116,0,0.0,1439,22,1.53,3440.44,52.6,3.44,41826,719.64,267.78,1381.91,260.6
2020-07-07,Ceará,Itarema,148.23,62,0,0.0,1323,22,1.66,3163.1,52.6,3.16,41826,451.86,148.23,1121.31,52.6
2020-07-06,Ceará,Itarema,124.32,52,0,0.0,1261,22,1.74,3014.87,52.6,3.01,41826,303.63,126.71,1068.71,124.32
2020-07-05,Ceará,Itarema,0.0,0,0,0.0,1209,22,1.82,2890.55,52.6,2.89,41826,176.92,-2.39,944.39,-162.58
2020-07-04,Ceará,Itarema,141.06,59,0,0.0,1209,22,1.82,2890.55,52.6,2.89,41826,179.31,141.06,1106.97,83.68
2020-07-03,Ceará,Itarema,0.0,0,0,0.0,1150,22,1.91,2749.49,52.6,2.75,41826,38.25,-28.69,1023.29,-121.93
2020-07-02,Ceará,Itarema,28.69,12,1,2.39,1150,22,1.91,2749.49,52.6,2.75,41826,66.94,4.78,1145.22,21.52
2020-07-01,Ceará,Itarema,9.56,4,1,2.39,1138,21,1.85,2720.8,50.21,2.72,41826,62.16,-4.79,1123.7,-258.22
2020-06-30,Ceará,Itarema,0.0,0,0,0.0,1134,20,1.76,2711.23,47.82,2.71,41826,66.95,-35.86,1381.92,-2.39
2020-06-29,Ceará,Itarema,-2.39,-1,0,0.0,1134,20,1.76,2711.23,47.82,2.71,41826,102.81,-9.56,1384.31,-2.39
2020-06-28,Ceará,Itarema,2.39,1,0,0.0,1135,20,1.76,2713.62,47.82,2.71,41826,112.37,2.39,1386.7,-576.2
2020-06-27,Ceará,Itarema,0.0,0,0,0.0,1134,20,1.76,2711.23,47.82,2.71,41826,109.98,0.0,1962.9,-2.39
2020-06-26,Ceará,Itarema,28.69,12,2,4.78,1134,20,1.76,2711.23,47.82,2.71,41826,109.98,2.39,1965.29,21.52
2020-06-25,Ceará,Itarema,23.91,10,0,0.0,1122,18,1.6,2682.54,43.04,2.68,41826,107.59,14.35,1943.77,23.91
2020-06-24,Ceará,Itarema,14.35,6,1,2.39,1112,18,1.62,2658.63,43.04,2.66,41826,93.24,-208.0,1919.86,14.35
2020-06-23,Ceará,Itarema,35.86,15,0,0.0,1106,17,1.54,2644.29,40.64,2.64,41826,301.24,-90.86,1905.51,35.86
2020-06-22,Ceará,Itarema,7.17,3,0,0.0,1091,17,1.56,2608.43,40.64,2.61,41826,392.1,0.0,1869.65,7.17
2020-06-21,Ceará,Itarema,0.0,0,0,0.0,1088,17,1.56,2601.25,40.64,2.6,41826,392.1,0.0,1862.48,0.0
2020-06-20,Ceará,Itarema,0.0,0,0,0.0,1088,17,1.56,2601.25,40.64,2.6,41826,392.1,-2.39,1862.48,-356.24
2020-06-19,Ceará,Itarema,26.3,11,1,2.39,1088,17,1.56,2601.25,40.64,2.6,41826,394.49,-50.21,2218.72,26.3
2020-06-18,Ceará,Itarema,9.56,4,0,0.0,1077,16,1.49,2574.95,38.25,2.57,41826,444.7,-62.17,2192.42,-88.47
2020-06-17,Ceará,Itarema,222.35,93,0,0.0,1073,16,1.49,2565.39,38.25,2.57,41826,506.87,205.61,2280.89,215.18
2020-06-16,Ceará,Itarema,126.72,53,0,0.0,980,16,1.63,2343.04,38.25,2.34,41826,301.26,31.09,2065.71,86.08
2020-06-15,Ceará,Itarema,7.17,3,0,0.0,927,16,1.73,2216.32,38.25,2.22,41826,270.17,7.17,1979.63,-7.18
2020-06-14,Ceará,Itarema,0.0,0,3,7.17,924,16,1.73,2209.15,38.25,2.21,41826,263.0,-162.58,1986.81,0.0
2020-06-12,Ceará,Itarema,2.39,1,0,0.0,924,13,1.41,2209.15,31.08,2.21,41826,425.58,-54.99,1986.81,-107.59
2020-06-11,Ceará,Itarema,76.51,32,1,2.39,923,13,1.41,2206.76,31.08,2.21,41826,480.57,-45.42,2094.4,45.43
2020-06-10,Ceará,Itarema,71.73,30,0,0.0,891,12,1.35,2130.25,28.69,2.13,41826,525.99,64.56,2048.97,71.73
2020-06-09,Ceará,Itarema,16.74,7,0,0.0,861,12,1.39,2058.53,28.69,2.06,41826,461.43,-251.04,1977.24,16.74
2020-06-08,Ceará,Itarema,95.63,40,0,0.0,854,12,1.41,2041.79,28.69,2.04,41826,712.47,93.24,1960.5,93.24
2020-06-07,Ceará,Itarema,0.0,0,0,0.0,814,12,1.47,1946.16,28.69,1.95,41826,619.23,0.0,1867.26,-2.39
2020-06-06,Ceará,Itarema,162.58,68,0,0.0,814,12,1.47,1946.16,28.69,1.95,41826,619.23,-416.01,1869.65,162.58
2020-06-05,Ceará,Itarema,57.38,24,0,0.0,746,12,1.61,1783.58,28.69,1.78,41826,1035.24,54.99,1707.07,47.82
2020-06-04,Ceará,Itarema,121.93,51,0,0.0,722,12,1.66,1726.2,28.69,1.73,41826,980.25,114.76,1659.25,88.46
2020-06-03,Ceará,Itarema,7.17,3,0,0.0,671,12,1.79,1604.27,28.69,1.6,41826,865.49,7.17,1570.79,-7.18
2020-06-02,Ceará,Itarema,267.78,112,0,0.0,668,12,1.8,1597.09,28.69,1.6,41826,858.32,267.78,1577.97,267.78
2020-06-01,Ceará,Itarema,2.39,1,2,4.78,556,12,2.16,1329.32,28.69,1.33,41826,590.54,2.39,1310.19,-4.78
2020-05-31,Ceará,Itarema,0.0,0,0,0.0,555,10,1.8,1326.93,23.91,1.33,41826,588.15,0.0,1314.97,0.0
2020-05-30,Ceará,Itarema,578.59,242,0,0.0,555,10,1.8,1326.93,23.91,1.33,41826,588.15,578.59,1314.97,578.59
2020-05-29,Ceará,Itarema,2.39,1,1,2.39,313,10,3.19,748.34,23.91,0.75,41826,9.56,-353.85,736.38,2.39
2020-05-28,Ceará,Itarema,7.17,3,4,9.56,312,9,2.88,745.95,21.52,0.75,41826,363.41,7.17,733.99,2.39
2020-05-27,Ceará,Itarema,0.0,0,0,0.0,309,5,1.62,738.77,11.95,0.74,41826,356.24,-98.03,731.6,0.0
2020-05-26,Ceará,Itarema,0.0,0,0,0.0,309,5,1.62,738.77,11.95,0.74,41826,454.27,-7.17,731.6,-2.39
2020-05-25,Ceará,Itarema,0.0,0,0,0.0,309,5,1.62,738.77,11.95,0.74,41826,461.44,-40.64,733.99,0.0
2020-05-24,Ceará,Itarema,0.0,0,0,0.0,309,5,1.62,738.77,11.95,0.74,41826,502.08,-14.35,733.99,0.0
2020-05-23,Ceará,Itarema,0.0,0,0,0.0,309,5,1.62,738.77,11.95,0.74,41826,516.43,0.0,733.99,0.0
2020-05-22,Ceará,Itarema,356.24,149,0,0.0,309,5,1.62,738.77,11.95,0.74,41826,516.43,246.26,733.99,353.85
2020-05-21,Ceará,Itarema,0.0,0,0,0.0,160,5,3.12,382.54,11.95,0.38,41826,270.17,-31.08,380.14,0.0
2020-05-20,Ceará,Itarema,98.03,41,0,0.0,160,5,3.12,382.54,11.95,0.38,41826,301.25,98.03,380.14,98.03
2020-05-19,Ceará,Itarema,7.17,3,0,0.0,119,5,4.2,284.51,11.95,0.28,41826,203.22,7.17,282.11,7.17
2020-05-18,Ceará,Itarema,40.64,17,0,0.0,116,5,4.31,277.34,11.95,0.28,41826,196.05,38.25,274.94,40.64
2020-05-17,Ceará,Itarema,14.35,6,0,0.0,99,5,5.05,236.69,11.95,0.24,41826,157.8,11.96,234.3,14.35
2020-05-16,Ceará,Itarema,0.0,0,0,0.0,93,5,5.38,222.35,11.95,0.22,41826,145.84,0.0,219.95,0.0
2020-05-15,Ceará,Itarema,109.98,46,5,11.95,93,5,5.38,222.35,11.95,0.22,41826,145.84,100.42,219.95,109.98
2020-05-14,Ceará,Itarema,31.08,13,0,0.0,47,0,0.0,112.37,0.0,0.11,41826,45.42,-2.39,109.97,31.08
2020-05-13,Ceará,Itarema,0.0,0,0,0.0,34,0,0.0,81.29,0.0,0.08,41826,47.81,-14.35,78.89,0.0
2020-05-12,Ceará,Itarema,0.0,0,0,0.0,34,0,0.0,81.29,0.0,0.08,41826,62.16,0.0,78.89,0.0
2020-05-11,Ceará,Itarema,2.39,1,0,0.0,34,0,0.0,81.29,0.0,0.08,41826,62.16,-4.78,78.89,2.39
2020-05-10,Ceará,Itarema,2.39,1,0,0.0,33,0,0.0,78.9,0.0,0.08,41826,66.94,2.39,76.5,2.39
2020-05-09,Ceará,Itarema,0.0,0,0,0.0,32,0,0.0,76.51,0.0,0.08,41826,64.55,0.0,74.11,0.0
2020-05-08,Ceará,Itarema,9.56,4,0,0.0,32,0,0.0,76.51,0.0,0.08,41826,64.55,9.56,74.11,9.56
2020-05-07,Ceará,Itarema,33.47,14,0,0.0,28,0,0.0,66.94,0.0,0.07,41826,54.99,28.69,64.55,33.47
2020-05-06,Ceará,Itarema,14.35,6,0,0.0,14,0,0.0,33.47,0.0,0.03,41826,26.3,14.35,31.08,14.35
2020-05-05,Ceará,Itarema,0.0,0,0,0.0,8,0,0.0,19.13,0.0,0.02,41826,11.95,-2.39,16.73,0.0
2020-05-04,Ceará,Itarema,7.17,3,0,0.0,8,0,0.0,19.13,0.0,0.02,41826,14.34,7.17,16.73,7.17
2020-05-03,Ceará,Itarema,0.0,0,0,0.0,5,0,0.0,11.95,0.0,0.01,41826,7.17,0.0,9.56,0.0
2020-05-02,Ceará,Itarema,0.0,0,0,0.0,5,0,0.0,11.95,0.0,0.01,41826,7.17,0.0,9.56,0.0
2020-05-01,Ceará,Itarema,0.0,0,0,0.0,5,0,0.0,11.95,0.0,0.01,41826,7.17,-2.39,9.56,0.0
2020-04-30,Ceará,Itarema,4.78,2,0,0.0,5,0,0.0,11.95,0.0,0.01,41826,9.56,4.78,9.56,4.78
2020-04-29,Ceará,Itarema,0.0,0,0,0.0,3,0,0.0,7.17,0.0,0.01,41826,4.78,0.0,4.78,0.0
2020-04-28,Ceará,Itarema,2.39,1,0,0.0,3,0,0.0,7.17,0.0,0.01,41826,4.78,2.39,4.78,2.39
2020-04-27,Ceará,Itarema,0.0,0,0,0.0,2,0,0.0,4.78,0.0,0.0,41826,2.39,0.0,2.39,0.0
2020-04-26,Ceará,Itarema,0.0,0,0,0.0,2,0,0.0,4.78,0.0,0.0,41826,2.39,0.0,2.39,0.0
2020-04-25,Ceará,Itarema,0.0,0,0,0.0,2,0,0.0,4.78,0.0,0.0,41826,2.39,0.0,2.39,0.0
2020-04-24,Ceará,Itarema,2.39,1,0,0.0,2,0,0.0,4.78,0.0,0.0,41826,2.39,2.39,2.39,2.39
2020-04-23,Ceará,Itarema,0.0,0,0,0.0,1,0,0.0,2.39,0.0,0.0,41826,0.0,0.0,0.0,0.0
2020-04-22,Ceará,Itarema,0.0,0,0,0.0,1,0,0.0,2.39,0.0,0.0,41826,0.0,0.0,0.0,0.0
2020-04-21,Ceará,Itarema,0.0,0,0,0.0,1,0,0.0,2.39,0.0,0.0,41826,0.0,0.0,0.0,0.0
2020-04-20,Ceará,Itarema,0.0,0,0,0.0,1,0,0.0,2.39,0.0,0.0,41826,0.0,0.0,0.0,0.0
2020-04-19,Ceará,Itarema,0.0,0,0,0.0,1,0,0.0,2.39,0.0,0.0,41826,0.0,0.0,0.0,0.0
2020-04-18,Ceará,Itarema,0.0,0,0,0.0,1,0,0.0,2.39,0.0,0.0,41826,0.0,0.0,0.0,0.0
2020-04-17,Ceará,Itarema,0.0,0,0,0.0,1,0,0.0,2.39,0.0,0.0,41826,0.0,0.0,0.0,0.0
2020-04-16,Ceará,Itarema,0.0,0,0,0.0,1,0,0.0,2.39,0.0,0.0,41826,0.0,0.0,0.0,0.0
2020-04-15,Ceará,Itarema,0.0,0,0,0.0,1,0,0.0,2.39,0.0,0.0,41826,0.0,0.0,0.0,0.0
2020-04-14,Ceará,Itarema,0.0,0,0,0.0,1,0,0.0,2.39,0.0,0.0,41826,0.0,0.0,0.0,0.0
2020-04-13,Ceará,Itarema,0.0,0,0,0.0,1,0,0.0,2.39,0.0,0.0,41826,0.0,0.0,0.0,0.0
2020-04-12,Ceará,Itarema,0.0,0,0,0.0,1,0,0.0,2.39,0.0,0.0,41826,0.0,0.0,0.0,0.0
2020-04-11,Ceará,Itarema,0.0,0,0,0.0,1,0,0.0,2.39,0.0,0.0,41826,0.0,0.0,0.0,0.0
