date,state,city,1day_cases_100k,new_cases,new_deaths,new_deaths_100k,total_cases,total_deaths,cfr%,total_cases_100k,total_deaths_100k,%infected,population,7day_cases_100k,7day_cases_change,28day_cases_100k,28day_cases_change
2020-09-11,Ceará,Jucás,16.11,4,0,0.0,432,16,3.7,1739.62,64.43,1.74,24833,56.38,0.0,358.41,-36.24
2020-09-10,Ceará,Jucás,0.0,0,0,0.0,428,16,3.74,1723.51,64.43,1.72,24833,56.38,-12.08,394.65,-8.05
2020-09-09,Ceará,Jucás,20.13,5,1,4.03,428,16,3.74,1723.51,64.43,1.72,24833,68.46,20.13,402.7,-44.3
2020-09-08,Ceará,Jucás,16.11,4,0,0.0,423,15,3.55,1703.38,60.4,1.7,24833,48.33,-32.21,447.0,12.08
2020-09-07,Ceará,Jucás,0.0,0,0,0.0,419,15,3.58,1687.27,60.4,1.69,24833,80.54,0.0,434.92,0.0
2020-09-06,Ceará,Jucás,0.0,0,0,0.0,419,15,3.58,1687.27,60.4,1.69,24833,80.54,-4.03,434.92,-16.11
2020-09-05,Ceará,Jucás,4.03,1,0,0.0,419,15,3.58,1687.27,60.4,1.69,24833,84.57,0.0,451.03,-20.13
2020-09-04,Ceará,Jucás,16.11,4,1,4.03,418,15,3.59,1683.24,60.4,1.68,24833,84.57,0.0,471.16,-8.05
2020-09-03,Ceará,Jucás,12.08,3,1,4.03,414,14,3.38,1667.14,56.38,1.67,24833,84.57,-12.08,479.21,-36.24
2020-09-02,Ceará,Jucás,0.0,0,0,0.0,411,13,3.16,1655.06,52.35,1.66,24833,96.65,-16.11,515.45,-24.16
2020-09-01,Ceará,Jucás,48.32,12,0,0.0,411,13,3.16,1655.06,52.35,1.66,24833,112.76,48.32,539.61,48.32
2020-08-30,Ceará,Jucás,0.0,0,0,0.0,399,13,3.26,1606.73,52.35,1.61,24833,64.44,0.0,491.29,-8.05
2020-08-29,Ceará,Jucás,4.03,1,0,0.0,399,13,3.26,1606.73,52.35,1.61,24833,64.44,-28.19,499.34,-44.29
2020-08-28,Ceará,Jucás,4.03,1,0,0.0,398,13,3.27,1602.71,52.35,1.6,24833,92.63,-4.02,543.63,-20.13
2020-08-27,Ceará,Jucás,16.11,4,0,0.0,397,13,3.27,1598.68,52.35,1.6,24833,96.65,-24.16,563.76,-56.37
2020-08-26,Ceará,Jucás,24.16,6,0,0.0,393,13,3.31,1582.57,52.35,1.58,24833,120.81,8.05,620.13,-4.03
2020-08-25,Ceará,Jucás,16.11,4,0,0.0,387,13,3.36,1558.41,52.35,1.56,24833,112.76,-8.05,624.16,-24.16
2020-08-24,Ceará,Jucás,0.0,0,0,0.0,383,13,3.39,1542.3,52.35,1.54,24833,120.81,-16.11,648.32,-8.05
2020-08-23,Ceará,Jucás,0.0,0,0,0.0,383,13,3.39,1542.3,52.35,1.54,24833,136.92,-4.03,656.37,-8.05
2020-08-22,Ceará,Jucás,32.22,8,1,4.03,383,13,3.39,1542.3,52.35,1.54,24833,140.95,24.17,664.42,20.14
2020-08-21,Ceará,Jucás,8.05,2,0,0.0,375,12,3.2,1510.09,48.32,1.51,24833,116.78,-4.03,644.28,-76.51
2020-08-20,Ceará,Jucás,40.27,10,1,4.03,373,12,3.22,1502.03,48.32,1.5,24833,120.81,-12.08,720.79,32.22
2020-08-19,Ceará,Jucás,16.11,4,0,0.0,363,11,3.03,1461.76,44.3,1.46,24833,132.89,8.06,688.57,-28.19
2020-08-18,Ceará,Jucás,24.16,6,0,0.0,359,11,3.06,1445.66,44.3,1.45,24833,124.83,-40.27,716.76,-36.24
2020-08-17,Ceará,Jucás,16.11,4,0,0.0,353,11,3.12,1421.5,44.3,1.42,24833,165.1,12.08,753.0,0.0
2020-08-16,Ceará,Jucás,4.03,1,0,0.0,349,11,3.15,1405.39,44.3,1.41,24833,153.02,4.03,753.0,-84.56
2020-08-15,Ceará,Jucás,8.05,2,0,0.0,348,11,3.16,1401.36,44.3,1.4,24833,148.99,-8.06,837.56,8.05
2020-08-14,Ceará,Jucás,12.08,3,0,0.0,346,11,3.18,1393.31,44.3,1.39,24833,157.05,-12.08,829.51,-20.14
2020-08-13,Ceará,Jucás,52.35,13,0,0.0,343,11,3.21,1381.23,44.3,1.38,24833,169.13,28.19,849.65,36.24
2020-08-12,Ceará,Jucás,8.05,2,0,0.0,330,11,3.33,1328.88,44.3,1.33,24833,140.94,-40.27,813.41,-24.17
2020-08-11,Ceará,Jucás,64.43,16,0,0.0,328,11,3.35,1320.82,44.3,1.32,24833,181.21,40.27,837.58,64.43
2020-08-10,Ceará,Jucás,4.03,1,0,0.0,312,11,3.53,1256.39,44.3,1.26,24833,140.94,4.03,773.15,0.0
2020-08-09,Ceará,Jucás,0.0,0,0,0.0,311,11,3.54,1252.37,44.3,1.25,24833,136.91,-8.05,773.15,-24.16
2020-08-08,Ceará,Jucás,16.11,4,0,0.0,311,11,3.54,1252.37,44.3,1.25,24833,144.96,-32.21,797.31,-16.11
2020-08-07,Ceará,Jucás,24.16,6,0,0.0,307,11,3.58,1236.26,44.3,1.24,24833,177.17,0.0,813.42,12.08
2020-08-06,Ceará,Jucás,24.16,6,5,20.13,301,11,3.65,1212.1,44.3,1.21,24833,177.17,-48.32,801.34,4.03
2020-08-05,Ceará,Jucás,48.32,12,0,0.0,295,6,2.03,1187.94,24.16,1.19,24833,225.49,20.13,797.31,32.21
2020-08-04,Ceará,Jucás,24.16,6,0,0.0,283,6,2.12,1139.61,24.16,1.14,24833,205.36,-16.11,765.1,0.0
2020-08-03,Ceará,Jucás,0.0,0,0,0.0,277,6,2.17,1115.45,24.16,1.12,24833,221.47,-8.05,765.1,-32.22
2020-08-02,Ceará,Jucás,8.05,2,0,0.0,277,6,2.17,1115.45,24.16,1.12,24833,229.52,0.0,797.32,-36.25
2020-08-01,Ceará,Jucás,48.32,12,0,0.0,275,6,2.18,1107.4,24.16,1.11,24833,229.52,36.24,833.57,36.24
2020-07-31,Ceará,Jucás,24.16,6,0,0.0,263,6,2.28,1059.07,24.16,1.06,24833,193.28,-60.4,797.33,0.0
2020-07-30,Ceará,Jucás,72.48,18,0,0.0,257,6,2.33,1034.91,24.16,1.03,24833,253.68,64.43,797.33,56.37
2020-07-29,Ceará,Jucás,28.19,7,0,0.0,239,6,2.51,962.43,24.16,0.96,24833,189.25,-16.11,740.96,16.11
2020-07-28,Ceará,Jucás,40.27,10,1,4.03,232,6,2.59,934.24,24.16,0.93,24833,205.36,-20.13,724.85,40.27
2020-07-27,Ceará,Jucás,8.05,2,0,0.0,222,5,2.25,893.97,20.13,0.89,24833,225.49,-8.06,684.58,8.05
2020-07-26,Ceará,Jucás,8.05,2,0,0.0,220,5,2.27,885.92,20.13,0.89,24833,233.55,-80.54,676.53,0.0
2020-07-25,Ceará,Jucás,12.08,3,0,0.0,218,5,2.29,877.86,20.13,0.88,24833,314.09,12.08,676.53,-4.03
2020-07-24,Ceará,Jucás,84.56,21,0,0.0,215,5,2.33,865.78,20.13,0.87,24833,302.01,52.34,680.56,48.32
2020-07-23,Ceará,Jucás,8.05,2,0,0.0,194,5,2.58,781.22,20.13,0.78,24833,249.67,-8.06,632.24,8.05
2020-07-22,Ceará,Jucás,44.3,11,0,0.0,192,5,2.6,773.16,20.13,0.77,24833,257.73,12.08,624.19,32.22
2020-07-21,Ceará,Jucás,60.4,15,0,0.0,181,5,2.76,728.87,20.13,0.73,24833,245.65,60.4,591.97,60.4
2020-07-20,Ceará,Jucás,16.11,4,0,0.0,166,5,3.01,668.47,20.13,0.67,24833,185.25,12.08,531.57,16.11
2020-07-19,Ceará,Jucás,88.59,22,0,0.0,162,5,3.09,652.36,20.13,0.65,24833,173.17,64.43,515.46,76.51
2020-07-17,Ceará,Jucás,0.0,0,0,0.0,140,5,3.57,563.77,20.13,0.56,24833,108.74,-32.22,438.95,4.03
2020-07-16,Ceará,Jucás,32.22,8,1,4.03,140,5,3.57,563.77,20.13,0.56,24833,140.96,20.14,434.92,28.19
2020-07-15,Ceará,Jucás,16.11,4,0,0.0,132,4,3.03,531.55,16.11,0.53,24833,120.82,-4.02,406.73,8.06
2020-07-14,Ceará,Jucás,32.22,8,0,0.0,128,4,3.12,515.44,16.11,0.52,24833,124.84,16.11,398.67,24.17
2020-07-13,Ceará,Jucás,0.0,0,0,0.0,120,4,3.33,483.23,16.11,0.48,24833,108.73,-24.16,374.5,-8.05
2020-07-12,Ceará,Jucás,4.03,1,0,0.0,120,4,3.33,483.23,16.11,0.48,24833,132.89,-28.19,382.55,0.0
2020-07-11,Ceará,Jucás,24.16,6,0,0.0,119,4,3.36,479.2,16.11,0.48,24833,161.08,-20.14,382.55,20.13
2020-07-10,Ceará,Jucás,32.22,8,0,0.0,113,4,3.54,455.04,16.11,0.46,24833,181.22,20.14,362.42,28.19
2020-07-09,Ceará,Jucás,12.08,3,0,0.0,105,4,3.81,422.82,16.11,0.42,24833,161.08,-12.08,334.23,0.0
2020-07-08,Ceará,Jucás,20.13,5,0,0.0,102,4,3.92,410.74,16.11,0.41,24833,173.16,4.02,334.23,20.13
2020-07-07,Ceará,Jucás,16.11,4,0,0.0,97,4,4.12,390.61,16.11,0.39,24833,169.14,4.03,314.1,16.11
2020-07-06,Ceará,Jucás,24.16,6,1,4.03,93,4,4.3,374.5,16.11,0.37,24833,165.11,24.16,297.99,20.13
2020-07-05,Ceará,Jucás,32.22,8,0,0.0,87,3,3.45,350.34,12.08,0.35,24833,140.95,32.22,277.86,32.22
2020-07-04,Ceará,Jucás,44.3,11,0,0.0,79,3,3.8,318.13,12.08,0.32,24833,108.73,36.25,245.64,32.22
2020-07-03,Ceará,Jucás,12.08,3,0,0.0,68,3,4.41,273.83,12.08,0.27,24833,72.48,-4.03,213.42,8.05
2020-07-02,Ceará,Jucás,24.16,6,1,4.03,65,3,4.62,261.75,12.08,0.26,24833,76.51,-12.08,205.37,20.13
2020-07-01,Ceará,Jucás,16.11,4,0,0.0,59,2,3.39,237.59,8.05,0.24,24833,88.59,16.11,185.24,8.06
2020-06-30,Ceará,Jucás,12.08,3,0,0.0,55,2,3.64,221.48,8.05,0.22,24833,72.48,0.0,177.18,8.05
2020-06-29,Ceará,Jucás,0.0,0,0,0.0,52,2,3.85,209.4,8.05,0.21,24833,72.48,0.0,169.13,0.0
2020-06-28,Ceará,Jucás,0.0,0,0,0.0,52,2,3.85,209.4,8.05,0.21,24833,72.48,0.0,169.13,-8.05
2020-06-27,Ceará,Jucás,8.05,2,0,0.0,52,2,3.85,209.4,8.05,0.21,24833,72.48,-4.03,177.18,8.05
2020-06-26,Ceará,Jucás,16.11,4,0,0.0,50,2,4.0,201.34,8.05,0.2,24833,76.51,20.14,169.13,16.11
2020-06-25,Ceará,Jucás,36.24,9,0,0.0,46,2,4.35,185.24,8.05,0.19,24833,56.37,32.21,153.02,36.24
2020-06-24,Ceará,Jucás,0.0,0,0,0.0,37,2,5.41,149.0,8.05,0.15,24833,24.16,-8.05,116.78,4.03
2020-06-23,Ceará,Jucás,12.08,3,0,0.0,37,2,5.41,149.0,8.05,0.15,24833,32.21,4.03,112.75,8.05
2020-06-22,Ceará,Jucás,0.0,0,0,0.0,34,2,5.88,136.91,8.05,0.14,24833,28.18,-8.05,104.7,0.0
2020-06-21,Ceará,Jucás,0.0,0,0,0.0,34,2,5.88,136.91,8.05,0.14,24833,36.23,-4.03,104.7,0.0
2020-06-20,Ceará,Jucás,12.08,3,0,0.0,34,2,5.88,136.91,8.05,0.14,24833,40.26,8.05,104.7,8.05
2020-06-19,Ceará,Jucás,-4.03,-1,0,0.0,31,2,6.45,124.83,8.05,0.12,24833,32.21,-8.06,96.65,-8.06
2020-06-18,Ceará,Jucás,4.03,1,0,0.0,32,2,6.25,128.86,8.05,0.13,24833,40.27,-8.05,104.71,4.03
2020-06-17,Ceará,Jucás,8.05,2,0,0.0,31,2,6.45,124.83,8.05,0.12,24833,48.32,8.05,100.68,8.05
2020-06-16,Ceará,Jucás,8.05,2,0,0.0,29,2,6.9,116.78,8.05,0.12,24833,40.27,8.05,92.63,8.05
2020-06-15,Ceará,Jucás,8.05,2,0,0.0,27,2,7.41,108.73,8.05,0.11,24833,32.22,4.02,84.58,8.05
2020-06-14,Ceará,Jucás,4.03,1,0,0.0,25,2,8.0,100.67,8.05,0.1,24833,28.2,4.03,76.53,0.0
2020-06-12,Ceará,Jucás,4.03,1,0,0.0,24,2,8.33,96.65,8.05,0.1,24833,24.17,-8.05,76.53,4.03
2020-06-11,Ceará,Jucás,4.03,1,0,0.0,23,2,8.7,92.62,8.05,0.09,24833,32.22,0.0,72.5,4.03
2020-06-10,Ceará,Jucás,12.08,3,0,0.0,22,2,9.09,88.59,8.05,0.09,24833,32.22,8.05,68.47,12.08
2020-06-09,Ceará,Jucás,0.0,0,0,0.0,19,2,10.53,76.51,8.05,0.08,24833,24.17,-8.05,56.39,0.0
2020-06-08,Ceará,Jucás,0.0,0,0,0.0,19,2,10.53,76.51,8.05,0.08,24833,32.22,-4.03,56.39,0.0
2020-06-07,Ceará,Jucás,4.03,1,1,4.03,19,2,10.53,76.51,8.05,0.08,24833,36.25,4.03,56.39,4.03
2020-06-06,Ceará,Jucás,0.0,0,0,0.0,18,1,5.56,72.48,4.03,0.07,24833,32.22,-8.05,52.36,0.0
2020-06-05,Ceará,Jucás,12.08,3,0,0.0,18,1,5.56,72.48,4.03,0.07,24833,40.27,12.08,52.36,12.08
2020-06-04,Ceará,Jucás,4.03,1,0,0.0,15,1,6.67,60.4,4.03,0.06,24833,28.19,4.03,40.28,8.06
2020-06-03,Ceará,Jucás,4.03,1,0,0.0,14,1,7.14,56.38,4.03,0.06,24833,24.16,4.03,32.22,-4.02
2020-06-02,Ceará,Jucás,8.05,2,0,0.0,13,1,7.69,52.35,4.03,0.05,24833,20.13,12.08,36.24,8.05
2020-06-01,Ceará,Jucás,4.03,1,0,0.0,11,1,9.09,44.3,4.03,0.04,24833,8.05,0.0,28.19,4.03
2020-05-31,Ceará,Jucás,0.0,0,0,0.0,10,1,10.0,40.27,4.03,0.04,24833,8.05,0.0,24.16,0.0
2020-05-30,Ceará,Jucás,8.05,2,0,0.0,10,1,10.0,40.27,4.03,0.04,24833,8.05,8.05,24.16,8.05
2020-05-29,Ceará,Jucás,0.0,0,0,0.0,8,1,12.5,32.22,4.03,0.03,24833,-0.0,-4.03,16.11,0.0
2020-05-28,Ceará,Jucás,0.0,0,0,0.0,8,1,12.5,32.22,4.03,0.03,24833,4.03,-4.03,16.11,0.0
2020-05-27,Ceará,Jucás,0.0,0,0,0.0,8,1,12.5,32.22,4.03,0.03,24833,8.06,0.0,16.11,0.0
2020-05-26,Ceará,Jucás,-4.03,-1,-1,-4.03,8,1,12.5,32.22,4.03,0.03,24833,8.06,-4.03,16.11,-4.03
2020-05-25,Ceará,Jucás,4.03,1,0,0.0,9,2,22.22,36.24,8.05,0.04,24833,12.09,4.03,20.14,0.0
2020-05-24,Ceará,Jucás,0.0,0,0,0.0,8,2,25.0,32.22,8.05,0.03,24833,8.06,0.0,20.14,0.0
2020-05-23,Ceará,Jucás,0.0,0,0,0.0,8,2,25.0,32.22,8.05,0.03,24833,8.06,-4.03,20.14,0.0
2020-05-22,Ceará,Jucás,4.03,1,0,0.0,8,2,25.0,32.22,8.05,0.03,24833,12.09,4.03,20.14,8.06
2020-05-21,Ceará,Jucás,4.03,1,1,4.03,7,2,28.57,28.19,8.05,0.03,24833,8.06,4.03,12.08,4.03
2020-05-20,Ceará,Jucás,0.0,0,0,0.0,6,1,16.67,24.16,4.03,0.02,24833,4.03,0.0,8.05,-16.11
2020-05-19,Ceará,Jucás,0.0,0,0,0.0,6,1,16.67,24.16,4.03,0.02,24833,4.03,0.0,24.16,0.0
2020-05-18,Ceará,Jucás,0.0,0,0,0.0,6,1,16.67,24.16,4.03,0.02,24833,4.03,0.0,24.16,0.0
2020-05-17,Ceará,Jucás,0.0,0,1,4.03,6,1,16.67,24.16,4.03,0.02,24833,4.03,0.0,24.16,0.0
2020-05-16,Ceará,Jucás,4.03,1,0,0.0,6,0,0.0,24.16,0.0,0.02,24833,4.03,4.03,24.16,20.14
2020-05-15,Ceará,Jucás,0.0,0,0,0.0,5,0,0.0,20.13,0.0,0.02,24833,0.0,0.0,4.02,16.11
2020-05-14,Ceará,Jucás,0.0,0,0,0.0,5,0,0.0,20.13,0.0,0.02,24833,0.0,4.03,-12.09,0.0
2020-05-13,Ceará,Jucás,0.0,0,0,0.0,5,0,0.0,20.13,0.0,0.02,24833,-4.03,-8.05,-12.09,0.0
2020-05-12,Ceará,Jucás,0.0,0,0,0.0,5,0,0.0,20.13,0.0,0.02,24833,4.02,0.0,-12.09,0.0
2020-05-11,Ceará,Jucás,0.0,0,0,0.0,5,0,0.0,20.13,0.0,0.02,24833,4.02,0.0,-12.09,0.0
2020-05-10,Ceará,Jucás,0.0,0,0,0.0,5,0,0.0,20.13,0.0,0.02,24833,4.02,0.0,-12.09,0.0
2020-05-09,Ceará,Jucás,0.0,0,0,0.0,5,0,0.0,20.13,0.0,0.02,24833,4.02,0.0,-12.09,0.0
2020-05-08,Ceará,Jucás,0.0,0,0,0.0,5,0,0.0,20.13,0.0,0.02,24833,4.02,0.0,-12.09,0.0
2020-05-07,Ceará,Jucás,-4.03,-1,0,0.0,5,0,0.0,20.13,0.0,0.02,24833,4.02,-4.03,-12.09,-4.03
2020-05-06,Ceará,Jucás,8.05,2,0,0.0,6,0,0.0,24.16,0.0,0.02,24833,8.05,8.05,-8.06,8.05
2020-05-05,Ceará,Jucás,0.0,0,0,0.0,4,0,0.0,16.11,0.0,0.02,24833,0.0,0.0,-16.11,0.0
2020-05-04,Ceará,Jucás,0.0,0,0,0.0,4,0,0.0,16.11,0.0,0.02,24833,0.0,-4.03,-16.11,0.0
2020-05-03,Ceará,Jucás,0.0,0,0,0.0,4,0,0.0,16.11,0.0,0.02,24833,4.03,0.0,-16.11,0.0
2020-05-02,Ceará,Jucás,0.0,0,0,0.0,4,0,0.0,16.11,0.0,0.02,24833,4.03,0.0,-16.11,0.0
2020-05-01,Ceará,Jucás,0.0,0,0,0.0,4,0,0.0,16.11,0.0,0.02,24833,4.03,4.03,-16.11,0.0
2020-04-30,Ceará,Jucás,0.0,0,0,0.0,4,0,0.0,16.11,0.0,0.02,24833,0.0,0.0,-16.11,0.0
2020-04-29,Ceará,Jucás,0.0,0,0,0.0,4,0,0.0,16.11,0.0,0.02,24833,0.0,-16.11,-16.11,0.0
2020-04-28,Ceará,Jucás,0.0,0,0,0.0,4,0,0.0,16.11,0.0,0.02,24833,16.11,0.0,-16.11,0.0
2020-04-27,Ceará,Jucás,4.03,1,0,0.0,4,0,0.0,16.11,0.0,0.02,24833,16.11,4.03,-16.11,4.03
2020-04-26,Ceará,Jucás,0.0,0,0,0.0,3,0,0.0,12.08,0.0,0.01,24833,12.08,0.0,-20.14,0.0
2020-04-25,Ceará,Jucás,0.0,0,0,0.0,3,0,0.0,12.08,0.0,0.01,24833,12.08,16.11,-20.14,0.0
2020-04-24,Ceará,Jucás,-4.03,-1,0,0.0,3,0,0.0,12.08,0.0,0.01,24833,-4.03,12.08,-20.14,-4.03
2020-04-23,Ceará,Jucás,0.0,0,0,0.0,4,0,0.0,16.11,0.0,0.02,24833,-16.11,0.0,-16.11,0.0
2020-04-22,Ceará,Jucás,16.11,4,0,0.0,4,0,0.0,16.11,0.0,0.02,24833,-16.11,16.11,-16.11,16.11
2020-04-19,Ceará,Jucás,0.0,0,0,0.0,0,0,0.0,0.0,0.0,0.0,24833,-32.22,0.0,-32.22,0.0
2020-04-18,Ceará,Jucás,0.0,0,0,0.0,0,0,0.0,0.0,0.0,0.0,24833,-32.22,0.0,-32.22,0.0
2020-04-17,Ceará,Jucás,0.0,0,0,0.0,0,0,0.0,0.0,0.0,0.0,24833,-32.22,0.0,-32.22,0.0
2020-04-16,Ceará,Jucás,-16.11,-4,0,0.0,0,0,0.0,0.0,0.0,0.0,24833,-32.22,-16.11,-32.22,-16.11
2020-04-15,Ceará,Jucás,-16.11,-4,0,0.0,4,0,0.0,16.11,0.0,0.02,24833,-16.11,-16.11,-16.11,-16.11
