date,state,city,1day_cases_100k,new_cases,new_deaths,new_deaths_100k,total_cases,total_deaths,cfr%,total_cases_100k,total_deaths_100k,%infected,population,7day_cases_100k,7day_cases_change,28day_cases_100k,28day_cases_change
2020-08-25,Ceará,Ocara,15.56,4,0,0.0,407,21,5.16,1583.47,81.7,1.58,25703,58.36,-42.8,202.3,7.78
2020-08-24,Ceará,Ocara,-3.89,-1,0,0.0,403,21,5.21,1567.91,81.7,1.57,25703,101.16,-3.89,194.52,-3.89
2020-08-23,Ceará,Ocara,0.0,0,0,0.0,404,21,5.2,1571.8,81.7,1.57,25703,105.05,-3.89,198.41,3.89
2020-08-22,Ceará,Ocara,3.89,1,0,0.0,404,21,5.2,1571.8,81.7,1.57,25703,108.94,3.89,194.52,-19.45
2020-08-21,Ceará,Ocara,-11.67,-3,0,0.0,403,21,5.21,1567.91,81.7,1.57,25703,105.05,-15.56,213.97,-54.47
2020-08-20,Ceará,Ocara,7.78,2,0,0.0,406,21,5.17,1579.58,81.7,1.58,25703,120.61,3.89,268.44,11.67
2020-08-19,Ceará,Ocara,46.69,12,0,0.0,404,21,5.2,1571.8,81.7,1.57,25703,116.72,46.69,256.77,46.69
2020-08-18,Ceará,Ocara,58.36,15,0,0.0,392,21,5.36,1525.11,81.7,1.53,25703,70.03,58.36,210.08,50.58
2020-08-17,Ceará,Ocara,0.0,0,0,0.0,377,21,5.57,1466.75,81.7,1.47,25703,11.67,-7.78,159.5,-15.56
2020-08-16,Ceará,Ocara,3.89,1,0,0.0,377,21,5.57,1466.75,81.7,1.47,25703,19.45,3.89,175.06,0.0
2020-08-15,Ceará,Ocara,0.0,0,0,0.0,376,21,5.59,1462.86,81.7,1.46,25703,15.56,-3.89,175.06,-3.89
2020-08-14,Ceará,Ocara,3.89,1,0,0.0,376,21,5.59,1462.86,81.7,1.46,25703,19.45,-3.89,178.95,-7.78
2020-08-13,Ceará,Ocara,3.89,1,0,0.0,375,21,5.6,1458.97,81.7,1.46,25703,23.34,3.89,186.73,11.67
2020-08-12,Ceará,Ocara,0.0,0,0,0.0,374,21,5.61,1455.08,81.7,1.46,25703,19.45,-15.56,175.06,3.89
2020-08-11,Ceará,Ocara,0.0,0,0,0.0,374,21,5.61,1455.08,81.7,1.46,25703,35.01,-15.56,171.17,-7.78
2020-08-10,Ceará,Ocara,7.78,2,0,0.0,374,21,5.61,1455.08,81.7,1.46,25703,50.57,11.67,178.95,11.67
2020-08-09,Ceará,Ocara,0.0,0,0,0.0,372,21,5.65,1447.3,81.7,1.45,25703,38.9,0.0,167.28,-7.78
2020-08-08,Ceará,Ocara,3.89,1,0,0.0,372,21,5.65,1447.3,81.7,1.45,25703,38.9,-7.78,175.06,-3.89
2020-08-07,Ceará,Ocara,7.78,2,0,0.0,371,21,5.66,1443.41,81.7,1.44,25703,46.68,3.89,178.95,-7.78
2020-08-06,Ceará,Ocara,0.0,0,0,0.0,369,21,5.69,1435.63,81.7,1.44,25703,42.79,0.0,186.73,-23.34
2020-08-05,Ceará,Ocara,15.56,4,0,0.0,369,21,5.69,1435.63,81.7,1.44,25703,42.79,3.89,210.07,7.78
2020-08-04,Ceará,Ocara,15.56,4,1,3.89,365,21,5.75,1420.07,81.7,1.42,25703,38.9,7.78,202.29,19.45
2020-08-03,Ceará,Ocara,-3.89,-1,0,0.0,361,20,5.54,1404.51,77.81,1.4,25703,31.12,-3.89,182.84,-7.78
2020-08-02,Ceará,Ocara,0.0,0,0,0.0,362,20,5.52,1408.4,77.81,1.41,25703,35.01,3.89,190.62,-11.67
2020-08-01,Ceará,Ocara,11.67,3,0,0.0,362,20,5.52,1408.4,77.81,1.41,25703,31.12,-11.67,202.29,-7.78
2020-07-31,Ceará,Ocara,3.89,1,0,0.0,359,20,5.57,1396.72,77.81,1.4,25703,42.79,-38.91,210.07,-3.89
2020-07-30,Ceará,Ocara,0.0,0,0,0.0,358,20,5.59,1392.83,77.81,1.39,25703,81.7,3.89,213.96,-54.47
2020-07-29,Ceará,Ocara,11.67,3,0,0.0,358,20,5.59,1392.83,77.81,1.39,25703,77.81,11.67,268.43,-19.45
2020-07-28,Ceará,Ocara,7.78,2,0,0.0,355,20,5.63,1381.16,77.81,1.38,25703,66.14,0.0,287.88,7.78
2020-07-27,Ceará,Ocara,0.0,0,0,0.0,353,20,5.67,1373.38,77.81,1.37,25703,66.14,-15.56,280.1,-3.89
2020-07-26,Ceará,Ocara,-3.89,-1,0,0.0,353,20,5.67,1373.38,77.81,1.37,25703,81.7,-7.78,283.99,-58.36
2020-07-25,Ceará,Ocara,23.34,6,0,0.0,354,20,5.65,1377.27,77.81,1.38,25703,89.48,19.45,342.35,-15.57
2020-07-24,Ceará,Ocara,42.8,11,0,0.0,348,20,5.75,1353.93,77.81,1.35,25703,70.03,31.13,357.92,11.68
2020-07-23,Ceará,Ocara,-3.89,-1,0,0.0,337,20,5.93,1311.13,77.81,1.31,25703,38.9,3.89,346.24,-31.12
2020-07-22,Ceará,Ocara,0.0,0,0,0.0,338,20,5.92,1315.02,77.81,1.32,25703,35.01,3.89,377.36,-70.03
2020-07-21,Ceará,Ocara,7.78,2,1,3.89,338,20,5.92,1315.02,77.81,1.32,25703,31.12,0.0,447.39,15.56
2020-07-20,Ceará,Ocara,15.56,4,1,3.89,336,19,5.65,1307.24,73.92,1.31,25703,31.12,19.45,431.83,15.56
2020-07-19,Ceará,Ocara,3.89,1,1,3.89,332,18,5.42,1291.68,70.03,1.29,25703,11.67,-3.89,416.27,-3.89
2020-07-17,Ceará,Ocara,3.89,1,0,0.0,331,17,5.14,1287.79,66.14,1.29,25703,15.56,-3.89,420.16,-38.91
2020-07-16,Ceará,Ocara,11.67,3,1,3.89,330,17,5.15,1283.9,66.14,1.28,25703,19.45,-3.89,459.07,7.78
2020-07-15,Ceará,Ocara,-7.78,-2,0,0.0,327,16,4.89,1272.23,62.25,1.27,25703,23.34,-31.12,451.29,-58.36
2020-07-14,Ceará,Ocara,-3.89,-1,0,0.0,329,16,4.86,1280.01,62.25,1.28,25703,54.46,-11.67,509.65,-42.8
2020-07-13,Ceará,Ocara,7.78,2,1,3.89,330,16,4.85,1283.9,62.25,1.28,25703,66.13,11.67,552.45,-27.24
2020-07-12,Ceará,Ocara,-3.89,-1,0,0.0,328,15,4.57,1276.12,58.36,1.28,25703,54.46,-7.78,579.69,-3.89
2020-07-11,Ceará,Ocara,7.78,2,0,0.0,329,15,4.56,1280.01,58.36,1.28,25703,62.24,-3.89,583.58,0.0
2020-07-10,Ceará,Ocara,7.78,2,1,3.89,327,15,4.59,1272.23,58.36,1.27,25703,66.13,-11.67,583.58,-31.13
2020-07-09,Ceará,Ocara,15.56,4,0,0.0,325,14,4.31,1264.44,54.47,1.26,25703,77.8,7.78,614.71,0.0
2020-07-08,Ceará,Ocara,23.34,6,2,7.78,321,14,4.36,1248.88,54.47,1.25,25703,70.02,-31.13,614.71,-19.46
2020-07-07,Ceará,Ocara,7.78,2,1,3.89,315,12,3.81,1225.54,46.69,1.23,25703,101.15,-23.34,634.17,-15.56
2020-07-06,Ceará,Ocara,-3.89,-1,0,0.0,313,11,3.51,1217.76,42.8,1.22,25703,124.49,-3.89,649.73,-11.67
2020-07-05,Ceará,Ocara,3.89,1,0,0.0,314,11,3.5,1221.65,42.8,1.22,25703,128.38,0.0,661.4,-11.67
2020-07-04,Ceará,Ocara,11.67,3,0,0.0,313,11,3.51,1217.76,42.8,1.22,25703,128.38,-42.8,673.07,-27.24
2020-07-03,Ceará,Ocara,19.45,5,0,0.0,310,11,3.55,1206.08,42.8,1.21,25703,171.18,-19.46,700.31,-15.57
2020-07-02,Ceará,Ocara,7.78,2,0,0.0,305,11,3.61,1186.63,42.8,1.19,25703,190.64,-23.34,715.88,-7.78
2020-07-01,Ceará,Ocara,54.47,14,0,0.0,303,11,3.63,1178.85,42.8,1.18,25703,213.98,27.24,723.66,42.8
2020-06-30,Ceará,Ocara,31.12,8,0,0.0,289,11,3.81,1124.38,42.8,1.12,25703,186.74,-38.91,680.86,31.12
2020-06-29,Ceará,Ocara,0.0,0,0,0.0,281,11,3.91,1093.26,42.8,1.09,25703,225.65,7.78,649.74,0.0
2020-06-28,Ceará,Ocara,3.89,1,0,0.0,281,11,3.91,1093.26,42.8,1.09,25703,217.87,3.89,649.74,-190.64
2020-06-27,Ceará,Ocara,54.47,14,0,0.0,280,11,3.93,1089.37,42.8,1.09,25703,213.98,46.69,840.38,54.47
2020-06-26,Ceará,Ocara,38.91,10,0,0.0,266,11,4.14,1034.9,42.8,1.03,25703,167.29,-3.89,785.91,38.91
2020-06-25,Ceará,Ocara,31.12,8,2,7.78,256,11,4.3,995.99,42.8,1.0,25703,171.18,27.23,747.0,31.12
2020-06-24,Ceará,Ocara,27.23,7,0,0.0,248,9,3.63,964.87,35.02,0.96,25703,143.95,-23.35,715.88,23.34
2020-06-23,Ceará,Ocara,70.03,18,0,0.0,241,9,3.73,937.63,35.02,0.94,25703,167.3,31.12,692.54,70.03
2020-06-22,Ceará,Ocara,-7.78,-2,0,0.0,223,9,4.04,867.6,35.02,0.87,25703,136.18,-42.8,622.51,-11.67
2020-06-21,Ceará,Ocara,0.0,0,0,0.0,225,9,4.0,875.38,35.02,0.88,25703,178.98,0.0,634.18,0.0
2020-06-20,Ceará,Ocara,7.78,2,0,0.0,225,9,4.0,875.38,35.02,0.88,25703,178.98,0.0,634.18,-31.13
2020-06-19,Ceará,Ocara,42.8,11,2,7.78,223,9,4.04,867.6,35.02,0.87,25703,178.98,3.89,665.31,38.91
2020-06-18,Ceará,Ocara,3.89,1,0,0.0,212,7,3.3,824.81,27.23,0.82,25703,175.09,-11.67,626.4,0.0
2020-06-17,Ceará,Ocara,50.58,13,0,0.0,211,7,3.32,820.92,27.23,0.82,25703,186.76,7.78,626.4,35.02
2020-06-16,Ceará,Ocara,38.91,10,0,0.0,198,7,3.54,770.34,27.23,0.77,25703,178.98,15.57,591.38,23.35
2020-06-15,Ceará,Ocara,35.02,9,0,0.0,188,7,3.72,731.43,27.23,0.73,25703,163.41,27.24,568.03,35.02
2020-06-14,Ceará,Ocara,0.0,0,0,0.0,179,7,3.91,696.42,27.23,0.7,25703,136.17,-15.56,533.01,-11.67
2020-06-12,Ceará,Ocara,7.78,2,1,3.89,179,7,3.91,696.42,27.23,0.7,25703,151.73,-31.13,544.68,-3.89
2020-06-11,Ceará,Ocara,38.91,10,0,0.0,177,6,3.39,688.64,23.34,0.69,25703,182.86,3.89,548.57,23.35
2020-06-10,Ceará,Ocara,15.56,4,0,0.0,167,6,3.59,649.73,23.34,0.65,25703,178.97,0.0,525.22,15.56
2020-06-09,Ceará,Ocara,42.8,11,0,0.0,163,6,3.68,634.17,23.34,0.63,25703,178.97,31.13,509.66,27.24
2020-06-08,Ceará,Ocara,23.34,6,0,0.0,152,6,3.95,591.37,23.34,0.59,25703,147.84,23.34,482.42,7.78
2020-06-07,Ceará,Ocara,7.78,2,0,0.0,146,6,4.11,568.03,23.34,0.57,25703,124.5,7.78,474.64,7.78
2020-06-06,Ceará,Ocara,15.56,4,0,0.0,144,6,4.17,560.25,23.34,0.56,25703,116.72,-178.97,466.86,7.78
2020-06-05,Ceará,Ocara,38.91,10,0,0.0,140,6,4.29,544.68,23.34,0.54,25703,295.69,38.91,459.08,31.13
2020-06-04,Ceará,Ocara,35.02,9,0,0.0,130,6,4.62,505.78,23.34,0.51,25703,256.78,35.02,427.95,27.24
2020-06-03,Ceará,Ocara,15.56,4,0,0.0,121,6,4.96,470.76,23.34,0.47,25703,221.76,15.56,400.71,7.78
2020-06-02,Ceará,Ocara,11.67,3,0,0.0,117,6,5.13,455.2,23.34,0.46,25703,206.2,7.78,392.93,11.67
2020-06-01,Ceará,Ocara,0.0,0,0,0.0,114,6,5.26,443.53,23.34,0.44,25703,198.42,0.0,381.26,-19.45
2020-05-31,Ceará,Ocara,0.0,0,0,0.0,114,6,5.26,443.53,23.34,0.44,25703,198.42,-3.89,400.71,-3.89
2020-05-30,Ceará,Ocara,194.53,50,0,0.0,114,6,5.26,443.53,23.34,0.44,25703,202.31,194.53,404.6,194.53
2020-05-29,Ceará,Ocara,0.0,0,0,0.0,64,6,9.38,249.0,23.34,0.25,25703,7.78,-38.91,210.07,0.0
2020-05-28,Ceará,Ocara,0.0,0,0,0.0,64,6,9.38,249.0,23.34,0.25,25703,46.69,-3.89,210.07,0.0
2020-05-27,Ceará,Ocara,0.0,0,0,0.0,64,6,9.38,249.0,23.34,0.25,25703,50.58,-3.89,210.07,0.0
2020-05-26,Ceará,Ocara,3.89,1,1,3.89,64,6,9.38,249.0,23.34,0.25,25703,54.47,-11.67,210.07,3.89
2020-05-25,Ceará,Ocara,0.0,0,0,0.0,63,5,7.94,245.11,19.45,0.25,25703,66.14,-15.56,206.18,-7.78
2020-05-24,Ceará,Ocara,3.89,1,2,7.78,63,5,7.94,245.11,19.45,0.25,25703,81.7,3.89,213.96,-7.78
2020-05-23,Ceará,Ocara,0.0,0,0,0.0,62,3,4.84,241.22,11.67,0.24,25703,77.81,-11.67,221.74,0.0
2020-05-22,Ceará,Ocara,38.91,10,0,0.0,62,3,4.84,241.22,11.67,0.24,25703,89.48,27.24,221.74,31.13
2020-05-21,Ceará,Ocara,3.89,1,0,0.0,52,3,5.77,202.31,11.67,0.2,25703,62.24,-11.67,190.61,0.0
2020-05-20,Ceará,Ocara,3.89,1,0,0.0,51,3,5.88,198.42,11.67,0.2,25703,73.91,3.89,190.61,3.89
2020-05-19,Ceará,Ocara,15.56,4,0,0.0,50,3,6.0,194.53,11.67,0.19,25703,70.02,0.0,186.72,15.56
2020-05-18,Ceará,Ocara,15.56,4,0,0.0,46,3,6.52,178.97,11.67,0.18,25703,70.02,0.0,171.16,15.56
2020-05-17,Ceará,Ocara,0.0,0,0,0.0,42,3,7.14,163.41,11.67,0.16,25703,70.02,0.0,155.6,0.0
2020-05-16,Ceará,Ocara,11.67,3,0,0.0,42,3,7.14,163.41,11.67,0.16,25703,70.02,3.89,155.6,11.67
2020-05-15,Ceará,Ocara,11.67,3,0,0.0,39,3,7.69,151.73,11.67,0.15,25703,66.13,3.89,143.93,11.67
2020-05-14,Ceará,Ocara,15.56,4,0,0.0,36,3,8.33,140.06,11.67,0.14,25703,62.24,7.78,132.26,15.56
2020-05-13,Ceará,Ocara,0.0,0,1,3.89,32,3,9.38,124.5,11.67,0.12,25703,54.46,-7.78,116.7,0.0
2020-05-12,Ceará,Ocara,15.56,4,0,0.0,32,2,6.25,124.5,7.78,0.12,25703,62.24,15.56,116.7,15.56
2020-05-11,Ceará,Ocara,15.56,4,0,0.0,28,2,7.14,108.94,7.78,0.11,25703,46.68,-3.89,101.14,15.56
2020-05-10,Ceará,Ocara,0.0,0,0,0.0,24,2,8.33,93.37,7.78,0.09,25703,50.57,-3.89,85.58,0.0
2020-05-09,Ceará,Ocara,7.78,2,0,0.0,24,2,8.33,93.37,7.78,0.09,25703,54.46,7.78,85.58,7.78
2020-05-08,Ceará,Ocara,7.78,2,1,3.89,22,2,9.09,85.59,7.78,0.09,25703,46.68,7.78,77.8,7.78
2020-05-07,Ceará,Ocara,7.78,2,0,0.0,20,1,5.0,77.81,3.89,0.08,25703,38.9,7.78,70.02,7.78
2020-05-06,Ceará,Ocara,7.78,2,0,0.0,18,1,5.56,70.03,3.89,0.07,25703,31.12,7.78,62.24,7.78
2020-05-05,Ceará,Ocara,0.0,0,0,0.0,16,1,6.25,62.25,3.89,0.06,25703,23.34,0.0,54.46,0.0
2020-05-04,Ceará,Ocara,19.45,5,0,0.0,16,1,6.25,62.25,3.89,0.06,25703,23.34,11.67,54.46,19.45
2020-05-03,Ceará,Ocara,3.89,1,0,0.0,11,1,9.09,42.8,3.89,0.04,25703,11.67,-7.78,35.01,3.89
2020-05-02,Ceará,Ocara,0.0,0,0,0.0,10,1,10.0,38.91,3.89,0.04,25703,19.45,0.0,31.12,0.0
2020-05-01,Ceará,Ocara,0.0,0,0,0.0,10,1,10.0,38.91,3.89,0.04,25703,19.45,-7.78,31.12,0.0
2020-04-30,Ceará,Ocara,0.0,0,0,0.0,10,1,10.0,38.91,3.89,0.04,25703,27.23,-3.89,31.12,0.0
2020-04-29,Ceará,Ocara,0.0,0,0,0.0,10,1,10.0,38.91,3.89,0.04,25703,31.12,0.0,31.12,0.0
2020-04-28,Ceará,Ocara,0.0,0,0,0.0,10,1,10.0,38.91,3.89,0.04,25703,31.12,0.0,31.12,0.0
2020-04-27,Ceará,Ocara,7.78,2,0,0.0,10,1,10.0,38.91,3.89,0.04,25703,31.12,7.78,31.12,7.78
2020-04-26,Ceará,Ocara,11.67,3,1,3.89,8,1,12.5,31.12,3.89,0.03,25703,23.34,11.67,23.34,11.67
2020-04-25,Ceará,Ocara,0.0,0,0,0.0,5,0,0.0,19.45,0.0,0.02,25703,11.67,0.0,11.67,0.0
2020-04-24,Ceará,Ocara,7.78,2,0,0.0,5,0,0.0,19.45,0.0,0.02,25703,11.67,7.78,11.67,7.78
2020-04-23,Ceará,Ocara,3.89,1,0,0.0,3,0,0.0,11.67,0.0,0.01,25703,3.89,3.89,3.89,3.89
2020-04-22,Ceará,Ocara,0.0,0,0,0.0,2,0,0.0,7.78,0.0,0.01,25703,0.0,0.0,0.0,0.0
2020-04-21,Ceará,Ocara,0.0,0,0,0.0,2,0,0.0,7.78,0.0,0.01,25703,0.0,0.0,0.0,0.0
