date,state,district,new_cases_100k,new_cases,new_deaths,new_deaths_100k,total_cases,total_deaths,cfr%,total_cases_100k,total_deaths_100k,%infected,population
2020-08-12,Niedersachsen,Cloppenburg,1.18,2,0,0.0,223,0,0.0,131.68,0.0,0.13,169348
2020-08-11,Niedersachsen,Cloppenburg,2.36,4,0,0.0,221,0,0.0,130.5,0.0,0.13,169348
2020-08-10,Niedersachsen,Cloppenburg,1.77,3,0,0.0,217,0,0.0,128.14,0.0,0.13,169348
2020-08-09,Niedersachsen,Cloppenburg,0.59,1,0,0.0,214,0,0.0,126.37,0.0,0.13,169348
2020-08-08,Niedersachsen,Cloppenburg,1.77,3,0,0.0,213,0,0.0,125.78,0.0,0.13,169348
2020-08-07,Niedersachsen,Cloppenburg,4.13,7,0,0.0,210,0,0.0,124.01,0.0,0.12,169348
2020-08-06,Niedersachsen,Cloppenburg,4.72,8,0,0.0,203,0,0.0,119.87,0.0,0.12,169348
2020-08-05,Niedersachsen,Cloppenburg,3.54,6,0,0.0,195,0,0.0,115.15,0.0,0.12,169348
2020-08-04,Niedersachsen,Cloppenburg,2.36,4,0,0.0,189,0,0.0,111.6,0.0,0.11,169348
2020-08-03,Niedersachsen,Cloppenburg,1.18,2,0,0.0,185,0,0.0,109.24,0.0,0.11,169348
2020-08-02,Niedersachsen,Cloppenburg,0.59,1,0,0.0,183,0,0.0,108.06,0.0,0.11,169348
2020-08-01,Niedersachsen,Cloppenburg,1.18,2,0,0.0,182,0,0.0,107.47,0.0,0.11,169348
2020-07-31,Niedersachsen,Cloppenburg,0.59,1,0,0.0,180,0,0.0,106.29,0.0,0.11,169348
2020-07-30,Niedersachsen,Cloppenburg,0.59,1,0,0.0,179,0,0.0,105.7,0.0,0.11,169348
2020-07-29,Niedersachsen,Cloppenburg,1.18,2,0,0.0,178,0,0.0,105.11,0.0,0.11,169348
2020-07-28,Niedersachsen,Cloppenburg,2.95,5,0,0.0,176,0,0.0,103.93,0.0,0.1,169348
2020-07-27,Niedersachsen,Cloppenburg,4.13,7,0,0.0,171,0,0.0,100.98,0.0,0.1,169348
2020-07-26,Niedersachsen,Cloppenburg,3.54,6,0,0.0,164,0,0.0,96.84,0.0,0.1,169348
2020-07-25,Niedersachsen,Cloppenburg,0.59,1,0,0.0,158,0,0.0,93.3,0.0,0.09,169348
2020-07-24,Niedersachsen,Cloppenburg,2.36,4,0,0.0,157,0,0.0,92.71,0.0,0.09,169348
2020-07-23,Niedersachsen,Cloppenburg,1.18,2,0,0.0,153,0,0.0,90.35,0.0,0.09,169348
2020-07-22,Niedersachsen,Cloppenburg,1.77,3,0,0.0,151,0,0.0,89.17,0.0,0.09,169348
2020-07-21,Niedersachsen,Cloppenburg,1.18,2,0,0.0,148,0,0.0,87.39,0.0,0.09,169348
2020-07-20,Niedersachsen,Cloppenburg,2.95,5,0,0.0,146,0,0.0,86.21,0.0,0.09,169348
2020-07-19,Niedersachsen,Cloppenburg,1.18,2,0,0.0,141,0,0.0,83.26,0.0,0.08,169348
2020-07-18,Niedersachsen,Cloppenburg,3.54,6,0,0.0,139,0,0.0,82.08,0.0,0.08,169348
2020-07-17,Niedersachsen,Cloppenburg,0.59,1,0,0.0,133,0,0.0,78.54,0.0,0.08,169348
2020-07-16,Niedersachsen,Cloppenburg,0.59,1,0,0.0,132,0,0.0,77.95,0.0,0.08,169348
2020-07-14,Niedersachsen,Cloppenburg,1.18,2,0,0.0,131,0,0.0,77.36,0.0,0.08,169348
2020-07-13,Niedersachsen,Cloppenburg,1.18,2,0,0.0,129,0,0.0,76.17,0.0,0.08,169348
2020-07-10,Niedersachsen,Cloppenburg,0.59,1,0,0.0,127,0,0.0,74.99,0.0,0.07,169348
2020-07-07,Niedersachsen,Cloppenburg,0.59,1,0,0.0,126,0,0.0,74.4,0.0,0.07,169348
2020-06-20,Niedersachsen,Cloppenburg,2.36,4,0,0.0,125,0,0.0,73.81,0.0,0.07,169348
2020-06-17,Niedersachsen,Cloppenburg,0.59,1,0,0.0,121,0,0.0,71.45,0.0,0.07,169348
2020-06-03,Niedersachsen,Cloppenburg,0.59,1,0,0.0,120,0,0.0,70.86,0.0,0.07,169348
2020-05-28,Niedersachsen,Cloppenburg,1.18,2,0,0.0,119,0,0.0,70.27,0.0,0.07,169348
2020-05-27,Niedersachsen,Cloppenburg,0.59,1,0,0.0,117,0,0.0,69.09,0.0,0.07,169348
2020-05-23,Niedersachsen,Cloppenburg,0.59,1,0,0.0,116,0,0.0,68.5,0.0,0.07,169348
2020-05-20,Niedersachsen,Cloppenburg,0.59,1,0,0.0,115,0,0.0,67.91,0.0,0.07,169348
2020-05-08,Niedersachsen,Cloppenburg,0.59,1,0,0.0,114,0,0.0,67.32,0.0,0.07,169348
2020-05-05,Niedersachsen,Cloppenburg,0.59,1,0,0.0,113,0,0.0,66.73,0.0,0.07,169348
2020-05-03,Niedersachsen,Cloppenburg,0.59,1,0,0.0,112,0,0.0,66.14,0.0,0.07,169348
2020-05-02,Niedersachsen,Cloppenburg,0.59,1,0,0.0,111,0,0.0,65.55,0.0,0.07,169348
2020-05-01,Niedersachsen,Cloppenburg,0.59,1,0,0.0,110,0,0.0,64.96,0.0,0.06,169348
2020-04-27,Niedersachsen,Cloppenburg,0.59,1,0,0.0,109,0,0.0,64.36,0.0,0.06,169348
2020-04-25,Niedersachsen,Cloppenburg,1.18,2,0,0.0,108,0,0.0,63.77,0.0,0.06,169348
2020-04-24,Niedersachsen,Cloppenburg,1.18,2,0,0.0,106,0,0.0,62.59,0.0,0.06,169348
2020-04-20,Niedersachsen,Cloppenburg,0.59,1,0,0.0,104,0,0.0,61.41,0.0,0.06,169348
2020-04-17,Niedersachsen,Cloppenburg,1.18,2,0,0.0,103,0,0.0,60.82,0.0,0.06,169348
2020-04-16,Niedersachsen,Cloppenburg,0.59,1,0,0.0,101,0,0.0,59.64,0.0,0.06,169348
2020-04-14,Niedersachsen,Cloppenburg,0.59,1,0,0.0,100,0,0.0,59.05,0.0,0.06,169348
2020-04-12,Niedersachsen,Cloppenburg,0.59,1,0,0.0,99,0,0.0,58.46,0.0,0.06,169348
2020-04-11,Niedersachsen,Cloppenburg,2.36,4,0,0.0,98,0,0.0,57.87,0.0,0.06,169348
2020-04-10,Niedersachsen,Cloppenburg,5.91,10,0,0.0,94,0,0.0,55.51,0.0,0.06,169348
2020-04-07,Niedersachsen,Cloppenburg,1.77,3,0,0.0,84,0,0.0,49.6,0.0,0.05,169348
2020-04-06,Niedersachsen,Cloppenburg,2.36,4,0,0.0,81,0,0.0,47.83,0.0,0.05,169348
2020-04-04,Niedersachsen,Cloppenburg,2.36,4,0,0.0,77,0,0.0,45.47,0.0,0.05,169348
2020-04-03,Niedersachsen,Cloppenburg,3.54,6,0,0.0,73,0,0.0,43.11,0.0,0.04,169348
2020-04-02,Niedersachsen,Cloppenburg,3.54,6,0,0.0,67,0,0.0,39.56,0.0,0.04,169348
2020-04-01,Niedersachsen,Cloppenburg,1.77,3,0,0.0,61,0,0.0,36.02,0.0,0.04,169348
2020-03-31,Niedersachsen,Cloppenburg,1.18,2,0,0.0,58,0,0.0,34.25,0.0,0.03,169348
2020-03-30,Niedersachsen,Cloppenburg,1.18,2,0,0.0,56,0,0.0,33.07,0.0,0.03,169348
2020-03-29,Niedersachsen,Cloppenburg,0.59,1,0,0.0,54,0,0.0,31.89,0.0,0.03,169348
2020-03-28,Niedersachsen,Cloppenburg,2.36,4,0,0.0,53,0,0.0,31.3,0.0,0.03,169348
2020-03-27,Niedersachsen,Cloppenburg,2.95,5,0,0.0,49,0,0.0,28.93,0.0,0.03,169348
2020-03-26,Niedersachsen,Cloppenburg,1.77,3,0,0.0,44,0,0.0,25.98,0.0,0.03,169348
2020-03-25,Niedersachsen,Cloppenburg,2.36,4,0,0.0,41,0,0.0,24.21,0.0,0.02,169348
2020-03-24,Niedersachsen,Cloppenburg,1.18,2,0,0.0,37,0,0.0,21.85,0.0,0.02,169348
2020-03-23,Niedersachsen,Cloppenburg,3.54,6,0,0.0,35,0,0.0,20.67,0.0,0.02,169348
2020-03-22,Niedersachsen,Cloppenburg,1.18,2,0,0.0,29,0,0.0,17.12,0.0,0.02,169348
2020-03-21,Niedersachsen,Cloppenburg,1.77,3,0,0.0,27,0,0.0,15.94,0.0,0.02,169348
2020-03-20,Niedersachsen,Cloppenburg,3.54,6,0,0.0,24,0,0.0,14.17,0.0,0.01,169348
2020-03-19,Niedersachsen,Cloppenburg,0.59,1,0,0.0,18,0,0.0,10.63,0.0,0.01,169348
2020-03-18,Niedersachsen,Cloppenburg,1.18,2,0,0.0,17,0,0.0,10.04,0.0,0.01,169348
2020-03-17,Niedersachsen,Cloppenburg,0.59,1,0,0.0,15,0,0.0,8.86,0.0,0.01,169348
2020-03-16,Niedersachsen,Cloppenburg,1.77,3,0,0.0,14,0,0.0,8.27,0.0,0.01,169348
2020-03-15,Niedersachsen,Cloppenburg,1.18,2,0,0.0,11,0,0.0,6.5,0.0,0.01,169348
2020-03-14,Niedersachsen,Cloppenburg,1.18,2,0,0.0,9,0,0.0,5.31,0.0,0.01,169348
2020-03-13,Niedersachsen,Cloppenburg,2.95,5,0,0.0,7,0,0.0,4.13,0.0,0.0,169348
2020-03-08,Niedersachsen,Cloppenburg,0.59,1,0,0.0,2,0,0.0,1.18,0.0,0.0,169348
2020-03-07,Niedersachsen,Cloppenburg,0.59,1,0,0.0,1,0,0.0,0.59,0.0,0.0,169348
