date,state,county,new_cases_100k,new_cases,new_deaths,new_deaths_100k,total_cases,total_deaths,cfr%,total_cases_100k,total_deaths_100k,%infected,population,pop_density
2020-08-09,California,Glenn,17.83,5,0,0.0,344,3,0.87,1226.51,10.7,1.23,28047,21.35
2020-08-08,California,Glenn,32.09,9,0,0.0,339,3,0.88,1208.69,10.7,1.21,28047,21.35
2020-08-07,California,Glenn,0.0,0,0,0.0,330,3,0.91,1176.6,10.7,1.18,28047,21.35
2020-08-06,California,Glenn,17.83,5,1,3.57,330,3,0.91,1176.6,10.7,1.18,28047,21.35
2020-08-05,California,Glenn,32.09,9,1,3.57,325,2,0.62,1158.77,7.13,1.16,28047,21.35
2020-08-04,California,Glenn,3.57,1,0,0.0,316,1,0.32,1126.68,3.57,1.13,28047,21.35
2020-08-03,California,Glenn,14.26,4,0,0.0,315,1,0.32,1123.11,3.57,1.12,28047,21.35
2020-08-02,California,Glenn,24.96,7,0,0.0,311,1,0.32,1108.85,3.57,1.11,28047,21.35
2020-08-01,California,Glenn,24.96,7,0,0.0,304,1,0.33,1083.89,3.57,1.08,28047,21.35
2020-07-31,California,Glenn,10.7,3,0,0.0,297,1,0.34,1058.94,3.57,1.06,28047,21.35
2020-07-30,California,Glenn,17.83,5,0,0.0,294,1,0.34,1048.24,3.57,1.05,28047,21.35
2020-07-29,California,Glenn,42.79,12,0,0.0,289,1,0.35,1030.41,3.57,1.03,28047,21.35
2020-07-28,California,Glenn,42.79,12,0,0.0,277,1,0.36,987.63,3.57,0.99,28047,21.35
2020-07-27,California,Glenn,17.83,5,0,0.0,265,1,0.38,944.84,3.57,0.94,28047,21.35
2020-07-26,California,Glenn,32.09,9,0,0.0,260,1,0.38,927.02,3.57,0.93,28047,21.35
2020-07-25,California,Glenn,17.83,5,0,0.0,251,1,0.4,894.93,3.57,0.89,28047,21.35
2020-07-24,California,Glenn,35.65,10,1,3.57,246,1,0.41,877.1,3.57,0.88,28047,21.35
2020-07-23,California,Glenn,24.96,7,0,0.0,236,0,0.0,841.44,0.0,0.84,28047,21.35
2020-07-22,California,Glenn,14.26,4,0,0.0,229,0,0.0,816.49,0.0,0.82,28047,21.35
2020-07-21,California,Glenn,35.65,10,0,0.0,225,0,0.0,802.22,0.0,0.8,28047,21.35
2020-07-20,California,Glenn,10.7,3,0,0.0,215,0,0.0,766.57,0.0,0.77,28047,21.35
2020-07-19,California,Glenn,32.09,9,0,0.0,212,0,0.0,755.87,0.0,0.76,28047,21.35
2020-07-18,California,Glenn,46.35,13,0,0.0,203,0,0.0,723.79,0.0,0.72,28047,21.35
2020-07-17,California,Glenn,21.39,6,0,0.0,190,0,0.0,677.43,0.0,0.68,28047,21.35
2020-07-16,California,Glenn,24.96,7,0,0.0,184,0,0.0,656.04,0.0,0.66,28047,21.35
2020-07-15,California,Glenn,32.09,9,0,0.0,177,0,0.0,631.08,0.0,0.63,28047,21.35
2020-07-14,California,Glenn,7.13,2,0,0.0,168,0,0.0,598.99,0.0,0.6,28047,21.35
2020-07-13,California,Glenn,17.83,5,0,0.0,166,0,0.0,591.86,0.0,0.59,28047,21.35
2020-07-12,California,Glenn,14.26,4,0,0.0,161,0,0.0,574.04,0.0,0.57,28047,21.35
2020-07-11,California,Glenn,24.96,7,0,0.0,157,0,0.0,559.77,0.0,0.56,28047,21.35
2020-07-10,California,Glenn,14.26,4,0,0.0,150,0,0.0,534.82,0.0,0.53,28047,21.35
2020-07-09,California,Glenn,3.57,1,0,0.0,146,0,0.0,520.55,0.0,0.52,28047,21.35
2020-07-08,California,Glenn,57.05,16,0,0.0,145,0,0.0,516.99,0.0,0.52,28047,21.35
2020-07-07,California,Glenn,0.0,0,0,0.0,129,0,0.0,459.94,0.0,0.46,28047,21.35
2020-07-06,California,Glenn,3.57,1,0,0.0,129,0,0.0,459.94,0.0,0.46,28047,21.35
2020-07-05,California,Glenn,21.39,6,0,0.0,128,0,0.0,456.38,0.0,0.46,28047,21.35
2020-07-04,California,Glenn,0.0,0,0,0.0,122,0,0.0,434.98,0.0,0.43,28047,21.35
2020-07-03,California,Glenn,0.0,0,0,0.0,122,0,0.0,434.98,0.0,0.43,28047,21.35
2020-07-02,California,Glenn,35.65,10,0,0.0,122,0,0.0,434.98,0.0,0.43,28047,21.35
2020-07-01,California,Glenn,0.0,0,0,0.0,112,0,0.0,399.33,0.0,0.4,28047,21.35
2020-06-30,California,Glenn,32.09,9,0,0.0,112,0,0.0,399.33,0.0,0.4,28047,21.35
2020-06-29,California,Glenn,57.05,16,0,0.0,103,0,0.0,367.24,0.0,0.37,28047,21.35
2020-06-28,California,Glenn,0.0,0,0,0.0,87,0,0.0,310.19,0.0,0.31,28047,21.35
2020-06-27,California,Glenn,0.0,0,0,0.0,87,0,0.0,310.19,0.0,0.31,28047,21.35
2020-06-26,California,Glenn,0.0,0,0,0.0,87,0,0.0,310.19,0.0,0.31,28047,21.35
2020-06-25,California,Glenn,46.35,13,0,0.0,87,0,0.0,310.19,0.0,0.31,28047,21.35
2020-06-24,California,Glenn,28.52,8,0,0.0,74,0,0.0,263.84,0.0,0.26,28047,21.35
2020-06-23,California,Glenn,85.57,24,0,0.0,66,0,0.0,235.32,0.0,0.24,28047,21.35
2020-06-22,California,Glenn,0.0,0,0,0.0,42,0,0.0,149.75,0.0,0.15,28047,21.35
2020-06-21,California,Glenn,0.0,0,0,0.0,42,0,0.0,149.75,0.0,0.15,28047,21.35
2020-06-20,California,Glenn,0.0,0,0,0.0,42,0,0.0,149.75,0.0,0.15,28047,21.35
2020-06-19,California,Glenn,0.0,0,0,0.0,42,0,0.0,149.75,0.0,0.15,28047,21.35
2020-06-18,California,Glenn,14.26,4,0,0.0,42,0,0.0,149.75,0.0,0.15,28047,21.35
2020-06-17,California,Glenn,14.26,4,0,0.0,38,0,0.0,135.49,0.0,0.14,28047,21.35
2020-06-16,California,Glenn,7.13,2,0,0.0,34,0,0.0,121.23,0.0,0.12,28047,21.35
2020-06-15,California,Glenn,28.52,8,0,0.0,32,0,0.0,114.09,0.0,0.11,28047,21.35
2020-06-14,California,Glenn,0.0,0,0,0.0,24,0,0.0,85.57,0.0,0.09,28047,21.35
2020-06-13,California,Glenn,0.0,0,0,0.0,24,0,0.0,85.57,0.0,0.09,28047,21.35
2020-06-12,California,Glenn,0.0,0,0,0.0,24,0,0.0,85.57,0.0,0.09,28047,21.35
2020-06-11,California,Glenn,3.57,1,0,0.0,24,0,0.0,85.57,0.0,0.09,28047,21.35
2020-06-10,California,Glenn,7.13,2,0,0.0,23,0,0.0,82.01,0.0,0.08,28047,21.35
2020-06-09,California,Glenn,7.13,2,0,0.0,21,0,0.0,74.87,0.0,0.07,28047,21.35
2020-06-08,California,Glenn,3.57,1,0,0.0,19,0,0.0,67.74,0.0,0.07,28047,21.35
2020-06-07,California,Glenn,0.0,0,0,0.0,18,0,0.0,64.18,0.0,0.06,28047,21.35
2020-06-06,California,Glenn,0.0,0,0,0.0,18,0,0.0,64.18,0.0,0.06,28047,21.35
2020-06-05,California,Glenn,3.57,1,0,0.0,18,0,0.0,64.18,0.0,0.06,28047,21.35
2020-06-04,California,Glenn,0.0,0,0,0.0,17,0,0.0,60.61,0.0,0.06,28047,21.35
2020-06-03,California,Glenn,0.0,0,0,0.0,17,0,0.0,60.61,0.0,0.06,28047,21.35
2020-06-02,California,Glenn,0.0,0,0,0.0,17,0,0.0,60.61,0.0,0.06,28047,21.35
2020-06-01,California,Glenn,3.57,1,0,0.0,17,0,0.0,60.61,0.0,0.06,28047,21.35
2020-05-31,California,Glenn,0.0,0,0,0.0,16,0,0.0,57.05,0.0,0.06,28047,21.35
2020-05-30,California,Glenn,0.0,0,0,0.0,16,0,0.0,57.05,0.0,0.06,28047,21.35
2020-05-29,California,Glenn,7.13,2,0,0.0,16,0,0.0,57.05,0.0,0.06,28047,21.35
2020-05-28,California,Glenn,3.57,1,0,0.0,14,0,0.0,49.92,0.0,0.05,28047,21.35
2020-05-27,California,Glenn,0.0,0,0,0.0,13,0,0.0,46.35,0.0,0.05,28047,21.35
2020-05-26,California,Glenn,3.57,1,0,0.0,13,0,0.0,46.35,0.0,0.05,28047,21.35
2020-05-25,California,Glenn,0.0,0,0,0.0,12,0,0.0,42.79,0.0,0.04,28047,21.35
2020-05-24,California,Glenn,0.0,0,0,0.0,12,0,0.0,42.79,0.0,0.04,28047,21.35
2020-05-23,California,Glenn,0.0,0,0,0.0,12,0,0.0,42.79,0.0,0.04,28047,21.35
2020-05-22,California,Glenn,0.0,0,0,0.0,12,0,0.0,42.79,0.0,0.04,28047,21.35
2020-05-21,California,Glenn,0.0,0,0,0.0,12,0,0.0,42.79,0.0,0.04,28047,21.35
2020-05-20,California,Glenn,0.0,0,0,0.0,12,0,0.0,42.79,0.0,0.04,28047,21.35
2020-05-19,California,Glenn,0.0,0,0,0.0,12,0,0.0,42.79,0.0,0.04,28047,21.35
2020-05-18,California,Glenn,10.7,3,0,0.0,12,0,0.0,42.79,0.0,0.04,28047,21.35
2020-05-17,California,Glenn,0.0,0,0,0.0,9,0,0.0,32.09,0.0,0.03,28047,21.35
2020-05-16,California,Glenn,0.0,0,0,0.0,9,0,0.0,32.09,0.0,0.03,28047,21.35
2020-05-15,California,Glenn,0.0,0,0,0.0,9,0,0.0,32.09,0.0,0.03,28047,21.35
2020-05-14,California,Glenn,7.13,2,0,0.0,9,0,0.0,32.09,0.0,0.03,28047,21.35
2020-05-13,California,Glenn,3.57,1,0,0.0,7,0,0.0,24.96,0.0,0.02,28047,21.35
2020-05-12,California,Glenn,0.0,0,0,0.0,6,0,0.0,21.39,0.0,0.02,28047,21.35
2020-05-11,California,Glenn,0.0,0,0,0.0,6,0,0.0,21.39,0.0,0.02,28047,21.35
2020-05-10,California,Glenn,0.0,0,0,0.0,6,0,0.0,21.39,0.0,0.02,28047,21.35
2020-05-09,California,Glenn,0.0,0,0,0.0,6,0,0.0,21.39,0.0,0.02,28047,21.35
2020-05-08,California,Glenn,0.0,0,0,0.0,6,0,0.0,21.39,0.0,0.02,28047,21.35
2020-05-07,California,Glenn,3.57,1,0,0.0,6,0,0.0,21.39,0.0,0.02,28047,21.35
2020-05-06,California,Glenn,0.0,0,0,0.0,5,0,0.0,17.83,0.0,0.02,28047,21.35
2020-05-05,California,Glenn,0.0,0,0,0.0,5,0,0.0,17.83,0.0,0.02,28047,21.35
2020-05-04,California,Glenn,0.0,0,0,0.0,5,0,0.0,17.83,0.0,0.02,28047,21.35
2020-05-03,California,Glenn,0.0,0,0,0.0,5,0,0.0,17.83,0.0,0.02,28047,21.35
2020-05-02,California,Glenn,0.0,0,0,0.0,5,0,0.0,17.83,0.0,0.02,28047,21.35
2020-05-01,California,Glenn,0.0,0,0,0.0,5,0,0.0,17.83,0.0,0.02,28047,21.35
2020-04-30,California,Glenn,0.0,0,0,0.0,5,0,0.0,17.83,0.0,0.02,28047,21.35
2020-04-29,California,Glenn,0.0,0,0,0.0,5,0,0.0,17.83,0.0,0.02,28047,21.35
2020-04-28,California,Glenn,0.0,0,0,0.0,5,0,0.0,17.83,0.0,0.02,28047,21.35
2020-04-27,California,Glenn,0.0,0,0,0.0,5,0,0.0,17.83,0.0,0.02,28047,21.35
2020-04-26,California,Glenn,0.0,0,0,0.0,5,0,0.0,17.83,0.0,0.02,28047,21.35
2020-04-25,California,Glenn,0.0,0,0,0.0,5,0,0.0,17.83,0.0,0.02,28047,21.35
2020-04-24,California,Glenn,0.0,0,0,0.0,5,0,0.0,17.83,0.0,0.02,28047,21.35
2020-04-23,California,Glenn,3.57,1,0,0.0,5,0,0.0,17.83,0.0,0.02,28047,21.35
2020-04-22,California,Glenn,0.0,0,0,0.0,4,0,0.0,14.26,0.0,0.01,28047,21.35
2020-04-21,California,Glenn,0.0,0,0,0.0,4,0,0.0,14.26,0.0,0.01,28047,21.35
2020-04-20,California,Glenn,0.0,0,0,0.0,4,0,0.0,14.26,0.0,0.01,28047,21.35
2020-04-19,California,Glenn,0.0,0,0,0.0,4,0,0.0,14.26,0.0,0.01,28047,21.35
2020-04-18,California,Glenn,0.0,0,0,0.0,4,0,0.0,14.26,0.0,0.01,28047,21.35
2020-04-17,California,Glenn,0.0,0,0,0.0,4,0,0.0,14.26,0.0,0.01,28047,21.35
2020-04-16,California,Glenn,0.0,0,0,0.0,4,0,0.0,14.26,0.0,0.01,28047,21.35
2020-04-15,California,Glenn,0.0,0,0,0.0,4,0,0.0,14.26,0.0,0.01,28047,21.35
2020-04-14,California,Glenn,0.0,0,0,0.0,4,0,0.0,14.26,0.0,0.01,28047,21.35
2020-04-13,California,Glenn,3.57,1,0,0.0,4,0,0.0,14.26,0.0,0.01,28047,21.35
2020-04-12,California,Glenn,0.0,0,0,0.0,3,0,0.0,10.7,0.0,0.01,28047,21.35
2020-04-11,California,Glenn,0.0,0,0,0.0,3,0,0.0,10.7,0.0,0.01,28047,21.35
2020-04-10,California,Glenn,3.57,1,0,0.0,3,0,0.0,10.7,0.0,0.01,28047,21.35
2020-04-09,California,Glenn,0.0,0,0,0.0,2,0,0.0,7.13,0.0,0.01,28047,21.35
2020-04-08,California,Glenn,0.0,0,0,0.0,2,0,0.0,7.13,0.0,0.01,28047,21.35
2020-04-07,California,Glenn,0.0,0,0,0.0,2,0,0.0,7.13,0.0,0.01,28047,21.35
2020-04-06,California,Glenn,0.0,0,0,0.0,2,0,0.0,7.13,0.0,0.01,28047,21.35
2020-04-05,California,Glenn,0.0,0,0,0.0,2,0,0.0,7.13,0.0,0.01,28047,21.35
2020-04-04,California,Glenn,0.0,0,0,0.0,2,0,0.0,7.13,0.0,0.01,28047,21.35
2020-04-03,California,Glenn,0.0,0,0,0.0,2,0,0.0,7.13,0.0,0.01,28047,21.35
2020-04-02,California,Glenn,0.0,0,0,0.0,2,0,0.0,7.13,0.0,0.01,28047,21.35
2020-04-01,California,Glenn,0.0,0,0,0.0,2,0,0.0,7.13,0.0,0.01,28047,21.35
2020-03-31,California,Glenn,0.0,0,0,0.0,2,0,0.0,7.13,0.0,0.01,28047,21.35
2020-03-30,California,Glenn,3.57,1,0,0.0,2,0,0.0,7.13,0.0,0.01,28047,21.35
2020-03-29,California,Glenn,0.0,0,0,0.0,1,0,0.0,3.57,0.0,0.0,28047,21.35
2020-03-28,California,Glenn,0.0,0,0,0.0,1,0,0.0,3.57,0.0,0.0,28047,21.35
