date,state,city,1day_cases_100k,new_cases,new_deaths,new_deaths_100k,total_cases,total_deaths,cfr%,total_cases_100k,total_deaths_100k,%infected,population,7day_cases_100k,7day_cases_change,28day_cases_100k,28day_cases_change
2020-08-30,Mato Grosso do Sul,Amambai,5.08,2,0,0.0,165,3,1.82,418.82,7.61,0.42,39396,81.23,-2.53,220.82,2.54
2020-08-29,Mato Grosso do Sul,Amambai,0.0,0,0,0.0,163,3,1.84,413.75,7.61,0.41,39396,83.76,-2.54,218.28,0.0
2020-08-28,Mato Grosso do Sul,Amambai,30.46,12,0,0.0,163,3,1.84,413.75,7.61,0.41,39396,86.3,27.92,218.28,27.92
2020-08-27,Mato Grosso do Sul,Amambai,17.77,7,0,0.0,151,3,1.99,383.29,7.61,0.38,39396,58.38,12.69,190.36,15.23
2020-08-24,Mato Grosso do Sul,Amambai,15.23,6,0,0.0,144,3,2.08,365.52,7.61,0.37,39396,45.69,12.69,175.13,12.69
2020-08-23,Mato Grosso do Sul,Amambai,5.08,2,0,0.0,138,3,2.17,350.29,7.61,0.35,39396,33.0,-7.61,162.44,5.08
2020-08-22,Mato Grosso do Sul,Amambai,7.61,3,0,0.0,136,3,2.21,345.21,7.61,0.35,39396,40.61,7.61,157.36,-5.08
2020-08-21,Mato Grosso do Sul,Amambai,7.61,3,0,0.0,133,3,2.26,337.6,7.61,0.34,39396,33.0,-27.93,162.44,10.15
2020-08-20,Mato Grosso do Sul,Amambai,2.54,1,0,0.0,130,3,2.31,329.98,7.61,0.33,39396,60.93,-5.07,152.29,-2.54
2020-08-19,Mato Grosso do Sul,Amambai,2.54,1,0,0.0,129,3,2.33,327.44,7.61,0.33,39396,66.0,5.08,154.83,-20.3
2020-08-18,Mato Grosso do Sul,Amambai,5.08,2,0,0.0,128,3,2.34,324.91,7.61,0.32,39396,60.92,5.08,175.13,-15.23
2020-08-17,Mato Grosso do Sul,Amambai,2.54,1,0,0.0,126,3,2.38,319.83,7.61,0.32,39396,55.84,-10.15,190.36,-7.61
2020-08-16,Mato Grosso do Sul,Amambai,12.69,5,0,0.0,125,3,2.4,317.29,7.61,0.32,39396,65.99,12.69,197.97,10.15
2020-08-15,Mato Grosso do Sul,Amambai,0.0,0,0,0.0,120,3,2.5,304.6,7.61,0.3,39396,53.3,0.0,187.82,0.0
2020-08-14,Mato Grosso do Sul,Amambai,35.54,14,0,0.0,120,3,2.5,304.6,7.61,0.3,39396,53.3,25.39,187.82,35.54
2020-08-13,Mato Grosso do Sul,Amambai,7.61,3,0,0.0,106,3,2.83,269.06,7.61,0.27,39396,27.91,12.69,152.28,0.0
2020-08-12,Mato Grosso do Sul,Amambai,-2.54,-1,0,0.0,103,3,2.91,261.45,7.61,0.26,39396,15.22,-10.15,152.28,-22.85
2020-08-11,Mato Grosso do Sul,Amambai,0.0,0,0,0.0,104,3,2.88,263.99,7.61,0.26,39396,25.37,-10.15,175.13,-2.54
2020-08-10,Mato Grosso do Sul,Amambai,12.69,5,0,0.0,104,3,2.88,263.99,7.61,0.26,39396,35.52,-2.54,177.67,5.08
2020-08-09,Mato Grosso do Sul,Amambai,0.0,0,0,0.0,99,3,3.03,251.29,7.61,0.25,39396,38.06,-2.54,172.59,0.0
2020-08-08,Mato Grosso do Sul,Amambai,0.0,0,0,0.0,99,3,3.03,251.29,7.61,0.25,39396,40.6,-12.69,172.59,-15.23
2020-08-07,Mato Grosso do Sul,Amambai,10.15,4,0,0.0,99,3,3.03,251.29,7.61,0.25,39396,53.29,7.61,187.82,10.15
2020-08-06,Mato Grosso do Sul,Amambai,-5.08,-2,0,0.0,95,3,3.16,241.14,7.61,0.24,39396,45.68,-5.08,177.67,-7.62
2020-08-05,Mato Grosso do Sul,Amambai,7.61,3,0,0.0,97,3,3.09,246.22,7.61,0.25,39396,50.76,5.07,185.29,7.61
2020-08-04,Mato Grosso do Sul,Amambai,10.15,4,0,0.0,94,3,3.19,238.6,7.61,0.24,39396,45.69,7.61,177.68,10.15
2020-08-03,Mato Grosso do Sul,Amambai,15.23,6,0,0.0,90,3,3.33,228.45,7.61,0.23,39396,38.08,12.69,167.53,15.23
2020-08-02,Mato Grosso do Sul,Amambai,2.54,1,1,2.54,84,3,3.57,213.22,7.61,0.21,39396,25.39,2.54,152.3,-2.54
2020-08-01,Mato Grosso do Sul,Amambai,12.69,5,0,0.0,83,2,2.41,210.68,5.08,0.21,39396,22.85,0.0,154.84,12.69
2020-07-31,Mato Grosso do Sul,Amambai,2.54,1,0,0.0,78,2,2.56,197.99,5.08,0.2,39396,22.85,5.08,142.15,2.54
2020-07-29,Mato Grosso do Sul,Amambai,0.0,0,0,0.0,77,2,2.6,195.45,5.08,0.2,39396,17.77,-5.08,139.61,-15.23
2020-07-28,Mato Grosso do Sul,Amambai,2.54,1,0,0.0,77,2,2.6,195.45,5.08,0.2,39396,22.85,-20.3,154.84,2.54
2020-07-27,Mato Grosso do Sul,Amambai,2.54,1,0,0.0,76,2,2.63,192.91,5.08,0.19,39396,43.15,-17.77,152.3,2.54
2020-07-26,Mato Grosso do Sul,Amambai,2.54,1,0,0.0,75,2,2.67,190.37,5.08,0.19,39396,60.92,-7.61,149.76,5.08
2020-07-25,Mato Grosso do Sul,Amambai,0.0,0,0,0.0,74,2,2.7,187.84,5.08,0.19,39396,68.53,-2.54,144.68,-2.54
2020-07-24,Mato Grosso do Sul,Amambai,12.69,5,0,0.0,74,2,2.7,187.84,5.08,0.19,39396,71.07,12.69,147.22,7.61
2020-07-23,Mato Grosso do Sul,Amambai,-2.54,-1,0,0.0,69,2,2.9,175.14,5.08,0.18,39396,58.38,-2.54,139.61,-5.08
2020-07-22,Mato Grosso do Sul,Amambai,5.08,2,0,0.0,70,2,2.86,177.68,5.08,0.18,39396,60.92,-2.53,144.69,-5.07
2020-07-21,Mato Grosso do Sul,Amambai,22.84,9,0,0.0,68,2,2.94,172.61,5.08,0.17,39396,63.45,2.53,149.76,17.76
2020-07-20,Mato Grosso do Sul,Amambai,20.31,8,0,0.0,59,2,3.39,149.76,5.08,0.15,39396,60.92,17.77,132.0,20.31
2020-07-19,Mato Grosso do Sul,Amambai,10.15,4,0,0.0,51,2,3.92,129.45,5.08,0.13,39396,43.15,2.54,111.69,10.15
2020-07-18,Mato Grosso do Sul,Amambai,2.54,1,0,0.0,47,2,4.26,119.3,5.08,0.12,39396,40.61,2.54,101.54,2.54
2020-07-17,Mato Grosso do Sul,Amambai,0.0,0,0,0.0,46,2,4.35,116.76,5.08,0.12,39396,38.07,-15.23,99.0,-2.54
2020-07-16,Mato Grosso do Sul,Amambai,0.0,0,0,0.0,46,2,4.35,116.76,5.08,0.12,39396,53.3,0.0,101.54,0.0
2020-07-15,Mato Grosso do Sul,Amambai,7.61,3,0,0.0,46,2,4.35,116.76,5.08,0.12,39396,53.3,5.07,101.54,7.61
2020-07-14,Mato Grosso do Sul,Amambai,20.31,8,0,0.0,43,2,4.65,109.15,5.08,0.11,39396,48.23,20.31,93.93,20.31
2020-07-13,Mato Grosso do Sul,Amambai,2.54,1,0,0.0,35,2,5.71,88.84,5.08,0.09,39396,27.92,2.54,73.62,2.54
2020-07-12,Mato Grosso do Sul,Amambai,7.61,3,0,0.0,34,2,5.88,86.3,5.08,0.09,39396,25.38,7.61,71.08,7.61
2020-07-11,Mato Grosso do Sul,Amambai,0.0,0,0,0.0,31,2,6.45,78.69,5.08,0.08,39396,17.77,-5.08,63.47,0.0
2020-07-10,Mato Grosso do Sul,Amambai,15.23,6,0,0.0,31,2,6.45,78.69,5.08,0.08,39396,22.85,15.23,63.47,15.23
2020-07-09,Mato Grosso do Sul,Amambai,0.0,0,0,0.0,25,2,8.0,63.46,5.08,0.06,39396,7.62,0.0,48.24,0.0
2020-07-08,Mato Grosso do Sul,Amambai,2.54,1,0,0.0,25,2,8.0,63.46,5.08,0.06,39396,7.62,-12.69,48.24,2.54
2020-07-07,Mato Grosso do Sul,Amambai,0.0,0,0,0.0,24,2,8.33,60.92,5.08,0.06,39396,20.31,0.0,45.7,0.0
2020-07-06,Mato Grosso do Sul,Amambai,0.0,0,0,0.0,24,2,8.33,60.92,5.08,0.06,39396,20.31,0.0,45.7,0.0
2020-07-05,Mato Grosso do Sul,Amambai,0.0,0,0,0.0,24,2,8.33,60.92,5.08,0.06,39396,20.31,2.54,45.7,0.0
2020-07-04,Mato Grosso do Sul,Amambai,5.08,2,0,0.0,24,2,8.33,60.92,5.08,0.06,39396,17.77,2.54,45.7,5.08
2020-07-02,Mato Grosso do Sul,Amambai,0.0,0,0,0.0,22,2,9.09,55.84,5.08,0.06,39396,15.23,-5.08,40.62,0.0
2020-07-01,Mato Grosso do Sul,Amambai,0.0,0,0,0.0,22,2,9.09,55.84,5.08,0.06,39396,20.31,-2.54,40.62,0.0
2020-06-30,Mato Grosso do Sul,Amambai,15.23,6,1,2.54,22,2,9.09,55.84,5.08,0.06,39396,22.85,5.08,40.62,15.23
2020-06-29,Mato Grosso do Sul,Amambai,0.0,0,0,0.0,16,1,6.25,40.61,2.54,0.04,39396,17.77,-5.08,25.39,-2.54
2020-06-28,Mato Grosso do Sul,Amambai,0.0,0,0,0.0,16,1,6.25,40.61,2.54,0.04,39396,22.85,0.0,27.93,0.0
2020-06-26,Mato Grosso do Sul,Amambai,-2.54,-1,0,0.0,16,1,6.25,40.61,2.54,0.04,39396,22.85,-2.54,27.93,-2.54
2020-06-25,Mato Grosso do Sul,Amambai,2.54,1,1,2.54,17,1,5.88,43.15,2.54,0.04,39396,25.39,2.54,30.47,2.54
2020-06-24,Mato Grosso do Sul,Amambai,5.08,2,0,0.0,16,0,0.0,40.61,0.0,0.04,39396,22.85,2.54,27.93,5.08
2020-06-23,Mato Grosso do Sul,Amambai,2.54,1,0,0.0,14,0,0.0,35.54,0.0,0.04,39396,20.31,2.54,22.85,2.54
2020-06-22,Mato Grosso do Sul,Amambai,10.15,4,0,0.0,13,0,0.0,33.0,0.0,0.03,39396,17.77,10.15,20.31,10.15
2020-06-21,Mato Grosso do Sul,Amambai,5.08,2,0,0.0,9,0,0.0,22.84,0.0,0.02,39396,7.62,5.08,10.16,2.54
2020-06-20,Mato Grosso do Sul,Amambai,0.0,0,0,0.0,7,0,0.0,17.77,0.0,0.02,39396,2.54,0.0,7.62,0.0
2020-06-19,Mato Grosso do Sul,Amambai,0.0,0,0,0.0,7,0,0.0,17.77,0.0,0.02,39396,2.54,0.0,7.62,0.0
2020-06-18,Mato Grosso do Sul,Amambai,0.0,0,0,0.0,7,0,0.0,17.77,0.0,0.02,39396,2.54,0.0,7.62,0.0
2020-06-17,Mato Grosso do Sul,Amambai,2.54,1,0,0.0,7,0,0.0,17.77,0.0,0.02,39396,2.54,2.54,7.62,2.54
2020-06-16,Mato Grosso do Sul,Amambai,0.0,0,0,0.0,6,0,0.0,15.23,0.0,0.02,39396,0.0,0.0,5.08,0.0
2020-06-15,Mato Grosso do Sul,Amambai,0.0,0,0,0.0,6,0,0.0,15.23,0.0,0.02,39396,0.0,0.0,5.08,0.0
2020-06-14,Mato Grosso do Sul,Amambai,0.0,0,0,0.0,6,0,0.0,15.23,0.0,0.02,39396,0.0,0.0,5.08,0.0
2020-06-13,Mato Grosso do Sul,Amambai,0.0,0,0,0.0,6,0,0.0,15.23,0.0,0.02,39396,0.0,0.0,5.08,0.0
2020-06-12,Mato Grosso do Sul,Amambai,0.0,0,0,0.0,6,0,0.0,15.23,0.0,0.02,39396,0.0,0.0,5.08,-5.08
2020-06-11,Mato Grosso do Sul,Amambai,0.0,0,0,0.0,6,0,0.0,15.23,0.0,0.02,39396,0.0,0.0,10.16,0.0
2020-06-10,Mato Grosso do Sul,Amambai,0.0,0,0,0.0,6,0,0.0,15.23,0.0,0.02,39396,0.0,0.0,10.16,-2.54
2020-06-09,Mato Grosso do Sul,Amambai,0.0,0,0,0.0,6,0,0.0,15.23,0.0,0.02,39396,0.0,0.0,12.7,0.0
2020-06-08,Mato Grosso do Sul,Amambai,0.0,0,0,0.0,6,0,0.0,15.23,0.0,0.02,39396,0.0,0.0,12.7,0.0
2020-06-07,Mato Grosso do Sul,Amambai,0.0,0,0,0.0,6,0,0.0,15.23,0.0,0.02,39396,0.0,-2.54,12.7,0.0
2020-06-06,Mato Grosso do Sul,Amambai,0.0,0,0,0.0,6,0,0.0,15.23,0.0,0.02,39396,2.54,0.0,12.7,0.0
2020-06-05,Mato Grosso do Sul,Amambai,0.0,0,0,0.0,6,0,0.0,15.23,0.0,0.02,39396,2.54,0.0,12.7,0.0
2020-06-04,Mato Grosso do Sul,Amambai,0.0,0,0,0.0,6,0,0.0,15.23,0.0,0.02,39396,2.54,0.0,12.7,0.0
2020-06-03,Mato Grosso do Sul,Amambai,0.0,0,0,0.0,6,0,0.0,15.23,0.0,0.02,39396,2.54,0.0,12.7,0.0
2020-06-02,Mato Grosso do Sul,Amambai,0.0,0,0,0.0,6,0,0.0,15.23,0.0,0.02,39396,2.54,0.0,12.7,0.0
2020-06-01,Mato Grosso do Sul,Amambai,0.0,0,0,0.0,6,0,0.0,15.23,0.0,0.02,39396,2.54,0.0,12.7,0.0
2020-05-31,Mato Grosso do Sul,Amambai,2.54,1,0,0.0,6,0,0.0,15.23,0.0,0.02,39396,2.54,0.0,12.7,2.54
2020-05-30,Mato Grosso do Sul,Amambai,0.0,0,0,0.0,5,0,0.0,12.69,0.0,0.01,39396,2.54,0.0,10.16,0.0
2020-05-29,Mato Grosso do Sul,Amambai,0.0,0,0,0.0,5,0,0.0,12.69,0.0,0.01,39396,2.54,0.0,10.16,0.0
2020-05-28,Mato Grosso do Sul,Amambai,0.0,0,0,0.0,5,0,0.0,12.69,0.0,0.01,39396,2.54,0.0,10.16,0.0
2020-05-27,Mato Grosso do Sul,Amambai,0.0,0,0,0.0,5,0,0.0,12.69,0.0,0.01,39396,2.54,0.0,10.16,0.0
2020-05-26,Mato Grosso do Sul,Amambai,0.0,0,0,0.0,5,0,0.0,12.69,0.0,0.01,39396,2.54,0.0,10.16,0.0
2020-05-25,Mato Grosso do Sul,Amambai,0.0,0,0,0.0,5,0,0.0,12.69,0.0,0.01,39396,2.54,0.0,10.16,0.0
2020-05-24,Mato Grosso do Sul,Amambai,2.54,1,0,0.0,5,0,0.0,12.69,0.0,0.01,39396,2.54,2.54,10.16,2.54
2020-05-23,Mato Grosso do Sul,Amambai,0.0,0,0,0.0,4,0,0.0,10.15,0.0,0.01,39396,0.0,0.0,7.62,0.0
2020-05-22,Mato Grosso do Sul,Amambai,0.0,0,0,0.0,4,0,0.0,10.15,0.0,0.01,39396,0.0,-5.08,7.62,0.0
2020-05-21,Mato Grosso do Sul,Amambai,0.0,0,0,0.0,4,0,0.0,10.15,0.0,0.01,39396,5.08,0.0,7.62,0.0
2020-05-20,Mato Grosso do Sul,Amambai,0.0,0,0,0.0,4,0,0.0,10.15,0.0,0.01,39396,5.08,-2.54,7.62,0.0
2020-05-19,Mato Grosso do Sul,Amambai,0.0,0,0,0.0,4,0,0.0,10.15,0.0,0.01,39396,7.62,0.0,7.62,0.0
2020-05-18,Mato Grosso do Sul,Amambai,0.0,0,0,0.0,4,0,0.0,10.15,0.0,0.01,39396,7.62,0.0,7.62,0.0
2020-05-17,Mato Grosso do Sul,Amambai,0.0,0,0,0.0,4,0,0.0,10.15,0.0,0.01,39396,7.62,0.0,7.62,0.0
2020-05-16,Mato Grosso do Sul,Amambai,0.0,0,0,0.0,4,0,0.0,10.15,0.0,0.01,39396,7.62,0.0,7.62,0.0
2020-05-15,Mato Grosso do Sul,Amambai,5.08,2,0,0.0,4,0,0.0,10.15,0.0,0.01,39396,7.62,5.08,7.62,5.08
2020-05-14,Mato Grosso do Sul,Amambai,0.0,0,0,0.0,2,0,0.0,5.08,0.0,0.01,39396,2.54,0.0,2.54,0.0
2020-05-13,Mato Grosso do Sul,Amambai,2.54,1,0,0.0,2,0,0.0,5.08,0.0,0.01,39396,2.54,2.54,2.54,2.54
2020-05-12,Mato Grosso do Sul,Amambai,0.0,0,0,0.0,1,0,0.0,2.54,0.0,0.0,39396,0.0,0.0,0.0,0.0
2020-05-11,Mato Grosso do Sul,Amambai,0.0,0,0,0.0,1,0,0.0,2.54,0.0,0.0,39396,0.0,0.0,0.0,0.0
2020-05-10,Mato Grosso do Sul,Amambai,0.0,0,0,0.0,1,0,0.0,2.54,0.0,0.0,39396,0.0,0.0,0.0,0.0
