date,state,city,1day_cases_100k,new_cases,new_deaths,new_deaths_100k,total_cases,total_deaths,cfr%,total_cases_100k,total_deaths_100k,%infected,population,7day_cases_100k,7day_cases_change,28day_cases_100k,28day_cases_change
2020-10-13,Mato Grosso do Sul,Inocência,13.14,1,0,0.0,114,3,2.63,1498.03,39.42,1.5,7610,65.7,-26.28,775.28,-39.42
2020-10-12,Mato Grosso do Sul,Inocência,0.0,0,0,0.0,113,3,2.65,1484.89,39.42,1.48,7610,91.98,-13.14,814.7,0.0
2020-10-11,Mato Grosso do Sul,Inocência,13.14,1,0,0.0,113,3,2.65,1484.89,39.42,1.48,7610,105.12,0.0,814.7,13.14
2020-10-10,Mato Grosso do Sul,Inocência,0.0,0,0,0.0,112,3,2.68,1471.75,39.42,1.47,7610,105.12,0.0,801.56,-13.14
2020-10-09,Mato Grosso do Sul,Inocência,-13.14,-1,0,0.0,112,3,2.68,1471.75,39.42,1.47,7610,105.12,-39.42,814.7,-52.56
2020-10-08,Mato Grosso do Sul,Inocência,39.42,3,0,0.0,113,3,2.65,1484.89,39.42,1.48,7610,144.54,39.42,867.26,13.14
2020-10-07,Mato Grosso do Sul,Inocência,13.14,1,0,0.0,110,3,2.73,1445.47,39.42,1.45,7610,105.12,-52.56,854.12,13.14
2020-10-06,Mato Grosso do Sul,Inocência,39.42,3,0,0.0,109,3,2.75,1432.33,39.42,1.43,7610,157.68,-52.56,840.98,26.28
2020-10-05,Mato Grosso do Sul,Inocência,13.14,1,0,0.0,106,3,2.83,1392.9,39.42,1.39,7610,210.24,-105.13,814.7,0.0
2020-10-04,Mato Grosso do Sul,Inocência,13.14,1,0,0.0,105,3,2.86,1379.76,39.42,1.38,7610,315.37,0.0,814.7,-13.14
2020-10-03,Mato Grosso do Sul,Inocência,0.0,0,0,0.0,104,3,2.88,1366.62,39.42,1.37,7610,315.37,0.0,827.84,0.0
2020-10-02,Mato Grosso do Sul,Inocência,26.28,2,0,0.0,104,3,2.88,1366.62,39.42,1.37,7610,315.37,0.0,827.84,26.28
2020-10-01,Mato Grosso do Sul,Inocência,0.0,0,0,0.0,102,3,2.94,1340.34,39.42,1.34,7610,315.37,-91.98,801.56,0.0
2020-09-30,Mato Grosso do Sul,Inocência,65.7,5,1,13.14,102,3,2.94,1340.34,39.42,1.34,7610,407.35,65.7,801.56,26.28
2020-09-29,Mato Grosso do Sul,Inocência,91.98,7,0,0.0,97,2,2.06,1274.64,26.28,1.27,7610,341.65,91.98,775.28,91.98
2020-09-28,Mato Grosso do Sul,Inocência,118.27,9,0,0.0,90,2,2.22,1182.65,26.28,1.18,7610,249.67,0.0,683.3,118.27
2020-09-27,Mato Grosso do Sul,Inocência,13.14,1,0,0.0,81,2,2.47,1064.39,26.28,1.06,7610,249.67,13.14,565.03,13.14
2020-09-26,Mato Grosso do Sul,Inocência,0.0,0,0,0.0,80,2,2.5,1051.25,26.28,1.05,7610,236.53,-13.14,551.89,-13.14
2020-09-25,Mato Grosso do Sul,Inocência,26.28,2,0,0.0,80,2,2.5,1051.25,26.28,1.05,7610,249.67,-26.28,565.03,26.28
2020-09-24,Mato Grosso do Sul,Inocência,91.98,7,0,0.0,78,2,2.56,1024.97,26.28,1.02,7610,275.95,91.98,538.75,91.98
2020-09-23,Mato Grosso do Sul,Inocência,0.0,0,0,0.0,71,2,2.82,932.98,26.28,0.93,7610,183.97,-26.28,446.77,0.0
2020-09-22,Mato Grosso do Sul,Inocência,0.0,0,0,0.0,71,2,2.82,932.98,26.28,0.93,7610,210.25,-52.56,446.77,-13.14
2020-09-21,Mato Grosso do Sul,Inocência,118.27,9,0,0.0,71,2,2.82,932.98,26.28,0.93,7610,262.81,118.27,459.91,118.27
2020-09-20,Mato Grosso do Sul,Inocência,0.0,0,0,0.0,62,2,3.23,814.72,26.28,0.81,7610,144.54,0.0,341.64,0.0
2020-09-19,Mato Grosso do Sul,Inocência,13.14,1,0,0.0,62,2,3.23,814.72,26.28,0.81,7610,144.54,0.0,341.64,-26.28
2020-09-18,Mato Grosso do Sul,Inocência,52.56,4,0,0.0,61,2,3.28,801.58,26.28,0.8,7610,144.54,13.14,367.92,52.56
2020-09-17,Mato Grosso do Sul,Inocência,0.0,0,0,0.0,57,2,3.51,749.01,26.28,0.75,7610,131.4,-26.28,315.36,0.0
2020-09-16,Mato Grosso do Sul,Inocência,26.28,2,0,0.0,57,2,3.51,749.01,26.28,0.75,7610,157.68,26.28,315.36,13.14
2020-09-15,Mato Grosso do Sul,Inocência,52.56,4,0,0.0,55,2,3.64,722.73,26.28,0.72,7610,131.4,39.42,302.22,52.56
2020-09-14,Mato Grosso do Sul,Inocência,0.0,0,0,0.0,51,2,3.92,670.17,26.28,0.67,7610,91.98,-13.14,249.66,0.0
2020-09-13,Mato Grosso do Sul,Inocência,0.0,0,0,0.0,51,2,3.92,670.17,26.28,0.67,7610,105.12,-26.28,249.66,-13.14
2020-09-12,Mato Grosso do Sul,Inocência,13.14,1,0,0.0,51,2,3.92,670.17,26.28,0.67,7610,131.4,13.14,262.8,13.14
2020-09-11,Mato Grosso do Sul,Inocência,39.42,3,0,0.0,50,2,4.0,657.03,26.28,0.66,7610,118.26,39.42,249.66,26.28
2020-09-10,Mato Grosso do Sul,Inocência,26.28,2,0,0.0,47,2,4.26,617.61,26.28,0.62,7610,78.84,26.28,223.38,26.28
2020-09-09,Mato Grosso do Sul,Inocência,0.0,0,0,0.0,45,2,4.44,591.33,26.28,0.59,7610,52.56,-39.42,197.1,0.0
2020-09-08,Mato Grosso do Sul,Inocência,13.14,1,0,0.0,45,2,4.44,591.33,26.28,0.59,7610,91.98,13.14,197.1,0.0
2020-09-07,Mato Grosso do Sul,Inocência,13.14,1,0,0.0,44,2,4.55,578.19,26.28,0.58,7610,78.84,13.14,197.1,13.14
2020-09-06,Mato Grosso do Sul,Inocência,26.28,2,0,0.0,43,2,4.65,565.05,26.28,0.57,7610,65.7,26.28,183.96,26.28
2020-09-05,Mato Grosso do Sul,Inocência,0.0,0,0,0.0,41,2,4.88,538.76,26.28,0.54,7610,39.42,-13.14,157.68,0.0
2020-09-04,Mato Grosso do Sul,Inocência,0.0,0,0,0.0,41,2,4.88,538.76,26.28,0.54,7610,52.56,0.0,157.68,0.0
2020-09-03,Mato Grosso do Sul,Inocência,0.0,0,0,0.0,41,2,4.88,538.76,26.28,0.54,7610,52.56,0.0,157.68,0.0
2020-09-02,Mato Grosso do Sul,Inocência,39.42,3,0,0.0,41,2,4.88,538.76,26.28,0.54,7610,52.56,39.42,157.68,39.42
2020-09-01,Mato Grosso do Sul,Inocência,0.0,0,0,0.0,38,2,5.26,499.34,26.28,0.5,7610,13.14,-13.14,118.26,-13.14
2020-08-31,Mato Grosso do Sul,Inocência,0.0,0,0,0.0,38,2,5.26,499.34,26.28,0.5,7610,26.28,0.0,131.4,0.0
2020-08-30,Mato Grosso do Sul,Inocência,0.0,0,0,0.0,38,2,5.26,499.34,26.28,0.5,7610,26.28,0.0,131.4,-118.27
2020-08-29,Mato Grosso do Sul,Inocência,13.14,1,0,0.0,38,2,5.26,499.34,26.28,0.5,7610,26.28,-26.28,249.67,13.14
2020-08-28,Mato Grosso do Sul,Inocência,0.0,0,0,0.0,37,2,5.41,486.2,26.28,0.49,7610,52.56,0.0,236.53,-26.28
2020-08-27,Mato Grosso do Sul,Inocência,0.0,0,0,0.0,37,2,5.41,486.2,26.28,0.49,7610,52.56,0.0,262.81,0.0
2020-08-26,Mato Grosso do Sul,Inocência,0.0,0,0,0.0,37,2,5.41,486.2,26.28,0.49,7610,52.56,-13.14,262.81,-13.14
2020-08-25,Mato Grosso do Sul,Inocência,13.14,1,0,0.0,37,2,5.41,486.2,26.28,0.49,7610,65.7,13.14,275.95,-52.56
2020-08-24,Mato Grosso do Sul,Inocência,0.0,0,0,0.0,36,2,5.56,473.06,26.28,0.47,7610,52.56,0.0,328.51,-39.42
2020-08-23,Mato Grosso do Sul,Inocência,0.0,0,0,0.0,36,2,5.56,473.06,26.28,0.47,7610,52.56,-13.14,367.93,0.0
2020-08-22,Mato Grosso do Sul,Inocência,39.42,3,1,13.14,36,2,5.56,473.06,26.28,0.47,7610,65.7,39.42,367.93,39.42
2020-08-21,Mato Grosso do Sul,Inocência,0.0,0,0,0.0,33,1,3.03,433.64,13.14,0.43,7610,26.28,-13.14,328.51,0.0
2020-08-20,Mato Grosso do Sul,Inocência,0.0,0,0,0.0,33,1,3.03,433.64,13.14,0.43,7610,39.42,0.0,328.51,0.0
2020-08-19,Mato Grosso do Sul,Inocência,13.14,1,0,0.0,33,1,3.03,433.64,13.14,0.43,7610,39.42,13.14,328.51,-39.42
2020-08-18,Mato Grosso do Sul,Inocência,0.0,0,0,0.0,32,1,3.12,420.5,13.14,0.42,7610,26.28,-13.14,367.93,-13.14
2020-08-17,Mato Grosso do Sul,Inocência,0.0,0,0,0.0,32,1,3.12,420.5,13.14,0.42,7610,39.42,0.0,381.07,0.0
2020-08-16,Mato Grosso do Sul,Inocência,13.14,1,0,0.0,32,1,3.12,420.5,13.14,0.42,7610,39.42,13.14,381.07,13.14
2020-08-15,Mato Grosso do Sul,Inocência,0.0,0,0,0.0,31,1,3.23,407.36,13.14,0.41,7610,26.28,0.0,367.93,-13.14
2020-08-14,Mato Grosso do Sul,Inocência,13.14,1,0,0.0,31,1,3.23,407.36,13.14,0.41,7610,26.28,13.14,381.07,13.14
2020-08-13,Mato Grosso do Sul,Inocência,0.0,0,0,0.0,30,1,3.33,394.22,13.14,0.39,7610,13.14,0.0,367.93,0.0
2020-08-12,Mato Grosso do Sul,Inocência,0.0,0,0,0.0,30,1,3.33,394.22,13.14,0.39,7610,13.14,0.0,367.93,0.0
2020-08-11,Mato Grosso do Sul,Inocência,13.14,1,0,0.0,30,1,3.33,394.22,13.14,0.39,7610,13.14,0.0,367.93,13.14
2020-08-10,Mato Grosso do Sul,Inocência,0.0,0,0,0.0,29,1,3.45,381.08,13.14,0.38,7610,13.14,0.0,354.79,0.0
2020-08-09,Mato Grosso do Sul,Inocência,0.0,0,1,13.14,29,1,3.45,381.08,13.14,0.38,7610,13.14,-118.27,354.79,13.14
2020-08-08,Mato Grosso do Sul,Inocência,0.0,0,0,0.0,29,0,0.0,381.08,0.0,0.38,7610,131.41,0.0,341.65,-26.28
2020-08-07,Mato Grosso do Sul,Inocência,0.0,0,0,0.0,29,0,0.0,381.08,0.0,0.38,7610,131.41,-26.28,367.93,0.0
2020-08-06,Mato Grosso do Sul,Inocência,0.0,0,0,0.0,29,0,0.0,381.08,0.0,0.38,7610,157.69,0.0,367.93,0.0
2020-08-05,Mato Grosso do Sul,Inocência,0.0,0,0,0.0,29,0,0.0,381.08,0.0,0.38,7610,157.69,-13.14,367.93,0.0
2020-08-04,Mato Grosso do Sul,Inocência,13.14,1,0,0.0,29,0,0.0,381.08,0.0,0.38,7610,170.83,-52.56,367.93,13.14
2020-08-03,Mato Grosso do Sul,Inocência,0.0,0,0,0.0,28,0,0.0,367.94,0.0,0.37,7610,223.39,-39.42,354.79,0.0
2020-08-02,Mato Grosso do Sul,Inocência,118.27,9,0,0.0,28,0,0.0,367.94,0.0,0.37,7610,262.81,118.27,354.79,118.27
2020-08-01,Mato Grosso do Sul,Inocência,0.0,0,0,0.0,19,0,0.0,249.67,0.0,0.25,7610,144.54,0.0,236.52,0.0
2020-07-31,Mato Grosso do Sul,Inocência,26.28,2,0,0.0,19,0,0.0,249.67,0.0,0.25,7610,144.54,26.28,236.52,26.28
2020-07-29,Mato Grosso do Sul,Inocência,0.0,0,0,0.0,17,0,0.0,223.39,0.0,0.22,7610,118.26,0.0,210.24,0.0
2020-07-28,Mato Grosso do Sul,Inocência,13.14,1,0,0.0,17,0,0.0,223.39,0.0,0.22,7610,118.26,-39.42,210.24,13.14
2020-07-27,Mato Grosso do Sul,Inocência,65.7,5,0,0.0,16,0,0.0,210.25,0.0,0.21,7610,157.68,52.56,197.1,52.56
2020-07-26,Mato Grosso do Sul,Inocência,39.42,3,0,0.0,11,0,0.0,144.55,0.0,0.14,7610,105.12,39.42,144.54,39.42
2020-07-25,Mato Grosso do Sul,Inocência,0.0,0,0,0.0,8,0,0.0,105.12,0.0,0.11,7610,65.7,0.0,105.12,0.0
2020-07-24,Mato Grosso do Sul,Inocência,0.0,0,0,0.0,8,0,0.0,105.12,0.0,0.11,7610,65.7,-13.14,105.12,0.0
2020-07-23,Mato Grosso do Sul,Inocência,0.0,0,0,0.0,8,0,0.0,105.12,0.0,0.11,7610,78.84,0.0,105.12,0.0
2020-07-22,Mato Grosso do Sul,Inocência,0.0,0,0,0.0,8,0,0.0,105.12,0.0,0.11,7610,78.84,0.0,105.12,0.0
2020-07-21,Mato Grosso do Sul,Inocência,52.56,4,0,0.0,8,0,0.0,105.12,0.0,0.11,7610,78.84,52.56,105.12,52.56
2020-07-20,Mato Grosso do Sul,Inocência,13.14,1,0,0.0,4,0,0.0,52.56,0.0,0.05,7610,26.28,13.14,52.56,13.14
2020-07-19,Mato Grosso do Sul,Inocência,0.0,0,0,0.0,3,0,0.0,39.42,0.0,0.04,7610,13.14,0.0,39.42,0.0
2020-07-18,Mato Grosso do Sul,Inocência,0.0,0,0,0.0,3,0,0.0,39.42,0.0,0.04,7610,13.14,13.14,39.42,13.14
2020-07-17,Mato Grosso do Sul,Inocência,13.14,1,0,0.0,3,0,0.0,39.42,0.0,0.04,7610,0.0,-13.14,26.28,13.14
2020-07-16,Mato Grosso do Sul,Inocência,0.0,0,0,0.0,2,0,0.0,26.28,0.0,0.03,7610,13.14,0.0,13.14,0.0
2020-07-15,Mato Grosso do Sul,Inocência,0.0,0,0,0.0,2,0,0.0,26.28,0.0,0.03,7610,13.14,0.0,13.14,0.0
2020-07-14,Mato Grosso do Sul,Inocência,0.0,0,0,0.0,2,0,0.0,26.28,0.0,0.03,7610,13.14,0.0,13.14,0.0
2020-07-13,Mato Grosso do Sul,Inocência,0.0,0,0,0.0,2,0,0.0,26.28,0.0,0.03,7610,13.14,0.0,13.14,0.0
2020-07-12,Mato Grosso do Sul,Inocência,0.0,0,0,0.0,2,0,0.0,26.28,0.0,0.03,7610,13.14,0.0,13.14,0.0
2020-07-11,Mato Grosso do Sul,Inocência,-13.14,-1,0,0.0,2,0,0.0,26.28,0.0,0.03,7610,13.14,-13.14,13.14,-13.14
2020-07-10,Mato Grosso do Sul,Inocência,26.28,2,0,0.0,3,0,0.0,39.42,0.0,0.04,7610,26.28,26.28,26.28,26.28
2020-07-09,Mato Grosso do Sul,Inocência,0.0,0,0,0.0,1,0,0.0,13.14,0.0,0.01,7610,0.0,0.0,0.0,0.0
2020-07-08,Mato Grosso do Sul,Inocência,0.0,0,0,0.0,1,0,0.0,13.14,0.0,0.01,7610,0.0,0.0,0.0,0.0
2020-07-07,Mato Grosso do Sul,Inocência,0.0,0,0,0.0,1,0,0.0,13.14,0.0,0.01,7610,0.0,0.0,0.0,0.0
2020-07-06,Mato Grosso do Sul,Inocência,0.0,0,0,0.0,1,0,0.0,13.14,0.0,0.01,7610,0.0,-13.14,0.0,0.0
2020-07-05,Mato Grosso do Sul,Inocência,0.0,0,0,0.0,1,0,0.0,13.14,0.0,0.01,7610,13.14,0.0,0.0,0.0
2020-07-04,Mato Grosso do Sul,Inocência,0.0,0,0,0.0,1,0,0.0,13.14,0.0,0.01,7610,13.14,0.0,0.0,0.0
2020-07-02,Mato Grosso do Sul,Inocência,0.0,0,0,0.0,1,0,0.0,13.14,0.0,0.01,7610,13.14,0.0,0.0,0.0
2020-07-01,Mato Grosso do Sul,Inocência,0.0,0,0,0.0,1,0,0.0,13.14,0.0,0.01,7610,13.14,0.0,0.0,0.0
2020-06-30,Mato Grosso do Sul,Inocência,0.0,0,0,0.0,1,0,0.0,13.14,0.0,0.01,7610,13.14,0.0,0.0,0.0
2020-06-29,Mato Grosso do Sul,Inocência,0.0,0,0,0.0,1,0,0.0,13.14,0.0,0.01,7610,13.14,0.0,0.0,0.0
2020-06-28,Mato Grosso do Sul,Inocência,13.14,1,0,0.0,1,0,0.0,13.14,0.0,0.01,7610,13.14,13.14,0.0,13.14
2020-06-26,Mato Grosso do Sul,Inocência,0.0,0,0,0.0,0,0,0.0,0.0,0.0,0.0,7610,0.0,0.0,-13.14,0.0
2020-06-25,Mato Grosso do Sul,Inocência,0.0,0,0,0.0,0,0,0.0,0.0,0.0,0.0,7610,0.0,13.14,-13.14,0.0
2020-06-24,Mato Grosso do Sul,Inocência,0.0,0,0,0.0,0,0,0.0,0.0,0.0,0.0,7610,-13.14,0.0,-13.14,0.0
2020-06-23,Mato Grosso do Sul,Inocência,0.0,0,0,0.0,0,0,0.0,0.0,0.0,0.0,7610,-13.14,0.0,-13.14,0.0
2020-06-22,Mato Grosso do Sul,Inocência,0.0,0,0,0.0,0,0,0.0,0.0,0.0,0.0,7610,-13.14,0.0,-13.14,0.0
2020-06-21,Mato Grosso do Sul,Inocência,0.0,0,0,0.0,0,0,0.0,0.0,0.0,0.0,7610,-13.14,0.0,-13.14,0.0
2020-06-20,Mato Grosso do Sul,Inocência,0.0,0,0,0.0,0,0,0.0,0.0,0.0,0.0,7610,-13.14,0.0,-13.14,0.0
2020-06-19,Mato Grosso do Sul,Inocência,0.0,0,0,0.0,0,0,0.0,0.0,0.0,0.0,7610,-13.14,0.0,-13.14,0.0
2020-06-18,Mato Grosso do Sul,Inocência,-13.14,-1,0,0.0,0,0,0.0,0.0,0.0,0.0,7610,-13.14,-13.14,-13.14,-13.14
2020-06-17,Mato Grosso do Sul,Inocência,0.0,0,0,0.0,1,0,0.0,13.14,0.0,0.01,7610,0.0,0.0,0.0,0.0
2020-06-16,Mato Grosso do Sul,Inocência,0.0,0,0,0.0,1,0,0.0,13.14,0.0,0.01,7610,0.0,0.0,0.0,0.0
