date,state,city,1day_cases_100k,new_cases,new_deaths,new_deaths_100k,total_cases,total_deaths,cfr%,total_cases_100k,total_deaths_100k,%infected,population,7day_cases_100k,7day_cases_change,28day_cases_100k,28day_cases_change
2020-08-31,Mato Grosso do Sul,Ladário,55.72,13,1,4.29,540,12,2.22,2314.52,51.43,2.31,23331,565.78,42.86,1294.45,42.86
2020-08-30,Mato Grosso do Sul,Ladário,21.43,5,0,0.0,527,11,2.09,2258.8,47.15,2.26,23331,522.92,-55.72,1251.59,-72.87
2020-08-29,Mato Grosso do Sul,Ladário,12.86,3,0,0.0,522,11,2.11,2237.37,47.15,2.24,23331,578.64,8.57,1324.46,-68.58
2020-08-28,Mato Grosso do Sul,Ladário,60.01,14,0,0.0,519,11,2.12,2224.51,47.15,2.22,23331,570.07,34.29,1393.04,8.58
2020-08-27,Mato Grosso do Sul,Ladário,222.88,52,1,4.29,505,11,2.18,2164.5,47.15,2.16,23331,535.78,201.45,1384.46,197.16
2020-08-24,Mato Grosso do Sul,Ladário,55.72,13,0,0.0,453,10,2.21,1941.62,42.86,1.94,23331,334.33,-4.29,1187.3,30.0
2020-08-23,Mato Grosso do Sul,Ladário,137.16,32,0,0.0,440,10,2.27,1885.9,42.86,1.89,23331,338.62,102.87,1157.3,132.87
2020-08-22,Mato Grosso do Sul,Ladário,12.86,3,0,0.0,408,10,2.45,1748.75,42.86,1.75,23331,235.75,-17.14,1024.43,-25.72
2020-08-21,Mato Grosso do Sul,Ladário,77.15,18,0,0.0,405,10,2.47,1735.89,42.86,1.74,23331,252.89,8.57,1050.15,47.15
2020-08-20,Mato Grosso do Sul,Ladário,4.29,1,0,0.0,387,10,2.58,1658.74,42.86,1.66,23331,244.32,-21.43,1003.0,-12.85
2020-08-19,Mato Grosso do Sul,Ladário,25.72,6,1,4.29,386,10,2.59,1654.45,42.86,1.65,23331,265.75,-21.43,1015.85,-21.43
2020-08-18,Mato Grosso do Sul,Ladário,21.43,5,0,0.0,380,9,2.37,1628.73,38.58,1.63,23331,287.18,-21.43,1037.28,-21.43
2020-08-17,Mato Grosso do Sul,Ladário,60.01,14,0,0.0,375,9,2.4,1607.3,38.58,1.61,23331,308.61,21.43,1058.71,60.01
2020-08-16,Mato Grosso do Sul,Ladário,34.29,8,1,4.29,361,9,2.49,1547.3,38.58,1.55,23331,287.18,-4.29,998.7,17.15
2020-08-15,Mato Grosso do Sul,Ladário,30.0,7,0,0.0,353,8,2.27,1513.01,34.29,1.51,23331,291.47,17.14,981.55,21.43
2020-08-14,Mato Grosso do Sul,Ladário,68.58,16,0,0.0,346,8,2.31,1483.01,34.29,1.48,23331,274.33,51.44,960.12,0.0
2020-08-13,Mato Grosso do Sul,Ladário,25.72,6,1,4.29,330,8,2.42,1414.43,34.29,1.41,23331,222.89,0.0,960.12,-4.28
2020-08-12,Mato Grosso do Sul,Ladário,47.15,11,0,0.0,324,7,2.16,1388.71,30.0,1.39,23331,222.89,12.86,964.4,30.01
2020-08-11,Mato Grosso do Sul,Ladário,42.86,10,0,0.0,313,7,2.24,1341.56,30.0,1.34,23331,210.03,30.0,934.39,38.57
2020-08-10,Mato Grosso do Sul,Ladário,38.58,9,0,0.0,303,7,2.31,1298.7,30.0,1.3,23331,180.03,-12.85,895.82,38.58
2020-08-09,Mato Grosso do Sul,Ladário,38.58,9,0,0.0,294,7,2.38,1260.13,30.0,1.26,23331,192.88,-8.57,857.24,34.29
2020-08-08,Mato Grosso do Sul,Ladário,12.86,3,1,4.29,285,7,2.46,1221.55,30.0,1.22,23331,201.45,0.0,822.95,-38.57
2020-08-07,Mato Grosso do Sul,Ladário,17.14,4,0,0.0,282,6,2.13,1208.69,25.72,1.21,23331,201.45,-77.16,861.52,-55.72
2020-08-06,Mato Grosso do Sul,Ladário,25.72,6,0,0.0,278,6,2.16,1191.55,25.72,1.19,23331,278.61,-55.72,917.24,8.58
2020-08-05,Mato Grosso do Sul,Ladário,34.29,8,1,4.29,272,6,2.21,1165.83,25.72,1.17,23331,334.33,-17.14,908.66,4.29
2020-08-04,Mato Grosso do Sul,Ladário,12.86,3,0,0.0,264,5,1.89,1131.54,21.43,1.13,23331,351.47,-12.86,904.37,8.57
2020-08-03,Mato Grosso do Sul,Ladário,51.43,12,0,0.0,261,5,1.92,1118.68,21.43,1.12,23331,364.33,25.71,895.8,51.43
2020-08-02,Mato Grosso do Sul,Ladário,47.15,11,0,0.0,249,5,2.01,1067.25,21.43,1.07,23331,338.62,42.86,844.37,30.01
2020-08-01,Mato Grosso do Sul,Ladário,12.86,3,1,4.29,238,5,2.1,1020.1,21.43,1.02,23331,295.76,-25.72,814.36,4.29
2020-07-31,Mato Grosso do Sul,Ladário,94.3,22,0,0.0,235,4,1.7,1007.24,17.14,1.01,23331,321.48,64.3,810.07,81.44
2020-07-29,Mato Grosso do Sul,Ladário,81.44,19,1,4.29,213,4,1.88,912.95,17.14,0.91,23331,257.18,64.3,728.63,77.15
2020-07-28,Mato Grosso do Sul,Ladário,51.43,12,0,0.0,194,3,1.55,831.51,12.86,0.83,23331,192.88,4.28,651.48,42.86
2020-07-27,Mato Grosso do Sul,Ladário,25.72,6,0,0.0,182,3,1.65,780.08,12.86,0.78,23331,188.6,-17.14,608.62,25.72
2020-07-26,Mato Grosso do Sul,Ladário,25.72,6,1,4.29,176,3,1.7,754.36,12.86,0.75,23331,205.74,25.72,582.9,21.43
2020-07-25,Mato Grosso do Sul,Ladário,4.29,1,0,0.0,170,2,1.18,728.64,8.57,0.73,23331,180.02,-12.85,561.47,-42.86
2020-07-24,Mato Grosso do Sul,Ladário,38.58,9,0,0.0,169,2,1.18,724.36,8.57,0.72,23331,192.87,30.01,604.33,38.58
2020-07-23,Mato Grosso do Sul,Ladário,30.0,7,0,0.0,160,2,1.25,685.78,8.57,0.69,23331,162.86,-38.58,565.75,30.0
2020-07-22,Mato Grosso do Sul,Ladário,17.14,4,0,0.0,153,2,1.31,655.78,8.57,0.66,23331,201.44,-12.86,535.75,8.57
2020-07-21,Mato Grosso do Sul,Ladário,47.15,11,0,0.0,149,2,1.34,638.64,8.57,0.64,23331,214.3,30.01,527.18,47.15
2020-07-20,Mato Grosso do Sul,Ladário,42.86,10,0,0.0,138,2,1.45,591.49,8.57,0.59,23331,184.29,38.57,480.03,42.86
2020-07-19,Mato Grosso do Sul,Ladário,0.0,0,0,0.0,128,2,1.56,548.63,8.57,0.55,23331,145.72,0.0,437.17,-4.29
2020-07-18,Mato Grosso do Sul,Ladário,17.14,4,0,0.0,128,2,1.56,548.63,8.57,0.55,23331,145.72,12.85,441.46,8.57
2020-07-17,Mato Grosso do Sul,Ladário,8.57,2,0,0.0,124,2,1.61,531.48,8.57,0.53,23331,132.87,-42.86,432.89,8.57
2020-07-16,Mato Grosso do Sul,Ladário,68.58,16,2,8.57,122,2,1.64,522.91,8.57,0.52,23331,175.73,-4.28,424.32,60.01
2020-07-15,Mato Grosso do Sul,Ladário,30.0,7,0,0.0,106,0,0.0,454.33,0.0,0.45,23331,180.01,12.86,364.31,30.0
2020-07-14,Mato Grosso do Sul,Ladário,17.14,4,0,0.0,99,0,0.0,424.33,0.0,0.42,23331,167.15,-12.86,334.31,21.43
2020-07-13,Mato Grosso do Sul,Ladário,4.29,1,0,0.0,95,0,0.0,407.18,0.0,0.41,23331,180.01,0.0,312.88,-4.28
2020-07-12,Mato Grosso do Sul,Ladário,0.0,0,0,0.0,94,0,0.0,402.9,0.0,0.4,23331,180.01,0.0,317.16,0.0
2020-07-11,Mato Grosso do Sul,Ladário,4.29,1,0,0.0,94,0,0.0,402.9,0.0,0.4,23331,180.01,-12.85,317.16,4.29
2020-07-10,Mato Grosso do Sul,Ladário,51.43,12,0,0.0,93,0,0.0,398.61,0.0,0.4,23331,192.86,42.86,312.87,51.43
2020-07-09,Mato Grosso do Sul,Ladário,72.86,17,0,0.0,81,0,0.0,347.18,0.0,0.35,23331,150.0,60.0,261.44,68.57
2020-07-08,Mato Grosso do Sul,Ladário,17.14,4,0,0.0,64,0,0.0,274.31,0.0,0.27,23331,90.0,12.85,192.87,17.14
2020-07-07,Mato Grosso do Sul,Ladário,30.0,7,0,0.0,60,0,0.0,257.17,0.0,0.26,23331,77.15,21.43,175.73,25.71
2020-07-06,Mato Grosso do Sul,Ladário,4.29,1,0,0.0,53,0,0.0,227.17,0.0,0.23,23331,55.72,4.29,150.02,0.0
2020-07-05,Mato Grosso do Sul,Ladário,0.0,0,0,0.0,52,0,0.0,222.88,0.0,0.22,23331,51.43,-4.29,150.02,0.0
2020-07-04,Mato Grosso do Sul,Ladário,17.14,4,0,0.0,52,0,0.0,222.88,0.0,0.22,23331,55.72,-30.01,150.02,8.57
2020-07-02,Mato Grosso do Sul,Ladário,8.57,2,0,0.0,48,0,0.0,205.73,0.0,0.21,23331,85.73,8.57,141.45,-4.29
2020-07-01,Mato Grosso do Sul,Ladário,12.86,3,0,0.0,46,0,0.0,197.16,0.0,0.2,23331,77.16,12.86,145.74,8.57
2020-06-30,Mato Grosso do Sul,Ladário,4.29,1,0,0.0,43,0,0.0,184.3,0.0,0.18,23331,64.3,-4.28,137.17,4.29
2020-06-29,Mato Grosso do Sul,Ladário,8.57,2,0,0.0,42,0,0.0,180.02,0.0,0.18,23331,68.58,8.57,132.88,8.57
2020-06-28,Mato Grosso do Sul,Ladário,0.0,0,0,0.0,40,0,0.0,171.45,0.0,0.17,23331,60.01,0.0,124.31,0.0
2020-06-26,Mato Grosso do Sul,Ladário,4.29,1,0,0.0,40,0,0.0,171.45,0.0,0.17,23331,60.01,0.0,124.31,4.29
2020-06-25,Mato Grosso do Sul,Ladário,47.15,11,0,0.0,39,0,0.0,167.16,0.0,0.17,23331,60.01,38.58,120.02,38.58
2020-06-24,Mato Grosso do Sul,Ladário,0.0,0,0,0.0,28,0,0.0,120.01,0.0,0.12,23331,21.43,0.0,81.44,-4.29
2020-06-23,Mato Grosso do Sul,Ladário,0.0,0,0,0.0,28,0,0.0,120.01,0.0,0.12,23331,21.43,-8.57,85.73,0.0
2020-06-22,Mato Grosso do Sul,Ladário,8.57,2,0,0.0,28,0,0.0,120.01,0.0,0.12,23331,30.0,8.57,85.73,4.28
2020-06-21,Mato Grosso do Sul,Ladário,0.0,0,0,0.0,26,0,0.0,111.44,0.0,0.11,23331,21.43,4.29,81.45,-4.29
2020-06-20,Mato Grosso do Sul,Ladário,0.0,0,0,0.0,26,0,0.0,111.44,0.0,0.11,23331,17.14,-8.57,85.74,-4.29
2020-06-19,Mato Grosso do Sul,Ladário,4.29,1,0,0.0,26,0,0.0,111.44,0.0,0.11,23331,25.71,4.29,90.03,4.29
2020-06-18,Mato Grosso do Sul,Ladário,8.57,2,0,0.0,25,0,0.0,107.15,0.0,0.11,23331,21.42,8.57,85.74,8.57
2020-06-17,Mato Grosso do Sul,Ladário,0.0,0,0,0.0,23,0,0.0,98.58,0.0,0.1,23331,12.85,0.0,77.17,0.0
2020-06-16,Mato Grosso do Sul,Ladário,8.57,2,0,0.0,23,0,0.0,98.58,0.0,0.1,23331,12.85,4.28,77.17,8.57
2020-06-15,Mato Grosso do Sul,Ladário,0.0,0,0,0.0,21,0,0.0,90.01,0.0,0.09,23331,8.57,0.0,68.6,0.0
2020-06-14,Mato Grosso do Sul,Ladário,-4.29,-1,0,0.0,21,0,0.0,90.01,0.0,0.09,23331,8.57,-8.58,68.6,-4.29
2020-06-13,Mato Grosso do Sul,Ladário,8.57,2,0,0.0,22,0,0.0,94.3,0.0,0.09,23331,17.15,4.28,72.89,8.57
2020-06-12,Mato Grosso do Sul,Ladário,0.0,0,0,0.0,20,0,0.0,85.72,0.0,0.09,23331,12.87,0.0,64.32,0.0
2020-06-11,Mato Grosso do Sul,Ladário,0.0,0,0,0.0,20,0,0.0,85.72,0.0,0.09,23331,12.87,-8.57,64.32,0.0
2020-06-10,Mato Grosso do Sul,Ladário,0.0,0,0,0.0,20,0,0.0,85.72,0.0,0.09,23331,21.44,-12.86,64.32,0.0
2020-06-09,Mato Grosso do Sul,Ladário,4.29,1,0,0.0,20,0,0.0,85.72,0.0,0.09,23331,34.3,0.0,64.32,4.29
2020-06-08,Mato Grosso do Sul,Ladário,0.0,0,0,0.0,19,0,0.0,81.44,0.0,0.08,23331,34.3,0.0,60.03,-4.29
2020-06-07,Mato Grosso do Sul,Ladário,4.29,1,0,0.0,19,0,0.0,81.44,0.0,0.08,23331,34.3,4.29,64.32,4.29
2020-06-06,Mato Grosso do Sul,Ladário,4.29,1,0,0.0,18,0,0.0,77.15,0.0,0.08,23331,30.01,4.29,60.03,4.29
2020-06-05,Mato Grosso do Sul,Ladário,0.0,0,0,0.0,17,0,0.0,72.86,0.0,0.07,23331,25.72,0.0,55.74,0.0
2020-06-04,Mato Grosso do Sul,Ladário,8.57,2,0,0.0,17,0,0.0,72.86,0.0,0.07,23331,25.72,0.0,55.74,8.57
2020-06-03,Mato Grosso do Sul,Ladário,12.86,3,0,0.0,15,0,0.0,64.29,0.0,0.06,23331,25.72,8.57,47.17,8.57
2020-06-02,Mato Grosso do Sul,Ladário,4.29,1,0,0.0,12,0,0.0,51.43,0.0,0.05,23331,17.15,4.29,38.6,4.29
2020-06-01,Mato Grosso do Sul,Ladário,0.0,0,0,0.0,11,0,0.0,47.15,0.0,0.05,23331,12.86,-4.29,34.31,0.0
2020-05-31,Mato Grosso do Sul,Ladário,0.0,0,0,0.0,11,0,0.0,47.15,0.0,0.05,23331,17.15,-4.29,34.31,0.0
2020-05-30,Mato Grosso do Sul,Ladário,0.0,0,0,0.0,11,0,0.0,47.15,0.0,0.05,23331,21.44,-4.29,34.31,0.0
2020-05-29,Mato Grosso do Sul,Ladário,0.0,0,0,0.0,11,0,0.0,47.15,0.0,0.05,23331,25.73,0.0,34.31,0.0
2020-05-28,Mato Grosso do Sul,Ladário,8.57,2,0,0.0,11,0,0.0,47.15,0.0,0.05,23331,25.73,8.57,34.31,8.57
2020-05-27,Mato Grosso do Sul,Ladário,4.29,1,0,0.0,9,0,0.0,38.58,0.0,0.04,23331,17.16,4.29,25.74,4.29
2020-05-26,Mato Grosso do Sul,Ladário,0.0,0,0,0.0,8,0,0.0,34.29,0.0,0.03,23331,12.87,0.0,21.45,0.0
2020-05-25,Mato Grosso do Sul,Ladário,4.29,1,0,0.0,8,0,0.0,34.29,0.0,0.03,23331,12.87,4.29,21.45,4.29
2020-05-24,Mato Grosso do Sul,Ladário,4.29,1,0,0.0,7,0,0.0,30.0,0.0,0.03,23331,8.58,4.29,17.16,-4.28
2020-05-23,Mato Grosso do Sul,Ladário,4.29,1,0,0.0,6,0,0.0,25.72,0.0,0.03,23331,4.29,4.29,21.44,4.29
2020-05-22,Mato Grosso do Sul,Ladário,0.0,0,0,0.0,5,0,0.0,21.43,0.0,0.02,23331,0.0,0.0,17.15,0.0
2020-05-21,Mato Grosso do Sul,Ladário,0.0,0,0,0.0,5,0,0.0,21.43,0.0,0.02,23331,0.0,0.0,17.15,0.0
2020-05-20,Mato Grosso do Sul,Ladário,0.0,0,0,0.0,5,0,0.0,21.43,0.0,0.02,23331,0.0,0.0,17.15,0.0
2020-05-19,Mato Grosso do Sul,Ladário,0.0,0,0,0.0,5,0,0.0,21.43,0.0,0.02,23331,0.0,0.0,17.15,0.0
2020-05-18,Mato Grosso do Sul,Ladário,0.0,0,0,0.0,5,0,0.0,21.43,0.0,0.02,23331,0.0,-4.29,17.15,0.0
2020-05-17,Mato Grosso do Sul,Ladário,0.0,0,0,0.0,5,0,0.0,21.43,0.0,0.02,23331,4.29,0.0,17.15,0.0
2020-05-16,Mato Grosso do Sul,Ladário,0.0,0,0,0.0,5,0,0.0,21.43,0.0,0.02,23331,4.29,0.0,17.15,0.0
2020-05-15,Mato Grosso do Sul,Ladário,0.0,0,0,0.0,5,0,0.0,21.43,0.0,0.02,23331,4.29,0.0,17.15,0.0
2020-05-14,Mato Grosso do Sul,Ladário,0.0,0,0,0.0,5,0,0.0,21.43,0.0,0.02,23331,4.29,0.0,17.15,0.0
2020-05-13,Mato Grosso do Sul,Ladário,0.0,0,0,0.0,5,0,0.0,21.43,0.0,0.02,23331,4.29,-4.29,17.15,0.0
2020-05-12,Mato Grosso do Sul,Ladário,0.0,0,0,0.0,5,0,0.0,21.43,0.0,0.02,23331,8.58,0.0,17.15,0.0
2020-05-11,Mato Grosso do Sul,Ladário,4.29,1,0,0.0,5,0,0.0,21.43,0.0,0.02,23331,8.58,4.29,17.15,4.29
2020-05-10,Mato Grosso do Sul,Ladário,0.0,0,0,0.0,4,0,0.0,17.14,0.0,0.02,23331,4.29,0.0,12.86,0.0
2020-05-09,Mato Grosso do Sul,Ladário,0.0,0,0,0.0,4,0,0.0,17.14,0.0,0.02,23331,4.29,0.0,12.86,0.0
2020-05-08,Mato Grosso do Sul,Ladário,0.0,0,0,0.0,4,0,0.0,17.14,0.0,0.02,23331,4.29,0.0,12.86,0.0
2020-05-07,Mato Grosso do Sul,Ladário,0.0,0,0,0.0,4,0,0.0,17.14,0.0,0.02,23331,4.29,0.0,12.86,0.0
2020-05-06,Mato Grosso do Sul,Ladário,4.29,1,0,0.0,4,0,0.0,17.14,0.0,0.02,23331,4.29,4.29,12.86,4.29
2020-05-05,Mato Grosso do Sul,Ladário,0.0,0,0,0.0,3,0,0.0,12.86,0.0,0.01,23331,0.0,0.0,8.57,0.0
2020-05-04,Mato Grosso do Sul,Ladário,0.0,0,0,0.0,3,0,0.0,12.86,0.0,0.01,23331,0.0,0.0,8.57,0.0
2020-05-03,Mato Grosso do Sul,Ladário,0.0,0,0,0.0,3,0,0.0,12.86,0.0,0.01,23331,0.0,-8.57,8.57,0.0
2020-05-02,Mato Grosso do Sul,Ladário,0.0,0,0,0.0,3,0,0.0,12.86,0.0,0.01,23331,8.57,0.0,8.57,0.0
2020-05-01,Mato Grosso do Sul,Ladário,0.0,0,0,0.0,3,0,0.0,12.86,0.0,0.01,23331,8.57,0.0,8.57,0.0
2020-04-30,Mato Grosso do Sul,Ladário,0.0,0,0,0.0,3,0,0.0,12.86,0.0,0.01,23331,8.57,0.0,8.57,0.0
2020-04-29,Mato Grosso do Sul,Ladário,0.0,0,0,0.0,3,0,0.0,12.86,0.0,0.01,23331,8.57,0.0,8.57,0.0
2020-04-28,Mato Grosso do Sul,Ladário,0.0,0,0,0.0,3,0,0.0,12.86,0.0,0.01,23331,8.57,0.0,8.57,0.0
2020-04-27,Mato Grosso do Sul,Ladário,0.0,0,0,0.0,3,0,0.0,12.86,0.0,0.01,23331,8.57,0.0,8.57,0.0
2020-04-26,Mato Grosso do Sul,Ladário,8.57,2,0,0.0,3,0,0.0,12.86,0.0,0.01,23331,8.57,8.57,8.57,8.57
2020-04-25,Mato Grosso do Sul,Ladário,0.0,0,0,0.0,1,0,0.0,4.29,0.0,0.0,23331,0.0,0.0,0.0,0.0
2020-04-24,Mato Grosso do Sul,Ladário,0.0,0,0,0.0,1,0,0.0,4.29,0.0,0.0,23331,0.0,0.0,0.0,0.0
2020-04-23,Mato Grosso do Sul,Ladário,0.0,0,0,0.0,1,0,0.0,4.29,0.0,0.0,23331,0.0,0.0,0.0,0.0
2020-04-22,Mato Grosso do Sul,Ladário,0.0,0,0,0.0,1,0,0.0,4.29,0.0,0.0,23331,0.0,0.0,0.0,0.0
2020-04-21,Mato Grosso do Sul,Ladário,0.0,0,0,0.0,1,0,0.0,4.29,0.0,0.0,23331,0.0,0.0,0.0,0.0
2020-04-20,Mato Grosso do Sul,Ladário,0.0,0,0,0.0,1,0,0.0,4.29,0.0,0.0,23331,0.0,0.0,0.0,0.0
2020-04-19,Mato Grosso do Sul,Ladário,0.0,0,0,0.0,1,0,0.0,4.29,0.0,0.0,23331,0.0,0.0,0.0,0.0
2020-04-18,Mato Grosso do Sul,Ladário,0.0,0,0,0.0,1,0,0.0,4.29,0.0,0.0,23331,0.0,0.0,0.0,0.0
