date,state,county,new_cases_100k,new_cases,new_deaths,new_deaths_100k,total_cases,total_deaths,cfr%,total_cases_100k,total_deaths_100k,%infected,population,pop_density
2020-08-02,Indiana,Allen,14.39,54,0,0.0,3637,167,4.59,968.96,44.49,0.97,375351,571.03
2020-08-01,Indiana,Allen,12.79,48,0,0.0,3583,167,4.66,954.57,44.49,0.95,375351,571.03
2020-07-31,Indiana,Allen,7.73,29,2,0.53,3535,167,4.72,941.79,44.49,0.94,375351,571.03
2020-07-30,Indiana,Allen,10.39,39,0,0.0,3506,165,4.71,934.06,43.96,0.93,375351,571.03
2020-07-29,Indiana,Allen,6.66,25,0,0.0,3467,165,4.76,923.67,43.96,0.92,375351,571.03
2020-07-28,Indiana,Allen,10.92,41,3,0.8,3442,165,4.79,917.01,43.96,0.92,375351,571.03
2020-07-27,Indiana,Allen,7.99,30,0,0.0,3401,162,4.76,906.09,43.16,0.91,375351,571.03
2020-07-26,Indiana,Allen,10.12,38,1,0.27,3371,162,4.81,898.09,43.16,0.9,375351,571.03
2020-07-25,Indiana,Allen,7.73,29,0,0.0,3333,161,4.83,887.97,42.89,0.89,375351,571.03
2020-07-24,Indiana,Allen,9.06,34,2,0.53,3304,161,4.87,880.24,42.89,0.88,375351,571.03
2020-07-23,Indiana,Allen,8.53,32,1,0.27,3270,159,4.86,871.18,42.36,0.87,375351,571.03
2020-07-22,Indiana,Allen,3.73,14,4,1.07,3238,158,4.88,862.66,42.09,0.86,375351,571.03
2020-07-21,Indiana,Allen,9.32,35,1,0.27,3224,154,4.78,858.93,41.03,0.86,375351,571.03
2020-07-20,Indiana,Allen,8.79,33,2,0.53,3189,153,4.8,849.6,40.76,0.85,375351,571.03
2020-07-19,Indiana,Allen,8.79,33,0,0.0,3156,151,4.78,840.81,40.23,0.84,375351,571.03
2020-07-18,Indiana,Allen,11.19,42,3,0.8,3123,151,4.84,832.02,40.23,0.83,375351,571.03
2020-07-17,Indiana,Allen,6.93,26,0,0.0,3081,148,4.8,820.83,39.43,0.82,375351,571.03
2020-07-16,Indiana,Allen,6.13,23,2,0.53,3055,148,4.84,813.9,39.43,0.81,375351,571.03
2020-07-15,Indiana,Allen,6.66,25,1,0.27,3032,146,4.82,807.78,38.9,0.81,375351,571.03
2020-07-14,Indiana,Allen,4.53,17,1,0.27,3007,145,4.82,801.12,38.63,0.8,375351,571.03
2020-07-13,Indiana,Allen,5.06,19,0,0.0,2990,144,4.82,796.59,38.36,0.8,375351,571.03
2020-07-12,Indiana,Allen,3.46,13,0,0.0,2971,144,4.85,791.53,38.36,0.79,375351,571.03
2020-07-11,Indiana,Allen,9.86,37,1,0.27,2958,144,4.87,788.06,38.36,0.79,375351,571.03
2020-07-10,Indiana,Allen,9.32,35,0,0.0,2921,143,4.9,778.2,38.1,0.78,375351,571.03
2020-07-09,Indiana,Allen,8.53,32,0,0.0,2886,143,4.95,768.88,38.1,0.77,375351,571.03
2020-07-08,Indiana,Allen,5.33,20,1,0.27,2854,143,5.01,760.35,38.1,0.76,375351,571.03
2020-07-07,Indiana,Allen,4.53,17,0,0.0,2834,142,5.01,755.03,37.83,0.76,375351,571.03
2020-07-06,Indiana,Allen,9.59,36,3,0.8,2817,142,5.04,750.5,37.83,0.75,375351,571.03
2020-07-05,Indiana,Allen,6.66,25,0,0.0,2781,139,5.0,740.91,37.03,0.74,375351,571.03
2020-07-04,Indiana,Allen,5.33,20,1,0.27,2756,139,5.04,734.25,37.03,0.73,375351,571.03
2020-07-03,Indiana,Allen,5.86,22,11,2.93,2736,138,5.04,728.92,36.77,0.73,375351,571.03
2020-07-02,Indiana,Allen,4.8,18,3,0.8,2714,127,4.68,723.06,33.83,0.72,375351,571.03
2020-07-01,Indiana,Allen,7.46,28,4,1.07,2696,124,4.6,718.26,33.04,0.72,375351,571.03
2020-06-30,Indiana,Allen,7.46,28,4,1.07,2668,120,4.5,710.8,31.97,0.71,375351,571.03
2020-06-29,Indiana,Allen,6.13,23,2,0.53,2640,116,4.39,703.34,30.9,0.7,375351,571.03
2020-06-28,Indiana,Allen,6.13,23,0,0.0,2617,114,4.36,697.21,30.37,0.7,375351,571.03
2020-06-27,Indiana,Allen,7.46,28,4,1.07,2594,114,4.39,691.09,30.37,0.69,375351,571.03
2020-06-26,Indiana,Allen,10.66,40,3,0.8,2566,110,4.29,683.63,29.31,0.68,375351,571.03
2020-06-25,Indiana,Allen,10.92,41,0,0.0,2526,107,4.24,672.97,28.51,0.67,375351,571.03
2020-06-24,Indiana,Allen,9.06,34,0,0.0,2485,107,4.31,662.05,28.51,0.66,375351,571.03
2020-06-23,Indiana,Allen,2.4,9,2,0.53,2451,107,4.37,652.99,28.51,0.65,375351,571.03
2020-06-22,Indiana,Allen,3.73,14,4,1.07,2442,105,4.3,650.59,27.97,0.65,375351,571.03
2020-06-21,Indiana,Allen,12.26,46,0,0.0,2428,101,4.16,646.86,26.91,0.65,375351,571.03
2020-06-20,Indiana,Allen,10.92,41,0,0.0,2382,101,4.24,634.61,26.91,0.63,375351,571.03
2020-06-19,Indiana,Allen,1.86,7,0,0.0,2341,101,4.31,623.68,26.91,0.62,375351,571.03
2020-06-18,Indiana,Allen,12.52,47,1,0.27,2334,101,4.33,621.82,26.91,0.62,375351,571.03
2020-06-17,Indiana,Allen,4.26,16,3,0.8,2287,100,4.37,609.3,26.64,0.61,375351,571.03
2020-06-16,Indiana,Allen,10.12,38,3,0.8,2271,97,4.27,605.03,25.84,0.61,375351,571.03
2020-06-15,Indiana,Allen,7.73,29,5,1.33,2233,94,4.21,594.91,25.04,0.59,375351,571.03
2020-06-14,Indiana,Allen,7.19,27,0,0.0,2204,89,4.04,587.18,23.71,0.59,375351,571.03
2020-06-13,Indiana,Allen,10.92,41,1,0.27,2177,89,4.09,579.99,23.71,0.58,375351,571.03
2020-06-12,Indiana,Allen,10.12,38,1,0.27,2136,88,4.12,569.07,23.44,0.57,375351,571.03
2020-06-11,Indiana,Allen,19.98,75,1,0.27,2098,87,4.15,558.94,23.18,0.56,375351,571.03
2020-06-10,Indiana,Allen,15.45,58,0,0.0,2023,86,4.25,538.96,22.91,0.54,375351,571.03
2020-06-09,Indiana,Allen,15.99,60,0,0.0,1965,86,4.38,523.51,22.91,0.52,375351,571.03
2020-06-08,Indiana,Allen,3.46,13,3,0.8,1905,86,4.51,507.52,22.91,0.51,375351,571.03
2020-06-07,Indiana,Allen,8.53,32,2,0.53,1892,83,4.39,504.06,22.11,0.5,375351,571.03
2020-06-06,Indiana,Allen,10.92,41,1,0.27,1860,81,4.35,495.54,21.58,0.5,375351,571.03
2020-06-05,Indiana,Allen,15.19,57,0,0.0,1819,80,4.4,484.61,21.31,0.48,375351,571.03
2020-06-04,Indiana,Allen,2.93,11,1,0.27,1762,80,4.54,469.43,21.31,0.47,375351,571.03
2020-06-03,Indiana,Allen,8.53,32,1,0.27,1751,79,4.51,466.5,21.05,0.47,375351,571.03
2020-06-02,Indiana,Allen,13.05,49,1,0.27,1719,78,4.54,457.97,20.78,0.46,375351,571.03
2020-06-01,Indiana,Allen,11.72,44,0,0.0,1670,77,4.61,444.92,20.51,0.44,375351,571.03
2020-05-31,Indiana,Allen,4.8,18,0,0.0,1626,77,4.74,433.19,20.51,0.43,375351,571.03
2020-05-30,Indiana,Allen,39.7,149,1,0.27,1608,77,4.79,428.4,20.51,0.43,375351,571.03
2020-05-29,Indiana,Allen,8.53,32,2,0.53,1459,76,5.21,388.7,20.25,0.39,375351,571.03
2020-05-28,Indiana,Allen,17.58,66,0,0.0,1427,74,5.19,380.18,19.71,0.38,375351,571.03
2020-05-27,Indiana,Allen,11.72,44,0,0.0,1361,74,5.44,362.59,19.71,0.36,375351,571.03
2020-05-26,Indiana,Allen,8.53,32,0,0.0,1317,74,5.62,350.87,19.71,0.35,375351,571.03
2020-05-25,Indiana,Allen,9.86,37,1,0.27,1285,74,5.76,342.35,19.71,0.34,375351,571.03
2020-05-24,Indiana,Allen,7.19,27,0,0.0,1248,73,5.85,332.49,19.45,0.33,375351,571.03
2020-05-23,Indiana,Allen,5.86,22,0,0.0,1221,73,5.98,325.3,19.45,0.33,375351,571.03
2020-05-22,Indiana,Allen,14.12,53,1,0.27,1199,73,6.09,319.43,19.45,0.32,375351,571.03
2020-05-21,Indiana,Allen,8.79,33,0,0.0,1146,72,6.28,305.31,19.18,0.31,375351,571.03
2020-05-20,Indiana,Allen,14.12,53,0,0.0,1113,72,6.47,296.52,19.18,0.3,375351,571.03
2020-05-19,Indiana,Allen,5.33,20,4,1.07,1060,72,6.79,282.4,19.18,0.28,375351,571.03
2020-05-18,Indiana,Allen,9.86,37,0,0.0,1040,68,6.54,277.07,18.12,0.28,375351,571.03
2020-05-17,Indiana,Allen,2.93,11,0,0.0,1003,68,6.78,267.22,18.12,0.27,375351,571.03
2020-05-16,Indiana,Allen,7.99,30,1,0.27,992,68,6.85,264.29,18.12,0.26,375351,571.03
2020-05-15,Indiana,Allen,15.19,57,-1,-0.27,962,67,6.96,256.29,17.85,0.26,375351,571.03
2020-05-14,Indiana,Allen,5.59,21,1,0.27,905,68,7.51,241.11,18.12,0.24,375351,571.03
2020-05-13,Indiana,Allen,2.66,10,1,0.27,884,67,7.58,235.51,17.85,0.24,375351,571.03
2020-05-12,Indiana,Allen,9.32,35,2,0.53,874,66,7.55,232.85,17.58,0.23,375351,571.03
2020-05-11,Indiana,Allen,4.8,18,1,0.27,839,64,7.63,223.52,17.05,0.22,375351,571.03
2020-05-10,Indiana,Allen,4.26,16,0,0.0,821,63,7.67,218.73,16.78,0.22,375351,571.03
2020-05-09,Indiana,Allen,5.06,19,0,0.0,805,63,7.83,214.47,16.78,0.21,375351,571.03
2020-05-08,Indiana,Allen,10.12,38,0,0.0,786,63,8.02,209.4,16.78,0.21,375351,571.03
2020-05-07,Indiana,Allen,6.66,25,2,0.53,748,63,8.42,199.28,16.78,0.2,375351,571.03
2020-05-06,Indiana,Allen,6.13,23,1,0.27,723,61,8.44,192.62,16.25,0.19,375351,571.03
2020-05-05,Indiana,Allen,8.26,31,1,0.27,700,60,8.57,186.49,15.99,0.19,375351,571.03
2020-05-04,Indiana,Allen,11.99,45,0,0.0,669,59,8.82,178.23,15.72,0.18,375351,571.03
2020-05-03,Indiana,Allen,5.06,19,2,0.53,624,59,9.46,166.24,15.72,0.17,375351,571.03
2020-05-02,Indiana,Allen,3.2,12,1,0.27,605,57,9.42,161.18,15.19,0.16,375351,571.03
2020-05-01,Indiana,Allen,7.46,28,1,0.27,593,56,9.44,157.99,14.92,0.16,375351,571.03
2020-04-30,Indiana,Allen,8.79,33,8,2.13,565,55,9.73,150.53,14.65,0.15,375351,571.03
2020-04-29,Indiana,Allen,6.66,25,7,1.86,532,47,8.83,141.73,12.52,0.14,375351,571.03
2020-04-28,Indiana,Allen,4.8,18,4,1.07,507,40,7.89,135.07,10.66,0.14,375351,571.03
2020-04-27,Indiana,Allen,11.99,45,4,1.07,489,36,7.36,130.28,9.59,0.13,375351,571.03
2020-04-26,Indiana,Allen,3.2,12,1,0.27,444,32,7.21,118.29,8.53,0.12,375351,571.03
2020-04-25,Indiana,Allen,7.19,27,2,0.53,432,31,7.18,115.09,8.26,0.12,375351,571.03
2020-04-24,Indiana,Allen,3.46,13,1,0.27,405,29,7.16,107.9,7.73,0.11,375351,571.03
2020-04-23,Indiana,Allen,11.72,44,1,0.27,392,28,7.14,104.44,7.46,0.1,375351,571.03
2020-04-22,Indiana,Allen,1.86,7,0,0.0,348,27,7.76,92.71,7.19,0.09,375351,571.03
2020-04-21,Indiana,Allen,3.2,12,4,1.07,341,27,7.92,90.85,7.19,0.09,375351,571.03
2020-04-20,Indiana,Allen,6.66,25,1,0.27,329,23,6.99,87.65,6.13,0.09,375351,571.03
2020-04-19,Indiana,Allen,2.13,8,3,0.8,304,22,7.24,80.99,5.86,0.08,375351,571.03
2020-04-18,Indiana,Allen,6.13,23,1,0.27,296,19,6.42,78.86,5.06,0.08,375351,571.03
2020-04-17,Indiana,Allen,12.52,47,0,0.0,273,18,6.59,72.73,4.8,0.07,375351,571.03
2020-04-16,Indiana,Allen,11.72,44,1,0.27,226,18,7.96,60.21,4.8,0.06,375351,571.03
2020-04-15,Indiana,Allen,3.46,13,2,0.53,182,17,9.34,48.49,4.53,0.05,375351,571.03
2020-04-14,Indiana,Allen,2.93,11,2,0.53,169,15,8.88,45.02,4.0,0.05,375351,571.03
2020-04-13,Indiana,Allen,2.4,9,1,0.27,158,13,8.23,42.09,3.46,0.04,375351,571.03
2020-04-12,Indiana,Allen,2.93,11,0,0.0,149,12,8.05,39.7,3.2,0.04,375351,571.03
2020-04-11,Indiana,Allen,4.53,17,1,0.27,138,12,8.7,36.77,3.2,0.04,375351,571.03
2020-04-10,Indiana,Allen,3.73,14,2,0.53,121,11,9.09,32.24,2.93,0.03,375351,571.03
2020-04-09,Indiana,Allen,2.66,10,0,0.0,107,9,8.41,28.51,2.4,0.03,375351,571.03
2020-04-08,Indiana,Allen,2.13,8,1,0.27,97,9,9.28,25.84,2.4,0.03,375351,571.03
2020-04-07,Indiana,Allen,0.0,0,0,0.0,89,8,8.99,23.71,2.13,0.02,375351,571.03
2020-04-06,Indiana,Allen,6.39,24,4,1.07,89,8,8.99,23.71,2.13,0.02,375351,571.03
2020-04-05,Indiana,Allen,1.07,4,0,0.0,65,4,6.15,17.32,1.07,0.02,375351,571.03
2020-04-04,Indiana,Allen,0.53,2,1,0.27,61,4,6.56,16.25,1.07,0.02,375351,571.03
2020-04-03,Indiana,Allen,3.2,12,0,0.0,59,3,5.08,15.72,0.8,0.02,375351,571.03
2020-04-02,Indiana,Allen,1.86,7,0,0.0,47,3,6.38,12.52,0.8,0.01,375351,571.03
2020-04-01,Indiana,Allen,0.8,3,0,0.0,40,3,7.5,10.66,0.8,0.01,375351,571.03
2020-03-31,Indiana,Allen,1.6,6,1,0.27,37,3,8.11,9.86,0.8,0.01,375351,571.03
2020-03-30,Indiana,Allen,1.07,4,0,0.0,31,2,6.45,8.26,0.53,0.01,375351,571.03
2020-03-29,Indiana,Allen,0.8,3,0,0.0,27,2,7.41,7.19,0.53,0.01,375351,571.03
2020-03-28,Indiana,Allen,0.53,2,0,0.0,24,2,8.33,6.39,0.53,0.01,375351,571.03
2020-03-27,Indiana,Allen,0.53,2,0,0.0,22,2,9.09,5.86,0.53,0.01,375351,571.03
2020-03-26,Indiana,Allen,3.2,12,0,0.0,20,2,10.0,5.33,0.53,0.01,375351,571.03
2020-03-25,Indiana,Allen,0.0,0,0,0.0,8,2,25.0,2.13,0.53,0.0,375351,571.03
2020-03-24,Indiana,Allen,0.27,1,0,0.0,8,2,25.0,2.13,0.53,0.0,375351,571.03
2020-03-23,Indiana,Allen,0.8,3,2,0.53,7,2,28.57,1.86,0.53,0.0,375351,571.03
2020-03-22,Indiana,Allen,0.0,0,0,0.0,4,0,0.0,1.07,0.0,0.0,375351,571.03
2020-03-21,Indiana,Allen,0.8,3,0,0.0,4,0,0.0,1.07,0.0,0.0,375351,571.03
2020-03-20,Indiana,Allen,0.0,0,0,0.0,1,0,0.0,0.27,0.0,0.0,375351,571.03
