date,state,district,1day_cases_100k,new_cases,new_deaths,new_deaths_100k,total_cases,total_deaths,cfr%,total_cases_100k,total_deaths_100k,%infected,population,7day_cases_100k,7day_cases_change,28day_cases_100k,28day_cases_change
2021-10-31,Kerala,Kasaragod,10.52,137,0,0.0,138815,617,0.44,10656.76,47.37,10.66,1302600,80.92,-1.69,340.7,-4.07
2021-10-30,Kerala,Kasaragod,9.14,119,3,0.23,138678,617,0.44,10646.25,47.37,10.65,1302600,82.61,-2.99,344.77,-4.99
2021-10-29,Kerala,Kasaragod,13.66,178,10,0.77,138559,614,0.44,10637.11,47.14,10.64,1302600,85.6,0.53,349.76,-0.62
2021-10-28,Kerala,Kasaragod,15.2,198,6,0.46,138381,604,0.44,10623.45,46.37,10.62,1302600,85.07,2.53,350.38,-4.99
2021-10-27,Kerala,Kasaragod,11.21,146,5,0.38,138183,598,0.43,10608.25,45.91,10.61,1302600,82.54,-1.0,355.37,1.38
2021-10-26,Kerala,Kasaragod,9.75,127,5,0.38,138037,593,0.43,10597.04,45.52,10.6,1302600,83.54,-1.07,353.99,-1.61
2021-10-25,Kerala,Kasaragod,11.44,149,2,0.15,137910,588,0.43,10587.29,45.14,10.59,1302600,84.61,0.08,355.6,0.39
2021-10-24,Kerala,Kasaragod,12.21,159,28,2.15,137761,586,0.43,10575.85,44.99,10.58,1302600,84.53,2.15,355.21,-3.14
2021-10-23,Kerala,Kasaragod,12.13,158,5,0.38,137602,558,0.41,10563.64,42.84,10.56,1302600,82.38,3.15,358.35,-9.6
2021-10-22,Kerala,Kasaragod,13.13,171,4,0.31,137444,553,0.4,10551.51,42.45,10.55,1302600,79.23,-3.84,367.95,-5.76
2021-10-21,Kerala,Kasaragod,12.67,165,4,0.31,137273,549,0.4,10538.38,42.15,10.54,1302600,83.07,-0.99,373.71,-8.52
2021-10-20,Kerala,Kasaragod,12.21,159,0,0.0,137108,545,0.4,10525.72,41.84,10.53,1302600,84.06,-6.98,382.23,-11.74
2021-10-19,Kerala,Kasaragod,10.82,141,2,0.15,136949,545,0.4,10513.51,41.84,10.51,1302600,91.04,3.68,393.97,-3.46
2021-10-18,Kerala,Kasaragod,11.36,148,0,0.0,136808,543,0.4,10502.69,41.69,10.5,1302600,87.36,-1.38,397.43,-5.68
2021-10-17,Kerala,Kasaragod,10.06,131,0,0.0,136660,543,0.4,10491.33,41.69,10.49,1302600,88.74,-1.84,403.11,-10.13
2021-10-16,Kerala,Kasaragod,8.98,117,5,0.38,136529,543,0.4,10481.27,41.69,10.48,1302600,90.58,-5.22,413.24,-18.89
2021-10-15,Kerala,Kasaragod,16.97,221,1,0.08,136412,538,0.39,10472.29,41.3,10.47,1302600,95.8,4.69,432.13,-8.36
2021-10-14,Kerala,Kasaragod,13.66,178,0,0.0,136191,537,0.39,10455.32,41.23,10.46,1302600,91.11,-0.31,440.49,-7.84
2021-10-13,Kerala,Kasaragod,19.19,250,1,0.08,136013,537,0.39,10441.66,41.23,10.44,1302600,91.42,3.61,448.33,-10.44
2021-10-12,Kerala,Kasaragod,7.14,93,3,0.23,135763,536,0.39,10422.46,41.15,10.42,1302600,87.81,-4.38,458.77,-12.9
2021-10-11,Kerala,Kasaragod,12.74,166,2,0.15,135670,533,0.39,10415.32,40.92,10.42,1302600,92.19,5.68,471.67,-2.15
2021-10-10,Kerala,Kasaragod,11.9,155,0,0.0,135504,531,0.39,10402.58,40.76,10.4,1302600,86.51,-2.69,473.82,-10.13
2021-10-09,Kerala,Kasaragod,14.2,185,0,0.0,135349,531,0.39,10390.68,40.76,10.39,1302600,89.2,0.07,483.95,-7.6
2021-10-08,Kerala,Kasaragod,12.28,160,3,0.23,135164,531,0.39,10376.48,40.76,10.38,1302600,89.13,-2.0,491.55,-15.66
2021-10-07,Kerala,Kasaragod,13.97,182,0,0.0,135004,528,0.39,10364.19,40.53,10.36,1302600,91.13,-6.22,507.21,-20.96
2021-10-06,Kerala,Kasaragod,15.58,203,0,0.0,134822,528,0.39,10350.22,40.53,10.35,1302600,97.35,5.75,528.17,-23.57
2021-10-05,Kerala,Kasaragod,11.52,150,2,0.15,134619,528,0.39,10334.64,40.53,10.33,1302600,91.6,0.16,551.74,-18.27
2021-10-04,Kerala,Kasaragod,7.06,92,2,0.15,134469,526,0.39,10323.12,40.38,10.32,1302600,91.44,-3.99,570.01,-21.11
2021-10-03,Kerala,Kasaragod,14.59,190,0,0.0,134377,524,0.39,10316.06,40.23,10.32,1302600,95.43,-0.76,591.12,-14.58
2021-10-02,Kerala,Kasaragod,14.13,184,0,0.0,134187,524,0.39,10301.47,40.23,10.3,1302600,96.19,-7.6,605.7,-22.64
2021-10-01,Kerala,Kasaragod,14.28,186,0,0.0,134003,524,0.39,10287.35,40.23,10.29,1302600,103.79,-4.61,628.34,-22.11
2021-09-30,Kerala,Kasaragod,20.19,263,0,0.0,133817,524,0.39,10273.07,40.23,10.27,1302600,108.4,-1.0,650.45,-22.42
2021-09-29,Kerala,Kasaragod,9.83,128,6,0.46,133554,524,0.39,10252.88,40.23,10.25,1302600,109.4,-14.12,672.87,-37.31
2021-09-28,Kerala,Kasaragod,11.36,148,0,0.0,133426,518,0.39,10243.05,39.77,10.24,1302600,123.52,-2.92,710.18,-24.57
2021-09-27,Kerala,Kasaragod,11.05,144,1,0.08,133278,518,0.39,10231.69,39.77,10.23,1302600,126.44,-5.99,734.75,-16.51
2021-09-26,Kerala,Kasaragod,15.35,200,0,0.0,133134,517,0.39,10220.64,39.69,10.22,1302600,132.43,-4.84,751.26,-23.03
2021-09-25,Kerala,Kasaragod,21.73,283,0,0.0,132934,517,0.39,10205.28,39.69,10.21,1302600,137.27,-6.14,774.29,-18.27
2021-09-24,Kerala,Kasaragod,18.89,246,1,0.08,132651,517,0.39,10183.56,39.69,10.18,1302600,143.41,-6.44,792.56,-26.71
2021-09-23,Kerala,Kasaragod,21.19,276,3,0.23,132405,516,0.39,10164.67,39.61,10.16,1302600,149.85,-0.31,819.27,-25.87
2021-09-22,Kerala,Kasaragod,23.95,312,1,0.08,132129,513,0.39,10143.48,39.38,10.14,1302600,150.16,-5.68,845.14,-23.57
2021-09-21,Kerala,Kasaragod,14.28,186,5,0.38,131817,512,0.39,10119.53,39.31,10.12,1302600,155.84,-5.76,868.71,-25.49
2021-09-20,Kerala,Kasaragod,17.04,222,0,0.0,131631,507,0.39,10105.25,38.92,10.11,1302600,161.6,2.15,894.2,-2.69
2021-09-19,Kerala,Kasaragod,20.19,263,1,0.08,131409,507,0.39,10088.21,38.92,10.09,1302600,159.45,-1.84,896.89,1.54
2021-09-18,Kerala,Kasaragod,27.87,363,4,0.31,131146,506,0.39,10068.02,38.85,10.07,1302600,161.29,6.07,895.35,5.91
2021-09-17,Kerala,Kasaragod,25.33,330,2,0.15,130783,502,0.38,10040.15,38.54,10.04,1302600,155.22,-2.61,889.44,-8.45
2021-09-16,Kerala,Kasaragod,21.5,280,2,0.15,130453,500,0.38,10014.82,38.38,10.01,1302600,157.83,-13.43,897.89,-17.58
2021-09-15,Kerala,Kasaragod,29.63,386,3,0.23,130173,498,0.38,9993.32,38.23,9.99,1302600,171.26,-9.52,915.47,-16.97
2021-09-14,Kerala,Kasaragod,20.04,261,5,0.38,129787,495,0.38,9963.69,38.0,9.96,1302600,180.78,-9.75,932.44,-19.04
2021-09-13,Kerala,Kasaragod,14.89,194,0,0.0,129526,490,0.38,9943.65,37.62,9.94,1302600,190.53,-13.28,951.48,-9.45
2021-09-12,Kerala,Kasaragod,22.03,287,4,0.31,129332,490,0.38,9928.76,37.62,9.93,1302600,203.81,-7.14,960.93,-10.14
2021-09-11,Kerala,Kasaragod,21.8,284,6,0.46,129045,486,0.38,9906.73,37.31,9.91,1302600,210.95,-14.97,971.07,-18.12
2021-09-10,Kerala,Kasaragod,27.94,364,3,0.23,128761,480,0.37,9884.92,36.85,9.88,1302600,225.92,-8.45,989.19,-18.12
2021-09-09,Kerala,Kasaragod,34.93,455,1,0.08,128397,477,0.37,9856.98,36.62,9.86,1302600,234.37,-7.68,1007.31,-9.44
2021-09-08,Kerala,Kasaragod,39.15,510,0,0.0,127942,476,0.37,9822.05,36.54,9.82,1302600,242.05,-7.99,1016.75,-3.99
2021-09-07,Kerala,Kasaragod,29.79,388,1,0.08,127432,476,0.37,9782.9,36.54,9.78,1302600,250.04,-6.14,1020.74,-11.36
2021-09-06,Kerala,Kasaragod,28.17,367,0,0.0,127044,475,0.37,9753.11,36.47,9.75,1302600,256.18,0.61,1032.1,-10.75
2021-09-05,Kerala,Kasaragod,29.17,380,6,0.46,126677,475,0.37,9724.93,36.47,9.72,1302600,255.57,-9.21,1042.85,-10.98
2021-09-04,Kerala,Kasaragod,36.77,479,8,0.61,126297,469,0.37,9695.76,36.0,9.7,1302600,264.78,-3.23,1053.83,-14.05
2021-09-03,Kerala,Kasaragod,36.39,474,1,0.08,125818,461,0.37,9658.99,35.39,9.66,1302600,268.01,-9.21,1067.88,-20.27
2021-09-02,Kerala,Kasaragod,42.61,555,3,0.23,125344,460,0.37,9622.6,35.31,9.62,1302600,277.22,-4.45,1088.15,-9.98
2021-09-01,Kerala,Kasaragod,47.14,614,6,0.46,124789,457,0.37,9579.99,35.08,9.58,1302600,281.67,-0.38,1098.13,-24.56
2021-08-31,Kerala,Kasaragod,35.93,468,3,0.23,124175,451,0.36,9532.86,34.62,9.53,1302600,282.05,-3.84,1122.69,-24.64
2021-08-30,Kerala,Kasaragod,27.56,359,8,0.61,123707,448,0.36,9496.93,34.39,9.5,1302600,285.89,7.83,1147.33,-26.41
2021-08-29,Kerala,Kasaragod,38.38,500,0,0.0,123348,440,0.36,9469.37,33.78,9.47,1302600,278.06,19.73,1173.74,-15.9
2021-08-28,Kerala,Kasaragod,40.0,521,2,0.15,122848,440,0.36,9430.98,33.78,9.43,1302600,258.33,18.04,1189.64,-14.89
2021-08-27,Kerala,Kasaragod,45.6,594,2,0.15,122327,438,0.36,9390.99,33.63,9.39,1302600,240.29,11.82,1204.53,-6.68
2021-08-26,Kerala,Kasaragod,47.06,613,2,0.15,121733,436,0.36,9345.39,33.47,9.35,1302600,228.47,7.98,1211.21,-24.26
2021-08-25,Kerala,Kasaragod,47.52,619,4,0.31,121120,434,0.36,9298.33,33.32,9.3,1302600,220.49,0.92,1235.47,-21.19
2021-08-24,Kerala,Kasaragod,39.77,518,6,0.46,120501,430,0.36,9250.81,33.01,9.25,1302600,219.57,0.69,1256.66,-22.64
2021-08-23,Kerala,Kasaragod,19.73,257,4,0.31,119983,424,0.35,9211.04,32.55,9.21,1302600,218.88,-4.61,1279.3,-38.77
2021-08-22,Kerala,Kasaragod,18.65,243,5,0.38,119726,420,0.35,9191.31,32.24,9.19,1302600,223.49,-13.52,1318.07,-30.79
2021-08-21,Kerala,Kasaragod,21.96,286,0,0.0,119483,415,0.35,9172.65,31.86,9.17,1302600,237.01,-17.96,1348.86,-29.4
2021-08-20,Kerala,Kasaragod,33.78,440,0,0.0,119197,415,0.35,9150.7,31.86,9.15,1302600,254.97,-12.28,1378.26,-27.1
2021-08-19,Kerala,Kasaragod,39.08,509,4,0.31,118757,415,0.35,9116.92,31.86,9.12,1302600,267.25,-5.29,1405.36,-15.12
2021-08-18,Kerala,Kasaragod,46.6,607,10,0.77,118248,411,0.35,9077.84,31.55,9.08,1302600,272.54,3.46,1420.48,-12.97
2021-08-17,Kerala,Kasaragod,39.08,509,0,0.0,117641,401,0.34,9031.25,30.78,9.03,1302600,269.08,-2.07,1433.45,-10.28
2021-08-16,Kerala,Kasaragod,24.34,317,4,0.31,117132,401,0.34,8992.17,30.78,8.99,1302600,271.15,-14.58,1443.73,-25.25
2021-08-15,Kerala,Kasaragod,32.17,419,3,0.23,116815,397,0.34,8967.83,30.48,8.97,1302600,285.73,-7.98,1468.98,-16.66
2021-08-14,Kerala,Kasaragod,39.92,520,4,0.31,116396,394,0.34,8935.67,30.25,8.94,1302600,293.71,-10.9,1485.64,-16.2
2021-08-13,Kerala,Kasaragod,46.06,600,8,0.61,115876,390,0.34,8895.75,29.94,8.9,1302600,304.61,-10.6,1501.84,-9.67
2021-08-12,Kerala,Kasaragod,44.37,578,0,0.0,115276,382,0.33,8849.69,29.33,8.85,1302600,315.21,-8.22,1511.51,-7.37
2021-08-11,Kerala,Kasaragod,43.14,562,1,0.08,114698,382,0.33,8805.31,29.33,8.81,1302600,323.43,-28.56,1518.88,-13.52
2021-08-10,Kerala,Kasaragod,41.15,536,8,0.61,114136,381,0.33,8762.17,29.25,8.76,1302600,351.99,-19.42,1532.4,-9.29
2021-08-09,Kerala,Kasaragod,38.92,507,0,0.0,113600,373,0.33,8721.02,28.64,8.72,1302600,371.41,-15.05,1541.69,-3.53
2021-08-08,Kerala,Kasaragod,40.15,523,0,0.0,113093,373,0.33,8682.1,28.64,8.68,1302600,386.46,-14.13,1545.22,-8.98
2021-08-07,Kerala,Kasaragod,50.82,662,5,0.38,112570,373,0.33,8641.95,28.64,8.64,1302600,400.59,-4.07,1554.2,-2.23
2021-08-06,Kerala,Kasaragod,56.66,738,9,0.69,111908,368,0.33,8591.13,28.25,8.59,1302600,404.66,4.38,1556.43,12.44
2021-08-05,Kerala,Kasaragod,52.59,685,4,0.31,111170,359,0.32,8534.47,27.56,8.53,1302600,400.28,-18.73,1543.99,1.92
2021-08-04,Kerala,Kasaragod,71.7,934,0,0.0,110485,355,0.32,8481.88,27.25,8.48,1302600,419.01,2.99,1542.07,11.36
2021-08-03,Kerala,Kasaragod,60.57,789,6,0.46,109551,355,0.32,8410.18,27.25,8.41,1302600,416.02,-1.84,1530.71,13.59
2021-08-02,Kerala,Kasaragod,53.97,703,0,0.0,108762,349,0.32,8349.61,26.79,8.35,1302600,417.86,-4.53,1517.12,26.33
2021-08-01,Kerala,Kasaragod,54.28,707,0,0.0,108059,349,0.32,8295.64,26.79,8.3,1302600,422.39,4.84,1490.79,8.76
2021-07-31,Kerala,Kasaragod,54.89,715,2,0.15,107352,349,0.33,8241.36,26.79,8.24,1302600,417.55,3.53,1482.03,2.53
2021-07-30,Kerala,Kasaragod,52.28,681,6,0.46,106637,347,0.33,8186.47,26.64,8.19,1302600,414.02,-8.6,1479.5,-2.07
2021-07-29,Kerala,Kasaragod,71.32,929,6,0.46,105956,341,0.32,8134.19,26.18,8.13,1302600,422.62,17.12,1481.57,12.59
2021-07-28,Kerala,Kasaragod,68.71,895,1,0.08,105027,335,0.32,8062.87,25.72,8.06,1302600,405.5,9.14,1468.98,14.28
2021-07-27,Kerala,Kasaragod,62.41,813,6,0.46,104132,334,0.32,7994.17,25.64,7.99,1302600,396.36,13.05,1454.7,18.65
2021-07-26,Kerala,Kasaragod,58.5,762,2,0.15,103319,328,0.32,7931.75,25.18,7.93,1302600,383.31,8.91,1436.05,19.12
2021-07-25,Kerala,Kasaragod,49.44,644,0,0.0,102557,326,0.32,7873.25,25.03,7.87,1302600,374.4,0.61,1416.93,-2.38
2021-07-24,Kerala,Kasaragod,51.36,669,5,0.38,101913,326,0.32,7823.81,25.03,7.82,1302600,373.79,-4.76,1419.31,7.06
2021-07-23,Kerala,Kasaragod,60.88,793,2,0.15,101244,321,0.32,7772.46,24.64,7.77,1302600,378.55,5.15,1412.25,4.92
2021-07-22,Kerala,Kasaragod,54.2,706,9,0.69,100451,319,0.32,7711.58,24.49,7.71,1302600,373.4,2.46,1407.33,20.5
2021-07-21,Kerala,Kasaragod,59.57,776,12,0.92,99745,310,0.31,7657.38,23.8,7.66,1302600,370.94,2.91,1386.83,14.28
2021-07-20,Kerala,Kasaragod,49.36,643,0,0.0,98969,298,0.3,7597.8,22.88,7.6,1302600,368.03,-1.08,1372.55,16.35
2021-07-19,Kerala,Kasaragod,49.59,646,3,0.23,98326,298,0.3,7548.44,22.88,7.55,1302600,369.11,7.14,1356.2,25.1
2021-07-18,Kerala,Kasaragod,48.83,636,0,0.0,97680,295,0.3,7498.85,22.65,7.5,1302600,361.97,-0.3,1331.1,12.29
2021-07-17,Kerala,Kasaragod,56.12,731,3,0.23,97044,295,0.3,7450.02,22.65,7.45,1302600,362.27,3.07,1318.81,18.27
2021-07-16,Kerala,Kasaragod,55.73,726,0,0.0,96313,292,0.3,7393.9,22.42,7.39,1302600,359.2,11.51,1300.54,27.09
2021-07-15,Kerala,Kasaragod,51.74,674,5,0.38,95587,292,0.31,7338.17,22.42,7.34,1302600,347.69,1.07,1273.45,19.8
2021-07-14,Kerala,Kasaragod,56.66,738,4,0.31,94913,287,0.3,7286.43,22.03,7.29,1302600,346.62,-3.68,1253.65,23.65
2021-07-13,Kerala,Kasaragod,50.44,657,3,0.23,94175,283,0.3,7229.77,21.73,7.23,1302600,350.3,3.46,1230.0,27.33
2021-07-12,Kerala,Kasaragod,42.45,553,3,0.23,93518,280,0.3,7179.33,21.5,7.18,1302600,346.84,14.81,1202.67,17.42
2021-07-11,Kerala,Kasaragod,49.13,640,0,0.0,92965,277,0.3,7136.88,21.27,7.14,1302600,332.03,3.61,1185.25,16.96
2021-07-10,Kerala,Kasaragod,53.05,691,4,0.31,92325,277,0.3,7087.75,21.27,7.09,1302600,328.42,0.69,1168.29,16.58
2021-07-09,Kerala,Kasaragod,44.22,576,5,0.38,91634,273,0.3,7034.7,20.96,7.03,1302600,327.73,-10.13,1151.71,5.91
2021-07-08,Kerala,Kasaragod,50.67,660,6,0.46,91058,268,0.29,6990.48,20.57,6.99,1302600,337.86,-8.06,1145.8,16.66
2021-07-07,Kerala,Kasaragod,60.34,786,4,0.31,90398,262,0.29,6939.81,20.11,6.94,1302600,345.92,5.91,1129.14,19.42
2021-07-06,Kerala,Kasaragod,46.98,612,7,0.54,89612,258,0.29,6879.47,19.81,6.88,1302600,340.01,3.22,1109.72,12.13
2021-07-05,Kerala,Kasaragod,27.64,360,4,0.31,89000,251,0.28,6832.49,19.27,6.83,1302600,336.79,-11.74,1097.59,11.13
2021-07-04,Kerala,Kasaragod,45.52,593,0,0.0,88640,247,0.28,6804.85,18.96,6.8,1302600,348.53,-6.3,1086.46,13.05
2021-07-03,Kerala,Kasaragod,52.36,682,5,0.38,88047,247,0.28,6759.33,18.96,6.76,1302600,354.83,8.06,1073.41,12.44
2021-07-02,Kerala,Kasaragod,54.35,708,7,0.54,87365,242,0.28,6706.97,18.58,6.71,1302600,346.77,-1.61,1060.97,24.26
2021-07-01,Kerala,Kasaragod,58.73,765,2,0.15,86657,235,0.27,6652.62,18.04,6.65,1302600,348.38,25.03,1036.71,15.74
2021-06-30,Kerala,Kasaragod,54.43,709,3,0.23,85892,233,0.27,6593.89,17.89,6.59,1302600,323.35,9.14,1020.97,19.04
2021-06-29,Kerala,Kasaragod,43.76,570,6,0.46,85183,230,0.27,6539.46,17.66,6.54,1302600,314.21,10.75,1001.93,10.06
2021-06-28,Kerala,Kasaragod,39.38,513,0,0.0,84613,224,0.26,6495.7,17.2,6.5,1302600,303.46,14.89,991.87,13.2
2021-06-27,Kerala,Kasaragod,51.82,675,1,0.08,84100,224,0.27,6456.32,17.2,6.46,1302600,288.57,15.28,978.67,10.98
2021-06-26,Kerala,Kasaragod,44.3,577,1,0.08,83425,223,0.27,6404.5,17.12,6.4,1302600,273.29,6.45,967.69,5.45
2021-06-25,Kerala,Kasaragod,55.96,729,3,0.23,82848,222,0.27,6360.2,17.04,6.36,1302600,266.84,27.32,962.24,14.97
2021-06-24,Kerala,Kasaragod,33.7,439,7,0.54,82119,219,0.27,6304.24,16.81,6.3,1302600,239.52,1.76,947.27,-11.13
2021-06-23,Kerala,Kasaragod,45.29,590,3,0.23,81680,212,0.26,6270.54,16.28,6.27,1302600,237.76,12.28,958.4,1.38
2021-06-22,Kerala,Kasaragod,33.01,430,3,0.23,81090,209,0.26,6225.24,16.04,6.23,1302600,225.48,9.9,957.02,-13.21
2021-06-21,Kerala,Kasaragod,24.49,319,6,0.46,80660,206,0.26,6192.23,15.81,6.19,1302600,215.58,-0.54,970.23,-9.6
2021-06-20,Kerala,Kasaragod,36.54,476,2,0.15,80341,200,0.25,6167.74,15.35,6.17,1302600,216.12,4.37,979.83,-6.07
2021-06-19,Kerala,Kasaragod,37.85,493,5,0.38,79865,198,0.25,6131.2,15.2,6.13,1302600,211.75,1.38,985.9,-16.04
2021-06-18,Kerala,Kasaragod,28.64,373,1,0.08,79372,193,0.24,6093.35,14.82,6.09,1302600,210.37,-9.67,1001.94,-21.26
2021-06-17,Kerala,Kasaragod,31.94,416,0,0.0,78999,192,0.24,6064.72,14.74,6.06,1302600,220.04,-2.07,1023.2,-23.95
2021-06-16,Kerala,Kasaragod,33.01,430,0,0.0,78583,192,0.24,6032.78,14.74,6.03,1302600,222.11,-7.91,1047.15,-18.96
2021-06-15,Kerala,Kasaragod,23.11,301,4,0.31,78153,192,0.25,5999.77,14.74,6.0,1302600,230.02,-11.74,1066.11,-33.62
2021-06-14,Kerala,Kasaragod,25.03,326,2,0.15,77852,188,0.24,5976.66,14.43,5.98,1302600,241.76,8.52,1099.73,-20.8
2021-06-13,Kerala,Kasaragod,32.17,419,2,0.15,77526,186,0.24,5951.64,14.28,5.95,1302600,233.24,-0.3,1120.53,-10.82
2021-06-12,Kerala,Kasaragod,36.47,475,0,0.0,77107,184,0.24,5919.47,14.13,5.92,1302600,233.54,-3.45,1131.35,-28.55
2021-06-11,Kerala,Kasaragod,38.31,499,8,0.61,76632,184,0.24,5883.0,14.13,5.88,1302600,236.99,8.22,1159.9,-45.52
2021-06-10,Kerala,Kasaragod,34.01,443,1,0.08,76133,176,0.23,5844.7,13.51,5.84,1302600,228.77,-8.98,1205.42,-33.78
2021-06-09,Kerala,Kasaragod,40.92,533,1,0.08,75690,175,0.23,5810.69,13.43,5.81,1302600,237.75,5.53,1239.2,-33.47
2021-06-08,Kerala,Kasaragod,34.85,454,10,0.77,75157,174,0.23,5769.77,13.36,5.77,1302600,232.22,1.15,1272.67,-39.08
2021-06-07,Kerala,Kasaragod,16.51,215,0,0.0,74703,164,0.22,5734.91,12.59,5.73,1302600,231.07,-9.67,1311.75,-54.04
2021-06-06,Kerala,Kasaragod,32.47,423,6,0.46,74488,164,0.22,5718.41,12.59,5.72,1302600,240.74,-8.37,1365.79,-26.34
2021-06-05,Kerala,Kasaragod,39.92,520,0,0.0,74065,158,0.21,5685.94,12.13,5.69,1302600,249.11,1.07,1392.13,-94.35
2021-06-04,Kerala,Kasaragod,30.09,392,0,0.0,73545,158,0.21,5646.02,12.13,5.65,1302600,248.04,-10.9,1486.48,-42.0
2021-06-03,Kerala,Kasaragod,42.99,560,0,0.0,73153,158,0.22,5615.92,12.13,5.62,1302600,258.94,-1.84,1528.48,-45.91
2021-06-02,Kerala,Kasaragod,35.39,461,4,0.31,72593,158,0.22,5572.93,12.13,5.57,1302600,260.78,-8.52,1574.39,-45.68
2021-06-01,Kerala,Kasaragod,33.7,439,4,0.31,72132,154,0.21,5537.54,11.82,5.54,1302600,269.3,-12.52,1620.07,-17.97
2021-05-31,Kerala,Kasaragod,26.18,341,1,0.08,71693,150,0.21,5503.84,11.52,5.5,1302600,281.82,-7.91,1638.04,-61.26
2021-05-30,Kerala,Kasaragod,40.84,532,2,0.15,71352,149,0.21,5477.66,11.44,5.48,1302600,289.73,-1.77,1699.3,-2.61
2021-05-29,Kerala,Kasaragod,38.85,506,1,0.08,70820,147,0.21,5436.82,11.29,5.44,1302600,291.5,-15.04,1701.91,-38.38
2021-05-28,Kerala,Kasaragod,40.99,534,0,0.0,70314,146,0.21,5397.97,11.21,5.4,1302600,306.54,-8.91,1740.29,-21.42
2021-05-27,Kerala,Kasaragod,44.83,584,4,0.31,69780,146,0.21,5356.98,11.21,5.36,1302600,315.45,-11.06,1761.71,-36.78
2021-05-26,Kerala,Kasaragod,43.91,572,7,0.54,69196,142,0.21,5312.14,10.9,5.31,1302600,326.51,-8.06,1798.49,-23.03
2021-05-25,Kerala,Kasaragod,46.22,602,0,0.0,68624,135,0.2,5268.23,10.36,5.27,1302600,334.57,-10.51,1821.52,-23.33
2021-05-24,Kerala,Kasaragod,34.09,444,3,0.23,68022,135,0.2,5222.02,10.36,5.22,1302600,345.08,-11.74,1844.85,-49.28
2021-05-23,Kerala,Kasaragod,42.61,555,3,0.23,67578,132,0.2,5187.93,10.13,5.19,1302600,356.82,-0.38,1894.13,-16.58
2021-05-22,Kerala,Kasaragod,53.89,702,2,0.15,67023,129,0.19,5145.32,9.9,5.15,1302600,357.2,-11.13,1910.71,-15.82
2021-05-21,Kerala,Kasaragod,49.9,650,0,0.0,66321,127,0.19,5091.43,9.75,5.09,1302600,368.33,-33.93,1926.53,-35.31
2021-05-20,Kerala,Kasaragod,55.89,728,3,0.23,65671,127,0.19,5041.53,9.75,5.04,1302600,402.26,-11.9,1961.84,2.07
2021-05-19,Kerala,Kasaragod,51.97,677,0,0.0,64943,124,0.19,4985.64,9.52,4.99,1302600,414.16,-22.42,1959.77,-0.62
2021-05-18,Kerala,Kasaragod,56.73,739,0,0.0,64266,124,0.19,4933.67,9.52,4.93,1302600,436.58,-17.2,1960.39,-9.37
2021-05-17,Kerala,Kasaragod,45.83,597,0,0.0,63527,124,0.2,4876.94,9.52,4.88,1302600,453.78,-24.72,1969.76,-6.07
2021-05-16,Kerala,Kasaragod,42.99,560,0,0.0,62930,124,0.2,4831.11,9.52,4.83,1302600,478.5,-15.82,1975.83,-4.76
2021-05-15,Kerala,Kasaragod,65.02,847,0,0.0,62370,124,0.2,4788.12,9.52,4.79,1302600,494.32,-69.25,1980.59,39.46
2021-05-14,Kerala,Kasaragod,83.83,1092,1,0.08,61523,124,0.2,4723.09,9.52,4.72,1302600,563.57,11.74,1941.13,34.47
2021-05-13,Kerala,Kasaragod,67.79,883,0,0.0,60431,123,0.2,4639.26,9.44,4.64,1302600,551.83,-21.11,1906.66,55.66
2021-05-12,Kerala,Kasaragod,74.39,969,0,0.0,59548,123,0.21,4571.47,9.44,4.57,1302600,572.94,-6.68,1851.0,41.84
2021-05-11,Kerala,Kasaragod,73.93,963,0,0.0,58579,123,0.21,4497.08,9.44,4.5,1302600,579.62,22.26,1809.16,40.92
2021-05-10,Kerala,Kasaragod,70.55,919,0,0.0,57616,123,0.21,4423.15,9.44,4.42,1302600,557.36,-16.89,1768.24,53.66
2021-05-09,Kerala,Kasaragod,58.81,766,0,0.0,56697,123,0.22,4352.6,9.44,4.35,1302600,574.25,15.36,1714.58,39.54
2021-05-08,Kerala,Kasaragod,134.27,1749,0,0.0,55931,123,0.22,4293.8,9.44,4.29,1302600,558.89,57.04,1675.04,112.31
2021-05-07,Kerala,Kasaragod,72.09,939,0,0.0,54182,123,0.23,4159.53,9.44,4.16,1302600,501.85,9.68,1562.73,53.13
2021-05-06,Kerala,Kasaragod,88.9,1158,0,0.0,53243,123,0.23,4087.44,9.44,4.09,1302600,492.17,7.29,1509.6,70.94
2021-05-05,Kerala,Kasaragod,81.07,1056,0,0.0,52085,123,0.24,3998.54,9.44,4.0,1302600,484.88,14.13,1438.66,72.16
2021-05-04,Kerala,Kasaragod,51.67,673,0,0.0,51029,123,0.24,3917.47,9.44,3.92,1302600,470.75,-17.88,1366.5,41.84
2021-05-03,Kerala,Kasaragod,87.44,1139,0,0.0,50356,123,0.24,3865.81,9.44,3.87,1302600,488.63,4.07,1324.66,76.39
2021-05-02,Kerala,Kasaragod,43.45,566,0,0.0,49217,123,0.25,3778.37,9.44,3.78,1302600,484.56,-15.74,1248.27,28.86
2021-05-01,Kerala,Kasaragod,77.23,1006,0,0.0,48651,123,0.25,3734.91,9.44,3.73,1302600,500.3,7.52,1219.41,67.17
2021-04-30,Kerala,Kasaragod,62.41,813,0,0.0,47645,123,0.26,3657.68,9.44,3.66,1302600,492.78,-22.8,1152.24,48.28
2021-04-29,Kerala,Kasaragod,81.61,1063,0,0.0,46832,123,0.26,3595.27,9.44,3.6,1302600,515.58,27.79,1103.96,67.25
2021-04-28,Kerala,Kasaragod,66.94,872,0,0.0,45769,123,0.27,3513.66,9.44,3.51,1302600,487.79,14.35,1036.71,54.12
2021-04-27,Kerala,Kasaragod,69.55,906,0,0.0,44897,123,0.27,3446.72,9.44,3.45,1302600,473.44,3.45,982.59,63.41
2021-04-26,Kerala,Kasaragod,83.37,1086,0,0.0,43991,123,0.28,3377.17,9.44,3.38,1302600,469.99,31.47,919.18,75.85
2021-04-25,Kerala,Kasaragod,59.19,771,0,0.0,42905,123,0.29,3293.8,9.44,3.29,1302600,438.52,11.44,843.33,46.68
2021-04-24,Kerala,Kasaragod,69.71,908,0,0.0,42134,123,0.29,3234.61,9.44,3.23,1302600,427.08,44.15,796.65,63.72
2021-04-23,Kerala,Kasaragod,85.21,1110,0,0.0,41226,123,0.3,3164.9,9.44,3.16,1302600,382.93,35.85,732.93,77.23
2021-04-22,Kerala,Kasaragod,53.82,701,1,0.08,40116,123,0.31,3079.69,9.44,3.08,1302600,347.08,41.69,655.7,46.76
2021-04-21,Kerala,Kasaragod,52.59,685,1,0.08,39415,122,0.31,3025.87,9.37,3.03,1302600,305.39,20.04,608.94,44.68
2021-04-20,Kerala,Kasaragod,66.1,861,0,0.0,38730,121,0.31,2973.28,9.29,2.97,1302600,285.35,33.09,564.26,56.27
2021-04-19,Kerala,Kasaragod,51.9,676,0,0.0,37869,121,0.32,2907.19,9.29,2.91,1302600,252.26,35.01,507.99,48.52
2021-04-18,Kerala,Kasaragod,47.75,622,1,0.08,37193,121,0.33,2855.29,9.29,2.86,1302600,217.25,28.48,459.47,41.69
2021-04-17,Kerala,Kasaragod,25.56,333,2,0.15,36571,120,0.33,2807.54,9.21,2.81,1302600,188.77,3.6,417.78,16.42
2021-04-16,Kerala,Kasaragod,49.36,643,0,0.0,36238,118,0.33,2781.97,9.06,2.78,1302600,185.17,30.4,401.36,41.3
2021-04-15,Kerala,Kasaragod,12.13,158,0,0.0,35595,118,0.33,2732.61,9.06,2.73,1302600,154.77,-5.83,360.06,4.15
2021-04-14,Kerala,Kasaragod,32.55,424,0,0.0,35437,118,0.33,2720.48,9.06,2.72,1302600,160.6,23.64,355.91,22.49
2021-04-13,Kerala,Kasaragod,33.01,430,0,0.0,35013,118,0.34,2687.93,9.06,2.69,1302600,136.96,23.18,333.42,27.02
2021-04-12,Kerala,Kasaragod,16.89,220,0,0.0,34583,118,0.34,2654.92,9.06,2.65,1302600,113.78,5.84,306.4,14.66
2021-04-11,Kerala,Kasaragod,19.27,251,1,0.08,34363,118,0.34,2638.03,9.06,2.64,1302600,107.94,4.68,291.74,14.28
2021-04-10,Kerala,Kasaragod,21.96,286,0,0.0,34112,117,0.34,2618.76,8.98,2.62,1302600,103.26,11.9,277.46,15.51
2021-04-09,Kerala,Kasaragod,18.96,247,1,0.08,33826,117,0.35,2596.81,8.98,2.6,1302600,91.36,4.83,261.95,13.89
2021-04-08,Kerala,Kasaragod,17.96,234,0,0.0,33579,116,0.35,2577.84,8.91,2.58,1302600,86.53,3.6,248.06,8.98
2021-04-07,Kerala,Kasaragod,8.91,116,0,0.0,33345,116,0.35,2559.88,8.91,2.56,1302600,82.93,-3.91,239.08,-0.38
2021-04-06,Kerala,Kasaragod,9.83,128,4,0.31,33229,116,0.35,2550.97,8.91,2.55,1302600,86.84,3.69,239.46,4.23
2021-04-05,Kerala,Kasaragod,11.05,144,0,0.0,33101,112,0.34,2541.15,8.6,2.54,1302600,83.15,3.53,235.23,7.37
2021-04-04,Kerala,Kasaragod,14.59,190,0,0.0,32957,112,0.34,2530.09,8.6,2.53,1302600,79.62,2.08,227.86,7.14
2021-04-03,Kerala,Kasaragod,10.06,131,0,0.0,32767,112,0.34,2515.51,8.6,2.52,1302600,77.54,4.07,220.72,3.23
2021-04-02,Kerala,Kasaragod,14.13,184,1,0.08,32636,112,0.34,2505.45,8.6,2.51,1302600,73.47,6.15,217.49,4.53
2021-04-01,Kerala,Kasaragod,14.36,187,0,0.0,32452,111,0.34,2491.33,8.52,2.49,1302600,67.32,7.3,212.96,5.07
2021-03-31,Kerala,Kasaragod,12.82,167,0,0.0,32265,111,0.34,2476.97,8.52,2.48,1302600,60.02,4.91,207.89,4.45
2021-03-30,Kerala,Kasaragod,6.14,80,0,0.0,32098,111,0.35,2464.15,8.52,2.46,1302600,55.11,-3.69,203.44,0.0
2021-03-29,Kerala,Kasaragod,7.52,98,0,0.0,32018,111,0.35,2458.01,8.52,2.46,1302600,58.8,4.14,203.44,2.07
2021-03-28,Kerala,Kasaragod,12.51,163,1,0.08,31920,111,0.35,2450.48,8.52,2.45,1302600,54.66,6.45,201.37,3.07
2021-03-27,Kerala,Kasaragod,5.99,78,0,0.0,31757,110,0.35,2437.97,8.44,2.44,1302600,48.21,-3.15,198.3,-5.37
2021-03-26,Kerala,Kasaragod,7.98,104,1,0.08,31679,110,0.35,2431.98,8.44,2.43,1302600,51.36,-0.08,203.67,-1.16
2021-03-25,Kerala,Kasaragod,7.06,92,1,0.08,31575,109,0.35,2424.0,8.37,2.42,1302600,51.44,-0.92,204.83,-3.76
2021-03-24,Kerala,Kasaragod,7.91,103,0,0.0,31483,108,0.34,2416.94,8.29,2.42,1302600,52.36,-2.15,208.59,-1.76
2021-03-23,Kerala,Kasaragod,9.83,128,1,0.08,31380,108,0.34,2409.03,8.29,2.41,1302600,54.51,3.84,210.35,-0.92
2021-03-22,Kerala,Kasaragod,3.38,44,1,0.08,31252,107,0.34,2399.2,8.21,2.4,1302600,50.67,1.15,211.27,-3.22
2021-03-21,Kerala,Kasaragod,6.06,79,0,0.0,31208,106,0.34,2395.82,8.14,2.4,1302600,49.52,1.07,214.49,-1.62
2021-03-20,Kerala,Kasaragod,9.14,119,0,0.0,31129,106,0.34,2389.76,8.14,2.39,1302600,48.45,2.69,216.11,-0.38
2021-03-19,Kerala,Kasaragod,8.06,105,0,0.0,31010,106,0.34,2380.62,8.14,2.38,1302600,45.76,2.99,216.49,2.46
2021-03-18,Kerala,Kasaragod,7.98,104,0,0.0,30905,106,0.34,2372.56,8.14,2.37,1302600,42.77,-1.0,214.03,-5.53
2021-03-17,Kerala,Kasaragod,10.06,131,1,0.08,30801,106,0.34,2364.58,8.14,2.36,1302600,43.77,0.77,219.56,4.46
2021-03-16,Kerala,Kasaragod,5.99,78,0,0.0,30670,105,0.34,2354.52,8.06,2.35,1302600,43.0,0.39,215.1,-3.68
2021-03-15,Kerala,Kasaragod,2.23,29,2,0.15,30592,105,0.34,2348.53,8.06,2.35,1302600,42.61,-1.45,218.78,-1.15
2021-03-14,Kerala,Kasaragod,4.99,65,2,0.15,30563,103,0.34,2346.31,7.91,2.35,1302600,44.06,-2.46,219.93,-0.54
2021-03-13,Kerala,Kasaragod,6.45,84,1,0.08,30498,101,0.33,2341.32,7.75,2.34,1302600,46.52,-0.38,220.47,-3.76
2021-03-12,Kerala,Kasaragod,5.07,66,2,0.15,30414,100,0.33,2334.87,7.68,2.33,1302600,46.9,-4.53,224.23,-6.14
2021-03-11,Kerala,Kasaragod,8.98,117,0,0.0,30348,98,0.32,2329.8,7.52,2.33,1302600,51.43,-0.31,230.37,1.15
2021-03-10,Kerala,Kasaragod,9.29,121,0,0.0,30231,98,0.32,2320.82,7.52,2.32,1302600,51.74,0.92,229.22,3.84
2021-03-09,Kerala,Kasaragod,5.6,73,1,0.08,30110,98,0.33,2311.53,7.52,2.31,1302600,50.82,-0.54,225.38,-3.0
2021-03-08,Kerala,Kasaragod,3.68,48,0,0.0,30037,97,0.32,2305.93,7.45,2.31,1302600,51.36,-1.77,228.38,0.92
2021-03-07,Kerala,Kasaragod,7.45,97,0,0.0,29989,97,0.32,2302.24,7.45,2.3,1302600,53.13,-1.99,227.46,0.77
2021-03-06,Kerala,Kasaragod,6.83,89,0,0.0,29892,97,0.32,2294.8,7.45,2.29,1302600,55.12,-4.53,226.69,2.07
2021-03-05,Kerala,Kasaragod,9.6,125,0,0.0,29803,97,0.33,2287.96,7.45,2.29,1302600,59.65,0.46,224.62,2.0
2021-03-04,Kerala,Kasaragod,9.29,121,0,0.0,29678,97,0.33,2278.37,7.45,2.28,1302600,59.19,-1.53,222.62,1.92
2021-03-03,Kerala,Kasaragod,8.37,109,0,0.0,29557,97,0.33,2269.08,7.45,2.27,1302600,60.72,-1.3,220.7,1.23
2021-03-02,Kerala,Kasaragod,6.14,80,0,0.0,29448,97,0.33,2260.71,7.45,2.26,1302600,62.02,-4.61,219.47,-0.23
2021-03-01,Kerala,Kasaragod,5.45,71,0,0.0,29368,97,0.33,2254.57,7.45,2.25,1302600,66.63,-1.15,219.7,2.3
2021-02-28,Kerala,Kasaragod,9.44,123,1,0.08,29297,97,0.33,2249.12,7.45,2.25,1302600,67.78,1.76,217.4,4.07
2021-02-27,Kerala,Kasaragod,11.36,148,0,0.0,29174,96,0.33,2239.67,7.37,2.24,1302600,66.02,1.84,213.33,3.53
2021-02-26,Kerala,Kasaragod,9.14,119,0,0.0,29026,96,0.33,2228.31,7.37,2.23,1302600,64.18,3.54,209.8,-0.07
2021-02-25,Kerala,Kasaragod,10.82,141,0,0.0,28907,96,0.33,2219.18,7.37,2.22,1302600,60.64,-2.69,209.87,4.37
2021-02-24,Kerala,Kasaragod,9.67,126,0,0.0,28766,96,0.33,2208.35,7.37,2.21,1302600,63.33,4.07,205.5,3.22
2021-02-23,Kerala,Kasaragod,10.75,140,1,0.08,28640,96,0.34,2198.68,7.37,2.2,1302600,59.26,1.08,202.28,4.22
2021-02-22,Kerala,Kasaragod,6.6,86,0,0.0,28500,95,0.33,2187.93,7.29,2.19,1302600,58.18,3.22,198.06,3.38
2021-02-21,Kerala,Kasaragod,7.68,100,0,0.0,28414,95,0.33,2181.33,7.29,2.18,1302600,54.96,2.15,194.68,-1.84
2021-02-20,Kerala,Kasaragod,9.52,124,0,0.0,28314,95,0.34,2173.65,7.29,2.17,1302600,52.81,-0.69,196.52,2.84
2021-02-19,Kerala,Kasaragod,5.6,73,0,0.0,28190,95,0.34,2164.13,7.29,2.16,1302600,53.5,-5.61,193.68,0.46
2021-02-18,Kerala,Kasaragod,13.51,176,0,0.0,28117,95,0.34,2158.53,7.29,2.16,1302600,59.11,5.68,193.22,6.83
2021-02-17,Kerala,Kasaragod,5.6,73,0,0.0,27941,95,0.34,2145.02,7.29,2.15,1302600,53.43,0.15,186.39,0.69
2021-02-16,Kerala,Kasaragod,9.67,126,0,0.0,27868,95,0.34,2139.41,7.29,2.14,1302600,53.28,1.07,185.7,4.83
2021-02-15,Kerala,Kasaragod,3.38,44,0,0.0,27742,95,0.34,2129.74,7.29,2.13,1302600,52.21,0.62,180.87,0.69
2021-02-14,Kerala,Kasaragod,5.53,72,0,0.0,27698,95,0.34,2126.36,7.29,2.13,1302600,51.59,-1.15,180.18,-0.53
2021-02-13,Kerala,Kasaragod,10.21,133,0,0.0,27626,95,0.34,2120.84,7.29,2.12,1302600,52.74,5.45,180.71,3.15
2021-02-12,Kerala,Kasaragod,11.21,146,1,0.08,27493,95,0.35,2110.62,7.29,2.11,1302600,47.29,3.61,177.56,3.76
2021-02-11,Kerala,Kasaragod,7.83,102,0,0.0,27347,94,0.34,2099.42,7.22,2.1,1302600,43.68,0.46,173.8,2.3
2021-02-10,Kerala,Kasaragod,5.45,71,0,0.0,27245,94,0.35,2091.59,7.22,2.09,1302600,43.22,-1.69,171.5,-1.61
2021-02-09,Kerala,Kasaragod,8.6,112,0,0.0,27174,94,0.35,2086.14,7.22,2.09,1302600,44.91,2.23,173.11,4.15
2021-02-08,Kerala,Kasaragod,2.76,36,0,0.0,27062,94,0.35,2077.54,7.22,2.08,1302600,42.68,-0.39,168.96,-0.92
2021-02-07,Kerala,Kasaragod,6.68,87,0,0.0,27026,94,0.35,2074.77,7.22,2.07,1302600,43.07,1.31,169.88,3.38
2021-02-06,Kerala,Kasaragod,4.76,62,0,0.0,26939,94,0.35,2068.09,7.22,2.07,1302600,41.76,-3.07,166.5,-2.38
2021-02-05,Kerala,Kasaragod,7.6,99,0,0.0,26877,94,0.35,2063.33,7.22,2.06,1302600,44.83,-1.61,168.88,2.61
2021-02-04,Kerala,Kasaragod,7.37,96,0,0.0,26778,94,0.35,2055.73,7.22,2.06,1302600,46.44,0.92,166.27,0.77
2021-02-03,Kerala,Kasaragod,7.14,93,0,0.0,26682,94,0.35,2048.36,7.22,2.05,1302600,45.52,0.69,165.5,1.23
2021-02-02,Kerala,Kasaragod,6.37,83,0,0.0,26589,94,0.35,2041.23,7.22,2.04,1302600,44.83,-0.16,164.27,1.92
2021-02-01,Kerala,Kasaragod,3.15,41,0,0.0,26506,94,0.35,2034.85,7.22,2.03,1302600,44.99,-0.07,162.35,1.08
2021-01-31,Kerala,Kasaragod,5.37,70,0,0.0,26465,94,0.36,2031.71,7.22,2.03,1302600,45.06,-4.15,161.27,2.22
2021-01-30,Kerala,Kasaragod,7.83,102,0,0.0,26395,94,0.36,2026.33,7.22,2.03,1302600,49.21,1.15,159.05,1.46
2021-01-29,Kerala,Kasaragod,9.21,120,0,0.0,26293,94,0.36,2018.5,7.22,2.02,1302600,48.06,4.07,157.59,3.07
2021-01-28,Kerala,Kasaragod,6.45,84,0,0.0,26173,94,0.36,2009.29,7.22,2.01,1302600,43.99,-0.23,154.52,-0.92
2021-01-27,Kerala,Kasaragod,6.45,84,0,0.0,26089,94,0.36,2002.84,7.22,2.0,1302600,44.22,1.54,155.44,0.69
2021-01-26,Kerala,Kasaragod,6.53,85,0,0.0,26005,94,0.36,1996.39,7.22,2.0,1302600,42.68,1.69,154.75,2.0
2021-01-25,Kerala,Kasaragod,3.22,42,1,0.08,25920,94,0.36,1989.87,7.22,1.99,1302600,40.99,0.53,152.75,0.38
2021-01-24,Kerala,Kasaragod,9.52,124,0,0.0,25878,93,0.36,1986.64,7.14,1.99,1302600,40.46,3.46,152.37,6.68
2021-01-23,Kerala,Kasaragod,6.68,87,0,0.0,25754,93,0.36,1977.12,7.14,1.98,1302600,37.0,-0.38,145.69,2.69
2021-01-22,Kerala,Kasaragod,5.14,67,0,0.0,25667,93,0.36,1970.44,7.14,1.97,1302600,37.38,-2.31,143.0,0.84
2021-01-21,Kerala,Kasaragod,6.68,87,1,0.08,25600,93,0.36,1965.3,7.14,1.97,1302600,39.69,1.15,142.16,0.23
2021-01-20,Kerala,Kasaragod,4.91,64,0,0.0,25513,92,0.36,1958.62,7.06,1.96,1302600,38.54,-2.15,141.93,-0.31
2021-01-19,Kerala,Kasaragod,4.84,63,1,0.08,25449,92,0.36,1953.71,7.06,1.95,1302600,40.69,0.39,142.24,-0.69
2021-01-18,Kerala,Kasaragod,2.69,35,0,0.0,25386,91,0.36,1948.87,6.99,1.95,1302600,40.3,-0.99,142.93,-0.61
2021-01-17,Kerala,Kasaragod,6.06,79,0,0.0,25351,91,0.36,1946.18,6.99,1.95,1302600,41.29,2.76,143.54,-1.16
2021-01-16,Kerala,Kasaragod,7.06,92,0,0.0,25272,91,0.36,1940.12,6.99,1.94,1302600,38.53,-0.08,144.7,-2.08
2021-01-15,Kerala,Kasaragod,7.45,97,1,0.08,25180,91,0.36,1933.06,6.99,1.93,1302600,38.61,2.46,146.78,1.46
2021-01-14,Kerala,Kasaragod,5.53,72,0,0.0,25083,90,0.36,1925.61,6.91,1.93,1302600,36.15,-1.07,145.32,-1.53
2021-01-13,Kerala,Kasaragod,7.06,92,0,0.0,25011,90,0.36,1920.08,6.91,1.92,1302600,37.22,1.15,146.85,2.45
2021-01-12,Kerala,Kasaragod,4.45,58,1,0.08,24919,90,0.36,1913.02,6.91,1.91,1302600,36.07,0.0,144.4,2.91
2021-01-11,Kerala,Kasaragod,3.68,48,0,0.0,24861,89,0.36,1908.57,6.83,1.91,1302600,36.07,1.61,141.49,2.53
2021-01-10,Kerala,Kasaragod,3.3,43,1,0.08,24813,89,0.36,1904.88,6.83,1.9,1302600,34.46,0.15,138.96,-2.38
2021-01-09,Kerala,Kasaragod,7.14,93,0,0.0,24770,88,0.36,1901.58,6.76,1.9,1302600,34.31,0.77,141.34,2.53
2021-01-08,Kerala,Kasaragod,4.99,65,0,0.0,24677,88,0.36,1894.44,6.76,1.89,1302600,33.54,-1.15,138.81,-0.46
2021-01-07,Kerala,Kasaragod,6.6,86,0,0.0,24612,88,0.36,1889.45,6.76,1.89,1302600,34.69,-0.77,139.27,-1.84
2021-01-06,Kerala,Kasaragod,5.91,77,0,0.0,24526,88,0.36,1882.85,6.76,1.88,1302600,35.46,0.15,141.11,1.92
2021-01-05,Kerala,Kasaragod,4.45,58,0,0.0,24449,88,0.36,1876.94,6.76,1.88,1302600,35.31,-0.08,139.19,-1.61
2021-01-04,Kerala,Kasaragod,2.07,27,2,0.15,24391,88,0.36,1872.49,6.76,1.87,1302600,35.39,-0.77,140.8,-1.31
2021-01-03,Kerala,Kasaragod,3.15,41,0,0.0,24364,86,0.35,1870.41,6.6,1.87,1302600,36.16,0.31,142.11,-2.61
2021-01-02,Kerala,Kasaragod,6.37,83,1,0.08,24323,86,0.35,1867.27,6.6,1.87,1302600,35.85,2.38,144.72,-2.23
2021-01-01,Kerala,Kasaragod,6.14,80,0,0.0,24240,85,0.35,1860.89,6.53,1.86,1302600,33.47,1.84,146.95,-5.07
2020-12-31,Kerala,Kasaragod,7.37,96,0,0.0,24160,85,0.35,1854.75,6.53,1.85,1302600,31.63,0.92,152.02,0.46
2020-12-30,Kerala,Kasaragod,5.76,75,0,0.0,24064,85,0.35,1847.38,6.53,1.85,1302600,30.71,0.54,151.56,-2.53
2020-12-29,Kerala,Kasaragod,4.53,59,0,0.0,23989,85,0.35,1841.62,6.53,1.84,1302600,30.17,-1.0,154.09,-1.84
2020-12-28,Kerala,Kasaragod,2.84,37,1,0.08,23930,85,0.36,1837.1,6.53,1.84,1302600,31.17,-0.46,155.93,-3.76
2020-12-27,Kerala,Kasaragod,2.84,37,0,0.0,23893,84,0.35,1834.25,6.45,1.83,1302600,31.63,-4.38,159.69,-6.53
2020-12-26,Kerala,Kasaragod,3.99,52,0,0.0,23856,84,0.35,1831.41,6.45,1.83,1302600,36.01,-5.15,166.22,-6.53
2020-12-25,Kerala,Kasaragod,4.3,56,0,0.0,23804,84,0.35,1827.42,6.45,1.83,1302600,41.16,-1.69,172.75,-3.07
2020-12-24,Kerala,Kasaragod,6.45,84,0,0.0,23748,84,0.35,1823.12,6.45,1.82,1302600,42.85,-0.61,175.82,-0.15
2020-12-23,Kerala,Kasaragod,5.22,68,2,0.15,23664,84,0.35,1816.67,6.45,1.82,1302600,43.46,0.61,175.97,-2.69
2020-12-22,Kerala,Kasaragod,5.53,72,0,0.0,23596,82,0.35,1811.45,6.3,1.81,1302600,42.85,3.99,178.66,-2.07
2020-12-21,Kerala,Kasaragod,3.3,43,0,0.0,23524,82,0.35,1805.93,6.3,1.81,1302600,38.86,2.15,180.73,0.84
2020-12-20,Kerala,Kasaragod,7.22,94,0,0.0,23481,82,0.35,1802.63,6.3,1.8,1302600,36.71,1.54,179.89,1.0
2020-12-19,Kerala,Kasaragod,9.14,119,0,0.0,23387,82,0.35,1795.41,6.3,1.8,1302600,35.17,4.53,178.89,1.16
2020-12-18,Kerala,Kasaragod,5.99,78,1,0.08,23268,82,0.35,1786.27,6.3,1.79,1302600,30.64,0.54,177.73,-4.6
2020-12-17,Kerala,Kasaragod,7.06,92,0,0.0,23190,81,0.35,1780.29,6.22,1.78,1302600,30.1,-1.38,182.33,-4.07
2020-12-16,Kerala,Kasaragod,4.61,60,1,0.08,23098,81,0.35,1773.22,6.22,1.77,1302600,31.48,0.62,186.4,-3.76
2020-12-15,Kerala,Kasaragod,1.54,20,0,0.0,23038,80,0.35,1768.62,6.14,1.77,1302600,30.86,-4.52,190.16,-5.83
2020-12-14,Kerala,Kasaragod,1.15,15,0,0.0,23018,80,0.35,1767.08,6.14,1.77,1302600,35.38,-2.23,195.99,-3.76
2020-12-13,Kerala,Kasaragod,5.68,74,1,0.08,23003,80,0.35,1765.93,6.14,1.77,1302600,37.61,-0.08,199.75,0.92
2020-12-12,Kerala,Kasaragod,4.61,60,0,0.0,22929,79,0.34,1760.25,6.06,1.76,1302600,37.69,-3.99,198.83,-6.06
2020-12-11,Kerala,Kasaragod,5.45,71,0,0.0,22869,79,0.35,1755.64,6.06,1.76,1302600,41.68,-5.76,204.89,-0.77
2020-12-10,Kerala,Kasaragod,8.44,110,0,0.0,22798,79,0.35,1750.19,6.06,1.75,1302600,47.44,1.53,205.66,0.15
2020-12-09,Kerala,Kasaragod,3.99,52,0,0.0,22688,79,0.35,1741.75,6.06,1.74,1302600,45.91,-4.3,205.51,-6.83
2020-12-08,Kerala,Kasaragod,6.06,79,1,0.08,22636,79,0.35,1737.76,6.06,1.74,1302600,50.21,-0.31,212.34,-0.16
2020-12-07,Kerala,Kasaragod,3.38,44,0,0.0,22557,78,0.35,1731.69,5.99,1.73,1302600,50.52,-3.22,212.5,-2.38
2020-12-06,Kerala,Kasaragod,5.76,75,2,0.15,22513,78,0.35,1728.31,5.99,1.73,1302600,53.74,-3.61,214.88,-6.45
2020-12-05,Kerala,Kasaragod,8.6,112,0,0.0,22438,76,0.34,1722.55,5.83,1.72,1302600,57.35,-1.92,221.33,1.38
2020-12-04,Kerala,Kasaragod,11.21,146,0,0.0,22326,76,0.34,1713.96,5.83,1.71,1302600,59.27,3.84,219.95,0.69
2020-12-03,Kerala,Kasaragod,6.91,90,0,0.0,22180,76,0.34,1702.75,5.83,1.7,1302600,55.43,0.31,219.26,-4.99
2020-12-02,Kerala,Kasaragod,8.29,108,0,0.0,22090,76,0.34,1695.84,5.83,1.7,1302600,55.12,0.38,224.25,-5.68
2020-12-01,Kerala,Kasaragod,6.37,83,0,0.0,21982,76,0.35,1687.55,5.83,1.69,1302600,54.74,-1.23,229.93,-4.92
2020-11-30,Kerala,Kasaragod,6.6,86,0,0.0,21899,76,0.35,1681.18,5.83,1.68,1302600,55.97,4.14,234.85,2.15
2020-11-29,Kerala,Kasaragod,9.37,122,0,0.0,21813,76,0.35,1674.57,5.83,1.67,1302600,51.83,3.15,232.7,-1.61
2020-11-28,Kerala,Kasaragod,10.52,137,0,0.0,21691,76,0.35,1665.21,5.83,1.67,1302600,48.68,2.54,234.31,-1.46
2020-11-27,Kerala,Kasaragod,7.37,96,0,0.0,21554,76,0.35,1654.69,5.83,1.65,1302600,46.14,-3.22,235.77,-2.84
2020-11-26,Kerala,Kasaragod,6.6,86,0,0.0,21458,76,0.35,1647.32,5.83,1.65,1302600,49.36,-4.53,238.61,-7.76
2020-11-25,Kerala,Kasaragod,7.91,103,0,0.0,21372,76,0.36,1640.72,5.83,1.64,1302600,53.89,-0.46,246.37,-7.67
2020-11-24,Kerala,Kasaragod,7.6,99,0,0.0,21269,76,0.36,1632.81,5.83,1.63,1302600,54.35,0.23,254.04,2.61
2020-11-23,Kerala,Kasaragod,2.46,32,1,0.08,21170,76,0.36,1625.21,5.83,1.63,1302600,54.12,-2.45,251.43,-2.45
2020-11-22,Kerala,Kasaragod,6.22,81,0,0.0,21138,75,0.35,1622.75,5.76,1.62,1302600,56.57,1.46,253.88,-4.3
2020-11-21,Kerala,Kasaragod,7.98,104,0,0.0,21057,75,0.36,1616.54,5.76,1.62,1302600,55.11,-2.69,258.18,-7.37
2020-11-20,Kerala,Kasaragod,10.59,138,0,0.0,20953,75,0.36,1608.55,5.76,1.61,1302600,57.8,4.37,265.55,-3.92
2020-11-19,Kerala,Kasaragod,11.13,145,0,0.0,20815,75,0.36,1597.96,5.76,1.6,1302600,53.43,2.84,269.47,-5.45
2020-11-18,Kerala,Kasaragod,8.37,109,0,0.0,20670,75,0.36,1586.83,5.76,1.59,1302600,50.59,-2.45,274.92,-6.98
2020-11-17,Kerala,Kasaragod,7.37,96,1,0.08,20561,75,0.36,1578.46,5.76,1.58,1302600,53.04,1.15,281.9,-3.76
2020-11-16,Kerala,Kasaragod,4.91,64,0,0.0,20465,74,0.36,1571.09,5.68,1.57,1302600,51.89,-0.85,285.66,-4.3
2020-11-15,Kerala,Kasaragod,4.76,62,0,0.0,20401,74,0.36,1566.18,5.68,1.57,1302600,52.74,-7.45,289.96,-14.51
2020-11-14,Kerala,Kasaragod,10.67,139,0,0.0,20339,74,0.36,1561.42,5.68,1.56,1302600,60.19,3.45,304.47,-10.83
2020-11-13,Kerala,Kasaragod,6.22,81,0,0.0,20200,74,0.37,1550.74,5.68,1.55,1302600,56.74,-4.3,315.3,-11.74
2020-11-12,Kerala,Kasaragod,8.29,108,0,0.0,20119,74,0.37,1544.53,5.68,1.54,1302600,61.04,-3.61,327.04,-15.59
2020-11-11,Kerala,Kasaragod,10.82,141,2,0.15,20011,74,0.37,1536.24,5.68,1.54,1302600,64.65,-3.15,342.63,-6.38
2020-11-10,Kerala,Kasaragod,6.22,81,0,0.0,19870,72,0.36,1525.41,5.53,1.53,1302600,67.8,-5.07,349.01,-18.58
2020-11-09,Kerala,Kasaragod,5.76,75,0,0.0,19789,72,0.36,1519.19,5.53,1.52,1302600,72.87,1.31,367.59,-16.89
2020-11-08,Kerala,Kasaragod,12.21,159,0,0.0,19714,72,0.37,1513.43,5.53,1.51,1302600,71.56,1.23,384.48,-6.37
2020-11-07,Kerala,Kasaragod,7.22,94,0,0.0,19555,72,0.37,1501.23,5.53,1.5,1302600,70.33,-4.76,390.85,-34.16
2020-11-06,Kerala,Kasaragod,10.52,137,0,0.0,19461,72,0.37,1494.01,5.53,1.49,1302600,75.09,0.31,425.01,-17.58
2020-11-05,Kerala,Kasaragod,11.9,155,0,0.0,19324,72,0.37,1483.49,5.53,1.48,1302600,74.78,-2.46,442.59,-6.22
2020-11-04,Kerala,Kasaragod,13.97,182,1,0.08,19169,72,0.38,1471.6,5.53,1.47,1302600,77.24,-1.61,448.81,-19.19
2020-11-03,Kerala,Kasaragod,11.29,147,1,0.08,18987,71,0.37,1457.62,5.45,1.46,1302600,78.85,6.3,468.0,-20.65
2020-11-02,Kerala,Kasaragod,4.45,58,0,0.0,18840,70,0.37,1446.34,5.37,1.45,1302600,72.55,-0.46,488.65,-11.44
2020-11-01,Kerala,Kasaragod,10.98,143,0,0.0,18782,70,0.37,1441.89,5.37,1.44,1302600,73.01,0.46,500.09,-10.36
2020-10-31,Kerala,Kasaragod,11.98,156,0,0.0,18639,70,0.38,1430.91,5.37,1.43,1302600,72.55,-3.37,510.45,-7.75
2020-10-30,Kerala,Kasaragod,10.21,133,0,0.0,18483,70,0.38,1418.93,5.37,1.42,1302600,75.92,-4.3,518.2,-26.33
2020-10-29,Kerala,Kasaragod,14.36,187,0,0.0,18350,70,0.38,1408.72,5.37,1.41,1302600,80.22,-2.22,544.53,-21.8
2020-10-28,Kerala,Kasaragod,15.58,203,0,0.0,18163,70,0.39,1394.37,5.37,1.39,1302600,82.44,0.23,566.33,-9.06
2020-10-27,Kerala,Kasaragod,4.99,65,1,0.08,17960,70,0.39,1378.78,5.37,1.38,1302600,82.21,-6.14,575.39,-29.79
2020-10-26,Kerala,Kasaragod,4.91,64,2,0.15,17895,69,0.39,1373.79,5.3,1.37,1302600,88.35,-4.3,605.18,-4.46
2020-10-25,Kerala,Kasaragod,10.52,137,0,0.0,17831,67,0.38,1368.88,5.14,1.37,1302600,92.65,-8.75,609.64,-8.83
2020-10-24,Kerala,Kasaragod,15.35,200,1,0.08,17694,67,0.38,1358.36,5.14,1.36,1302600,101.4,-6.15,618.47,-1.85
2020-10-23,Kerala,Kasaragod,14.51,189,0,0.0,17494,66,0.38,1343.01,5.07,1.34,1302600,107.55,-3.45,620.32,-6.06
2020-10-22,Kerala,Kasaragod,16.58,216,0,0.0,17305,66,0.38,1328.5,5.07,1.33,1302600,111.0,-7.3,626.38,-6.45
2020-10-21,Kerala,Kasaragod,15.35,200,0,0.0,17089,66,0.39,1311.91,5.07,1.31,1302600,118.3,-1.85,632.83,4.91
2020-10-20,Kerala,Kasaragod,11.13,145,0,0.0,16889,66,0.39,1296.56,5.07,1.3,1302600,120.15,-13.67,627.92,-3.99
2020-10-19,Kerala,Kasaragod,9.21,120,1,0.08,16744,66,0.39,1285.43,5.07,1.29,1302600,133.82,-13.44,631.91,0.77
2020-10-18,Kerala,Kasaragod,19.27,251,0,0.0,16624,65,0.39,1276.22,4.99,1.28,1302600,147.26,0.69,631.14,3.3
2020-10-17,Kerala,Kasaragod,21.5,280,0,0.0,16373,65,0.4,1256.95,4.99,1.26,1302600,146.57,-19.88,627.84,6.84
2020-10-16,Kerala,Kasaragod,17.96,234,0,0.0,16093,65,0.4,1235.45,4.99,1.24,1302600,166.45,-10.14,621.0,6.83
2020-10-15,Kerala,Kasaragod,23.88,311,0,0.0,15859,65,0.41,1217.49,4.99,1.22,1302600,176.59,5.76,614.17,-0.61
2020-10-14,Kerala,Kasaragod,17.2,224,0,0.0,15548,65,0.42,1193.61,4.99,1.19,1302600,170.83,-15.96,614.78,8.06
2020-10-13,Kerala,Kasaragod,24.8,323,1,0.08,15324,65,0.42,1176.42,4.99,1.18,1302600,186.79,-7.14,606.72,11.6
2020-10-12,Kerala,Kasaragod,22.65,295,0,0.0,15001,64,0.43,1151.62,4.91,1.15,1302600,193.93,6.76,595.12,18.35
2020-10-11,Kerala,Kasaragod,18.58,242,2,0.15,14706,64,0.44,1128.97,4.91,1.13,1302600,187.17,-2.76,576.77,9.06
2020-10-10,Kerala,Kasaragod,41.38,539,0,0.0,14464,62,0.43,1110.39,4.76,1.11,1302600,189.93,21.65,567.71,29.86
2020-10-09,Kerala,Kasaragod,28.1,366,1,0.08,13925,62,0.45,1069.02,4.76,1.07,1302600,168.28,-8.44,537.85,20.27
2020-10-08,Kerala,Kasaragod,18.12,236,2,0.15,13559,61,0.45,1040.92,4.68,1.04,1302600,176.72,-18.04,517.58,7.37
2020-10-07,Kerala,Kasaragod,33.16,432,0,0.0,13323,59,0.44,1022.8,4.53,1.02,1302600,194.76,8.52,510.21,12.43
2020-10-06,Kerala,Kasaragod,31.94,416,1,0.08,12891,59,0.46,989.64,4.53,0.99,1302600,186.24,-2.84,497.78,19.2
2020-10-05,Kerala,Kasaragod,15.89,207,0,0.0,12475,58,0.46,957.7,4.45,0.96,1302600,189.08,6.52,478.58,5.6
2020-10-04,Kerala,Kasaragod,21.34,278,0,0.0,12268,58,0.47,941.81,4.45,0.94,1302600,182.56,1.99,472.98,4.6
2020-10-03,Kerala,Kasaragod,19.73,257,1,0.08,11990,58,0.48,920.47,4.45,0.92,1302600,180.57,2.53,468.38,-1.46
2020-10-02,Kerala,Kasaragod,36.54,476,0,0.0,11733,57,0.49,900.74,4.38,0.9,1302600,178.04,15.97,469.84,18.42
2020-10-01,Kerala,Kasaragod,36.16,471,3,0.23,11257,57,0.51,864.19,4.38,0.86,1302600,162.07,13.13,451.42,25.95
2020-09-30,Kerala,Kasaragod,24.64,321,1,0.08,10786,54,0.5,828.04,4.15,0.83,1302600,148.94,14.2,425.47,17.88
2020-09-29,Kerala,Kasaragod,34.78,453,0,0.0,10465,53,0.51,803.39,4.07,0.8,1302600,134.74,19.66,407.59,33.63
2020-09-28,Kerala,Kasaragod,9.37,122,4,0.31,10012,53,0.53,768.62,4.07,0.77,1302600,115.08,0.93,373.96,1.46
2020-09-27,Kerala,Kasaragod,19.35,252,1,0.08,9890,49,0.5,759.25,3.76,0.76,1302600,114.15,3.38,372.5,7.14
2020-09-26,Kerala,Kasaragod,17.2,224,6,0.46,9638,48,0.5,739.9,3.68,0.74,1302600,110.77,2.54,365.36,2.0
2020-09-25,Kerala,Kasaragod,20.57,268,0,0.0,9414,42,0.45,722.71,3.22,0.72,1302600,108.23,9.44,363.36,8.52
2020-09-24,Kerala,Kasaragod,23.03,300,0,0.0,9146,42,0.46,702.13,3.22,0.7,1302600,98.79,-1.46,354.84,5.3
2020-09-23,Kerala,Kasaragod,10.44,136,0,0.0,8846,42,0.47,679.1,3.22,0.68,1302600,100.25,1.3,349.54,2.69
2020-09-22,Kerala,Kasaragod,15.12,197,0,0.0,8710,42,0.48,668.66,3.22,0.67,1302600,98.95,1.92,346.85,7.52
2020-09-21,Kerala,Kasaragod,8.44,110,0,0.0,8513,42,0.49,653.54,3.22,0.65,1302600,97.03,4.14,339.33,-0.62
2020-09-20,Kerala,Kasaragod,15.97,208,1,0.08,8403,42,0.5,645.09,3.22,0.65,1302600,92.89,6.45,339.95,9.44
2020-09-19,Kerala,Kasaragod,14.66,191,2,0.15,8195,41,0.5,629.13,3.15,0.63,1302600,86.44,3.14,330.51,5.52
2020-09-18,Kerala,Kasaragod,11.13,145,1,0.08,8004,39,0.49,614.46,2.99,0.61,1302600,83.3,3.3,324.99,3.07
2020-09-17,Kerala,Kasaragod,24.49,319,0,0.0,7859,38,0.48,603.33,2.92,0.6,1302600,80.0,13.74,321.92,17.5
2020-09-16,Kerala,Kasaragod,9.14,119,0,0.0,7540,38,0.5,578.84,2.92,0.58,1302600,66.26,-11.59,304.42,-4.22
2020-09-15,Kerala,Kasaragod,13.2,172,0,0.0,7421,38,0.51,569.71,2.92,0.57,1302600,77.85,0.46,308.64,9.98
2020-09-14,Kerala,Kasaragod,4.3,56,1,0.08,7249,38,0.52,556.5,2.92,0.56,1302600,77.39,-5.99,298.66,-3.15
2020-09-13,Kerala,Kasaragod,9.52,124,0,0.0,7193,37,0.51,552.2,2.84,0.55,1302600,83.38,-7.22,301.81,5.84
2020-09-12,Kerala,Kasaragod,11.52,150,0,0.0,7069,37,0.52,542.68,2.84,0.54,1302600,90.6,-9.67,295.97,5.3
2020-09-11,Kerala,Kasaragod,7.83,102,0,0.0,6919,37,0.53,531.17,2.84,0.53,1302600,100.27,-10.29,290.67,4.07
2020-09-10,Kerala,Kasaragod,10.75,140,1,0.08,6817,37,0.54,523.34,2.84,0.52,1302600,110.56,0.54,286.6,4.69
2020-09-09,Kerala,Kasaragod,20.73,270,4,0.31,6677,36,0.54,512.59,2.76,0.51,1302600,110.02,13.97,281.91,15.51
2020-09-08,Kerala,Kasaragod,12.74,166,0,0.0,6407,32,0.5,491.86,2.46,0.49,1302600,96.05,11.59,266.4,1.45
2020-09-07,Kerala,Kasaragod,10.29,134,0,0.0,6241,32,0.51,479.12,2.46,0.48,1302600,84.46,2.38,264.95,-0.92
2020-09-06,Kerala,Kasaragod,16.74,218,1,0.08,6107,32,0.52,468.83,2.46,0.47,1302600,82.08,4.53,265.87,12.44
2020-09-05,Kerala,Kasaragod,21.19,276,1,0.08,5889,31,0.53,452.1,2.38,0.45,1302600,77.55,5.99,253.43,15.59
2020-09-04,Kerala,Kasaragod,18.12,236,1,0.08,5613,30,0.53,430.91,2.3,0.43,1302600,71.56,6.07,237.84,5.22
2020-09-03,Kerala,Kasaragod,10.21,133,0,0.0,5377,29,0.54,412.79,2.23,0.41,1302600,65.49,-7.52,232.62,-1.54
2020-09-02,Kerala,Kasaragod,6.76,88,1,0.08,5244,29,0.55,402.58,2.23,0.4,1302600,73.01,-0.99,234.16,-3.07
2020-09-01,Kerala,Kasaragod,1.15,15,2,0.15,5156,28,0.54,395.82,2.15,0.4,1302600,74.0,-6.45,237.23,-5.84
2020-08-31,Kerala,Kasaragod,7.91,103,0,0.0,5141,26,0.51,394.67,2.0,0.39,1302600,80.45,-1.15,243.07,2.84
2020-08-30,Kerala,Kasaragod,12.21,159,1,0.08,5038,26,0.52,386.76,2.0,0.39,1302600,81.6,5.68,240.23,3.54
2020-08-29,Kerala,Kasaragod,15.2,198,1,0.08,4879,25,0.51,374.56,1.92,0.37,1302600,75.92,6.06,236.69,3.45
2020-08-28,Kerala,Kasaragod,12.05,157,0,0.0,4681,24,0.51,359.36,1.84,0.36,1302600,69.86,3.99,233.24,8.06
2020-08-27,Kerala,Kasaragod,17.73,231,0,0.0,4524,24,0.53,347.31,1.84,0.35,1302600,65.87,10.74,225.18,15.58
2020-08-26,Kerala,Kasaragod,7.75,101,0,0.0,4293,24,0.56,329.57,1.84,0.33,1302600,55.13,-5.61,209.6,3.99
2020-08-25,Kerala,Kasaragod,7.6,99,0,0.0,4192,24,0.57,321.82,1.84,0.32,1302600,60.74,4.38,205.61,4.68
2020-08-24,Kerala,Kasaragod,9.06,118,3,0.23,4093,24,0.59,314.22,1.84,0.31,1302600,56.36,1.61,200.93,6.14
2020-08-23,Kerala,Kasaragod,6.53,85,0,0.0,3975,21,0.53,305.16,1.61,0.31,1302600,54.75,2.85,194.79,-1.68
2020-08-22,Kerala,Kasaragod,9.14,119,0,0.0,3890,21,0.54,298.63,1.61,0.3,1302600,51.9,2.92,196.47,1.08
2020-08-21,Kerala,Kasaragod,8.06,105,0,0.0,3771,21,0.56,289.5,1.61,0.29,1302600,48.98,4.3,195.39,-0.08
2020-08-20,Kerala,Kasaragod,6.99,91,0,0.0,3666,21,0.57,281.44,1.61,0.28,1302600,44.68,0.93,195.47,3.38
2020-08-19,Kerala,Kasaragod,13.36,174,0,0.0,3575,21,0.59,274.45,1.61,0.27,1302600,43.75,8.14,192.09,5.61
2020-08-18,Kerala,Kasaragod,3.22,42,0,0.0,3401,21,0.62,261.09,1.61,0.26,1302600,35.61,-8.07,186.48,0.15
2020-08-17,Kerala,Kasaragod,7.45,97,5,0.38,3359,21,0.63,257.87,1.61,0.26,1302600,43.68,-3.76,186.33,5.3
2020-08-16,Kerala,Kasaragod,3.68,48,0,0.0,3262,16,0.49,250.42,1.23,0.25,1302600,47.44,-0.62,181.03,-0.7
2020-08-15,Kerala,Kasaragod,6.22,81,1,0.08,3214,16,0.5,246.74,1.23,0.25,1302600,48.06,0.62,181.73,3.99
2020-08-14,Kerala,Kasaragod,3.76,49,0,0.0,3133,15,0.48,240.52,1.15,0.24,1302600,47.44,-9.14,177.74,1.3
2020-08-13,Kerala,Kasaragod,6.06,79,0,0.0,3084,15,0.49,236.76,1.15,0.24,1302600,56.58,-5.69,176.44,4.68
2020-08-12,Kerala,Kasaragod,5.22,68,2,0.15,3005,15,0.5,230.69,1.15,0.23,1302600,62.27,-4.61,171.76,-0.46
2020-08-11,Kerala,Kasaragod,11.29,147,0,0.0,2937,13,0.44,225.47,1.0,0.23,1302600,66.88,4.3,172.22,7.91
2020-08-10,Kerala,Kasaragod,11.21,146,1,0.08,2790,13,0.47,214.19,1.0,0.21,1302600,62.58,6.14,164.31,10.52
2020-08-09,Kerala,Kasaragod,4.3,56,1,0.08,2644,12,0.45,202.98,0.92,0.2,1302600,56.44,-4.37,153.79,0.0
2020-08-08,Kerala,Kasaragod,5.6,73,1,0.08,2588,11,0.43,198.68,0.84,0.2,1302600,60.81,-6.15,153.79,4.22
2020-08-07,Kerala,Kasaragod,12.9,168,1,0.08,2515,10,0.4,193.08,0.77,0.19,1302600,66.96,8.91,149.57,11.59
2020-08-06,Kerala,Kasaragod,11.75,153,2,0.15,2347,9,0.38,180.18,0.69,0.18,1302600,58.05,9.6,137.98,10.91
2020-08-05,Kerala,Kasaragod,9.83,128,1,0.08,2194,7,0.32,168.43,0.54,0.17,1302600,48.45,6.07,127.07,9.52
2020-08-04,Kerala,Kasaragod,6.99,91,0,0.0,2066,6,0.29,158.61,0.46,0.16,1302600,42.38,4.07,117.55,5.99
2020-08-03,Kerala,Kasaragod,5.07,66,0,0.0,1975,6,0.3,151.62,0.46,0.15,1302600,38.31,2.15,111.56,4.61
2020-08-02,Kerala,Kasaragod,8.67,113,0,0.0,1909,6,0.31,146.55,0.46,0.15,1302600,36.16,0.46,106.95,6.52
2020-08-01,Kerala,Kasaragod,11.75,153,1,0.08,1796,6,0.33,137.88,0.46,0.14,1302600,35.7,3.69,100.43,10.68
2020-07-31,Kerala,Kasaragod,3.99,52,0,0.0,1643,5,0.3,126.13,0.38,0.13,1302600,32.01,-4.15,89.75,3.45
2020-07-30,Kerala,Kasaragod,2.15,28,0,0.0,1591,5,0.31,122.14,0.38,0.12,1302600,36.16,-1.46,86.3,1.77
2020-07-29,Kerala,Kasaragod,3.76,49,0,0.0,1563,5,0.32,119.99,0.38,0.12,1302600,37.62,-3.99,84.53,2.99
2020-07-28,Kerala,Kasaragod,2.92,38,1,0.08,1514,5,0.33,116.23,0.38,0.12,1302600,41.61,-0.15,81.54,2.31
2020-07-27,Kerala,Kasaragod,2.92,38,0,0.0,1476,4,0.27,113.31,0.31,0.11,1302600,41.76,0.77,79.23,2.61
2020-07-26,Kerala,Kasaragod,8.21,107,0,0.0,1438,4,0.28,110.39,0.31,0.11,1302600,40.99,3.83,76.62,7.75
2020-07-25,Kerala,Kasaragod,8.06,105,1,0.08,1331,4,0.3,102.18,0.31,0.1,1302600,37.16,5.83,68.87,7.22
2020-07-24,Kerala,Kasaragod,8.14,106,2,0.15,1226,3,0.24,94.12,0.23,0.09,1302600,31.33,5.68,61.65,7.99
2020-07-23,Kerala,Kasaragod,3.61,47,0,0.0,1120,1,0.09,85.98,0.08,0.09,1302600,25.65,2.23,53.66,3.3
2020-07-22,Kerala,Kasaragod,7.75,101,0,0.0,1073,1,0.09,82.37,0.08,0.08,1302600,23.42,2.07,50.36,7.29
2020-07-21,Kerala,Kasaragod,3.07,40,0,0.0,972,1,0.1,74.62,0.08,0.07,1302600,21.35,-0.31,43.07,3.07
2020-07-20,Kerala,Kasaragod,2.15,28,0,0.0,932,1,0.11,71.55,0.08,0.07,1302600,21.66,1.46,40.0,1.46
2020-07-19,Kerala,Kasaragod,4.38,57,1,0.08,904,1,0.11,69.4,0.08,0.07,1302600,20.2,0.08,38.54,3.92
2020-07-18,Kerala,Kasaragod,2.23,29,0,0.0,847,0,0.0,65.02,0.0,0.07,1302600,20.12,0.85,34.62,1.69
2020-07-17,Kerala,Kasaragod,2.46,32,0,0.0,818,0,0.0,62.8,0.0,0.06,1302600,19.27,1.15,32.93,2.15
2020-07-16,Kerala,Kasaragod,1.38,18,0,0.0,786,0,0.0,60.34,0.0,0.06,1302600,18.12,0.54,30.78,1.15
2020-07-15,Kerala,Kasaragod,5.68,74,0,0.0,768,0,0.0,58.96,0.0,0.06,1302600,17.58,5.37,29.63,4.99
2020-07-14,Kerala,Kasaragod,3.38,44,0,0.0,694,0,0.0,53.28,0.0,0.05,1302600,12.21,2.38,24.64,3.23
2020-07-13,Kerala,Kasaragod,0.69,9,0,0.0,650,0,0.0,49.9,0.0,0.05,1302600,9.83,0.23,21.41,0.46
2020-07-12,Kerala,Kasaragod,4.3,56,0,0.0,641,0,0.0,49.21,0.0,0.05,1302600,9.6,2.15,20.95,3.84
2020-07-11,Kerala,Kasaragod,1.38,18,0,0.0,585,0,0.0,44.91,0.0,0.04,1302600,7.45,0.31,17.11,0.69
2020-07-10,Kerala,Kasaragod,1.31,17,0,0.0,567,0,0.0,43.53,0.0,0.04,1302600,7.14,0.77,16.42,1.0
2020-07-09,Kerala,Kasaragod,0.84,11,0,0.0,550,0,0.0,42.22,0.0,0.04,1302600,6.37,0.46,15.42,0.07
2020-07-08,Kerala,Kasaragod,0.31,4,0,0.0,539,0,0.0,41.38,0.0,0.04,1302600,5.91,-0.46,15.35,0.31
2020-07-07,Kerala,Kasaragod,1.0,13,0,0.0,535,0,0.0,41.07,0.0,0.04,1302600,6.37,0.39,15.04,0.85
2020-07-06,Kerala,Kasaragod,0.46,6,0,0.0,522,0,0.0,40.07,0.0,0.04,1302600,5.98,0.15,14.19,-0.15
2020-07-05,Kerala,Kasaragod,2.15,28,0,0.0,516,0,0.0,39.61,0.0,0.04,1302600,5.83,1.69,14.34,1.92
2020-07-04,Kerala,Kasaragod,1.07,14,0,0.0,488,0,0.0,37.46,0.0,0.04,1302600,4.14,0.23,12.42,0.3
2020-07-03,Kerala,Kasaragod,0.54,7,0,0.0,474,0,0.0,36.39,0.0,0.04,1302600,3.91,0.39,12.12,0.46
2020-07-02,Kerala,Kasaragod,0.38,5,0,0.0,467,0,0.0,35.85,0.0,0.04,1302600,3.52,0.07,11.66,-0.54
2020-07-01,Kerala,Kasaragod,0.77,10,0,0.0,462,0,0.0,35.47,0.0,0.04,1302600,3.45,0.31,12.2,0.54
2020-06-30,Kerala,Kasaragod,0.61,8,0,0.0,452,0,0.0,34.7,0.0,0.03,1302600,3.14,0.61,11.66,-0.08
2020-06-29,Kerala,Kasaragod,0.31,4,0,0.0,444,0,0.0,34.09,0.0,0.03,1302600,2.53,-0.38,11.74,-0.76
2020-06-28,Kerala,Kasaragod,0.46,6,0,0.0,440,0,0.0,33.78,0.0,0.03,1302600,2.91,0.0,12.5,-0.31
2020-06-27,Kerala,Kasaragod,0.84,11,0,0.0,434,0,0.0,33.32,0.0,0.03,1302600,2.91,0.3,12.81,0.61
2020-06-26,Kerala,Kasaragod,0.15,2,0,0.0,423,0,0.0,32.47,0.0,0.03,1302600,2.61,-0.16,12.2,-0.16
2020-06-25,Kerala,Kasaragod,0.31,4,0,0.0,421,0,0.0,32.32,0.0,0.03,1302600,2.77,0.08,12.36,-1.07
2020-06-24,Kerala,Kasaragod,0.46,6,0,0.0,417,0,0.0,32.01,0.0,0.03,1302600,2.69,-0.23,13.43,-0.31
2020-06-23,Kerala,Kasaragod,0.0,0,0,0.0,411,0,0.0,31.55,0.0,0.03,1302600,2.92,-0.15,13.74,-0.23
2020-06-22,Kerala,Kasaragod,0.69,9,0,0.0,411,0,0.0,31.55,0.0,0.03,1302600,3.07,0.46,13.97,-0.38
2020-06-21,Kerala,Kasaragod,0.46,6,0,0.0,402,0,0.0,30.86,0.0,0.03,1302600,2.61,0.0,14.35,0.08
2020-06-20,Kerala,Kasaragod,0.54,7,0,0.0,396,0,0.0,30.4,0.0,0.03,1302600,2.61,-0.15,14.27,0.23
2020-06-19,Kerala,Kasaragod,0.31,4,0,0.0,389,0,0.0,29.86,0.0,0.03,1302600,2.76,0.0,14.04,-0.23
2020-06-18,Kerala,Kasaragod,0.23,3,0,0.0,385,0,0.0,29.56,0.0,0.03,1302600,2.76,-0.54,14.27,0.15
2020-06-17,Kerala,Kasaragod,0.69,9,0,0.0,382,0,0.0,29.33,0.0,0.03,1302600,3.3,0.69,14.12,0.61
2020-06-16,Kerala,Kasaragod,0.15,2,0,0.0,373,0,0.0,28.64,0.0,0.03,1302600,2.61,0.0,13.51,0.15
2020-06-15,Kerala,Kasaragod,0.23,3,0,0.0,371,0,0.0,28.48,0.0,0.03,1302600,2.61,-0.38,13.36,0.08
2020-06-14,Kerala,Kasaragod,0.46,6,0,0.0,368,0,0.0,28.25,0.0,0.03,1302600,2.99,0.23,13.28,0.38
2020-06-13,Kerala,Kasaragod,0.69,9,0,0.0,362,0,0.0,27.79,0.0,0.03,1302600,2.76,-0.08,12.9,0.69
2020-06-12,Kerala,Kasaragod,0.31,4,0,0.0,353,0,0.0,27.1,0.0,0.03,1302600,2.84,0.23,12.21,0.23
2020-06-11,Kerala,Kasaragod,0.77,10,0,0.0,349,0,0.0,26.79,0.0,0.03,1302600,2.61,-0.15,11.98,0.0
2020-06-10,Kerala,Kasaragod,0.0,0,0,0.0,339,0,0.0,26.02,0.0,0.03,1302600,2.76,-0.23,11.98,0.0
2020-06-09,Kerala,Kasaragod,0.15,2,0,0.0,339,0,0.0,26.02,0.0,0.03,1302600,2.99,-0.54,11.98,0.15
2020-06-08,Kerala,Kasaragod,0.61,8,0,0.0,337,0,0.0,25.87,0.0,0.03,1302600,3.53,-0.46,11.83,0.3
2020-06-07,Kerala,Kasaragod,0.23,3,0,0.0,329,0,0.0,25.26,0.0,0.03,1302600,3.99,-0.54,11.53,0.23
2020-06-06,Kerala,Kasaragod,0.77,10,0,0.0,326,0,0.0,25.03,0.0,0.03,1302600,4.53,0.54,11.3,0.77
2020-06-05,Kerala,Kasaragod,0.08,1,0,0.0,316,0,0.0,24.26,0.0,0.02,1302600,3.99,-0.23,10.53,0.08
2020-06-04,Kerala,Kasaragod,0.92,12,0,0.0,315,0,0.0,24.18,0.0,0.02,1302600,4.22,-0.46,10.45,0.92
2020-06-03,Kerala,Kasaragod,0.23,3,0,0.0,303,0,0.0,23.26,0.0,0.02,1302600,4.68,-0.54,9.53,0.23
2020-06-02,Kerala,Kasaragod,0.69,9,0,0.0,300,0,0.0,23.03,0.0,0.02,1302600,5.22,0.46,9.3,0.69
2020-06-01,Kerala,Kasaragod,1.07,14,0,0.0,291,0,0.0,22.34,0.0,0.02,1302600,4.76,0.0,8.61,1.07
2020-05-31,Kerala,Kasaragod,0.77,10,0,0.0,277,0,0.0,21.27,0.0,0.02,1302600,4.76,0.39,7.54,0.77
2020-05-30,Kerala,Kasaragod,0.23,3,0,0.0,267,0,0.0,20.5,0.0,0.02,1302600,4.37,-0.08,6.77,0.23
2020-05-29,Kerala,Kasaragod,0.31,4,0,0.0,264,0,0.0,20.27,0.0,0.02,1302600,4.45,-0.23,6.54,0.31
2020-05-28,Kerala,Kasaragod,1.38,18,0,0.0,260,0,0.0,19.96,0.0,0.02,1302600,4.68,1.3,6.23,1.3
2020-05-27,Kerala,Kasaragod,0.77,10,0,0.0,242,0,0.0,18.58,0.0,0.02,1302600,3.38,0.69,4.93,0.62
2020-05-26,Kerala,Kasaragod,0.23,3,0,0.0,232,0,0.0,17.81,0.0,0.02,1302600,2.69,0.23,4.31,0.15
2020-05-25,Kerala,Kasaragod,1.07,14,0,0.0,229,0,0.0,17.58,0.0,0.02,1302600,2.46,0.92,4.16,1.07
2020-05-24,Kerala,Kasaragod,0.38,5,0,0.0,215,0,0.0,16.51,0.0,0.02,1302600,1.54,0.3,3.09,0.38
2020-05-23,Kerala,Kasaragod,0.31,4,0,0.0,210,0,0.0,16.12,0.0,0.02,1302600,1.24,0.31,2.71,0.31
2020-05-22,Kerala,Kasaragod,0.54,7,0,0.0,206,0,0.0,15.81,0.0,0.02,1302600,0.93,0.46,2.4,0.54
2020-05-21,Kerala,Kasaragod,0.08,1,0,0.0,199,0,0.0,15.28,0.0,0.02,1302600,0.47,-0.69,1.86,0.08
2020-05-20,Kerala,Kasaragod,0.08,1,0,0.0,198,0,0.0,15.2,0.0,0.02,1302600,1.16,0.08,1.78,0.08
2020-05-19,Kerala,Kasaragod,0.0,0,0,0.0,197,0,0.0,15.12,0.0,0.02,1302600,1.08,0.0,1.7,0.0
2020-05-18,Kerala,Kasaragod,0.15,2,0,0.0,197,0,0.0,15.12,0.0,0.02,1302600,1.08,-0.16,1.7,0.15
2020-05-17,Kerala,Kasaragod,0.08,1,0,0.0,195,0,0.0,14.97,0.0,0.01,1302600,1.24,0.08,1.55,0.08
2020-05-16,Kerala,Kasaragod,0.0,0,0,0.0,194,0,0.0,14.89,0.0,0.01,1302600,1.16,0.0,1.47,0.0
2020-05-15,Kerala,Kasaragod,0.08,1,0,0.0,194,0,0.0,14.89,0.0,0.01,1302600,1.16,0.08,1.47,0.08
2020-05-14,Kerala,Kasaragod,0.77,10,0,0.0,193,0,0.0,14.82,0.0,0.01,1302600,1.08,0.77,1.39,0.77
2020-05-13,Kerala,Kasaragod,0.0,0,0,0.0,183,0,0.0,14.05,0.0,0.01,1302600,0.31,0.0,0.62,0.0
2020-05-12,Kerala,Kasaragod,0.0,0,0,0.0,183,0,0.0,14.05,0.0,0.01,1302600,0.31,0.0,0.62,0.0
2020-05-11,Kerala,Kasaragod,0.31,4,0,0.0,183,0,0.0,14.05,0.0,0.01,1302600,0.31,0.31,0.62,0.31
2020-05-10,Kerala,Kasaragod,0.0,0,0,0.0,179,0,0.0,13.74,0.0,0.01,1302600,-0.0,0.0,0.31,0.0
2020-05-09,Kerala,Kasaragod,0.0,0,0,0.0,179,0,0.0,13.74,0.0,0.01,1302600,-0.0,0.0,0.31,0.0
2020-05-08,Kerala,Kasaragod,0.0,0,0,0.0,179,0,0.0,13.74,0.0,0.01,1302600,-0.0,0.0,0.31,0.0
2020-05-07,Kerala,Kasaragod,0.0,0,0,0.0,179,0,0.0,13.74,0.0,0.01,1302600,-0.0,-0.08,0.31,0.0
2020-05-06,Kerala,Kasaragod,0.0,0,0,0.0,179,0,0.0,13.74,0.0,0.01,1302600,0.08,-0.15,0.31,0.0
2020-05-05,Kerala,Kasaragod,0.0,0,0,0.0,179,0,0.0,13.74,0.0,0.01,1302600,0.23,-0.08,0.31,0.0
2020-05-04,Kerala,Kasaragod,0.0,0,0,0.0,179,0,0.0,13.74,0.0,0.01,1302600,0.31,0.0,0.31,0.0
2020-05-03,Kerala,Kasaragod,0.0,0,0,0.0,179,0,0.0,13.74,0.0,0.01,1302600,0.31,0.0,0.31,0.0
2020-05-02,Kerala,Kasaragod,0.0,0,0,0.0,179,0,0.0,13.74,0.0,0.01,1302600,0.31,0.0,0.31,0.0
2020-05-01,Kerala,Kasaragod,0.0,0,0,0.0,179,0,0.0,13.74,0.0,0.01,1302600,0.31,0.0,0.31,0.0
2020-04-30,Kerala,Kasaragod,0.08,1,0,0.0,179,0,0.0,13.74,0.0,0.01,1302600,0.31,0.08,0.31,0.08
2020-04-29,Kerala,Kasaragod,0.15,2,0,0.0,178,0,0.0,13.66,0.0,0.01,1302600,0.23,0.15,0.23,0.15
2020-04-28,Kerala,Kasaragod,0.08,1,0,0.0,176,0,0.0,13.51,0.0,0.01,1302600,0.08,0.08,0.08,0.08
2020-04-27,Kerala,Kasaragod,0.0,0,0,0.0,175,0,0.0,13.43,0.0,0.01,1302600,0.0,0.0,0.0,0.0
2020-04-26,Kerala,Kasaragod,0.0,0,0,0.0,175,0,0.0,13.43,0.0,0.01,1302600,0.0,0.0,0.0,0.0
