date,state,district,new_cases_100k,new_cases,new_deaths,new_deaths_100k,total_cases,total_deaths,cfr%,total_cases_100k,total_deaths_100k,%infected,population
2020-08-21,Bayern,Dachau,0.65,1,0,0.0,1050,32,3.05,682.33,20.79,0.68,153884
2020-08-20,Bayern,Dachau,2.6,4,0,0.0,1049,32,3.05,681.68,20.79,0.68,153884
2020-08-19,Bayern,Dachau,5.2,8,0,0.0,1045,32,3.06,679.08,20.79,0.68,153884
2020-08-18,Bayern,Dachau,1.3,2,0,0.0,1037,32,3.09,673.88,20.79,0.67,153884
2020-08-17,Bayern,Dachau,4.55,7,0,0.0,1035,32,3.09,672.58,20.79,0.67,153884
2020-08-16,Bayern,Dachau,0.65,1,0,0.0,1028,32,3.11,668.04,20.79,0.67,153884
2020-08-15,Bayern,Dachau,2.6,4,0,0.0,1027,32,3.12,667.39,20.79,0.67,153884
2020-08-14,Bayern,Dachau,3.9,6,0,0.0,1023,32,3.13,664.79,20.79,0.66,153884
2020-08-13,Bayern,Dachau,1.3,2,0,0.0,1017,32,3.15,660.89,20.79,0.66,153884
2020-08-12,Bayern,Dachau,4.55,7,0,0.0,1015,32,3.15,659.59,20.79,0.66,153884
2020-08-11,Bayern,Dachau,4.55,7,0,0.0,1008,32,3.17,655.04,20.79,0.66,153884
2020-08-10,Bayern,Dachau,1.95,3,0,0.0,1001,32,3.2,650.49,20.79,0.65,153884
2020-08-09,Bayern,Dachau,1.3,2,0,0.0,998,32,3.21,648.54,20.79,0.65,153884
2020-08-08,Bayern,Dachau,4.55,7,0,0.0,996,32,3.21,647.24,20.79,0.65,153884
2020-08-07,Bayern,Dachau,0.65,1,0,0.0,989,32,3.24,642.69,20.79,0.64,153884
2020-08-05,Bayern,Dachau,0.65,1,0,0.0,988,32,3.24,642.04,20.79,0.64,153884
2020-08-04,Bayern,Dachau,0.65,1,0,0.0,987,32,3.24,641.39,20.79,0.64,153884
2020-08-03,Bayern,Dachau,1.3,2,0,0.0,986,32,3.25,640.74,20.79,0.64,153884
2020-08-01,Bayern,Dachau,1.95,3,0,0.0,984,32,3.25,639.44,20.79,0.64,153884
2020-07-31,Bayern,Dachau,0.65,1,0,0.0,981,32,3.26,637.49,20.79,0.64,153884
2020-07-30,Bayern,Dachau,1.3,2,0,0.0,980,32,3.27,636.84,20.79,0.64,153884
2020-07-29,Bayern,Dachau,1.95,3,0,0.0,978,32,3.27,635.54,20.79,0.64,153884
2020-07-28,Bayern,Dachau,2.6,4,0,0.0,975,32,3.28,633.59,20.79,0.63,153884
2020-07-27,Bayern,Dachau,0.65,1,0,0.0,971,32,3.3,630.99,20.79,0.63,153884
2020-07-25,Bayern,Dachau,1.95,3,0,0.0,970,32,3.3,630.34,20.79,0.63,153884
2020-07-23,Bayern,Dachau,1.95,3,0,0.0,967,32,3.31,628.4,20.79,0.63,153884
2020-07-22,Bayern,Dachau,0.65,1,0,0.0,964,32,3.32,626.45,20.79,0.63,153884
2020-07-21,Bayern,Dachau,1.95,3,0,0.0,963,32,3.32,625.8,20.79,0.63,153884
2020-07-20,Bayern,Dachau,1.95,3,0,0.0,960,32,3.33,623.85,20.79,0.62,153884
2020-07-19,Bayern,Dachau,3.9,6,0,0.0,957,32,3.34,621.9,20.79,0.62,153884
2020-07-18,Bayern,Dachau,0.65,1,0,0.0,951,32,3.36,618.0,20.79,0.62,153884
2020-07-17,Bayern,Dachau,0.65,1,0,0.0,950,32,3.37,617.35,20.79,0.62,153884
2020-07-16,Bayern,Dachau,1.3,2,0,0.0,949,32,3.37,616.7,20.79,0.62,153884
2020-07-14,Bayern,Dachau,3.25,5,1,0.65,947,32,3.38,615.4,20.79,0.62,153884
2020-07-13,Bayern,Dachau,1.95,3,0,0.0,942,31,3.29,612.15,20.15,0.61,153884
2020-07-08,Bayern,Dachau,0.65,1,0,0.0,939,31,3.3,610.2,20.15,0.61,153884
2020-07-07,Bayern,Dachau,1.95,3,0,0.0,938,31,3.3,609.55,20.15,0.61,153884
2020-07-06,Bayern,Dachau,0.65,1,0,0.0,935,31,3.32,607.6,20.15,0.61,153884
2020-07-05,Bayern,Dachau,0.65,1,0,0.0,934,31,3.32,606.95,20.15,0.61,153884
2020-07-04,Bayern,Dachau,0.65,1,0,0.0,933,31,3.32,606.3,20.15,0.61,153884
2020-07-03,Bayern,Dachau,0.65,1,0,0.0,932,31,3.33,605.65,20.15,0.61,153884
2020-07-02,Bayern,Dachau,0.65,1,0,0.0,931,31,3.33,605.0,20.15,0.61,153884
2020-06-28,Bayern,Dachau,0.65,1,0,0.0,930,31,3.33,604.35,20.15,0.6,153884
2020-06-27,Bayern,Dachau,0.65,1,0,0.0,929,31,3.34,603.7,20.15,0.6,153884
2020-06-23,Bayern,Dachau,0.65,1,0,0.0,928,31,3.34,603.05,20.15,0.6,153884
2020-06-21,Bayern,Dachau,1.3,2,0,0.0,927,31,3.34,602.4,20.15,0.6,153884
2020-06-20,Bayern,Dachau,0.65,1,0,0.0,925,31,3.35,601.1,20.15,0.6,153884
2020-06-17,Bayern,Dachau,1.3,2,0,0.0,924,31,3.35,600.45,20.15,0.6,153884
2020-06-15,Bayern,Dachau,0.65,1,0,0.0,922,31,3.36,599.15,20.15,0.6,153884
2020-06-14,Bayern,Dachau,0.65,1,0,0.0,921,31,3.37,598.5,20.15,0.6,153884
2020-06-11,Bayern,Dachau,1.3,2,0,0.0,920,31,3.37,597.85,20.15,0.6,153884
2020-06-10,Bayern,Dachau,0.65,1,0,0.0,918,31,3.38,596.55,20.15,0.6,153884
2020-06-02,Bayern,Dachau,0.65,1,0,0.0,917,31,3.38,595.9,20.15,0.6,153884
2020-05-19,Bayern,Dachau,1.3,2,0,0.0,916,31,3.38,595.25,20.15,0.6,153884
2020-05-18,Bayern,Dachau,1.95,3,0,0.0,914,31,3.39,593.95,20.15,0.59,153884
2020-05-15,Bayern,Dachau,1.3,2,0,0.0,911,31,3.4,592.0,20.15,0.59,153884
2020-05-14,Bayern,Dachau,0.65,1,0,0.0,909,31,3.41,590.7,20.15,0.59,153884
2020-05-13,Bayern,Dachau,1.95,3,0,0.0,908,31,3.41,590.05,20.15,0.59,153884
2020-05-12,Bayern,Dachau,1.95,3,0,0.0,905,31,3.43,588.11,20.15,0.59,153884
2020-05-11,Bayern,Dachau,2.6,4,0,0.0,902,31,3.44,586.16,20.15,0.59,153884
2020-05-09,Bayern,Dachau,1.3,2,0,0.0,898,31,3.45,583.56,20.15,0.58,153884
2020-05-08,Bayern,Dachau,1.3,2,0,0.0,896,31,3.46,582.26,20.15,0.58,153884
2020-05-07,Bayern,Dachau,1.3,2,0,0.0,894,31,3.47,580.96,20.15,0.58,153884
2020-05-06,Bayern,Dachau,0.65,1,0,0.0,892,31,3.48,579.66,20.15,0.58,153884
2020-05-05,Bayern,Dachau,1.3,2,0,0.0,891,31,3.48,579.01,20.15,0.58,153884
2020-05-04,Bayern,Dachau,2.6,4,0,0.0,889,31,3.49,577.71,20.15,0.58,153884
2020-05-03,Bayern,Dachau,1.3,2,0,0.0,885,31,3.5,575.11,20.15,0.58,153884
2020-05-02,Bayern,Dachau,0.65,1,0,0.0,883,31,3.51,573.81,20.15,0.57,153884
2020-05-01,Bayern,Dachau,6.5,10,0,0.0,882,31,3.51,573.16,20.15,0.57,153884
2020-04-30,Bayern,Dachau,3.9,6,0,0.0,872,31,3.56,566.66,20.15,0.57,153884
2020-04-29,Bayern,Dachau,1.3,2,0,0.0,866,31,3.58,562.76,20.15,0.56,153884
2020-04-28,Bayern,Dachau,6.5,10,1,0.65,864,31,3.59,561.46,20.15,0.56,153884
2020-04-27,Bayern,Dachau,2.6,4,1,0.65,854,30,3.51,554.96,19.5,0.55,153884
2020-04-26,Bayern,Dachau,2.6,4,0,0.0,850,29,3.41,552.36,18.85,0.55,153884
2020-04-25,Bayern,Dachau,7.15,11,1,0.65,846,29,3.43,549.76,18.85,0.55,153884
2020-04-24,Bayern,Dachau,3.25,5,0,0.0,835,28,3.35,542.62,18.2,0.54,153884
2020-04-23,Bayern,Dachau,1.95,3,1,0.65,830,28,3.37,539.37,18.2,0.54,153884
2020-04-22,Bayern,Dachau,9.1,14,0,0.0,827,27,3.26,537.42,17.55,0.54,153884
2020-04-21,Bayern,Dachau,2.6,4,0,0.0,813,27,3.32,528.32,17.55,0.53,153884
2020-04-20,Bayern,Dachau,3.25,5,0,0.0,809,27,3.34,525.72,17.55,0.53,153884
2020-04-19,Bayern,Dachau,2.6,4,0,0.0,804,27,3.36,522.47,17.55,0.52,153884
2020-04-18,Bayern,Dachau,8.45,13,0,0.0,800,27,3.38,519.87,17.55,0.52,153884
2020-04-17,Bayern,Dachau,8.45,13,0,0.0,787,27,3.43,511.42,17.55,0.51,153884
2020-04-16,Bayern,Dachau,22.09,34,1,0.65,774,27,3.49,502.98,17.55,0.5,153884
2020-04-15,Bayern,Dachau,7.8,12,0,0.0,740,26,3.51,480.88,16.9,0.48,153884
2020-04-14,Bayern,Dachau,14.3,22,2,1.3,728,26,3.57,473.08,16.9,0.47,153884
2020-04-13,Bayern,Dachau,3.9,6,0,0.0,706,24,3.4,458.79,15.6,0.46,153884
2020-04-12,Bayern,Dachau,9.1,14,0,0.0,700,24,3.43,454.89,15.6,0.45,153884
2020-04-11,Bayern,Dachau,7.15,11,0,0.0,686,24,3.5,445.79,15.6,0.45,153884
2020-04-10,Bayern,Dachau,11.7,18,1,0.65,675,24,3.56,438.64,15.6,0.44,153884
2020-04-09,Bayern,Dachau,11.05,17,0,0.0,657,23,3.5,426.94,14.95,0.43,153884
2020-04-08,Bayern,Dachau,13.0,20,0,0.0,640,23,3.59,415.9,14.95,0.42,153884
2020-04-07,Bayern,Dachau,10.4,16,0,0.0,620,23,3.71,402.9,14.95,0.4,153884
2020-04-06,Bayern,Dachau,8.45,13,1,0.65,604,23,3.81,392.5,14.95,0.39,153884
2020-04-05,Bayern,Dachau,10.4,16,1,0.65,591,22,3.72,384.06,14.3,0.38,153884
2020-04-04,Bayern,Dachau,13.65,21,1,0.65,575,21,3.65,373.66,13.65,0.37,153884
2020-04-03,Bayern,Dachau,18.85,29,1,0.65,554,20,3.61,360.01,13.0,0.36,153884
2020-04-02,Bayern,Dachau,20.79,32,3,1.95,525,19,3.62,341.17,12.35,0.34,153884
2020-04-01,Bayern,Dachau,12.35,19,0,0.0,493,16,3.25,320.37,10.4,0.32,153884
2020-03-31,Bayern,Dachau,11.05,17,1,0.65,474,16,3.38,308.02,10.4,0.31,153884
2020-03-30,Bayern,Dachau,11.7,18,1,0.65,457,15,3.28,296.98,9.75,0.3,153884
2020-03-29,Bayern,Dachau,13.65,21,2,1.3,439,14,3.19,285.28,9.1,0.29,153884
2020-03-28,Bayern,Dachau,3.25,5,0,0.0,418,12,2.87,271.63,7.8,0.27,153884
2020-03-27,Bayern,Dachau,11.05,17,1,0.65,413,12,2.91,268.38,7.8,0.27,153884
2020-03-26,Bayern,Dachau,18.85,29,1,0.65,396,11,2.78,257.34,7.15,0.26,153884
2020-03-25,Bayern,Dachau,14.3,22,3,1.95,367,10,2.72,238.49,6.5,0.24,153884
2020-03-24,Bayern,Dachau,14.3,22,0,0.0,345,7,2.03,224.19,4.55,0.22,153884
2020-03-23,Bayern,Dachau,15.6,24,0,0.0,323,7,2.17,209.9,4.55,0.21,153884
2020-03-22,Bayern,Dachau,14.3,22,1,0.65,299,7,2.34,194.3,4.55,0.19,153884
2020-03-21,Bayern,Dachau,17.55,27,2,1.3,277,6,2.17,180.01,3.9,0.18,153884
2020-03-20,Bayern,Dachau,24.69,38,0,0.0,250,4,1.6,162.46,2.6,0.16,153884
2020-03-19,Bayern,Dachau,18.85,29,1,0.65,212,4,1.89,137.77,2.6,0.14,153884
2020-03-18,Bayern,Dachau,18.2,28,0,0.0,183,3,1.64,118.92,1.95,0.12,153884
2020-03-17,Bayern,Dachau,22.09,34,0,0.0,155,3,1.94,100.73,1.95,0.1,153884
2020-03-16,Bayern,Dachau,21.44,33,0,0.0,121,3,2.48,78.63,1.95,0.08,153884
2020-03-15,Bayern,Dachau,14.95,23,1,0.65,88,3,3.41,57.19,1.95,0.06,153884
2020-03-14,Bayern,Dachau,6.5,10,1,0.65,65,2,3.08,42.24,1.3,0.04,153884
2020-03-13,Bayern,Dachau,11.05,17,1,0.65,55,1,1.82,35.74,0.65,0.04,153884
2020-03-12,Bayern,Dachau,6.5,10,0,0.0,38,0,0.0,24.69,0.0,0.02,153884
2020-03-11,Bayern,Dachau,6.5,10,0,0.0,28,0,0.0,18.2,0.0,0.02,153884
2020-03-10,Bayern,Dachau,3.9,6,0,0.0,18,0,0.0,11.7,0.0,0.01,153884
2020-03-09,Bayern,Dachau,1.95,3,0,0.0,12,0,0.0,7.8,0.0,0.01,153884
2020-03-08,Bayern,Dachau,1.95,3,0,0.0,9,0,0.0,5.85,0.0,0.01,153884
2020-03-07,Bayern,Dachau,1.3,2,0,0.0,6,0,0.0,3.9,0.0,0.0,153884
2020-03-06,Bayern,Dachau,1.3,2,0,0.0,4,0,0.0,2.6,0.0,0.0,153884
2020-03-03,Bayern,Dachau,0.65,1,0,0.0,2,0,0.0,1.3,0.0,0.0,153884
2020-02-27,Bayern,Dachau,0.65,1,0,0.0,1,0,0.0,0.65,0.0,0.0,153884
