date,state,district,new_cases_100k,new_cases,new_deaths,new_deaths_100k,total_cases,total_deaths,cfr%,total_cases_100k,total_deaths_100k,%infected,population
2020-08-19,Hessen,Bergstraße,1.11,3,0,0.0,466,3,0.64,172.79,1.11,0.17,269694
2020-08-18,Hessen,Bergstraße,1.48,4,0,0.0,463,3,0.65,171.68,1.11,0.17,269694
2020-08-17,Hessen,Bergstraße,2.22,6,0,0.0,459,3,0.65,170.19,1.11,0.17,269694
2020-08-15,Hessen,Bergstraße,2.22,6,0,0.0,453,3,0.66,167.97,1.11,0.17,269694
2020-08-14,Hessen,Bergstraße,0.74,2,0,0.0,447,3,0.67,165.74,1.11,0.17,269694
2020-08-13,Hessen,Bergstraße,2.22,6,0,0.0,445,3,0.67,165.0,1.11,0.17,269694
2020-08-12,Hessen,Bergstraße,1.48,4,0,0.0,439,3,0.68,162.78,1.11,0.16,269694
2020-08-11,Hessen,Bergstraße,1.48,4,0,0.0,435,3,0.69,161.29,1.11,0.16,269694
2020-08-10,Hessen,Bergstraße,1.11,3,0,0.0,431,3,0.7,159.81,1.11,0.16,269694
2020-08-08,Hessen,Bergstraße,0.37,1,0,0.0,428,3,0.7,158.7,1.11,0.16,269694
2020-08-07,Hessen,Bergstraße,1.11,3,0,0.0,427,3,0.7,158.33,1.11,0.16,269694
2020-08-06,Hessen,Bergstraße,2.22,6,0,0.0,424,3,0.71,157.22,1.11,0.16,269694
2020-08-05,Hessen,Bergstraße,0.37,1,0,0.0,418,3,0.72,154.99,1.11,0.15,269694
2020-08-04,Hessen,Bergstraße,1.85,5,0,0.0,417,3,0.72,154.62,1.11,0.15,269694
2020-08-03,Hessen,Bergstraße,1.48,4,0,0.0,412,3,0.73,152.77,1.11,0.15,269694
2020-08-02,Hessen,Bergstraße,0.37,1,0,0.0,408,3,0.74,151.28,1.11,0.15,269694
2020-08-01,Hessen,Bergstraße,0.74,2,0,0.0,407,3,0.74,150.91,1.11,0.15,269694
2020-07-30,Hessen,Bergstraße,0.37,1,0,0.0,405,3,0.74,150.17,1.11,0.15,269694
2020-07-29,Hessen,Bergstraße,1.48,4,0,0.0,404,3,0.74,149.8,1.11,0.15,269694
2020-07-27,Hessen,Bergstraße,1.85,5,0,0.0,400,3,0.75,148.32,1.11,0.15,269694
2020-07-26,Hessen,Bergstraße,0.37,1,0,0.0,395,3,0.76,146.46,1.11,0.15,269694
2020-07-24,Hessen,Bergstraße,1.11,3,0,0.0,394,3,0.76,146.09,1.11,0.15,269694
2020-07-20,Hessen,Bergstraße,0.37,1,0,0.0,391,3,0.77,144.98,1.11,0.14,269694
2020-07-18,Hessen,Bergstraße,0.74,2,0,0.0,390,3,0.77,144.61,1.11,0.14,269694
2020-07-17,Hessen,Bergstraße,0.74,2,0,0.0,388,3,0.77,143.87,1.11,0.14,269694
2020-07-16,Hessen,Bergstraße,0.37,1,0,0.0,386,3,0.78,143.13,1.11,0.14,269694
2020-07-15,Hessen,Bergstraße,0.37,1,0,0.0,385,3,0.78,142.75,1.11,0.14,269694
2020-07-13,Hessen,Bergstraße,0.37,1,0,0.0,384,3,0.78,142.38,1.11,0.14,269694
2020-07-09,Hessen,Bergstraße,1.48,4,0,0.0,383,3,0.78,142.01,1.11,0.14,269694
2020-07-08,Hessen,Bergstraße,1.11,3,0,0.0,379,3,0.79,140.53,1.11,0.14,269694
2020-07-07,Hessen,Bergstraße,0.74,2,0,0.0,376,3,0.8,139.42,1.11,0.14,269694
2020-07-06,Hessen,Bergstraße,1.48,4,0,0.0,374,3,0.8,138.68,1.11,0.14,269694
2020-07-05,Hessen,Bergstraße,0.37,1,0,0.0,370,3,0.81,137.19,1.11,0.14,269694
2020-06-30,Hessen,Bergstraße,0.37,1,0,0.0,369,3,0.81,136.82,1.11,0.14,269694
2020-06-29,Hessen,Bergstraße,0.37,1,0,0.0,368,3,0.82,136.45,1.11,0.14,269694
2020-06-28,Hessen,Bergstraße,0.37,1,0,0.0,367,3,0.82,136.08,1.11,0.14,269694
2020-06-23,Hessen,Bergstraße,0.37,1,0,0.0,366,3,0.82,135.71,1.11,0.14,269694
2020-06-19,Hessen,Bergstraße,0.37,1,0,0.0,365,3,0.82,135.34,1.11,0.14,269694
2020-06-18,Hessen,Bergstraße,0.37,1,0,0.0,364,3,0.82,134.97,1.11,0.13,269694
2020-06-17,Hessen,Bergstraße,0.74,2,0,0.0,363,3,0.83,134.6,1.11,0.13,269694
2020-06-14,Hessen,Bergstraße,0.74,2,0,0.0,361,3,0.83,133.86,1.11,0.13,269694
2020-06-11,Hessen,Bergstraße,0.74,2,0,0.0,359,3,0.84,133.11,1.11,0.13,269694
2020-06-08,Hessen,Bergstraße,0.37,1,0,0.0,357,3,0.84,132.37,1.11,0.13,269694
2020-06-03,Hessen,Bergstraße,0.37,1,0,0.0,356,3,0.84,132.0,1.11,0.13,269694
2020-05-30,Hessen,Bergstraße,0.37,1,0,0.0,355,3,0.85,131.63,1.11,0.13,269694
2020-05-29,Hessen,Bergstraße,0.74,2,0,0.0,354,3,0.85,131.26,1.11,0.13,269694
2020-05-28,Hessen,Bergstraße,0.37,1,0,0.0,352,3,0.85,130.52,1.11,0.13,269694
2020-05-27,Hessen,Bergstraße,0.74,2,0,0.0,351,3,0.85,130.15,1.11,0.13,269694
2020-05-25,Hessen,Bergstraße,2.6,7,0,0.0,349,3,0.86,129.41,1.11,0.13,269694
2020-05-20,Hessen,Bergstraße,0.74,2,0,0.0,342,3,0.88,126.81,1.11,0.13,269694
2020-05-18,Hessen,Bergstraße,1.11,3,0,0.0,340,3,0.88,126.07,1.11,0.13,269694
2020-05-15,Hessen,Bergstraße,0.74,2,0,0.0,337,3,0.89,124.96,1.11,0.12,269694
2020-05-13,Hessen,Bergstraße,0.37,1,0,0.0,335,3,0.9,124.21,1.11,0.12,269694
2020-05-12,Hessen,Bergstraße,0.37,1,0,0.0,334,3,0.9,123.84,1.11,0.12,269694
2020-05-10,Hessen,Bergstraße,0.37,1,0,0.0,333,3,0.9,123.47,1.11,0.12,269694
2020-05-08,Hessen,Bergstraße,0.74,2,0,0.0,332,3,0.9,123.1,1.11,0.12,269694
2020-05-07,Hessen,Bergstraße,1.11,3,0,0.0,330,3,0.91,122.36,1.11,0.12,269694
2020-05-06,Hessen,Bergstraße,1.11,3,0,0.0,327,3,0.92,121.25,1.11,0.12,269694
2020-05-05,Hessen,Bergstraße,1.85,5,0,0.0,324,3,0.93,120.14,1.11,0.12,269694
2020-05-04,Hessen,Bergstraße,1.11,3,0,0.0,319,3,0.94,118.28,1.11,0.12,269694
2020-05-03,Hessen,Bergstraße,0.37,1,0,0.0,316,3,0.95,117.17,1.11,0.12,269694
2020-05-02,Hessen,Bergstraße,0.37,1,0,0.0,315,3,0.95,116.8,1.11,0.12,269694
2020-04-30,Hessen,Bergstraße,1.48,4,0,0.0,314,3,0.96,116.43,1.11,0.12,269694
2020-04-27,Hessen,Bergstraße,0.37,1,0,0.0,310,3,0.97,114.95,1.11,0.11,269694
2020-04-26,Hessen,Bergstraße,0.37,1,0,0.0,309,3,0.97,114.57,1.11,0.11,269694
2020-04-24,Hessen,Bergstraße,1.85,5,0,0.0,308,3,0.97,114.2,1.11,0.11,269694
2020-04-23,Hessen,Bergstraße,0.74,2,0,0.0,303,3,0.99,112.35,1.11,0.11,269694
2020-04-22,Hessen,Bergstraße,1.11,3,0,0.0,301,3,1.0,111.61,1.11,0.11,269694
2020-04-21,Hessen,Bergstraße,0.37,1,0,0.0,298,3,1.01,110.5,1.11,0.11,269694
2020-04-19,Hessen,Bergstraße,0.74,2,0,0.0,297,3,1.01,110.12,1.11,0.11,269694
2020-04-18,Hessen,Bergstraße,0.74,2,0,0.0,295,3,1.02,109.38,1.11,0.11,269694
2020-04-17,Hessen,Bergstraße,0.37,1,0,0.0,293,3,1.02,108.64,1.11,0.11,269694
2020-04-16,Hessen,Bergstraße,0.74,2,0,0.0,292,3,1.03,108.27,1.11,0.11,269694
2020-04-14,Hessen,Bergstraße,0.74,2,0,0.0,290,3,1.03,107.53,1.11,0.11,269694
2020-04-12,Hessen,Bergstraße,0.37,1,0,0.0,288,3,1.04,106.79,1.11,0.11,269694
2020-04-11,Hessen,Bergstraße,1.48,4,0,0.0,287,3,1.05,106.42,1.11,0.11,269694
2020-04-10,Hessen,Bergstraße,0.74,2,0,0.0,283,3,1.06,104.93,1.11,0.1,269694
2020-04-09,Hessen,Bergstraße,0.74,2,0,0.0,281,3,1.07,104.19,1.11,0.1,269694
2020-04-08,Hessen,Bergstraße,2.22,6,0,0.0,279,3,1.08,103.45,1.11,0.1,269694
2020-04-07,Hessen,Bergstraße,1.85,5,0,0.0,273,3,1.1,101.23,1.11,0.1,269694
2020-04-06,Hessen,Bergstraße,1.11,3,0,0.0,268,3,1.12,99.37,1.11,0.1,269694
2020-04-05,Hessen,Bergstraße,1.11,3,0,0.0,265,3,1.13,98.26,1.11,0.1,269694
2020-04-04,Hessen,Bergstraße,0.74,2,0,0.0,262,3,1.15,97.15,1.11,0.1,269694
2020-04-03,Hessen,Bergstraße,1.11,3,0,0.0,260,3,1.15,96.41,1.11,0.1,269694
2020-04-02,Hessen,Bergstraße,2.22,6,0,0.0,257,3,1.17,95.29,1.11,0.1,269694
2020-04-01,Hessen,Bergstraße,2.22,6,0,0.0,251,3,1.2,93.07,1.11,0.09,269694
2020-03-31,Hessen,Bergstraße,3.34,9,0,0.0,245,3,1.22,90.84,1.11,0.09,269694
2020-03-30,Hessen,Bergstraße,3.34,9,0,0.0,236,3,1.27,87.51,1.11,0.09,269694
2020-03-29,Hessen,Bergstraße,2.6,7,0,0.0,227,3,1.32,84.17,1.11,0.08,269694
2020-03-28,Hessen,Bergstraße,2.6,7,0,0.0,220,3,1.36,81.57,1.11,0.08,269694
2020-03-27,Hessen,Bergstraße,0.74,2,0,0.0,213,3,1.41,78.98,1.11,0.08,269694
2020-03-26,Hessen,Bergstraße,4.08,11,0,0.0,211,3,1.42,78.24,1.11,0.08,269694
2020-03-25,Hessen,Bergstraße,3.34,9,0,0.0,200,3,1.5,74.16,1.11,0.07,269694
2020-03-24,Hessen,Bergstraße,2.22,6,0,0.0,191,3,1.57,70.82,1.11,0.07,269694
2020-03-23,Hessen,Bergstraße,3.71,10,0,0.0,185,3,1.62,68.6,1.11,0.07,269694
2020-03-22,Hessen,Bergstraße,3.34,9,1,0.37,175,3,1.71,64.89,1.11,0.06,269694
2020-03-21,Hessen,Bergstraße,3.34,9,0,0.0,166,2,1.2,61.55,0.74,0.06,269694
2020-03-20,Hessen,Bergstraße,4.08,11,0,0.0,157,2,1.27,58.21,0.74,0.06,269694
2020-03-19,Hessen,Bergstraße,7.05,19,0,0.0,146,2,1.37,54.14,0.74,0.05,269694
2020-03-18,Hessen,Bergstraße,5.93,16,1,0.37,127,2,1.57,47.09,0.74,0.05,269694
2020-03-17,Hessen,Bergstraße,5.56,15,1,0.37,111,1,0.9,41.16,0.37,0.04,269694
2020-03-16,Hessen,Bergstraße,8.16,22,0,0.0,96,0,0.0,35.6,0.0,0.04,269694
2020-03-15,Hessen,Bergstraße,4.45,12,0,0.0,74,0,0.0,27.44,0.0,0.03,269694
2020-03-14,Hessen,Bergstraße,3.71,10,0,0.0,62,0,0.0,22.99,0.0,0.02,269694
2020-03-13,Hessen,Bergstraße,3.71,10,0,0.0,52,0,0.0,19.28,0.0,0.02,269694
2020-03-12,Hessen,Bergstraße,4.08,11,0,0.0,42,0,0.0,15.57,0.0,0.02,269694
2020-03-11,Hessen,Bergstraße,2.97,8,0,0.0,31,0,0.0,11.49,0.0,0.01,269694
2020-03-10,Hessen,Bergstraße,1.11,3,0,0.0,23,0,0.0,8.53,0.0,0.01,269694
2020-03-09,Hessen,Bergstraße,0.37,1,0,0.0,20,0,0.0,7.42,0.0,0.01,269694
2020-03-08,Hessen,Bergstraße,2.22,6,0,0.0,19,0,0.0,7.05,0.0,0.01,269694
2020-03-07,Hessen,Bergstraße,1.85,5,0,0.0,13,0,0.0,4.82,0.0,0.0,269694
2020-03-06,Hessen,Bergstraße,1.11,3,0,0.0,8,0,0.0,2.97,0.0,0.0,269694
2020-03-03,Hessen,Bergstraße,1.11,3,0,0.0,5,0,0.0,1.85,0.0,0.0,269694
2020-02-25,Hessen,Bergstraße,0.37,1,0,0.0,2,0,0.0,0.74,0.0,0.0,269694
2020-02-10,Hessen,Bergstraße,0.37,1,0,0.0,1,0,0.0,0.37,0.0,0.0,269694
