date,state,district,new_cases_100k,new_cases,new_deaths,new_deaths_100k,total_cases,total_deaths,cfr%,total_cases_100k,total_deaths_100k,%infected,population
2020-08-10,Hessen,Main-Kinzig-Kreis,2.62,11,0,0.0,921,50,5.43,219.0,11.89,0.22,420552
2020-08-08,Hessen,Main-Kinzig-Kreis,0.48,2,0,0.0,910,50,5.49,216.38,11.89,0.22,420552
2020-08-07,Hessen,Main-Kinzig-Kreis,0.71,3,0,0.0,908,50,5.51,215.91,11.89,0.22,420552
2020-08-06,Hessen,Main-Kinzig-Kreis,0.48,2,0,0.0,905,50,5.52,215.19,11.89,0.22,420552
2020-08-05,Hessen,Main-Kinzig-Kreis,0.48,2,0,0.0,903,50,5.54,214.72,11.89,0.21,420552
2020-08-04,Hessen,Main-Kinzig-Kreis,1.19,5,0,0.0,901,50,5.55,214.24,11.89,0.21,420552
2020-08-03,Hessen,Main-Kinzig-Kreis,2.14,9,0,0.0,896,50,5.58,213.05,11.89,0.21,420552
2020-08-02,Hessen,Main-Kinzig-Kreis,0.71,3,0,0.0,887,50,5.64,210.91,11.89,0.21,420552
2020-07-31,Hessen,Main-Kinzig-Kreis,0.24,1,0,0.0,884,50,5.66,210.2,11.89,0.21,420552
2020-07-30,Hessen,Main-Kinzig-Kreis,1.66,7,0,0.0,883,50,5.66,209.96,11.89,0.21,420552
2020-07-29,Hessen,Main-Kinzig-Kreis,1.19,5,0,0.0,876,50,5.71,208.3,11.89,0.21,420552
2020-07-28,Hessen,Main-Kinzig-Kreis,0.48,2,0,0.0,871,50,5.74,207.11,11.89,0.21,420552
2020-07-27,Hessen,Main-Kinzig-Kreis,1.43,6,0,0.0,869,50,5.75,206.63,11.89,0.21,420552
2020-07-26,Hessen,Main-Kinzig-Kreis,0.24,1,0,0.0,863,50,5.79,205.21,11.89,0.21,420552
2020-07-25,Hessen,Main-Kinzig-Kreis,0.48,2,0,0.0,862,50,5.8,204.97,11.89,0.2,420552
2020-07-24,Hessen,Main-Kinzig-Kreis,0.48,2,0,0.0,860,50,5.81,204.49,11.89,0.2,420552
2020-07-22,Hessen,Main-Kinzig-Kreis,0.71,3,0,0.0,858,50,5.83,204.02,11.89,0.2,420552
2020-07-21,Hessen,Main-Kinzig-Kreis,2.38,10,0,0.0,855,50,5.85,203.3,11.89,0.2,420552
2020-07-20,Hessen,Main-Kinzig-Kreis,0.24,1,0,0.0,845,50,5.92,200.93,11.89,0.2,420552
2020-07-19,Hessen,Main-Kinzig-Kreis,0.24,1,0,0.0,844,50,5.92,200.69,11.89,0.2,420552
2020-07-18,Hessen,Main-Kinzig-Kreis,0.95,4,0,0.0,843,50,5.93,200.45,11.89,0.2,420552
2020-07-17,Hessen,Main-Kinzig-Kreis,1.66,7,0,0.0,839,50,5.96,199.5,11.89,0.2,420552
2020-07-16,Hessen,Main-Kinzig-Kreis,0.48,2,0,0.0,832,50,6.01,197.84,11.89,0.2,420552
2020-07-15,Hessen,Main-Kinzig-Kreis,1.66,7,0,0.0,830,50,6.02,197.36,11.89,0.2,420552
2020-07-14,Hessen,Main-Kinzig-Kreis,0.48,2,0,0.0,823,50,6.08,195.7,11.89,0.2,420552
2020-07-13,Hessen,Main-Kinzig-Kreis,0.24,1,0,0.0,821,50,6.09,195.22,11.89,0.2,420552
2020-07-12,Hessen,Main-Kinzig-Kreis,0.24,1,0,0.0,820,50,6.1,194.98,11.89,0.19,420552
2020-07-11,Hessen,Main-Kinzig-Kreis,0.48,2,0,0.0,819,50,6.11,194.74,11.89,0.19,420552
2020-07-10,Hessen,Main-Kinzig-Kreis,0.48,2,0,0.0,817,50,6.12,194.27,11.89,0.19,420552
2020-07-09,Hessen,Main-Kinzig-Kreis,0.48,2,0,0.0,815,50,6.13,193.79,11.89,0.19,420552
2020-07-08,Hessen,Main-Kinzig-Kreis,0.24,1,0,0.0,813,50,6.15,193.32,11.89,0.19,420552
2020-07-07,Hessen,Main-Kinzig-Kreis,0.24,1,0,0.0,812,50,6.16,193.08,11.89,0.19,420552
2020-07-06,Hessen,Main-Kinzig-Kreis,0.71,3,0,0.0,811,50,6.17,192.84,11.89,0.19,420552
2020-07-05,Hessen,Main-Kinzig-Kreis,0.24,1,0,0.0,808,50,6.19,192.13,11.89,0.19,420552
2020-07-03,Hessen,Main-Kinzig-Kreis,0.71,3,1,0.24,807,50,6.2,191.89,11.89,0.19,420552
2020-07-02,Hessen,Main-Kinzig-Kreis,0.48,2,0,0.0,804,49,6.09,191.18,11.65,0.19,420552
2020-07-01,Hessen,Main-Kinzig-Kreis,1.9,8,0,0.0,802,49,6.11,190.7,11.65,0.19,420552
2020-06-30,Hessen,Main-Kinzig-Kreis,1.43,6,0,0.0,794,49,6.17,188.8,11.65,0.19,420552
2020-06-29,Hessen,Main-Kinzig-Kreis,0.24,1,0,0.0,788,49,6.22,187.37,11.65,0.19,420552
2020-06-28,Hessen,Main-Kinzig-Kreis,0.24,1,0,0.0,787,49,6.23,187.14,11.65,0.19,420552
2020-06-27,Hessen,Main-Kinzig-Kreis,0.71,3,0,0.0,786,49,6.23,186.9,11.65,0.19,420552
2020-06-26,Hessen,Main-Kinzig-Kreis,0.95,4,0,0.0,783,49,6.26,186.18,11.65,0.19,420552
2020-06-25,Hessen,Main-Kinzig-Kreis,0.24,1,0,0.0,779,49,6.29,185.23,11.65,0.19,420552
2020-06-24,Hessen,Main-Kinzig-Kreis,0.48,2,0,0.0,778,49,6.3,184.99,11.65,0.18,420552
2020-06-23,Hessen,Main-Kinzig-Kreis,1.43,6,0,0.0,776,49,6.31,184.52,11.65,0.18,420552
2020-06-22,Hessen,Main-Kinzig-Kreis,0.48,2,0,0.0,770,49,6.36,183.09,11.65,0.18,420552
2020-06-21,Hessen,Main-Kinzig-Kreis,0.48,2,0,0.0,768,49,6.38,182.62,11.65,0.18,420552
2020-06-20,Hessen,Main-Kinzig-Kreis,0.24,1,0,0.0,766,49,6.4,182.14,11.65,0.18,420552
2020-06-19,Hessen,Main-Kinzig-Kreis,0.24,1,0,0.0,765,49,6.41,181.9,11.65,0.18,420552
2020-06-17,Hessen,Main-Kinzig-Kreis,0.24,1,0,0.0,764,49,6.41,181.67,11.65,0.18,420552
2020-06-15,Hessen,Main-Kinzig-Kreis,0.24,1,0,0.0,763,49,6.42,181.43,11.65,0.18,420552
2020-06-13,Hessen,Main-Kinzig-Kreis,0.48,2,0,0.0,762,49,6.43,181.19,11.65,0.18,420552
2020-06-07,Hessen,Main-Kinzig-Kreis,0.24,1,0,0.0,760,49,6.45,180.71,11.65,0.18,420552
2020-06-04,Hessen,Main-Kinzig-Kreis,0.24,1,0,0.0,759,49,6.46,180.48,11.65,0.18,420552
2020-06-03,Hessen,Main-Kinzig-Kreis,0.95,4,0,0.0,758,49,6.46,180.24,11.65,0.18,420552
2020-06-02,Hessen,Main-Kinzig-Kreis,0.24,1,0,0.0,754,49,6.5,179.29,11.65,0.18,420552
2020-05-31,Hessen,Main-Kinzig-Kreis,0.24,1,0,0.0,753,49,6.51,179.05,11.65,0.18,420552
2020-05-30,Hessen,Main-Kinzig-Kreis,0.48,2,0,0.0,752,49,6.52,178.81,11.65,0.18,420552
2020-05-29,Hessen,Main-Kinzig-Kreis,0.71,3,0,0.0,750,49,6.53,178.34,11.65,0.18,420552
2020-05-28,Hessen,Main-Kinzig-Kreis,0.71,3,0,0.0,747,49,6.56,177.62,11.65,0.18,420552
2020-05-26,Hessen,Main-Kinzig-Kreis,2.85,12,0,0.0,744,49,6.59,176.91,11.65,0.18,420552
2020-05-25,Hessen,Main-Kinzig-Kreis,0.24,1,0,0.0,732,49,6.69,174.06,11.65,0.17,420552
2020-05-23,Hessen,Main-Kinzig-Kreis,0.71,3,0,0.0,731,49,6.7,173.82,11.65,0.17,420552
2020-05-22,Hessen,Main-Kinzig-Kreis,1.19,5,0,0.0,728,49,6.73,173.11,11.65,0.17,420552
2020-05-21,Hessen,Main-Kinzig-Kreis,0.24,1,0,0.0,723,49,6.78,171.92,11.65,0.17,420552
2020-05-20,Hessen,Main-Kinzig-Kreis,0.95,4,0,0.0,722,49,6.79,171.68,11.65,0.17,420552
2020-05-19,Hessen,Main-Kinzig-Kreis,0.24,1,0,0.0,718,49,6.82,170.73,11.65,0.17,420552
2020-05-18,Hessen,Main-Kinzig-Kreis,2.38,10,0,0.0,717,49,6.83,170.49,11.65,0.17,420552
2020-05-17,Hessen,Main-Kinzig-Kreis,0.24,1,0,0.0,707,49,6.93,168.11,11.65,0.17,420552
2020-05-16,Hessen,Main-Kinzig-Kreis,0.48,2,0,0.0,706,49,6.94,167.87,11.65,0.17,420552
2020-05-15,Hessen,Main-Kinzig-Kreis,1.43,6,0,0.0,704,49,6.96,167.4,11.65,0.17,420552
2020-05-14,Hessen,Main-Kinzig-Kreis,0.95,4,0,0.0,698,49,7.02,165.97,11.65,0.17,420552
2020-05-13,Hessen,Main-Kinzig-Kreis,2.38,10,0,0.0,694,49,7.06,165.02,11.65,0.17,420552
2020-05-12,Hessen,Main-Kinzig-Kreis,1.43,6,1,0.24,684,49,7.16,162.64,11.65,0.16,420552
2020-05-11,Hessen,Main-Kinzig-Kreis,1.43,6,0,0.0,678,48,7.08,161.22,11.41,0.16,420552
2020-05-10,Hessen,Main-Kinzig-Kreis,0.24,1,0,0.0,672,48,7.14,159.79,11.41,0.16,420552
2020-05-09,Hessen,Main-Kinzig-Kreis,0.48,2,0,0.0,671,48,7.15,159.55,11.41,0.16,420552
2020-05-08,Hessen,Main-Kinzig-Kreis,1.43,6,1,0.24,669,48,7.17,159.08,11.41,0.16,420552
2020-05-07,Hessen,Main-Kinzig-Kreis,1.66,7,0,0.0,663,47,7.09,157.65,11.18,0.16,420552
2020-05-06,Hessen,Main-Kinzig-Kreis,0.48,2,0,0.0,656,47,7.16,155.99,11.18,0.16,420552
2020-05-05,Hessen,Main-Kinzig-Kreis,0.95,4,1,0.24,654,47,7.19,155.51,11.18,0.16,420552
2020-05-04,Hessen,Main-Kinzig-Kreis,1.66,7,0,0.0,650,46,7.08,154.56,10.94,0.15,420552
2020-05-03,Hessen,Main-Kinzig-Kreis,0.71,3,0,0.0,643,46,7.15,152.89,10.94,0.15,420552
2020-05-02,Hessen,Main-Kinzig-Kreis,0.48,2,0,0.0,640,46,7.19,152.18,10.94,0.15,420552
2020-05-01,Hessen,Main-Kinzig-Kreis,3.09,13,0,0.0,638,46,7.21,151.71,10.94,0.15,420552
2020-04-30,Hessen,Main-Kinzig-Kreis,1.9,8,1,0.24,625,46,7.36,148.61,10.94,0.15,420552
2020-04-29,Hessen,Main-Kinzig-Kreis,2.14,9,0,0.0,617,45,7.29,146.71,10.7,0.15,420552
2020-04-28,Hessen,Main-Kinzig-Kreis,2.62,11,2,0.48,608,45,7.4,144.57,10.7,0.14,420552
2020-04-27,Hessen,Main-Kinzig-Kreis,0.48,2,0,0.0,597,43,7.2,141.96,10.22,0.14,420552
2020-04-26,Hessen,Main-Kinzig-Kreis,1.19,5,0,0.0,595,43,7.23,141.48,10.22,0.14,420552
2020-04-25,Hessen,Main-Kinzig-Kreis,2.14,9,0,0.0,590,43,7.29,140.29,10.22,0.14,420552
2020-04-24,Hessen,Main-Kinzig-Kreis,3.09,13,0,0.0,581,43,7.4,138.15,10.22,0.14,420552
2020-04-23,Hessen,Main-Kinzig-Kreis,1.19,5,0,0.0,568,43,7.57,135.06,10.22,0.14,420552
2020-04-22,Hessen,Main-Kinzig-Kreis,5.23,22,1,0.24,563,43,7.64,133.87,10.22,0.13,420552
2020-04-21,Hessen,Main-Kinzig-Kreis,3.8,16,1,0.24,541,42,7.76,128.64,9.99,0.13,420552
2020-04-20,Hessen,Main-Kinzig-Kreis,2.38,10,0,0.0,525,41,7.81,124.84,9.75,0.12,420552
2020-04-19,Hessen,Main-Kinzig-Kreis,2.14,9,1,0.24,515,41,7.96,122.46,9.75,0.12,420552
2020-04-18,Hessen,Main-Kinzig-Kreis,3.57,15,3,0.71,506,40,7.91,120.32,9.51,0.12,420552
2020-04-17,Hessen,Main-Kinzig-Kreis,4.28,18,3,0.71,491,37,7.54,116.75,8.8,0.12,420552
2020-04-16,Hessen,Main-Kinzig-Kreis,1.9,8,0,0.0,473,34,7.19,112.47,8.08,0.11,420552
2020-04-15,Hessen,Main-Kinzig-Kreis,4.52,19,0,0.0,465,34,7.31,110.57,8.08,0.11,420552
2020-04-14,Hessen,Main-Kinzig-Kreis,1.9,8,2,0.48,446,34,7.62,106.05,8.08,0.11,420552
2020-04-13,Hessen,Main-Kinzig-Kreis,2.38,10,2,0.48,438,32,7.31,104.15,7.61,0.1,420552
2020-04-12,Hessen,Main-Kinzig-Kreis,1.43,6,1,0.24,428,30,7.01,101.77,7.13,0.1,420552
2020-04-11,Hessen,Main-Kinzig-Kreis,3.33,14,3,0.71,422,29,6.87,100.34,6.9,0.1,420552
2020-04-10,Hessen,Main-Kinzig-Kreis,2.38,10,1,0.24,408,26,6.37,97.02,6.18,0.1,420552
2020-04-09,Hessen,Main-Kinzig-Kreis,3.57,15,3,0.71,398,25,6.28,94.64,5.94,0.09,420552
2020-04-08,Hessen,Main-Kinzig-Kreis,2.62,11,2,0.48,383,22,5.74,91.07,5.23,0.09,420552
2020-04-07,Hessen,Main-Kinzig-Kreis,4.99,21,1,0.24,372,20,5.38,88.46,4.76,0.09,420552
2020-04-06,Hessen,Main-Kinzig-Kreis,3.8,16,2,0.48,351,19,5.41,83.46,4.52,0.08,420552
2020-04-05,Hessen,Main-Kinzig-Kreis,1.66,7,2,0.48,335,17,5.07,79.66,4.04,0.08,420552
2020-04-04,Hessen,Main-Kinzig-Kreis,2.62,11,1,0.24,328,15,4.57,77.99,3.57,0.08,420552
2020-04-03,Hessen,Main-Kinzig-Kreis,4.28,18,3,0.71,317,14,4.42,75.38,3.33,0.08,420552
2020-04-02,Hessen,Main-Kinzig-Kreis,1.9,8,0,0.0,299,11,3.68,71.1,2.62,0.07,420552
2020-04-01,Hessen,Main-Kinzig-Kreis,5.47,23,1,0.24,291,11,3.78,69.19,2.62,0.07,420552
2020-03-31,Hessen,Main-Kinzig-Kreis,1.43,6,1,0.24,268,10,3.73,63.73,2.38,0.06,420552
2020-03-30,Hessen,Main-Kinzig-Kreis,2.14,9,1,0.24,262,9,3.44,62.3,2.14,0.06,420552
2020-03-29,Hessen,Main-Kinzig-Kreis,3.09,13,1,0.24,253,8,3.16,60.16,1.9,0.06,420552
2020-03-28,Hessen,Main-Kinzig-Kreis,2.14,9,0,0.0,240,7,2.92,57.07,1.66,0.06,420552
2020-03-27,Hessen,Main-Kinzig-Kreis,3.8,16,0,0.0,231,7,3.03,54.93,1.66,0.05,420552
2020-03-26,Hessen,Main-Kinzig-Kreis,2.38,10,1,0.24,215,7,3.26,51.12,1.66,0.05,420552
2020-03-25,Hessen,Main-Kinzig-Kreis,4.99,21,1,0.24,205,6,2.93,48.75,1.43,0.05,420552
2020-03-24,Hessen,Main-Kinzig-Kreis,1.66,7,0,0.0,184,5,2.72,43.75,1.19,0.04,420552
2020-03-23,Hessen,Main-Kinzig-Kreis,3.8,16,1,0.24,177,5,2.82,42.09,1.19,0.04,420552
2020-03-22,Hessen,Main-Kinzig-Kreis,2.14,9,0,0.0,161,4,2.48,38.28,0.95,0.04,420552
2020-03-21,Hessen,Main-Kinzig-Kreis,1.9,8,0,0.0,152,4,2.63,36.14,0.95,0.04,420552
2020-03-20,Hessen,Main-Kinzig-Kreis,2.14,9,0,0.0,144,4,2.78,34.24,0.95,0.03,420552
2020-03-19,Hessen,Main-Kinzig-Kreis,2.38,10,2,0.48,135,4,2.96,32.1,0.95,0.03,420552
2020-03-18,Hessen,Main-Kinzig-Kreis,4.28,18,1,0.24,125,2,1.6,29.72,0.48,0.03,420552
2020-03-17,Hessen,Main-Kinzig-Kreis,2.38,10,0,0.0,107,1,0.93,25.44,0.24,0.03,420552
2020-03-16,Hessen,Main-Kinzig-Kreis,3.09,13,1,0.24,97,1,1.03,23.06,0.24,0.02,420552
2020-03-15,Hessen,Main-Kinzig-Kreis,1.66,7,0,0.0,84,0,0.0,19.97,0.0,0.02,420552
2020-03-14,Hessen,Main-Kinzig-Kreis,1.66,7,0,0.0,77,0,0.0,18.31,0.0,0.02,420552
2020-03-13,Hessen,Main-Kinzig-Kreis,4.28,18,0,0.0,70,0,0.0,16.64,0.0,0.02,420552
2020-03-12,Hessen,Main-Kinzig-Kreis,3.33,14,0,0.0,52,0,0.0,12.36,0.0,0.01,420552
2020-03-11,Hessen,Main-Kinzig-Kreis,2.14,9,0,0.0,38,0,0.0,9.04,0.0,0.01,420552
2020-03-10,Hessen,Main-Kinzig-Kreis,1.43,6,0,0.0,29,0,0.0,6.9,0.0,0.01,420552
2020-03-09,Hessen,Main-Kinzig-Kreis,1.19,5,0,0.0,23,0,0.0,5.47,0.0,0.01,420552
2020-03-08,Hessen,Main-Kinzig-Kreis,1.9,8,0,0.0,18,0,0.0,4.28,0.0,0.0,420552
2020-03-07,Hessen,Main-Kinzig-Kreis,0.71,3,0,0.0,10,0,0.0,2.38,0.0,0.0,420552
2020-03-04,Hessen,Main-Kinzig-Kreis,0.24,1,0,0.0,7,0,0.0,1.66,0.0,0.0,420552
2020-03-02,Hessen,Main-Kinzig-Kreis,0.48,2,0,0.0,6,0,0.0,1.43,0.0,0.0,420552
2020-02-27,Hessen,Main-Kinzig-Kreis,0.24,1,0,0.0,4,0,0.0,0.95,0.0,0.0,420552
2020-02-25,Hessen,Main-Kinzig-Kreis,0.24,1,0,0.0,3,0,0.0,0.71,0.0,0.0,420552
2020-02-23,Hessen,Main-Kinzig-Kreis,0.24,1,0,0.0,2,0,0.0,0.48,0.0,0.0,420552
2020-02-20,Hessen,Main-Kinzig-Kreis,0.24,1,0,0.0,1,0,0.0,0.24,0.0,0.0,420552
