date,state,city,1day_cases_100k,new_cases,new_deaths,new_deaths_100k,total_cases,total_deaths,cfr%,total_cases_100k,total_deaths_100k,%infected,population,7day_cases_100k,7day_cases_change,28day_cases_100k,28day_cases_change
2020-09-02,Rio Grande do Sul,Antônio Prado,199.23,26,0,0.0,320,5,1.56,2452.11,38.31,2.45,13050,819.92,15.32,1992.33,137.93
2020-09-01,Rio Grande do Sul,Antônio Prado,107.28,14,0,0.0,294,5,1.7,2252.87,38.31,2.25,13050,804.6,107.28,1854.4,107.28
2020-08-31,Rio Grande do Sul,Antônio Prado,7.66,1,1,7.66,280,5,1.79,2145.59,38.31,2.15,13050,697.32,-84.29,1747.12,7.66
2020-08-30,Rio Grande do Sul,Antônio Prado,0.0,0,0,0.0,279,4,1.43,2137.93,30.65,2.14,13050,781.61,-268.2,1739.46,-76.63
2020-08-29,Rio Grande do Sul,Antônio Prado,99.62,13,0,0.0,279,4,1.43,2137.93,30.65,2.14,13050,1049.81,99.62,1816.09,99.62
2020-08-28,Rio Grande do Sul,Antônio Prado,291.19,38,0,0.0,266,4,1.5,2038.31,30.65,2.04,13050,950.19,291.19,1716.47,283.53
2020-08-26,Rio Grande do Sul,Antônio Prado,114.94,15,0,0.0,228,4,1.75,1747.13,30.65,1.75,13050,659.0,76.63,1432.94,76.63
2020-08-25,Rio Grande do Sul,Antônio Prado,183.91,24,0,0.0,213,4,1.88,1632.18,30.65,1.63,13050,582.37,107.28,1356.31,168.58
2020-08-24,Rio Grande do Sul,Antônio Prado,0.0,0,1,7.66,189,4,2.12,1448.28,30.65,1.45,13050,475.09,0.0,1187.73,0.0
2020-08-23,Rio Grande do Sul,Antônio Prado,91.95,12,0,0.0,189,3,1.59,1448.28,22.99,1.45,13050,475.09,84.29,1187.73,91.95
2020-08-22,Rio Grande do Sul,Antônio Prado,268.2,35,0,0.0,177,3,1.69,1356.32,22.99,1.36,13050,390.8,168.58,1095.78,237.55
2020-08-21,Rio Grande do Sul,Antônio Prado,0.0,0,0,0.0,142,3,2.11,1088.12,22.99,1.09,13050,222.22,-22.99,858.23,-7.66
2020-08-20,Rio Grande do Sul,Antônio Prado,0.0,0,0,0.0,142,3,2.11,1088.12,22.99,1.09,13050,245.21,-84.29,865.89,-15.33
2020-08-19,Rio Grande do Sul,Antônio Prado,38.31,5,0,0.0,142,3,2.11,1088.12,22.99,1.09,13050,329.5,7.66,881.22,-38.32
2020-08-18,Rio Grande do Sul,Antônio Prado,76.63,10,0,0.0,137,3,2.19,1049.81,22.99,1.05,13050,321.84,0.0,919.54,76.63
2020-08-17,Rio Grande do Sul,Antônio Prado,0.0,0,0,0.0,127,3,2.36,973.18,22.99,0.97,13050,321.84,0.0,842.91,0.0
2020-08-16,Rio Grande do Sul,Antônio Prado,7.66,1,1,7.66,127,3,2.36,973.18,22.99,0.97,13050,321.84,7.66,842.91,7.66
2020-08-15,Rio Grande do Sul,Antônio Prado,99.62,13,0,0.0,126,2,1.59,965.52,15.33,0.97,13050,314.18,-68.96,835.25,91.96
2020-08-14,Rio Grande do Sul,Antônio Prado,22.99,3,0,0.0,113,2,1.77,865.9,15.33,0.87,13050,383.14,22.99,743.29,22.99
2020-08-13,Rio Grande do Sul,Antônio Prado,84.29,11,0,0.0,110,2,1.82,842.91,15.33,0.84,13050,360.15,61.3,720.3,84.29
2020-08-12,Rio Grande do Sul,Antônio Prado,30.65,4,0,0.0,99,2,2.02,758.62,15.33,0.76,13050,298.85,30.65,636.01,22.99
2020-08-11,Rio Grande do Sul,Antônio Prado,76.63,10,0,0.0,95,2,2.11,727.97,15.33,0.73,13050,268.2,15.33,613.02,76.63
2020-08-10,Rio Grande do Sul,Antônio Prado,0.0,0,0,0.0,85,2,2.35,651.34,15.33,0.65,13050,252.87,0.0,536.39,0.0
2020-08-09,Rio Grande do Sul,Antônio Prado,0.0,0,0,0.0,85,2,2.35,651.34,15.33,0.65,13050,252.87,0.0,536.39,0.0
2020-08-08,Rio Grande do Sul,Antônio Prado,168.58,22,0,0.0,85,2,2.35,651.34,15.33,0.65,13050,252.87,91.95,536.39,168.58
2020-08-07,Rio Grande do Sul,Antônio Prado,0.0,0,0,0.0,63,2,3.17,482.76,15.33,0.48,13050,160.92,0.0,367.81,0.0
2020-08-06,Rio Grande do Sul,Antônio Prado,22.99,3,0,0.0,63,2,3.17,482.76,15.33,0.48,13050,160.92,15.33,367.81,22.99
2020-08-05,Rio Grande do Sul,Antônio Prado,0.0,0,0,0.0,60,2,3.33,459.77,15.33,0.46,13050,145.59,-38.31,344.82,0.0
2020-08-04,Rio Grande do Sul,Antônio Prado,61.3,8,0,0.0,60,2,3.33,459.77,15.33,0.46,13050,183.9,45.97,344.82,61.3
2020-08-03,Rio Grande do Sul,Antônio Prado,0.0,0,0,0.0,52,2,3.85,398.47,15.33,0.4,13050,137.93,0.0,283.52,-7.66
2020-08-02,Rio Grande do Sul,Antônio Prado,0.0,0,0,0.0,52,2,3.85,398.47,15.33,0.4,13050,137.93,0.0,291.18,0.0
2020-08-01,Rio Grande do Sul,Antônio Prado,76.63,10,0,0.0,52,2,3.85,398.47,15.33,0.4,13050,137.93,45.98,291.18,76.63
2020-07-31,Rio Grande do Sul,Antônio Prado,0.0,0,0,0.0,42,2,4.76,321.84,15.33,0.32,13050,91.95,-7.66,214.55,-7.66
2020-07-30,Rio Grande do Sul,Antônio Prado,7.66,1,0,0.0,42,2,4.76,321.84,15.33,0.32,13050,99.61,-7.67,222.21,0.0
2020-07-29,Rio Grande do Sul,Antônio Prado,38.31,5,1,7.66,41,2,4.88,314.18,15.33,0.31,13050,107.28,-38.32,222.21,38.31
2020-07-28,Rio Grande do Sul,Antônio Prado,15.33,2,0,0.0,36,1,2.78,275.86,7.66,0.28,13050,145.6,15.33,183.9,7.67
2020-07-27,Rio Grande do Sul,Antônio Prado,0.0,0,0,0.0,34,1,2.94,260.54,7.66,0.26,13050,130.27,0.0,176.23,0.0
2020-07-26,Rio Grande do Sul,Antônio Prado,0.0,0,0,0.0,34,1,2.94,260.54,7.66,0.26,13050,130.27,0.0,176.23,0.0
2020-07-25,Rio Grande do Sul,Antônio Prado,30.65,4,0,0.0,34,1,2.94,260.54,7.66,0.26,13050,130.27,22.99,176.23,30.65
2020-07-24,Rio Grande do Sul,Antônio Prado,7.66,1,0,0.0,30,1,3.33,229.89,7.66,0.23,13050,107.28,7.66,145.58,7.66
2020-07-23,Rio Grande do Sul,Antônio Prado,15.33,2,0,0.0,29,1,3.45,222.22,7.66,0.22,13050,99.62,15.33,137.92,7.67
2020-07-22,Rio Grande do Sul,Antônio Prado,76.63,10,0,0.0,27,1,3.7,206.9,7.66,0.21,13050,84.29,68.97,130.25,76.63
2020-07-21,Rio Grande do Sul,Antônio Prado,0.0,0,0,0.0,17,1,5.88,130.27,7.66,0.13,13050,15.32,0.0,53.62,-30.65
2020-07-20,Rio Grande do Sul,Antônio Prado,0.0,0,0,0.0,17,1,5.88,130.27,7.66,0.13,13050,15.32,0.0,84.27,-15.33
2020-07-19,Rio Grande do Sul,Antônio Prado,0.0,0,1,7.66,17,1,5.88,130.27,7.66,0.13,13050,15.32,0.0,99.6,0.0
2020-07-18,Rio Grande do Sul,Antônio Prado,7.66,1,0,0.0,17,0,0.0,130.27,0.0,0.13,13050,15.32,7.66,99.6,7.66
2020-07-17,Rio Grande do Sul,Antônio Prado,0.0,0,0,0.0,16,0,0.0,122.61,0.0,0.12,13050,7.66,0.0,91.94,-7.66
2020-07-16,Rio Grande do Sul,Antônio Prado,0.0,0,0,0.0,16,0,0.0,122.61,0.0,0.12,13050,7.66,0.0,99.6,0.0
2020-07-15,Rio Grande do Sul,Antônio Prado,7.66,1,0,0.0,16,0,0.0,122.61,0.0,0.12,13050,7.66,7.66,99.6,7.66
2020-07-14,Rio Grande do Sul,Antônio Prado,0.0,0,0,0.0,15,0,0.0,114.94,0.0,0.11,13050,0.0,0.0,91.94,0.0
2020-07-13,Rio Grande do Sul,Antônio Prado,0.0,0,0,0.0,15,0,0.0,114.94,0.0,0.11,13050,0.0,-7.66,91.94,0.0
2020-07-12,Rio Grande do Sul,Antônio Prado,0.0,0,0,0.0,15,0,0.0,114.94,0.0,0.11,13050,7.66,0.0,91.94,0.0
2020-07-11,Rio Grande do Sul,Antônio Prado,0.0,0,0,0.0,15,0,0.0,114.94,0.0,0.11,13050,7.66,0.0,91.94,-7.66
2020-07-10,Rio Grande do Sul,Antônio Prado,0.0,0,0,0.0,15,0,0.0,114.94,0.0,0.11,13050,7.66,-7.66,99.6,0.0
2020-07-09,Rio Grande do Sul,Antônio Prado,0.0,0,0,0.0,15,0,0.0,114.94,0.0,0.11,13050,15.32,-7.66,99.6,0.0
2020-07-08,Rio Grande do Sul,Antônio Prado,0.0,0,0,0.0,15,0,0.0,114.94,0.0,0.11,13050,22.98,0.0,99.6,0.0
2020-07-07,Rio Grande do Sul,Antônio Prado,0.0,0,0,0.0,15,0,0.0,114.94,0.0,0.11,13050,22.98,-7.66,99.6,0.0
2020-07-06,Rio Grande do Sul,Antônio Prado,7.66,1,0,0.0,15,0,0.0,114.94,0.0,0.11,13050,30.64,7.66,99.6,7.66
2020-07-05,Rio Grande do Sul,Antônio Prado,0.0,0,0,0.0,14,0,0.0,107.28,0.0,0.11,13050,22.98,0.0,91.94,0.0
2020-07-04,Rio Grande do Sul,Antônio Prado,0.0,0,0,0.0,14,0,0.0,107.28,0.0,0.11,13050,22.98,0.0,91.94,0.0
2020-07-03,Rio Grande do Sul,Antônio Prado,7.66,1,0,0.0,14,0,0.0,107.28,0.0,0.11,13050,22.98,7.66,91.94,7.66
2020-07-02,Rio Grande do Sul,Antônio Prado,7.66,1,0,0.0,13,0,0.0,99.62,0.0,0.1,13050,15.32,0.0,84.28,7.66
2020-07-01,Rio Grande do Sul,Antônio Prado,0.0,0,0,0.0,12,0,0.0,91.95,0.0,0.09,13050,15.32,0.0,76.62,0.0
2020-06-30,Rio Grande do Sul,Antônio Prado,7.66,1,0,0.0,12,0,0.0,91.95,0.0,0.09,13050,15.32,-22.99,76.62,7.66
2020-06-29,Rio Grande do Sul,Antônio Prado,0.0,0,0,0.0,11,0,0.0,84.29,0.0,0.08,13050,38.31,-15.33,68.96,0.0
2020-06-28,Rio Grande do Sul,Antônio Prado,0.0,0,0,0.0,11,0,0.0,84.29,0.0,0.08,13050,53.64,0.0,68.96,0.0
2020-06-27,Rio Grande do Sul,Antônio Prado,0.0,0,0,0.0,11,0,0.0,84.29,0.0,0.08,13050,53.64,0.0,68.96,0.0
2020-06-26,Rio Grande do Sul,Antônio Prado,0.0,0,0,0.0,11,0,0.0,84.29,0.0,0.08,13050,53.64,-7.66,68.96,0.0
2020-06-25,Rio Grande do Sul,Antônio Prado,7.66,1,0,0.0,11,0,0.0,84.29,0.0,0.08,13050,61.3,7.66,68.96,7.66
2020-06-24,Rio Grande do Sul,Antônio Prado,0.0,0,0,0.0,10,0,0.0,76.63,0.0,0.08,13050,53.64,0.0,61.3,0.0
2020-06-23,Rio Grande do Sul,Antônio Prado,30.65,4,0,0.0,10,0,0.0,76.63,0.0,0.08,13050,53.64,30.65,61.3,30.65
2020-06-22,Rio Grande do Sul,Antônio Prado,15.33,2,0,0.0,6,0,0.0,45.98,0.0,0.05,13050,22.99,15.33,30.65,7.67
2020-06-21,Rio Grande do Sul,Antônio Prado,0.0,0,0,0.0,4,0,0.0,30.65,0.0,0.03,13050,7.66,0.0,22.98,0.0
2020-06-20,Rio Grande do Sul,Antônio Prado,0.0,0,0,0.0,4,0,0.0,30.65,0.0,0.03,13050,7.66,-7.66,22.98,0.0
2020-06-19,Rio Grande do Sul,Antônio Prado,7.66,1,0,0.0,4,0,0.0,30.65,0.0,0.03,13050,15.32,7.66,22.98,7.66
2020-06-18,Rio Grande do Sul,Antônio Prado,0.0,0,0,0.0,3,0,0.0,22.99,0.0,0.02,13050,7.66,0.0,15.32,0.0
2020-06-17,Rio Grande do Sul,Antônio Prado,0.0,0,0,0.0,3,0,0.0,22.99,0.0,0.02,13050,7.66,0.0,15.32,0.0
2020-06-16,Rio Grande do Sul,Antônio Prado,0.0,0,0,0.0,3,0,0.0,22.99,0.0,0.02,13050,7.66,0.0,15.32,0.0
2020-06-15,Rio Grande do Sul,Antônio Prado,0.0,0,0,0.0,3,0,0.0,22.99,0.0,0.02,13050,7.66,0.0,15.32,0.0
2020-06-14,Rio Grande do Sul,Antônio Prado,0.0,0,0,0.0,3,0,0.0,22.99,0.0,0.02,13050,7.66,0.0,15.32,0.0
2020-06-13,Rio Grande do Sul,Antônio Prado,7.66,1,0,0.0,3,0,0.0,22.99,0.0,0.02,13050,7.66,7.66,15.32,7.66
2020-06-12,Rio Grande do Sul,Antônio Prado,0.0,0,0,0.0,2,0,0.0,15.33,0.0,0.02,13050,0.0,0.0,7.66,0.0
2020-06-11,Rio Grande do Sul,Antônio Prado,0.0,0,0,0.0,2,0,0.0,15.33,0.0,0.02,13050,0.0,0.0,7.66,0.0
2020-06-10,Rio Grande do Sul,Antônio Prado,0.0,0,0,0.0,2,0,0.0,15.33,0.0,0.02,13050,0.0,0.0,7.66,0.0
2020-06-09,Rio Grande do Sul,Antônio Prado,0.0,0,0,0.0,2,0,0.0,15.33,0.0,0.02,13050,0.0,0.0,7.66,0.0
2020-06-08,Rio Grande do Sul,Antônio Prado,0.0,0,0,0.0,2,0,0.0,15.33,0.0,0.02,13050,0.0,0.0,7.66,0.0
2020-06-07,Rio Grande do Sul,Antônio Prado,0.0,0,0,0.0,2,0,0.0,15.33,0.0,0.02,13050,0.0,0.0,7.66,0.0
2020-06-06,Rio Grande do Sul,Antônio Prado,0.0,0,0,0.0,2,0,0.0,15.33,0.0,0.02,13050,0.0,0.0,7.66,0.0
2020-06-05,Rio Grande do Sul,Antônio Prado,0.0,0,0,0.0,2,0,0.0,15.33,0.0,0.02,13050,0.0,0.0,7.66,0.0
2020-06-04,Rio Grande do Sul,Antônio Prado,0.0,0,0,0.0,2,0,0.0,15.33,0.0,0.02,13050,0.0,0.0,7.66,0.0
2020-06-03,Rio Grande do Sul,Antônio Prado,0.0,0,0,0.0,2,0,0.0,15.33,0.0,0.02,13050,0.0,0.0,7.66,0.0
2020-06-02,Rio Grande do Sul,Antônio Prado,0.0,0,0,0.0,2,0,0.0,15.33,0.0,0.02,13050,0.0,0.0,7.66,0.0
2020-06-01,Rio Grande do Sul,Antônio Prado,0.0,0,0,0.0,2,0,0.0,15.33,0.0,0.02,13050,0.0,-7.66,7.66,0.0
2020-05-31,Rio Grande do Sul,Antônio Prado,0.0,0,0,0.0,2,0,0.0,15.33,0.0,0.02,13050,7.66,0.0,7.66,0.0
2020-05-30,Rio Grande do Sul,Antônio Prado,0.0,0,0,0.0,2,0,0.0,15.33,0.0,0.02,13050,7.66,0.0,7.66,0.0
2020-05-29,Rio Grande do Sul,Antônio Prado,0.0,0,0,0.0,2,0,0.0,15.33,0.0,0.02,13050,7.66,0.0,7.66,0.0
2020-05-28,Rio Grande do Sul,Antônio Prado,0.0,0,0,0.0,2,0,0.0,15.33,0.0,0.02,13050,7.66,0.0,7.66,0.0
2020-05-27,Rio Grande do Sul,Antônio Prado,0.0,0,0,0.0,2,0,0.0,15.33,0.0,0.02,13050,7.66,0.0,7.66,0.0
2020-05-26,Rio Grande do Sul,Antônio Prado,0.0,0,0,0.0,2,0,0.0,15.33,0.0,0.02,13050,7.66,0.0,7.66,0.0
2020-05-25,Rio Grande do Sul,Antônio Prado,7.66,1,0,0.0,2,0,0.0,15.33,0.0,0.02,13050,7.66,7.66,7.66,7.66
2020-05-24,Rio Grande do Sul,Antônio Prado,0.0,0,0,0.0,1,0,0.0,7.66,0.0,0.01,13050,0.0,0.0,0.0,0.0
2020-05-23,Rio Grande do Sul,Antônio Prado,0.0,0,0,0.0,1,0,0.0,7.66,0.0,0.01,13050,0.0,0.0,0.0,0.0
2020-05-22,Rio Grande do Sul,Antônio Prado,0.0,0,0,0.0,1,0,0.0,7.66,0.0,0.01,13050,0.0,0.0,0.0,0.0
2020-05-21,Rio Grande do Sul,Antônio Prado,0.0,0,0,0.0,1,0,0.0,7.66,0.0,0.01,13050,0.0,0.0,0.0,0.0
2020-05-20,Rio Grande do Sul,Antônio Prado,0.0,0,0,0.0,1,0,0.0,7.66,0.0,0.01,13050,0.0,0.0,0.0,0.0
2020-05-19,Rio Grande do Sul,Antônio Prado,0.0,0,0,0.0,1,0,0.0,7.66,0.0,0.01,13050,0.0,0.0,0.0,0.0
2020-05-18,Rio Grande do Sul,Antônio Prado,0.0,0,0,0.0,1,0,0.0,7.66,0.0,0.01,13050,0.0,0.0,0.0,0.0
2020-05-17,Rio Grande do Sul,Antônio Prado,0.0,0,0,0.0,1,0,0.0,7.66,0.0,0.01,13050,0.0,0.0,0.0,0.0
2020-05-16,Rio Grande do Sul,Antônio Prado,0.0,0,0,0.0,1,0,0.0,7.66,0.0,0.01,13050,0.0,0.0,0.0,0.0
2020-05-15,Rio Grande do Sul,Antônio Prado,0.0,0,0,0.0,1,0,0.0,7.66,0.0,0.01,13050,0.0,0.0,0.0,0.0
2020-05-14,Rio Grande do Sul,Antônio Prado,0.0,0,0,0.0,1,0,0.0,7.66,0.0,0.01,13050,0.0,0.0,0.0,0.0
2020-05-13,Rio Grande do Sul,Antônio Prado,0.0,0,0,0.0,1,0,0.0,7.66,0.0,0.01,13050,0.0,0.0,0.0,0.0
2020-05-12,Rio Grande do Sul,Antônio Prado,0.0,0,0,0.0,1,0,0.0,7.66,0.0,0.01,13050,0.0,0.0,0.0,0.0
2020-05-11,Rio Grande do Sul,Antônio Prado,0.0,0,0,0.0,1,0,0.0,7.66,0.0,0.01,13050,0.0,0.0,0.0,0.0
2020-05-10,Rio Grande do Sul,Antônio Prado,0.0,0,0,0.0,1,0,0.0,7.66,0.0,0.01,13050,0.0,0.0,0.0,0.0
2020-05-09,Rio Grande do Sul,Antônio Prado,0.0,0,0,0.0,1,0,0.0,7.66,0.0,0.01,13050,0.0,0.0,0.0,0.0
2020-05-08,Rio Grande do Sul,Antônio Prado,0.0,0,0,0.0,1,0,0.0,7.66,0.0,0.01,13050,0.0,0.0,0.0,0.0
2020-05-07,Rio Grande do Sul,Antônio Prado,0.0,0,0,0.0,1,0,0.0,7.66,0.0,0.01,13050,0.0,0.0,0.0,0.0
2020-05-06,Rio Grande do Sul,Antônio Prado,0.0,0,0,0.0,1,0,0.0,7.66,0.0,0.01,13050,0.0,0.0,0.0,0.0
