date,state,city,1day_cases_100k,new_cases,new_deaths,new_deaths_100k,total_cases,total_deaths,cfr%,total_cases_100k,total_deaths_100k,%infected,population,7day_cases_100k,7day_cases_change,28day_cases_100k,28day_cases_change
2020-10-11,Rio Grande do Sul,Cacique Doble,0.0,0,0,0.0,92,0,0.0,1816.39,0.0,1.82,5065,59.23,0.0,217.18,0.0
2020-10-10,Rio Grande do Sul,Cacique Doble,0.0,0,0,0.0,92,0,0.0,1816.39,0.0,1.82,5065,59.23,0.0,217.18,0.0
2020-10-09,Rio Grande do Sul,Cacique Doble,39.49,2,0,0.0,92,0,0.0,1816.39,0.0,1.82,5065,59.23,39.49,217.18,0.0
2020-10-08,Rio Grande do Sul,Cacique Doble,19.74,1,0,0.0,90,0,0.0,1776.9,0.0,1.78,5065,19.74,19.74,217.18,39.48
2020-10-07,Rio Grande do Sul,Cacique Doble,0.0,0,0,0.0,89,0,0.0,1757.16,0.0,1.76,5065,0.0,0.0,177.7,-19.74
2020-10-06,Rio Grande do Sul,Cacique Doble,0.0,0,0,0.0,89,0,0.0,1757.16,0.0,1.76,5065,0.0,-19.74,197.44,0.0
2020-10-05,Rio Grande do Sul,Cacique Doble,0.0,0,0,0.0,89,0,0.0,1757.16,0.0,1.76,5065,19.74,0.0,197.44,0.0
2020-10-04,Rio Grande do Sul,Cacique Doble,0.0,0,0,0.0,89,0,0.0,1757.16,0.0,1.76,5065,19.74,0.0,197.44,0.0
2020-10-03,Rio Grande do Sul,Cacique Doble,0.0,0,0,0.0,89,0,0.0,1757.16,0.0,1.76,5065,19.74,0.0,197.44,-19.74
2020-10-02,Rio Grande do Sul,Cacique Doble,0.0,0,0,0.0,89,0,0.0,1757.16,0.0,1.76,5065,19.74,0.0,217.18,-19.74
2020-10-01,Rio Grande do Sul,Cacique Doble,0.0,0,0,0.0,89,0,0.0,1757.16,0.0,1.76,5065,19.74,0.0,236.92,-19.74
2020-09-30,Rio Grande do Sul,Cacique Doble,0.0,0,0,0.0,89,0,0.0,1757.16,0.0,1.76,5065,19.74,0.0,256.66,-59.23
2020-09-29,Rio Grande do Sul,Cacique Doble,19.74,1,0,0.0,89,0,0.0,1757.16,0.0,1.76,5065,19.74,19.74,315.89,19.74
2020-09-28,Rio Grande do Sul,Cacique Doble,0.0,0,0,0.0,88,0,0.0,1737.41,0.0,1.74,5065,0.0,0.0,296.15,0.0
2020-09-27,Rio Grande do Sul,Cacique Doble,0.0,0,0,0.0,88,0,0.0,1737.41,0.0,1.74,5065,0.0,0.0,296.15,0.0
2020-09-26,Rio Grande do Sul,Cacique Doble,0.0,0,0,0.0,88,0,0.0,1737.41,0.0,1.74,5065,0.0,-59.23,296.15,0.0
2020-09-25,Rio Grande do Sul,Cacique Doble,0.0,0,0,0.0,88,0,0.0,1737.41,0.0,1.74,5065,59.23,0.0,296.15,0.0
2020-09-24,Rio Grande do Sul,Cacique Doble,0.0,0,0,0.0,88,0,0.0,1737.41,0.0,1.74,5065,59.23,0.0,296.15,-177.69
2020-09-23,Rio Grande do Sul,Cacique Doble,0.0,0,0,0.0,88,0,0.0,1737.41,0.0,1.74,5065,59.23,19.74,473.84,0.0
2020-09-22,Rio Grande do Sul,Cacique Doble,0.0,0,0,0.0,88,0,0.0,1737.41,0.0,1.74,5065,39.49,-98.72,473.84,0.0
2020-09-21,Rio Grande do Sul,Cacique Doble,0.0,0,0,0.0,88,0,0.0,1737.41,0.0,1.74,5065,138.21,0.0,473.84,0.0
2020-09-20,Rio Grande do Sul,Cacique Doble,0.0,0,0,0.0,88,0,0.0,1737.41,0.0,1.74,5065,138.21,0.0,473.84,-157.95
2020-09-19,Rio Grande do Sul,Cacique Doble,59.23,3,0,0.0,88,0,0.0,1737.41,0.0,1.74,5065,138.21,59.23,631.79,59.23
2020-09-18,Rio Grande do Sul,Cacique Doble,0.0,0,0,0.0,85,0,0.0,1678.18,0.0,1.68,5065,78.98,-39.49,572.56,0.0
2020-09-17,Rio Grande do Sul,Cacique Doble,0.0,0,0,0.0,85,0,0.0,1678.18,0.0,1.68,5065,118.47,19.74,572.56,0.0
2020-09-16,Rio Grande do Sul,Cacique Doble,-19.74,-1,0,0.0,85,0,0.0,1678.18,0.0,1.68,5065,98.73,-39.48,572.56,-39.48
2020-09-15,Rio Grande do Sul,Cacique Doble,98.72,5,0,0.0,86,0,0.0,1697.93,0.0,1.7,5065,138.21,98.72,612.04,98.72
2020-09-14,Rio Grande do Sul,Cacique Doble,0.0,0,0,0.0,81,0,0.0,1599.21,0.0,1.6,5065,39.49,0.0,513.32,0.0
2020-09-13,Rio Grande do Sul,Cacique Doble,0.0,0,0,0.0,81,0,0.0,1599.21,0.0,1.6,5065,39.49,0.0,513.32,0.0
2020-09-12,Rio Grande do Sul,Cacique Doble,0.0,0,0,0.0,81,0,0.0,1599.21,0.0,1.6,5065,39.49,-19.74,513.32,0.0
2020-09-11,Rio Grande do Sul,Cacique Doble,39.49,2,0,0.0,81,0,0.0,1599.21,0.0,1.6,5065,59.23,19.75,513.32,19.75
2020-09-10,Rio Grande do Sul,Cacique Doble,-19.74,-1,0,0.0,79,0,0.0,1559.72,0.0,1.56,5065,39.48,-39.48,493.57,-59.23
2020-09-09,Rio Grande do Sul,Cacique Doble,19.74,1,0,0.0,80,0,0.0,1579.47,0.0,1.58,5065,78.96,-39.49,552.8,-98.72
2020-09-08,Rio Grande do Sul,Cacique Doble,0.0,0,0,0.0,79,0,0.0,1559.72,0.0,1.56,5065,118.45,0.0,651.52,0.0
2020-09-07,Rio Grande do Sul,Cacique Doble,0.0,0,0,0.0,79,0,0.0,1559.72,0.0,1.56,5065,118.45,0.0,651.52,0.0
2020-09-06,Rio Grande do Sul,Cacique Doble,0.0,0,0,0.0,79,0,0.0,1559.72,0.0,1.56,5065,118.45,0.0,651.52,-19.74
2020-09-05,Rio Grande do Sul,Cacique Doble,19.74,1,0,0.0,79,0,0.0,1559.72,0.0,1.56,5065,118.45,19.74,671.26,19.74
2020-09-04,Rio Grande do Sul,Cacique Doble,19.74,1,0,0.0,78,0,0.0,1539.98,0.0,1.54,5065,98.71,19.74,651.52,19.74
2020-09-03,Rio Grande do Sul,Cacique Doble,19.74,1,0,0.0,77,0,0.0,1520.24,0.0,1.52,5065,78.97,-157.95,631.78,-19.75
2020-09-02,Rio Grande do Sul,Cacique Doble,59.23,3,0,0.0,76,0,0.0,1500.49,0.0,1.5,5065,236.92,59.23,651.53,78.97
2020-09-01,Rio Grande do Sul,Cacique Doble,0.0,0,0,0.0,73,0,0.0,1441.26,0.0,1.44,5065,177.69,0.0,572.56,0.0
2020-08-31,Rio Grande do Sul,Cacique Doble,0.0,0,0,0.0,73,0,0.0,1441.26,0.0,1.44,5065,177.69,0.0,572.56,-19.74
2020-08-30,Rio Grande do Sul,Cacique Doble,0.0,0,0,0.0,73,0,0.0,1441.26,0.0,1.44,5065,177.69,-157.95,592.3,-118.46
2020-08-29,Rio Grande do Sul,Cacique Doble,0.0,0,0,0.0,73,0,0.0,1441.26,0.0,1.44,5065,335.64,0.0,710.76,0.0
2020-08-28,Rio Grande do Sul,Cacique Doble,0.0,0,0,0.0,73,0,0.0,1441.26,0.0,1.44,5065,335.64,0.0,710.76,-19.74
2020-08-26,Rio Grande do Sul,Cacique Doble,177.69,9,0,0.0,73,0,0.0,1441.26,0.0,1.44,5065,335.64,177.69,730.5,157.95
2020-08-25,Rio Grande do Sul,Cacique Doble,0.0,0,0,0.0,64,0,0.0,1263.57,0.0,1.26,5065,157.95,-19.74,572.55,-118.46
2020-08-24,Rio Grande do Sul,Cacique Doble,0.0,0,0,0.0,64,0,0.0,1263.57,0.0,1.26,5065,177.69,0.0,691.01,0.0
2020-08-23,Rio Grande do Sul,Cacique Doble,0.0,0,0,0.0,64,0,0.0,1263.57,0.0,1.26,5065,177.69,0.0,691.01,0.0
2020-08-22,Rio Grande do Sul,Cacique Doble,157.95,8,0,0.0,64,0,0.0,1263.57,0.0,1.26,5065,177.69,157.95,691.01,157.95
2020-08-21,Rio Grande do Sul,Cacique Doble,0.0,0,0,0.0,56,0,0.0,1105.63,0.0,1.11,5065,19.74,0.0,533.06,0.0
2020-08-20,Rio Grande do Sul,Cacique Doble,0.0,0,0,0.0,56,0,0.0,1105.63,0.0,1.11,5065,19.74,-19.74,533.06,0.0
2020-08-19,Rio Grande do Sul,Cacique Doble,0.0,0,0,0.0,56,0,0.0,1105.63,0.0,1.11,5065,39.48,-39.49,533.06,-39.49
2020-08-18,Rio Grande do Sul,Cacique Doble,19.74,1,0,0.0,56,0,0.0,1105.63,0.0,1.11,5065,78.97,-98.72,572.55,-78.98
2020-08-17,Rio Grande do Sul,Cacique Doble,0.0,0,0,0.0,55,0,0.0,1085.88,0.0,1.09,5065,177.69,0.0,651.53,0.0
2020-08-16,Rio Grande do Sul,Cacique Doble,0.0,0,0,0.0,55,0,0.0,1085.88,0.0,1.09,5065,177.69,0.0,651.53,0.0
2020-08-15,Rio Grande do Sul,Cacique Doble,0.0,0,0,0.0,55,0,0.0,1085.88,0.0,1.09,5065,177.69,-19.74,651.53,0.0
2020-08-14,Rio Grande do Sul,Cacique Doble,0.0,0,0,0.0,55,0,0.0,1085.88,0.0,1.09,5065,197.43,0.0,651.53,-19.74
2020-08-13,Rio Grande do Sul,Cacique Doble,19.74,1,0,0.0,55,0,0.0,1085.88,0.0,1.09,5065,197.43,19.74,671.27,19.74
2020-08-12,Rio Grande do Sul,Cacique Doble,39.49,2,0,0.0,54,0,0.0,1066.14,0.0,1.07,5065,177.69,0.0,651.53,39.49
2020-08-11,Rio Grande do Sul,Cacique Doble,118.46,6,0,0.0,52,0,0.0,1026.65,0.0,1.03,5065,177.69,138.2,612.04,78.97
2020-08-10,Rio Grande do Sul,Cacique Doble,0.0,0,0,0.0,46,0,0.0,908.19,0.0,0.91,5065,39.49,0.0,533.07,0.0
2020-08-09,Rio Grande do Sul,Cacique Doble,0.0,0,0,0.0,46,0,0.0,908.19,0.0,0.91,5065,39.49,-19.74,533.07,0.0
2020-08-08,Rio Grande do Sul,Cacique Doble,19.74,1,0,0.0,46,0,0.0,908.19,0.0,0.91,5065,59.23,-98.72,533.07,19.74
2020-08-07,Rio Grande do Sul,Cacique Doble,0.0,0,0,0.0,45,0,0.0,888.45,0.0,0.89,5065,157.95,0.0,513.33,0.0
2020-08-06,Rio Grande do Sul,Cacique Doble,0.0,0,0,0.0,45,0,0.0,888.45,0.0,0.89,5065,157.95,-19.74,513.33,0.0
2020-08-05,Rio Grande do Sul,Cacique Doble,39.49,2,0,0.0,45,0,0.0,888.45,0.0,0.89,5065,177.69,19.75,513.33,39.49
2020-08-04,Rio Grande do Sul,Cacique Doble,-19.74,-1,0,0.0,43,0,0.0,848.96,0.0,0.85,5065,157.94,-138.2,473.84,-78.97
2020-08-03,Rio Grande do Sul,Cacique Doble,0.0,0,0,0.0,44,0,0.0,868.71,0.0,0.87,5065,296.14,0.0,552.81,0.0
2020-08-02,Rio Grande do Sul,Cacique Doble,19.74,1,0,0.0,44,0,0.0,868.71,0.0,0.87,5065,296.14,19.74,552.81,19.74
2020-08-01,Rio Grande do Sul,Cacique Doble,118.46,6,0,0.0,43,0,0.0,848.96,0.0,0.85,5065,276.4,118.46,533.07,118.46
2020-07-31,Rio Grande do Sul,Cacique Doble,0.0,0,0,0.0,37,0,0.0,730.5,0.0,0.73,5065,157.94,0.0,414.61,-19.74
2020-07-30,Rio Grande do Sul,Cacique Doble,19.74,1,0,0.0,37,0,0.0,730.5,0.0,0.73,5065,157.94,19.74,434.35,39.48
2020-07-29,Rio Grande do Sul,Cacique Doble,19.74,1,0,0.0,36,0,0.0,710.76,0.0,0.71,5065,138.2,-19.75,394.87,19.74
2020-07-28,Rio Grande do Sul,Cacique Doble,118.46,6,0,0.0,35,0,0.0,691.02,0.0,0.69,5065,157.95,19.74,375.13,78.97
2020-07-27,Rio Grande do Sul,Cacique Doble,0.0,0,0,0.0,29,0,0.0,572.56,0.0,0.57,5065,138.21,0.0,296.16,0.0
2020-07-26,Rio Grande do Sul,Cacique Doble,0.0,0,0,0.0,29,0,0.0,572.56,0.0,0.57,5065,138.21,0.0,296.16,-59.23
2020-07-25,Rio Grande do Sul,Cacique Doble,0.0,0,0,0.0,29,0,0.0,572.56,0.0,0.57,5065,138.21,0.0,355.39,-19.74
2020-07-24,Rio Grande do Sul,Cacique Doble,0.0,0,0,0.0,29,0,0.0,572.56,0.0,0.57,5065,138.21,-19.74,375.13,0.0
2020-07-23,Rio Grande do Sul,Cacique Doble,0.0,0,0,0.0,29,0,0.0,572.56,0.0,0.57,5065,157.95,0.0,375.13,0.0
2020-07-22,Rio Grande do Sul,Cacique Doble,39.49,2,0,0.0,29,0,0.0,572.56,0.0,0.57,5065,157.95,39.49,375.13,-39.48
2020-07-21,Rio Grande do Sul,Cacique Doble,98.72,5,0,0.0,27,0,0.0,533.07,0.0,0.53,5065,118.46,59.23,414.61,78.98
2020-07-20,Rio Grande do Sul,Cacique Doble,0.0,0,0,0.0,22,0,0.0,434.35,0.0,0.43,5065,59.23,0.0,335.63,0.0
2020-07-19,Rio Grande do Sul,Cacique Doble,0.0,0,0,0.0,22,0,0.0,434.35,0.0,0.43,5065,59.23,0.0,335.63,0.0
2020-07-18,Rio Grande do Sul,Cacique Doble,0.0,0,0,0.0,22,0,0.0,434.35,0.0,0.43,5065,59.23,0.0,335.63,-39.49
2020-07-17,Rio Grande do Sul,Cacique Doble,19.74,1,0,0.0,22,0,0.0,434.35,0.0,0.43,5065,59.23,19.74,375.12,19.74
2020-07-16,Rio Grande do Sul,Cacique Doble,0.0,0,0,0.0,21,0,0.0,414.61,0.0,0.41,5065,39.49,0.0,355.38,0.0
2020-07-15,Rio Grande do Sul,Cacique Doble,0.0,0,0,0.0,21,0,0.0,414.61,0.0,0.41,5065,39.49,0.0,355.38,0.0
2020-07-14,Rio Grande do Sul,Cacique Doble,39.49,2,0,0.0,21,0,0.0,414.61,0.0,0.41,5065,39.49,-19.74,355.38,19.75
2020-07-13,Rio Grande do Sul,Cacique Doble,0.0,0,0,0.0,19,0,0.0,375.12,0.0,0.38,5065,59.23,0.0,335.63,0.0
2020-07-12,Rio Grande do Sul,Cacique Doble,0.0,0,0,0.0,19,0,0.0,375.12,0.0,0.38,5065,59.23,0.0,335.63,0.0
2020-07-11,Rio Grande do Sul,Cacique Doble,0.0,0,0,0.0,19,0,0.0,375.12,0.0,0.38,5065,59.23,0.0,335.63,0.0
2020-07-10,Rio Grande do Sul,Cacique Doble,0.0,0,0,0.0,19,0,0.0,375.12,0.0,0.38,5065,59.23,-19.74,335.63,0.0
2020-07-09,Rio Grande do Sul,Cacique Doble,0.0,0,0,0.0,19,0,0.0,375.12,0.0,0.38,5065,78.97,19.74,335.63,0.0
2020-07-08,Rio Grande do Sul,Cacique Doble,0.0,0,0,0.0,19,0,0.0,375.12,0.0,0.38,5065,59.23,0.0,335.63,0.0
2020-07-07,Rio Grande do Sul,Cacique Doble,59.23,3,0,0.0,19,0,0.0,375.12,0.0,0.38,5065,59.23,19.74,335.63,59.23
2020-07-06,Rio Grande do Sul,Cacique Doble,0.0,0,0,0.0,16,0,0.0,315.89,0.0,0.32,5065,39.49,0.0,276.4,0.0
2020-07-05,Rio Grande do Sul,Cacique Doble,0.0,0,0,0.0,16,0,0.0,315.89,0.0,0.32,5065,39.49,-59.23,276.4,0.0
2020-07-04,Rio Grande do Sul,Cacique Doble,0.0,0,0,0.0,16,0,0.0,315.89,0.0,0.32,5065,98.72,-19.74,276.4,0.0
2020-07-03,Rio Grande do Sul,Cacique Doble,19.74,1,0,0.0,16,0,0.0,315.89,0.0,0.32,5065,118.46,19.74,276.4,19.74
2020-07-02,Rio Grande do Sul,Cacique Doble,-19.74,-1,0,0.0,15,0,0.0,296.15,0.0,0.3,5065,98.72,-19.74,256.66,-19.74
2020-07-01,Rio Grande do Sul,Cacique Doble,0.0,0,0,0.0,16,0,0.0,315.89,0.0,0.32,5065,118.46,-78.97,276.4,0.0
2020-06-30,Rio Grande do Sul,Cacique Doble,39.49,2,0,0.0,16,0,0.0,315.89,0.0,0.32,5065,197.43,19.75,276.4,39.49
2020-06-29,Rio Grande do Sul,Cacique Doble,0.0,0,0,0.0,14,0,0.0,276.41,0.0,0.28,5065,177.68,0.0,236.91,0.0
2020-06-28,Rio Grande do Sul,Cacique Doble,59.23,3,0,0.0,14,0,0.0,276.41,0.0,0.28,5065,177.68,59.23,236.91,59.23
2020-06-27,Rio Grande do Sul,Cacique Doble,19.74,1,0,0.0,11,0,0.0,217.18,0.0,0.22,5065,118.45,-19.75,177.68,19.74
2020-06-26,Rio Grande do Sul,Cacique Doble,0.0,0,0,0.0,10,0,0.0,197.43,0.0,0.2,5065,138.2,0.0,157.94,-19.74
2020-06-25,Rio Grande do Sul,Cacique Doble,0.0,0,0,0.0,10,0,0.0,197.43,0.0,0.2,5065,138.2,0.0,177.68,-19.74
2020-06-24,Rio Grande do Sul,Cacique Doble,78.97,4,0,0.0,10,0,0.0,197.43,0.0,0.2,5065,138.2,78.97,197.42,78.97
2020-06-23,Rio Grande do Sul,Cacique Doble,19.74,1,0,0.0,6,0,0.0,118.46,0.0,0.12,5065,59.23,0.0,118.45,19.74
2020-06-22,Rio Grande do Sul,Cacique Doble,0.0,0,0,0.0,5,0,0.0,98.72,0.0,0.1,5065,59.23,0.0,98.71,0.0
2020-06-21,Rio Grande do Sul,Cacique Doble,0.0,0,0,0.0,5,0,0.0,98.72,0.0,0.1,5065,59.23,0.0,98.71,0.0
2020-06-20,Rio Grande do Sul,Cacique Doble,39.49,2,0,0.0,5,0,0.0,98.72,0.0,0.1,5065,59.23,39.49,98.71,39.49
2020-06-19,Rio Grande do Sul,Cacique Doble,0.0,0,0,0.0,3,0,0.0,59.23,0.0,0.06,5065,19.74,0.0,59.22,0.0
2020-06-18,Rio Grande do Sul,Cacique Doble,0.0,0,0,0.0,3,0,0.0,59.23,0.0,0.06,5065,19.74,0.0,59.22,0.0
2020-06-17,Rio Grande do Sul,Cacique Doble,0.0,0,0,0.0,3,0,0.0,59.23,0.0,0.06,5065,19.74,0.0,59.22,0.0
2020-06-16,Rio Grande do Sul,Cacique Doble,19.74,1,0,0.0,3,0,0.0,59.23,0.0,0.06,5065,19.74,19.74,59.22,19.74
2020-06-15,Rio Grande do Sul,Cacique Doble,0.0,0,0,0.0,2,0,0.0,39.49,0.0,0.04,5065,0.0,0.0,39.48,0.0
2020-06-14,Rio Grande do Sul,Cacique Doble,0.0,0,0,0.0,2,0,0.0,39.49,0.0,0.04,5065,0.0,0.0,39.48,0.0
2020-06-13,Rio Grande do Sul,Cacique Doble,0.0,0,0,0.0,2,0,0.0,39.49,0.0,0.04,5065,0.0,0.0,39.48,0.0
2020-06-12,Rio Grande do Sul,Cacique Doble,0.0,0,0,0.0,2,0,0.0,39.49,0.0,0.04,5065,0.0,0.0,39.48,0.0
2020-06-11,Rio Grande do Sul,Cacique Doble,0.0,0,0,0.0,2,0,0.0,39.49,0.0,0.04,5065,0.0,0.0,39.48,0.0
2020-06-10,Rio Grande do Sul,Cacique Doble,0.0,0,0,0.0,2,0,0.0,39.49,0.0,0.04,5065,0.0,0.0,39.48,0.0
2020-06-09,Rio Grande do Sul,Cacique Doble,0.0,0,0,0.0,2,0,0.0,39.49,0.0,0.04,5065,0.0,0.0,39.48,0.0
2020-06-08,Rio Grande do Sul,Cacique Doble,0.0,0,0,0.0,2,0,0.0,39.49,0.0,0.04,5065,0.0,0.0,39.48,0.0
2020-06-07,Rio Grande do Sul,Cacique Doble,0.0,0,0,0.0,2,0,0.0,39.49,0.0,0.04,5065,0.0,0.0,39.48,0.0
2020-06-06,Rio Grande do Sul,Cacique Doble,0.0,0,0,0.0,2,0,0.0,39.49,0.0,0.04,5065,0.0,0.0,39.48,0.0
2020-06-05,Rio Grande do Sul,Cacique Doble,0.0,0,0,0.0,2,0,0.0,39.49,0.0,0.04,5065,0.0,-19.74,39.48,0.0
2020-06-04,Rio Grande do Sul,Cacique Doble,0.0,0,0,0.0,2,0,0.0,39.49,0.0,0.04,5065,19.74,-19.74,39.48,0.0
2020-06-03,Rio Grande do Sul,Cacique Doble,0.0,0,0,0.0,2,0,0.0,39.49,0.0,0.04,5065,39.48,0.0,39.48,0.0
2020-06-02,Rio Grande do Sul,Cacique Doble,0.0,0,0,0.0,2,0,0.0,39.49,0.0,0.04,5065,39.48,0.0,39.48,0.0
2020-06-01,Rio Grande do Sul,Cacique Doble,0.0,0,0,0.0,2,0,0.0,39.49,0.0,0.04,5065,39.48,0.0,39.48,0.0
2020-05-31,Rio Grande do Sul,Cacique Doble,0.0,0,0,0.0,2,0,0.0,39.49,0.0,0.04,5065,39.48,0.0,39.48,0.0
2020-05-30,Rio Grande do Sul,Cacique Doble,0.0,0,0,0.0,2,0,0.0,39.49,0.0,0.04,5065,39.48,0.0,39.48,0.0
2020-05-29,Rio Grande do Sul,Cacique Doble,19.74,1,0,0.0,2,0,0.0,39.49,0.0,0.04,5065,39.48,19.74,39.48,19.74
2020-05-28,Rio Grande do Sul,Cacique Doble,19.74,1,0,0.0,1,0,0.0,19.74,0.0,0.02,5065,19.74,19.74,19.74,19.74
