date,state,city,1day_cases_100k,new_cases,new_deaths,new_deaths_100k,total_cases,total_deaths,cfr%,total_cases_100k,total_deaths_100k,%infected,population,7day_cases_100k,7day_cases_change,28day_cases_100k,28day_cases_change
2020-09-28,Rio Grande do Sul,Casca,-11.07,-1,0,0.0,274,2,0.73,3033.99,22.15,3.03,9031,99.66,-11.07,1594.51,33.22
2020-09-27,Rio Grande do Sul,Casca,0.0,0,0,0.0,275,2,0.73,3045.07,22.15,3.05,9031,110.73,0.0,1561.29,0.0
2020-09-26,Rio Grande do Sul,Casca,0.0,0,0,0.0,275,2,0.73,3045.07,22.15,3.05,9031,110.73,-55.36,1561.29,-55.36
2020-09-25,Rio Grande do Sul,Casca,33.22,3,0,0.0,275,2,0.73,3045.07,22.15,3.05,9031,166.09,11.07,1616.65,-33.22
2020-09-24,Rio Grande do Sul,Casca,11.07,1,0,0.0,272,2,0.74,3011.85,22.15,3.01,9031,155.02,-11.08,1649.87,-210.39
2020-09-23,Rio Grande do Sul,Casca,33.22,3,0,0.0,271,2,0.74,3000.78,22.15,3.0,9031,166.1,11.07,1860.26,22.15
2020-09-22,Rio Grande do Sul,Casca,33.22,3,0,0.0,268,2,0.75,2967.56,22.15,2.97,9031,155.03,-110.73,1838.11,33.22
2020-09-21,Rio Grande do Sul,Casca,0.0,0,0,0.0,265,2,0.75,2934.34,22.15,2.93,9031,265.76,0.0,1804.89,-77.51
2020-09-20,Rio Grande do Sul,Casca,0.0,0,0,0.0,265,2,0.75,2934.34,22.15,2.93,9031,265.76,0.0,1882.4,0.0
2020-09-19,Rio Grande do Sul,Casca,55.36,5,0,0.0,265,2,0.75,2934.34,22.15,2.93,9031,265.76,-243.61,1882.4,55.36
2020-09-18,Rio Grande do Sul,Casca,22.15,2,0,0.0,260,2,0.77,2878.97,22.15,2.88,9031,509.37,-376.48,1827.04,22.15
2020-09-17,Rio Grande do Sul,Casca,22.15,2,0,0.0,258,2,0.78,2856.83,22.15,2.86,9031,885.85,-143.94,1804.89,-11.07
2020-09-16,Rio Grande do Sul,Casca,22.15,2,1,11.07,256,2,0.78,2834.68,22.15,2.83,9031,1029.79,-22.14,1815.96,-33.21
2020-09-15,Rio Grande do Sul,Casca,143.95,13,0,0.0,254,1,0.39,2812.53,11.07,2.81,9031,1051.93,143.95,1849.17,143.95
2020-09-14,Rio Grande do Sul,Casca,0.0,0,0,0.0,241,1,0.41,2668.59,11.07,2.67,9031,907.98,0.0,1705.22,-88.58
2020-09-13,Rio Grande do Sul,Casca,0.0,0,0,0.0,241,1,0.41,2668.59,11.07,2.67,9031,907.98,0.0,1793.8,-88.58
2020-09-12,Rio Grande do Sul,Casca,298.97,27,0,0.0,241,1,0.41,2668.59,11.07,2.67,9031,907.98,143.95,1882.38,276.82
2020-09-11,Rio Grande do Sul,Casca,398.63,36,0,0.0,214,1,0.47,2369.62,11.07,2.37,9031,764.03,387.56,1605.56,354.34
2020-09-10,Rio Grande do Sul,Casca,166.09,15,0,0.0,178,1,0.56,1970.99,11.07,1.97,9031,376.47,121.8,1251.22,155.02
2020-09-09,Rio Grande do Sul,Casca,44.29,4,0,0.0,163,1,0.61,1804.89,11.07,1.8,9031,254.67,11.07,1096.2,22.14
2020-09-08,Rio Grande do Sul,Casca,0.0,0,0,0.0,159,1,0.63,1760.6,11.07,1.76,9031,243.6,-77.51,1074.06,0.0
2020-09-07,Rio Grande do Sul,Casca,0.0,0,0,0.0,159,1,0.63,1760.6,11.07,1.76,9031,321.11,44.29,1074.06,0.0
2020-09-06,Rio Grande do Sul,Casca,0.0,0,0,0.0,159,1,0.63,1760.6,11.07,1.76,9031,276.82,0.0,1074.06,-11.07
2020-09-05,Rio Grande do Sul,Casca,155.02,14,0,0.0,159,1,0.63,1760.6,11.07,1.76,9031,276.82,99.66,1085.13,155.02
2020-09-04,Rio Grande do Sul,Casca,11.07,1,0,0.0,145,1,0.69,1605.58,11.07,1.61,9031,177.16,-55.37,930.11,-11.08
2020-09-03,Rio Grande do Sul,Casca,44.29,4,0,0.0,144,1,0.69,1594.51,11.07,1.59,9031,232.53,-177.17,941.19,33.22
2020-09-02,Rio Grande do Sul,Casca,33.22,3,0,0.0,140,1,0.71,1550.22,11.07,1.55,9031,409.7,22.15,907.97,-33.22
2020-09-01,Rio Grande do Sul,Casca,77.51,7,0,0.0,137,1,0.73,1517.0,11.07,1.52,9031,387.55,77.51,941.19,77.51
2020-08-31,Rio Grande do Sul,Casca,-44.29,-4,0,0.0,130,1,0.77,1439.49,11.07,1.44,9031,310.04,-121.8,863.68,-44.29
2020-08-30,Rio Grande do Sul,Casca,0.0,0,0,0.0,134,1,0.75,1483.78,11.07,1.48,9031,431.84,0.0,907.97,-44.29
2020-08-29,Rio Grande do Sul,Casca,55.36,5,0,0.0,134,1,0.75,1483.78,11.07,1.48,9031,431.84,55.36,952.26,55.36
2020-08-28,Rio Grande do Sul,Casca,66.44,6,0,0.0,129,1,0.78,1428.41,11.07,1.43,9031,376.48,66.44,896.9,-44.29
2020-08-26,Rio Grande do Sul,Casca,221.46,20,0,0.0,123,1,0.81,1361.98,11.07,1.36,9031,310.04,188.24,941.19,188.24
2020-08-25,Rio Grande do Sul,Casca,11.07,1,0,0.0,103,1,0.97,1140.52,11.07,1.14,9031,121.8,-44.29,752.95,-77.51
2020-08-24,Rio Grande do Sul,Casca,0.0,0,0,0.0,102,1,0.98,1129.44,11.07,1.13,9031,166.09,0.0,830.46,0.0
2020-08-23,Rio Grande do Sul,Casca,77.51,7,0,0.0,102,1,0.98,1129.44,11.07,1.13,9031,166.09,-11.07,830.46,77.51
2020-08-22,Rio Grande do Sul,Casca,0.0,0,0,0.0,95,1,1.05,1051.93,11.07,1.05,9031,177.16,-88.58,752.95,-11.07
2020-08-21,Rio Grande do Sul,Casca,0.0,0,0,0.0,95,1,1.05,1051.93,11.07,1.05,9031,265.74,-22.15,764.02,-11.07
2020-08-20,Rio Grande do Sul,Casca,0.0,0,0,0.0,95,1,1.05,1051.93,11.07,1.05,9031,287.89,-44.29,775.09,0.0
2020-08-19,Rio Grande do Sul,Casca,33.22,3,0,0.0,95,1,1.05,1051.93,11.07,1.05,9031,332.18,22.15,775.09,11.07
2020-08-18,Rio Grande do Sul,Casca,55.36,5,0,0.0,92,1,1.09,1018.71,11.07,1.02,9031,310.03,33.21,764.02,55.36
2020-08-17,Rio Grande do Sul,Casca,0.0,0,0,0.0,87,1,1.15,963.35,11.07,0.96,9031,276.82,0.0,708.66,0.0
2020-08-16,Rio Grande do Sul,Casca,88.58,8,0,0.0,87,1,1.15,963.35,11.07,0.96,9031,276.82,88.58,708.66,88.58
2020-08-15,Rio Grande do Sul,Casca,88.58,8,0,0.0,79,1,1.27,874.76,11.07,0.87,9031,188.24,77.51,620.08,88.58
2020-08-14,Rio Grande do Sul,Casca,22.15,2,0,0.0,71,1,1.41,786.18,11.07,0.79,9031,110.73,22.15,531.5,22.15
2020-08-13,Rio Grande do Sul,Casca,44.29,4,0,0.0,69,1,1.45,764.03,11.07,0.76,9031,88.58,22.14,509.35,44.29
2020-08-12,Rio Grande do Sul,Casca,11.07,1,0,0.0,65,1,1.54,719.74,11.07,0.72,9031,66.44,0.0,465.06,0.0
2020-08-11,Rio Grande do Sul,Casca,22.15,2,0,0.0,64,1,1.56,708.67,11.07,0.71,9031,66.44,-44.29,465.06,22.15
2020-08-10,Rio Grande do Sul,Casca,0.0,0,0,0.0,62,1,1.61,686.52,11.07,0.69,9031,110.73,0.0,442.91,0.0
2020-08-09,Rio Grande do Sul,Casca,0.0,0,0,0.0,62,1,1.61,686.52,11.07,0.69,9031,110.73,0.0,442.91,0.0
2020-08-08,Rio Grande do Sul,Casca,11.07,1,0,0.0,62,1,1.61,686.52,11.07,0.69,9031,110.73,-33.22,442.91,11.07
2020-08-07,Rio Grande do Sul,Casca,0.0,0,0,0.0,61,1,1.64,675.45,11.07,0.68,9031,143.95,0.0,431.84,0.0
2020-08-06,Rio Grande do Sul,Casca,22.15,2,0,0.0,61,1,1.64,675.45,11.07,0.68,9031,143.95,-88.58,431.84,11.08
2020-08-05,Rio Grande do Sul,Casca,11.07,1,0,0.0,59,1,1.69,653.31,11.07,0.65,9031,232.53,-22.15,420.76,0.0
2020-08-04,Rio Grande do Sul,Casca,66.44,6,0,0.0,58,1,1.72,642.23,11.07,0.64,9031,254.68,-22.14,420.76,77.51
2020-08-03,Rio Grande do Sul,Casca,0.0,0,0,0.0,52,1,1.92,575.79,11.07,0.58,9031,276.82,0.0,343.25,0.0
2020-08-02,Rio Grande do Sul,Casca,0.0,0,0,0.0,52,1,1.92,575.79,11.07,0.58,9031,276.82,0.0,343.25,0.0
2020-08-01,Rio Grande do Sul,Casca,44.29,4,0,0.0,52,1,1.92,575.79,11.07,0.58,9031,276.82,33.22,343.25,33.22
2020-07-31,Rio Grande do Sul,Casca,0.0,0,0,0.0,48,1,2.08,531.5,11.07,0.53,9031,243.6,-11.07,310.03,-22.15
2020-07-30,Rio Grande do Sul,Casca,110.73,10,0,0.0,48,1,2.08,531.5,11.07,0.53,9031,254.67,110.73,332.18,99.66
2020-07-29,Rio Grande do Sul,Casca,33.22,3,0,0.0,38,1,2.63,420.77,11.07,0.42,9031,143.94,11.07,232.52,33.22
2020-07-28,Rio Grande do Sul,Casca,88.58,8,0,0.0,35,1,2.86,387.55,11.07,0.39,9031,132.87,88.58,199.3,77.51
2020-07-27,Rio Grande do Sul,Casca,0.0,0,0,0.0,27,1,3.7,298.97,11.07,0.3,9031,44.29,0.0,121.79,0.0
2020-07-26,Rio Grande do Sul,Casca,0.0,0,0,0.0,27,1,3.7,298.97,11.07,0.3,9031,44.29,0.0,121.79,0.0
2020-07-25,Rio Grande do Sul,Casca,11.07,1,0,0.0,27,1,3.7,298.97,11.07,0.3,9031,44.29,11.07,121.79,-11.08
2020-07-24,Rio Grande do Sul,Casca,11.07,1,0,0.0,26,1,3.85,287.9,11.07,0.29,9031,33.22,11.07,132.87,0.0
2020-07-23,Rio Grande do Sul,Casca,0.0,0,0,0.0,25,1,4.0,276.82,11.07,0.28,9031,22.15,0.0,132.87,-11.07
2020-07-22,Rio Grande do Sul,Casca,22.15,2,0,0.0,25,1,4.0,276.82,11.07,0.28,9031,22.15,11.08,143.94,22.15
2020-07-21,Rio Grande do Sul,Casca,0.0,0,0,0.0,23,1,4.35,254.68,11.07,0.25,9031,11.07,0.0,121.79,-22.15
2020-07-20,Rio Grande do Sul,Casca,0.0,0,0,0.0,23,1,4.35,254.68,11.07,0.25,9031,11.07,0.0,143.94,0.0
2020-07-19,Rio Grande do Sul,Casca,0.0,0,0,0.0,23,1,4.35,254.68,11.07,0.25,9031,11.07,0.0,143.94,0.0
2020-07-18,Rio Grande do Sul,Casca,0.0,0,0,0.0,23,1,4.35,254.68,11.07,0.25,9031,11.07,0.0,143.94,0.0
2020-07-17,Rio Grande do Sul,Casca,0.0,0,0,0.0,23,1,4.35,254.68,11.07,0.25,9031,11.07,0.0,143.94,0.0
2020-07-16,Rio Grande do Sul,Casca,0.0,0,0,0.0,23,1,4.35,254.68,11.07,0.25,9031,11.07,-11.07,143.94,0.0
2020-07-15,Rio Grande do Sul,Casca,11.07,1,0,0.0,23,1,4.35,254.68,11.07,0.25,9031,22.14,0.0,143.94,0.0
2020-07-14,Rio Grande do Sul,Casca,0.0,0,0,0.0,22,1,4.55,243.61,11.07,0.24,9031,22.14,11.07,143.94,0.0
2020-07-13,Rio Grande do Sul,Casca,0.0,0,0,0.0,22,1,4.55,243.61,11.07,0.24,9031,11.07,0.0,143.94,-11.07
2020-07-12,Rio Grande do Sul,Casca,0.0,0,0,0.0,22,1,4.55,243.61,11.07,0.24,9031,11.07,0.0,155.01,11.07
2020-07-11,Rio Grande do Sul,Casca,0.0,0,0,0.0,22,1,4.55,243.61,11.07,0.24,9031,11.07,-11.07,143.94,0.0
2020-07-10,Rio Grande do Sul,Casca,0.0,0,0,0.0,22,1,4.55,243.61,11.07,0.24,9031,22.14,-22.15,143.94,0.0
2020-07-09,Rio Grande do Sul,Casca,11.07,1,1,11.07,22,1,4.55,243.61,11.07,0.24,9031,44.29,0.0,143.94,0.0
2020-07-08,Rio Grande do Sul,Casca,11.07,1,0,0.0,21,0,0.0,232.53,0.0,0.23,9031,44.29,11.07,143.94,11.07
2020-07-07,Rio Grande do Sul,Casca,-11.07,-1,0,0.0,20,0,0.0,221.46,0.0,0.22,9031,33.22,-22.14,132.87,-22.14
2020-07-06,Rio Grande do Sul,Casca,0.0,0,0,0.0,21,0,0.0,232.53,0.0,0.23,9031,55.36,0.0,155.01,0.0
2020-07-05,Rio Grande do Sul,Casca,0.0,0,0,0.0,21,0,0.0,232.53,0.0,0.23,9031,55.36,0.0,155.01,0.0
2020-07-04,Rio Grande do Sul,Casca,11.07,1,0,0.0,21,0,0.0,232.53,0.0,0.23,9031,55.36,-11.08,155.01,11.07
2020-07-03,Rio Grande do Sul,Casca,22.15,2,0,0.0,20,0,0.0,221.46,0.0,0.22,9031,66.44,11.08,143.94,22.15
2020-07-02,Rio Grande do Sul,Casca,11.07,1,0,0.0,18,0,0.0,199.31,0.0,0.2,9031,55.36,0.0,121.79,0.0
2020-07-01,Rio Grande do Sul,Casca,0.0,0,0,0.0,17,0,0.0,188.24,0.0,0.19,9031,55.36,0.0,121.79,0.0
2020-06-30,Rio Grande do Sul,Casca,11.07,1,0,0.0,17,0,0.0,188.24,0.0,0.19,9031,55.36,-11.08,121.79,11.07
2020-06-29,Rio Grande do Sul,Casca,0.0,0,0,0.0,16,0,0.0,177.17,0.0,0.18,9031,66.44,0.0,110.72,0.0
2020-06-28,Rio Grande do Sul,Casca,0.0,0,0,0.0,16,0,0.0,177.17,0.0,0.18,9031,66.44,0.0,110.72,0.0
2020-06-27,Rio Grande do Sul,Casca,22.15,2,0,0.0,16,0,0.0,177.17,0.0,0.18,9031,66.44,22.15,110.72,11.08
2020-06-26,Rio Grande do Sul,Casca,11.07,1,0,0.0,14,0,0.0,155.02,0.0,0.16,9031,44.29,11.07,99.64,0.0
2020-06-25,Rio Grande do Sul,Casca,11.07,1,0,0.0,13,0,0.0,143.95,0.0,0.14,9031,33.22,11.07,99.64,11.07
2020-06-24,Rio Grande do Sul,Casca,0.0,0,0,0.0,12,0,0.0,132.88,0.0,0.13,9031,22.15,-11.07,88.57,0.0
2020-06-23,Rio Grande do Sul,Casca,22.15,2,0,0.0,12,0,0.0,132.88,0.0,0.13,9031,33.22,22.15,88.57,22.15
2020-06-22,Rio Grande do Sul,Casca,0.0,0,0,0.0,10,0,0.0,110.73,0.0,0.11,9031,11.07,-11.07,66.42,0.0
2020-06-21,Rio Grande do Sul,Casca,0.0,0,0,0.0,10,0,0.0,110.73,0.0,0.11,9031,22.14,11.07,66.42,0.0
2020-06-20,Rio Grande do Sul,Casca,0.0,0,0,0.0,10,0,0.0,110.73,0.0,0.11,9031,11.07,0.0,66.42,-11.07
2020-06-19,Rio Grande do Sul,Casca,0.0,0,0,0.0,10,0,0.0,110.73,0.0,0.11,9031,11.07,0.0,77.49,0.0
2020-06-18,Rio Grande do Sul,Casca,0.0,0,0,0.0,10,0,0.0,110.73,0.0,0.11,9031,11.07,-11.07,77.49,0.0
2020-06-17,Rio Grande do Sul,Casca,11.07,1,0,0.0,10,0,0.0,110.73,0.0,0.11,9031,22.14,11.07,77.49,-11.08
2020-06-16,Rio Grande do Sul,Casca,0.0,0,0,0.0,9,0,0.0,99.66,0.0,0.1,9031,11.07,-11.07,88.57,0.0
2020-06-15,Rio Grande do Sul,Casca,11.07,1,0,0.0,9,0,0.0,99.66,0.0,0.1,9031,22.14,11.07,88.57,11.07
2020-06-14,Rio Grande do Sul,Casca,-11.07,-1,0,0.0,8,0,0.0,88.58,0.0,0.09,9031,11.07,-11.07,77.5,-11.07
2020-06-13,Rio Grande do Sul,Casca,0.0,0,0,0.0,9,0,0.0,99.66,0.0,0.1,9031,22.14,0.0,88.57,0.0
2020-06-12,Rio Grande do Sul,Casca,0.0,0,0,0.0,9,0,0.0,99.66,0.0,0.1,9031,22.14,0.0,88.57,0.0
2020-06-11,Rio Grande do Sul,Casca,11.07,1,0,0.0,9,0,0.0,99.66,0.0,0.1,9031,22.14,0.0,88.57,11.07
2020-06-10,Rio Grande do Sul,Casca,0.0,0,0,0.0,8,0,0.0,88.58,0.0,0.09,9031,22.14,0.0,77.5,0.0
2020-06-09,Rio Grande do Sul,Casca,11.07,1,0,0.0,8,0,0.0,88.58,0.0,0.09,9031,22.14,11.07,77.5,11.07
2020-06-08,Rio Grande do Sul,Casca,0.0,0,0,0.0,7,0,0.0,77.51,0.0,0.08,9031,11.07,0.0,66.43,0.0
2020-06-07,Rio Grande do Sul,Casca,0.0,0,0,0.0,7,0,0.0,77.51,0.0,0.08,9031,11.07,0.0,66.43,0.0
2020-06-06,Rio Grande do Sul,Casca,0.0,0,0,0.0,7,0,0.0,77.51,0.0,0.08,9031,11.07,-11.07,66.43,0.0
2020-06-05,Rio Grande do Sul,Casca,0.0,0,0,0.0,7,0,0.0,77.51,0.0,0.08,9031,22.14,-11.07,66.43,0.0
2020-06-04,Rio Grande do Sul,Casca,11.07,1,0,0.0,7,0,0.0,77.51,0.0,0.08,9031,33.21,11.07,66.43,11.07
2020-06-03,Rio Grande do Sul,Casca,0.0,0,0,0.0,6,0,0.0,66.44,0.0,0.07,9031,22.14,0.0,55.36,0.0
2020-06-02,Rio Grande do Sul,Casca,0.0,0,0,0.0,6,0,0.0,66.44,0.0,0.07,9031,22.14,0.0,55.36,0.0
2020-06-01,Rio Grande do Sul,Casca,0.0,0,0,0.0,6,0,0.0,66.44,0.0,0.07,9031,22.14,0.0,55.36,0.0
2020-05-31,Rio Grande do Sul,Casca,0.0,0,0,0.0,6,0,0.0,66.44,0.0,0.07,9031,22.14,0.0,55.36,0.0
2020-05-30,Rio Grande do Sul,Casca,11.07,1,0,0.0,6,0,0.0,66.44,0.0,0.07,9031,22.14,0.0,55.36,11.07
2020-05-29,Rio Grande do Sul,Casca,11.07,1,0,0.0,5,0,0.0,55.36,0.0,0.06,9031,22.14,11.07,44.29,11.07
2020-05-28,Rio Grande do Sul,Casca,0.0,0,0,0.0,4,0,0.0,44.29,0.0,0.04,9031,11.07,0.0,33.22,0.0
2020-05-27,Rio Grande do Sul,Casca,0.0,0,0,0.0,4,0,0.0,44.29,0.0,0.04,9031,11.07,-22.15,33.22,0.0
2020-05-26,Rio Grande do Sul,Casca,0.0,0,0,0.0,4,0,0.0,44.29,0.0,0.04,9031,33.22,0.0,33.22,0.0
2020-05-25,Rio Grande do Sul,Casca,0.0,0,0,0.0,4,0,0.0,44.29,0.0,0.04,9031,33.22,0.0,33.22,0.0
2020-05-24,Rio Grande do Sul,Casca,0.0,0,0,0.0,4,0,0.0,44.29,0.0,0.04,9031,33.22,0.0,33.22,0.0
2020-05-23,Rio Grande do Sul,Casca,11.07,1,0,0.0,4,0,0.0,44.29,0.0,0.04,9031,33.22,11.07,33.22,11.07
2020-05-22,Rio Grande do Sul,Casca,0.0,0,0,0.0,3,0,0.0,33.22,0.0,0.03,9031,22.15,0.0,22.15,0.0
2020-05-21,Rio Grande do Sul,Casca,0.0,0,0,0.0,3,0,0.0,33.22,0.0,0.03,9031,22.15,0.0,22.15,0.0
2020-05-20,Rio Grande do Sul,Casca,22.15,2,0,0.0,3,0,0.0,33.22,0.0,0.03,9031,22.15,22.15,22.15,22.15
2020-05-19,Rio Grande do Sul,Casca,0.0,0,0,0.0,1,0,0.0,11.07,0.0,0.01,9031,0.0,0.0,0.0,0.0
2020-05-18,Rio Grande do Sul,Casca,0.0,0,0,0.0,1,0,0.0,11.07,0.0,0.01,9031,0.0,0.0,0.0,0.0
2020-05-17,Rio Grande do Sul,Casca,0.0,0,0,0.0,1,0,0.0,11.07,0.0,0.01,9031,0.0,0.0,0.0,0.0
2020-05-16,Rio Grande do Sul,Casca,0.0,0,0,0.0,1,0,0.0,11.07,0.0,0.01,9031,0.0,0.0,0.0,0.0
2020-05-15,Rio Grande do Sul,Casca,0.0,0,0,0.0,1,0,0.0,11.07,0.0,0.01,9031,0.0,0.0,0.0,0.0
