date,state,city,1day_cases_100k,new_cases,new_deaths,new_deaths_100k,total_cases,total_deaths,cfr%,total_cases_100k,total_deaths_100k,%infected,population,7day_cases_100k,7day_cases_change,28day_cases_100k,28day_cases_change
2020-10-26,Rio Grande do Sul,Mampituba,0.0,0,0,0.0,110,0,0.0,3690.04,0.0,3.69,2981,100.64,0.0,670.92,0.0
2020-10-24,Rio Grande do Sul,Mampituba,67.09,2,0,0.0,110,0,0.0,3690.04,0.0,3.69,2981,100.64,33.54,670.92,67.09
2020-10-23,Rio Grande do Sul,Mampituba,33.55,1,0,0.0,108,0,0.0,3622.95,0.0,3.62,2981,67.1,33.55,603.83,33.55
2020-10-22,Rio Grande do Sul,Mampituba,0.0,0,0,0.0,107,0,0.0,3589.4,0.0,3.59,2981,33.55,-100.64,570.28,0.0
2020-10-21,Rio Grande do Sul,Mampituba,0.0,0,0,0.0,107,0,0.0,3589.4,0.0,3.59,2981,134.19,0.0,570.28,0.0
2020-10-20,Rio Grande do Sul,Mampituba,0.0,0,0,0.0,107,0,0.0,3589.4,0.0,3.59,2981,134.19,0.0,570.28,0.0
2020-10-19,Rio Grande do Sul,Mampituba,0.0,0,0,0.0,107,0,0.0,3589.4,0.0,3.59,2981,134.19,0.0,570.28,0.0
2020-10-18,Rio Grande do Sul,Mampituba,0.0,0,0,0.0,107,0,0.0,3589.4,0.0,3.59,2981,134.19,33.55,570.28,-67.09
2020-10-16,Rio Grande do Sul,Mampituba,33.55,1,0,0.0,107,0,0.0,3589.4,0.0,3.59,2981,100.64,33.55,637.37,33.55
2020-10-15,Rio Grande do Sul,Mampituba,0.0,0,0,0.0,106,0,0.0,3555.85,0.0,3.56,2981,67.09,0.0,603.82,0.0
2020-10-14,Rio Grande do Sul,Mampituba,100.64,3,0,0.0,106,0,0.0,3555.85,0.0,3.56,2981,67.09,100.64,603.82,100.64
2020-10-13,Rio Grande do Sul,Mampituba,0.0,0,0,0.0,103,0,0.0,3455.22,0.0,3.46,2981,-33.55,0.0,503.18,0.0
2020-10-11,Rio Grande do Sul,Mampituba,0.0,0,0,0.0,103,0,0.0,3455.22,0.0,3.46,2981,-33.55,0.0,503.18,0.0
2020-10-10,Rio Grande do Sul,Mampituba,0.0,0,0,0.0,103,0,0.0,3455.22,0.0,3.46,2981,-33.55,0.0,503.18,-33.55
2020-10-09,Rio Grande do Sul,Mampituba,-33.55,-1,0,0.0,103,0,0.0,3455.22,0.0,3.46,2981,-33.55,-402.55,536.73,-33.55
2020-10-08,Rio Grande do Sul,Mampituba,0.0,0,0,0.0,104,0,0.0,3488.76,0.0,3.49,2981,369.0,0.0,570.28,-134.18
2020-10-07,Rio Grande do Sul,Mampituba,0.0,0,0,0.0,104,0,0.0,3488.76,0.0,3.49,2981,369.0,0.0,704.46,-100.64
2020-10-06,Rio Grande do Sul,Mampituba,0.0,0,0,0.0,104,0,0.0,3488.76,0.0,3.49,2981,369.0,-67.09,805.1,0.0
2020-10-05,Rio Grande do Sul,Mampituba,0.0,0,0,0.0,104,0,0.0,3488.76,0.0,3.49,2981,436.09,0.0,805.1,0.0
2020-10-04,Rio Grande do Sul,Mampituba,0.0,0,0,0.0,104,0,0.0,3488.76,0.0,3.49,2981,436.09,0.0,805.1,0.0
2020-10-03,Rio Grande do Sul,Mampituba,0.0,0,0,0.0,104,0,0.0,3488.76,0.0,3.49,2981,436.09,-33.55,805.1,-201.27
2020-10-02,Rio Grande do Sul,Mampituba,369.0,11,0,0.0,104,0,0.0,3488.76,0.0,3.49,2981,469.64,369.0,1006.37,369.0
2020-10-01,Rio Grande do Sul,Mampituba,0.0,0,0,0.0,93,0,0.0,3119.76,0.0,3.12,2981,100.64,0.0,637.37,0.0
2020-09-30,Rio Grande do Sul,Mampituba,0.0,0,0,0.0,93,0,0.0,3119.76,0.0,3.12,2981,100.64,0.0,637.37,0.0
2020-09-29,Rio Grande do Sul,Mampituba,67.09,2,0,0.0,93,0,0.0,3119.76,0.0,3.12,2981,100.64,67.09,637.37,67.09
2020-09-28,Rio Grande do Sul,Mampituba,0.0,0,0,0.0,91,0,0.0,3052.67,0.0,3.05,2981,33.55,0.0,570.28,0.0
2020-09-27,Rio Grande do Sul,Mampituba,0.0,0,0,0.0,91,0,0.0,3052.67,0.0,3.05,2981,33.55,0.0,570.28,0.0
2020-09-26,Rio Grande do Sul,Mampituba,33.55,1,0,0.0,91,0,0.0,3052.67,0.0,3.05,2981,33.55,33.55,570.28,33.55
2020-09-25,Rio Grande do Sul,Mampituba,0.0,0,0,0.0,90,0,0.0,3019.12,0.0,3.02,2981,-0.0,-67.09,536.73,-100.64
2020-09-24,Rio Grande do Sul,Mampituba,0.0,0,0,0.0,90,0,0.0,3019.12,0.0,3.02,2981,67.09,0.0,637.37,0.0
2020-09-23,Rio Grande do Sul,Mampituba,0.0,0,0,0.0,90,0,0.0,3019.12,0.0,3.02,2981,67.09,0.0,637.37,-67.09
2020-09-22,Rio Grande do Sul,Mampituba,0.0,0,0,0.0,90,0,0.0,3019.12,0.0,3.02,2981,67.09,0.0,704.46,0.0
2020-09-21,Rio Grande do Sul,Mampituba,0.0,0,0,0.0,90,0,0.0,3019.12,0.0,3.02,2981,67.09,0.0,704.46,0.0
2020-09-20,Rio Grande do Sul,Mampituba,0.0,0,0,0.0,90,0,0.0,3019.12,0.0,3.02,2981,67.09,0.0,704.46,-67.09
2020-09-19,Rio Grande do Sul,Mampituba,0.0,0,0,0.0,90,0,0.0,3019.12,0.0,3.02,2981,67.09,-33.55,771.55,0.0
2020-09-18,Rio Grande do Sul,Mampituba,67.09,2,0,0.0,90,0,0.0,3019.12,0.0,3.02,2981,100.64,67.09,771.55,67.09
2020-09-17,Rio Grande do Sul,Mampituba,0.0,0,0,0.0,88,0,0.0,2952.03,0.0,2.95,2981,33.55,-134.18,704.46,-33.55
2020-09-16,Rio Grande do Sul,Mampituba,0.0,0,0,0.0,88,0,0.0,2952.03,0.0,2.95,2981,167.73,-100.64,738.01,0.0
2020-09-15,Rio Grande do Sul,Mampituba,0.0,0,0,0.0,88,0,0.0,2952.03,0.0,2.95,2981,268.37,0.0,738.01,0.0
2020-09-14,Rio Grande do Sul,Mampituba,0.0,0,0,0.0,88,0,0.0,2952.03,0.0,2.95,2981,268.37,0.0,738.01,0.0
2020-09-13,Rio Grande do Sul,Mampituba,0.0,0,0,0.0,88,0,0.0,2952.03,0.0,2.95,2981,268.37,0.0,738.01,-33.55
2020-09-12,Rio Grande do Sul,Mampituba,33.55,1,0,0.0,88,0,0.0,2952.03,0.0,2.95,2981,268.37,-167.72,771.56,33.55
2020-09-11,Rio Grande do Sul,Mampituba,0.0,0,0,0.0,87,0,0.0,2918.48,0.0,2.92,2981,436.09,0.0,738.01,0.0
2020-09-10,Rio Grande do Sul,Mampituba,134.18,4,0,0.0,87,0,0.0,2918.48,0.0,2.92,2981,436.09,134.18,738.01,134.18
2020-09-09,Rio Grande do Sul,Mampituba,100.64,3,0,0.0,83,0,0.0,2784.3,0.0,2.78,2981,301.91,100.64,603.83,100.64
2020-09-08,Rio Grande do Sul,Mampituba,0.0,0,0,0.0,80,0,0.0,2683.66,0.0,2.68,2981,201.27,0.0,503.19,0.0
2020-09-07,Rio Grande do Sul,Mampituba,0.0,0,0,0.0,80,0,0.0,2683.66,0.0,2.68,2981,201.27,0.0,503.19,0.0
2020-09-06,Rio Grande do Sul,Mampituba,0.0,0,0,0.0,80,0,0.0,2683.66,0.0,2.68,2981,201.27,0.0,503.19,-301.91
2020-09-05,Rio Grande do Sul,Mampituba,201.27,6,0,0.0,80,0,0.0,2683.66,0.0,2.68,2981,201.27,201.27,805.1,201.27
2020-09-04,Rio Grande do Sul,Mampituba,0.0,0,0,0.0,74,0,0.0,2482.39,0.0,2.48,2981,-0.0,-100.64,603.83,0.0
2020-09-03,Rio Grande do Sul,Mampituba,0.0,0,0,0.0,74,0,0.0,2482.39,0.0,2.48,2981,100.64,0.0,603.83,-100.64
2020-09-02,Rio Grande do Sul,Mampituba,0.0,0,0,0.0,74,0,0.0,2482.39,0.0,2.48,2981,100.64,-67.09,704.47,-134.18
2020-09-01,Rio Grande do Sul,Mampituba,0.0,0,0,0.0,74,0,0.0,2482.39,0.0,2.48,2981,167.73,0.0,838.65,0.0
2020-08-31,Rio Grande do Sul,Mampituba,0.0,0,0,0.0,74,0,0.0,2482.39,0.0,2.48,2981,167.73,0.0,838.65,0.0
2020-08-30,Rio Grande do Sul,Mampituba,0.0,0,0,0.0,74,0,0.0,2482.39,0.0,2.48,2981,167.73,-67.09,838.65,-67.09
2020-08-29,Rio Grande do Sul,Mampituba,0.0,0,0,0.0,74,0,0.0,2482.39,0.0,2.48,2981,234.82,0.0,905.74,0.0
2020-08-28,Rio Grande do Sul,Mampituba,100.64,3,0,0.0,74,0,0.0,2482.39,0.0,2.48,2981,234.82,100.64,905.74,100.64
2020-08-26,Rio Grande do Sul,Mampituba,0.0,0,0,0.0,71,0,0.0,2381.75,0.0,2.38,2981,134.18,-33.55,805.1,0.0
2020-08-25,Rio Grande do Sul,Mampituba,67.09,2,0,0.0,71,0,0.0,2381.75,0.0,2.38,2981,167.73,67.09,805.1,-1039.92
2020-08-24,Rio Grande do Sul,Mampituba,0.0,0,0,0.0,69,0,0.0,2314.66,0.0,2.31,2981,100.64,0.0,1845.02,0.0
2020-08-23,Rio Grande do Sul,Mampituba,0.0,0,0,0.0,69,0,0.0,2314.66,0.0,2.31,2981,100.64,0.0,1845.02,0.0
2020-08-22,Rio Grande do Sul,Mampituba,67.09,2,0,0.0,69,0,0.0,2314.66,0.0,2.31,2981,100.64,33.54,1845.02,-369.01
2020-08-21,Rio Grande do Sul,Mampituba,0.0,0,0,0.0,67,0,0.0,2247.57,0.0,2.25,2981,67.1,0.0,2214.03,0.0
2020-08-20,Rio Grande do Sul,Mampituba,0.0,0,0,0.0,67,0,0.0,2247.57,0.0,2.25,2981,67.1,0.0,2214.03,0.0
2020-08-19,Rio Grande do Sul,Mampituba,33.55,1,0,0.0,67,0,0.0,2247.57,0.0,2.25,2981,67.1,33.55,2214.03,33.55
2020-08-18,Rio Grande do Sul,Mampituba,0.0,0,0,0.0,66,0,0.0,2214.02,0.0,2.21,2981,33.55,0.0,2180.48,0.0
2020-08-17,Rio Grande do Sul,Mampituba,0.0,0,0,0.0,66,0,0.0,2214.02,0.0,2.21,2981,33.55,0.0,2180.48,0.0
2020-08-16,Rio Grande do Sul,Mampituba,0.0,0,0,0.0,66,0,0.0,2214.02,0.0,2.21,2981,33.55,0.0,2180.48,0.0
2020-08-15,Rio Grande do Sul,Mampituba,33.55,1,0,0.0,66,0,0.0,2214.02,0.0,2.21,2981,33.55,-268.36,2180.48,33.55
2020-08-14,Rio Grande do Sul,Mampituba,0.0,0,0,0.0,65,0,0.0,2180.48,0.0,2.18,2981,301.91,0.0,2146.93,0.0
2020-08-13,Rio Grande do Sul,Mampituba,0.0,0,0,0.0,65,0,0.0,2180.48,0.0,2.18,2981,301.91,0.0,2146.93,0.0
2020-08-12,Rio Grande do Sul,Mampituba,0.0,0,0,0.0,65,0,0.0,2180.48,0.0,2.18,2981,301.91,-100.64,2146.93,0.0
2020-08-11,Rio Grande do Sul,Mampituba,0.0,0,0,0.0,65,0,0.0,2180.48,0.0,2.18,2981,402.55,-134.18,2146.93,0.0
2020-08-10,Rio Grande do Sul,Mampituba,0.0,0,0,0.0,65,0,0.0,2180.48,0.0,2.18,2981,536.73,0.0,2146.93,0.0
2020-08-09,Rio Grande do Sul,Mampituba,0.0,0,0,0.0,65,0,0.0,2180.48,0.0,2.18,2981,536.73,0.0,2146.93,0.0
2020-08-08,Rio Grande do Sul,Mampituba,301.91,9,0,0.0,65,0,0.0,2180.48,0.0,2.18,2981,536.73,234.82,2146.93,301.91
2020-08-07,Rio Grande do Sul,Mampituba,0.0,0,0,0.0,56,0,0.0,1878.56,0.0,1.88,2981,301.91,0.0,1845.02,0.0
2020-08-06,Rio Grande do Sul,Mampituba,0.0,0,0,0.0,56,0,0.0,1878.56,0.0,1.88,2981,301.91,0.0,1845.02,0.0
2020-08-05,Rio Grande do Sul,Mampituba,100.64,3,0,0.0,56,0,0.0,1878.56,0.0,1.88,2981,301.91,100.64,1845.02,100.64
2020-08-04,Rio Grande do Sul,Mampituba,134.18,4,0,0.0,53,0,0.0,1777.93,0.0,1.78,2981,201.27,-972.83,1744.38,134.18
2020-08-03,Rio Grande do Sul,Mampituba,0.0,0,0,0.0,49,0,0.0,1643.74,0.0,1.64,2981,1174.1,0.0,1610.2,0.0
2020-08-02,Rio Grande do Sul,Mampituba,0.0,0,0,0.0,49,0,0.0,1643.74,0.0,1.64,2981,1174.1,0.0,1610.2,0.0
2020-08-01,Rio Grande do Sul,Mampituba,67.09,2,0,0.0,49,0,0.0,1643.74,0.0,1.64,2981,1174.1,-369.01,1610.2,67.09
2020-07-31,Rio Grande do Sul,Mampituba,0.0,0,0,0.0,47,0,0.0,1576.65,0.0,1.58,2981,1543.11,0.0,1543.11,0.0
2020-07-30,Rio Grande do Sul,Mampituba,0.0,0,0,0.0,47,0,0.0,1576.65,0.0,1.58,2981,1543.11,0.0,1543.11,0.0
2020-07-29,Rio Grande do Sul,Mampituba,0.0,0,0,0.0,47,0,0.0,1576.65,0.0,1.58,2981,1543.11,0.0,1543.11,0.0
2020-07-28,Rio Grande do Sul,Mampituba,1107.01,33,0,0.0,47,0,0.0,1576.65,0.0,1.58,2981,1543.11,1107.01,1543.11,1107.01
2020-07-27,Rio Grande do Sul,Mampituba,0.0,0,0,0.0,14,0,0.0,469.64,0.0,0.47,2981,436.1,0.0,436.1,0.0
2020-07-26,Rio Grande do Sul,Mampituba,0.0,0,0,0.0,14,0,0.0,469.64,0.0,0.47,2981,436.1,0.0,436.1,0.0
2020-07-25,Rio Grande do Sul,Mampituba,436.1,13,0,0.0,14,0,0.0,469.64,0.0,0.47,2981,436.1,436.1,436.1,436.1
2020-07-24,Rio Grande do Sul,Mampituba,0.0,0,0,0.0,1,0,0.0,33.55,0.0,0.03,2981,0.0,0.0,0.0,0.0
2020-07-23,Rio Grande do Sul,Mampituba,0.0,0,0,0.0,1,0,0.0,33.55,0.0,0.03,2981,0.0,0.0,0.0,0.0
2020-07-22,Rio Grande do Sul,Mampituba,0.0,0,0,0.0,1,0,0.0,33.55,0.0,0.03,2981,0.0,0.0,0.0,0.0
2020-07-21,Rio Grande do Sul,Mampituba,0.0,0,0,0.0,1,0,0.0,33.55,0.0,0.03,2981,0.0,0.0,0.0,0.0
2020-07-20,Rio Grande do Sul,Mampituba,0.0,0,0,0.0,1,0,0.0,33.55,0.0,0.03,2981,0.0,0.0,0.0,0.0
2020-07-19,Rio Grande do Sul,Mampituba,0.0,0,0,0.0,1,0,0.0,33.55,0.0,0.03,2981,0.0,0.0,0.0,0.0
2020-07-18,Rio Grande do Sul,Mampituba,0.0,0,0,0.0,1,0,0.0,33.55,0.0,0.03,2981,0.0,0.0,0.0,0.0
2020-07-17,Rio Grande do Sul,Mampituba,0.0,0,0,0.0,1,0,0.0,33.55,0.0,0.03,2981,0.0,0.0,0.0,0.0
2020-07-16,Rio Grande do Sul,Mampituba,0.0,0,0,0.0,1,0,0.0,33.55,0.0,0.03,2981,0.0,0.0,0.0,0.0
2020-07-15,Rio Grande do Sul,Mampituba,0.0,0,0,0.0,1,0,0.0,33.55,0.0,0.03,2981,0.0,0.0,0.0,0.0
2020-07-14,Rio Grande do Sul,Mampituba,0.0,0,0,0.0,1,0,0.0,33.55,0.0,0.03,2981,0.0,0.0,0.0,0.0
2020-07-13,Rio Grande do Sul,Mampituba,0.0,0,0,0.0,1,0,0.0,33.55,0.0,0.03,2981,0.0,0.0,0.0,0.0
2020-07-12,Rio Grande do Sul,Mampituba,0.0,0,0,0.0,1,0,0.0,33.55,0.0,0.03,2981,0.0,0.0,0.0,0.0
2020-07-11,Rio Grande do Sul,Mampituba,0.0,0,0,0.0,1,0,0.0,33.55,0.0,0.03,2981,0.0,0.0,0.0,0.0
2020-07-10,Rio Grande do Sul,Mampituba,0.0,0,0,0.0,1,0,0.0,33.55,0.0,0.03,2981,0.0,0.0,0.0,0.0
2020-07-09,Rio Grande do Sul,Mampituba,0.0,0,0,0.0,1,0,0.0,33.55,0.0,0.03,2981,0.0,0.0,0.0,0.0
