date,state,city,1day_cases_100k,new_cases,new_deaths,new_deaths_100k,total_cases,total_deaths,cfr%,total_cases_100k,total_deaths_100k,%infected,population,7day_cases_100k,7day_cases_change,28day_cases_100k,28day_cases_change
2020-09-15,Rio Grande do Sul,Montauri,0.0,0,0,0.0,111,2,1.8,7639.37,137.65,7.64,1453,825.87,0.0,1858.2,0.0
2020-09-14,Rio Grande do Sul,Montauri,0.0,0,0,0.0,111,2,1.8,7639.37,137.65,7.64,1453,825.87,0.0,1858.2,0.0
2020-09-13,Rio Grande do Sul,Montauri,68.82,1,0,0.0,111,2,1.8,7639.37,137.65,7.64,1453,825.87,68.82,1858.2,68.82
2020-09-12,Rio Grande do Sul,Montauri,206.47,3,0,0.0,110,2,1.82,7570.54,137.65,7.57,1453,757.05,206.47,1789.38,206.47
2020-09-11,Rio Grande do Sul,Montauri,0.0,0,0,0.0,107,2,1.87,7364.07,137.65,7.36,1453,550.58,-68.82,1582.91,-68.82
2020-09-10,Rio Grande do Sul,Montauri,550.58,8,1,68.82,107,2,1.87,7364.07,137.65,7.36,1453,619.4,481.76,1651.73,481.76
2020-09-09,Rio Grande do Sul,Montauri,0.0,0,0,0.0,99,1,1.01,6813.49,68.82,6.81,1453,137.64,0.0,1169.97,-206.47
2020-09-08,Rio Grande do Sul,Montauri,0.0,0,0,0.0,99,1,1.01,6813.49,68.82,6.81,1453,137.64,-344.12,1376.44,0.0
2020-09-07,Rio Grande do Sul,Montauri,0.0,0,0,0.0,99,1,1.01,6813.49,68.82,6.81,1453,481.76,-68.82,1376.44,0.0
2020-09-06,Rio Grande do Sul,Montauri,0.0,0,0,0.0,99,1,1.01,6813.49,68.82,6.81,1453,550.58,0.0,1376.44,-68.82
2020-09-05,Rio Grande do Sul,Montauri,0.0,0,0,0.0,99,1,1.01,6813.49,68.82,6.81,1453,550.58,0.0,1445.26,-68.82
2020-09-04,Rio Grande do Sul,Montauri,68.82,1,0,0.0,99,1,1.01,6813.49,68.82,6.81,1453,550.58,0.0,1514.08,-137.65
2020-09-03,Rio Grande do Sul,Montauri,68.82,1,0,0.0,98,1,1.02,6744.67,68.82,6.74,1453,550.58,0.0,1651.73,68.82
2020-09-02,Rio Grande do Sul,Montauri,0.0,0,0,0.0,97,1,1.03,6675.84,68.82,6.68,1453,550.58,-68.82,1582.91,-825.88
2020-09-01,Rio Grande do Sul,Montauri,344.12,5,0,0.0,97,1,1.03,6675.84,68.82,6.68,1453,619.4,344.12,2408.79,275.3
2020-08-31,Rio Grande do Sul,Montauri,68.82,1,0,0.0,92,1,1.09,6331.73,68.82,6.33,1453,275.28,68.82,2133.49,68.82
2020-08-30,Rio Grande do Sul,Montauri,0.0,0,0,0.0,91,1,1.1,6262.9,68.82,6.26,1453,206.46,-137.65,2064.67,-137.65
2020-08-29,Rio Grande do Sul,Montauri,0.0,0,0,0.0,91,1,1.1,6262.9,68.82,6.26,1453,344.11,0.0,2202.32,0.0
2020-08-28,Rio Grande do Sul,Montauri,68.82,1,0,0.0,91,1,1.1,6262.9,68.82,6.26,1453,344.11,68.82,2202.32,0.0
2020-08-26,Rio Grande do Sul,Montauri,68.82,1,0,0.0,90,1,1.11,6194.08,68.82,6.19,1453,275.29,0.0,2202.32,68.82
2020-08-25,Rio Grande do Sul,Montauri,68.82,1,0,0.0,89,1,1.12,6125.26,68.82,6.13,1453,275.29,0.0,2133.5,-344.12
2020-08-24,Rio Grande do Sul,Montauri,0.0,0,0,0.0,88,1,1.14,6056.43,68.82,6.06,1453,275.29,0.0,2477.62,0.0
2020-08-23,Rio Grande do Sul,Montauri,0.0,0,0,0.0,88,1,1.14,6056.43,68.82,6.06,1453,275.29,0.0,2477.62,-275.29
2020-08-22,Rio Grande do Sul,Montauri,137.65,2,0,0.0,88,1,1.14,6056.43,68.82,6.06,1453,275.29,137.65,2752.91,-206.47
2020-08-21,Rio Grande do Sul,Montauri,0.0,0,0,0.0,86,1,1.16,5918.79,68.82,5.92,1453,137.64,0.0,2959.38,-619.41
2020-08-20,Rio Grande do Sul,Montauri,0.0,0,0,0.0,86,1,1.16,5918.79,68.82,5.92,1453,137.64,-68.82,3578.79,-688.23
2020-08-19,Rio Grande do Sul,Montauri,68.82,1,1,68.82,86,1,1.16,5918.79,68.82,5.92,1453,206.46,0.0,4267.02,0.0
2020-08-18,Rio Grande do Sul,Montauri,68.82,1,0,0.0,85,0,0.0,5849.97,0.0,5.85,1453,206.46,-137.65,4267.02,0.0
2020-08-17,Rio Grande do Sul,Montauri,0.0,0,0,0.0,84,0,0.0,5781.14,0.0,5.78,1453,344.11,0.0,4267.02,0.0
2020-08-16,Rio Grande do Sul,Montauri,0.0,0,0,0.0,84,0,0.0,5781.14,0.0,5.78,1453,344.11,0.0,4267.02,0.0
2020-08-15,Rio Grande do Sul,Montauri,0.0,0,0,0.0,84,0,0.0,5781.14,0.0,5.78,1453,344.11,-68.82,4267.02,0.0
2020-08-14,Rio Grande do Sul,Montauri,0.0,0,0,0.0,84,0,0.0,5781.14,0.0,5.78,1453,412.93,-68.82,4267.02,-68.82
2020-08-13,Rio Grande do Sul,Montauri,68.82,1,0,0.0,84,0,0.0,5781.14,0.0,5.78,1453,481.75,-137.65,4335.84,68.82
2020-08-12,Rio Grande do Sul,Montauri,68.82,1,0,0.0,83,0,0.0,5712.32,0.0,5.71,1453,619.4,68.82,4267.02,-68.83
2020-08-11,Rio Grande do Sul,Montauri,206.47,3,0,0.0,82,0,0.0,5643.5,0.0,5.64,1453,550.58,-619.41,4335.85,206.47
2020-08-10,Rio Grande do Sul,Montauri,0.0,0,0,0.0,79,0,0.0,5437.03,0.0,5.44,1453,1169.99,-68.82,4129.38,0.0
2020-08-09,Rio Grande do Sul,Montauri,0.0,0,0,0.0,79,0,0.0,5437.03,0.0,5.44,1453,1238.81,0.0,4129.38,0.0
2020-08-08,Rio Grande do Sul,Montauri,68.82,1,0,0.0,79,0,0.0,5437.03,0.0,5.44,1453,1238.81,-68.83,4129.38,68.82
2020-08-07,Rio Grande do Sul,Montauri,68.82,1,0,0.0,78,0,0.0,5368.2,0.0,5.37,1453,1307.64,68.82,4060.56,0.0
2020-08-06,Rio Grande do Sul,Montauri,206.47,3,0,0.0,77,0,0.0,5299.38,0.0,5.3,1453,1238.82,137.65,4060.56,206.47
2020-08-05,Rio Grande do Sul,Montauri,0.0,0,0,0.0,74,0,0.0,5092.91,0.0,5.09,1453,1101.17,0.0,3854.09,0.0
2020-08-04,Rio Grande do Sul,Montauri,825.88,12,0,0.0,74,0,0.0,5092.91,0.0,5.09,1453,1101.17,412.94,3854.09,825.88
2020-08-03,Rio Grande do Sul,Montauri,68.82,1,0,0.0,62,0,0.0,4267.03,0.0,4.27,1453,688.23,68.82,3028.21,68.82
2020-08-02,Rio Grande do Sul,Montauri,0.0,0,0,0.0,61,0,0.0,4198.21,0.0,4.2,1453,619.41,-275.29,2959.39,0.0
2020-08-01,Rio Grande do Sul,Montauri,137.65,2,0,0.0,61,0,0.0,4198.21,0.0,4.2,1453,894.7,-206.47,2959.39,68.83
2020-07-31,Rio Grande do Sul,Montauri,0.0,0,0,0.0,59,0,0.0,4060.56,0.0,4.06,1453,1101.17,-619.41,2890.56,-206.47
2020-07-30,Rio Grande do Sul,Montauri,68.82,1,0,0.0,59,0,0.0,4060.56,0.0,4.06,1453,1720.58,-619.41,3097.03,0.0
2020-07-29,Rio Grande do Sul,Montauri,0.0,0,0,0.0,58,0,0.0,3991.74,0.0,3.99,1453,2339.99,-68.82,3097.03,-344.12
2020-07-28,Rio Grande do Sul,Montauri,412.94,6,0,0.0,58,0,0.0,3991.74,0.0,3.99,1453,2408.81,344.12,3441.15,412.94
2020-07-27,Rio Grande do Sul,Montauri,0.0,0,0,0.0,52,0,0.0,3578.8,0.0,3.58,1453,2064.69,0.0,3028.21,-68.82
2020-07-26,Rio Grande do Sul,Montauri,275.29,4,0,0.0,52,0,0.0,3578.8,0.0,3.58,1453,2064.69,275.29,3097.03,275.29
2020-07-25,Rio Grande do Sul,Montauri,344.12,5,0,0.0,48,0,0.0,3303.51,0.0,3.3,1453,1789.4,344.12,2821.74,344.12
2020-07-24,Rio Grande do Sul,Montauri,619.41,9,0,0.0,43,0,0.0,2959.39,0.0,2.96,1453,1445.28,550.59,2477.62,619.41
2020-07-23,Rio Grande do Sul,Montauri,688.23,10,0,0.0,34,0,0.0,2339.99,0.0,2.34,1453,894.69,688.23,1858.21,688.23
2020-07-22,Rio Grande do Sul,Montauri,68.82,1,0,0.0,24,0,0.0,1651.75,0.0,1.65,1453,206.46,-68.83,1169.98,68.82
2020-07-21,Rio Grande do Sul,Montauri,68.82,1,0,0.0,23,0,0.0,1582.93,0.0,1.58,1453,275.29,68.82,1101.16,0.0
2020-07-20,Rio Grande do Sul,Montauri,0.0,0,0,0.0,22,0,0.0,1514.11,0.0,1.51,1453,206.47,0.0,1101.16,0.0
2020-07-19,Rio Grande do Sul,Montauri,0.0,0,0,0.0,22,0,0.0,1514.11,0.0,1.51,1453,206.47,0.0,1101.16,0.0
2020-07-18,Rio Grande do Sul,Montauri,0.0,0,0,0.0,22,0,0.0,1514.11,0.0,1.51,1453,206.47,0.0,1101.16,0.0
2020-07-17,Rio Grande do Sul,Montauri,68.82,1,0,0.0,22,0,0.0,1514.11,0.0,1.51,1453,206.47,0.0,1101.16,68.82
2020-07-16,Rio Grande do Sul,Montauri,0.0,0,0,0.0,21,0,0.0,1445.29,0.0,1.45,1453,206.47,0.0,1032.34,0.0
2020-07-15,Rio Grande do Sul,Montauri,137.65,2,0,0.0,21,0,0.0,1445.29,0.0,1.45,1453,206.47,137.65,1032.34,137.65
2020-07-14,Rio Grande do Sul,Montauri,0.0,0,0,0.0,19,0,0.0,1307.64,0.0,1.31,1453,68.82,0.0,894.69,0.0
2020-07-13,Rio Grande do Sul,Montauri,0.0,0,0,0.0,19,0,0.0,1307.64,0.0,1.31,1453,68.82,0.0,894.69,0.0
2020-07-12,Rio Grande do Sul,Montauri,0.0,0,0,0.0,19,0,0.0,1307.64,0.0,1.31,1453,68.82,0.0,894.69,0.0
2020-07-11,Rio Grande do Sul,Montauri,0.0,0,0,0.0,19,0,0.0,1307.64,0.0,1.31,1453,68.82,-68.82,894.69,0.0
2020-07-10,Rio Grande do Sul,Montauri,68.82,1,0,0.0,19,0,0.0,1307.64,0.0,1.31,1453,137.64,-137.65,894.69,68.82
2020-07-09,Rio Grande do Sul,Montauri,0.0,0,0,0.0,18,0,0.0,1238.82,0.0,1.24,1453,275.29,-68.82,825.87,0.0
2020-07-08,Rio Grande do Sul,Montauri,0.0,0,0,0.0,18,0,0.0,1238.82,0.0,1.24,1453,344.11,-344.12,825.87,0.0
2020-07-07,Rio Grande do Sul,Montauri,0.0,0,0,0.0,18,0,0.0,1238.82,0.0,1.24,1453,688.23,0.0,825.87,0.0
2020-07-06,Rio Grande do Sul,Montauri,0.0,0,0,0.0,18,0,0.0,1238.82,0.0,1.24,1453,688.23,-68.82,825.87,0.0
2020-07-05,Rio Grande do Sul,Montauri,0.0,0,0,0.0,18,0,0.0,1238.82,0.0,1.24,1453,757.05,0.0,825.87,0.0
2020-07-04,Rio Grande do Sul,Montauri,68.82,1,0,0.0,18,0,0.0,1238.82,0.0,1.24,1453,757.05,68.82,825.87,68.82
2020-07-03,Rio Grande do Sul,Montauri,206.47,3,0,0.0,17,0,0.0,1169.99,0.0,1.17,1453,688.23,206.47,757.05,206.47
2020-07-02,Rio Grande do Sul,Montauri,68.82,1,0,0.0,14,0,0.0,963.52,0.0,0.96,1453,481.76,68.82,550.58,68.82
2020-07-01,Rio Grande do Sul,Montauri,344.12,5,0,0.0,13,0,0.0,894.7,0.0,0.89,1453,412.94,344.12,481.76,344.12
2020-06-30,Rio Grande do Sul,Montauri,0.0,0,0,0.0,8,0,0.0,550.58,0.0,0.55,1453,68.82,-68.82,137.64,-68.82
2020-06-29,Rio Grande do Sul,Montauri,68.82,1,0,0.0,8,0,0.0,550.58,0.0,0.55,1453,137.64,68.82,206.46,68.82
2020-06-28,Rio Grande do Sul,Montauri,0.0,0,0,0.0,7,0,0.0,481.76,0.0,0.48,1453,68.82,0.0,137.64,0.0
2020-06-27,Rio Grande do Sul,Montauri,0.0,0,0,0.0,7,0,0.0,481.76,0.0,0.48,1453,68.82,0.0,137.64,0.0
2020-06-26,Rio Grande do Sul,Montauri,0.0,0,0,0.0,7,0,0.0,481.76,0.0,0.48,1453,68.82,0.0,137.64,0.0
2020-06-25,Rio Grande do Sul,Montauri,0.0,0,0,0.0,7,0,0.0,481.76,0.0,0.48,1453,68.82,0.0,137.64,-137.65
2020-06-24,Rio Grande do Sul,Montauri,0.0,0,0,0.0,7,0,0.0,481.76,0.0,0.48,1453,68.82,0.0,275.29,0.0
2020-06-23,Rio Grande do Sul,Montauri,68.82,1,0,0.0,7,0,0.0,481.76,0.0,0.48,1453,68.82,68.82,275.29,68.82
2020-06-22,Rio Grande do Sul,Montauri,0.0,0,0,0.0,6,0,0.0,412.94,0.0,0.41,1453,0.0,0.0,206.47,0.0
2020-06-21,Rio Grande do Sul,Montauri,0.0,0,0,0.0,6,0,0.0,412.94,0.0,0.41,1453,0.0,0.0,206.47,-68.82
2020-06-20,Rio Grande do Sul,Montauri,0.0,0,0,0.0,6,0,0.0,412.94,0.0,0.41,1453,0.0,0.0,275.29,0.0
2020-06-19,Rio Grande do Sul,Montauri,0.0,0,0,0.0,6,0,0.0,412.94,0.0,0.41,1453,0.0,0.0,275.29,0.0
2020-06-18,Rio Grande do Sul,Montauri,0.0,0,0,0.0,6,0,0.0,412.94,0.0,0.41,1453,0.0,0.0,275.29,0.0
2020-06-17,Rio Grande do Sul,Montauri,0.0,0,0,0.0,6,0,0.0,412.94,0.0,0.41,1453,0.0,0.0,275.29,-68.82
2020-06-16,Rio Grande do Sul,Montauri,0.0,0,0,0.0,6,0,0.0,412.94,0.0,0.41,1453,0.0,0.0,344.11,0.0
2020-06-15,Rio Grande do Sul,Montauri,0.0,0,0,0.0,6,0,0.0,412.94,0.0,0.41,1453,0.0,0.0,344.11,0.0
2020-06-14,Rio Grande do Sul,Montauri,0.0,0,0,0.0,6,0,0.0,412.94,0.0,0.41,1453,0.0,0.0,344.11,0.0
2020-06-13,Rio Grande do Sul,Montauri,0.0,0,0,0.0,6,0,0.0,412.94,0.0,0.41,1453,0.0,0.0,344.11,0.0
2020-06-12,Rio Grande do Sul,Montauri,0.0,0,0,0.0,6,0,0.0,412.94,0.0,0.41,1453,0.0,0.0,344.11,0.0
2020-06-11,Rio Grande do Sul,Montauri,0.0,0,0,0.0,6,0,0.0,412.94,0.0,0.41,1453,0.0,0.0,344.11,0.0
2020-06-10,Rio Grande do Sul,Montauri,0.0,0,0,0.0,6,0,0.0,412.94,0.0,0.41,1453,0.0,0.0,344.11,0.0
2020-06-09,Rio Grande do Sul,Montauri,0.0,0,0,0.0,6,0,0.0,412.94,0.0,0.41,1453,0.0,-68.82,344.11,0.0
2020-06-08,Rio Grande do Sul,Montauri,0.0,0,0,0.0,6,0,0.0,412.94,0.0,0.41,1453,68.82,0.0,344.11,0.0
2020-06-07,Rio Grande do Sul,Montauri,0.0,0,0,0.0,6,0,0.0,412.94,0.0,0.41,1453,68.82,0.0,344.11,0.0
2020-06-06,Rio Grande do Sul,Montauri,0.0,0,0,0.0,6,0,0.0,412.94,0.0,0.41,1453,68.82,0.0,344.11,0.0
2020-06-05,Rio Grande do Sul,Montauri,0.0,0,0,0.0,6,0,0.0,412.94,0.0,0.41,1453,68.82,0.0,344.11,0.0
2020-06-04,Rio Grande do Sul,Montauri,0.0,0,0,0.0,6,0,0.0,412.94,0.0,0.41,1453,68.82,-137.65,344.11,0.0
2020-06-03,Rio Grande do Sul,Montauri,0.0,0,0,0.0,6,0,0.0,412.94,0.0,0.41,1453,206.47,0.0,344.11,0.0
2020-06-02,Rio Grande do Sul,Montauri,68.82,1,0,0.0,6,0,0.0,412.94,0.0,0.41,1453,206.47,68.82,344.11,68.82
2020-06-01,Rio Grande do Sul,Montauri,0.0,0,0,0.0,5,0,0.0,344.12,0.0,0.34,1453,137.65,0.0,275.29,0.0
2020-05-31,Rio Grande do Sul,Montauri,0.0,0,0,0.0,5,0,0.0,344.12,0.0,0.34,1453,137.65,-68.82,275.29,0.0
2020-05-30,Rio Grande do Sul,Montauri,0.0,0,0,0.0,5,0,0.0,344.12,0.0,0.34,1453,206.47,0.0,275.29,0.0
2020-05-29,Rio Grande do Sul,Montauri,0.0,0,0,0.0,5,0,0.0,344.12,0.0,0.34,1453,206.47,0.0,275.29,0.0
2020-05-28,Rio Grande do Sul,Montauri,137.65,2,0,0.0,5,0,0.0,344.12,0.0,0.34,1453,206.47,137.65,275.29,137.65
2020-05-27,Rio Grande do Sul,Montauri,0.0,0,0,0.0,3,0,0.0,206.47,0.0,0.21,1453,68.82,-68.82,137.64,0.0
2020-05-26,Rio Grande do Sul,Montauri,0.0,0,0,0.0,3,0,0.0,206.47,0.0,0.21,1453,137.64,0.0,137.64,0.0
2020-05-25,Rio Grande do Sul,Montauri,0.0,0,0,0.0,3,0,0.0,206.47,0.0,0.21,1453,137.64,0.0,137.64,0.0
2020-05-24,Rio Grande do Sul,Montauri,68.82,1,0,0.0,3,0,0.0,206.47,0.0,0.21,1453,137.64,68.82,137.64,68.82
2020-05-23,Rio Grande do Sul,Montauri,0.0,0,0,0.0,2,0,0.0,137.65,0.0,0.14,1453,68.82,0.0,68.82,0.0
2020-05-22,Rio Grande do Sul,Montauri,0.0,0,0,0.0,2,0,0.0,137.65,0.0,0.14,1453,68.82,0.0,68.82,0.0
2020-05-21,Rio Grande do Sul,Montauri,0.0,0,0,0.0,2,0,0.0,137.65,0.0,0.14,1453,68.82,0.0,68.82,0.0
2020-05-20,Rio Grande do Sul,Montauri,68.82,1,0,0.0,2,0,0.0,137.65,0.0,0.14,1453,68.82,68.82,68.82,68.82
2020-05-19,Rio Grande do Sul,Montauri,0.0,0,0,0.0,1,0,0.0,68.82,0.0,0.07,1453,0.0,0.0,0.0,0.0
2020-05-18,Rio Grande do Sul,Montauri,0.0,0,0,0.0,1,0,0.0,68.82,0.0,0.07,1453,0.0,0.0,0.0,0.0
2020-05-17,Rio Grande do Sul,Montauri,0.0,0,0,0.0,1,0,0.0,68.82,0.0,0.07,1453,0.0,0.0,0.0,0.0
2020-05-16,Rio Grande do Sul,Montauri,0.0,0,0,0.0,1,0,0.0,68.82,0.0,0.07,1453,0.0,0.0,0.0,0.0
2020-05-15,Rio Grande do Sul,Montauri,0.0,0,0,0.0,1,0,0.0,68.82,0.0,0.07,1453,0.0,0.0,0.0,0.0
2020-05-14,Rio Grande do Sul,Montauri,0.0,0,0,0.0,1,0,0.0,68.82,0.0,0.07,1453,0.0,0.0,0.0,0.0
2020-05-13,Rio Grande do Sul,Montauri,0.0,0,0,0.0,1,0,0.0,68.82,0.0,0.07,1453,0.0,0.0,0.0,0.0
2020-05-12,Rio Grande do Sul,Montauri,0.0,0,0,0.0,1,0,0.0,68.82,0.0,0.07,1453,0.0,0.0,0.0,0.0
