date,state,city,1day_cases_100k,new_cases,new_deaths,new_deaths_100k,total_cases,total_deaths,cfr%,total_cases_100k,total_deaths_100k,%infected,population,7day_cases_100k,7day_cases_change,28day_cases_100k,28day_cases_change
2020-11-19,Rio Grande do Sul,São José dos Ausentes,198.47,7,0,0.0,124,5,4.03,3515.74,141.76,3.52,3527,1077.4,-28.35,2154.8,170.12
2020-11-18,Rio Grande do Sul,São José dos Ausentes,311.88,11,0,0.0,117,5,4.27,3317.27,141.76,3.32,3527,1105.75,255.17,1984.68,311.88
2020-11-17,Rio Grande do Sul,São José dos Ausentes,453.64,16,0,0.0,106,5,4.72,3005.39,141.76,3.01,3527,850.58,-56.71,1672.8,453.64
2020-11-16,Rio Grande do Sul,São José dos Ausentes,28.35,1,1,28.35,90,5,5.56,2551.74,141.76,2.55,3527,907.29,28.35,1219.16,28.35
2020-11-15,Rio Grande do Sul,São José dos Ausentes,0.0,0,0,0.0,89,4,4.49,2523.39,113.41,2.52,3527,878.94,0.0,1190.81,-28.35
2020-11-14,Rio Grande do Sul,São José dos Ausentes,0.0,0,0,0.0,89,4,4.49,2523.39,113.41,2.52,3527,878.94,-28.35,1219.16,0.0
2020-11-13,Rio Grande do Sul,São José dos Ausentes,85.06,3,0,0.0,89,4,4.49,2523.39,113.41,2.52,3527,907.29,-56.7,1219.16,85.06
2020-11-12,Rio Grande do Sul,São José dos Ausentes,226.82,8,1,28.35,86,4,4.65,2438.33,113.41,2.44,3527,963.99,226.82,1134.1,226.82
2020-11-11,Rio Grande do Sul,São José dos Ausentes,56.71,2,0,0.0,78,3,3.85,2211.51,85.06,2.21,3527,737.17,-28.35,907.28,56.71
2020-11-10,Rio Grande do Sul,São José dos Ausentes,510.35,18,0,0.0,76,3,3.95,2154.81,85.06,2.15,3527,765.52,510.35,850.57,510.35
2020-11-09,Rio Grande do Sul,São José dos Ausentes,0.0,0,0,0.0,58,3,5.17,1644.46,85.06,1.64,3527,255.17,0.0,340.22,0.0
2020-11-08,Rio Grande do Sul,São José dos Ausentes,0.0,0,0,0.0,58,3,5.17,1644.46,85.06,1.64,3527,255.17,0.0,340.22,0.0
2020-11-07,Rio Grande do Sul,São José dos Ausentes,28.35,1,0,0.0,58,3,5.17,1644.46,85.06,1.64,3527,255.17,28.35,340.22,28.35
2020-11-06,Rio Grande do Sul,São José dos Ausentes,141.76,5,0,0.0,57,3,5.26,1616.1,85.06,1.62,3527,226.82,141.76,311.87,85.05
2020-11-05,Rio Grande do Sul,São José dos Ausentes,0.0,0,0,0.0,52,3,5.77,1474.34,85.06,1.47,3527,85.06,-28.35,226.82,0.0
2020-11-04,Rio Grande do Sul,São José dos Ausentes,85.06,3,0,0.0,52,3,5.77,1474.34,85.06,1.47,3527,113.41,85.06,226.82,85.06
2020-11-03,Rio Grande do Sul,São José dos Ausentes,0.0,0,0,0.0,49,3,6.12,1389.28,85.06,1.39,3527,28.35,0.0,141.76,-28.35
2020-11-02,Rio Grande do Sul,São José dos Ausentes,0.0,0,0,0.0,49,3,6.12,1389.28,85.06,1.39,3527,28.35,0.0,170.11,-113.41
2020-11-01,Rio Grande do Sul,São José dos Ausentes,0.0,0,0,0.0,49,3,6.12,1389.28,85.06,1.39,3527,28.35,0.0,283.52,-113.41
2020-10-31,Rio Grande do Sul,São José dos Ausentes,0.0,0,0,0.0,49,3,6.12,1389.28,85.06,1.39,3527,28.35,0.0,396.93,0.0
2020-10-30,Rio Grande do Sul,São José dos Ausentes,0.0,0,0,0.0,49,3,6.12,1389.28,85.06,1.39,3527,28.35,0.0,396.93,0.0
2020-10-29,Rio Grande do Sul,São José dos Ausentes,28.35,1,0,0.0,49,3,6.12,1389.28,85.06,1.39,3527,28.35,0.0,396.93,28.35
2020-10-28,Rio Grande do Sul,São José dos Ausentes,0.0,0,0,0.0,48,3,6.25,1360.93,85.06,1.36,3527,28.35,0.0,368.58,0.0
2020-10-27,Rio Grande do Sul,São José dos Ausentes,0.0,0,0,0.0,48,3,6.25,1360.93,85.06,1.36,3527,28.35,0.0,368.58,0.0
2020-10-26,Rio Grande do Sul,São José dos Ausentes,0.0,0,0,0.0,48,3,6.25,1360.93,85.06,1.36,3527,28.35,0.0,368.58,-56.71
2020-10-24,Rio Grande do Sul,São José dos Ausentes,0.0,0,0,0.0,48,3,6.25,1360.93,85.06,1.36,3527,28.35,-28.35,425.29,0.0
2020-10-23,Rio Grande do Sul,São José dos Ausentes,0.0,0,0,0.0,48,3,6.25,1360.93,85.06,1.36,3527,56.7,0.0,425.29,0.0
2020-10-22,Rio Grande do Sul,São José dos Ausentes,0.0,0,0,0.0,48,3,6.25,1360.93,85.06,1.36,3527,56.7,0.0,425.29,0.0
2020-10-21,Rio Grande do Sul,São José dos Ausentes,28.35,1,0,0.0,48,3,6.25,1360.93,85.06,1.36,3527,56.7,28.35,425.29,28.35
2020-10-20,Rio Grande do Sul,São José dos Ausentes,0.0,0,0,0.0,47,3,6.38,1332.58,85.06,1.33,3527,28.35,0.0,396.94,0.0
2020-10-19,Rio Grande do Sul,São José dos Ausentes,0.0,0,0,0.0,47,3,6.38,1332.58,85.06,1.33,3527,28.35,0.0,396.94,0.0
2020-10-18,Rio Grande do Sul,São José dos Ausentes,0.0,0,0,0.0,47,3,6.38,1332.58,85.06,1.33,3527,28.35,0.0,396.94,0.0
2020-10-16,Rio Grande do Sul,São José dos Ausentes,28.35,1,0,0.0,47,3,6.38,1332.58,85.06,1.33,3527,28.35,28.35,396.94,28.35
2020-10-15,Rio Grande do Sul,São José dos Ausentes,0.0,0,0,0.0,46,3,6.52,1304.22,85.06,1.3,3527,0.0,0.0,368.59,0.0
2020-10-14,Rio Grande do Sul,São José dos Ausentes,0.0,0,0,0.0,46,3,6.52,1304.22,85.06,1.3,3527,0.0,-56.71,368.59,0.0
2020-10-13,Rio Grande do Sul,São José dos Ausentes,0.0,0,0,0.0,46,3,6.52,1304.22,85.06,1.3,3527,56.71,0.0,368.59,0.0
2020-10-11,Rio Grande do Sul,São José dos Ausentes,0.0,0,0,0.0,46,3,6.52,1304.22,85.06,1.3,3527,56.71,0.0,368.59,0.0
2020-10-10,Rio Grande do Sul,São José dos Ausentes,0.0,0,0,0.0,46,3,6.52,1304.22,85.06,1.3,3527,56.71,-28.35,368.59,0.0
2020-10-09,Rio Grande do Sul,São José dos Ausentes,0.0,0,0,0.0,46,3,6.52,1304.22,85.06,1.3,3527,85.06,-113.41,368.59,-28.35
2020-10-08,Rio Grande do Sul,São José dos Ausentes,0.0,0,0,0.0,46,3,6.52,1304.22,85.06,1.3,3527,198.47,-113.41,396.94,0.0
2020-10-07,Rio Grande do Sul,São José dos Ausentes,0.0,0,0,0.0,46,3,6.52,1304.22,85.06,1.3,3527,311.88,0.0,396.94,0.0
2020-10-06,Rio Grande do Sul,São José dos Ausentes,56.71,2,0,0.0,46,3,6.52,1304.22,85.06,1.3,3527,311.88,56.71,396.94,56.71
2020-10-05,Rio Grande do Sul,São José dos Ausentes,0.0,0,0,0.0,44,3,6.82,1247.52,85.06,1.25,3527,255.17,0.0,340.23,0.0
2020-10-04,Rio Grande do Sul,São José dos Ausentes,0.0,0,0,0.0,44,3,6.82,1247.52,85.06,1.25,3527,255.17,0.0,340.23,0.0
2020-10-03,Rio Grande do Sul,São José dos Ausentes,28.35,1,0,0.0,44,3,6.82,1247.52,85.06,1.25,3527,255.17,28.35,340.23,28.35
2020-10-02,Rio Grande do Sul,São José dos Ausentes,113.41,4,0,0.0,43,3,6.98,1219.17,85.06,1.22,3527,226.82,56.7,311.88,113.41
2020-10-01,Rio Grande do Sul,São José dos Ausentes,113.41,4,0,0.0,39,3,7.69,1105.76,85.06,1.11,3527,170.12,113.41,198.47,113.41
2020-09-30,Rio Grande do Sul,São José dos Ausentes,0.0,0,0,0.0,35,3,8.57,992.34,85.06,0.99,3527,56.71,0.0,85.06,0.0
2020-09-29,Rio Grande do Sul,São José dos Ausentes,0.0,0,0,0.0,35,3,8.57,992.34,85.06,0.99,3527,56.71,0.0,85.06,0.0
2020-09-28,Rio Grande do Sul,São José dos Ausentes,0.0,0,0,0.0,35,3,8.57,992.34,85.06,0.99,3527,56.71,0.0,85.06,-28.35
2020-09-27,Rio Grande do Sul,São José dos Ausentes,0.0,0,0,0.0,35,3,8.57,992.34,85.06,0.99,3527,56.71,0.0,113.41,0.0
2020-09-26,Rio Grande do Sul,São José dos Ausentes,0.0,0,0,0.0,35,3,8.57,992.34,85.06,0.99,3527,56.71,0.0,113.41,0.0
2020-09-25,Rio Grande do Sul,São José dos Ausentes,56.71,2,0,0.0,35,3,8.57,992.34,85.06,0.99,3527,56.71,56.71,113.41,56.71
2020-09-24,Rio Grande do Sul,São José dos Ausentes,0.0,0,0,0.0,33,3,9.09,935.64,85.06,0.94,3527,0.0,0.0,56.7,0.0
2020-09-23,Rio Grande do Sul,São José dos Ausentes,0.0,0,0,0.0,33,3,9.09,935.64,85.06,0.94,3527,0.0,0.0,56.7,-141.76
2020-09-22,Rio Grande do Sul,São José dos Ausentes,0.0,0,0,0.0,33,3,9.09,935.64,85.06,0.94,3527,0.0,0.0,198.46,0.0
2020-09-21,Rio Grande do Sul,São José dos Ausentes,0.0,0,0,0.0,33,3,9.09,935.64,85.06,0.94,3527,0.0,0.0,198.46,-28.35
2020-09-20,Rio Grande do Sul,São José dos Ausentes,0.0,0,0,0.0,33,3,9.09,935.64,85.06,0.94,3527,0.0,0.0,226.81,-113.41
2020-09-19,Rio Grande do Sul,São José dos Ausentes,0.0,0,0,0.0,33,3,9.09,935.64,85.06,0.94,3527,0.0,0.0,340.22,0.0
2020-09-18,Rio Grande do Sul,São José dos Ausentes,0.0,0,0,0.0,33,3,9.09,935.64,85.06,0.94,3527,0.0,-28.35,340.22,0.0
2020-09-17,Rio Grande do Sul,São José dos Ausentes,0.0,0,0,0.0,33,3,9.09,935.64,85.06,0.94,3527,28.35,0.0,340.22,-28.35
2020-09-16,Rio Grande do Sul,São José dos Ausentes,0.0,0,0,0.0,33,3,9.09,935.64,85.06,0.94,3527,28.35,0.0,368.57,-56.71
2020-09-15,Rio Grande do Sul,São José dos Ausentes,0.0,0,0,0.0,33,3,9.09,935.64,85.06,0.94,3527,28.35,0.0,425.28,0.0
2020-09-14,Rio Grande do Sul,São José dos Ausentes,0.0,0,0,0.0,33,3,9.09,935.64,85.06,0.94,3527,28.35,0.0,425.28,0.0
2020-09-13,Rio Grande do Sul,São José dos Ausentes,0.0,0,0,0.0,33,3,9.09,935.64,85.06,0.94,3527,28.35,0.0,425.28,-28.35
2020-09-12,Rio Grande do Sul,São José dos Ausentes,0.0,0,0,0.0,33,3,9.09,935.64,85.06,0.94,3527,28.35,0.0,453.63,28.35
2020-09-11,Rio Grande do Sul,São José dos Ausentes,28.35,1,0,0.0,33,3,9.09,935.64,85.06,0.94,3527,28.35,28.35,425.28,28.35
2020-09-10,Rio Grande do Sul,São José dos Ausentes,0.0,0,0,0.0,32,3,9.38,907.29,85.06,0.91,3527,0.0,0.0,396.93,0.0
2020-09-09,Rio Grande do Sul,São José dos Ausentes,0.0,0,0,0.0,32,3,9.38,907.29,85.06,0.91,3527,0.0,0.0,396.93,-56.71
2020-09-08,Rio Grande do Sul,São José dos Ausentes,0.0,0,0,0.0,32,3,9.38,907.29,85.06,0.91,3527,0.0,0.0,453.64,0.0
2020-09-07,Rio Grande do Sul,São José dos Ausentes,0.0,0,0,0.0,32,3,9.38,907.29,85.06,0.91,3527,0.0,-28.35,453.64,0.0
2020-09-06,Rio Grande do Sul,São José dos Ausentes,0.0,0,0,0.0,32,3,9.38,907.29,85.06,0.91,3527,28.35,0.0,453.64,-28.35
2020-09-05,Rio Grande do Sul,São José dos Ausentes,0.0,0,0,0.0,32,3,9.38,907.29,85.06,0.91,3527,28.35,0.0,481.99,0.0
2020-09-04,Rio Grande do Sul,São José dos Ausentes,0.0,0,0,0.0,32,3,9.38,907.29,85.06,0.91,3527,28.35,0.0,481.99,0.0
2020-09-03,Rio Grande do Sul,São José dos Ausentes,0.0,0,0,0.0,32,3,9.38,907.29,85.06,0.91,3527,28.35,0.0,481.99,-28.35
2020-09-02,Rio Grande do Sul,São José dos Ausentes,0.0,0,0,0.0,32,3,9.38,907.29,85.06,0.91,3527,28.35,-141.76,510.34,-113.41
2020-09-01,Rio Grande do Sul,São José dos Ausentes,0.0,0,0,0.0,32,3,9.38,907.29,85.06,0.91,3527,170.11,0.0,623.75,0.0
2020-08-31,Rio Grande do Sul,São José dos Ausentes,28.35,1,0,0.0,32,3,9.38,907.29,85.06,0.91,3527,170.11,0.0,623.75,28.35
2020-08-30,Rio Grande do Sul,São José dos Ausentes,0.0,0,0,0.0,31,3,9.68,878.93,85.06,0.88,3527,170.11,-113.41,595.4,0.0
2020-08-29,Rio Grande do Sul,São José dos Ausentes,0.0,0,0,0.0,31,3,9.68,878.93,85.06,0.88,3527,283.52,0.0,595.4,0.0
2020-08-28,Rio Grande do Sul,São José dos Ausentes,0.0,0,0,0.0,31,3,9.68,878.93,85.06,0.88,3527,283.52,0.0,595.4,0.0
2020-08-26,Rio Grande do Sul,São José dos Ausentes,0.0,0,0,0.0,31,3,9.68,878.93,85.06,0.88,3527,283.52,-28.35,595.4,0.0
2020-08-25,Rio Grande do Sul,São José dos Ausentes,141.76,5,0,0.0,31,3,9.68,878.93,85.06,0.88,3527,311.87,85.05,595.4,113.41
2020-08-24,Rio Grande do Sul,São José dos Ausentes,0.0,0,0,0.0,26,3,11.54,737.17,85.06,0.74,3527,226.82,0.0,481.99,0.0
2020-08-23,Rio Grande do Sul,São José dos Ausentes,28.35,1,0,0.0,26,3,11.54,737.17,85.06,0.74,3527,226.82,28.35,481.99,28.35
2020-08-22,Rio Grande do Sul,São José dos Ausentes,113.41,4,0,0.0,25,3,12.0,708.82,85.06,0.71,3527,198.47,85.06,453.64,113.41
2020-08-21,Rio Grande do Sul,São José dos Ausentes,0.0,0,0,0.0,21,3,14.29,595.41,85.06,0.6,3527,113.41,28.35,340.23,-141.76
2020-08-20,Rio Grande do Sul,São José dos Ausentes,0.0,0,0,0.0,21,3,14.29,595.41,85.06,0.6,3527,85.06,0.0,481.99,0.0
2020-08-19,Rio Grande do Sul,São José dos Ausentes,28.35,1,0,0.0,21,3,14.29,595.41,85.06,0.6,3527,85.06,28.35,481.99,28.35
2020-08-18,Rio Grande do Sul,São José dos Ausentes,56.71,2,0,0.0,20,3,15.0,567.05,85.06,0.57,3527,56.71,0.0,453.64,56.71
2020-08-17,Rio Grande do Sul,São José dos Ausentes,0.0,0,0,0.0,18,3,16.67,510.35,85.06,0.51,3527,56.71,0.0,396.93,0.0
2020-08-16,Rio Grande do Sul,São José dos Ausentes,0.0,0,0,0.0,18,3,16.67,510.35,85.06,0.51,3527,56.71,0.0,396.93,0.0
2020-08-15,Rio Grande do Sul,São José dos Ausentes,28.35,1,0,0.0,18,3,16.67,510.35,85.06,0.51,3527,56.71,0.0,396.93,0.0
2020-08-14,Rio Grande do Sul,São José dos Ausentes,-28.35,-1,0,0.0,17,3,17.65,482.0,85.06,0.48,3527,56.71,-28.35,396.93,-28.35
2020-08-13,Rio Grande do Sul,São José dos Ausentes,0.0,0,0,0.0,18,3,16.67,510.35,85.06,0.51,3527,85.06,0.0,425.28,0.0
2020-08-12,Rio Grande do Sul,São José dos Ausentes,0.0,0,0,0.0,18,3,16.67,510.35,85.06,0.51,3527,85.06,-28.35,425.28,0.0
2020-08-11,Rio Grande do Sul,São José dos Ausentes,56.71,2,0,0.0,18,3,16.67,510.35,85.06,0.51,3527,113.41,-56.7,425.28,28.36
2020-08-10,Rio Grande do Sul,São José dos Ausentes,0.0,0,0,0.0,16,3,18.75,453.64,85.06,0.45,3527,170.11,0.0,396.92,-28.35
2020-08-09,Rio Grande do Sul,São José dos Ausentes,0.0,0,0,0.0,16,3,18.75,453.64,85.06,0.45,3527,170.11,0.0,425.27,0.0
2020-08-08,Rio Grande do Sul,São José dos Ausentes,28.35,1,0,0.0,16,3,18.75,453.64,85.06,0.45,3527,170.11,28.35,425.27,28.35
2020-08-07,Rio Grande do Sul,São José dos Ausentes,0.0,0,0,0.0,15,3,20.0,425.29,85.06,0.43,3527,141.76,0.0,396.92,0.0
2020-08-06,Rio Grande do Sul,São José dos Ausentes,0.0,0,0,0.0,15,3,20.0,425.29,85.06,0.43,3527,141.76,0.0,396.92,0.0
2020-08-05,Rio Grande do Sul,São José dos Ausentes,28.35,1,0,0.0,15,3,20.0,425.29,85.06,0.43,3527,141.76,28.35,396.92,28.35
2020-08-04,Rio Grande do Sul,São José dos Ausentes,113.41,4,0,0.0,14,3,21.43,396.94,85.06,0.4,3527,113.41,85.06,368.57,113.41
2020-08-03,Rio Grande do Sul,São José dos Ausentes,0.0,0,0,0.0,10,3,30.0,283.53,85.06,0.28,3527,28.35,0.0,255.16,0.0
2020-08-02,Rio Grande do Sul,São José dos Ausentes,0.0,0,0,0.0,10,3,30.0,283.53,85.06,0.28,3527,28.35,0.0,255.16,0.0
2020-08-01,Rio Grande do Sul,São José dos Ausentes,0.0,0,0,0.0,10,3,30.0,283.53,85.06,0.28,3527,28.35,0.0,255.16,0.0
2020-07-31,Rio Grande do Sul,São José dos Ausentes,0.0,0,0,0.0,10,3,30.0,283.53,85.06,0.28,3527,28.35,-141.76,255.16,0.0
2020-07-30,Rio Grande do Sul,São José dos Ausentes,0.0,0,0,0.0,10,3,30.0,283.53,85.06,0.28,3527,170.11,0.0,255.16,0.0
2020-07-29,Rio Grande do Sul,São José dos Ausentes,0.0,0,0,0.0,10,3,30.0,283.53,85.06,0.28,3527,170.11,0.0,255.16,0.0
2020-07-28,Rio Grande do Sul,São José dos Ausentes,28.35,1,0,0.0,10,3,30.0,283.53,85.06,0.28,3527,170.11,28.35,255.16,28.35
2020-07-27,Rio Grande do Sul,São José dos Ausentes,0.0,0,0,0.0,9,3,33.33,255.17,85.06,0.26,3527,141.76,0.0,226.81,0.0
2020-07-26,Rio Grande do Sul,São José dos Ausentes,0.0,0,0,0.0,9,3,33.33,255.17,85.06,0.26,3527,141.76,0.0,226.81,0.0
2020-07-25,Rio Grande do Sul,São José dos Ausentes,0.0,0,0,0.0,9,3,33.33,255.17,85.06,0.26,3527,141.76,-28.35,226.81,0.0
2020-07-24,Rio Grande do Sul,São José dos Ausentes,141.76,5,1,28.35,9,3,33.33,255.17,85.06,0.26,3527,170.11,141.76,226.81,141.76
2020-07-23,Rio Grande do Sul,São José dos Ausentes,0.0,0,0,0.0,4,2,50.0,113.41,56.71,0.11,3527,28.35,0.0,85.05,0.0
2020-07-22,Rio Grande do Sul,São José dos Ausentes,0.0,0,0,0.0,4,2,50.0,113.41,56.71,0.11,3527,28.35,0.0,85.05,0.0
2020-07-21,Rio Grande do Sul,São José dos Ausentes,0.0,0,0,0.0,4,2,50.0,113.41,56.71,0.11,3527,28.35,-28.35,85.05,0.0
2020-07-20,Rio Grande do Sul,São José dos Ausentes,0.0,0,0,0.0,4,2,50.0,113.41,56.71,0.11,3527,56.7,-28.35,85.05,0.0
2020-07-19,Rio Grande do Sul,São José dos Ausentes,0.0,0,1,28.35,4,2,50.0,113.41,56.71,0.11,3527,85.05,0.0,85.05,0.0
2020-07-18,Rio Grande do Sul,São José dos Ausentes,28.35,1,0,0.0,4,1,25.0,113.41,28.35,0.11,3527,85.05,28.35,85.05,28.35
2020-07-17,Rio Grande do Sul,São José dos Ausentes,0.0,0,0,0.0,3,1,33.33,85.06,28.35,0.09,3527,56.7,0.0,56.7,0.0
2020-07-16,Rio Grande do Sul,São José dos Ausentes,0.0,0,1,28.35,3,1,33.33,85.06,28.35,0.09,3527,56.7,0.0,56.7,0.0
2020-07-15,Rio Grande do Sul,São José dos Ausentes,0.0,0,0,0.0,3,0,0.0,85.06,0.0,0.09,3527,56.7,0.0,56.7,0.0
2020-07-14,Rio Grande do Sul,São José dos Ausentes,28.35,1,0,0.0,3,0,0.0,85.06,0.0,0.09,3527,56.7,28.35,56.7,28.35
2020-07-13,Rio Grande do Sul,São José dos Ausentes,28.35,1,0,0.0,2,0,0.0,56.71,0.0,0.06,3527,28.35,28.35,28.35,28.35
2020-07-12,Rio Grande do Sul,São José dos Ausentes,0.0,0,0,0.0,1,0,0.0,28.35,0.0,0.03,3527,0.0,0.0,0.0,0.0
2020-07-11,Rio Grande do Sul,São José dos Ausentes,0.0,0,0,0.0,1,0,0.0,28.35,0.0,0.03,3527,0.0,0.0,0.0,0.0
2020-07-10,Rio Grande do Sul,São José dos Ausentes,0.0,0,0,0.0,1,0,0.0,28.35,0.0,0.03,3527,0.0,0.0,0.0,0.0
2020-07-09,Rio Grande do Sul,São José dos Ausentes,0.0,0,0,0.0,1,0,0.0,28.35,0.0,0.03,3527,0.0,0.0,0.0,0.0
2020-07-08,Rio Grande do Sul,São José dos Ausentes,0.0,0,0,0.0,1,0,0.0,28.35,0.0,0.03,3527,0.0,0.0,0.0,0.0
2020-07-07,Rio Grande do Sul,São José dos Ausentes,0.0,0,0,0.0,1,0,0.0,28.35,0.0,0.03,3527,0.0,0.0,0.0,0.0
