date,state,county,1day_cases_100k,new_cases,new_deaths,new_deaths_100k,total_cases,total_deaths,cfr%,total_cases_100k,total_deaths_100k,%infected,population,pop_density,7day_cases_100k,7day_cases_change,28day_cases_100k,28day_cases_change
2020-11-10,South Dakota,Perkins,34.22,1,0,0.0,99,0,0.0,3388.09,0.0,3.39,2922,1.02,581.79,-34.23,1608.49,34.22
2020-11-09,South Dakota,Perkins,34.22,1,0,0.0,98,0,0.0,3353.87,0.0,3.35,2922,1.02,616.02,102.67,1574.27,34.22
2020-11-08,South Dakota,Perkins,102.67,3,0,0.0,97,0,0.0,3319.64,0.0,3.32,2922,1.02,513.35,34.22,1540.05,-68.45
2020-11-07,South Dakota,Perkins,205.34,6,0,0.0,94,0,0.0,3216.97,0.0,3.22,2922,1.02,479.13,239.56,1608.5,205.34
2020-11-06,South Dakota,Perkins,102.67,3,0,0.0,88,0,0.0,3011.64,0.0,3.01,2922,1.02,239.57,68.45,1403.16,102.67
2020-11-05,South Dakota,Perkins,34.22,1,0,0.0,85,0,0.0,2908.97,0.0,2.91,2922,1.02,171.12,-34.23,1300.49,68.44
2020-11-04,South Dakota,Perkins,68.45,2,0,0.0,84,0,0.0,2874.74,0.0,2.87,2922,1.02,205.35,-68.44,1232.05,-68.44
2020-11-03,South Dakota,Perkins,68.45,2,0,0.0,82,0,0.0,2806.3,0.0,2.81,2922,1.02,273.79,68.45,1300.49,68.45
2020-11-02,South Dakota,Perkins,-68.45,-2,0,0.0,80,0,0.0,2737.85,0.0,2.74,2922,1.02,205.34,-68.45,1232.04,-68.45
2020-11-01,South Dakota,Perkins,68.45,2,0,0.0,82,0,0.0,2806.3,0.0,2.81,2922,1.02,273.79,34.23,1300.49,0.0
2020-10-31,South Dakota,Perkins,-34.22,-1,0,0.0,80,0,0.0,2737.85,0.0,2.74,2922,1.02,239.56,-102.67,1300.49,-34.22
2020-10-30,South Dakota,Perkins,34.22,1,0,0.0,81,0,0.0,2772.07,0.0,2.77,2922,1.02,342.23,-34.23,1334.71,68.44
2020-10-29,South Dakota,Perkins,68.45,2,0,0.0,80,0,0.0,2737.85,0.0,2.74,2922,1.02,376.46,0.0,1266.27,0.0
2020-10-28,South Dakota,Perkins,136.89,4,0,0.0,78,0,0.0,2669.4,0.0,2.67,2922,1.02,376.46,34.22,1266.27,102.67
2020-10-27,South Dakota,Perkins,0.0,0,0,0.0,74,0,0.0,2532.51,0.0,2.53,2922,1.02,342.24,-68.45,1163.6,0.0
2020-10-26,South Dakota,Perkins,0.0,0,0,0.0,74,0,0.0,2532.51,0.0,2.53,2922,1.02,410.69,-34.22,1163.6,-68.45
2020-10-25,South Dakota,Perkins,34.22,1,0,0.0,74,0,0.0,2532.51,0.0,2.53,2922,1.02,444.91,0.0,1232.05,0.0
2020-10-24,South Dakota,Perkins,68.45,2,0,0.0,73,0,0.0,2498.29,0.0,2.5,2922,1.02,444.91,34.23,1232.05,68.45
2020-10-23,South Dakota,Perkins,68.45,2,0,0.0,71,0,0.0,2429.84,0.0,2.43,2922,1.02,410.68,34.23,1163.6,34.23
2020-10-22,South Dakota,Perkins,68.45,2,0,0.0,69,0,0.0,2361.4,0.0,2.36,2922,1.02,376.45,-68.44,1129.37,68.45
2020-10-21,South Dakota,Perkins,102.67,3,0,0.0,67,0,0.0,2292.95,0.0,2.29,2922,1.02,444.89,34.22,1060.92,34.22
2020-10-20,South Dakota,Perkins,68.45,2,0,0.0,64,0,0.0,2190.28,0.0,2.19,2922,1.02,410.67,68.45,1026.7,-68.44
2020-10-19,South Dakota,Perkins,34.22,1,0,0.0,62,0,0.0,2121.83,0.0,2.12,2922,1.02,342.22,34.22,1095.14,34.22
2020-10-18,South Dakota,Perkins,34.22,1,0,0.0,61,0,0.0,2087.61,0.0,2.09,2922,1.02,308.0,-136.9,1060.92,-34.23
2020-10-17,South Dakota,Perkins,34.22,1,0,0.0,60,0,0.0,2053.39,0.0,2.05,2922,1.02,444.9,34.22,1095.15,34.22
2020-10-16,South Dakota,Perkins,34.22,1,0,0.0,59,0,0.0,2019.16,0.0,2.02,2922,1.02,410.68,34.22,1060.93,0.0
2020-10-15,South Dakota,Perkins,136.89,4,0,0.0,58,0,0.0,1984.94,0.0,1.98,2922,1.02,376.46,171.11,1060.93,136.89
2020-10-14,South Dakota,Perkins,68.45,2,0,0.0,54,0,0.0,1848.05,0.0,1.85,2922,1.02,205.35,-68.44,924.04,0.0
2020-10-13,South Dakota,Perkins,0.0,0,0,0.0,52,0,0.0,1779.6,0.0,1.78,2922,1.02,273.79,0.0,924.04,-34.22
2020-10-12,South Dakota,Perkins,0.0,0,0,0.0,52,0,0.0,1779.6,0.0,1.78,2922,1.02,273.79,0.0,958.26,0.0
2020-10-11,South Dakota,Perkins,171.12,5,0,0.0,52,0,0.0,1779.6,0.0,1.78,2922,1.02,273.79,102.67,958.26,171.12
2020-10-10,South Dakota,Perkins,0.0,0,0,0.0,47,0,0.0,1608.49,0.0,1.61,2922,1.02,171.12,0.0,787.14,0.0
2020-10-09,South Dakota,Perkins,0.0,0,0,0.0,47,0,0.0,1608.49,0.0,1.61,2922,1.02,171.12,34.22,787.14,0.0
2020-10-08,South Dakota,Perkins,-34.22,-1,0,0.0,47,0,0.0,1608.49,0.0,1.61,2922,1.02,136.9,-102.67,787.14,-34.22
2020-10-07,South Dakota,Perkins,136.89,4,0,0.0,48,0,0.0,1642.71,0.0,1.64,2922,1.02,239.57,102.67,821.36,136.89
2020-10-06,South Dakota,Perkins,0.0,0,0,0.0,44,0,0.0,1505.82,0.0,1.51,2922,1.02,136.9,0.0,684.47,-68.45
2020-10-05,South Dakota,Perkins,0.0,0,0,0.0,44,0,0.0,1505.82,0.0,1.51,2922,1.02,136.9,-68.45,752.92,34.22
2020-10-04,South Dakota,Perkins,68.45,2,0,0.0,44,0,0.0,1505.82,0.0,1.51,2922,1.02,205.35,34.23,718.7,68.45
2020-10-03,South Dakota,Perkins,0.0,0,0,0.0,42,0,0.0,1437.37,0.0,1.44,2922,1.02,171.12,0.0,650.25,0.0
2020-10-02,South Dakota,Perkins,-34.22,-1,0,0.0,42,0,0.0,1437.37,0.0,1.44,2922,1.02,171.12,-68.44,650.25,-171.11
2020-10-01,South Dakota,Perkins,68.45,2,0,0.0,43,0,0.0,1471.59,0.0,1.47,2922,1.02,239.56,68.45,821.36,68.45
2020-09-30,South Dakota,Perkins,34.22,1,0,0.0,41,0,0.0,1403.15,0.0,1.4,2922,1.02,171.11,-34.23,752.91,-68.45
2020-09-29,South Dakota,Perkins,0.0,0,0,0.0,40,0,0.0,1368.93,0.0,1.37,2922,1.02,205.34,-136.89,821.36,0.0
2020-09-28,South Dakota,Perkins,68.45,2,0,0.0,40,0,0.0,1368.93,0.0,1.37,2922,1.02,342.23,68.45,821.36,-34.22
2020-09-27,South Dakota,Perkins,34.22,1,0,0.0,38,0,0.0,1300.48,0.0,1.3,2922,1.02,273.78,-34.23,855.58,68.44
2020-09-26,South Dakota,Perkins,0.0,0,0,0.0,37,0,0.0,1266.26,0.0,1.27,2922,1.02,308.01,0.0,787.14,0.0
2020-09-25,South Dakota,Perkins,34.22,1,0,0.0,37,0,0.0,1266.26,0.0,1.27,2922,1.02,308.01,0.0,787.14,0.0
2020-09-24,South Dakota,Perkins,0.0,0,0,0.0,36,0,0.0,1232.03,0.0,1.23,2922,1.02,308.01,0.0,787.14,-136.89
2020-09-23,South Dakota,Perkins,68.45,2,0,0.0,36,0,0.0,1232.03,0.0,1.23,2922,1.02,308.01,0.0,924.03,68.45
2020-09-22,South Dakota,Perkins,136.89,4,0,0.0,34,0,0.0,1163.59,0.0,1.16,2922,1.02,308.01,102.67,855.58,102.67
2020-09-21,South Dakota,Perkins,0.0,0,0,0.0,30,0,0.0,1026.69,0.0,1.03,2922,1.02,205.34,0.0,752.91,-68.45
2020-09-20,South Dakota,Perkins,68.45,2,0,0.0,30,0,0.0,1026.69,0.0,1.03,2922,1.02,205.34,68.45,821.36,68.45
2020-09-19,South Dakota,Perkins,0.0,0,0,0.0,28,0,0.0,958.25,0.0,0.96,2922,1.02,136.89,0.0,752.91,0.0
2020-09-18,South Dakota,Perkins,34.22,1,0,0.0,28,0,0.0,958.25,0.0,0.96,2922,1.02,136.89,34.22,752.91,34.22
2020-09-17,South Dakota,Perkins,0.0,0,0,0.0,27,0,0.0,924.02,0.0,0.92,2922,1.02,102.67,0.0,718.69,0.0
2020-09-16,South Dakota,Perkins,68.45,2,0,0.0,27,0,0.0,924.02,0.0,0.92,2922,1.02,102.67,68.45,718.69,68.45
2020-09-15,South Dakota,Perkins,34.22,1,0,0.0,25,0,0.0,855.58,0.0,0.86,2922,1.02,34.22,-34.23,650.24,34.22
2020-09-14,South Dakota,Perkins,0.0,0,0,0.0,24,0,0.0,821.36,0.0,0.82,2922,1.02,68.45,34.22,616.02,0.0
2020-09-13,South Dakota,Perkins,0.0,0,0,0.0,24,0,0.0,821.36,0.0,0.82,2922,1.02,34.23,0.0,616.02,0.0
2020-09-12,South Dakota,Perkins,0.0,0,0,0.0,24,0,0.0,821.36,0.0,0.82,2922,1.02,34.23,0.0,616.02,0.0
2020-09-11,South Dakota,Perkins,0.0,0,0,0.0,24,0,0.0,821.36,0.0,0.82,2922,1.02,34.23,-136.89,616.02,0.0
2020-09-10,South Dakota,Perkins,0.0,0,0,0.0,24,0,0.0,821.36,0.0,0.82,2922,1.02,171.12,0.0,616.02,0.0
2020-09-09,South Dakota,Perkins,0.0,0,0,0.0,24,0,0.0,821.36,0.0,0.82,2922,1.02,171.12,-102.67,616.02,0.0
2020-09-08,South Dakota,Perkins,68.45,2,0,0.0,24,0,0.0,821.36,0.0,0.82,2922,1.02,273.79,68.45,616.02,68.45
2020-09-07,South Dakota,Perkins,-34.22,-1,0,0.0,22,0,0.0,752.91,0.0,0.75,2922,1.02,205.34,-136.89,547.57,-34.22
2020-09-06,South Dakota,Perkins,0.0,0,0,0.0,23,0,0.0,787.13,0.0,0.79,2922,1.02,342.23,34.22,581.79,0.0
2020-09-05,South Dakota,Perkins,0.0,0,0,0.0,23,0,0.0,787.13,0.0,0.79,2922,1.02,308.01,0.0,581.79,0.0
2020-09-04,South Dakota,Perkins,136.89,4,0,0.0,23,0,0.0,787.13,0.0,0.79,2922,1.02,308.01,102.67,581.79,136.89
2020-09-03,South Dakota,Perkins,0.0,0,0,0.0,19,0,0.0,650.24,0.0,0.65,2922,1.02,205.34,-136.89,444.9,0.0
2020-09-02,South Dakota,Perkins,102.67,3,0,0.0,19,0,0.0,650.24,0.0,0.65,2922,1.02,342.23,102.67,444.9,102.67
2020-09-01,South Dakota,Perkins,0.0,0,0,0.0,16,0,0.0,547.57,0.0,0.55,2922,1.02,239.56,-34.22,342.23,0.0
2020-08-31,South Dakota,Perkins,102.67,3,0,0.0,16,0,0.0,547.57,0.0,0.55,2922,1.02,273.78,34.22,342.23,102.67
2020-08-30,South Dakota,Perkins,-34.22,-1,0,0.0,13,0,0.0,444.9,0.0,0.44,2922,1.02,239.56,-34.22,239.56,-34.22
2020-08-29,South Dakota,Perkins,0.0,0,0,0.0,14,0,0.0,479.12,0.0,0.48,2922,1.02,273.78,0.0,273.78,0.0
2020-08-28,South Dakota,Perkins,34.22,1,0,0.0,14,0,0.0,479.12,0.0,0.48,2922,1.02,273.78,34.22,273.78,34.22
2020-08-27,South Dakota,Perkins,136.89,4,0,0.0,13,0,0.0,444.9,0.0,0.44,2922,1.02,239.56,136.89,239.56,136.89
2020-08-26,South Dakota,Perkins,0.0,0,0,0.0,9,0,0.0,308.01,0.0,0.31,2922,1.02,102.67,0.0,102.67,-68.45
2020-08-25,South Dakota,Perkins,34.22,1,0,0.0,9,0,0.0,308.01,0.0,0.31,2922,1.02,102.67,34.22,171.12,34.22
2020-08-24,South Dakota,Perkins,68.45,2,0,0.0,8,0,0.0,273.79,0.0,0.27,2922,1.02,68.45,68.45,136.9,68.45
2020-08-23,South Dakota,Perkins,0.0,0,0,0.0,6,0,0.0,205.34,0.0,0.21,2922,1.02,0.0,0.0,68.45,0.0
2020-08-22,South Dakota,Perkins,0.0,0,0,0.0,6,0,0.0,205.34,0.0,0.21,2922,1.02,0.0,0.0,68.45,0.0
2020-08-21,South Dakota,Perkins,0.0,0,0,0.0,6,0,0.0,205.34,0.0,0.21,2922,1.02,0.0,0.0,68.45,0.0
2020-08-20,South Dakota,Perkins,0.0,0,0,0.0,6,0,0.0,205.34,0.0,0.21,2922,1.02,0.0,0.0,68.45,0.0
2020-08-19,South Dakota,Perkins,0.0,0,0,0.0,6,0,0.0,205.34,0.0,0.21,2922,1.02,0.0,0.0,68.45,0.0
2020-08-18,South Dakota,Perkins,0.0,0,0,0.0,6,0,0.0,205.34,0.0,0.21,2922,1.02,0.0,0.0,68.45,0.0
2020-08-17,South Dakota,Perkins,0.0,0,0,0.0,6,0,0.0,205.34,0.0,0.21,2922,1.02,0.0,0.0,68.45,0.0
2020-08-16,South Dakota,Perkins,0.0,0,0,0.0,6,0,0.0,205.34,0.0,0.21,2922,1.02,0.0,0.0,68.45,0.0
2020-08-15,South Dakota,Perkins,0.0,0,0,0.0,6,0,0.0,205.34,0.0,0.21,2922,1.02,0.0,0.0,68.45,0.0
2020-08-14,South Dakota,Perkins,0.0,0,0,0.0,6,0,0.0,205.34,0.0,0.21,2922,1.02,0.0,0.0,68.45,-34.22
2020-08-13,South Dakota,Perkins,0.0,0,0,0.0,6,0,0.0,205.34,0.0,0.21,2922,1.02,0.0,0.0,102.67,-68.45
2020-08-12,South Dakota,Perkins,0.0,0,0,0.0,6,0,0.0,205.34,0.0,0.21,2922,1.02,0.0,0.0,171.12,0.0
2020-08-11,South Dakota,Perkins,0.0,0,0,0.0,6,0,0.0,205.34,0.0,0.21,2922,1.02,0.0,0.0,171.12,0.0
2020-08-10,South Dakota,Perkins,0.0,0,0,0.0,6,0,0.0,205.34,0.0,0.21,2922,1.02,0.0,0.0,171.12,0.0
2020-08-09,South Dakota,Perkins,0.0,0,0,0.0,6,0,0.0,205.34,0.0,0.21,2922,1.02,0.0,0.0,171.12,0.0
2020-08-08,South Dakota,Perkins,0.0,0,0,0.0,6,0,0.0,205.34,0.0,0.21,2922,1.02,0.0,0.0,171.12,0.0
2020-08-07,South Dakota,Perkins,0.0,0,0,0.0,6,0,0.0,205.34,0.0,0.21,2922,1.02,0.0,0.0,171.12,0.0
2020-08-06,South Dakota,Perkins,0.0,0,0,0.0,6,0,0.0,205.34,0.0,0.21,2922,1.02,0.0,0.0,171.12,0.0
2020-08-05,South Dakota,Perkins,0.0,0,0,0.0,6,0,0.0,205.34,0.0,0.21,2922,1.02,0.0,-68.45,171.12,0.0
2020-08-04,South Dakota,Perkins,0.0,0,0,0.0,6,0,0.0,205.34,0.0,0.21,2922,1.02,68.45,0.0,171.12,0.0
2020-08-03,South Dakota,Perkins,0.0,0,0,0.0,6,0,0.0,205.34,0.0,0.21,2922,1.02,68.45,0.0,171.12,0.0
2020-08-02,South Dakota,Perkins,0.0,0,0,0.0,6,0,0.0,205.34,0.0,0.21,2922,1.02,68.45,0.0,171.12,0.0
2020-08-01,South Dakota,Perkins,0.0,0,0,0.0,6,0,0.0,205.34,0.0,0.21,2922,1.02,68.45,0.0,171.12,0.0
2020-07-31,South Dakota,Perkins,0.0,0,0,0.0,6,0,0.0,205.34,0.0,0.21,2922,1.02,68.45,0.0,171.12,0.0
2020-07-30,South Dakota,Perkins,0.0,0,0,0.0,6,0,0.0,205.34,0.0,0.21,2922,1.02,68.45,0.0,171.12,0.0
2020-07-29,South Dakota,Perkins,68.45,2,0,0.0,6,0,0.0,205.34,0.0,0.21,2922,1.02,68.45,68.45,171.12,68.45
2020-07-28,South Dakota,Perkins,0.0,0,0,0.0,4,0,0.0,136.89,0.0,0.14,2922,1.02,0.0,0.0,102.67,0.0
2020-07-27,South Dakota,Perkins,0.0,0,0,0.0,4,0,0.0,136.89,0.0,0.14,2922,1.02,0.0,0.0,102.67,0.0
2020-07-26,South Dakota,Perkins,0.0,0,0,0.0,4,0,0.0,136.89,0.0,0.14,2922,1.02,0.0,0.0,102.67,0.0
2020-07-25,South Dakota,Perkins,0.0,0,0,0.0,4,0,0.0,136.89,0.0,0.14,2922,1.02,0.0,0.0,102.67,0.0
2020-07-24,South Dakota,Perkins,0.0,0,0,0.0,4,0,0.0,136.89,0.0,0.14,2922,1.02,0.0,-34.22,102.67,0.0
2020-07-23,South Dakota,Perkins,0.0,0,0,0.0,4,0,0.0,136.89,0.0,0.14,2922,1.02,34.22,-68.45,102.67,0.0
2020-07-22,South Dakota,Perkins,0.0,0,0,0.0,4,0,0.0,136.89,0.0,0.14,2922,1.02,102.67,0.0,102.67,0.0
2020-07-21,South Dakota,Perkins,0.0,0,0,0.0,4,0,0.0,136.89,0.0,0.14,2922,1.02,102.67,0.0,102.67,0.0
2020-07-20,South Dakota,Perkins,0.0,0,0,0.0,4,0,0.0,136.89,0.0,0.14,2922,1.02,102.67,0.0,102.67,0.0
2020-07-19,South Dakota,Perkins,0.0,0,0,0.0,4,0,0.0,136.89,0.0,0.14,2922,1.02,102.67,0.0,102.67,0.0
2020-07-18,South Dakota,Perkins,0.0,0,0,0.0,4,0,0.0,136.89,0.0,0.14,2922,1.02,102.67,0.0,102.67,0.0
2020-07-17,South Dakota,Perkins,34.22,1,0,0.0,4,0,0.0,136.89,0.0,0.14,2922,1.02,102.67,34.22,102.67,34.22
2020-07-16,South Dakota,Perkins,68.45,2,0,0.0,3,0,0.0,102.67,0.0,0.1,2922,1.02,68.45,68.45,68.45,68.45
2020-07-15,South Dakota,Perkins,0.0,0,0,0.0,1,0,0.0,34.22,0.0,0.03,2922,1.02,0.0,0.0,0.0,0.0
2020-07-14,South Dakota,Perkins,0.0,0,0,0.0,1,0,0.0,34.22,0.0,0.03,2922,1.02,0.0,0.0,0.0,0.0
2020-07-13,South Dakota,Perkins,0.0,0,0,0.0,1,0,0.0,34.22,0.0,0.03,2922,1.02,0.0,0.0,0.0,0.0
2020-07-12,South Dakota,Perkins,0.0,0,0,0.0,1,0,0.0,34.22,0.0,0.03,2922,1.02,0.0,0.0,0.0,0.0
2020-07-11,South Dakota,Perkins,0.0,0,0,0.0,1,0,0.0,34.22,0.0,0.03,2922,1.02,0.0,0.0,0.0,0.0
