date,country,region,1day_cases_100k,new_cases,new_deaths,new_deaths_100k,total_cases,total_deaths,cfr%,total_cases_100k,total_deaths_100k,%infected,population,7day_cases_100k,7day_cases_change,28day_cases_100k,28day_cases_change
2020-08-21,Peru,Ancash,0.0,0,0,0.0,16149,1116,6.91,1413.59,97.69,1.41,1142409,112.05,-14.79,491.93,-10.33
2020-08-20,Peru,Ancash,22.32,255,3,0.26,16149,1116,6.91,1413.59,97.69,1.41,1142409,126.84,2.45,502.26,13.39
2020-08-19,Peru,Ancash,20.05,229,4,0.35,15894,1113,7.0,1391.27,97.43,1.39,1142409,124.39,-1.22,488.87,11.56
2020-08-18,Peru,Ancash,22.41,256,11,0.96,15665,1109,7.08,1371.23,97.08,1.37,1142409,125.61,8.23,477.31,14.79
2020-08-17,Peru,Ancash,7.18,82,6,0.53,15409,1098,7.13,1348.82,96.11,1.35,1142409,117.38,-4.29,462.52,-2.27
2020-08-16,Peru,Ancash,19.78,226,7,0.61,15327,1092,7.12,1341.64,95.59,1.34,1142409,121.67,-6.74,464.79,11.81
2020-08-15,Peru,Ancash,20.31,232,10,0.88,15101,1085,7.18,1321.86,94.97,1.32,1142409,128.41,4.47,452.98,7.62
2020-08-14,Peru,Ancash,14.79,169,7,0.61,14869,1075,7.23,1301.55,94.1,1.3,1142409,123.94,-4.82,445.36,7.0
2020-08-13,Peru,Ancash,19.87,227,168,14.71,14700,1068,7.27,1286.75,93.49,1.29,1142409,128.76,0.96,438.36,7.79
2020-08-12,Peru,Ancash,21.27,243,6,0.53,14473,900,6.22,1266.88,78.78,1.27,1142409,127.8,0.0,430.57,6.91
2020-08-11,Peru,Ancash,14.18,162,5,0.44,14230,894,6.28,1245.61,78.26,1.25,1142409,127.8,-3.76,423.66,5.08
2020-08-10,Peru,Ancash,11.47,131,4,0.35,14068,889,6.32,1231.43,77.82,1.23,1142409,131.56,1.23,418.58,2.63
2020-08-09,Peru,Ancash,26.52,303,5,0.44,13937,885,6.35,1219.97,77.47,1.22,1142409,130.33,7.79,415.95,16.54
2020-08-08,Peru,Ancash,15.84,181,5,0.44,13634,880,6.45,1193.44,77.03,1.19,1142409,122.54,-22.5,399.41,2.45
2020-08-07,Peru,Ancash,19.61,224,4,0.35,13453,875,6.5,1177.6,76.59,1.18,1142409,145.04,8.58,396.96,3.33
2020-08-06,Peru,Ancash,18.91,216,10,0.88,13229,871,6.58,1157.99,76.24,1.16,1142409,136.46,7.18,393.63,11.91
2020-08-05,Peru,Ancash,21.27,243,12,1.05,13013,861,6.62,1139.08,75.37,1.14,1142409,129.28,3.41,381.72,8.84
2020-08-04,Peru,Ancash,17.94,205,4,0.35,12770,849,6.65,1117.81,74.32,1.12,1142409,125.87,-19.7,372.88,6.82
2020-08-03,Peru,Ancash,10.24,117,6,0.53,12565,845,6.73,1099.87,73.97,1.1,1142409,145.57,-4.9,366.06,-0.26
2020-08-02,Peru,Ancash,18.73,214,5,0.44,12448,839,6.74,1089.63,73.44,1.09,1142409,150.47,8.23,366.32,7.09
2020-08-01,Peru,Ancash,38.34,438,9,0.79,12234,834,6.82,1070.89,73.0,1.07,1142409,142.24,31.34,359.23,25.91
2020-07-30,Peru,Ancash,11.03,126,7,0.61,11796,825,6.99,1032.55,72.22,1.03,1142409,110.9,0.7,333.32,1.05
2020-07-29,Peru,Ancash,11.73,134,5,0.44,11670,818,7.01,1021.53,71.6,1.02,1142409,110.2,2.8,332.27,7.7
2020-07-28,Peru,Ancash,17.86,204,3,0.26,11536,813,7.05,1009.8,71.17,1.01,1142409,107.4,9.37,324.57,11.21
2020-07-27,Peru,Ancash,37.64,430,22,1.93,11332,810,7.15,991.94,70.9,0.99,1142409,98.03,30.02,313.36,28.89
2020-07-24,Peru,Ancash,15.14,173,6,0.53,10902,788,7.23,954.3,68.98,0.95,1142409,68.01,5.69,284.47,6.47
2020-07-23,Peru,Ancash,10.5,120,164,14.36,10729,782,7.29,939.16,68.45,0.94,1142409,62.32,2.53,278.0,0.96
2020-07-22,Peru,Ancash,7.0,80,5,0.44,10609,618,5.83,928.65,54.1,0.93,1142409,59.79,-5.69,277.04,-1.49
2020-07-21,Peru,Ancash,10.33,118,3,0.26,10529,613,5.82,921.65,53.66,0.92,1142409,65.48,2.54,278.53,1.66
2020-07-20,Peru,Ancash,8.93,102,10,0.88,10411,610,5.86,911.32,53.4,0.91,1142409,62.94,-3.15,276.87,-1.14
2020-07-19,Peru,Ancash,8.49,97,9,0.79,10309,600,5.82,902.39,52.52,0.9,1142409,66.09,-5.87,278.01,-2.98
2020-07-18,Peru,Ancash,7.62,87,9,0.79,10212,591,5.79,893.9,51.73,0.89,1142409,71.96,-1.48,280.99,-3.32
2020-07-17,Peru,Ancash,9.45,108,7,0.61,10125,582,5.75,886.29,50.94,0.89,1142409,73.44,0.61,284.31,-2.02
2020-07-16,Peru,Ancash,7.97,91,10,0.88,10017,575,5.74,876.83,50.33,0.88,1142409,72.83,-2.01,286.33,-0.52
2020-07-15,Peru,Ancash,12.69,145,4,0.35,9926,565,5.69,868.87,49.46,0.87,1142409,74.84,-0.7,286.85,0.44
2020-07-14,Peru,Ancash,7.79,89,6,0.53,9781,561,5.74,856.17,49.11,0.86,1142409,75.54,-8.49,286.41,-0.88
2020-07-13,Peru,Ancash,12.08,138,6,0.53,9692,555,5.73,848.38,48.58,0.85,1142409,84.03,5.08,287.29,1.93
2020-07-12,Peru,Ancash,14.36,164,8,0.7,9554,549,5.75,836.3,48.06,0.84,1142409,78.95,1.93,285.36,2.19
2020-07-11,Peru,Ancash,9.1,104,7,0.61,9390,541,5.76,821.95,47.36,0.82,1142409,77.02,-2.02,283.17,-4.47
2020-07-10,Peru,Ancash,8.84,101,2,0.18,9286,534,5.75,812.84,46.74,0.81,1142409,79.04,-1.66,287.64,-1.23
2020-07-09,Peru,Ancash,9.98,114,5,0.44,9185,532,5.79,804.0,46.57,0.8,1142409,80.7,-1.66,288.87,-3.06
2020-07-08,Peru,Ancash,13.39,153,9,0.79,9071,527,5.81,794.02,46.13,0.79,1142409,82.36,0.96,291.93,-0.09
2020-07-07,Peru,Ancash,16.28,186,6,0.53,8918,518,5.81,780.63,45.34,0.78,1142409,81.4,6.3,292.02,4.11
2020-07-06,Peru,Ancash,7.0,80,7,0.61,8732,512,5.86,764.35,44.82,0.76,1142409,75.1,2.97,287.91,2.01
2020-07-05,Peru,Ancash,12.43,142,2,0.18,8652,505,5.84,757.35,44.2,0.76,1142409,72.13,5.78,285.9,4.03
2020-07-04,Peru,Ancash,11.12,127,8,0.7,8510,503,5.91,744.92,44.03,0.74,1142409,66.35,2.37,281.87,5.52
2020-07-03,Peru,Ancash,10.5,120,8,0.7,8383,495,5.9,733.8,43.33,0.73,1142409,63.98,1.83,276.35,-5.08
2020-07-02,Peru,Ancash,11.64,133,9,0.79,8263,487,5.89,723.3,42.63,0.72,1142409,62.15,2.1,281.43,-23.46
2020-07-01,Peru,Ancash,12.43,142,4,0.35,8130,478,5.88,711.65,41.84,0.71,1142409,60.05,3.94,304.89,14.27
2020-06-30,Peru,Ancash,9.98,114,6,0.53,7988,474,5.93,699.22,41.49,0.7,1142409,56.11,1.31,290.62,-9.63
2020-06-29,Peru,Ancash,4.03,46,11,0.96,7874,468,5.94,689.25,40.97,0.69,1142409,54.8,-6.04,300.25,-15.58
2020-06-28,Peru,Ancash,6.65,76,5,0.44,7828,457,5.84,685.22,40.0,0.69,1142409,60.84,-4.82,315.83,-55.06
2020-06-27,Peru,Ancash,8.75,100,8,0.7,7752,452,5.83,678.57,39.57,0.68,1142409,65.66,-2.19,370.89,-2.72
2020-06-26,Peru,Ancash,8.67,99,3,0.26,7652,444,5.8,669.81,38.87,0.67,1142409,67.85,-2.8,373.61,14.88
2020-06-25,Peru,Ancash,9.54,109,4,0.35,7553,441,5.84,661.15,38.6,0.66,1142409,70.65,1.05,358.73,-13.13
2020-06-24,Peru,Ancash,8.49,97,6,0.53,7444,437,5.87,651.61,38.25,0.65,1142409,69.6,-3.76,371.86,13.13
2020-06-23,Peru,Ancash,8.67,99,5,0.44,7347,431,5.87,643.11,37.73,0.64,1142409,73.36,0.0,358.73,-26.96
2020-06-22,Peru,Ancash,10.07,115,7,0.61,7248,426,5.88,634.45,37.29,0.63,1142409,73.36,-0.08,385.69,9.19
2020-06-21,Peru,Ancash,11.47,131,8,0.7,7133,419,5.87,624.38,36.68,0.62,1142409,73.44,-0.7,376.5,1.84
2020-06-20,Peru,Ancash,10.94,125,8,0.7,7002,411,5.87,612.92,35.98,0.61,1142409,74.14,-2.63,374.66,-3.5
2020-06-19,Peru,Ancash,11.47,131,6,0.53,6877,403,5.86,601.97,35.28,0.6,1142409,76.77,1.4,378.16,3.5
2020-06-18,Peru,Ancash,8.49,97,3,0.26,6746,397,5.88,590.51,34.75,0.59,1142409,75.37,-4.55,374.66,-1.31
2020-06-17,Peru,Ancash,12.25,140,7,0.61,6649,394,5.93,582.02,34.49,0.58,1142409,79.92,-1.23,375.97,1.05
2020-06-16,Peru,Ancash,8.67,99,9,0.79,6509,387,5.95,569.76,33.88,0.57,1142409,81.15,-3.5,374.92,2.28
2020-06-15,Peru,Ancash,10.15,116,7,0.61,6410,378,5.9,561.1,33.09,0.56,1142409,84.65,5.16,372.64,5.07
2020-06-14,Peru,Ancash,12.17,139,13,1.14,6294,371,5.89,550.94,32.48,0.55,1142409,79.49,3.77,367.57,1.32
2020-06-13,Peru,Ancash,13.57,155,11,0.96,6155,358,5.82,538.77,31.34,0.54,1142409,75.72,7.97,366.25,-3.24
2020-06-12,Peru,Ancash,10.07,115,7,0.61,6000,347,5.78,525.21,30.37,0.53,1142409,67.75,-5.51,369.49,2.98
2020-06-11,Peru,Ancash,13.04,149,5,0.44,5885,340,5.78,515.14,29.76,0.52,1142409,73.26,-22.06,366.51,6.21
2020-06-10,Peru,Ancash,13.48,154,8,0.7,5736,335,5.84,502.1,29.32,0.5,1142409,95.32,15.32,360.3,7.62
2020-06-09,Peru,Ancash,12.17,139,9,0.79,5582,327,5.86,488.62,28.62,0.49,1142409,80.0,-7.44,352.68,9.37
2020-06-08,Peru,Ancash,4.99,57,6,0.53,5443,318,5.84,476.45,27.84,0.48,1142409,87.44,-14.62,343.31,3.76
2020-06-07,Peru,Ancash,8.4,96,7,0.61,5386,312,5.79,471.46,27.31,0.47,1142409,102.06,-53.31,339.55,5.34
2020-06-06,Peru,Ancash,5.6,64,5,0.44,5290,305,5.77,463.06,26.7,0.46,1142409,155.37,-5.87,334.21,-1.58
2020-06-05,Peru,Ancash,15.58,178,8,0.7,5226,300,5.74,457.45,26.26,0.46,1142409,161.24,21.79,335.79,8.31
2020-06-04,Peru,Ancash,35.1,401,6,0.53,5048,292,5.78,441.87,25.56,0.44,1142409,139.45,12.43,327.48,30.64
2020-06-03,Peru,Ancash,-1.84,-21,9,0.79,4647,286,6.15,406.77,25.03,0.41,1142409,127.02,2.8,296.84,-10.33
2020-06-02,Peru,Ancash,19.61,224,7,0.61,4668,277,5.93,408.61,24.25,0.41,1142409,124.22,-16.02,307.17,5.08
2020-06-01,Peru,Ancash,19.61,224,3,0.26,4444,270,6.08,389.0,23.63,0.39,1142409,140.24,18.73,302.09,12.08
2020-05-31,Peru,Ancash,61.71,705,5,0.44,4220,267,6.33,369.39,23.37,0.37,1142409,121.51,52.08,290.01,54.27
2020-05-30,Peru,Ancash,11.47,131,10,0.88,3515,262,7.45,307.68,22.93,0.31,1142409,69.43,-2.97,235.74,0.18
2020-05-29,Peru,Ancash,-6.21,-71,11,0.96,3384,252,7.45,296.22,22.06,0.3,1142409,72.4,-14.18,235.56,-11.72
2020-05-28,Peru,Ancash,22.67,259,4,0.35,3455,241,6.98,302.43,21.1,0.3,1142409,86.58,12.87,247.28,19.87
2020-05-27,Peru,Ancash,-4.64,-53,14,1.23,3196,237,7.42,279.76,20.75,0.28,1142409,73.71,-15.84,227.41,-9.1
2020-05-26,Peru,Ancash,35.63,407,14,1.23,3249,223,6.86,284.4,19.52,0.28,1142409,89.55,29.24,236.51,32.04
2020-05-25,Peru,Ancash,0.88,10,0,0.0,2842,209,7.35,248.77,18.29,0.25,1142409,60.31,-4.2,204.47,-2.8
2020-05-24,Peru,Ancash,9.63,110,1,0.09,2832,209,7.38,247.9,18.29,0.25,1142409,64.51,-1.22,207.27,0.61
2020-05-23,Peru,Ancash,14.44,165,12,1.05,2722,208,7.64,238.27,18.21,0.24,1142409,65.73,-2.37,206.66,13.65
2020-05-22,Peru,Ancash,7.97,91,2,0.18,2557,196,7.67,223.83,17.16,0.22,1142409,68.1,0.88,193.01,9.11
2020-05-21,Peru,Ancash,9.8,112,19,1.66,2466,194,7.87,215.86,16.98,0.22,1142409,67.22,2.97,183.9,7.09
2020-05-20,Peru,Ancash,11.2,128,0,0.0,2354,175,7.43,206.06,15.32,0.21,1142409,64.25,5.34,176.81,6.04
2020-05-19,Peru,Ancash,6.39,73,17,1.49,2226,175,7.86,194.85,15.32,0.19,1142409,58.91,3.59,170.77,4.29
2020-05-18,Peru,Ancash,5.08,58,16,1.4,2153,158,7.34,188.46,13.83,0.19,1142409,55.32,3.85,166.48,2.1
2020-05-17,Peru,Ancash,10.85,124,0,0.0,2095,142,6.78,183.38,12.43,0.18,1142409,51.47,7.79,164.38,8.4
2020-05-16,Peru,Ancash,16.81,192,5,0.44,1971,142,7.2,172.53,12.43,0.17,1142409,43.68,9.63,155.98,15.23
2020-05-15,Peru,Ancash,7.09,81,18,1.58,1779,137,7.7,155.72,11.99,0.16,1142409,34.05,-0.18,140.75,4.73
2020-05-14,Peru,Ancash,6.83,78,0,0.0,1698,119,7.01,148.63,10.42,0.15,1142409,34.23,2.37,136.02,5.08
2020-05-13,Peru,Ancash,5.86,67,13,1.14,1620,119,7.35,141.81,10.42,0.14,1142409,31.86,-2.63,130.94,2.71
2020-05-12,Peru,Ancash,2.8,32,0,0.0,1553,106,6.83,135.94,9.28,0.14,1142409,34.49,-11.73,128.23,0.96
2020-05-11,Peru,Ancash,1.23,14,0,0.0,1521,106,6.97,133.14,9.28,0.13,1142409,46.22,-6.3,127.27,0.35
2020-05-10,Peru,Ancash,3.06,35,0,0.0,1507,106,7.03,131.91,9.28,0.13,1142409,52.52,-4.38,126.92,2.45
2020-05-09,Peru,Ancash,7.18,82,0,0.0,1472,106,7.2,128.85,9.28,0.13,1142409,56.9,-4.11,124.47,5.95
2020-05-08,Peru,Ancash,7.27,83,13,1.14,1390,106,7.63,121.67,9.28,0.12,1142409,61.01,1.76,118.52,6.48
2020-05-07,Peru,Ancash,4.46,51,8,0.7,1307,93,7.12,114.41,8.14,0.11,1142409,59.25,1.66,112.04,4.11
2020-05-06,Peru,Ancash,8.49,97,0,0.0,1256,85,6.77,109.94,7.44,0.11,1142409,57.59,4.03,107.93,8.05
2020-05-05,Peru,Ancash,14.53,166,8,0.7,1159,85,7.33,101.45,7.44,0.1,1142409,53.56,10.94,99.88,14.53
2020-05-03,Peru,Ancash,7.53,86,11,0.96,993,77,7.75,86.92,6.74,0.09,1142409,42.62,3.85,85.35,7.27
2020-05-02,Peru,Ancash,7.44,85,10,0.88,907,66,7.28,79.39,5.78,0.08,1142409,38.77,-1.58,78.08,7.44
2020-05-01,Peru,Ancash,11.29,129,0,0.0,822,56,6.81,71.95,4.9,0.07,1142409,40.35,10.5,70.64,10.94
2020-04-30,Peru,Ancash,5.51,63,4,0.35,693,56,8.08,60.66,4.9,0.06,1142409,29.85,6.65,59.7,5.51
2020-04-29,Peru,Ancash,2.8,32,13,1.14,630,52,8.25,55.15,4.55,0.06,1142409,23.2,0.09,54.19,2.36
2020-04-28,Peru,Ancash,4.46,51,5,0.44,598,39,6.52,52.35,3.41,0.05,1142409,23.11,-0.7,51.83,4.28
2020-04-27,Peru,Ancash,3.59,41,-1,-0.09,547,34,6.22,47.88,2.98,0.05,1142409,23.81,1.49,47.55,3.59
2020-04-26,Peru,Ancash,3.68,42,2,0.18,506,35,6.92,44.29,3.06,0.04,1142409,22.32,0.7,43.96,3.68
2020-04-25,Peru,Ancash,9.02,103,4,0.35,464,33,7.11,40.62,2.89,0.04,1142409,21.62,6.57,40.28,9.02
2020-04-24,Peru,Ancash,0.79,9,1,0.09,361,29,8.03,31.6,2.54,0.03,1142409,15.05,-0.79,31.26,0.79
2020-04-23,Peru,Ancash,-1.14,-13,2,0.18,352,28,7.95,30.81,2.45,0.03,1142409,15.84,-3.5,30.47,-1.23
2020-04-22,Peru,Ancash,2.71,31,3,0.26,365,26,7.12,31.95,2.28,0.03,1142409,19.34,0.96,31.7,2.62
2020-04-21,Peru,Ancash,5.16,59,4,0.35,334,23,6.89,29.24,2.01,0.03,1142409,18.38,2.01,29.08,5.07
2020-04-20,Peru,Ancash,2.1,24,3,0.26,275,19,6.91,24.07,1.66,0.02,1142409,16.37,0.26,24.01,2.1
2020-04-19,Peru,Ancash,2.98,34,3,0.26,251,16,6.37,21.97,1.4,0.02,1142409,16.11,2.1,21.91,2.98
2020-04-18,Peru,Ancash,2.45,28,0,0.0,217,13,5.99,18.99,1.14,0.02,1142409,14.01,1.84,18.93,2.45
2020-04-17,Peru,Ancash,1.58,18,8,0.7,189,13,6.88,16.54,1.14,0.02,1142409,12.17,0.35,16.48,1.58
2020-04-16,Peru,Ancash,2.36,27,0,0.0,171,5,2.92,14.97,0.44,0.01,1142409,11.82,1.57,14.9,2.36
2020-04-15,Peru,Ancash,1.75,20,0,0.0,144,5,3.47,12.6,0.44,0.01,1142409,10.25,1.4,12.54,1.75
2020-04-14,Peru,Ancash,3.15,36,0,0.0,124,5,4.03,10.85,0.44,0.01,1142409,8.85,2.71,10.79,3.15
2020-04-11,Peru,Ancash,1.84,21,1,0.09,88,5,5.68,7.7,0.44,0.01,1142409,6.14,1.84,7.64,1.84
2020-04-10,Peru,Ancash,0.88,10,0,0.0,67,4,5.97,5.86,0.35,0.01,1142409,4.3,0.62,5.8,0.88
2020-04-09,Peru,Ancash,0.61,7,0,0.0,57,4,7.02,4.99,0.35,0.0,1142409,3.68,0.61,4.92,0.61
2020-04-08,Peru,Ancash,1.23,14,3,0.26,50,4,8.0,4.38,0.35,0.0,1142409,3.07,0.88,4.31,1.23
2020-04-07,Peru,Ancash,0.79,9,0,0.0,36,1,2.78,3.15,0.09,0.0,1142409,2.19,0.79,3.08,0.79
2020-04-06,Peru,Ancash,0.35,4,0,0.0,27,1,3.7,2.36,0.09,0.0,1142409,1.4,-0.09,2.29,0.35
2020-04-05,Peru,Ancash,0.44,5,0,0.0,23,1,4.35,2.01,0.09,0.0,1142409,1.49,0.26,1.94,0.44
2020-04-04,Peru,Ancash,0.0,0,0,0.0,18,1,5.56,1.58,0.09,0.0,1142409,1.23,0.0,1.5,0.0
2020-04-03,Peru,Ancash,0.26,3,0,0.0,18,1,5.56,1.58,0.09,0.0,1142409,1.23,0.26,1.5,0.26
2020-04-02,Peru,Ancash,0.0,0,0,0.0,15,1,6.67,1.31,0.09,0.0,1142409,0.97,0.0,1.24,0.0
2020-04-01,Peru,Ancash,0.35,4,0,0.0,15,1,6.67,1.31,0.09,0.0,1142409,0.97,0.35,1.24,0.35
2020-03-31,Peru,Ancash,0.0,0,0,0.0,11,1,9.09,0.96,0.09,0.0,1142409,0.62,-0.09,0.89,0.0
2020-03-30,Peru,Ancash,0.44,5,0,0.0,11,1,9.09,0.96,0.09,0.0,1142409,0.71,0.35,0.89,0.44
2020-03-29,Peru,Ancash,0.18,2,1,0.09,6,1,16.67,0.53,0.09,0.0,1142409,0.36,0.09,0.45,0.18
2020-03-24,Peru,Ancash,0.0,0,0,0.0,4,0,0.0,0.35,0.0,0.0,1142409,0.27,0.0,0.27,0.0
2020-03-23,Peru,Ancash,0.0,0,0,0.0,4,0,0.0,0.35,0.0,0.0,1142409,0.27,0.0,0.27,0.0
2020-03-22,Peru,Ancash,0.0,0,0,0.0,4,0,0.0,0.35,0.0,0.0,1142409,0.27,0.0,0.27,0.0
2020-03-21,Peru,Ancash,0.0,0,0,0.0,4,0,0.0,0.35,0.0,0.0,1142409,0.27,0.0,0.27,0.0
2020-03-20,Peru,Ancash,0.09,1,0,0.0,4,0,0.0,0.35,0.0,0.0,1142409,0.27,0.09,0.27,0.09
2020-03-19,Peru,Ancash,0.09,1,0,0.0,3,0,0.0,0.26,0.0,0.0,1142409,0.18,0.09,0.18,0.09
2020-03-18,Peru,Ancash,0.09,1,0,0.0,2,0,0.0,0.18,0.0,0.0,1142409,0.09,0.09,0.09,0.09
2020-03-17,Peru,Ancash,0.0,0,0,0.0,1,0,0.0,0.09,0.0,0.0,1142409,0.0,0.0,0.0,0.0
2020-03-16,Peru,Ancash,0.0,0,0,0.0,1,0,0.0,0.09,0.0,0.0,1142409,0.0,0.0,0.0,0.0
2020-03-15,Peru,Ancash,0.0,0,0,0.0,1,0,0.0,0.09,0.0,0.0,1142409,0.0,0.0,0.0,0.0
