date,country,region,1day_cases_100k,new_cases,new_deaths,new_deaths_100k,total_cases,total_deaths,cfr%,total_cases_100k,total_deaths_100k,%infected,population,7day_cases_100k,7day_cases_change,28day_cases_100k,28day_cases_change
2020-08-27,Peru,Ayacucho,24.37,166,3,0.44,7573,256,3.38,1111.8,37.58,1.11,681149,148.72,6.02,581.65,2.5
2020-08-26,Peru,Ayacucho,21.14,144,2,0.29,7407,253,3.42,1087.43,37.14,1.09,681149,142.7,-7.78,579.15,7.05
2020-08-25,Peru,Ayacucho,16.88,115,2,0.29,7263,251,3.46,1066.29,36.85,1.07,681149,150.48,-7.49,572.1,-11.89
2020-08-24,Peru,Ayacucho,9.25,63,0,0.0,7148,249,3.48,1049.4,36.56,1.05,681149,157.97,-3.96,583.99,-0.88
2020-08-23,Peru,Ayacucho,28.04,191,4,0.59,7085,249,3.51,1040.15,36.56,1.04,681149,161.93,5.14,584.87,14.09
2020-08-22,Peru,Ayacucho,21.73,148,1,0.15,6894,245,3.55,1012.11,35.97,1.01,681149,156.79,-5.14,570.78,11.45
2020-08-21,Peru,Ayacucho,27.31,186,3,0.44,6746,244,3.62,990.39,35.82,0.99,681149,161.93,6.17,559.33,10.57
2020-08-20,Peru,Ayacucho,18.35,125,31,4.55,6560,241,3.67,963.08,35.38,0.96,681149,155.76,-10.57,548.76,13.8
2020-08-19,Peru,Ayacucho,28.92,197,35,5.14,6435,210,3.26,944.73,30.83,0.94,681149,166.33,1.17,534.96,10.28
2020-08-18,Peru,Ayacucho,24.37,166,1,0.15,6238,175,2.81,915.81,25.69,0.92,681149,165.16,12.63,524.68,15.56
2020-08-17,Peru,Ayacucho,13.21,90,1,0.15,6072,174,2.87,891.43,25.55,0.89,681149,152.53,-1.91,509.12,0.44
2020-08-16,Peru,Ayacucho,22.9,156,2,0.29,5982,173,2.89,878.22,25.4,0.88,681149,154.44,-0.3,508.68,11.89
2020-08-15,Peru,Ayacucho,26.87,183,2,0.29,5826,171,2.94,855.32,25.1,0.86,681149,154.74,2.06,496.79,12.78
2020-08-14,Peru,Ayacucho,21.14,144,25,3.67,5643,169,2.99,828.45,24.81,0.83,681149,152.68,4.84,484.01,16.0
2020-08-13,Peru,Ayacucho,28.92,197,29,4.26,5499,144,2.62,807.31,21.14,0.81,681149,147.84,8.37,468.01,25.69
2020-08-12,Peru,Ayacucho,27.75,189,30,4.4,5302,115,2.17,778.39,16.88,0.78,681149,139.47,8.81,442.32,21.0
2020-08-11,Peru,Ayacucho,11.74,80,0,0.0,5113,85,1.66,750.64,12.48,0.75,681149,130.66,-1.62,421.32,2.2
2020-08-10,Peru,Ayacucho,15.12,103,0,0.0,5033,85,1.69,738.9,12.48,0.74,681149,132.28,3.38,419.12,8.07
2020-08-09,Peru,Ayacucho,23.2,158,2,0.29,4930,85,1.72,723.78,12.48,0.72,681149,128.9,7.93,411.05,15.42
2020-08-08,Peru,Ayacucho,24.81,169,2,0.29,4772,83,1.74,700.58,12.19,0.7,681149,120.97,-7.78,395.63,20.26
2020-08-07,Peru,Ayacucho,16.3,111,0,0.0,4603,81,1.76,675.77,11.89,0.68,681149,128.75,-0.58,375.37,8.96
2020-08-06,Peru,Ayacucho,20.55,140,0,0.0,4492,81,1.8,659.47,11.89,0.66,681149,129.33,-1.32,366.41,18.49
2020-08-05,Peru,Ayacucho,18.94,129,2,0.29,4352,81,1.86,638.92,11.89,0.64,681149,130.65,4.85,347.92,11.89
2020-08-04,Peru,Ayacucho,13.36,91,1,0.15,4223,79,1.87,619.98,11.6,0.62,681149,125.8,-15.41,336.03,9.84
2020-08-03,Peru,Ayacucho,11.74,80,1,0.15,4132,78,1.89,606.62,11.45,0.61,681149,141.21,1.61,326.19,5.13
2020-08-02,Peru,Ayacucho,15.27,104,1,0.15,4052,77,1.9,594.88,11.3,0.59,681149,139.6,1.32,321.06,9.98
2020-08-01,Peru,Ayacucho,32.59,222,2,0.29,3948,76,1.93,579.61,11.16,0.58,681149,138.28,22.31,311.08,24.66
2020-07-30,Peru,Ayacucho,16.88,115,0,0.0,3726,74,1.99,547.02,10.86,0.55,681149,115.97,0.14,286.42,12.77
2020-07-29,Peru,Ayacucho,21.87,149,0,0.0,3611,74,2.05,530.13,10.86,0.53,681149,115.83,17.32,273.65,21.28
2020-07-28,Peru,Ayacucho,14.09,96,2,0.29,3462,74,2.14,508.26,10.86,0.51,681149,98.51,-4.55,252.37,10.27
2020-07-27,Peru,Ayacucho,28.77,196,2,0.29,3366,72,2.14,494.17,10.57,0.49,681149,103.06,19.96,242.1,23.04
2020-07-24,Peru,Ayacucho,10.13,69,1,0.15,3170,70,2.21,465.39,10.28,0.47,681149,83.1,-2.64,219.06,5.14
2020-07-23,Peru,Ayacucho,13.95,95,22,3.23,3101,69,2.23,455.26,10.13,0.46,681149,85.74,2.94,213.92,7.93
2020-07-22,Peru,Ayacucho,10.28,70,1,0.15,3006,47,1.56,441.31,6.9,0.44,681149,82.8,-3.81,205.99,5.29
2020-07-21,Peru,Ayacucho,16.74,114,2,0.29,2936,46,1.57,431.04,6.75,0.43,681149,86.61,11.6,200.7,12.48
2020-07-20,Peru,Ayacucho,4.55,31,1,0.15,2822,44,1.56,414.3,6.46,0.41,681149,75.01,1.32,188.22,1.91
2020-07-19,Peru,Ayacucho,18.64,127,0,0.0,2791,43,1.54,409.75,6.31,0.41,681149,73.69,11.89,186.31,8.66
2020-07-18,Peru,Ayacucho,8.81,60,0,0.0,2664,43,1.61,391.1,6.31,0.39,681149,61.8,-0.73,177.65,-2.79
2020-07-17,Peru,Ayacucho,12.77,87,2,0.29,2604,43,1.65,382.3,6.31,0.38,681149,62.53,5.72,180.44,6.31
2020-07-16,Peru,Ayacucho,11.01,75,2,0.29,2517,41,1.63,369.52,6.02,0.37,681149,56.81,3.23,174.13,5.87
2020-07-15,Peru,Ayacucho,14.09,96,2,0.29,2442,39,1.6,358.51,5.73,0.36,681149,53.58,9.54,168.26,2.93
2020-07-14,Peru,Ayacucho,5.14,35,1,0.15,2346,37,1.58,344.42,5.43,0.34,681149,44.04,-2.2,165.33,-2.05
2020-07-13,Peru,Ayacucho,3.23,22,2,0.29,2311,36,1.56,339.28,5.29,0.34,681149,46.24,1.17,167.38,1.17
2020-07-12,Peru,Ayacucho,6.75,46,0,0.0,2289,34,1.49,336.05,4.99,0.34,681149,45.07,-0.3,166.21,-1.32
2020-07-11,Peru,Ayacucho,9.54,65,1,0.15,2243,34,1.52,329.3,4.99,0.33,681149,45.37,6.02,167.53,4.99
2020-07-10,Peru,Ayacucho,7.05,48,1,0.15,2178,33,1.52,319.75,4.84,0.32,681149,39.35,0.44,162.54,0.74
2020-07-09,Peru,Ayacucho,7.78,53,0,0.0,2130,32,1.5,312.71,4.7,0.31,681149,38.91,2.49,161.8,2.94
2020-07-08,Peru,Ayacucho,4.55,31,1,0.15,2077,32,1.54,304.93,4.7,0.3,681149,36.42,-3.38,158.86,-0.88
2020-07-07,Peru,Ayacucho,7.34,50,2,0.29,2046,31,1.52,300.37,4.55,0.3,681149,39.8,3.23,159.74,1.03
2020-07-06,Peru,Ayacucho,2.06,14,0,0.0,1996,29,1.45,293.03,4.26,0.29,681149,36.57,1.47,158.71,1.33
2020-07-05,Peru,Ayacucho,7.05,48,1,0.15,1982,29,1.46,290.98,4.26,0.29,681149,35.1,3.23,157.38,3.53
2020-07-04,Peru,Ayacucho,3.52,24,1,0.15,1934,28,1.45,283.93,4.11,0.28,681149,31.87,-2.21,153.85,0.44
2020-07-03,Peru,Ayacucho,6.61,45,1,0.15,1910,27,1.41,280.41,3.96,0.28,681149,34.08,1.62,153.41,6.17
2020-07-02,Peru,Ayacucho,5.29,36,0,0.0,1865,26,1.39,273.8,3.82,0.27,681149,32.46,-0.73,147.24,0.0
2020-07-01,Peru,Ayacucho,7.93,54,1,0.15,1829,26,1.42,268.52,3.82,0.27,681149,33.19,2.94,147.24,2.64
2020-06-30,Peru,Ayacucho,4.11,28,0,0.0,1775,25,1.41,260.59,3.67,0.26,681149,30.25,-0.15,144.6,0.0
2020-06-29,Peru,Ayacucho,0.59,4,1,0.15,1747,25,1.43,256.48,3.67,0.26,681149,30.4,-2.05,144.6,-1.47
2020-06-28,Peru,Ayacucho,3.82,26,2,0.29,1743,24,1.38,255.89,3.52,0.26,681149,32.45,-6.16,146.07,-1.47
2020-06-27,Peru,Ayacucho,5.73,39,1,0.15,1717,22,1.28,252.07,3.23,0.25,681149,38.61,-5.87,147.54,0.89
2020-06-26,Peru,Ayacucho,4.99,34,0,0.0,1678,21,1.25,246.35,3.08,0.25,681149,44.48,-1.47,146.65,-0.88
2020-06-25,Peru,Ayacucho,6.02,41,0,0.0,1644,21,1.28,241.36,3.08,0.24,681149,45.95,0.88,147.53,3.52
2020-06-24,Peru,Ayacucho,4.99,34,5,0.73,1603,21,1.31,235.34,3.08,0.24,681149,45.07,-6.17,144.01,2.49
2020-06-23,Peru,Ayacucho,4.26,29,1,0.15,1569,16,1.02,230.35,2.35,0.23,681149,51.24,-2.93,141.52,-0.73
2020-06-22,Peru,Ayacucho,2.64,18,2,0.29,1540,15,0.97,226.09,2.2,0.23,681149,54.17,0.58,142.25,-2.35
2020-06-21,Peru,Ayacucho,9.98,68,0,0.0,1522,13,0.85,223.45,1.91,0.22,681149,53.59,1.91,144.6,4.25
2020-06-20,Peru,Ayacucho,11.6,79,0,0.0,1454,13,0.89,213.46,1.91,0.21,681149,51.68,7.05,140.35,8.81
2020-06-19,Peru,Ayacucho,6.46,44,2,0.29,1375,13,0.95,201.86,1.91,0.2,681149,44.63,0.15,131.54,2.94
2020-06-18,Peru,Ayacucho,5.14,35,0,0.0,1331,11,0.83,195.41,1.61,0.2,681149,44.48,0.3,128.6,2.94
2020-06-17,Peru,Ayacucho,11.16,76,0,0.0,1296,11,0.85,190.27,1.61,0.19,681149,44.18,5.73,125.66,9.1
2020-06-16,Peru,Ayacucho,7.19,49,0,0.0,1220,11,0.9,179.11,1.61,0.18,681149,38.45,0.88,116.56,4.25
2020-06-15,Peru,Ayacucho,2.06,14,0,0.0,1171,11,0.94,171.92,1.61,0.17,681149,37.57,1.33,112.31,1.62
2020-06-14,Peru,Ayacucho,8.07,55,0,0.0,1157,11,0.95,169.86,1.61,0.17,681149,36.24,4.55,110.69,2.78
2020-06-13,Peru,Ayacucho,4.55,31,0,0.0,1102,11,1.0,161.79,1.61,0.16,681149,31.69,1.47,107.91,-2.06
2020-06-12,Peru,Ayacucho,6.31,43,0,0.0,1071,11,1.03,157.23,1.61,0.16,681149,30.22,5.87,109.97,-0.3
2020-06-11,Peru,Ayacucho,4.84,33,3,0.44,1028,11,1.07,150.92,1.61,0.15,681149,24.35,-0.45,110.27,4.84
2020-06-10,Peru,Ayacucho,5.43,37,0,0.0,995,8,0.8,146.08,1.17,0.15,681149,24.8,0.14,105.43,5.43
2020-06-09,Peru,Ayacucho,6.31,43,0,0.0,958,8,0.84,140.64,1.17,0.14,681149,24.66,2.2,100.0,6.31
2020-06-08,Peru,Ayacucho,0.73,5,0,0.0,915,8,0.87,134.33,1.17,0.13,681149,22.46,-1.33,93.69,0.73
2020-06-07,Peru,Ayacucho,3.52,24,0,0.0,910,8,0.88,133.6,1.17,0.13,681149,23.79,-1.77,92.96,3.52
2020-06-06,Peru,Ayacucho,3.08,21,0,0.0,886,8,0.9,130.07,1.17,0.13,681149,25.56,-1.76,89.44,3.08
2020-06-05,Peru,Ayacucho,0.44,3,1,0.15,865,8,0.92,126.99,1.17,0.13,681149,27.32,-5.43,86.36,0.44
2020-06-04,Peru,Ayacucho,5.29,36,0,0.0,862,7,0.81,126.55,1.03,0.13,681149,32.75,2.79,85.92,5.29
2020-06-03,Peru,Ayacucho,5.29,36,0,0.0,826,7,0.85,121.27,1.03,0.12,681149,29.96,2.79,80.63,5.29
2020-06-02,Peru,Ayacucho,4.11,28,0,0.0,790,7,0.89,115.98,1.03,0.12,681149,27.17,-0.88,75.34,4.11
2020-06-01,Peru,Ayacucho,2.06,14,0,0.0,762,7,0.92,111.87,1.03,0.11,681149,28.05,-2.93,71.23,2.06
2020-05-31,Peru,Ayacucho,5.29,36,0,0.0,748,7,0.94,109.81,1.03,0.11,681149,30.98,-0.44,69.17,5.29
2020-05-30,Peru,Ayacucho,4.84,33,1,0.15,712,7,0.98,104.53,1.03,0.1,681149,31.42,2.05,63.88,4.84
2020-05-29,Peru,Ayacucho,5.87,40,0,0.0,679,6,0.88,99.68,0.88,0.1,681149,29.37,2.35,59.04,5.87
2020-05-28,Peru,Ayacucho,2.5,17,0,0.0,639,6,0.94,93.81,0.88,0.09,681149,27.02,0.3,53.17,2.5
2020-05-27,Peru,Ayacucho,2.5,17,0,0.0,622,6,0.96,91.32,0.88,0.09,681149,26.72,0.44,50.67,2.5
2020-05-26,Peru,Ayacucho,4.99,34,0,0.0,605,6,0.99,88.82,0.88,0.09,681149,26.28,2.05,48.17,4.99
2020-05-25,Peru,Ayacucho,4.99,34,3,0.44,571,6,1.05,83.83,0.88,0.08,681149,24.23,4.55,43.18,4.99
2020-05-24,Peru,Ayacucho,5.73,39,0,0.0,537,3,0.56,78.84,0.44,0.08,681149,19.68,0.44,38.19,5.73
2020-05-23,Peru,Ayacucho,2.79,19,0,0.0,498,3,0.6,73.11,0.44,0.07,681149,19.24,-3.82,32.46,2.79
2020-05-22,Peru,Ayacucho,3.52,24,0,0.0,479,3,0.63,70.32,0.44,0.07,681149,23.06,-3.09,29.67,3.52
2020-05-21,Peru,Ayacucho,2.2,15,0,0.0,455,3,0.66,66.8,0.44,0.07,681149,26.15,2.2,26.15,2.2
2020-05-20,Peru,Ayacucho,2.06,14,0,0.0,440,3,0.68,64.6,0.44,0.06,681149,23.95,2.06,23.95,2.06
2020-05-19,Peru,Ayacucho,2.94,20,0,0.0,426,3,0.7,62.54,0.44,0.06,681149,21.89,2.94,21.89,2.94
2020-05-18,Peru,Ayacucho,0.44,3,0,0.0,406,3,0.74,59.61,0.44,0.06,681149,18.95,0.44,18.95,0.44
2020-05-17,Peru,Ayacucho,5.29,36,0,0.0,403,3,0.74,59.16,0.44,0.06,681149,18.51,5.29,18.51,5.29
2020-05-16,Peru,Ayacucho,6.61,45,0,0.0,367,3,0.82,53.88,0.44,0.05,681149,13.22,6.61,13.22,6.61
2020-05-15,Peru,Ayacucho,6.61,45,0,0.0,322,3,0.93,47.27,0.44,0.05,681149,6.61,6.61,6.61,6.61
