date,country,region,1day_cases_100k,new_cases,new_deaths,new_deaths_100k,total_cases,total_deaths,cfr%,total_cases_100k,total_deaths_100k,%infected,population,7day_cases_100k,7day_cases_change,28day_cases_100k,28day_cases_change
2022-03-28,Peru,Moquegua,1.12,2,0,0.0,48320,1615,3.34,27053.05,904.19,27.05,178612,17.36,-1.12,177.52,-28.55
2022-03-27,Peru,Moquegua,2.24,4,0,0.0,48318,1615,3.34,27051.93,904.19,27.05,178612,18.48,-3.92,206.07,-23.51
2022-03-26,Peru,Moquegua,0.56,1,2,1.12,48314,1615,3.34,27049.69,904.19,27.05,178612,22.4,-2.24,229.58,-25.19
2022-03-25,Peru,Moquegua,1.12,2,0,0.0,48313,1613,3.34,27049.13,903.07,27.05,178612,24.64,-2.24,254.77,-20.16
2022-03-24,Peru,Moquegua,6.16,11,0,0.0,48311,1613,3.34,27048.01,903.07,27.05,178612,26.88,-2.24,274.93,-33.03
2022-03-23,Peru,Moquegua,2.8,5,0,0.0,48300,1613,3.34,27041.86,903.07,27.04,178612,29.12,-3.36,307.96,-40.87
2022-03-22,Peru,Moquegua,3.36,6,1,0.56,48295,1613,3.34,27039.06,903.07,27.04,178612,32.48,-2.8,348.83,-45.35
2022-03-21,Peru,Moquegua,2.24,4,1,0.56,48289,1612,3.34,27035.7,902.51,27.04,178612,35.28,-5.6,394.18,-62.71
2022-03-20,Peru,Moquegua,6.16,11,-1,-0.56,48285,1611,3.34,27033.46,901.96,27.03,178612,40.88,-0.56,456.89,-42.55
2022-03-19,Peru,Moquegua,2.8,5,0,0.0,48274,1612,3.34,27027.3,902.51,27.03,178612,41.44,-1.68,499.44,-57.67
2022-03-18,Peru,Moquegua,3.36,6,1,0.56,48269,1612,3.34,27024.5,902.51,27.02,178612,43.12,-11.76,557.11,-78.38
2022-03-17,Peru,Moquegua,8.4,15,0,0.0,48263,1611,3.34,27021.14,901.96,27.02,178612,54.88,-0.56,635.49,-85.1
2022-03-16,Peru,Moquegua,6.16,11,0,0.0,48248,1611,3.34,27012.74,901.96,27.01,178612,55.44,3.92,720.59,-85.66
2022-03-15,Peru,Moquegua,6.16,11,0,0.0,48237,1611,3.34,27006.58,901.96,27.01,178612,51.52,2.8,806.25,-80.06
2022-03-14,Peru,Moquegua,7.84,14,0,0.0,48226,1611,3.34,27000.43,901.96,27.0,178612,48.72,3.92,886.31,-122.61
2022-03-13,Peru,Moquegua,6.72,12,2,1.12,48212,1611,3.34,26992.59,901.96,26.99,178612,44.8,-2.24,1008.92,-128.21
2022-03-12,Peru,Moquegua,4.48,8,1,0.56,48200,1609,3.34,26985.87,900.84,26.99,178612,47.04,0.56,1137.13,-156.76
2022-03-11,Peru,Moquegua,15.12,27,1,0.56,48192,1608,3.34,26981.39,900.28,26.98,178612,46.48,3.92,1293.89,-238.5
2022-03-10,Peru,Moquegua,8.96,16,0,0.0,48165,1607,3.34,26966.27,899.72,26.97,178612,42.56,-6.72,1532.39,-161.24
2022-03-09,Peru,Moquegua,2.24,4,0,0.0,48149,1607,3.34,26957.32,899.72,26.96,178612,49.28,-11.2,1693.63,-213.31
2022-03-08,Peru,Moquegua,3.36,6,2,1.12,48145,1607,3.34,26955.08,899.72,26.96,178612,60.48,-15.68,1906.94,-267.62
2022-03-07,Peru,Moquegua,3.92,7,-1,-0.56,48139,1605,3.33,26951.72,898.6,26.95,178612,76.16,-25.75,2174.56,-267.62
2022-03-06,Peru,Moquegua,8.96,16,2,1.12,48132,1606,3.34,26947.8,899.16,26.95,178612,101.91,-16.79,2442.18,-270.98
2022-03-05,Peru,Moquegua,3.92,7,0,0.0,48116,1604,3.33,26938.84,898.04,26.94,178612,118.7,-21.83,2713.16,-1445.03
2022-03-04,Peru,Moquegua,11.2,20,0,0.0,48109,1604,3.33,26934.92,898.04,26.93,178612,140.53,-10.08,4158.19,-372.87
2022-03-03,Peru,Moquegua,15.68,28,1,0.56,48089,1604,3.34,26923.72,898.04,26.92,178612,150.61,-23.51,4531.06,-689.2
2022-03-02,Peru,Moquegua,13.44,24,2,1.12,48061,1603,3.34,26908.05,897.48,26.91,178612,174.12,-30.23,5220.26,-304.01
2022-03-01,Peru,Moquegua,19.04,34,4,2.24,48037,1601,3.33,26894.61,896.36,26.89,178612,204.35,-29.67,5524.27,-573.87
2022-02-27,Peru,Moquegua,29.67,53,1,0.56,48003,1597,3.33,26875.57,894.12,26.88,178612,234.02,-35.28,6098.14,-453.5
2022-02-26,Peru,Moquegua,25.75,46,2,1.12,47950,1596,3.33,26845.9,893.56,26.85,178612,269.3,-22.96,6551.64,-256.99
2022-02-25,Peru,Moquegua,25.75,46,2,1.12,47904,1594,3.33,26820.15,892.44,26.82,178612,292.26,-34.72,6808.63,-329.21
2022-02-24,Peru,Moquegua,21.28,38,2,1.12,47858,1592,3.33,26794.39,891.32,26.79,178612,326.98,-60.46,7137.84,-377.35
2022-02-23,Peru,Moquegua,39.19,70,-2,-1.12,47820,1590,3.32,26773.12,890.2,26.77,178612,387.44,-54.31,7515.19,-280.5
2022-02-22,Peru,Moquegua,43.67,78,7,3.92,47750,1592,3.33,26733.93,891.32,26.73,178612,441.75,-48.15,7795.69,-87.34
2022-02-20,Peru,Moquegua,48.71,87,1,0.56,47672,1585,3.32,26690.26,887.4,26.69,178612,489.9,-37.51,7883.03,-158.44
2022-02-19,Peru,Moquegua,64.95,116,0,0.0,47585,1584,3.33,26641.55,886.84,26.64,178612,527.41,-65.5,8041.47,-247.46
2022-02-18,Peru,Moquegua,48.71,87,2,1.12,47469,1584,3.34,26576.6,886.84,26.58,178612,592.91,-86.22,8288.93,-211.07
2022-02-17,Peru,Moquegua,60.47,108,4,2.24,47382,1582,3.34,26527.89,885.72,26.53,178612,679.13,-100.77,8500.0,-193.15
2022-02-16,Peru,Moquegua,81.74,146,3,1.68,47274,1578,3.34,26467.43,883.48,26.47,178612,779.9,-171.88,8693.15,-63.27
2022-02-15,Peru,Moquegua,93.5,167,0,0.0,47128,1575,3.34,26385.69,881.8,26.39,178612,951.78,-76.7,8756.42,-46.47
2022-02-13,Peru,Moquegua,91.82,164,3,1.68,46961,1575,3.35,26292.19,881.8,26.29,178612,1028.48,-123.73,8802.89,10.08
2022-02-12,Peru,Moquegua,86.22,154,3,1.68,46797,1572,3.36,26200.37,880.12,26.2,178612,1152.21,-184.76,8792.81,26.87
2022-02-11,Peru,Moquegua,130.45,233,0,0.0,46643,1569,3.36,26114.15,878.44,26.11,178612,1336.97,-141.09,8765.94,25.19
2022-02-10,Peru,Moquegua,134.93,241,4,2.24,46410,1569,3.38,25983.7,878.44,25.98,178612,1478.06,-145.01,8740.75,59.91
2022-02-09,Peru,Moquegua,161.24,288,4,2.24,46169,1565,3.39,25848.77,876.2,25.85,178612,1623.07,-1287.71,8680.84,110.29
2022-02-08,Peru,Moquegua,253.62,453,-1,-0.56,45881,1561,3.4,25687.52,873.96,25.69,178612,2910.78,-130.45,8570.55,217.23
2022-02-06,Peru,Moquegua,170.2,304,0,0.0,45428,1562,3.44,25433.9,874.52,25.43,178612,3041.23,-534.68,8353.32,147.25
2022-02-05,Peru,Moquegua,215.55,385,1,0.56,45124,1562,3.46,25263.7,874.52,25.26,178612,3575.91,-101.9,8206.07,202.67
2022-02-04,Peru,Moquegua,270.98,484,4,2.24,44739,1561,3.49,25048.15,873.96,25.05,178612,3677.81,-321.93,8003.4,263.14
2022-02-03,Peru,Moquegua,271.54,485,2,1.12,44255,1557,3.52,24777.17,871.72,24.78,178612,3999.74,-211.63,7740.26,268.18
2022-02-02,Peru,Moquegua,279.94,500,2,1.12,43770,1555,3.55,24505.63,870.6,24.51,178612,4211.37,-2.8,7472.08,197.64
2022-02-01,Peru,Moquegua,1448.95,2588,3,1.68,43270,1553,3.59,24225.7,869.48,24.23,178612,4214.17,1093.99,7274.44,1444.47
2022-01-27,Peru,Moquegua,384.07,686,5,2.8,40682,1550,3.81,22776.75,867.8,22.78,178612,3120.18,-14.56,5829.97,379.59
2022-01-26,Peru,Moquegua,704.88,1259,0,0.0,39996,1545,3.86,22392.67,865.0,22.39,178612,3134.74,385.19,5450.38,703.2
2022-01-25,Peru,Moquegua,317.45,567,0,0.0,38737,1545,3.99,21687.79,865.0,21.69,178612,2749.55,186.44,4747.18,204.36
2022-01-24,Peru,Moquegua,592.91,1059,-3,-1.68,38170,1545,4.05,21370.34,865.0,21.37,178612,2563.11,385.76,4542.82,589.55
2022-01-23,Peru,Moquegua,483.17,863,3,1.68,37111,1548,4.17,20777.44,866.68,20.78,178612,2177.35,170.76,3953.27,469.17
2022-01-22,Peru,Moquegua,282.74,505,-2,-1.12,36248,1545,4.26,20294.27,865.0,20.29,178612,2006.59,22.96,3484.1,281.06
2022-01-21,Peru,Moquegua,354.96,634,3,1.68,35743,1547,4.33,20011.53,866.12,20.01,178612,1983.63,101.34,3203.04,349.36
2022-01-20,Peru,Moquegua,398.63,712,2,1.12,35109,1544,4.4,19656.57,864.44,19.66,178612,1882.29,253.62,2853.68,396.95
2022-01-19,Peru,Moquegua,319.69,571,0,0.0,34397,1542,4.48,19257.94,863.32,19.26,178612,1628.67,179.72,2456.73,311.29
2022-01-18,Peru,Moquegua,131.01,234,1,0.56,33826,1542,4.56,18938.26,863.32,18.94,178612,1448.95,49.27,2145.44,123.17
2022-01-17,Peru,Moquegua,207.15,370,-1,-0.56,33592,1541,4.59,18807.25,862.76,18.81,178612,1399.68,147.8,2022.27,205.47
2022-01-16,Peru,Moquegua,312.41,558,0,0.0,33222,1542,4.64,18600.09,863.32,18.6,178612,1251.88,207.15,1816.8,306.81
2022-01-15,Peru,Moquegua,259.78,464,0,0.0,32664,1542,4.72,18287.69,863.32,18.29,178612,1044.73,184.76,1509.99,256.42
2022-01-14,Peru,Moquegua,253.62,453,0,0.0,32200,1542,4.79,18027.9,863.32,18.03,178612,859.97,202.67,1253.57,242.42
2022-01-13,Peru,Moquegua,145.01,259,0,0.0,31747,1542,4.86,17774.28,863.32,17.77,178612,657.3,108.62,1011.15,143.33
2022-01-12,Peru,Moquegua,139.97,250,1,0.56,31488,1542,4.9,17629.27,863.32,17.63,178612,548.68,117.02,867.82,134.37
2022-01-11,Peru,Moquegua,81.74,146,0,0.0,31238,1541,4.93,17489.31,862.76,17.49,178612,431.66,68.86,733.45,70.54
2022-01-10,Peru,Moquegua,59.35,106,1,0.56,31092,1541,4.96,17407.57,862.76,17.41,178612,362.8,51.51,662.91,53.19
2022-01-09,Peru,Moquegua,105.26,188,1,0.56,30986,1540,4.97,17348.22,862.2,17.35,178612,311.29,101.9,609.72,104.7
2022-01-08,Peru,Moquegua,75.02,134,4,2.24,30798,1539,5.0,17242.96,861.64,17.24,178612,209.39,-7.28,505.02,66.06
2022-01-07,Peru,Moquegua,50.95,91,-2,-1.12,30664,1535,5.01,17167.94,859.4,17.17,178612,216.67,46.47,438.96,45.35
2022-01-06,Peru,Moquegua,36.39,65,0,0.0,30573,1537,5.03,17116.99,860.52,17.12,178612,170.2,31.91,393.61,35.27
2022-01-05,Peru,Moquegua,22.95,41,-1,-0.56,30508,1537,5.04,17080.6,860.52,17.08,178612,138.29,21.27,358.34,22.39
2022-01-04,Peru,Moquegua,12.88,23,0,0.0,30467,1538,5.05,17057.64,861.08,17.06,178612,117.02,-100.21,335.95,8.96
2022-01-03,Peru,Moquegua,7.84,14,1,0.56,30444,1538,5.05,17044.77,861.08,17.04,178612,217.23,4.48,326.99,7.84
2022-01-02,Peru,Moquegua,3.36,6,0,0.0,30430,1537,5.05,17036.93,860.52,17.04,178612,212.75,-10.64,319.15,1.68
2022-01-01,Peru,Moquegua,82.3,147,-1,-0.56,30424,1537,5.05,17033.57,860.52,17.03,178612,223.39,80.62,317.47,72.78
2021-12-28,Peru,Moquegua,4.48,8,3,1.68,30277,1538,5.08,16951.27,861.08,16.95,178612,142.77,-1.12,244.69,0.56
2021-12-27,Peru,Moquegua,4.48,8,-2,-1.12,30269,1535,5.07,16946.79,859.4,16.95,178612,143.89,2.8,244.13,4.48
2021-12-26,Peru,Moquegua,1.68,3,1,0.56,30261,1537,5.08,16942.31,860.52,16.94,178612,141.09,-6.72,239.65,0.56
2021-12-25,Peru,Moquegua,113.09,202,-1,-0.56,30258,1536,5.08,16940.63,859.96,16.94,178612,147.81,105.25,239.09,110.85
2021-12-24,Peru,Moquegua,3.36,6,1,0.56,30056,1537,5.11,16827.54,860.52,16.83,178612,42.56,1.68,128.24,-1.68
2021-12-23,Peru,Moquegua,14.0,25,1,0.56,30050,1536,5.11,16824.18,859.96,16.82,178612,40.88,8.4,129.92,11.76
2021-12-22,Peru,Moquegua,1.68,3,0,0.0,30025,1535,5.11,16810.18,859.4,16.81,178612,32.48,-1.68,118.16,0.56
2021-12-21,Peru,Moquegua,5.6,10,0,0.0,30022,1535,5.11,16808.5,859.4,16.81,178612,34.16,-5.6,117.6,4.48
2021-12-20,Peru,Moquegua,1.68,3,2,1.12,30012,1535,5.11,16802.9,859.4,16.8,178612,39.76,0.0,113.12,-4.48
2021-12-19,Peru,Moquegua,8.4,15,-2,-1.12,30009,1533,5.11,16801.22,858.28,16.8,178612,39.76,2.8,117.6,6.16
2021-12-18,Peru,Moquegua,7.84,14,0,0.0,29994,1535,5.12,16792.82,859.4,16.79,178612,36.96,-3.36,111.44,4.48
2021-12-17,Peru,Moquegua,1.68,3,3,1.68,29980,1535,5.12,16784.99,859.4,16.78,178612,40.32,-4.48,106.96,-1.68
2021-12-16,Peru,Moquegua,5.6,10,0,0.0,29977,1532,5.11,16783.31,857.73,16.78,178612,44.8,5.04,108.64,2.24
2021-12-15,Peru,Moquegua,3.36,6,1,0.56,29967,1532,5.11,16777.71,857.73,16.78,178612,39.76,-5.6,106.4,1.68
2021-12-14,Peru,Moquegua,11.2,20,-1,-0.56,29961,1531,5.11,16774.35,857.17,16.77,178612,45.36,5.6,104.72,8.96
2021-12-13,Peru,Moquegua,1.68,3,4,2.24,29941,1532,5.12,16763.15,857.73,16.76,178612,39.76,0.56,95.76,-2.24
2021-12-12,Peru,Moquegua,5.6,10,-1,-0.56,29938,1528,5.1,16761.47,855.49,16.76,178612,39.2,5.04,98.0,2.24
2021-12-11,Peru,Moquegua,11.2,20,2,1.12,29928,1529,5.11,16755.87,856.05,16.76,178612,34.16,7.28,95.76,6.72
2021-12-10,Peru,Moquegua,6.16,11,1,0.56,29908,1527,5.11,16744.68,854.93,16.74,178612,26.88,6.16,89.04,2.24
2021-12-09,Peru,Moquegua,0.56,1,0,0.0,29897,1526,5.1,16738.52,854.37,16.74,178612,20.72,-1.12,86.8,-2.24
2021-12-08,Peru,Moquegua,8.96,16,-1,-0.56,29896,1526,5.1,16737.96,854.37,16.74,178612,21.84,-0.56,89.04,7.84
2021-12-07,Peru,Moquegua,5.6,10,2,1.12,29880,1527,5.11,16729.0,854.93,16.73,178612,22.4,1.68,81.2,1.12
2021-12-06,Peru,Moquegua,1.12,2,0,0.0,29870,1525,5.11,16723.4,853.81,16.72,178612,20.72,1.12,80.08,-2.24
2021-12-05,Peru,Moquegua,0.56,1,0,0.0,29868,1525,5.11,16722.28,853.81,16.72,178612,19.6,-0.56,82.32,-5.04
2021-12-04,Peru,Moquegua,3.92,7,0,0.0,29867,1525,5.11,16721.72,853.81,16.72,178612,20.16,1.68,87.36,2.24
2021-12-03,Peru,Moquegua,0.0,0,0,0.0,29860,1525,5.11,16717.8,853.81,16.72,178612,18.48,-5.04,85.12,-1.68
2021-12-02,Peru,Moquegua,1.68,3,0,0.0,29860,1525,5.11,16717.8,853.81,16.72,178612,23.52,-0.56,86.8,1.68
2021-12-01,Peru,Moquegua,9.52,17,1,0.56,29857,1525,5.11,16716.12,853.81,16.72,178612,24.08,8.4,85.12,-2.8
2021-11-28,Peru,Moquegua,3.92,7,0,0.0,29840,1524,5.11,16706.6,853.25,16.71,178612,15.68,2.8,87.92,1.12
2021-11-27,Peru,Moquegua,0.0,0,0,0.0,29833,1524,5.11,16702.69,853.25,16.7,178612,12.88,-6.16,86.8,-2.24
2021-11-26,Peru,Moquegua,1.12,2,1,0.56,29833,1524,5.11,16702.69,853.25,16.7,178612,19.04,-1.12,89.04,-1.12
2021-11-25,Peru,Moquegua,2.24,4,2,1.12,29831,1523,5.11,16701.57,852.69,16.7,178612,20.16,-1.12,90.16,2.24
2021-11-24,Peru,Moquegua,5.04,9,-2,-1.12,29827,1521,5.1,16699.33,851.57,16.7,178612,21.28,1.68,87.92,1.68
2021-11-23,Peru,Moquegua,2.24,4,-1,-0.56,29818,1523,5.11,16694.29,852.69,16.69,178612,19.6,-1.12,86.24,1.12
2021-11-22,Peru,Moquegua,1.12,2,-1,-0.56,29814,1524,5.11,16692.05,853.25,16.69,178612,20.72,-0.56,85.12,-2.8
2021-11-21,Peru,Moquegua,1.12,2,0,0.0,29812,1525,5.12,16690.93,853.81,16.69,178612,21.28,-1.12,87.92,-1.12
2021-11-20,Peru,Moquegua,6.16,11,4,2.24,29810,1525,5.12,16689.81,853.81,16.69,178612,22.4,2.24,89.04,2.24
2021-11-19,Peru,Moquegua,2.24,4,-1,-0.56,29799,1521,5.1,16683.65,851.57,16.68,178612,20.16,-1.12,86.8,0.56
2021-11-18,Peru,Moquegua,3.36,6,1,0.56,29795,1522,5.11,16681.41,852.13,16.68,178612,21.28,-1.12,86.24,1.68
2021-11-17,Peru,Moquegua,3.36,6,1,0.56,29789,1521,5.11,16678.05,851.57,16.68,178612,22.4,-0.56,84.56,0.56
2021-11-16,Peru,Moquegua,3.36,6,0,0.0,29783,1520,5.1,16674.69,851.01,16.67,178612,22.96,0.56,84.0,1.68
2021-11-15,Peru,Moquegua,1.68,3,-1,-0.56,29777,1520,5.1,16671.33,851.01,16.67,178612,22.4,0.56,82.32,0.0
2021-11-14,Peru,Moquegua,2.24,4,0,0.0,29774,1521,5.11,16669.65,851.57,16.67,178612,21.84,-2.24,82.32,-3.36
2021-11-13,Peru,Moquegua,3.92,7,2,1.12,29770,1521,5.11,16667.41,851.57,16.67,178612,24.08,0.56,85.68,-1.68
2021-11-12,Peru,Moquegua,3.36,6,0,0.0,29763,1519,5.1,16663.49,850.45,16.66,178612,23.52,-2.24,87.36,0.56
2021-11-11,Peru,Moquegua,4.48,8,0,0.0,29757,1519,5.1,16660.13,850.45,16.66,178612,25.76,2.8,86.8,2.24
2021-11-10,Peru,Moquegua,3.92,7,2,1.12,29749,1519,5.11,16655.66,850.45,16.66,178612,22.96,2.24,84.56,0.56
2021-11-09,Peru,Moquegua,2.8,5,0,0.0,29742,1517,5.1,16651.74,849.33,16.65,178612,20.72,2.8,84.0,-3.92
2021-11-08,Peru,Moquegua,1.12,2,-1,-0.56,29737,1517,5.1,16648.94,849.33,16.65,178612,17.92,-11.2,87.92,-6.72
2021-11-07,Peru,Moquegua,4.48,8,-1,-0.56,29735,1518,5.11,16647.82,849.89,16.65,178612,29.12,1.68,94.64,-0.56
2021-11-06,Peru,Moquegua,3.36,6,2,1.12,29727,1519,5.11,16643.34,850.45,16.64,178612,27.44,1.12,95.2,-5.04
2021-11-05,Peru,Moquegua,5.6,10,0,0.0,29721,1517,5.1,16639.98,849.33,16.64,178612,26.32,3.36,100.24,3.36
2021-11-04,Peru,Moquegua,1.68,3,1,0.56,29711,1517,5.11,16634.38,849.33,16.63,178612,22.96,1.68,96.88,0.56
2021-11-03,Peru,Moquegua,1.68,3,0,0.0,29708,1516,5.1,16632.7,848.77,16.63,178612,21.28,-1.68,96.32,1.12
2021-11-02,Peru,Moquegua,0.0,0,0,0.0,29705,1516,5.1,16631.02,848.77,16.63,178612,22.96,-1.12,95.2,-2.8
2021-11-01,Peru,Moquegua,12.32,22,1,0.56,29705,1516,5.1,16631.02,848.77,16.63,178612,24.08,8.4,98.0,3.36
2021-10-28,Peru,Moquegua,2.8,5,0,0.0,29683,1515,5.1,16618.7,848.21,16.62,178612,15.68,0.56,94.64,1.12
2021-10-27,Peru,Moquegua,2.24,4,0,0.0,29678,1515,5.1,16615.9,848.21,16.62,178612,15.12,-1.68,93.52,0.56
2021-10-26,Peru,Moquegua,2.24,4,0,0.0,29674,1515,5.11,16613.67,848.21,16.61,178612,16.8,0.56,92.96,-0.56
2021-10-25,Peru,Moquegua,0.0,0,-1,-0.56,29670,1515,5.11,16611.43,848.21,16.61,178612,16.24,-1.68,93.52,-2.24
2021-10-24,Peru,Moquegua,3.36,6,1,0.56,29670,1516,5.11,16611.43,848.77,16.61,178612,17.92,0.56,95.76,0.0
2021-10-23,Peru,Moquegua,1.12,2,0,0.0,29664,1515,5.11,16608.07,848.21,16.61,178612,17.36,-0.56,95.76,-2.8
2021-10-22,Peru,Moquegua,3.92,7,0,0.0,29662,1515,5.11,16606.95,848.21,16.61,178612,17.92,2.24,98.56,-3.36
2021-10-21,Peru,Moquegua,2.24,4,0,0.0,29655,1515,5.11,16603.03,848.21,16.6,178612,15.68,-3.36,101.92,1.68
2021-10-20,Peru,Moquegua,3.92,7,1,0.56,29651,1515,5.11,16600.79,848.21,16.6,178612,19.04,-1.68,100.24,1.12
2021-10-19,Peru,Moquegua,1.68,3,0,0.0,29644,1514,5.11,16596.87,847.65,16.6,178612,20.72,-1.12,99.12,0.56
2021-10-18,Peru,Moquegua,1.68,3,0,0.0,29641,1514,5.11,16595.19,847.65,16.6,178612,21.84,-0.56,98.56,-1.12
2021-10-17,Peru,Moquegua,2.8,5,0,0.0,29638,1514,5.11,16593.51,847.65,16.59,178612,22.4,-0.56,99.68,-1.68
2021-10-16,Peru,Moquegua,1.68,3,-1,-0.56,29633,1514,5.11,16590.71,847.65,16.59,178612,22.96,-5.04,101.36,-3.36
2021-10-15,Peru,Moquegua,1.68,3,1,0.56,29630,1515,5.11,16589.03,848.21,16.59,178612,28.0,-6.16,104.72,0.56
2021-10-14,Peru,Moquegua,5.6,10,0,0.0,29627,1514,5.11,16587.35,847.65,16.59,178612,34.16,0.56,104.16,-0.56
2021-10-13,Peru,Moquegua,5.6,10,0,0.0,29617,1514,5.11,16581.75,847.65,16.58,178612,33.6,-2.8,104.72,5.04
2021-10-12,Peru,Moquegua,2.8,5,0,0.0,29607,1514,5.11,16576.15,847.65,16.58,178612,36.4,0.56,99.68,-2.24
2021-10-11,Peru,Moquegua,2.24,4,0,0.0,29602,1514,5.11,16573.35,847.65,16.57,178612,35.84,1.12,101.92,-0.56
2021-10-10,Peru,Moquegua,3.36,6,0,0.0,29598,1514,5.12,16571.12,847.65,16.57,178612,34.72,2.8,102.48,-1.12
2021-10-09,Peru,Moquegua,6.72,12,0,0.0,29592,1514,5.12,16567.76,847.65,16.57,178612,31.92,3.92,103.6,2.24
2021-10-08,Peru,Moquegua,7.84,14,0,0.0,29580,1514,5.12,16561.04,847.65,16.56,178612,28.0,-1.12,101.36,1.12
2021-10-07,Peru,Moquegua,5.04,9,0,0.0,29566,1514,5.12,16553.2,847.65,16.55,178612,29.12,3.36,100.24,0.0
2021-10-06,Peru,Moquegua,8.4,15,2,1.12,29557,1514,5.12,16548.16,847.65,16.55,178612,25.76,6.72,100.24,5.6
2021-10-05,Peru,Moquegua,2.24,4,-1,-0.56,29542,1512,5.12,16539.76,846.53,16.54,178612,19.04,-0.56,94.64,-1.12
2021-10-04,Peru,Moquegua,1.12,2,1,0.56,29538,1513,5.12,16537.52,847.09,16.54,178612,19.6,-1.12,95.76,-6.16
2021-10-03,Peru,Moquegua,0.56,1,0,0.0,29536,1512,5.12,16536.4,846.53,16.54,178612,20.72,-2.8,101.92,-9.52
2021-10-02,Peru,Moquegua,2.8,5,2,1.12,29535,1512,5.12,16535.84,846.53,16.54,178612,23.52,-1.12,111.44,-10.08
2021-10-01,Peru,Moquegua,8.96,16,0,0.0,29530,1510,5.11,16533.04,845.41,16.53,178612,24.64,1.68,121.52,-16.23
2021-09-28,Peru,Moquegua,1.68,3,-1,-0.56,29514,1510,5.12,16524.09,845.41,16.52,178612,22.96,1.12,137.75,-6.72
2021-09-27,Peru,Moquegua,1.68,3,1,0.56,29511,1511,5.12,16522.41,845.97,16.52,178612,21.84,-1.12,144.47,-17.36
2021-09-26,Peru,Moquegua,2.8,5,2,1.12,29508,1510,5.12,16520.73,845.41,16.52,178612,22.96,1.68,161.83,-11.76
2021-09-25,Peru,Moquegua,2.24,4,0,0.0,29503,1508,5.11,16517.93,844.29,16.52,178612,21.28,-0.56,173.59,-15.68
2021-09-24,Peru,Moquegua,3.36,6,1,0.56,29499,1508,5.11,16515.69,844.29,16.52,178612,21.84,-1.12,189.27,-3.36
2021-09-23,Peru,Moquegua,3.92,7,1,0.56,29493,1507,5.11,16512.33,843.73,16.51,178612,22.96,-1.12,192.63,1.68
2021-09-22,Peru,Moquegua,7.28,13,1,0.56,29486,1506,5.11,16508.41,843.17,16.51,178612,24.08,6.16,190.95,-2.24
2021-09-21,Peru,Moquegua,0.56,1,0,0.0,29473,1505,5.11,16501.13,842.61,16.5,178612,17.92,-5.6,193.19,-15.68
2021-09-20,Peru,Moquegua,2.8,5,0,0.0,29472,1505,5.11,16500.57,842.61,16.5,178612,23.52,2.24,208.87,-10.64
2021-09-19,Peru,Moquegua,1.12,2,0,0.0,29467,1505,5.11,16497.77,842.61,16.5,178612,21.28,-3.92,219.51,-19.04
2021-09-18,Peru,Moquegua,2.8,5,-1,-0.56,29465,1505,5.11,16496.65,842.61,16.5,178612,25.2,0.0,238.55,-28.55
2021-09-17,Peru,Moquegua,4.48,8,0,0.0,29460,1506,5.11,16493.85,843.17,16.49,178612,25.2,0.0,267.1,-7.84
2021-09-16,Peru,Moquegua,5.04,9,1,0.56,29452,1506,5.11,16489.37,843.17,16.49,178612,25.2,0.56,274.94,-5.04
2021-09-15,Peru,Moquegua,1.12,2,0,0.0,29443,1505,5.11,16484.33,842.61,16.48,178612,24.64,-5.6,279.98,-5.6
2021-09-14,Peru,Moquegua,6.16,11,-1,-0.56,29441,1505,5.11,16483.22,842.61,16.48,178612,30.24,1.12,285.58,-22.95
2021-09-13,Peru,Moquegua,0.56,1,1,0.56,29430,1506,5.12,16477.06,843.17,16.48,178612,29.12,-2.24,308.53,-16.8
2021-09-12,Peru,Moquegua,5.04,9,2,1.12,29429,1505,5.11,16476.5,842.61,16.48,178612,31.36,1.68,325.33,-21.83
2021-09-11,Peru,Moquegua,2.8,5,2,1.12,29420,1503,5.11,16471.46,841.49,16.47,178612,29.68,-4.48,347.16,-21.27
2021-09-10,Peru,Moquegua,4.48,8,0,0.0,29415,1501,5.1,16468.66,840.37,16.47,178612,34.16,-5.6,368.43,-17.36
2021-09-09,Peru,Moquegua,4.48,8,0,0.0,29407,1501,5.1,16464.18,840.37,16.46,178612,39.76,-8.4,385.79,-3.36
2021-09-08,Peru,Moquegua,6.72,12,1,0.56,29399,1501,5.11,16459.7,840.37,16.46,178612,48.16,-18.47,389.15,-14.0
2021-09-07,Peru,Moquegua,5.04,9,1,0.56,29387,1500,5.1,16452.98,839.81,16.45,178612,66.63,-3.36,403.15,-25.75
2021-09-06,Peru,Moquegua,2.8,5,1,0.56,29378,1499,5.1,16447.94,839.25,16.45,178612,69.99,-16.24,428.9,-32.47
2021-09-05,Peru,Moquegua,3.36,6,0,0.0,29373,1498,5.1,16445.14,838.69,16.45,178612,86.23,-11.2,461.37,-13.44
2021-09-04,Peru,Moquegua,7.28,13,1,0.56,29367,1498,5.1,16441.78,838.69,16.44,178612,97.43,-10.64,474.81,-55.99
2021-09-03,Peru,Moquegua,10.08,18,-1,-0.56,29354,1497,5.1,16434.51,838.13,16.43,178612,108.07,3.36,530.8,-8.4
2021-09-02,Peru,Moquegua,12.88,23,0,0.0,29336,1498,5.11,16424.43,838.69,16.42,178612,104.71,10.64,539.2,1.12
2021-09-01,Peru,Moquegua,25.19,45,4,2.24,29313,1498,5.11,16411.55,838.69,16.41,178612,94.07,15.67,538.08,-106.38
2021-08-28,Peru,Moquegua,8.4,15,1,0.56,29268,1494,5.1,16386.36,836.45,16.39,178612,78.4,-7.84,644.46,-19.59
2021-08-27,Peru,Moquegua,19.04,34,1,0.56,29253,1493,5.1,16377.96,835.89,16.38,178612,86.24,5.6,664.05,5.04
2021-08-26,Peru,Moquegua,14.56,26,-1,-0.56,29219,1492,5.11,16358.92,835.33,16.36,178612,80.64,-5.6,659.01,-15.67
2021-08-25,Peru,Moquegua,17.92,32,-1,-0.56,29193,1493,5.11,16344.37,835.89,16.34,178612,86.24,-13.43,674.68,-8.95
2021-08-24,Peru,Moquegua,6.72,12,3,1.68,29161,1494,5.12,16326.45,836.45,16.33,178612,99.67,-5.6,683.63,-33.59
2021-08-23,Peru,Moquegua,2.24,4,1,0.56,29149,1491,5.12,16319.73,834.77,16.32,178612,105.27,-7.84,717.22,-45.91
2021-08-22,Peru,Moquegua,9.52,17,3,1.68,29145,1490,5.11,16317.49,834.21,16.32,178612,113.11,2.8,763.13,-25.19
2021-08-21,Peru,Moquegua,16.24,29,0,0.0,29128,1487,5.11,16307.97,832.53,16.31,178612,110.31,-12.87,788.32,-7.27
2021-08-20,Peru,Moquegua,13.44,24,2,1.12,29099,1487,5.11,16291.74,832.53,16.29,178612,123.18,-3.92,795.59,6.72
2021-08-19,Peru,Moquegua,20.16,36,2,1.12,29075,1485,5.11,16278.3,831.41,16.28,178612,127.1,-6.71,788.87,-4.47
2021-08-18,Peru,Moquegua,31.35,56,0,0.0,29039,1483,5.11,16258.15,830.29,16.26,178612,133.81,7.28,793.34,-8.4
2021-08-17,Peru,Moquegua,12.32,22,0,0.0,28983,1483,5.12,16226.79,830.29,16.23,178612,126.53,-9.52,801.74,-36.39
2021-08-16,Peru,Moquegua,10.08,18,1,0.56,28961,1483,5.12,16214.48,830.29,16.21,178612,136.05,2.24,838.13,-36.95
2021-08-15,Peru,Moquegua,6.72,12,-1,-0.56,28943,1482,5.12,16204.4,829.73,16.2,178612,133.81,-14.0,875.08,-39.19
2021-08-14,Peru,Moquegua,29.11,52,1,0.56,28931,1483,5.13,16197.68,830.29,16.2,178612,147.81,-1.68,914.27,8.39
2021-08-13,Peru,Moquegua,17.36,31,1,0.56,28879,1482,5.13,16168.57,829.73,16.17,178612,149.49,-17.91,905.88,3.36
2021-08-12,Peru,Moquegua,26.87,48,2,1.12,28848,1481,5.13,16151.21,829.17,16.15,178612,167.4,10.07,902.52,-10.08
2021-08-11,Peru,Moquegua,24.07,43,0,0.0,28800,1479,5.14,16124.34,828.05,16.12,178612,157.33,-39.2,912.6,-20.16
2021-08-10,Peru,Moquegua,21.84,39,5,2.8,28757,1479,5.14,16100.26,828.05,16.1,178612,196.53,3.36,932.76,-13.43
2021-08-09,Peru,Moquegua,7.84,14,2,1.12,28718,1474,5.13,16078.43,825.25,16.08,178612,193.17,-3.92,946.19,-20.15
2021-08-08,Peru,Moquegua,20.72,37,0,0.0,28704,1472,5.13,16070.59,824.13,16.07,178612,197.09,-110.85,966.34,-22.95
2021-08-07,Peru,Moquegua,30.79,55,2,1.12,28667,1472,5.13,16049.87,824.13,16.05,178612,307.94,2.8,989.29,1.12
2021-08-06,Peru,Moquegua,35.27,63,2,1.12,28612,1470,5.14,16019.08,823.01,16.02,178612,305.14,21.27,988.17,8.96
2021-08-05,Peru,Moquegua,16.8,30,0,0.0,28549,1468,5.14,15983.81,821.89,15.98,178612,283.87,-13.43,979.21,-7.27
2021-08-04,Peru,Moquegua,63.27,113,0,0.0,28519,1468,5.15,15967.01,821.89,15.97,178612,297.3,36.4,986.48,26.88
2021-08-03,Peru,Moquegua,18.48,33,-1,-0.56,28406,1468,5.17,15903.75,821.89,15.9,178612,260.9,-21.83,959.6,-13.43
2021-08-02,Peru,Moquegua,11.76,21,2,1.12,28373,1469,5.18,15885.27,822.45,15.89,178612,282.73,-36.39,973.03,-111.41
2021-08-01,Peru,Moquegua,131.57,235,8,4.48,28352,1467,5.17,15873.51,821.33,15.87,178612,319.12,96.86,1084.44,106.38
2021-07-27,Peru,Moquegua,27.99,50,4,2.24,28117,1459,5.19,15741.94,816.85,15.74,178612,222.26,4.48,978.06,-11.2
2021-07-26,Peru,Moquegua,14.0,25,1,0.56,28067,1455,5.18,15713.95,814.61,15.71,178612,217.78,7.28,989.26,-27.43
2021-07-25,Peru,Moquegua,30.23,54,2,1.12,28042,1454,5.19,15699.95,814.06,15.7,178612,210.5,5.6,1016.69,-33.6
2021-07-24,Peru,Moquegua,26.87,48,2,1.12,27988,1452,5.19,15669.72,812.94,15.67,178612,204.9,-12.88,1050.29,1.68
2021-07-23,Peru,Moquegua,40.31,72,2,1.12,27940,1450,5.19,15642.85,811.82,15.64,178612,217.78,-8.4,1048.61,15.12
2021-07-22,Peru,Moquegua,48.15,86,0,0.0,27868,1448,5.2,15602.54,810.7,15.6,178612,226.18,1.12,1033.49,31.35
2021-07-21,Peru,Moquegua,34.71,62,2,1.12,27782,1448,5.21,15554.39,810.7,15.55,178612,225.06,-11.2,1002.14,-2.8
2021-07-20,Peru,Moquegua,23.51,42,1,0.56,27720,1446,5.22,15519.67,809.58,15.52,178612,236.26,2.79,1004.94,-18.48
2021-07-19,Peru,Moquegua,6.72,12,1,0.56,27678,1445,5.22,15496.16,809.02,15.5,178612,233.47,-7.28,1023.42,-30.23
2021-07-18,Peru,Moquegua,24.63,44,1,0.56,27666,1444,5.22,15489.44,808.46,15.49,178612,240.75,-12.32,1053.65,-28.0
2021-07-17,Peru,Moquegua,39.75,71,2,1.12,27622,1443,5.22,15464.81,807.9,15.46,178612,253.07,-4.48,1081.65,-127.09
2021-07-16,Peru,Moquegua,48.71,87,0,0.0,27551,1441,5.23,15425.06,806.78,15.43,178612,257.55,13.44,1208.74,15.68
2021-07-15,Peru,Moquegua,47.03,84,5,2.8,27464,1441,5.25,15376.35,806.78,15.38,178612,244.11,19.04,1193.06,40.31
2021-07-14,Peru,Moquegua,45.91,82,1,0.56,27380,1436,5.24,15329.32,803.98,15.33,178612,225.07,2.24,1152.75,26.87
2021-07-13,Peru,Moquegua,20.72,37,0,0.0,27298,1435,5.26,15283.41,803.42,15.28,178612,222.83,-8.95,1125.88,-6.15
2021-07-12,Peru,Moquegua,14.0,25,1,0.56,27261,1435,5.26,15262.69,803.42,15.26,178612,231.78,-12.31,1132.03,-17.91
2021-07-11,Peru,Moquegua,36.95,66,4,2.24,27236,1434,5.27,15248.7,802.86,15.25,178612,244.09,12.88,1149.94,5.6
2021-07-10,Peru,Moquegua,44.23,79,6,3.36,27170,1430,5.26,15211.74,800.62,15.21,178612,231.21,7.84,1144.34,5.6
2021-07-09,Peru,Moquegua,35.27,63,1,0.56,27091,1424,5.26,15167.51,797.26,15.17,178612,223.37,3.36,1138.74,20.15
2021-07-08,Peru,Moquegua,27.99,50,1,0.56,27028,1423,5.26,15132.24,796.7,15.13,178612,220.01,-95.18,1118.59,19.59
2021-07-07,Peru,Moquegua,43.67,78,3,1.68,26978,1422,5.27,15104.25,796.14,15.1,178612,315.19,18.48,1099.0,24.07
2021-07-06,Peru,Moquegua,29.67,53,1,0.56,26900,1419,5.28,15060.58,794.46,15.06,178612,296.71,-9.52,1074.93,-8.4
2021-07-05,Peru,Moquegua,26.31,47,2,1.12,26847,1418,5.28,15030.9,793.9,15.03,178612,306.23,-15.12,1083.33,-23.52
2021-07-04,Peru,Moquegua,24.07,43,4,2.24,26800,1416,5.28,15004.59,792.78,15.0,178612,321.35,-39.76,1106.85,1.68
2021-07-03,Peru,Moquegua,36.39,65,6,3.36,26757,1412,5.28,14980.52,790.54,14.98,178612,361.11,11.2,1105.17,1.68
2021-07-02,Peru,Moquegua,31.91,57,0,0.0,26692,1406,5.27,14944.12,787.18,14.94,178612,349.91,6.72,1103.49,-6.72
2021-07-01,Peru,Moquegua,123.17,220,12,6.72,26635,1406,5.28,14912.21,787.18,14.91,178612,343.19,106.37,1110.21,67.74
2021-06-27,Peru,Moquegua,25.19,45,2,1.12,26415,1394,5.28,14789.04,780.46,14.79,178612,236.82,-12.32,1042.47,-1.12
2021-06-26,Peru,Moquegua,39.19,70,6,3.36,26370,1392,5.28,14763.85,779.34,14.76,178612,249.14,-2.8,1043.59,0.0
2021-06-25,Peru,Moquegua,41.43,74,1,0.56,26300,1386,5.27,14724.65,775.98,14.72,178612,251.94,4.48,1043.59,5.04
2021-06-24,Peru,Moquegua,63.83,114,3,1.68,26226,1385,5.28,14683.22,775.42,14.68,178612,247.46,11.2,1038.55,39.76
2021-06-23,Peru,Moquegua,25.19,45,1,0.56,26112,1382,5.29,14619.4,773.74,14.62,178612,236.26,-141.65,998.79,-43.11
2021-06-22,Peru,Moquegua,25.19,45,2,1.12,26067,1381,5.3,14594.2,773.18,14.59,178612,377.91,-7.84,1041.9,-8.96
2021-06-21,Peru,Moquegua,16.8,30,2,1.12,26022,1379,5.3,14569.01,772.06,14.57,178612,385.75,10.08,1050.86,-45.35
2021-06-20,Peru,Moquegua,37.51,67,2,1.12,25992,1377,5.3,14552.21,770.94,14.55,178612,375.67,18.47,1096.21,15.67
2021-06-19,Peru,Moquegua,41.99,75,4,2.24,25925,1375,5.3,14514.7,769.83,14.51,178612,357.2,15.12,1080.54,12.32
2021-06-18,Peru,Moquegua,36.95,66,4,2.24,25850,1371,5.3,14472.71,767.59,14.47,178612,342.08,5.04,1068.22,16.23
2021-06-17,Peru,Moquegua,52.63,94,2,1.12,25784,1367,5.3,14435.76,765.35,14.44,178612,337.04,21.28,1051.99,31.91
2021-06-16,Peru,Moquegua,166.84,298,3,1.68,25690,1365,5.31,14383.13,764.23,14.38,178612,315.76,128.21,1020.08,151.16
2021-06-15,Peru,Moquegua,33.03,59,6,3.36,25392,1362,5.36,14216.29,762.55,14.22,178612,187.55,17.91,868.92,3.92
2021-06-14,Peru,Moquegua,6.72,12,3,1.68,25333,1356,5.35,14183.26,759.19,14.18,178612,169.64,-1.68,865.0,-46.47
2021-06-13,Peru,Moquegua,19.04,34,-1,-0.56,25321,1353,5.34,14176.54,757.51,14.18,178612,171.32,-0.56,911.47,-11.75
2021-06-12,Peru,Moquegua,26.87,48,4,2.24,25287,1354,5.35,14157.5,758.07,14.16,178612,171.88,-11.2,923.22,11.75
2021-06-11,Peru,Moquegua,31.91,57,2,1.12,25239,1350,5.35,14130.63,755.83,14.13,178612,183.08,-17.92,911.47,3.92
2021-06-10,Peru,Moquegua,31.35,56,0,0.0,25182,1348,5.35,14098.72,754.71,14.1,178612,201.0,8.96,907.55,1.68
2021-06-09,Peru,Moquegua,38.63,69,3,1.68,25126,1348,5.36,14067.36,754.71,14.07,178612,192.04,3.92,905.87,18.47
2021-06-08,Peru,Moquegua,15.12,27,3,1.68,25057,1345,5.37,14028.73,753.03,14.03,178612,188.12,-23.51,887.4,-15.67
2021-06-07,Peru,Moquegua,8.4,15,2,1.12,25030,1342,5.36,14013.62,751.35,14.01,178612,211.63,-47.03,903.07,-24.63
2021-06-06,Peru,Moquegua,19.6,35,3,1.68,25015,1340,5.36,14005.22,750.23,14.01,178612,258.66,-6.71,927.7,-7.27
2021-06-05,Peru,Moquegua,38.07,68,2,1.12,24980,1337,5.35,13985.62,748.55,13.99,178612,265.37,-1.12,934.97,22.95
2021-06-04,Peru,Moquegua,49.83,89,4,2.24,24912,1335,5.36,13947.55,747.43,13.95,178612,266.49,13.44,912.02,20.16
2021-06-03,Peru,Moquegua,22.39,40,4,2.24,24823,1331,5.36,13897.72,745.19,13.9,178612,253.05,-1.68,891.86,-2.24
2021-06-02,Peru,Moquegua,34.71,62,4,2.24,24783,1327,5.35,13875.33,742.95,13.88,178612,254.73,-33.59,894.1,3.92
2021-06-01,Peru,Moquegua,38.63,69,714,399.75,24721,1323,5.35,13840.62,740.71,13.84,178612,288.32,4.48,890.18,19.59
2021-05-30,Peru,Moquegua,55.43,99,7,3.92,24652,609,2.47,13801.98,340.96,13.8,178612,283.84,-6.72,870.59,21.84
2021-05-28,Peru,Moquegua,26.31,47,2,1.12,24553,602,2.45,13746.56,337.04,13.75,178612,290.56,4.47,848.75,-0.56
2021-05-27,Peru,Moquegua,39.19,70,6,3.36,24506,600,2.45,13720.24,335.92,13.72,178612,286.09,9.52,849.31,23.51
2021-05-26,Peru,Moquegua,36.39,65,4,2.24,24436,594,2.43,13681.05,332.56,13.68,178612,276.57,15.67,825.8,10.64
2021-05-25,Peru,Moquegua,24.07,43,1,0.56,24371,590,2.42,13644.66,330.32,13.64,178612,260.9,3.35,815.16,-6.16
2021-05-24,Peru,Moquegua,68.3,122,9,5.04,24328,589,2.42,13620.59,329.77,13.62,178612,257.55,52.62,821.32,53.74
2021-05-21,Peru,Moquegua,34.15,61,3,1.68,24206,580,2.4,13552.28,324.73,13.55,178612,204.93,5.04,767.58,15.67
2021-05-20,Peru,Moquegua,62.15,111,5,2.8,24145,577,2.39,13518.13,323.05,13.52,178612,199.89,8.96,751.91,31.92
2021-05-18,Peru,Moquegua,21.84,39,4,2.24,24034,572,2.38,13455.98,320.25,13.46,178612,190.93,-8.95,719.99,0.56
2021-05-17,Peru,Moquegua,29.67,53,1,0.56,23995,568,2.37,13434.15,318.01,13.43,178612,199.88,14.55,719.43,16.79
2021-05-16,Peru,Moquegua,20.72,37,2,1.12,23942,567,2.37,13404.47,317.45,13.4,178612,185.33,-7.27,702.64,-4.47
2021-05-15,Peru,Moquegua,20.72,37,4,2.24,23905,565,2.36,13383.76,316.33,13.38,178612,192.6,-8.95,707.11,-15.67
2021-05-14,Peru,Moquegua,15.68,28,2,1.12,23868,561,2.35,13363.04,314.09,13.36,178612,201.55,-4.48,722.78,-10.63
2021-05-13,Peru,Moquegua,29.11,52,3,1.68,23840,559,2.34,13347.37,312.97,13.35,178612,206.03,-1.68,733.41,-8.96
2021-05-12,Peru,Moquegua,53.19,95,1,0.56,23788,556,2.34,13318.25,311.29,13.32,178612,207.71,20.16,742.37,32.47
2021-05-11,Peru,Moquegua,30.79,55,5,2.8,23693,555,2.34,13265.07,310.73,13.27,178612,187.55,3.92,709.9,19.59
2021-05-10,Peru,Moquegua,15.12,27,0,0.0,23638,550,2.33,13234.27,307.93,13.23,178612,183.63,0.0,690.31,-8.39
2021-05-09,Peru,Moquegua,27.99,50,1,0.56,23611,550,2.33,13219.16,307.93,13.22,178612,183.63,-1.68,698.7,9.51
2021-05-08,Peru,Moquegua,29.67,53,3,1.68,23561,549,2.33,13191.16,307.37,13.19,178612,185.31,5.04,689.19,-12.88
2021-05-07,Peru,Moquegua,20.16,36,2,1.12,23508,546,2.32,13161.49,305.69,13.16,178612,180.27,-10.63,702.07,-10.07
2021-05-06,Peru,Moquegua,30.79,55,6,3.36,23472,544,2.32,13141.33,304.57,13.14,178612,190.9,11.75,712.14,-4.48
2021-05-05,Peru,Moquegua,33.03,59,-5,-2.8,23417,538,2.3,13110.54,301.21,13.11,178612,179.15,-0.56,716.62,-3.36
2021-05-04,Peru,Moquegua,26.87,48,2,1.12,23358,543,2.32,13077.51,304.01,13.08,178612,179.71,0.0,719.98,-7.84
2021-05-03,Peru,Moquegua,15.12,27,1,0.56,23310,541,2.32,13050.63,302.89,13.05,178612,179.71,-0.56,727.82,1.12
2021-05-02,Peru,Moquegua,29.67,53,3,1.68,23283,540,2.32,13035.52,302.33,13.04,178612,180.27,3.92,726.7,6.72
2021-05-01,Peru,Moquegua,24.63,44,2,1.12,23230,537,2.31,13005.85,300.65,13.01,178612,176.35,-5.6,719.98,-3.36
2021-04-30,Peru,Moquegua,30.79,55,3,1.68,23186,535,2.31,12981.21,299.53,12.98,178612,181.95,16.23,723.34,1.12
2021-04-29,Peru,Moquegua,19.04,34,3,1.68,23131,532,2.3,12950.42,297.85,12.95,178612,165.72,0.56,722.22,-20.71
2021-04-28,Peru,Moquegua,33.59,60,2,1.12,23097,529,2.29,12931.38,296.17,12.93,178612,165.16,3.36,742.93,-3.36
2021-04-27,Peru,Moquegua,26.87,48,3,1.68,23037,527,2.29,12897.79,295.05,12.9,178612,161.8,5.59,746.29,0.56
2021-04-26,Peru,Moquegua,15.68,28,2,1.12,22989,524,2.28,12870.92,293.37,12.87,178612,156.21,2.8,745.73,-13.43
2021-04-25,Peru,Moquegua,25.75,46,1,0.56,22961,522,2.27,12855.24,292.25,12.86,178612,153.41,0.56,759.16,-30.8
2021-04-24,Peru,Moquegua,30.23,54,1,0.56,22915,521,2.27,12829.49,291.69,12.83,178612,152.85,-6.16,789.96,4.48
2021-04-23,Peru,Moquegua,14.56,26,0,0.0,22861,520,2.27,12799.25,291.13,12.8,178612,159.01,-11.75,785.48,-54.3
2021-04-22,Peru,Moquegua,18.48,33,3,1.68,22835,520,2.28,12784.7,291.13,12.78,178612,170.76,-19.59,839.78,14.56
2021-04-21,Peru,Moquegua,30.23,54,1,0.56,22802,517,2.27,12766.22,289.45,12.77,178612,190.35,9.51,825.22,-9.52
2021-04-20,Peru,Moquegua,21.28,38,3,1.68,22748,516,2.27,12735.99,288.89,12.74,178612,180.84,10.08,834.74,-6.15
2021-04-19,Peru,Moquegua,12.88,23,4,2.24,22710,513,2.26,12714.71,287.21,12.71,178612,170.76,-10.63,840.89,-30.79
2021-04-18,Peru,Moquegua,25.19,45,3,1.68,22687,509,2.24,12701.83,284.98,12.7,178612,181.39,6.71,871.68,8.95
2021-04-17,Peru,Moquegua,36.39,65,2,1.12,22642,506,2.23,12676.64,283.3,12.68,178612,174.68,-6.16,862.73,3.92
2021-04-16,Peru,Moquegua,26.31,47,3,1.68,22577,504,2.23,12640.25,282.18,12.64,178612,180.84,-3.92,858.81,-9.52
2021-04-15,Peru,Moquegua,38.07,68,1,0.56,22530,501,2.22,12613.93,280.5,12.61,178612,184.76,2.8,868.33,13.44
2021-04-14,Peru,Moquegua,20.72,37,0,0.0,22462,500,2.23,12575.86,279.94,12.58,178612,181.96,-15.67,854.89,-15.67
2021-04-13,Peru,Moquegua,11.2,20,1,0.56,22425,500,2.23,12555.15,279.94,12.56,178612,197.63,-23.51,870.56,-17.91
2021-04-12,Peru,Moquegua,23.51,42,2,1.12,22405,499,2.23,12543.95,279.38,12.54,178612,221.14,9.51,888.47,-10.08
2021-04-11,Peru,Moquegua,18.48,33,0,0.0,22363,497,2.22,12520.44,278.26,12.52,178612,211.63,-4.47,898.55,11.76
2021-04-10,Peru,Moquegua,42.55,76,2,1.12,22330,497,2.23,12501.96,278.26,12.5,178612,216.1,14.56,886.79,26.31
2021-04-09,Peru,Moquegua,30.23,54,1,0.56,22254,495,2.22,12459.41,277.14,12.46,178612,201.54,0.56,860.48,2.8
2021-04-08,Peru,Moquegua,35.27,63,1,0.56,22200,494,2.23,12429.18,276.58,12.43,178612,200.98,-4.48,857.68,2.8
2021-04-07,Peru,Moquegua,36.39,65,1,0.56,22137,493,2.23,12393.9,276.02,12.39,178612,205.46,-0.56,854.88,1.68
2021-04-06,Peru,Moquegua,34.71,62,2,1.12,22072,492,2.23,12357.51,275.46,12.36,178612,206.02,8.4,853.2,6.16
2021-04-05,Peru,Moquegua,14.0,25,0,0.0,22010,490,2.23,12322.8,274.34,12.32,178612,197.62,-15.11,847.04,-18.47
2021-04-04,Peru,Moquegua,22.95,41,1,0.56,21985,490,2.23,12308.8,274.34,12.31,178612,212.73,-33.6,865.51,-6.72
2021-04-03,Peru,Moquegua,27.99,50,0,0.0,21944,489,2.23,12285.85,273.78,12.29,178612,246.33,2.24,872.23,-18.48
2021-04-02,Peru,Moquegua,29.67,53,0,0.0,21894,489,2.23,12257.86,273.78,12.26,178612,244.09,-39.19,890.71,-6.16
2021-04-01,Peru,Moquegua,39.75,71,1,0.56,21841,489,2.24,12228.18,273.78,12.23,178612,283.28,35.83,896.87,6.72
2021-03-31,Peru,Moquegua,36.95,66,0,0.0,21770,488,2.24,12188.43,273.22,12.19,178612,247.45,-2.8,890.15,-7.28
2021-03-30,Peru,Moquegua,26.31,47,1,0.56,21704,488,2.25,12151.48,273.22,12.15,178612,250.25,-1.12,897.43,5.03
2021-03-29,Peru,Moquegua,29.11,52,0,0.0,21657,487,2.25,12125.17,272.66,12.13,178612,251.37,-14.56,892.4,16.23
2021-03-28,Peru,Moquegua,56.55,101,1,0.56,21605,487,2.25,12096.05,272.66,12.1,178612,265.93,40.31,876.17,28.0
2021-03-27,Peru,Moquegua,25.75,46,2,1.12,21504,486,2.26,12039.5,272.1,12.04,178612,225.62,-6.72,848.17,-39.2
2021-03-26,Peru,Moquegua,68.86,123,1,0.56,21458,484,2.26,12013.75,270.98,12.01,178612,232.34,33.03,887.37,37.51
2021-03-25,Peru,Moquegua,3.92,7,1,0.56,21335,483,2.26,11944.89,270.42,11.94,178612,199.31,-20.71,849.86,-36.95
2021-03-24,Peru,Moquegua,39.75,71,0,0.0,21328,482,2.26,11940.97,269.86,11.94,178612,220.02,3.36,886.81,-2.24
2021-03-23,Peru,Moquegua,27.43,49,0,0.0,21257,482,2.27,11901.22,269.86,11.9,178612,216.66,-1.68,889.05,-11.76
2021-03-22,Peru,Moquegua,43.67,78,0,0.0,21208,482,2.27,11873.78,269.86,11.87,178612,218.34,10.08,900.81,26.31
2021-03-21,Peru,Moquegua,16.24,29,1,0.56,21130,482,2.28,11830.11,269.86,11.83,178612,208.26,9.52,874.5,-26.87
2021-03-20,Peru,Moquegua,32.47,58,1,0.56,21101,481,2.28,11813.88,269.3,11.81,178612,198.74,16.23,901.37,-10.08
2021-03-19,Peru,Moquegua,35.83,64,0,0.0,21043,480,2.28,11781.4,268.74,11.78,178612,182.51,8.4,911.45,0.0
2021-03-18,Peru,Moquegua,24.63,44,0,0.0,20979,480,2.29,11745.57,268.74,11.75,178612,174.11,-7.84,911.45,-40.32
2021-03-17,Peru,Moquegua,36.39,65,2,1.12,20935,480,2.29,11720.94,268.74,11.72,178612,181.95,1.68,951.77,3.36
2021-03-16,Peru,Moquegua,29.11,52,4,2.24,20870,478,2.29,11684.55,267.62,11.68,178612,180.27,0.56,948.41,-21.84
2021-03-15,Peru,Moquegua,33.59,60,1,0.56,20818,474,2.28,11655.43,265.38,11.66,178612,179.71,1.12,970.25,3.36
2021-03-14,Peru,Moquegua,6.72,12,0,0.0,20758,473,2.28,11621.84,264.82,11.62,178612,178.59,-22.95,966.89,-83.42
2021-03-13,Peru,Moquegua,16.24,29,0,0.0,20746,473,2.28,11615.12,264.82,11.62,178612,201.54,-30.23,1050.31,2.24
2021-03-12,Peru,Moquegua,27.43,49,3,1.68,20717,473,2.28,11598.88,264.82,11.6,178612,231.77,-8.4,1048.07,-12.88
2021-03-11,Peru,Moquegua,32.47,58,2,1.12,20668,470,2.27,11571.45,263.14,11.57,178612,240.17,-0.56,1060.95,-25.76
2021-03-10,Peru,Moquegua,34.71,62,1,0.56,20610,468,2.27,11538.98,262.02,11.54,178612,240.73,-9.52,1086.71,3.92
2021-03-09,Peru,Moquegua,28.55,51,3,1.68,20548,467,2.27,11504.27,261.46,11.5,178612,250.25,7.27,1082.79,-2.24
2021-03-08,Peru,Moquegua,32.47,58,0,0.0,20497,464,2.26,11475.71,259.78,11.48,178612,242.98,19.59,1085.03,-22.4
2021-03-07,Peru,Moquegua,29.67,53,0,0.0,20439,464,2.27,11443.24,259.78,11.44,178612,223.39,1.12,1107.43,13.99
2021-03-06,Peru,Moquegua,46.47,83,3,1.68,20386,464,2.28,11413.57,259.78,11.41,178612,222.27,-18.48,1093.44,28.55
2021-03-05,Peru,Moquegua,35.83,64,1,0.56,20303,461,2.27,11367.1,258.1,11.37,178612,240.75,4.48,1064.89,-19.6
2021-03-04,Peru,Moquegua,33.03,59,3,1.68,20239,460,2.27,11331.27,257.54,11.33,178612,236.27,-7.84,1084.49,-1.68
2021-03-03,Peru,Moquegua,44.23,79,0,0.0,20180,457,2.26,11298.23,255.86,11.3,178612,244.11,2.24,1086.17,-30.23
2021-03-02,Peru,Moquegua,21.28,38,0,0.0,20101,457,2.27,11254.0,255.86,11.25,178612,241.87,-17.91,1116.4,-54.3
2021-03-01,Peru,Moquegua,12.88,23,3,1.68,20063,457,2.28,11232.73,255.86,11.23,178612,259.78,-4.48,1170.7,4.48
2021-02-28,Peru,Moquegua,28.55,51,1,0.56,20040,454,2.27,11219.85,254.18,11.22,178612,264.26,-14.56,1166.22,-7.84
2021-02-27,Peru,Moquegua,64.95,116,2,1.12,19989,453,2.27,11191.3,253.62,11.19,178612,278.82,22.4,1174.06,22.96
2021-02-26,Peru,Moquegua,31.35,56,0,0.0,19873,451,2.27,11126.35,252.5,11.13,178612,256.42,-4.48,1151.1,-43.11
2021-02-25,Peru,Moquegua,40.87,73,1,0.56,19817,451,2.28,11095.0,252.5,11.09,178612,260.9,-24.08,1194.21,-0.56
2021-02-24,Peru,Moquegua,41.99,75,2,1.12,19744,450,2.28,11054.13,251.94,11.05,178612,284.98,8.96,1194.77,-6.72
2021-02-23,Peru,Moquegua,39.19,70,1,0.56,19669,448,2.28,11012.14,250.82,11.01,178612,276.02,-11.76,1201.49,6.16
2021-02-22,Peru,Moquegua,17.36,31,0,0.0,19599,447,2.28,10972.95,250.26,10.97,178612,287.78,-12.87,1195.33,-5.03
2021-02-21,Peru,Moquegua,43.11,77,0,0.0,19568,447,2.28,10955.59,250.26,10.96,178612,300.65,-47.03,1200.36,6.16
2021-02-20,Peru,Moquegua,42.55,76,1,0.56,19491,447,2.29,10912.48,250.26,10.91,178612,347.68,28.55,1194.2,8.96
2021-02-19,Peru,Moquegua,35.83,64,1,0.56,19415,446,2.3,10869.93,249.7,10.87,178612,319.13,-4.48,1185.24,1.12
2021-02-18,Peru,Moquegua,64.95,116,1,0.56,19351,445,2.3,10834.1,249.14,10.83,178612,323.61,6.72,1184.12,12.32
2021-02-17,Peru,Moquegua,33.03,59,1,0.56,19235,444,2.31,10769.15,248.58,10.77,178612,316.89,2.24,1171.8,5.6
2021-02-16,Peru,Moquegua,50.95,91,1,0.56,19176,443,2.31,10736.12,248.02,10.74,178612,314.65,20.16,1166.2,-7.84
2021-02-15,Peru,Moquegua,30.23,54,1,0.56,19085,442,2.32,10685.17,247.46,10.69,178612,294.49,-24.64,1174.04,2.8
2021-02-14,Peru,Moquegua,90.14,161,1,0.56,19031,441,2.32,10654.94,246.9,10.65,178612,319.13,74.46,1171.24,59.91
2021-02-13,Peru,Moquegua,14.0,25,0,0.0,18870,440,2.33,10564.8,246.34,10.56,178612,244.67,-3.92,1111.33,-30.79
2021-02-12,Peru,Moquegua,40.31,72,4,2.24,18845,440,2.33,10550.8,246.34,10.55,178612,248.59,-15.12,1142.12,-48.71
2021-02-11,Peru,Moquegua,58.23,104,2,1.12,18773,436,2.32,10510.49,244.1,10.51,178612,263.71,23.52,1190.83,3.36
2021-02-10,Peru,Moquegua,30.79,55,2,1.12,18669,434,2.32,10452.27,242.98,10.45,178612,240.19,-43.67,1187.47,-3.36
2021-02-09,Peru,Moquegua,30.79,55,2,1.12,18614,432,2.32,10421.47,241.87,10.42,178612,283.86,-44.79,1190.83,4.48
2021-02-08,Peru,Moquegua,54.87,98,0,0.0,18559,430,2.32,10390.68,240.75,10.39,178612,328.65,46.47,1186.35,41.99
2021-02-07,Peru,Moquegua,15.68,28,1,0.56,18461,430,2.33,10335.81,240.75,10.34,178612,282.18,-20.71,1144.36,-4.48
2021-02-06,Peru,Moquegua,17.92,32,2,1.12,18433,429,2.33,10320.14,240.19,10.32,178612,302.89,-24.07,1148.84,-7.83
2021-02-05,Peru,Moquegua,55.43,99,6,3.36,18401,427,2.32,10302.22,239.07,10.3,178612,326.96,-19.03,1156.67,14.0
2021-02-04,Peru,Moquegua,34.71,62,4,2.24,18302,421,2.3,10246.79,235.71,10.25,178612,345.99,-6.72,1142.67,16.79
2021-02-03,Peru,Moquegua,74.46,133,1,0.56,18240,417,2.29,10212.08,233.47,10.21,178612,352.71,25.75,1125.88,45.35
2021-02-02,Peru,Moquegua,75.58,135,4,2.24,18107,416,2.3,10137.62,232.91,10.14,178612,326.96,42.55,1080.53,71.1
2021-02-01,Peru,Moquegua,8.4,15,2,1.12,17972,412,2.29,10062.03,230.67,10.06,178612,284.41,-13.99,1009.43,-0.56
2021-01-31,Peru,Moquegua,36.39,65,5,2.8,17957,410,2.28,10053.64,229.55,10.05,178612,298.4,-0.56,1009.99,28.55
2021-01-30,Peru,Moquegua,41.99,75,3,1.68,17892,405,2.26,10017.24,226.75,10.02,178612,298.96,8.4,981.44,38.63
2021-01-29,Peru,Moquegua,74.46,133,6,3.36,17817,402,2.26,9975.25,225.07,9.98,178612,290.56,39.75,942.81,58.22
2021-01-28,Peru,Moquegua,41.43,74,7,3.92,17684,396,2.24,9900.79,221.71,9.9,178612,250.81,-11.2,884.59,27.99
2021-01-27,Peru,Moquegua,48.71,87,8,4.48,17610,389,2.21,9859.36,217.79,9.86,178612,262.01,21.28,856.6,6.16
2021-01-26,Peru,Moquegua,33.03,59,4,2.24,17523,381,2.17,9810.65,213.31,9.81,178612,240.73,-25.76,850.44,21.27
2021-01-25,Peru,Moquegua,22.39,40,6,3.36,17464,377,2.16,9777.62,211.07,9.78,178612,266.49,-5.04,829.17,8.95
2021-01-24,Peru,Moquegua,36.95,66,2,1.12,17424,371,2.13,9755.22,207.71,9.76,178612,271.53,6.72,820.22,31.35
2021-01-23,Peru,Moquegua,33.59,60,7,3.92,17358,369,2.13,9718.27,206.59,9.72,178612,264.81,-11.2,788.87,28.55
2021-01-22,Peru,Moquegua,34.71,62,5,2.8,17298,362,2.09,9684.68,202.67,9.68,178612,276.01,-54.31,760.32,15.67
2021-01-21,Peru,Moquegua,52.63,94,2,1.12,17236,357,2.07,9649.97,199.87,9.65,178612,330.32,-2.24,744.65,36.39
2021-01-20,Peru,Moquegua,27.43,49,3,1.68,17142,355,2.07,9597.34,198.75,9.6,178612,332.56,-6.72,708.26,13.43
2021-01-19,Peru,Moquegua,58.79,105,1,0.56,17093,352,2.06,9569.91,197.08,9.57,178612,339.28,32.48,694.83,50.39
2021-01-18,Peru,Moquegua,27.43,49,3,1.68,16988,351,2.07,9511.12,196.52,9.51,178612,306.8,14.55,644.44,18.47
2021-01-17,Peru,Moquegua,30.23,54,1,0.56,16939,348,2.05,9483.69,194.84,9.48,178612,292.25,10.07,625.97,18.47
2021-01-16,Peru,Moquegua,44.79,80,1,0.56,16885,347,2.06,9453.45,194.28,9.45,178612,282.18,19.04,607.5,26.31
2021-01-15,Peru,Moquegua,89.02,159,4,2.24,16805,346,2.06,9408.66,193.72,9.41,178612,263.14,47.59,581.19,82.3
2021-01-14,Peru,Moquegua,54.87,98,2,1.12,16646,342,2.05,9319.64,191.48,9.32,178612,215.55,36.95,498.89,36.39
2021-01-13,Peru,Moquegua,34.15,61,3,1.68,16548,340,2.05,9264.78,190.36,9.26,178612,178.6,5.04,462.5,17.35
2021-01-12,Peru,Moquegua,26.31,47,1,0.56,16487,337,2.04,9230.62,188.68,9.23,178612,173.56,21.83,445.15,9.51
2021-01-11,Peru,Moquegua,12.88,23,3,1.68,16440,336,2.04,9204.31,188.12,9.2,178612,151.73,3.92,435.64,-3.36
2021-01-10,Peru,Moquegua,20.16,36,3,1.68,16417,333,2.03,9191.43,186.44,9.19,178612,147.81,12.32,439.0,11.76
2021-01-09,Peru,Moquegua,25.75,46,3,1.68,16381,330,2.01,9171.28,184.76,9.17,178612,135.49,22.39,427.24,10.07
2021-01-08,Peru,Moquegua,41.43,74,6,3.36,16335,327,2.0,9145.52,183.08,9.15,178612,113.1,25.19,417.17,26.31
2021-01-07,Peru,Moquegua,17.92,32,4,2.24,16261,321,1.97,9104.09,179.72,9.1,178612,87.91,4.48,390.86,-10.63
2021-01-06,Peru,Moquegua,29.11,52,1,0.56,16229,317,1.95,9086.18,177.48,9.09,178612,83.43,-13.44,401.49,26.31
2021-01-05,Peru,Moquegua,4.48,8,4,2.24,16177,316,1.95,9057.06,176.92,9.06,178612,96.87,-7.28,375.18,-12.88
2021-01-04,Peru,Moquegua,8.96,16,0,0.0,16169,312,1.93,9052.58,174.68,9.05,178612,104.15,-4.48,388.06,0.56
2021-01-03,Peru,Moquegua,7.84,14,0,0.0,16153,312,1.93,9043.63,174.68,9.04,178612,108.63,2.24,387.5,-5.04
2021-01-02,Peru,Moquegua,3.36,6,2,1.12,16139,312,1.93,9035.79,174.68,9.04,178612,106.39,-1.68,392.54,-13.44
2021-01-01,Peru,Moquegua,16.24,29,1,0.56,16133,310,1.92,9032.43,173.56,9.03,178612,108.07,-2.8,405.98,-1.12
2020-12-31,Peru,Moquegua,13.44,24,1,0.56,16104,309,1.92,9016.19,173.0,9.02,178612,110.87,-2.8,407.1,3.92
2020-12-30,Peru,Moquegua,42.55,76,0,0.0,16080,308,1.92,9002.75,172.44,9.0,178612,113.67,28.55,403.18,10.64
2020-12-29,Peru,Moquegua,11.76,21,0,0.0,16004,308,1.92,8960.2,172.44,8.96,178612,85.12,3.36,392.54,3.92
2020-12-28,Peru,Moquegua,13.44,24,0,0.0,15983,308,1.93,8948.45,172.44,8.95,178612,81.76,4.48,388.62,5.6
2020-12-27,Peru,Moquegua,5.6,10,3,1.68,15959,308,1.93,8935.01,172.44,8.94,178612,77.28,-6.16,383.02,-10.64
2020-12-26,Peru,Moquegua,5.04,9,1,0.56,15949,305,1.91,8929.41,170.76,8.93,178612,83.44,-13.44,393.66,-7.84
2020-12-25,Peru,Moquegua,19.04,34,1,0.56,15940,304,1.91,8924.37,170.2,8.92,178612,96.88,12.32,401.5,3.92
2020-12-24,Peru,Moquegua,16.24,29,0,0.0,15906,303,1.9,8905.34,169.64,8.91,178612,84.56,-2.24,397.58,-10.63
2020-12-23,Peru,Moquegua,14.0,25,2,1.12,15877,303,1.91,8889.1,169.64,8.89,178612,86.8,-2.8,408.21,-11.19
2020-12-22,Peru,Moquegua,8.4,15,1,0.56,15852,301,1.9,8875.1,168.52,8.88,178612,89.6,-8.4,419.4,-6.72
2020-12-21,Peru,Moquegua,8.96,16,2,1.12,15837,300,1.89,8866.71,167.96,8.87,178612,98.0,-7.28,426.12,5.6
2020-12-20,Peru,Moquegua,11.76,21,0,0.0,15821,298,1.88,8857.75,166.84,8.86,178612,105.28,3.36,420.52,-2.24
2020-12-19,Peru,Moquegua,18.48,33,1,0.56,15800,298,1.89,8845.99,166.84,8.85,178612,101.92,2.8,422.76,5.6
2020-12-18,Peru,Moquegua,6.72,12,1,0.56,15767,297,1.88,8827.51,166.28,8.83,178612,99.12,-8.4,417.16,-7.28
2020-12-17,Peru,Moquegua,18.48,33,0,0.0,15755,296,1.88,8820.8,165.72,8.82,178612,107.52,-10.07,424.44,-2.24
2020-12-16,Peru,Moquegua,16.8,30,0,0.0,15722,296,1.88,8802.32,165.72,8.8,178612,117.59,14.0,426.68,-6.71
2020-12-15,Peru,Moquegua,16.8,30,0,0.0,15692,296,1.89,8785.52,165.72,8.79,178612,103.59,-0.56,433.39,-4.48
2020-12-14,Peru,Moquegua,16.24,29,3,1.68,15662,296,1.89,8768.73,165.72,8.77,178612,104.15,7.84,437.87,9.52
2020-12-13,Peru,Moquegua,8.4,15,0,0.0,15633,293,1.87,8752.49,164.04,8.75,178612,96.31,-4.48,428.35,-17.35
2020-12-12,Peru,Moquegua,15.68,28,1,0.56,15618,293,1.88,8744.09,164.04,8.74,178612,100.79,-1.12,445.7,-9.51
2020-12-11,Peru,Moquegua,15.12,27,0,0.0,15590,292,1.87,8728.42,163.48,8.73,178612,101.91,-2.24,455.21,-3.36
2020-12-10,Peru,Moquegua,28.55,51,0,0.0,15563,292,1.88,8713.3,163.48,8.71,178612,104.15,19.03,458.57,10.07
2020-12-09,Peru,Moquegua,2.8,5,0,0.0,15512,292,1.88,8684.75,163.48,8.68,178612,85.12,-29.11,448.5,-17.92
2020-12-08,Peru,Moquegua,17.36,31,1,0.56,15507,292,1.88,8681.95,163.48,8.68,178612,114.23,9.52,466.42,6.16
2020-12-07,Peru,Moquegua,8.4,15,2,1.12,15476,291,1.88,8664.59,162.92,8.66,178612,104.71,0.56,460.26,0.56
2020-12-06,Peru,Moquegua,12.88,23,0,0.0,15461,289,1.87,8656.19,161.8,8.66,178612,104.15,-3.36,459.7,-8.96
2020-12-05,Peru,Moquegua,16.8,30,0,0.0,15438,289,1.87,8643.32,161.8,8.64,178612,107.51,3.92,468.66,-3.36
2020-12-04,Peru,Moquegua,17.36,31,1,0.56,15408,289,1.88,8626.52,161.8,8.63,178612,103.59,2.24,472.02,-8.95
2020-12-03,Peru,Moquegua,9.52,17,0,0.0,15377,288,1.87,8609.16,161.24,8.61,178612,101.35,-17.35,480.97,-10.08
2020-12-02,Peru,Moquegua,31.91,57,0,0.0,15360,288,1.88,8599.65,161.24,8.6,178612,118.7,6.72,491.05,-1.12
2020-12-01,Peru,Moquegua,7.84,14,0,0.0,15303,288,1.88,8567.73,161.24,8.57,178612,111.98,-7.28,492.17,-9.52
2020-11-30,Peru,Moquegua,7.84,14,0,0.0,15289,288,1.88,8559.9,161.24,8.56,178612,119.26,4.48,501.69,-1.68
2020-11-29,Peru,Moquegua,16.24,29,0,0.0,15275,288,1.89,8552.06,161.24,8.55,178612,114.78,2.24,503.37,-5.04
2020-11-28,Peru,Moquegua,12.88,23,0,0.0,15246,288,1.89,8535.82,161.24,8.54,178612,112.54,0.0,508.41,-10.07
2020-11-27,Peru,Moquegua,15.12,27,1,0.56,15223,288,1.89,8522.94,161.24,8.52,178612,112.54,1.12,518.48,-1.12
2020-11-26,Peru,Moquegua,26.87,48,1,0.56,15196,287,1.89,8507.83,160.68,8.51,178612,111.42,6.15,519.6,1.12
2020-11-25,Peru,Moquegua,25.19,45,0,0.0,15148,286,1.89,8480.95,160.12,8.48,178612,105.27,1.68,518.48,-6.16
2020-11-24,Peru,Moquegua,15.12,27,0,0.0,15103,286,1.89,8455.76,160.12,8.46,178612,103.59,-6.16,524.64,-3.92
2020-11-23,Peru,Moquegua,3.36,6,0,0.0,15076,286,1.9,8440.64,160.12,8.44,178612,109.75,-3.36,528.56,-9.52
2020-11-22,Peru,Moquegua,14.0,25,1,0.56,15070,286,1.9,8437.28,160.12,8.44,178612,113.11,-11.75,538.08,-4.48
2020-11-21,Peru,Moquegua,12.88,23,0,0.0,15045,285,1.89,8423.29,159.56,8.42,178612,124.86,-12.31,542.56,-11.75
2020-11-20,Peru,Moquegua,14.0,25,0,0.0,15022,285,1.9,8410.41,159.56,8.41,178612,137.17,-4.48,554.31,-5.6
2020-11-19,Peru,Moquegua,20.72,37,0,0.0,14997,285,1.9,8396.41,159.56,8.4,178612,141.65,2.24,559.91,2.24
2020-11-18,Peru,Moquegua,23.51,42,0,0.0,14960,285,1.91,8375.7,159.56,8.38,178612,139.41,2.79,557.67,-8.4
2020-11-17,Peru,Moquegua,21.28,38,0,0.0,14918,285,1.91,8352.18,159.56,8.35,178612,136.62,10.08,566.07,0.56
2020-11-16,Peru,Moquegua,6.72,12,0,0.0,14880,285,1.92,8330.91,159.56,8.33,178612,126.54,-1.12,565.51,-1.12
2020-11-15,Peru,Moquegua,25.75,46,0,0.0,14868,285,1.92,8324.19,159.56,8.32,178612,127.66,3.91,566.63,16.23
2020-11-14,Peru,Moquegua,25.19,45,1,0.56,14822,285,1.92,8298.43,159.56,8.3,178612,123.75,5.03,550.4,0.56
2020-11-13,Peru,Moquegua,18.48,33,0,0.0,14777,284,1.92,8273.24,159.0,8.27,178612,118.72,-7.83,549.84,1.12
2020-11-12,Peru,Moquegua,18.48,33,0,0.0,14744,284,1.93,8254.76,159.0,8.25,178612,126.55,-1.12,548.72,-2.24
2020-11-11,Peru,Moquegua,20.72,37,0,0.0,14711,284,1.93,8236.29,159.0,8.24,178612,127.67,-12.31,550.96,5.6
2020-11-10,Peru,Moquegua,11.2,20,1,0.56,14674,284,1.94,8215.57,159.0,8.22,178612,139.98,-6.16,545.36,-5.04
2020-11-09,Peru,Moquegua,7.84,14,1,0.56,14654,283,1.93,8204.38,158.44,8.2,178612,146.14,-1.68,550.4,0.56
2020-11-08,Peru,Moquegua,21.84,39,0,0.0,14640,282,1.93,8196.54,157.88,8.2,178612,147.82,0.56,549.84,6.72
2020-11-07,Peru,Moquegua,20.16,36,0,0.0,14601,282,1.93,8174.7,157.88,8.17,178612,147.26,-2.79,543.12,3.36
2020-11-06,Peru,Moquegua,26.31,47,1,0.56,14565,282,1.94,8154.55,157.88,8.15,178612,150.05,10.07,539.76,-21.28
2020-11-05,Peru,Moquegua,19.6,35,1,0.56,14518,281,1.94,8128.23,157.32,8.13,178612,139.98,-6.15,561.04,-3.91
2020-11-04,Peru,Moquegua,33.03,59,0,0.0,14483,280,1.93,8108.64,156.76,8.11,178612,146.13,1.68,564.95,13.99
2020-11-03,Peru,Moquegua,17.36,31,0,0.0,14424,280,1.94,8075.61,156.76,8.08,178612,144.45,-1.68,550.96,7.28
2020-11-02,Peru,Moquegua,9.52,17,0,0.0,14393,280,1.95,8058.25,156.76,8.06,178612,146.13,-3.36,543.68,4.48
2020-11-01,Peru,Moquegua,21.28,38,1,0.56,14376,280,1.95,8048.73,156.76,8.05,178612,149.49,2.8,539.2,-4.47
2020-10-31,Peru,Moquegua,22.95,41,0,0.0,14338,279,1.95,8027.46,156.2,8.03,178612,146.69,-1.68,543.67,22.95
2020-10-30,Peru,Moquegua,16.24,29,1,0.56,14297,279,1.95,8004.5,156.2,8.0,178612,148.37,-3.36,520.72,-13.43
2020-10-29,Peru,Moquegua,25.75,46,0,0.0,14268,278,1.95,7988.27,155.64,7.99,178612,151.73,7.27,534.15,5.03
2020-10-28,Peru,Moquegua,31.35,56,0,0.0,14222,278,1.95,7962.51,155.64,7.96,178612,144.46,-0.56,529.12,17.35
2020-10-27,Peru,Moquegua,19.04,34,0,0.0,14166,278,1.96,7931.16,155.64,7.93,178612,145.02,-1.68,511.77,-4.47
2020-10-26,Peru,Moquegua,12.88,23,1,0.56,14132,278,1.97,7912.12,155.64,7.91,178612,146.7,5.04,516.24,-6.16
2020-10-25,Peru,Moquegua,18.48,33,0,0.0,14109,277,1.96,7899.25,155.08,7.9,178612,141.66,8.96,522.4,-19.59
2020-10-24,Peru,Moquegua,24.63,44,1,0.56,14076,277,1.97,7880.77,155.08,7.88,178612,132.7,0.0,541.99,-15.12
2020-10-23,Peru,Moquegua,19.6,35,1,0.56,14032,276,1.97,7856.14,154.52,7.86,178612,132.7,2.24,557.11,-16.79
2020-10-22,Peru,Moquegua,18.48,33,0,0.0,13997,275,1.96,7836.54,153.97,7.84,178612,130.46,-2.24,573.9,-161.24
2020-10-21,Peru,Moquegua,31.91,57,0,0.0,13964,275,1.97,7818.06,153.97,7.82,178612,132.7,16.79,735.14,-78.94
2020-10-20,Peru,Moquegua,20.72,37,0,0.0,13907,275,1.98,7786.15,153.97,7.79,178612,115.91,4.48,814.08,-155.64
2020-10-19,Peru,Moquegua,7.84,14,0,0.0,13870,275,1.98,7765.44,153.97,7.77,178612,111.43,0.56,969.72,7.84
2020-10-18,Peru,Moquegua,9.52,17,0,0.0,13856,275,1.98,7757.6,153.97,7.76,178612,110.87,-5.6,961.88,-134.37
2020-10-17,Peru,Moquegua,24.63,44,0,0.0,13839,275,1.99,7748.08,153.97,7.75,178612,116.47,7.83,1096.25,-75.03
2020-10-16,Peru,Moquegua,17.36,31,0,0.0,13795,275,1.99,7723.45,153.97,7.72,178612,108.64,-30.23,1171.28,-79.5
2020-10-15,Peru,Moquegua,20.72,37,0,0.0,13764,275,2.0,7706.09,153.97,7.71,178612,138.87,-2.79,1250.78,-115.33
2020-10-14,Peru,Moquegua,15.12,27,0,0.0,13727,275,2.0,7685.37,153.97,7.69,178612,141.66,-3.92,1366.11,-98.53
2020-10-13,Peru,Moquegua,16.24,29,0,0.0,13700,275,2.01,7670.26,153.97,7.67,178612,145.58,6.16,1464.64,-81.74
2020-10-12,Peru,Moquegua,7.28,13,0,0.0,13671,275,2.01,7654.02,153.97,7.65,178612,139.42,2.24,1546.38,-64.94
2020-10-11,Peru,Moquegua,15.12,27,1,0.56,13658,275,2.01,7646.74,153.97,7.65,178612,137.18,-10.63,1611.32,-72.22
2020-10-10,Peru,Moquegua,16.8,30,0,0.0,13631,274,2.01,7631.63,153.41,7.63,178612,147.81,16.8,1683.54,-167.96
2020-10-09,Peru,Moquegua,47.59,85,1,0.56,13601,274,2.01,7614.83,153.41,7.61,178612,131.01,17.92,1851.5,-73.9
2020-10-08,Peru,Moquegua,23.51,42,3,1.68,13516,273,2.02,7567.24,152.85,7.57,178612,113.09,2.79,1925.4,-44.79
2020-10-07,Peru,Moquegua,19.04,34,1,0.56,13474,270,2.0,7543.73,151.17,7.54,178612,110.3,5.04,1970.19,-57.66
2020-10-06,Peru,Moquegua,10.08,18,1,0.56,13440,269,2.0,7524.69,150.61,7.52,178612,105.26,-13.43,2027.85,-12.87
2020-10-05,Peru,Moquegua,5.04,9,1,0.56,13422,268,2.0,7514.61,150.05,7.51,178612,118.69,-14.0,2040.72,0.56
2020-10-04,Peru,Moquegua,25.75,46,1,0.56,13413,267,1.99,7509.57,149.49,7.51,178612,132.69,-12.32,2040.16,-34.72
2020-10-03,Peru,Moquegua,0.0,0,0,0.0,13367,266,1.99,7483.82,148.93,7.48,178612,145.01,-39.75,2074.88,-86.22
2020-10-02,Peru,Moquegua,29.67,53,1,0.56,13367,266,1.99,7483.82,148.93,7.48,178612,184.76,-6.72,2161.1,-57.67
2020-10-01,Peru,Moquegua,20.72,37,2,1.12,13314,265,1.99,7454.15,148.37,7.45,178612,191.48,-159.0,2218.77,-125.97
2020-09-30,Peru,Moquegua,14.0,25,0,0.0,13277,263,1.98,7433.43,147.25,7.43,178612,350.48,-96.85,2344.74,14.0
2020-09-29,Peru,Moquegua,23.51,42,0,0.0,13252,263,1.98,7419.43,147.25,7.42,178612,447.33,-152.85,2330.74,-21.84
2020-09-28,Peru,Moquegua,19.04,34,0,0.0,13210,263,1.99,7395.92,147.25,7.4,178612,600.18,19.04,2352.58,-7.83
2020-09-27,Peru,Moquegua,38.07,68,1,0.56,13176,263,2.0,7376.88,147.25,7.38,178612,581.14,-105.82,2360.41,-30.23
2020-09-26,Peru,Moquegua,39.75,71,1,0.56,13108,262,2.0,7338.81,146.69,7.34,178612,686.96,-59.91,2390.64,-80.06
2020-09-25,Peru,Moquegua,36.39,65,0,0.0,13037,261,2.0,7299.06,146.13,7.3,178612,746.87,-60.47,2470.7,-71.11
2020-09-24,Peru,Moquegua,179.72,321,2,1.12,12972,261,2.01,7262.67,146.13,7.26,178612,807.34,43.67,2541.81,71.66
2020-09-23,Peru,Moquegua,110.85,198,1,0.56,12651,259,2.05,7082.95,145.01,7.08,178612,763.67,-2.8,2470.15,31.91
2020-09-22,Peru,Moquegua,176.36,315,3,1.68,12453,258,2.07,6972.1,144.45,6.97,178612,766.47,78.38,2438.24,65.51
2020-09-21,Peru,Moquegua,0.0,0,0,0.0,12138,255,2.1,6795.74,142.77,6.8,178612,688.09,-72.22,2372.73,-72.22
2020-09-20,Peru,Moquegua,143.89,257,0,0.0,12138,255,2.1,6795.74,142.77,6.8,178612,760.31,56.55,2444.95,90.7
2020-09-19,Peru,Moquegua,99.66,178,2,1.12,11881,255,2.15,6651.85,142.77,6.65,178612,703.76,-85.1,2354.25,-47.03
2020-09-18,Peru,Moquegua,96.86,173,1,0.56,11703,253,2.16,6552.19,141.65,6.55,178612,788.86,-24.63,2401.28,-87.9
2020-09-17,Peru,Moquegua,136.05,243,0,0.0,11530,252,2.19,6455.33,141.09,6.46,178612,813.49,67.75,2489.18,21.84
2020-09-16,Peru,Moquegua,113.65,203,3,1.68,11287,252,2.23,6319.28,141.09,6.32,178612,745.74,36.95,2467.34,-5.04
2020-09-15,Peru,Moquegua,97.98,175,2,1.12,11084,249,2.25,6205.63,139.41,6.21,178612,708.79,75.03,2472.38,-13.99
2020-09-14,Peru,Moquegua,72.22,129,1,0.56,10909,247,2.26,6107.65,138.29,6.11,178612,633.76,67.74,2486.37,-33.04
2020-09-13,Peru,Moquegua,87.34,156,3,1.68,10780,246,2.28,6035.43,137.73,6.04,178612,566.02,26.87,2519.41,-108.06
2020-09-12,Peru,Moquegua,184.76,330,0,0.0,10624,243,2.29,5948.09,136.05,5.95,178612,539.15,98.54,2627.47,-33.03
2020-09-11,Peru,Moquegua,121.49,217,2,1.12,10294,243,2.36,5763.33,136.05,5.76,178612,440.61,34.15,2660.5,-40.31
2020-09-10,Peru,Moquegua,68.3,122,0,0.0,10077,241,2.39,5641.84,134.93,5.64,178612,406.46,-78.39,2700.81,-27.44
2020-09-09,Peru,Moquegua,76.7,137,0,0.0,9955,241,2.42,5573.53,134.93,5.57,178612,484.85,76.7,2728.25,-28.56
2020-09-08,Peru,Moquegua,22.95,41,0,0.0,9818,241,2.45,5496.83,134.93,5.5,178612,408.15,-22.4,2756.81,-60.47
2020-09-07,Peru,Moquegua,4.48,8,3,1.68,9777,241,2.46,5473.88,134.93,5.47,178612,430.55,-22.39,2817.28,-56.55
2020-09-06,Peru,Moquegua,60.47,108,1,0.56,9769,238,2.44,5469.4,133.25,5.47,178612,452.94,-7.83,2873.83,-54.86
2020-09-05,Peru,Moquegua,86.22,154,2,1.12,9661,237,2.45,5408.93,132.69,5.41,178612,460.77,-33.59,2928.69,-17.92
2020-09-04,Peru,Moquegua,87.34,156,2,1.12,9507,235,2.47,5322.71,131.57,5.32,178612,494.36,-20.16,2946.61,-99.66
2020-09-03,Peru,Moquegua,146.69,262,4,2.24,9351,233,2.49,5235.37,130.45,5.24,178612,514.52,38.63,3046.27,12.32
2020-09-02,Peru,Moquegua,0.0,0,0,0.0,9089,229,2.52,5088.68,128.21,5.09,178612,475.89,-78.94,3033.95,-117.01
2020-09-01,Peru,Moquegua,45.35,81,0,0.0,9089,229,2.52,5088.68,128.21,5.09,178612,554.83,-65.5,3150.96,-47.03
2020-08-31,Peru,Moquegua,26.87,48,2,1.12,9008,229,2.54,5043.33,128.21,5.04,178612,620.33,-45.35,3197.99,-8.4
2020-08-30,Peru,Moquegua,68.3,122,2,1.12,8960,227,2.53,5016.46,127.09,5.02,178612,665.68,15.11,3206.39,12.87
2020-08-29,Peru,Moquegua,119.81,214,2,1.12,8838,225,2.55,4948.16,125.97,4.95,178612,650.57,-26.88,3193.52,-50.95
2020-08-28,Peru,Moquegua,107.5,192,2,1.12,8624,223,2.59,4828.34,124.85,4.83,178612,677.45,-77.26,3244.47,107.5
2020-08-27,Peru,Moquegua,108.06,193,1,0.56,8432,221,2.62,4720.85,123.73,4.72,178612,754.71,-6.15,3136.97,64.95
2020-08-26,Peru,Moquegua,78.94,141,6,3.36,8239,220,2.67,4612.79,123.17,4.61,178612,760.86,-39.75,3072.02,8.96
2020-08-25,Peru,Moquegua,110.85,198,2,1.12,8098,214,2.64,4533.85,119.81,4.53,178612,800.61,-1.12,3063.06,49.26
2020-08-24,Peru,Moquegua,72.22,129,4,2.24,7900,212,2.68,4423.0,118.69,4.42,178612,801.73,-33.04,3013.8,-56.55
2020-08-23,Peru,Moquegua,53.19,95,8,4.48,7771,208,2.68,4350.77,116.45,4.35,178612,834.77,-142.21,3070.35,53.19
2020-08-22,Peru,Moquegua,146.69,262,3,1.68,7676,200,2.61,4297.58,111.97,4.3,178612,976.98,-71.1,3017.16,146.69
2020-08-21,Peru,Moquegua,184.76,330,1,0.56,7414,197,2.66,4150.9,110.29,4.15,178612,1048.08,22.96,2870.47,136.05
2020-08-20,Peru,Moquegua,114.21,204,3,1.68,7084,196,2.77,3966.14,109.74,3.97,178612,1025.12,18.47,2734.42,56.54
2020-08-19,Peru,Moquegua,118.69,212,2,1.12,6880,193,2.81,3851.92,108.06,3.85,178612,1006.65,13.43,2677.88,61.58
2020-08-18,Peru,Moquegua,111.97,200,5,2.8,6668,191,2.86,3733.23,106.94,3.73,178612,993.22,28.55,2616.3,73.34
2020-08-17,Peru,Moquegua,105.26,188,2,1.12,6468,186,2.88,3621.26,104.14,3.62,178612,964.67,44.23,2542.96,-38.07
2020-08-16,Peru,Moquegua,195.4,349,5,2.8,6280,184,2.93,3516.0,103.02,3.52,178612,920.44,80.07,2581.03,171.89
2020-08-15,Peru,Moquegua,217.79,389,3,1.68,5931,179,3.02,3320.61,100.22,3.32,178612,840.37,113.65,2409.14,169.08
2020-08-14,Peru,Moquegua,161.8,289,3,1.68,5542,176,3.18,3102.82,98.54,3.1,178612,726.72,-25.2,2240.06,141.64
2020-08-13,Peru,Moquegua,95.74,171,25,14.0,5253,173,3.29,2941.01,96.86,2.94,178612,751.92,-38.63,2098.42,81.74
2020-08-12,Peru,Moquegua,105.26,188,3,1.68,5082,148,2.91,2845.27,82.86,2.85,178612,790.55,-11.75,2016.68,69.43
2020-08-11,Peru,Moquegua,83.42,149,6,3.36,4894,145,2.96,2740.02,81.18,2.74,178612,802.3,-8.96,1947.25,67.18
2020-08-10,Peru,Moquegua,61.03,109,0,0.0,4745,139,2.93,2656.6,77.82,2.66,178612,811.26,25.76,1880.07,35.28
2020-08-09,Peru,Moquegua,115.33,206,3,1.68,4636,139,3.0,2595.57,77.82,2.6,178612,785.5,59.9,1844.79,95.73
2020-08-08,Peru,Moquegua,104.14,186,8,4.48,4430,136,3.07,2480.24,76.14,2.48,178612,725.6,-66.62,1749.06,75.03
2020-08-07,Peru,Moquegua,187.0,334,2,1.12,4244,128,3.02,2376.1,71.66,2.38,178612,792.22,187.0,1674.03,168.52
2020-08-06,Peru,Moquegua,134.37,240,1,0.56,3910,126,3.22,2189.1,70.54,2.19,178612,605.22,91.26,1505.51,112.53
2020-08-05,Peru,Moquegua,117.01,209,8,4.48,3670,125,3.41,2054.73,69.98,2.05,178612,513.96,47.03,1392.98,110.29
2020-08-04,Peru,Moquegua,92.38,165,4,2.24,3461,117,3.38,1937.72,65.51,1.94,178612,466.93,30.79,1282.69,77.26
2020-08-03,Peru,Moquegua,35.27,63,1,0.56,3296,113,3.43,1845.34,63.27,1.85,178612,436.14,-93.5,1205.43,23.51
2020-08-02,Peru,Moquegua,55.43,99,7,3.92,3233,112,3.46,1810.07,62.71,1.81,178612,529.64,55.43,1181.92,30.8
2020-08-01,Peru,Moquegua,170.76,305,5,2.8,3134,105,3.35,1754.64,58.79,1.75,178612,474.21,170.76,1151.12,138.29
2020-07-31,Peru,Moquegua,0.0,0,0,0.0,2829,100,3.53,1583.88,55.99,1.58,178612,303.45,-48.71,1012.83,-20.72
2020-07-30,Peru,Moquegua,43.11,77,20,11.2,2829,100,3.53,1583.88,55.99,1.58,178612,352.16,-14.56,1033.55,29.11
2020-07-29,Peru,Moquegua,69.98,125,21,11.76,2752,80,2.91,1540.77,44.79,1.54,178612,366.72,12.87,1004.44,64.94
2020-07-28,Peru,Moquegua,61.59,110,2,1.12,2627,59,2.25,1470.79,33.03,1.47,178612,353.85,22.96,939.5,57.67
2020-07-27,Peru,Moquegua,128.77,230,3,1.68,2517,57,2.26,1409.2,31.91,1.41,178612,330.89,-14.56,881.83,120.93
2020-07-26,Peru,Moquegua,0.0,0,0,0.0,2287,54,2.36,1280.43,30.23,1.28,178612,345.45,-23.51,760.9,-7.28
2020-07-25,Peru,Moquegua,0.0,0,0,0.0,2287,54,2.36,1280.43,30.23,1.28,178612,368.96,-48.71,768.18,-4.48
2020-07-24,Peru,Moquegua,48.71,87,2,1.12,2287,54,2.36,1280.43,30.23,1.28,178612,417.67,28.55,772.66,34.15
2020-07-23,Peru,Moquegua,57.67,103,2,1.12,2200,52,2.36,1231.72,29.11,1.23,178612,389.12,43.67,738.51,50.39
2020-07-22,Peru,Moquegua,57.11,102,4,2.24,2097,50,2.38,1174.05,27.99,1.17,178612,345.45,21.28,688.12,54.87
2020-07-21,Peru,Moquegua,38.63,69,6,3.36,1995,46,2.31,1116.95,25.75,1.12,178612,324.17,22.39,633.25,36.95
2020-07-20,Peru,Moquegua,143.33,256,2,1.12,1926,40,2.08,1078.32,22.39,1.08,178612,301.78,117.58,596.3,137.73
2020-07-19,Peru,Moquegua,23.51,42,2,1.12,1670,38,2.28,934.99,21.28,0.93,178612,184.2,3.91,458.57,19.03
2020-07-18,Peru,Moquegua,48.71,87,1,0.56,1628,36,2.21,911.47,20.16,0.91,178612,180.29,19.6,439.54,44.23
2020-07-17,Peru,Moquegua,20.16,36,1,0.56,1541,35,2.27,862.76,19.6,0.86,178612,160.69,1.68,395.31,19.04
2020-07-16,Peru,Moquegua,14.0,25,1,0.56,1505,34,2.26,842.61,19.04,0.84,178612,159.01,-7.84,376.27,11.76
2020-07-15,Peru,Moquegua,35.83,64,3,1.68,1480,33,2.23,828.61,18.48,0.83,178612,166.85,29.11,364.51,1.68
2020-07-14,Peru,Moquegua,16.24,29,4,2.24,1416,30,2.12,792.78,16.8,0.79,178612,137.74,1.12,362.83,4.48
2020-07-13,Peru,Moquegua,25.75,46,1,0.56,1387,26,1.87,776.54,14.56,0.78,178612,136.62,13.99,358.35,25.19
2020-07-12,Peru,Moquegua,19.6,35,2,1.12,1341,25,1.86,750.79,14.0,0.75,178612,122.63,-5.03,333.16,18.48
2020-07-11,Peru,Moquegua,29.11,52,0,0.0,1306,23,1.76,731.19,12.88,0.73,178612,127.66,-3.36,314.68,25.75
2020-07-10,Peru,Moquegua,18.48,33,2,1.12,1254,23,1.83,702.08,12.88,0.7,178612,131.02,-2.24,288.93,12.88
2020-07-09,Peru,Moquegua,21.84,39,1,0.56,1221,21,1.72,683.6,11.76,0.68,178612,133.26,7.84,276.05,19.6
2020-07-08,Peru,Moquegua,6.72,12,1,0.56,1182,20,1.69,661.77,11.2,0.66,178612,125.42,1.68,256.45,1.68
2020-07-07,Peru,Moquegua,15.12,27,2,1.12,1170,19,1.62,655.05,10.64,0.66,178612,123.74,11.2,254.77,13.44
2020-07-06,Peru,Moquegua,11.76,21,1,0.56,1143,17,1.49,639.93,9.52,0.64,178612,112.54,3.92,241.33,-8.4
2020-07-05,Peru,Moquegua,24.63,44,1,0.56,1122,16,1.43,628.18,8.96,0.63,178612,108.62,17.35,249.73,23.51
2020-07-04,Peru,Moquegua,32.47,58,0,0.0,1078,15,1.39,603.54,8.4,0.6,178612,91.27,27.99,226.22,29.11
2020-07-03,Peru,Moquegua,20.72,37,0,0.0,1020,15,1.47,571.07,8.4,0.57,178612,63.28,6.16,197.11,-39.19
2020-07-02,Peru,Moquegua,14.0,25,1,0.56,983,15,1.53,550.35,8.4,0.55,178612,57.12,6.72,236.3,-6.16
2020-07-01,Peru,Moquegua,5.04,9,1,0.56,958,14,1.46,536.36,7.84,0.54,178612,50.4,2.8,242.46,-4.48
2020-06-30,Peru,Moquegua,3.92,7,2,1.12,949,13,1.37,531.32,7.28,0.53,178612,47.6,2.24,246.94,4.48
2020-06-29,Peru,Moquegua,7.84,14,0,0.0,942,11,1.17,527.4,6.16,0.53,178612,45.36,2.24,242.46,11.2
2020-06-28,Peru,Moquegua,7.28,13,1,0.56,928,11,1.19,519.56,6.16,0.52,178612,43.12,2.8,231.26,-14.0
2020-06-27,Peru,Moquegua,4.48,8,0,0.0,915,10,1.09,512.28,5.6,0.51,178612,40.32,0.0,245.26,-3.92
2020-06-26,Peru,Moquegua,14.56,26,0,0.0,907,10,1.1,507.8,5.6,0.51,178612,40.32,13.44,249.18,6.16
2020-06-25,Peru,Moquegua,7.28,13,1,0.56,881,10,1.14,493.25,5.6,0.49,178612,26.88,5.04,243.02,-6.16
2020-06-24,Peru,Moquegua,2.24,4,0,0.0,868,9,1.04,485.97,5.04,0.49,178612,21.84,-31.91,249.18,-9.52
2020-06-23,Peru,Moquegua,1.68,3,0,0.0,864,9,1.04,483.73,5.04,0.48,178612,53.75,-10.08,258.7,-23.51
2020-06-22,Peru,Moquegua,5.6,10,0,0.0,861,9,1.05,482.05,5.04,0.48,178612,63.83,5.04,282.21,2.8
2020-06-21,Peru,Moquegua,4.48,8,1,0.56,851,9,1.06,476.45,5.04,0.48,178612,58.79,3.36,279.41,0.56
2020-06-20,Peru,Moquegua,4.48,8,0,0.0,843,8,0.95,471.97,4.48,0.47,178612,55.43,1.12,278.85,-12.32
2020-06-19,Peru,Moquegua,1.12,2,1,0.56,835,8,0.96,467.49,4.48,0.47,178612,54.31,-4.48,291.17,-24.07
2020-06-18,Peru,Moquegua,2.24,4,1,0.56,833,7,0.84,466.37,3.92,0.47,178612,58.79,0.0,315.24,-17.36
2020-06-17,Peru,Moquegua,34.15,61,0,0.0,829,6,0.72,464.13,3.36,0.46,178612,58.79,29.11,332.6,13.99
2020-06-16,Peru,Moquegua,11.76,21,0,0.0,768,6,0.78,429.98,3.36,0.43,178612,29.68,10.08,318.61,8.4
2020-06-15,Peru,Moquegua,0.56,1,0,0.0,747,6,0.8,418.22,3.36,0.42,178612,19.6,-19.6,310.21,0.56
2020-06-14,Peru,Moquegua,1.12,2,0,0.0,746,6,0.8,417.67,3.36,0.42,178612,39.2,0.0,309.65,-0.56
2020-06-13,Peru,Moquegua,3.36,6,0,0.0,744,6,0.81,416.55,3.36,0.42,178612,39.2,0.0,310.21,2.24
2020-06-12,Peru,Moquegua,5.6,10,1,0.56,738,6,0.81,413.19,3.36,0.41,178612,39.2,-54.31,307.97,2.24
2020-06-11,Peru,Moquegua,2.24,4,0,0.0,728,5,0.69,407.59,2.8,0.41,178612,93.51,-17.92,305.73,-5.6
2020-06-10,Peru,Moquegua,5.04,9,1,0.56,724,5,0.69,405.35,2.8,0.41,178612,111.43,-4.48,311.33,4.48
2020-06-09,Peru,Moquegua,1.68,3,0,0.0,715,4,0.56,400.31,2.24,0.4,178612,115.91,2.24,306.85,1.68
2020-06-08,Peru,Moquegua,20.16,36,1,0.56,712,4,0.56,398.63,2.24,0.4,178612,113.67,23.52,305.17,20.16
2020-06-07,Peru,Moquegua,1.12,2,1,0.56,676,3,0.44,378.47,1.68,0.38,178612,90.15,-20.16,285.01,-1.12
2020-06-06,Peru,Moquegua,3.36,6,0,0.0,674,2,0.3,377.35,1.12,0.38,178612,110.31,-5.04,286.13,1.68
2020-06-05,Peru,Moquegua,59.91,107,0,0.0,668,2,0.3,374.0,1.12,0.37,178612,115.35,51.51,284.45,57.11
2020-06-04,Peru,Moquegua,20.16,36,0,0.0,561,2,0.36,314.09,1.12,0.31,178612,63.84,6.72,227.34,16.8
2020-06-03,Peru,Moquegua,9.52,17,0,0.0,525,2,0.38,293.93,1.12,0.29,178612,57.12,-2.24,210.54,5.6
2020-06-02,Peru,Moquegua,-0.56,-1,0,0.0,508,2,0.39,284.42,1.12,0.28,178612,59.36,-25.75,204.94,-5.6
2020-06-01,Peru,Moquegua,-3.36,-6,0,0.0,509,2,0.39,284.98,1.12,0.28,178612,85.11,-6.16,210.54,-4.48
2020-05-31,Peru,Moquegua,21.28,38,0,0.0,515,2,0.39,288.33,1.12,0.29,178612,91.27,17.36,215.02,19.6
2020-05-30,Peru,Moquegua,8.4,15,0,0.0,477,2,0.42,267.06,1.12,0.27,178612,73.91,-8.4,195.42,5.6
2020-05-29,Peru,Moquegua,8.4,15,0,0.0,462,2,0.43,258.66,1.12,0.26,178612,82.31,-16.79,189.82,6.72
2020-05-28,Peru,Moquegua,13.44,24,0,0.0,447,2,0.45,250.26,1.12,0.25,178612,99.1,-6.16,183.1,8.4
2020-05-27,Peru,Moquegua,11.76,21,1,0.56,423,2,0.47,236.83,1.12,0.24,178612,105.26,-8.4,174.7,5.6
2020-05-26,Peru,Moquegua,25.19,45,0,0.0,402,1,0.25,225.07,0.56,0.23,178612,113.66,21.83,169.1,21.83
2020-05-25,Peru,Moquegua,2.8,5,0,0.0,357,1,0.28,199.87,0.56,0.2,178612,91.83,2.8,147.27,1.68
2020-05-24,Peru,Moquegua,3.92,7,1,0.56,352,1,0.28,197.08,0.56,0.2,178612,89.03,2.24,145.59,-6.72
2020-05-23,Peru,Moquegua,16.8,30,0,0.0,345,0,0.0,193.16,0.0,0.19,178612,86.79,15.68,152.31,7.84
2020-05-22,Peru,Moquegua,25.19,45,0,0.0,315,0,0.0,176.36,0.0,0.18,178612,71.11,21.83,144.47,22.39
2020-05-21,Peru,Moquegua,19.6,35,0,0.0,270,0,0.0,151.17,0.0,0.15,178612,49.28,11.76,122.08,17.36
2020-05-20,Peru,Moquegua,20.16,36,0,0.0,235,0,0.0,131.57,0.0,0.13,178612,37.52,19.6,104.72,16.24
2020-05-19,Peru,Moquegua,3.36,6,0,0.0,199,0,0.0,111.41,0.0,0.11,178612,17.92,3.36,88.48,-2.8
2020-05-18,Peru,Moquegua,0.0,0,0,0.0,193,0,0.0,108.06,0.0,0.11,178612,14.56,0.0,91.28,0.0
2020-05-17,Peru,Moquegua,1.68,3,0,0.0,193,0,0.0,108.06,0.0,0.11,178612,14.56,-0.56,91.28,0.56
2020-05-16,Peru,Moquegua,1.12,2,0,0.0,190,0,0.0,106.38,0.0,0.11,178612,15.12,-0.56,90.72,-1.12
2020-05-15,Peru,Moquegua,3.36,6,0,0.0,188,0,0.0,105.26,0.0,0.11,178612,15.68,0.56,91.84,1.68
2020-05-14,Peru,Moquegua,7.84,14,0,0.0,182,0,0.0,101.9,0.0,0.1,178612,15.12,4.48,90.16,5.04
2020-05-13,Peru,Moquegua,0.56,1,0,0.0,168,0,0.0,94.06,0.0,0.09,178612,10.64,-3.36,85.12,-1.12
2020-05-12,Peru,Moquegua,0.0,0,0,0.0,167,0,0.0,93.5,0.0,0.09,178612,14.0,-5.04,86.24,-0.56
2020-05-11,Peru,Moquegua,0.0,0,0,0.0,167,0,0.0,93.5,0.0,0.09,178612,19.04,-1.12,86.8,-1.12
2020-05-10,Peru,Moquegua,2.24,4,0,0.0,167,0,0.0,93.5,0.0,0.09,178612,20.16,0.56,87.92,1.12
2020-05-09,Peru,Moquegua,1.68,3,0,0.0,163,0,0.0,91.26,0.0,0.09,178612,19.6,-1.12,86.8,-1.12
2020-05-08,Peru,Moquegua,2.8,5,0,0.0,160,0,0.0,89.58,0.0,0.09,178612,20.72,1.12,87.92,2.8
2020-05-07,Peru,Moquegua,3.36,6,0,0.0,155,0,0.0,86.78,0.0,0.09,178612,19.6,-1.68,85.12,3.36
2020-05-06,Peru,Moquegua,3.92,7,0,0.0,149,0,0.0,83.42,0.0,0.08,178612,21.28,-2.24,81.76,2.8
2020-05-05,Peru,Moquegua,5.04,9,0,0.0,142,0,0.0,79.5,0.0,0.08,178612,23.52,1.68,78.96,5.04
2020-05-04,Peru,Moquegua,1.12,2,0,0.0,133,0,0.0,74.46,0.0,0.07,178612,21.84,0.0,73.92,1.12
2020-05-03,Peru,Moquegua,1.68,3,0,0.0,131,0,0.0,73.34,0.0,0.07,178612,21.84,-8.96,72.8,1.68
2020-05-02,Peru,Moquegua,2.8,5,0,0.0,128,0,0.0,71.66,0.0,0.07,178612,30.8,-6.16,71.12,2.8
2020-05-01,Peru,Moquegua,1.68,3,0,0.0,123,0,0.0,68.86,0.0,0.07,178612,36.96,-1.12,68.32,1.68
2020-04-30,Peru,Moquegua,5.04,9,0,0.0,120,0,0.0,67.18,0.0,0.07,178612,38.08,2.8,66.64,5.04
2020-04-29,Peru,Moquegua,6.16,11,0,0.0,111,0,0.0,62.15,0.0,0.06,178612,35.28,2.24,61.6,6.16
2020-04-28,Peru,Moquegua,3.36,6,0,0.0,100,0,0.0,55.99,0.0,0.06,178612,33.04,-2.8,55.44,3.36
2020-04-27,Peru,Moquegua,1.12,2,0,0.0,94,0,0.0,52.63,0.0,0.05,178612,35.84,1.12,52.08,1.12
2020-04-26,Peru,Moquegua,10.64,19,0,0.0,92,0,0.0,51.51,0.0,0.05,178612,34.72,9.52,50.96,10.64
2020-04-25,Peru,Moquegua,8.96,16,0,0.0,73,0,0.0,40.87,0.0,0.04,178612,25.2,6.72,40.32,8.96
2020-04-24,Peru,Moquegua,2.8,5,0,0.0,57,0,0.0,31.91,0.0,0.03,178612,18.48,1.12,31.36,2.8
2020-04-23,Peru,Moquegua,2.24,4,0,0.0,52,0,0.0,29.11,0.0,0.03,178612,17.36,-0.56,28.56,2.24
2020-04-22,Peru,Moquegua,3.92,7,0,0.0,48,0,0.0,26.87,0.0,0.03,178612,17.92,2.24,26.32,3.92
2020-04-21,Peru,Moquegua,6.16,11,0,0.0,41,0,0.0,22.95,0.0,0.02,178612,15.68,5.6,22.4,6.16
2020-04-20,Peru,Moquegua,0.0,0,0,0.0,30,0,0.0,16.8,0.0,0.02,178612,10.08,-1.12,16.24,0.0
2020-04-19,Peru,Moquegua,1.12,2,0,0.0,30,0,0.0,16.8,0.0,0.02,178612,11.2,0.0,16.24,1.12
2020-04-18,Peru,Moquegua,2.24,4,0,0.0,28,0,0.0,15.68,0.0,0.02,178612,11.2,-0.56,15.12,2.24
2020-04-17,Peru,Moquegua,1.68,3,0,0.0,24,0,0.0,13.44,0.0,0.01,178612,11.76,1.68,12.88,1.68
2020-04-16,Peru,Moquegua,2.8,5,0,0.0,21,0,0.0,11.76,0.0,0.01,178612,10.08,2.8,11.2,2.8
2020-04-15,Peru,Moquegua,1.68,3,0,0.0,16,0,0.0,8.96,0.0,0.01,178612,7.28,0.56,8.4,1.68
2020-04-14,Peru,Moquegua,0.56,1,0,0.0,13,0,0.0,7.28,0.0,0.01,178612,6.72,0.56,6.72,0.56
2020-04-13,Peru,Moquegua,1.12,2,0,0.0,12,0,0.0,6.72,0.0,0.01,178612,6.16,1.12,6.16,1.12
2020-04-12,Peru,Moquegua,1.12,2,0,0.0,10,0,0.0,5.6,0.0,0.01,178612,5.04,1.12,5.04,1.12
2020-04-11,Peru,Moquegua,2.8,5,0,0.0,8,0,0.0,4.48,0.0,0.0,178612,3.92,2.8,3.92,2.8
2020-04-10,Peru,Moquegua,0.0,0,0,0.0,3,0,0.0,1.68,0.0,0.0,178612,1.12,0.0,1.12,0.0
2020-04-09,Peru,Moquegua,0.0,0,0,0.0,3,0,0.0,1.68,0.0,0.0,178612,1.12,0.0,1.12,0.0
2020-04-08,Peru,Moquegua,1.12,2,0,0.0,3,0,0.0,1.68,0.0,0.0,178612,1.12,1.12,1.12,1.12
2020-04-07,Peru,Moquegua,0.0,0,0,0.0,1,0,0.0,0.56,0.0,0.0,178612,0.0,0.0,0.0,0.0
2020-04-06,Peru,Moquegua,0.0,0,0,0.0,1,0,0.0,0.56,0.0,0.0,178612,0.0,0.0,0.0,0.0
2020-04-05,Peru,Moquegua,0.0,0,0,0.0,1,0,0.0,0.56,0.0,0.0,178612,0.0,0.0,0.0,0.0
2020-04-04,Peru,Moquegua,0.0,0,0,0.0,1,0,0.0,0.56,0.0,0.0,178612,0.0,0.0,0.0,0.0
2020-04-03,Peru,Moquegua,0.0,0,0,0.0,1,0,0.0,0.56,0.0,0.0,178612,0.0,0.0,0.0,0.0
2020-04-02,Peru,Moquegua,0.0,0,0,0.0,1,0,0.0,0.56,0.0,0.0,178612,0.0,0.0,0.0,0.0
2020-04-01,Peru,Moquegua,0.0,0,0,0.0,1,0,0.0,0.56,0.0,0.0,178612,0.0,0.0,0.0,0.0
2020-03-31,Peru,Moquegua,0.0,0,0,0.0,1,0,0.0,0.56,0.0,0.0,178612,0.0,0.0,0.0,0.0
2020-03-30,Peru,Moquegua,0.0,0,0,0.0,1,0,0.0,0.56,0.0,0.0,178612,0.0,0.0,0.0,0.0
2020-03-29,Peru,Moquegua,0.0,0,0,0.0,1,0,0.0,0.56,0.0,0.0,178612,0.0,0.0,0.0,0.0
2020-03-28,Peru,Moquegua,0.0,0,0,0.0,1,0,0.0,0.56,0.0,0.0,178612,0.0,0.0,0.0,0.0
2020-03-27,Peru,Moquegua,0.0,0,0,0.0,1,0,0.0,0.56,0.0,0.0,178612,0.0,0.0,0.0,0.0
2020-03-26,Peru,Moquegua,0.0,0,0,0.0,1,0,0.0,0.56,0.0,0.0,178612,0.0,0.0,0.0,0.0
2020-03-25,Peru,Moquegua,0.0,0,0,0.0,1,0,0.0,0.56,0.0,0.0,178612,0.0,0.0,0.0,0.0
2020-03-24,Peru,Moquegua,0.0,0,0,0.0,1,0,0.0,0.56,0.0,0.0,178612,0.0,0.0,0.0,0.0
2020-03-23,Peru,Moquegua,0.0,0,0,0.0,1,0,0.0,0.56,0.0,0.0,178612,0.0,0.0,0.0,0.0
2020-03-22,Peru,Moquegua,0.0,0,0,0.0,1,0,0.0,0.56,0.0,0.0,178612,0.0,0.0,0.0,0.0
2020-03-21,Peru,Moquegua,0.0,0,0,0.0,1,0,0.0,0.56,0.0,0.0,178612,0.0,0.0,0.0,0.0
2020-03-20,Peru,Moquegua,0.0,0,0,0.0,1,0,0.0,0.56,0.0,0.0,178612,0.0,0.0,0.0,0.0
2020-03-19,Peru,Moquegua,0.0,0,0,0.0,1,0,0.0,0.56,0.0,0.0,178612,0.0,0.0,0.0,0.0
2020-03-18,Peru,Moquegua,0.0,0,0,0.0,1,0,0.0,0.56,0.0,0.0,178612,0.0,0.0,0.0,0.0
2020-03-17,Peru,Moquegua,0.0,0,0,0.0,1,0,0.0,0.56,0.0,0.0,178612,0.0,0.0,0.0,0.0
2020-03-16,Peru,Moquegua,0.0,0,0,0.0,1,0,0.0,0.56,0.0,0.0,178612,0.0,0.0,0.0,0.0
2020-03-15,Peru,Moquegua,0.0,0,0,0.0,1,0,0.0,0.56,0.0,0.0,178612,0.0,0.0,0.0,0.0
2020-03-14,Peru,Moquegua,0.0,0,0,0.0,1,0,0.0,0.56,0.0,0.0,178612,0.0,0.0,0.0,0.0
2020-03-13,Peru,Moquegua,0.0,0,0,0.0,1,0,0.0,0.56,0.0,0.0,178612,0.0,0.0,0.0,0.0
2020-03-12,Peru,Moquegua,0.0,0,0,0.0,1,0,0.0,0.56,0.0,0.0,178612,0.0,0.0,0.0,0.0
2020-03-11,Peru,Moquegua,0.0,0,0,0.0,1,0,0.0,0.56,0.0,0.0,178612,0.0,0.0,0.0,0.0
2020-03-10,Peru,Moquegua,0.0,0,0,0.0,1,0,0.0,0.56,0.0,0.0,178612,0.0,0.0,0.0,0.0
2020-03-09,Peru,Moquegua,0.0,0,0,0.0,1,0,0.0,0.56,0.0,0.0,178612,0.0,0.0,0.0,0.0
2020-03-08,Peru,Moquegua,0.0,0,0,0.0,1,0,0.0,0.56,0.0,0.0,178612,0.0,0.0,0.0,0.0
2020-03-07,Peru,Moquegua,0.0,0,0,0.0,1,0,0.0,0.56,0.0,0.0,178612,0.0,0.0,0.0,0.0
2020-03-06,Peru,Moquegua,0.0,0,0,0.0,1,0,0.0,0.56,0.0,0.0,178612,0.0,0.0,0.0,0.0
2020-03-05,Peru,Moquegua,0.0,0,0,0.0,1,0,0.0,0.56,0.0,0.0,178612,0.0,0.0,0.0,0.0
2020-03-04,Peru,Moquegua,0.0,0,0,0.0,1,0,0.0,0.56,0.0,0.0,178612,0.0,0.0,0.0,0.0
2020-03-03,Peru,Moquegua,0.0,0,0,0.0,1,0,0.0,0.56,0.0,0.0,178612,0.0,0.0,0.0,0.0
2020-03-02,Peru,Moquegua,0.0,0,0,0.0,1,0,0.0,0.56,0.0,0.0,178612,0.0,0.0,0.0,0.0
2020-03-01,Peru,Moquegua,0.0,0,0,0.0,1,0,0.0,0.56,0.0,0.0,178612,0.0,0.0,0.0,0.0
2020-02-29,Peru,Moquegua,0.0,0,0,0.0,1,0,0.0,0.56,0.0,0.0,178612,0.0,0.0,0.0,0.0
2020-02-28,Peru,Moquegua,0.0,0,0,0.0,1,0,0.0,0.56,0.0,0.0,178612,0.0,0.0,0.0,0.0
2020-02-27,Peru,Moquegua,0.0,0,0,0.0,1,0,0.0,0.56,0.0,0.0,178612,0.0,0.0,0.0,0.0
2020-02-26,Peru,Moquegua,0.0,0,0,0.0,1,0,0.0,0.56,0.0,0.0,178612,0.0,0.0,0.0,0.0
