date,state,district,1day_cases_100k,new_cases,new_deaths,new_deaths_100k,total_cases,total_deaths,cfr%,total_cases_100k,total_deaths_100k,%infected,population,7day_cases_100k,7day_cases_change,28day_cases_100k,28day_cases_change
2020-09-07,Punjab,Barnala,4.19,25,1,0.17,1323,25,1.89,221.87,4.19,0.22,596294,29.18,-5.87,143.41,0.33
2020-09-06,Punjab,Barnala,1.68,10,1,0.17,1298,24,1.85,217.68,4.02,0.22,596294,35.05,-4.19,143.08,-0.5
2020-09-05,Punjab,Barnala,2.68,16,2,0.34,1288,23,1.79,216.0,3.86,0.22,596294,39.24,-5.71,143.58,0.84
2020-09-04,Punjab,Barnala,3.52,21,0,0.0,1272,21,1.65,213.32,3.52,0.21,596294,44.95,-3.36,142.74,-2.68
2020-09-03,Punjab,Barnala,3.02,18,0,0.0,1251,21,1.68,209.8,3.52,0.21,596294,48.31,-0.17,145.42,-2.51
2020-09-02,Punjab,Barnala,10.23,61,0,0.0,1233,21,1.7,206.78,3.52,0.21,596294,48.48,5.37,147.93,4.7
2020-09-01,Punjab,Barnala,3.86,23,2,0.34,1172,21,1.79,196.55,3.52,0.2,596294,43.11,2.85,143.23,1.51
2020-08-31,Punjab,Barnala,10.06,60,0,0.0,1149,19,1.65,192.69,3.19,0.19,596294,40.26,4.69,141.72,6.71
2020-08-30,Punjab,Barnala,5.87,35,0,0.0,1089,19,1.74,182.63,3.19,0.18,596294,35.57,5.87,135.01,0.0
2020-08-29,Punjab,Barnala,8.39,50,0,0.0,1054,19,1.8,176.76,3.19,0.18,596294,29.7,7.38,135.01,4.03
2020-08-28,Punjab,Barnala,6.88,41,1,0.17,1004,19,1.89,168.37,3.19,0.17,596294,22.32,-0.33,130.98,1.51
2020-08-27,Punjab,Barnala,3.19,19,1,0.17,963,18,1.87,161.5,3.02,0.16,596294,22.65,-6.54,129.47,1.18
2020-08-26,Punjab,Barnala,4.86,29,2,0.34,944,17,1.8,158.31,2.85,0.16,596294,29.19,-3.86,128.29,-1.01
2020-08-25,Punjab,Barnala,1.01,6,0,0.0,915,15,1.64,153.45,2.52,0.15,596294,33.05,-3.01,129.3,0.84
2020-08-24,Punjab,Barnala,5.37,32,0,0.0,909,15,1.65,152.44,2.52,0.15,596294,36.06,-5.03,128.46,2.52
2020-08-23,Punjab,Barnala,0.0,0,0,0.0,877,15,1.71,147.08,2.52,0.15,596294,41.09,-0.84,125.94,-1.68
2020-08-22,Punjab,Barnala,1.01,6,0,0.0,877,15,1.71,147.08,2.52,0.15,596294,41.93,-8.55,127.62,-2.34
2020-08-21,Punjab,Barnala,7.21,43,1,0.17,871,15,1.72,146.07,2.52,0.15,596294,50.48,4.36,129.96,6.71
2020-08-20,Punjab,Barnala,9.73,58,0,0.0,828,14,1.69,138.86,2.35,0.14,596294,46.12,7.55,123.25,9.06
2020-08-19,Punjab,Barnala,8.72,52,1,0.17,770,14,1.82,129.13,2.35,0.13,596294,38.57,-1.85,114.19,7.88
2020-08-18,Punjab,Barnala,4.02,24,0,0.0,718,13,1.81,120.41,2.18,0.12,596294,40.42,2.51,106.31,3.85
2020-08-17,Punjab,Barnala,10.4,62,1,0.17,694,13,1.87,116.39,2.18,0.12,596294,37.91,6.54,102.46,9.9
2020-08-16,Punjab,Barnala,0.84,5,1,0.17,632,12,1.9,105.99,2.01,0.11,596294,31.37,-1.34,92.56,0.67
2020-08-15,Punjab,Barnala,9.56,57,0,0.0,627,11,1.75,105.15,1.84,0.11,596294,32.71,7.72,91.89,9.56
2020-08-14,Punjab,Barnala,2.85,17,1,0.17,570,11,1.93,95.59,1.84,0.1,596294,24.99,-3.35,82.33,2.85
2020-08-13,Punjab,Barnala,2.18,13,0,0.0,553,10,1.81,92.74,1.68,0.09,596294,28.34,-3.35,79.48,2.18
2020-08-12,Punjab,Barnala,10.57,63,1,0.17,540,10,1.85,90.56,1.68,0.09,596294,31.69,5.04,77.3,10.23
2020-08-11,Punjab,Barnala,1.51,9,0,0.0,477,9,1.89,79.99,1.51,0.08,596294,26.65,-0.84,67.07,1.34
2020-08-10,Punjab,Barnala,3.86,23,0,0.0,468,9,1.92,78.48,1.51,0.08,596294,27.49,0.51,65.73,3.52
2020-08-09,Punjab,Barnala,2.18,13,1,0.17,445,9,2.02,74.63,1.51,0.07,596294,26.98,-3.69,62.21,2.18
2020-08-08,Punjab,Barnala,1.84,11,1,0.17,432,8,1.85,72.45,1.34,0.07,596294,30.67,-2.52,60.03,1.5
2020-08-07,Punjab,Barnala,6.2,37,0,0.0,421,7,1.66,70.6,1.17,0.07,596294,33.19,0.83,58.53,6.03
2020-08-06,Punjab,Barnala,5.53,33,0,0.0,384,7,1.82,64.4,1.17,0.06,596294,32.36,3.52,52.5,5.53
2020-08-05,Punjab,Barnala,5.53,33,0,0.0,351,7,1.99,58.86,1.17,0.06,596294,28.84,-0.34,46.97,5.53
2020-08-04,Punjab,Barnala,2.35,14,0,0.0,318,7,2.2,53.33,1.17,0.05,596294,29.18,2.18,41.44,2.35
2020-08-03,Punjab,Barnala,3.35,20,1,0.17,304,7,2.3,50.98,1.17,0.05,596294,27.0,0.5,39.09,3.35
2020-08-02,Punjab,Barnala,5.87,35,0,0.0,284,6,2.11,47.63,1.01,0.05,596294,26.5,4.19,35.74,5.53
2020-08-01,Punjab,Barnala,4.36,26,1,0.17,249,6,2.41,41.76,1.01,0.04,596294,22.31,1.01,30.21,3.52
2020-07-31,Punjab,Barnala,5.37,32,2,0.34,223,5,2.24,37.4,0.84,0.04,596294,21.3,4.87,26.69,5.2
2020-07-30,Punjab,Barnala,2.01,12,0,0.0,191,3,1.57,32.03,0.5,0.03,596294,16.43,1.34,21.49,1.34
2020-07-29,Punjab,Barnala,5.87,35,0,0.0,179,3,1.68,30.02,0.5,0.03,596294,15.09,5.03,20.15,5.87
2020-07-28,Punjab,Barnala,0.17,1,0,0.0,144,3,2.08,24.15,0.5,0.02,596294,10.06,0.0,14.28,0.17
2020-07-27,Punjab,Barnala,2.85,17,0,0.0,143,3,2.1,23.98,0.5,0.02,596294,10.06,2.35,14.11,1.34
2020-07-26,Punjab,Barnala,1.68,10,0,0.0,126,3,2.38,21.13,0.5,0.02,596294,7.71,1.51,12.77,1.68
2020-07-25,Punjab,Barnala,3.35,20,1,0.17,116,3,2.59,19.45,0.5,0.02,596294,6.2,3.35,11.09,2.68
2020-07-24,Punjab,Barnala,0.5,3,0,0.0,96,2,2.08,16.1,0.34,0.02,596294,2.85,0.5,8.41,0.5
2020-07-23,Punjab,Barnala,0.67,4,0,0.0,93,2,2.15,15.6,0.34,0.02,596294,2.35,0.67,7.91,0.67
2020-07-22,Punjab,Barnala,0.84,5,0,0.0,89,2,2.25,14.93,0.34,0.01,596294,1.68,0.5,7.24,0.84
2020-07-21,Punjab,Barnala,0.17,1,0,0.0,84,2,2.38,14.09,0.34,0.01,596294,1.18,0.0,6.4,-0.33
2020-07-20,Punjab,Barnala,0.5,3,0,0.0,83,2,2.41,13.92,0.34,0.01,596294,1.18,0.16,6.73,0.5
2020-07-19,Punjab,Barnala,0.17,1,0,0.0,80,2,2.5,13.42,0.34,0.01,596294,1.02,0.17,6.23,0.17
2020-07-18,Punjab,Barnala,0.0,0,0,0.0,79,2,2.53,13.25,0.34,0.01,596294,0.85,-0.34,6.06,-0.17
2020-07-17,Punjab,Barnala,0.0,0,0,0.0,79,2,2.53,13.25,0.34,0.01,596294,1.19,-0.17,6.23,-0.5
2020-07-16,Punjab,Barnala,0.0,0,0,0.0,79,2,2.53,13.25,0.34,0.01,596294,1.36,0.0,6.73,-1.34
2020-07-15,Punjab,Barnala,0.34,2,0,0.0,79,2,2.53,13.25,0.34,0.01,596294,1.36,0.34,8.07,0.34
2020-07-14,Punjab,Barnala,0.17,1,0,0.0,77,2,2.6,12.91,0.34,0.01,596294,1.02,0.17,7.73,0.17
2020-07-13,Punjab,Barnala,0.34,2,0,0.0,76,2,2.63,12.75,0.34,0.01,596294,0.85,0.34,7.56,0.34
2020-07-12,Punjab,Barnala,0.0,0,0,0.0,74,2,2.7,12.41,0.34,0.01,596294,0.51,-0.34,7.22,0.0
2020-07-11,Punjab,Barnala,0.34,2,0,0.0,74,2,2.7,12.41,0.34,0.01,596294,0.85,-0.5,7.22,0.0
2020-07-10,Punjab,Barnala,0.17,1,0,0.0,72,2,2.78,12.07,0.34,0.01,596294,1.35,0.0,7.22,0.0
2020-07-09,Punjab,Barnala,0.0,0,0,0.0,71,2,2.82,11.91,0.34,0.01,596294,1.35,-0.67,7.22,0.0
2020-07-08,Punjab,Barnala,0.0,0,0,0.0,71,2,2.82,11.91,0.34,0.01,596294,2.02,0.0,7.22,-0.17
2020-07-07,Punjab,Barnala,0.0,0,0,0.0,71,2,2.82,11.91,0.34,0.01,596294,2.02,0.0,7.39,-0.17
2020-07-06,Punjab,Barnala,0.0,0,0,0.0,71,2,2.82,11.91,0.34,0.01,596294,2.02,-1.51,7.56,0.0
2020-07-05,Punjab,Barnala,0.34,2,0,0.0,71,2,2.82,11.91,0.34,0.01,596294,3.53,0.34,7.56,0.17
2020-07-04,Punjab,Barnala,0.84,5,0,0.0,69,2,2.9,11.57,0.34,0.01,596294,3.19,0.17,7.39,0.67
2020-07-03,Punjab,Barnala,0.17,1,0,0.0,64,2,3.12,10.73,0.34,0.01,596294,3.02,0.17,6.72,0.17
2020-07-02,Punjab,Barnala,0.67,4,0,0.0,63,2,3.17,10.57,0.34,0.01,596294,2.85,0.67,6.55,0.67
2020-07-01,Punjab,Barnala,0.0,0,0,0.0,59,2,3.39,9.89,0.34,0.01,596294,2.18,0.0,5.88,0.0
2020-06-30,Punjab,Barnala,0.0,0,0,0.0,59,2,3.39,9.89,0.34,0.01,596294,2.18,-0.5,5.88,0.0
2020-06-29,Punjab,Barnala,1.51,9,0,0.0,59,2,3.39,9.89,0.34,0.01,596294,2.68,1.51,5.88,1.51
2020-06-28,Punjab,Barnala,0.0,0,0,0.0,50,2,4.0,8.39,0.34,0.01,596294,1.17,0.0,4.37,-0.17
2020-06-27,Punjab,Barnala,0.67,4,0,0.0,50,2,4.0,8.39,0.34,0.01,596294,1.17,0.5,4.54,0.67
2020-06-26,Punjab,Barnala,0.0,0,0,0.0,46,2,4.35,7.71,0.34,0.01,596294,0.67,-0.5,3.87,0.0
2020-06-25,Punjab,Barnala,0.0,0,0,0.0,46,2,4.35,7.71,0.34,0.01,596294,1.17,-1.34,3.87,0.0
2020-06-24,Punjab,Barnala,0.0,0,0,0.0,46,2,4.35,7.71,0.34,0.01,596294,2.51,0.0,3.87,-0.17
2020-06-23,Punjab,Barnala,0.5,3,0,0.0,46,2,4.35,7.71,0.34,0.01,596294,2.51,0.5,4.04,0.5
2020-06-22,Punjab,Barnala,0.0,0,0,0.0,43,2,4.65,7.21,0.34,0.01,596294,2.01,0.0,3.54,0.0
2020-06-21,Punjab,Barnala,0.0,0,0,0.0,43,2,4.65,7.21,0.34,0.01,596294,2.01,0.0,3.54,0.0
2020-06-20,Punjab,Barnala,0.17,1,0,0.0,43,2,4.65,7.21,0.34,0.01,596294,2.01,-0.17,3.54,0.17
2020-06-19,Punjab,Barnala,0.5,3,1,0.17,42,2,4.76,7.04,0.34,0.01,596294,2.18,0.33,3.37,0.5
2020-06-18,Punjab,Barnala,1.34,8,0,0.0,39,1,2.56,6.54,0.17,0.01,596294,1.85,1.34,2.87,1.17
2020-06-17,Punjab,Barnala,0.0,0,0,0.0,31,1,3.23,5.2,0.17,0.01,596294,0.51,-0.17,1.7,0.0
2020-06-16,Punjab,Barnala,0.0,0,0,0.0,31,1,3.23,5.2,0.17,0.01,596294,0.68,-0.17,1.7,0.0
2020-06-15,Punjab,Barnala,0.0,0,0,0.0,31,1,3.23,5.2,0.17,0.01,596294,0.85,0.0,1.7,0.0
2020-06-14,Punjab,Barnala,0.0,0,0,0.0,31,1,3.23,5.2,0.17,0.01,596294,0.85,-0.17,1.7,0.0
2020-06-13,Punjab,Barnala,0.34,2,0,0.0,31,1,3.23,5.2,0.17,0.01,596294,1.02,0.17,1.7,0.34
2020-06-12,Punjab,Barnala,0.17,1,0,0.0,29,1,3.45,4.86,0.17,0.0,596294,0.85,0.17,1.36,0.17
2020-06-11,Punjab,Barnala,0.0,0,0,0.0,28,1,3.57,4.7,0.17,0.0,596294,0.68,0.0,1.19,0.0
2020-06-10,Punjab,Barnala,0.17,1,0,0.0,28,1,3.57,4.7,0.17,0.0,596294,0.68,0.17,1.19,0.17
2020-06-09,Punjab,Barnala,0.17,1,0,0.0,27,1,3.7,4.53,0.17,0.0,596294,0.51,0.17,1.02,0.17
2020-06-08,Punjab,Barnala,0.0,0,0,0.0,26,1,3.85,4.36,0.17,0.0,596294,0.34,0.0,0.85,0.0
2020-06-07,Punjab,Barnala,0.17,1,0,0.0,26,1,3.85,4.36,0.17,0.0,596294,0.34,0.0,0.85,0.17
2020-06-06,Punjab,Barnala,0.17,1,0,0.0,25,1,4.0,4.19,0.17,0.0,596294,0.34,0.17,0.68,0.17
2020-06-05,Punjab,Barnala,0.0,0,0,0.0,24,1,4.17,4.02,0.17,0.0,596294,0.17,0.0,0.51,-0.17
2020-06-04,Punjab,Barnala,0.0,0,0,0.0,24,1,4.17,4.02,0.17,0.0,596294,0.17,0.0,0.68,0.0
2020-06-03,Punjab,Barnala,0.0,0,0,0.0,24,1,4.17,4.02,0.17,0.0,596294,0.17,-0.17,0.68,-0.17
2020-06-02,Punjab,Barnala,0.0,0,0,0.0,24,1,4.17,4.02,0.17,0.0,596294,0.34,0.0,0.85,0.0
2020-06-01,Punjab,Barnala,0.0,0,0,0.0,24,1,4.17,4.02,0.17,0.0,596294,0.34,0.0,0.85,-2.52
2020-05-31,Punjab,Barnala,0.17,1,0,0.0,24,1,4.17,4.02,0.17,0.0,596294,0.34,0.17,3.37,-0.17
2020-05-30,Punjab,Barnala,0.0,0,0,0.0,23,1,4.35,3.86,0.17,0.0,596294,0.17,0.0,3.54,0.0
2020-05-29,Punjab,Barnala,0.0,0,0,0.0,23,1,4.35,3.86,0.17,0.0,596294,0.17,0.0,3.54,0.0
2020-05-28,Punjab,Barnala,0.0,0,0,0.0,23,1,4.35,3.86,0.17,0.0,596294,0.17,-0.17,3.54,0.0
2020-05-27,Punjab,Barnala,0.17,1,0,0.0,23,1,4.35,3.86,0.17,0.0,596294,0.34,0.17,3.54,0.17
2020-05-26,Punjab,Barnala,0.0,0,0,0.0,22,1,4.55,3.69,0.17,0.0,596294,0.17,0.0,3.37,0.0
2020-05-25,Punjab,Barnala,0.0,0,0,0.0,22,1,4.55,3.69,0.17,0.0,596294,0.17,0.0,3.37,0.0
2020-05-24,Punjab,Barnala,0.0,0,0,0.0,22,1,4.55,3.69,0.17,0.0,596294,0.17,0.0,3.37,0.0
2020-05-23,Punjab,Barnala,0.0,0,0,0.0,22,1,4.55,3.69,0.17,0.0,596294,0.17,0.0,3.37,0.0
2020-05-22,Punjab,Barnala,0.0,0,0,0.0,22,1,4.55,3.69,0.17,0.0,596294,0.17,0.0,3.37,0.0
2020-05-21,Punjab,Barnala,0.17,1,0,0.0,22,1,4.55,3.69,0.17,0.0,596294,0.17,0.17,3.37,0.17
2020-05-20,Punjab,Barnala,0.0,0,0,0.0,21,1,4.76,3.52,0.17,0.0,596294,-0.0,0.0,3.2,0.0
2020-05-19,Punjab,Barnala,0.0,0,0,0.0,21,1,4.76,3.52,0.17,0.0,596294,-0.0,0.0,3.2,0.0
2020-05-18,Punjab,Barnala,0.0,0,0,0.0,21,1,4.76,3.52,0.17,0.0,596294,-0.0,0.0,3.2,0.0
2020-05-17,Punjab,Barnala,0.0,0,0,0.0,21,1,4.76,3.52,0.17,0.0,596294,-0.0,0.0,3.2,0.0
2020-05-16,Punjab,Barnala,0.0,0,0,0.0,21,1,4.76,3.52,0.17,0.0,596294,-0.0,0.0,3.2,0.0
2020-05-15,Punjab,Barnala,0.0,0,0,0.0,21,1,4.76,3.52,0.17,0.0,596294,-0.0,-0.17,3.2,0.0
2020-05-14,Punjab,Barnala,0.0,0,0,0.0,21,1,4.76,3.52,0.17,0.0,596294,0.17,0.0,3.2,0.0
2020-05-13,Punjab,Barnala,0.0,0,0,0.0,21,1,4.76,3.52,0.17,0.0,596294,0.17,-0.17,3.2,0.0
2020-05-12,Punjab,Barnala,0.0,0,0,0.0,21,1,4.76,3.52,0.17,0.0,596294,0.34,0.0,3.2,0.0
2020-05-11,Punjab,Barnala,0.0,0,0,0.0,21,1,4.76,3.52,0.17,0.0,596294,0.34,-2.52,3.2,0.0
2020-05-10,Punjab,Barnala,0.0,0,0,0.0,21,1,4.76,3.52,0.17,0.0,596294,2.86,-0.34,3.2,0.0
2020-05-09,Punjab,Barnala,0.0,0,0,0.0,21,1,4.76,3.52,0.17,0.0,596294,3.2,0.0,3.2,0.0
2020-05-08,Punjab,Barnala,0.17,1,0,0.0,21,1,4.76,3.52,0.17,0.0,596294,3.2,0.17,3.2,0.17
2020-05-07,Punjab,Barnala,0.0,0,0,0.0,20,1,5.0,3.35,0.17,0.0,596294,3.03,0.0,3.03,0.0
2020-05-06,Punjab,Barnala,0.17,1,0,0.0,20,1,5.0,3.35,0.17,0.0,596294,3.03,0.17,3.03,0.17
2020-05-05,Punjab,Barnala,0.0,0,0,0.0,19,1,5.26,3.19,0.17,0.0,596294,2.86,0.0,2.86,0.0
2020-05-04,Punjab,Barnala,2.52,15,0,0.0,19,1,5.26,3.19,0.17,0.0,596294,2.86,2.52,2.86,2.52
2020-05-03,Punjab,Barnala,0.34,2,0,0.0,4,1,25.0,0.67,0.17,0.0,596294,0.34,0.34,0.34,0.34
2020-05-02,Punjab,Barnala,0.0,0,0,0.0,2,1,50.0,0.34,0.17,0.0,596294,0.0,0.0,0.0,0.0
2020-05-01,Punjab,Barnala,0.0,0,0,0.0,2,1,50.0,0.34,0.17,0.0,596294,0.0,0.0,0.0,0.0
2020-04-30,Punjab,Barnala,0.0,0,0,0.0,2,1,50.0,0.34,0.17,0.0,596294,0.0,0.0,0.0,0.0
2020-04-29,Punjab,Barnala,0.0,0,0,0.0,2,1,50.0,0.34,0.17,0.0,596294,0.0,0.0,0.0,0.0
2020-04-28,Punjab,Barnala,0.0,0,0,0.0,2,1,50.0,0.34,0.17,0.0,596294,0.0,0.0,0.0,0.0
2020-04-27,Punjab,Barnala,0.0,0,0,0.0,2,1,50.0,0.34,0.17,0.0,596294,0.0,0.0,0.0,0.0
2020-04-26,Punjab,Barnala,0.0,0,0,0.0,2,1,50.0,0.34,0.17,0.0,596294,0.0,0.0,0.0,0.0
