date,state,district,1day_cases_100k,new_cases,new_deaths,new_deaths_100k,total_cases,total_deaths,cfr%,total_cases_100k,total_deaths_100k,%infected,population,7day_cases_100k,7day_cases_change,28day_cases_100k,28day_cases_change
2020-09-06,Punjab,Fazilka,1.27,15,0,0.0,1093,18,1.65,92.59,1.52,0.09,1180483,17.61,-4.49,61.49,1.27
2020-09-05,Punjab,Fazilka,1.86,22,0,0.0,1078,18,1.67,91.32,1.52,0.09,1180483,22.1,-1.53,60.22,1.18
2020-09-04,Punjab,Fazilka,2.88,34,1,0.08,1056,18,1.7,89.45,1.52,0.09,1180483,23.63,-0.42,59.04,1.52
2020-09-03,Punjab,Fazilka,4.49,53,1,0.08,1022,17,1.66,86.57,1.44,0.09,1180483,24.05,2.8,57.52,3.9
2020-09-02,Punjab,Fazilka,4.74,56,3,0.25,969,16,1.65,82.09,1.36,0.08,1180483,21.25,4.66,53.62,3.98
2020-09-01,Punjab,Fazilka,2.12,25,1,0.08,913,13,1.42,77.34,1.1,0.08,1180483,16.59,0.85,49.64,1.87
2020-08-31,Punjab,Fazilka,0.25,3,1,0.08,888,12,1.35,75.22,1.02,0.08,1180483,15.74,-3.99,47.77,-0.94
2020-08-30,Punjab,Fazilka,5.76,68,0,0.0,885,11,1.24,74.97,0.93,0.07,1180483,19.73,4.15,48.71,5.17
2020-08-29,Punjab,Fazilka,3.39,40,1,0.08,817,11,1.35,69.21,0.93,0.07,1180483,15.58,2.54,43.54,0.26
2020-08-28,Punjab,Fazilka,3.3,39,2,0.17,777,10,1.29,65.82,0.85,0.07,1180483,13.04,1.94,43.28,3.3
2020-08-27,Punjab,Fazilka,1.69,20,1,0.08,738,8,1.08,62.52,0.68,0.06,1180483,11.1,-2.21,39.98,1.44
2020-08-26,Punjab,Fazilka,0.08,1,0,0.0,718,7,0.97,60.82,0.59,0.06,1180483,13.31,-3.14,38.54,-0.68
2020-08-25,Punjab,Fazilka,1.27,15,0,0.0,717,7,0.98,60.74,0.59,0.06,1180483,16.45,-2.63,39.22,-0.59
2020-08-24,Punjab,Fazilka,4.24,50,1,0.08,702,7,1.0,59.47,0.59,0.06,1180483,19.08,2.46,39.81,4.24
2020-08-23,Punjab,Fazilka,1.61,19,1,0.08,652,6,0.92,55.23,0.51,0.06,1180483,16.62,0.34,35.57,-0.42
2020-08-22,Punjab,Fazilka,0.85,10,0,0.0,633,5,0.79,53.62,0.42,0.05,1180483,16.28,-2.2,35.99,0.85
2020-08-21,Punjab,Fazilka,1.36,16,0,0.0,623,5,0.8,52.78,0.42,0.05,1180483,18.48,1.11,35.14,-0.42
2020-08-20,Punjab,Fazilka,3.9,46,0,0.0,607,5,0.82,51.42,0.42,0.05,1180483,17.37,3.48,35.56,3.22
2020-08-19,Punjab,Fazilka,3.22,38,0,0.0,561,5,0.89,47.52,0.42,0.05,1180483,13.89,2.12,32.34,1.1
2020-08-18,Punjab,Fazilka,3.9,46,0,0.0,523,5,0.96,44.3,0.42,0.04,1180483,11.77,3.65,31.24,3.9
2020-08-17,Punjab,Fazilka,1.78,21,0,0.0,477,5,1.05,40.41,0.42,0.04,1180483,8.12,0.59,27.34,1.78
2020-08-16,Punjab,Fazilka,1.27,15,1,0.08,456,5,1.1,38.63,0.42,0.04,1180483,7.53,1.27,25.56,0.85
2020-08-15,Punjab,Fazilka,3.05,36,2,0.17,441,4,0.91,37.36,0.34,0.04,1180483,6.26,2.37,24.71,2.46
2020-08-14,Punjab,Fazilka,0.25,3,0,0.0,405,2,0.49,34.31,0.17,0.03,1180483,3.89,-1.11,22.25,-0.09
2020-08-13,Punjab,Fazilka,0.42,5,0,0.0,402,2,0.5,34.05,0.17,0.03,1180483,5.0,-0.17,22.34,-1.61
2020-08-12,Punjab,Fazilka,1.1,13,0,0.0,397,2,0.5,33.63,0.17,0.03,1180483,5.17,0.34,23.95,0.93
2020-08-11,Punjab,Fazilka,0.25,3,0,0.0,384,2,0.52,32.53,0.17,0.03,1180483,4.83,0.0,23.02,-0.09
2020-08-10,Punjab,Fazilka,1.19,14,0,0.0,381,2,0.52,32.27,0.17,0.03,1180483,4.83,0.0,23.11,0.94
2020-08-09,Punjab,Fazilka,0.0,0,0,0.0,367,2,0.54,31.09,0.17,0.03,1180483,4.83,-0.59,22.17,0.0
2020-08-08,Punjab,Fazilka,0.68,8,0,0.0,367,2,0.54,31.09,0.17,0.03,1180483,5.42,-2.45,22.17,0.51
2020-08-07,Punjab,Fazilka,1.36,16,1,0.08,359,2,0.56,30.41,0.17,0.03,1180483,7.87,1.36,21.66,1.28
2020-08-06,Punjab,Fazilka,0.59,7,0,0.0,343,1,0.29,29.06,0.08,0.03,1180483,6.51,0.34,20.38,0.59
2020-08-05,Punjab,Fazilka,0.76,9,0,0.0,336,1,0.3,28.46,0.08,0.03,1180483,6.17,0.0,19.79,0.84
2020-08-04,Punjab,Fazilka,0.25,3,0,0.0,327,1,0.31,27.7,0.08,0.03,1180483,6.17,-1.61,18.95,0.25
2020-08-03,Punjab,Fazilka,1.19,14,0,0.0,324,1,0.31,27.45,0.08,0.03,1180483,7.78,1.19,18.7,1.19
2020-08-02,Punjab,Fazilka,0.59,7,0,0.0,310,1,0.32,26.26,0.08,0.03,1180483,6.59,-1.44,17.51,0.51
2020-08-01,Punjab,Fazilka,3.13,37,0,0.0,303,1,0.33,25.67,0.08,0.03,1180483,8.03,3.13,17.0,3.05
2020-07-31,Punjab,Fazilka,0.0,0,0,0.0,266,1,0.38,22.53,0.08,0.02,1180483,4.9,-1.78,13.95,-0.08
2020-07-30,Punjab,Fazilka,0.25,3,0,0.0,266,1,0.38,22.53,0.08,0.02,1180483,6.68,-0.43,14.03,-0.17
2020-07-29,Punjab,Fazilka,0.76,9,0,0.0,263,1,0.38,22.28,0.08,0.02,1180483,7.11,-1.36,14.2,0.42
2020-07-28,Punjab,Fazilka,1.86,22,0,0.0,254,1,0.39,21.52,0.08,0.02,1180483,8.47,1.86,13.78,1.86
2020-07-27,Punjab,Fazilka,0.0,0,0,0.0,232,1,0.43,19.65,0.08,0.02,1180483,6.61,0.0,11.92,0.0
2020-07-26,Punjab,Fazilka,2.03,24,0,0.0,232,1,0.43,19.65,0.08,0.02,1180483,6.61,1.61,11.92,1.95
2020-07-25,Punjab,Fazilka,0.0,0,0,0.0,208,1,0.48,17.62,0.08,0.02,1180483,5.0,-0.59,9.97,0.0
2020-07-24,Punjab,Fazilka,1.78,21,0,0.0,208,1,0.48,17.62,0.08,0.02,1180483,5.59,1.44,9.97,0.68
2020-07-23,Punjab,Fazilka,0.68,8,0,0.0,187,1,0.53,15.84,0.08,0.02,1180483,4.15,-1.35,9.29,0.51
2020-07-22,Punjab,Fazilka,2.12,25,0,0.0,179,1,0.56,15.16,0.08,0.02,1180483,5.5,1.95,8.78,2.12
2020-07-21,Punjab,Fazilka,0.0,0,0,0.0,154,1,0.65,13.05,0.08,0.01,1180483,3.55,-0.34,6.66,0.0
2020-07-20,Punjab,Fazilka,0.0,0,0,0.0,154,1,0.65,13.05,0.08,0.01,1180483,3.89,-0.25,6.66,-1.19
2020-07-19,Punjab,Fazilka,0.42,5,0,0.0,154,1,0.65,13.05,0.08,0.01,1180483,4.14,0.42,7.85,-0.09
2020-07-18,Punjab,Fazilka,0.59,7,0,0.0,149,1,0.67,12.62,0.08,0.01,1180483,3.72,0.42,7.94,0.59
2020-07-17,Punjab,Fazilka,0.34,4,0,0.0,142,1,0.7,12.03,0.08,0.01,1180483,3.3,0.26,7.35,0.26
2020-07-16,Punjab,Fazilka,2.03,24,0,0.0,138,1,0.72,11.69,0.08,0.01,1180483,3.04,2.03,7.09,2.03
2020-07-15,Punjab,Fazilka,0.17,2,0,0.0,114,1,0.88,9.66,0.08,0.01,1180483,1.01,0.25,5.06,0.09
2020-07-14,Punjab,Fazilka,0.34,4,1,0.08,112,1,0.89,9.49,0.08,0.01,1180483,0.76,0.34,4.97,0.09
2020-07-13,Punjab,Fazilka,0.25,3,0,0.0,108,0,0.0,9.15,0.0,0.01,1180483,0.42,0.25,4.88,0.25
2020-07-12,Punjab,Fazilka,0.0,0,0,0.0,105,0,0.0,8.89,0.0,0.01,1180483,0.17,-0.08,4.63,0.0
2020-07-11,Punjab,Fazilka,0.17,2,0,0.0,105,0,0.0,8.89,0.0,0.01,1180483,0.25,0.09,4.63,0.17
2020-07-10,Punjab,Fazilka,0.08,1,0,0.0,103,0,0.0,8.73,0.0,0.01,1180483,0.16,0.0,4.46,-0.09
2020-07-09,Punjab,Fazilka,0.0,0,0,0.0,102,0,0.0,8.64,0.0,0.01,1180483,0.16,-0.42,4.55,0.0
2020-07-08,Punjab,Fazilka,-0.08,-1,0,0.0,102,0,0.0,8.64,0.0,0.01,1180483,0.58,-0.42,4.55,-0.08
2020-07-07,Punjab,Fazilka,0.0,0,0,0.0,103,0,0.0,8.73,0.0,0.01,1180483,1.0,0.0,4.63,0.0
2020-07-06,Punjab,Fazilka,0.0,0,0,0.0,103,0,0.0,8.73,0.0,0.01,1180483,1.0,0.0,4.63,-0.08
2020-07-05,Punjab,Fazilka,0.08,1,0,0.0,103,0,0.0,8.73,0.0,0.01,1180483,1.0,0.0,4.71,0.0
2020-07-04,Punjab,Fazilka,0.08,1,0,0.0,102,0,0.0,8.64,0.0,0.01,1180483,1.0,0.08,4.71,0.0
2020-07-03,Punjab,Fazilka,0.08,1,0,0.0,101,0,0.0,8.56,0.0,0.01,1180483,0.92,-1.02,4.71,0.08
2020-07-02,Punjab,Fazilka,0.42,5,0,0.0,100,0,0.0,8.47,0.0,0.01,1180483,1.94,0.25,4.63,0.34
2020-07-01,Punjab,Fazilka,0.34,4,0,0.0,95,0,0.0,8.05,0.0,0.01,1180483,1.69,0.34,4.29,0.34
2020-06-30,Punjab,Fazilka,0.0,0,0,0.0,91,0,0.0,7.71,0.0,0.01,1180483,1.35,0.0,3.95,0.0
2020-06-29,Punjab,Fazilka,0.0,0,0,0.0,91,0,0.0,7.71,0.0,0.01,1180483,1.35,-1.19,3.95,0.17
2020-06-28,Punjab,Fazilka,0.08,1,0,0.0,91,0,0.0,7.71,0.0,0.01,1180483,2.54,-0.43,3.78,0.08
2020-06-27,Punjab,Fazilka,0.0,0,0,0.0,90,0,0.0,7.62,0.0,0.01,1180483,2.97,0.0,3.7,-0.17
2020-06-26,Punjab,Fazilka,1.1,13,0,0.0,90,0,0.0,7.62,0.0,0.01,1180483,2.97,1.02,3.87,1.1
2020-06-25,Punjab,Fazilka,0.17,2,0,0.0,77,0,0.0,6.52,0.0,0.01,1180483,1.95,0.17,2.77,0.17
2020-06-24,Punjab,Fazilka,0.0,0,0,0.0,75,0,0.0,6.35,0.0,0.01,1180483,1.78,-0.08,2.6,0.0
2020-06-23,Punjab,Fazilka,0.0,0,0,0.0,75,0,0.0,6.35,0.0,0.01,1180483,1.86,-0.25,2.6,0.0
2020-06-22,Punjab,Fazilka,1.19,14,0,0.0,75,0,0.0,6.35,0.0,0.01,1180483,2.11,1.19,2.6,1.19
2020-06-21,Punjab,Fazilka,0.51,6,0,0.0,61,0,0.0,5.17,0.0,0.01,1180483,0.92,0.51,1.41,0.51
2020-06-20,Punjab,Fazilka,0.0,0,0,0.0,55,0,0.0,4.66,0.0,0.0,1180483,0.41,0.0,0.9,0.0
2020-06-19,Punjab,Fazilka,0.08,1,0,0.0,55,0,0.0,4.66,0.0,0.0,1180483,0.41,-0.09,0.9,0.08
2020-06-18,Punjab,Fazilka,0.0,0,0,0.0,54,0,0.0,4.57,0.0,0.0,1180483,0.5,0.0,0.82,0.0
2020-06-17,Punjab,Fazilka,0.08,1,0,0.0,54,0,0.0,4.57,0.0,0.0,1180483,0.5,0.08,0.82,0.08
2020-06-16,Punjab,Fazilka,0.25,3,0,0.0,53,0,0.0,4.49,0.0,0.0,1180483,0.42,0.25,0.74,0.25
2020-06-15,Punjab,Fazilka,0.0,0,0,0.0,50,0,0.0,4.24,0.0,0.0,1180483,0.17,-0.08,0.49,0.0
2020-06-14,Punjab,Fazilka,0.0,0,0,0.0,50,0,0.0,4.24,0.0,0.0,1180483,0.25,-0.08,0.49,0.0
2020-06-13,Punjab,Fazilka,0.0,0,0,0.0,50,0,0.0,4.24,0.0,0.0,1180483,0.33,-0.08,0.49,0.0
2020-06-12,Punjab,Fazilka,0.17,2,0,0.0,50,0,0.0,4.24,0.0,0.0,1180483,0.41,0.17,0.49,-0.08
2020-06-11,Punjab,Fazilka,0.0,0,0,0.0,48,0,0.0,4.07,0.0,0.0,1180483,0.24,-0.08,0.57,0.0
2020-06-10,Punjab,Fazilka,0.0,0,0,0.0,48,0,0.0,4.07,0.0,0.0,1180483,0.32,0.0,0.57,0.0
2020-06-09,Punjab,Fazilka,0.0,0,0,0.0,48,0,0.0,4.07,0.0,0.0,1180483,0.32,0.0,0.57,-0.08
2020-06-08,Punjab,Fazilka,0.08,1,0,0.0,48,0,0.0,4.07,0.0,0.0,1180483,0.32,0.25,0.65,0.0
2020-06-07,Punjab,Fazilka,0.08,1,0,0.0,47,0,0.0,3.98,0.0,0.0,1180483,0.07,0.08,0.65,0.08
2020-06-06,Punjab,Fazilka,0.08,1,0,0.0,46,0,0.0,3.9,0.0,0.0,1180483,-0.01,-0.09,0.57,0.08
2020-06-05,Punjab,Fazilka,0.0,0,0,0.0,45,0,0.0,3.81,0.0,0.0,1180483,0.08,0.0,0.49,0.0
2020-06-04,Punjab,Fazilka,0.08,1,0,0.0,45,0,0.0,3.81,0.0,0.0,1180483,0.08,0.08,0.49,0.08
2020-06-03,Punjab,Fazilka,0.0,0,0,0.0,44,0,0.0,3.73,0.0,0.0,1180483,0.0,0.0,0.41,-0.08
2020-06-02,Punjab,Fazilka,0.0,0,0,0.0,44,0,0.0,3.73,0.0,0.0,1180483,0.0,0.0,0.49,-2.88
2020-06-01,Punjab,Fazilka,-0.17,-2,0,0.0,44,0,0.0,3.73,0.0,0.0,1180483,0.0,-0.17,3.37,-0.17
2020-05-31,Punjab,Fazilka,0.0,0,0,0.0,46,0,0.0,3.9,0.0,0.0,1180483,0.17,0.0,3.54,0.0
2020-05-30,Punjab,Fazilka,0.17,2,0,0.0,46,0,0.0,3.9,0.0,0.0,1180483,0.17,0.17,3.54,0.17
2020-05-29,Punjab,Fazilka,0.0,0,0,0.0,44,0,0.0,3.73,0.0,0.0,1180483,0.0,0.0,3.37,0.0
2020-05-28,Punjab,Fazilka,0.0,0,0,0.0,44,0,0.0,3.73,0.0,0.0,1180483,0.0,0.0,3.37,0.0
2020-05-27,Punjab,Fazilka,0.0,0,0,0.0,44,0,0.0,3.73,0.0,0.0,1180483,0.0,0.0,3.37,0.0
2020-05-26,Punjab,Fazilka,0.0,0,0,0.0,44,0,0.0,3.73,0.0,0.0,1180483,0.0,0.0,3.37,0.0
2020-05-25,Punjab,Fazilka,0.0,0,0,0.0,44,0,0.0,3.73,0.0,0.0,1180483,0.0,0.0,3.37,0.0
2020-05-24,Punjab,Fazilka,0.0,0,0,0.0,44,0,0.0,3.73,0.0,0.0,1180483,0.0,0.0,3.37,0.0
2020-05-23,Punjab,Fazilka,0.0,0,0,0.0,44,0,0.0,3.73,0.0,0.0,1180483,0.0,0.0,3.37,0.0
2020-05-22,Punjab,Fazilka,0.0,0,0,0.0,44,0,0.0,3.73,0.0,0.0,1180483,0.0,-0.25,3.37,0.0
2020-05-21,Punjab,Fazilka,0.0,0,0,0.0,44,0,0.0,3.73,0.0,0.0,1180483,0.25,0.0,3.37,0.0
2020-05-20,Punjab,Fazilka,0.0,0,0,0.0,44,0,0.0,3.73,0.0,0.0,1180483,0.25,0.0,3.37,0.0
2020-05-19,Punjab,Fazilka,0.0,0,0,0.0,44,0,0.0,3.73,0.0,0.0,1180483,0.25,-0.08,3.37,0.0
2020-05-18,Punjab,Fazilka,0.0,0,0,0.0,44,0,0.0,3.73,0.0,0.0,1180483,0.33,-0.08,3.37,0.0
2020-05-17,Punjab,Fazilka,0.0,0,0,0.0,44,0,0.0,3.73,0.0,0.0,1180483,0.41,0.0,3.37,0.0
2020-05-16,Punjab,Fazilka,0.0,0,0,0.0,44,0,0.0,3.73,0.0,0.0,1180483,0.41,0.0,3.37,0.0
2020-05-15,Punjab,Fazilka,0.25,3,0,0.0,44,0,0.0,3.73,0.0,0.0,1180483,0.41,0.25,3.37,0.25
2020-05-14,Punjab,Fazilka,0.0,0,0,0.0,41,0,0.0,3.47,0.0,0.0,1180483,0.16,0.0,3.12,0.0
2020-05-13,Punjab,Fazilka,0.0,0,0,0.0,41,0,0.0,3.47,0.0,0.0,1180483,0.16,-0.08,3.12,0.0
2020-05-12,Punjab,Fazilka,0.08,1,0,0.0,41,0,0.0,3.47,0.0,0.0,1180483,0.24,-2.8,3.12,0.08
2020-05-11,Punjab,Fazilka,0.08,1,0,0.0,40,0,0.0,3.39,0.0,0.0,1180483,3.04,0.08,3.04,0.08
2020-05-10,Punjab,Fazilka,0.0,0,0,0.0,39,0,0.0,3.3,0.0,0.0,1180483,2.96,0.0,2.96,0.0
2020-05-09,Punjab,Fazilka,0.0,0,0,0.0,39,0,0.0,3.3,0.0,0.0,1180483,2.96,0.0,2.96,0.0
2020-05-08,Punjab,Fazilka,0.0,0,0,0.0,39,0,0.0,3.3,0.0,0.0,1180483,2.96,0.0,2.96,0.0
2020-05-07,Punjab,Fazilka,0.0,0,0,0.0,39,0,0.0,3.3,0.0,0.0,1180483,2.96,0.0,2.96,0.0
2020-05-06,Punjab,Fazilka,0.08,1,0,0.0,39,0,0.0,3.3,0.0,0.0,1180483,2.96,0.08,2.96,0.08
2020-05-05,Punjab,Fazilka,2.88,34,0,0.0,38,0,0.0,3.22,0.0,0.0,1180483,2.88,2.88,2.88,2.88
2020-05-04,Punjab,Fazilka,0.0,0,0,0.0,4,0,0.0,0.34,0.0,0.0,1180483,0.0,0.0,0.0,0.0
2020-05-03,Punjab,Fazilka,0.0,0,0,0.0,4,0,0.0,0.34,0.0,0.0,1180483,0.0,0.0,0.0,0.0
2020-05-02,Punjab,Fazilka,0.0,0,0,0.0,4,0,0.0,0.34,0.0,0.0,1180483,0.0,0.0,0.0,0.0
2020-05-01,Punjab,Fazilka,0.0,0,0,0.0,4,0,0.0,0.34,0.0,0.0,1180483,0.0,0.0,0.0,0.0
