date,state,county,new_cases_100k,new_cases,new_deaths,new_deaths_100k,total_cases,total_deaths,cfr%,total_cases_100k,total_deaths_100k,%infected,population,pop_density
2020-08-01,Texas,Cass,13.28,4,1,3.32,153,7,4.58,507.98,23.24,0.51,30119,32.15
2020-07-31,Texas,Cass,19.92,6,1,3.32,149,6,4.03,494.7,19.92,0.49,30119,32.15
2020-07-30,Texas,Cass,6.64,2,0,0.0,143,5,3.5,474.78,16.6,0.47,30119,32.15
2020-07-29,Texas,Cass,3.32,1,0,0.0,141,5,3.55,468.14,16.6,0.47,30119,32.15
2020-07-28,Texas,Cass,13.28,4,1,3.32,140,5,3.57,464.82,16.6,0.46,30119,32.15
2020-07-27,Texas,Cass,3.32,1,0,0.0,136,4,2.94,451.54,13.28,0.45,30119,32.15
2020-07-26,Texas,Cass,3.32,1,0,0.0,135,4,2.96,448.22,13.28,0.45,30119,32.15
2020-07-25,Texas,Cass,96.28,29,1,3.32,134,4,2.99,444.9,13.28,0.44,30119,32.15
2020-07-24,Texas,Cass,19.92,6,0,0.0,105,3,2.86,348.62,9.96,0.35,30119,32.15
2020-07-23,Texas,Cass,9.96,3,0,0.0,99,3,3.03,328.7,9.96,0.33,30119,32.15
2020-07-22,Texas,Cass,13.28,4,0,0.0,96,3,3.12,318.74,9.96,0.32,30119,32.15
2020-07-21,Texas,Cass,6.64,2,0,0.0,92,3,3.26,305.46,9.96,0.31,30119,32.15
2020-07-20,Texas,Cass,6.64,2,0,0.0,90,3,3.33,298.81,9.96,0.3,30119,32.15
2020-07-19,Texas,Cass,13.28,4,0,0.0,88,3,3.41,292.17,9.96,0.29,30119,32.15
2020-07-18,Texas,Cass,13.28,4,0,0.0,84,3,3.57,278.89,9.96,0.28,30119,32.15
2020-07-17,Texas,Cass,16.6,5,0,0.0,80,3,3.75,265.61,9.96,0.27,30119,32.15
2020-07-16,Texas,Cass,9.96,3,0,0.0,75,3,4.0,249.01,9.96,0.25,30119,32.15
2020-07-15,Texas,Cass,6.64,2,0,0.0,72,3,4.17,239.05,9.96,0.24,30119,32.15
2020-07-14,Texas,Cass,26.56,8,0,0.0,70,3,4.29,232.41,9.96,0.23,30119,32.15
2020-07-13,Texas,Cass,13.28,4,0,0.0,62,3,4.84,205.85,9.96,0.21,30119,32.15
2020-07-12,Texas,Cass,3.32,1,0,0.0,58,3,5.17,192.57,9.96,0.19,30119,32.15
2020-07-11,Texas,Cass,0.0,0,0,0.0,57,3,5.26,189.25,9.96,0.19,30119,32.15
2020-07-10,Texas,Cass,0.0,0,0,0.0,57,3,5.26,189.25,9.96,0.19,30119,32.15
2020-07-09,Texas,Cass,0.0,0,0,0.0,57,3,5.26,189.25,9.96,0.19,30119,32.15
2020-07-08,Texas,Cass,19.92,6,1,3.32,57,3,5.26,189.25,9.96,0.19,30119,32.15
2020-07-07,Texas,Cass,0.0,0,0,0.0,51,2,3.92,169.33,6.64,0.17,30119,32.15
2020-07-06,Texas,Cass,0.0,0,0,0.0,51,2,3.92,169.33,6.64,0.17,30119,32.15
2020-07-05,Texas,Cass,0.0,0,0,0.0,51,2,3.92,169.33,6.64,0.17,30119,32.15
2020-07-04,Texas,Cass,23.24,7,0,0.0,51,2,3.92,169.33,6.64,0.17,30119,32.15
2020-07-03,Texas,Cass,0.0,0,0,0.0,44,2,4.55,146.09,6.64,0.15,30119,32.15
2020-07-02,Texas,Cass,9.96,3,0,0.0,44,2,4.55,146.09,6.64,0.15,30119,32.15
2020-07-01,Texas,Cass,9.96,3,0,0.0,41,2,4.88,136.13,6.64,0.14,30119,32.15
2020-06-30,Texas,Cass,0.0,0,0,0.0,38,2,5.26,126.17,6.64,0.13,30119,32.15
2020-06-29,Texas,Cass,3.32,1,0,0.0,38,2,5.26,126.17,6.64,0.13,30119,32.15
2020-06-28,Texas,Cass,0.0,0,0,0.0,37,2,5.41,122.85,6.64,0.12,30119,32.15
2020-06-27,Texas,Cass,0.0,0,0,0.0,37,2,5.41,122.85,6.64,0.12,30119,32.15
2020-06-26,Texas,Cass,0.0,0,0,0.0,37,2,5.41,122.85,6.64,0.12,30119,32.15
2020-06-25,Texas,Cass,3.32,1,0,0.0,37,2,5.41,122.85,6.64,0.12,30119,32.15
2020-06-24,Texas,Cass,0.0,0,0,0.0,36,2,5.56,119.53,6.64,0.12,30119,32.15
2020-06-23,Texas,Cass,0.0,0,0,0.0,36,2,5.56,119.53,6.64,0.12,30119,32.15
2020-06-22,Texas,Cass,0.0,0,0,0.0,36,2,5.56,119.53,6.64,0.12,30119,32.15
2020-06-21,Texas,Cass,0.0,0,0,0.0,36,2,5.56,119.53,6.64,0.12,30119,32.15
2020-06-20,Texas,Cass,0.0,0,0,0.0,36,2,5.56,119.53,6.64,0.12,30119,32.15
2020-06-19,Texas,Cass,0.0,0,0,0.0,36,2,5.56,119.53,6.64,0.12,30119,32.15
2020-06-18,Texas,Cass,3.32,1,0,0.0,36,2,5.56,119.53,6.64,0.12,30119,32.15
2020-06-17,Texas,Cass,3.32,1,0,0.0,35,2,5.71,116.21,6.64,0.12,30119,32.15
2020-06-16,Texas,Cass,0.0,0,0,0.0,34,2,5.88,112.89,6.64,0.11,30119,32.15
2020-06-15,Texas,Cass,0.0,0,0,0.0,34,2,5.88,112.89,6.64,0.11,30119,32.15
2020-06-14,Texas,Cass,0.0,0,1,3.32,34,2,5.88,112.89,6.64,0.11,30119,32.15
2020-06-13,Texas,Cass,0.0,0,0,0.0,34,1,2.94,112.89,3.32,0.11,30119,32.15
2020-06-12,Texas,Cass,3.32,1,0,0.0,34,1,2.94,112.89,3.32,0.11,30119,32.15
2020-06-11,Texas,Cass,3.32,1,0,0.0,33,1,3.03,109.57,3.32,0.11,30119,32.15
2020-06-10,Texas,Cass,0.0,0,0,0.0,32,1,3.12,106.25,3.32,0.11,30119,32.15
2020-06-09,Texas,Cass,3.32,1,0,0.0,32,1,3.12,106.25,3.32,0.11,30119,32.15
2020-06-08,Texas,Cass,0.0,0,0,0.0,31,1,3.23,102.93,3.32,0.1,30119,32.15
2020-06-07,Texas,Cass,0.0,0,0,0.0,31,1,3.23,102.93,3.32,0.1,30119,32.15
2020-06-06,Texas,Cass,3.32,1,0,0.0,31,1,3.23,102.93,3.32,0.1,30119,32.15
2020-06-05,Texas,Cass,0.0,0,0,0.0,30,1,3.33,99.6,3.32,0.1,30119,32.15
2020-06-04,Texas,Cass,0.0,0,0,0.0,30,1,3.33,99.6,3.32,0.1,30119,32.15
2020-06-03,Texas,Cass,0.0,0,1,3.32,30,1,3.33,99.6,3.32,0.1,30119,32.15
2020-06-02,Texas,Cass,3.32,1,0,0.0,30,0,0.0,99.6,0.0,0.1,30119,32.15
2020-06-01,Texas,Cass,0.0,0,0,0.0,29,0,0.0,96.28,0.0,0.1,30119,32.15
2020-05-31,Texas,Cass,0.0,0,0,0.0,29,0,0.0,96.28,0.0,0.1,30119,32.15
2020-05-30,Texas,Cass,0.0,0,0,0.0,29,0,0.0,96.28,0.0,0.1,30119,32.15
2020-05-29,Texas,Cass,0.0,0,0,0.0,29,0,0.0,96.28,0.0,0.1,30119,32.15
2020-05-28,Texas,Cass,13.28,4,0,0.0,29,0,0.0,96.28,0.0,0.1,30119,32.15
2020-05-27,Texas,Cass,6.64,2,0,0.0,25,0,0.0,83.0,0.0,0.08,30119,32.15
2020-05-26,Texas,Cass,6.64,2,0,0.0,23,0,0.0,76.36,0.0,0.08,30119,32.15
2020-05-25,Texas,Cass,0.0,0,0,0.0,21,0,0.0,69.72,0.0,0.07,30119,32.15
2020-05-24,Texas,Cass,0.0,0,0,0.0,21,0,0.0,69.72,0.0,0.07,30119,32.15
2020-05-23,Texas,Cass,0.0,0,0,0.0,21,0,0.0,69.72,0.0,0.07,30119,32.15
2020-05-22,Texas,Cass,0.0,0,0,0.0,21,0,0.0,69.72,0.0,0.07,30119,32.15
2020-05-21,Texas,Cass,0.0,0,0,0.0,21,0,0.0,69.72,0.0,0.07,30119,32.15
2020-05-20,Texas,Cass,0.0,0,0,0.0,21,0,0.0,69.72,0.0,0.07,30119,32.15
2020-05-19,Texas,Cass,3.32,1,0,0.0,21,0,0.0,69.72,0.0,0.07,30119,32.15
2020-05-18,Texas,Cass,0.0,0,0,0.0,20,0,0.0,66.4,0.0,0.07,30119,32.15
2020-05-17,Texas,Cass,0.0,0,0,0.0,20,0,0.0,66.4,0.0,0.07,30119,32.15
2020-05-16,Texas,Cass,0.0,0,0,0.0,20,0,0.0,66.4,0.0,0.07,30119,32.15
2020-05-15,Texas,Cass,0.0,0,0,0.0,20,0,0.0,66.4,0.0,0.07,30119,32.15
2020-05-14,Texas,Cass,0.0,0,0,0.0,20,0,0.0,66.4,0.0,0.07,30119,32.15
2020-05-13,Texas,Cass,0.0,0,0,0.0,20,0,0.0,66.4,0.0,0.07,30119,32.15
2020-05-12,Texas,Cass,0.0,0,0,0.0,20,0,0.0,66.4,0.0,0.07,30119,32.15
2020-05-11,Texas,Cass,0.0,0,0,0.0,20,0,0.0,66.4,0.0,0.07,30119,32.15
2020-05-10,Texas,Cass,9.96,3,0,0.0,20,0,0.0,66.4,0.0,0.07,30119,32.15
2020-05-09,Texas,Cass,0.0,0,-2,-6.64,17,0,0.0,56.44,0.0,0.06,30119,32.15
2020-05-08,Texas,Cass,0.0,0,0,0.0,17,2,11.76,56.44,6.64,0.06,30119,32.15
2020-05-07,Texas,Cass,0.0,0,0,0.0,17,2,11.76,56.44,6.64,0.06,30119,32.15
2020-05-06,Texas,Cass,3.32,1,0,0.0,17,2,11.76,56.44,6.64,0.06,30119,32.15
2020-05-05,Texas,Cass,0.0,0,0,0.0,16,2,12.5,53.12,6.64,0.05,30119,32.15
2020-05-04,Texas,Cass,0.0,0,0,0.0,16,2,12.5,53.12,6.64,0.05,30119,32.15
2020-05-03,Texas,Cass,0.0,0,0,0.0,16,2,12.5,53.12,6.64,0.05,30119,32.15
2020-05-02,Texas,Cass,0.0,0,0,0.0,16,2,12.5,53.12,6.64,0.05,30119,32.15
2020-05-01,Texas,Cass,0.0,0,0,0.0,16,2,12.5,53.12,6.64,0.05,30119,32.15
2020-04-30,Texas,Cass,0.0,0,0,0.0,16,2,12.5,53.12,6.64,0.05,30119,32.15
2020-04-29,Texas,Cass,0.0,0,0,0.0,16,2,12.5,53.12,6.64,0.05,30119,32.15
2020-04-28,Texas,Cass,0.0,0,0,0.0,16,2,12.5,53.12,6.64,0.05,30119,32.15
2020-04-27,Texas,Cass,0.0,0,0,0.0,16,2,12.5,53.12,6.64,0.05,30119,32.15
2020-04-26,Texas,Cass,0.0,0,0,0.0,16,2,12.5,53.12,6.64,0.05,30119,32.15
2020-04-25,Texas,Cass,0.0,0,0,0.0,16,2,12.5,53.12,6.64,0.05,30119,32.15
2020-04-24,Texas,Cass,9.96,3,0,0.0,16,2,12.5,53.12,6.64,0.05,30119,32.15
2020-04-23,Texas,Cass,0.0,0,0,0.0,13,2,15.38,43.16,6.64,0.04,30119,32.15
2020-04-22,Texas,Cass,0.0,0,0,0.0,13,2,15.38,43.16,6.64,0.04,30119,32.15
2020-04-21,Texas,Cass,0.0,0,0,0.0,13,2,15.38,43.16,6.64,0.04,30119,32.15
2020-04-20,Texas,Cass,0.0,0,0,0.0,13,2,15.38,43.16,6.64,0.04,30119,32.15
2020-04-19,Texas,Cass,9.96,3,0,0.0,13,2,15.38,43.16,6.64,0.04,30119,32.15
2020-04-18,Texas,Cass,6.64,2,0,0.0,10,2,20.0,33.2,6.64,0.03,30119,32.15
2020-04-17,Texas,Cass,0.0,0,0,0.0,8,2,25.0,26.56,6.64,0.03,30119,32.15
2020-04-16,Texas,Cass,0.0,0,0,0.0,8,2,25.0,26.56,6.64,0.03,30119,32.15
2020-04-15,Texas,Cass,9.96,3,0,0.0,8,2,25.0,26.56,6.64,0.03,30119,32.15
2020-04-14,Texas,Cass,0.0,0,0,0.0,5,2,40.0,16.6,6.64,0.02,30119,32.15
2020-04-13,Texas,Cass,0.0,0,0,0.0,5,2,40.0,16.6,6.64,0.02,30119,32.15
2020-04-12,Texas,Cass,0.0,0,0,0.0,5,2,40.0,16.6,6.64,0.02,30119,32.15
2020-04-11,Texas,Cass,0.0,0,0,0.0,5,2,40.0,16.6,6.64,0.02,30119,32.15
2020-04-10,Texas,Cass,0.0,0,0,0.0,5,2,40.0,16.6,6.64,0.02,30119,32.15
2020-04-09,Texas,Cass,0.0,0,0,0.0,5,2,40.0,16.6,6.64,0.02,30119,32.15
2020-04-08,Texas,Cass,0.0,0,0,0.0,5,2,40.0,16.6,6.64,0.02,30119,32.15
2020-04-07,Texas,Cass,0.0,0,0,0.0,5,2,40.0,16.6,6.64,0.02,30119,32.15
2020-04-06,Texas,Cass,3.32,1,2,6.64,5,2,40.0,16.6,6.64,0.02,30119,32.15
2020-04-05,Texas,Cass,0.0,0,0,0.0,4,0,0.0,13.28,0.0,0.01,30119,32.15
2020-04-04,Texas,Cass,0.0,0,0,0.0,4,0,0.0,13.28,0.0,0.01,30119,32.15
2020-04-03,Texas,Cass,0.0,0,0,0.0,4,0,0.0,13.28,0.0,0.01,30119,32.15
2020-04-02,Texas,Cass,3.32,1,0,0.0,4,0,0.0,13.28,0.0,0.01,30119,32.15
2020-04-01,Texas,Cass,3.32,1,0,0.0,3,0,0.0,9.96,0.0,0.01,30119,32.15
2020-03-31,Texas,Cass,0.0,0,0,0.0,2,0,0.0,6.64,0.0,0.01,30119,32.15
2020-03-30,Texas,Cass,0.0,0,0,0.0,2,0,0.0,6.64,0.0,0.01,30119,32.15
2020-03-29,Texas,Cass,0.0,0,0,0.0,2,0,0.0,6.64,0.0,0.01,30119,32.15
2020-03-28,Texas,Cass,3.32,1,0,0.0,2,0,0.0,6.64,0.0,0.01,30119,32.15
2020-03-27,Texas,Cass,0.0,0,0,0.0,1,0,0.0,3.32,0.0,0.0,30119,32.15
2020-03-26,Texas,Cass,0.0,0,0,0.0,1,0,0.0,3.32,0.0,0.0,30119,32.15
2020-03-25,Texas,Cass,0.0,0,0,0.0,1,0,0.0,3.32,0.0,0.0,30119,32.15
2020-03-24,Texas,Cass,0.0,0,0,0.0,1,0,0.0,3.32,0.0,0.0,30119,32.15
2020-03-23,Texas,Cass,0.0,0,0,0.0,1,0,0.0,3.32,0.0,0.0,30119,32.15
2020-03-22,Texas,Cass,0.0,0,0,0.0,1,0,0.0,3.32,0.0,0.0,30119,32.15
2020-03-21,Texas,Cass,0.0,0,0,0.0,1,0,0.0,3.32,0.0,0.0,30119,32.15
2020-03-20,Texas,Cass,0.0,0,0,0.0,1,0,0.0,3.32,0.0,0.0,30119,32.15
