date,state,county,1day_cases_100k,new_cases,new_deaths,new_deaths_100k,total_cases,total_deaths,cfr%,total_cases_100k,total_deaths_100k,%infected,population,pop_density
2020-08-27,Texas,Gonzales,0.0,0,0,0.0,805,12,1.49,3865.36,57.62,3.87,20826,19.52
2020-08-26,Texas,Gonzales,48.02,10,0,0.0,805,12,1.49,3865.36,57.62,3.87,20826,19.52
2020-08-25,Texas,Gonzales,57.62,12,0,0.0,795,12,1.51,3817.34,57.62,3.82,20826,19.52
2020-08-24,Texas,Gonzales,0.0,0,0,0.0,783,12,1.53,3759.72,57.62,3.76,20826,19.52
2020-08-23,Texas,Gonzales,0.0,0,0,0.0,783,12,1.53,3759.72,57.62,3.76,20826,19.52
2020-08-22,Texas,Gonzales,163.26,34,1,4.8,783,12,1.53,3759.72,57.62,3.76,20826,19.52
2020-08-21,Texas,Gonzales,0.0,0,0,0.0,749,11,1.47,3596.47,52.82,3.6,20826,19.52
2020-08-20,Texas,Gonzales,-4.8,-1,0,0.0,749,11,1.47,3596.47,52.82,3.6,20826,19.52
2020-08-19,Texas,Gonzales,57.62,12,0,0.0,750,11,1.47,3601.27,52.82,3.6,20826,19.52
2020-08-18,Texas,Gonzales,81.63,17,0,0.0,738,11,1.49,3543.65,52.82,3.54,20826,19.52
2020-08-17,Texas,Gonzales,0.0,0,0,0.0,721,11,1.53,3462.02,52.82,3.46,20826,19.52
2020-08-16,Texas,Gonzales,0.0,0,0,0.0,721,11,1.53,3462.02,52.82,3.46,20826,19.52
2020-08-15,Texas,Gonzales,24.01,5,0,0.0,721,11,1.53,3462.02,52.82,3.46,20826,19.52
2020-08-14,Texas,Gonzales,62.42,13,0,0.0,716,11,1.54,3438.01,52.82,3.44,20826,19.52
2020-08-13,Texas,Gonzales,19.21,4,1,4.8,703,11,1.56,3375.59,52.82,3.38,20826,19.52
2020-08-12,Texas,Gonzales,72.03,15,0,0.0,699,10,1.43,3356.38,48.02,3.36,20826,19.52
2020-08-11,Texas,Gonzales,4.8,1,1,4.8,684,10,1.46,3284.36,48.02,3.28,20826,19.52
2020-08-10,Texas,Gonzales,0.0,0,0,0.0,683,9,1.32,3279.55,43.22,3.28,20826,19.52
2020-08-09,Texas,Gonzales,0.0,0,0,0.0,683,9,1.32,3279.55,43.22,3.28,20826,19.52
2020-08-08,Texas,Gonzales,14.41,3,0,0.0,683,9,1.32,3279.55,43.22,3.28,20826,19.52
2020-08-07,Texas,Gonzales,48.02,10,0,0.0,680,9,1.32,3265.15,43.22,3.27,20826,19.52
2020-08-06,Texas,Gonzales,115.24,24,0,0.0,670,9,1.34,3217.13,43.22,3.22,20826,19.52
2020-08-05,Texas,Gonzales,72.03,15,1,4.8,646,9,1.39,3101.89,43.22,3.1,20826,19.52
2020-08-04,Texas,Gonzales,67.22,14,1,4.8,631,8,1.27,3029.87,38.41,3.03,20826,19.52
2020-08-03,Texas,Gonzales,0.0,0,0,0.0,617,7,1.13,2962.64,33.61,2.96,20826,19.52
2020-08-02,Texas,Gonzales,0.0,0,0,0.0,617,7,1.13,2962.64,33.61,2.96,20826,19.52
2020-08-01,Texas,Gonzales,19.21,4,0,0.0,617,7,1.13,2962.64,33.61,2.96,20826,19.52
2020-07-31,Texas,Gonzales,0.0,0,0,0.0,613,7,1.14,2943.44,33.61,2.94,20826,19.52
2020-07-30,Texas,Gonzales,33.61,7,-1,-4.8,613,7,1.14,2943.44,33.61,2.94,20826,19.52
2020-07-29,Texas,Gonzales,38.41,8,0,0.0,606,8,1.32,2909.82,38.41,2.91,20826,19.52
2020-07-28,Texas,Gonzales,139.25,29,0,0.0,598,8,1.34,2871.41,38.41,2.87,20826,19.52
2020-07-27,Texas,Gonzales,0.0,0,2,9.6,569,8,1.41,2732.16,38.41,2.73,20826,19.52
2020-07-26,Texas,Gonzales,0.0,0,0,0.0,569,6,1.05,2732.16,28.81,2.73,20826,19.52
2020-07-25,Texas,Gonzales,9.6,2,0,0.0,569,6,1.05,2732.16,28.81,2.73,20826,19.52
2020-07-24,Texas,Gonzales,144.05,30,0,0.0,567,6,1.06,2722.56,28.81,2.72,20826,19.52
2020-07-23,Texas,Gonzales,182.46,38,0,0.0,537,6,1.12,2578.51,28.81,2.58,20826,19.52
2020-07-22,Texas,Gonzales,110.44,23,2,9.6,499,6,1.2,2396.04,28.81,2.4,20826,19.52
2020-07-21,Texas,Gonzales,206.47,43,0,0.0,476,4,0.84,2285.6,19.21,2.29,20826,19.52
2020-07-20,Texas,Gonzales,0.0,0,0,0.0,433,4,0.92,2079.13,19.21,2.08,20826,19.52
2020-07-19,Texas,Gonzales,4.8,1,0,0.0,433,4,0.92,2079.13,19.21,2.08,20826,19.52
2020-07-18,Texas,Gonzales,52.82,11,0,0.0,432,4,0.93,2074.33,19.21,2.07,20826,19.52
2020-07-17,Texas,Gonzales,158.46,33,0,0.0,421,4,0.95,2021.51,19.21,2.02,20826,19.52
2020-07-16,Texas,Gonzales,158.46,33,0,0.0,388,4,1.03,1863.06,19.21,1.86,20826,19.52
2020-07-15,Texas,Gonzales,33.61,7,0,0.0,355,4,1.13,1704.6,19.21,1.7,20826,19.52
2020-07-14,Texas,Gonzales,0.0,0,0,0.0,348,4,1.15,1670.99,19.21,1.67,20826,19.52
2020-07-13,Texas,Gonzales,0.0,0,0,0.0,348,4,1.15,1670.99,19.21,1.67,20826,19.52
2020-07-12,Texas,Gonzales,120.04,25,0,0.0,348,4,1.15,1670.99,19.21,1.67,20826,19.52
2020-07-11,Texas,Gonzales,24.01,5,0,0.0,323,4,1.24,1550.95,19.21,1.55,20826,19.52
2020-07-10,Texas,Gonzales,9.6,2,0,0.0,318,4,1.26,1526.94,19.21,1.53,20826,19.52
2020-07-09,Texas,Gonzales,9.6,2,0,0.0,316,4,1.27,1517.33,19.21,1.52,20826,19.52
2020-07-08,Texas,Gonzales,0.0,0,0,0.0,314,4,1.27,1507.73,19.21,1.51,20826,19.52
2020-07-07,Texas,Gonzales,33.61,7,0,0.0,314,4,1.27,1507.73,19.21,1.51,20826,19.52
2020-07-06,Texas,Gonzales,4.8,1,0,0.0,307,4,1.3,1474.12,19.21,1.47,20826,19.52
2020-07-05,Texas,Gonzales,0.0,0,0,0.0,306,4,1.31,1469.32,19.21,1.47,20826,19.52
2020-07-04,Texas,Gonzales,24.01,5,0,0.0,306,4,1.31,1469.32,19.21,1.47,20826,19.52
2020-07-03,Texas,Gonzales,19.21,4,0,0.0,301,4,1.33,1445.31,19.21,1.45,20826,19.52
2020-07-02,Texas,Gonzales,172.86,36,0,0.0,297,4,1.35,1426.1,19.21,1.43,20826,19.52
2020-07-01,Texas,Gonzales,4.8,1,0,0.0,261,4,1.53,1253.24,19.21,1.25,20826,19.52
2020-06-30,Texas,Gonzales,57.62,12,0,0.0,260,4,1.54,1248.44,19.21,1.25,20826,19.52
2020-06-29,Texas,Gonzales,0.0,0,0,0.0,248,4,1.61,1190.82,19.21,1.19,20826,19.52
2020-06-28,Texas,Gonzales,4.8,1,0,0.0,248,4,1.61,1190.82,19.21,1.19,20826,19.52
2020-06-27,Texas,Gonzales,14.41,3,0,0.0,247,4,1.62,1186.02,19.21,1.19,20826,19.52
2020-06-26,Texas,Gonzales,43.22,9,0,0.0,244,4,1.64,1171.61,19.21,1.17,20826,19.52
2020-06-25,Texas,Gonzales,19.21,4,0,0.0,235,4,1.7,1128.4,19.21,1.13,20826,19.52
2020-06-24,Texas,Gonzales,67.22,14,0,0.0,231,4,1.73,1109.19,19.21,1.11,20826,19.52
2020-06-23,Texas,Gonzales,9.6,2,0,0.0,217,4,1.84,1041.97,19.21,1.04,20826,19.52
2020-06-22,Texas,Gonzales,0.0,0,0,0.0,215,4,1.86,1032.36,19.21,1.03,20826,19.52
2020-06-21,Texas,Gonzales,9.6,2,0,0.0,215,4,1.86,1032.36,19.21,1.03,20826,19.52
2020-06-20,Texas,Gonzales,48.02,10,0,0.0,213,4,1.88,1022.76,19.21,1.02,20826,19.52
2020-06-19,Texas,Gonzales,134.45,28,0,0.0,203,4,1.97,974.74,19.21,0.97,20826,19.52
2020-06-18,Texas,Gonzales,14.41,3,0,0.0,175,4,2.29,840.3,19.21,0.84,20826,19.52
2020-06-17,Texas,Gonzales,14.41,3,0,0.0,172,4,2.33,825.89,19.21,0.83,20826,19.52
2020-06-16,Texas,Gonzales,14.41,3,0,0.0,169,4,2.37,811.49,19.21,0.81,20826,19.52
2020-06-15,Texas,Gonzales,0.0,0,0,0.0,166,4,2.41,797.08,19.21,0.8,20826,19.52
2020-06-14,Texas,Gonzales,4.8,1,0,0.0,166,4,2.41,797.08,19.21,0.8,20826,19.52
2020-06-13,Texas,Gonzales,38.41,8,0,0.0,165,4,2.42,792.28,19.21,0.79,20826,19.52
2020-06-12,Texas,Gonzales,0.0,0,0,0.0,157,4,2.55,753.87,19.21,0.75,20826,19.52
2020-06-11,Texas,Gonzales,9.6,2,1,4.8,157,4,2.55,753.87,19.21,0.75,20826,19.52
2020-06-10,Texas,Gonzales,9.6,2,0,0.0,155,3,1.94,744.26,14.41,0.74,20826,19.52
2020-06-09,Texas,Gonzales,9.6,2,0,0.0,153,3,1.96,734.66,14.41,0.73,20826,19.52
2020-06-08,Texas,Gonzales,0.0,0,0,0.0,151,3,1.99,725.06,14.41,0.73,20826,19.52
2020-06-07,Texas,Gonzales,9.6,2,0,0.0,151,3,1.99,725.06,14.41,0.73,20826,19.52
2020-06-06,Texas,Gonzales,9.6,2,0,0.0,149,3,2.01,715.45,14.41,0.72,20826,19.52
2020-06-05,Texas,Gonzales,14.41,3,0,0.0,147,3,2.04,705.85,14.41,0.71,20826,19.52
2020-06-04,Texas,Gonzales,4.8,1,0,0.0,144,3,2.08,691.44,14.41,0.69,20826,19.52
2020-06-03,Texas,Gonzales,52.82,11,1,4.8,143,3,2.1,686.64,14.41,0.69,20826,19.52
2020-06-02,Texas,Gonzales,14.41,3,0,0.0,132,2,1.52,633.82,9.6,0.63,20826,19.52
2020-06-01,Texas,Gonzales,0.0,0,0,0.0,129,2,1.55,619.42,9.6,0.62,20826,19.52
2020-05-31,Texas,Gonzales,38.41,8,0,0.0,129,2,1.55,619.42,9.6,0.62,20826,19.52
2020-05-30,Texas,Gonzales,14.41,3,0,0.0,121,2,1.65,581.0,9.6,0.58,20826,19.52
2020-05-29,Texas,Gonzales,33.61,7,0,0.0,118,2,1.69,566.6,9.6,0.57,20826,19.52
2020-05-28,Texas,Gonzales,52.82,11,0,0.0,111,2,1.8,532.99,9.6,0.53,20826,19.52
2020-05-27,Texas,Gonzales,43.22,9,0,0.0,100,2,2.0,480.17,9.6,0.48,20826,19.52
2020-05-26,Texas,Gonzales,0.0,0,0,0.0,91,2,2.2,436.95,9.6,0.44,20826,19.52
2020-05-25,Texas,Gonzales,0.0,0,0,0.0,91,2,2.2,436.95,9.6,0.44,20826,19.52
2020-05-24,Texas,Gonzales,0.0,0,0,0.0,91,2,2.2,436.95,9.6,0.44,20826,19.52
2020-05-23,Texas,Gonzales,4.8,1,0,0.0,91,2,2.2,436.95,9.6,0.44,20826,19.52
2020-05-22,Texas,Gonzales,0.0,0,0,0.0,90,2,2.22,432.15,9.6,0.43,20826,19.52
2020-05-21,Texas,Gonzales,9.6,2,0,0.0,90,2,2.22,432.15,9.6,0.43,20826,19.52
2020-05-20,Texas,Gonzales,9.6,2,0,0.0,88,2,2.27,422.55,9.6,0.42,20826,19.52
2020-05-19,Texas,Gonzales,4.8,1,0,0.0,86,2,2.33,412.95,9.6,0.41,20826,19.52
2020-05-18,Texas,Gonzales,28.81,6,0,0.0,85,2,2.35,408.14,9.6,0.41,20826,19.52
2020-05-17,Texas,Gonzales,19.21,4,0,0.0,79,2,2.53,379.33,9.6,0.38,20826,19.52
2020-05-16,Texas,Gonzales,9.6,2,0,0.0,75,2,2.67,360.13,9.6,0.36,20826,19.52
2020-05-15,Texas,Gonzales,14.41,3,0,0.0,73,2,2.74,350.52,9.6,0.35,20826,19.52
2020-05-14,Texas,Gonzales,38.41,8,0,0.0,70,2,2.86,336.12,9.6,0.34,20826,19.52
2020-05-13,Texas,Gonzales,14.41,3,0,0.0,62,2,3.23,297.7,9.6,0.3,20826,19.52
2020-05-12,Texas,Gonzales,0.0,0,0,0.0,59,2,3.39,283.3,9.6,0.28,20826,19.52
2020-05-11,Texas,Gonzales,28.81,6,0,0.0,59,2,3.39,283.3,9.6,0.28,20826,19.52
2020-05-10,Texas,Gonzales,62.42,13,0,0.0,53,2,3.77,254.49,9.6,0.25,20826,19.52
2020-05-09,Texas,Gonzales,43.22,9,0,0.0,40,2,5.0,192.07,9.6,0.19,20826,19.52
2020-05-08,Texas,Gonzales,0.0,0,0,0.0,31,2,6.45,148.85,9.6,0.15,20826,19.52
2020-05-07,Texas,Gonzales,0.0,0,0,0.0,31,2,6.45,148.85,9.6,0.15,20826,19.52
2020-05-06,Texas,Gonzales,0.0,0,0,0.0,31,2,6.45,148.85,9.6,0.15,20826,19.52
2020-05-05,Texas,Gonzales,4.8,1,0,0.0,31,2,6.45,148.85,9.6,0.15,20826,19.52
2020-05-04,Texas,Gonzales,14.41,3,0,0.0,30,2,6.67,144.05,9.6,0.14,20826,19.52
2020-05-03,Texas,Gonzales,19.21,4,0,0.0,27,2,7.41,129.65,9.6,0.13,20826,19.52
2020-05-02,Texas,Gonzales,9.6,2,0,0.0,23,2,8.7,110.44,9.6,0.11,20826,19.52
2020-05-01,Texas,Gonzales,4.8,1,0,0.0,21,2,9.52,100.84,9.6,0.1,20826,19.52
2020-04-30,Texas,Gonzales,9.6,2,0,0.0,20,2,10.0,96.03,9.6,0.1,20826,19.52
2020-04-29,Texas,Gonzales,19.21,4,0,0.0,18,2,11.11,86.43,9.6,0.09,20826,19.52
2020-04-28,Texas,Gonzales,9.6,2,1,4.8,14,2,14.29,67.22,9.6,0.07,20826,19.52
2020-04-27,Texas,Gonzales,0.0,0,0,0.0,12,1,8.33,57.62,4.8,0.06,20826,19.52
2020-04-26,Texas,Gonzales,19.21,4,0,0.0,12,1,8.33,57.62,4.8,0.06,20826,19.52
2020-04-25,Texas,Gonzales,19.21,4,1,4.8,8,1,12.5,38.41,4.8,0.04,20826,19.52
2020-04-24,Texas,Gonzales,0.0,0,0,0.0,4,0,0.0,19.21,0.0,0.02,20826,19.52
2020-04-23,Texas,Gonzales,4.8,1,0,0.0,4,0,0.0,19.21,0.0,0.02,20826,19.52
2020-04-22,Texas,Gonzales,4.8,1,0,0.0,3,0,0.0,14.41,0.0,0.01,20826,19.52
2020-04-21,Texas,Gonzales,0.0,0,0,0.0,2,0,0.0,9.6,0.0,0.01,20826,19.52
2020-04-20,Texas,Gonzales,0.0,0,0,0.0,2,0,0.0,9.6,0.0,0.01,20826,19.52
2020-04-19,Texas,Gonzales,0.0,0,0,0.0,2,0,0.0,9.6,0.0,0.01,20826,19.52
2020-04-18,Texas,Gonzales,0.0,0,0,0.0,2,0,0.0,9.6,0.0,0.01,20826,19.52
2020-04-17,Texas,Gonzales,0.0,0,0,0.0,2,0,0.0,9.6,0.0,0.01,20826,19.52
2020-04-16,Texas,Gonzales,0.0,0,0,0.0,2,0,0.0,9.6,0.0,0.01,20826,19.52
2020-04-15,Texas,Gonzales,0.0,0,0,0.0,2,0,0.0,9.6,0.0,0.01,20826,19.52
2020-04-14,Texas,Gonzales,0.0,0,0,0.0,2,0,0.0,9.6,0.0,0.01,20826,19.52
2020-04-13,Texas,Gonzales,0.0,0,0,0.0,2,0,0.0,9.6,0.0,0.01,20826,19.52
2020-04-12,Texas,Gonzales,0.0,0,0,0.0,2,0,0.0,9.6,0.0,0.01,20826,19.52
2020-04-11,Texas,Gonzales,0.0,0,0,0.0,2,0,0.0,9.6,0.0,0.01,20826,19.52
2020-04-10,Texas,Gonzales,0.0,0,0,0.0,2,0,0.0,9.6,0.0,0.01,20826,19.52
2020-04-09,Texas,Gonzales,4.8,1,0,0.0,2,0,0.0,9.6,0.0,0.01,20826,19.52
2020-04-08,Texas,Gonzales,0.0,0,0,0.0,1,0,0.0,4.8,0.0,0.0,20826,19.52
2020-04-07,Texas,Gonzales,0.0,0,0,0.0,1,0,0.0,4.8,0.0,0.0,20826,19.52
2020-04-06,Texas,Gonzales,0.0,0,0,0.0,1,0,0.0,4.8,0.0,0.0,20826,19.52
2020-04-05,Texas,Gonzales,0.0,0,0,0.0,1,0,0.0,4.8,0.0,0.0,20826,19.52
2020-04-04,Texas,Gonzales,0.0,0,0,0.0,1,0,0.0,4.8,0.0,0.0,20826,19.52
2020-04-03,Texas,Gonzales,0.0,0,0,0.0,1,0,0.0,4.8,0.0,0.0,20826,19.52
2020-04-02,Texas,Gonzales,0.0,0,0,0.0,1,0,0.0,4.8,0.0,0.0,20826,19.52
2020-04-01,Texas,Gonzales,0.0,0,0,0.0,1,0,0.0,4.8,0.0,0.0,20826,19.52
