date,state,county,new_cases_100k,new_cases,new_deaths,new_deaths_100k,total_cases,total_deaths,cfr%,total_cases_100k,total_deaths_100k,%infected,population,pop_density
2020-08-01,Texas,Harrison,17.98,12,0,0.0,624,35,5.61,935.17,52.45,0.94,66726,74.14
2020-07-31,Texas,Harrison,7.49,5,0,0.0,612,35,5.72,917.18,52.45,0.92,66726,74.14
2020-07-30,Texas,Harrison,10.49,7,1,1.5,607,35,5.77,909.69,52.45,0.91,66726,74.14
2020-07-29,Texas,Harrison,16.49,11,11,16.49,600,34,5.67,899.2,50.95,0.9,66726,74.14
2020-07-28,Texas,Harrison,22.48,15,0,0.0,589,23,3.9,882.71,34.47,0.88,66726,74.14
2020-07-27,Texas,Harrison,11.99,8,-11,-16.49,574,23,4.01,860.23,34.47,0.86,66726,74.14
2020-07-26,Texas,Harrison,5.99,4,0,0.0,566,34,6.01,848.25,50.95,0.85,66726,74.14
2020-07-25,Texas,Harrison,5.99,4,0,0.0,562,34,6.05,842.25,50.95,0.84,66726,74.14
2020-07-24,Texas,Harrison,26.98,18,0,0.0,558,34,6.09,836.26,50.95,0.84,66726,74.14
2020-07-23,Texas,Harrison,19.48,13,0,0.0,540,34,6.3,809.28,50.95,0.81,66726,74.14
2020-07-22,Texas,Harrison,11.99,8,1,1.5,527,34,6.45,789.8,50.95,0.79,66726,74.14
2020-07-21,Texas,Harrison,8.99,6,0,0.0,519,33,6.36,777.81,49.46,0.78,66726,74.14
2020-07-20,Texas,Harrison,11.99,8,0,0.0,513,33,6.43,768.82,49.46,0.77,66726,74.14
2020-07-19,Texas,Harrison,1.5,1,0,0.0,505,33,6.53,756.83,49.46,0.76,66726,74.14
2020-07-18,Texas,Harrison,10.49,7,2,3.0,504,33,6.55,755.33,49.46,0.76,66726,74.14
2020-07-17,Texas,Harrison,14.99,10,0,0.0,497,31,6.24,744.84,46.46,0.74,66726,74.14
2020-07-16,Texas,Harrison,43.46,29,0,0.0,487,31,6.37,729.85,46.46,0.73,66726,74.14
2020-07-15,Texas,Harrison,10.49,7,0,0.0,458,31,6.77,686.39,46.46,0.69,66726,74.14
2020-07-14,Texas,Harrison,32.97,22,0,0.0,451,31,6.87,675.9,46.46,0.68,66726,74.14
2020-07-13,Texas,Harrison,5.99,4,0,0.0,429,31,7.23,642.93,46.46,0.64,66726,74.14
2020-07-12,Texas,Harrison,35.97,24,0,0.0,425,31,7.29,636.93,46.46,0.64,66726,74.14
2020-07-11,Texas,Harrison,4.5,3,0,0.0,401,31,7.73,600.97,46.46,0.6,66726,74.14
2020-07-10,Texas,Harrison,8.99,6,0,0.0,398,31,7.79,596.47,46.46,0.6,66726,74.14
2020-07-09,Texas,Harrison,4.5,3,0,0.0,392,31,7.91,587.48,46.46,0.59,66726,74.14
2020-07-08,Texas,Harrison,8.99,6,1,1.5,389,31,7.97,582.98,46.46,0.58,66726,74.14
2020-07-07,Texas,Harrison,29.97,20,0,0.0,383,30,7.83,573.99,44.96,0.57,66726,74.14
2020-07-06,Texas,Harrison,35.97,24,0,0.0,363,30,8.26,544.02,44.96,0.54,66726,74.14
2020-07-05,Texas,Harrison,10.49,7,0,0.0,339,30,8.85,508.05,44.96,0.51,66726,74.14
2020-07-04,Texas,Harrison,7.49,5,0,0.0,332,30,9.04,497.56,44.96,0.5,66726,74.14
2020-07-03,Texas,Harrison,3.0,2,0,0.0,327,30,9.17,490.06,44.96,0.49,66726,74.14
2020-07-02,Texas,Harrison,16.49,11,0,0.0,325,30,9.23,487.07,44.96,0.49,66726,74.14
2020-07-01,Texas,Harrison,8.99,6,0,0.0,314,30,9.55,470.58,44.96,0.47,66726,74.14
2020-06-30,Texas,Harrison,28.47,19,0,0.0,308,30,9.74,461.59,44.96,0.46,66726,74.14
2020-06-29,Texas,Harrison,1.5,1,0,0.0,289,30,10.38,433.11,44.96,0.43,66726,74.14
2020-06-28,Texas,Harrison,0.0,0,0,0.0,288,30,10.42,431.62,44.96,0.43,66726,74.14
2020-06-27,Texas,Harrison,5.99,4,0,0.0,288,30,10.42,431.62,44.96,0.43,66726,74.14
2020-06-26,Texas,Harrison,4.5,3,-3,-4.5,284,30,10.56,425.62,44.96,0.43,66726,74.14
2020-06-25,Texas,Harrison,3.0,2,0,0.0,281,33,11.74,421.13,49.46,0.42,66726,74.14
2020-06-24,Texas,Harrison,4.5,3,0,0.0,279,33,11.83,418.13,49.46,0.42,66726,74.14
2020-06-23,Texas,Harrison,3.0,2,1,1.5,276,33,11.96,413.63,49.46,0.41,66726,74.14
2020-06-22,Texas,Harrison,3.0,2,0,0.0,274,32,11.68,410.63,47.96,0.41,66726,74.14
2020-06-21,Texas,Harrison,1.5,1,0,0.0,272,32,11.76,407.64,47.96,0.41,66726,74.14
2020-06-20,Texas,Harrison,4.5,3,1,1.5,271,32,11.81,406.14,47.96,0.41,66726,74.14
2020-06-19,Texas,Harrison,0.0,0,1,1.5,268,31,11.57,401.64,46.46,0.4,66726,74.14
2020-06-18,Texas,Harrison,-1.5,-1,1,1.5,268,30,11.19,401.64,44.96,0.4,66726,74.14
2020-06-17,Texas,Harrison,0.0,0,0,0.0,269,29,10.78,403.14,43.46,0.4,66726,74.14
2020-06-16,Texas,Harrison,-1.5,-1,1,1.5,269,29,10.78,403.14,43.46,0.4,66726,74.14
2020-06-15,Texas,Harrison,1.5,1,0,0.0,270,28,10.37,404.64,41.96,0.4,66726,74.14
2020-06-14,Texas,Harrison,1.5,1,0,0.0,269,28,10.41,403.14,41.96,0.4,66726,74.14
2020-06-13,Texas,Harrison,1.5,1,0,0.0,268,28,10.45,401.64,41.96,0.4,66726,74.14
2020-06-12,Texas,Harrison,8.99,6,0,0.0,267,28,10.49,400.14,41.96,0.4,66726,74.14
2020-06-11,Texas,Harrison,3.0,2,0,0.0,261,28,10.73,391.15,41.96,0.39,66726,74.14
2020-06-10,Texas,Harrison,1.5,1,0,0.0,259,28,10.81,388.15,41.96,0.39,66726,74.14
2020-06-09,Texas,Harrison,3.0,2,1,1.5,258,28,10.85,386.66,41.96,0.39,66726,74.14
2020-06-08,Texas,Harrison,0.0,0,0,0.0,256,27,10.55,383.66,40.46,0.38,66726,74.14
2020-06-07,Texas,Harrison,0.0,0,0,0.0,256,27,10.55,383.66,40.46,0.38,66726,74.14
2020-06-06,Texas,Harrison,0.0,0,0,0.0,256,27,10.55,383.66,40.46,0.38,66726,74.14
2020-06-05,Texas,Harrison,1.5,1,0,0.0,256,27,10.55,383.66,40.46,0.38,66726,74.14
2020-06-04,Texas,Harrison,7.49,5,1,1.5,255,27,10.59,382.16,40.46,0.38,66726,74.14
2020-06-03,Texas,Harrison,4.5,3,1,1.5,250,26,10.4,374.67,38.97,0.37,66726,74.14
2020-06-02,Texas,Harrison,3.0,2,0,0.0,247,25,10.12,370.17,37.47,0.37,66726,74.14
2020-06-01,Texas,Harrison,0.0,0,0,0.0,245,25,10.2,367.17,37.47,0.37,66726,74.14
2020-05-31,Texas,Harrison,1.5,1,0,0.0,245,25,10.2,367.17,37.47,0.37,66726,74.14
2020-05-30,Texas,Harrison,7.49,5,1,1.5,244,25,10.25,365.67,37.47,0.37,66726,74.14
2020-05-29,Texas,Harrison,0.0,0,-1,-1.5,239,24,10.04,358.18,35.97,0.36,66726,74.14
2020-05-28,Texas,Harrison,4.5,3,0,0.0,239,25,10.46,358.18,37.47,0.36,66726,74.14
2020-05-27,Texas,Harrison,8.99,6,1,1.5,236,25,10.59,353.69,37.47,0.35,66726,74.14
2020-05-26,Texas,Harrison,0.0,0,1,1.5,230,24,10.43,344.69,35.97,0.34,66726,74.14
2020-05-25,Texas,Harrison,0.0,0,0,0.0,230,23,10.0,344.69,34.47,0.34,66726,74.14
2020-05-24,Texas,Harrison,0.0,0,0,0.0,230,23,10.0,344.69,34.47,0.34,66726,74.14
2020-05-23,Texas,Harrison,0.0,0,0,0.0,230,23,10.0,344.69,34.47,0.34,66726,74.14
2020-05-22,Texas,Harrison,19.48,13,1,1.5,230,23,10.0,344.69,34.47,0.34,66726,74.14
2020-05-21,Texas,Harrison,16.49,11,0,0.0,217,22,10.14,325.21,32.97,0.33,66726,74.14
2020-05-20,Texas,Harrison,1.5,1,1,1.5,206,22,10.68,308.73,32.97,0.31,66726,74.14
2020-05-19,Texas,Harrison,4.5,3,2,3.0,205,21,10.24,307.23,31.47,0.31,66726,74.14
2020-05-18,Texas,Harrison,0.0,0,0,0.0,202,19,9.41,302.73,28.47,0.3,66726,74.14
2020-05-17,Texas,Harrison,3.0,2,0,0.0,202,19,9.41,302.73,28.47,0.3,66726,74.14
2020-05-16,Texas,Harrison,0.0,0,0,0.0,200,19,9.5,299.73,28.47,0.3,66726,74.14
2020-05-15,Texas,Harrison,7.49,5,10,14.99,200,19,9.5,299.73,28.47,0.3,66726,74.14
2020-05-14,Texas,Harrison,4.5,3,0,0.0,195,9,4.62,292.24,13.49,0.29,66726,74.14
2020-05-13,Texas,Harrison,4.5,3,0,0.0,192,9,4.69,287.74,13.49,0.29,66726,74.14
2020-05-12,Texas,Harrison,4.5,3,0,0.0,189,9,4.76,283.25,13.49,0.28,66726,74.14
2020-05-11,Texas,Harrison,0.0,0,0,0.0,186,9,4.84,278.75,13.49,0.28,66726,74.14
2020-05-10,Texas,Harrison,8.99,6,3,4.5,186,9,4.84,278.75,13.49,0.28,66726,74.14
2020-05-09,Texas,Harrison,0.0,0,0,0.0,180,6,3.33,269.76,8.99,0.27,66726,74.14
2020-05-08,Texas,Harrison,19.48,13,0,0.0,180,6,3.33,269.76,8.99,0.27,66726,74.14
2020-05-07,Texas,Harrison,10.49,7,0,0.0,167,6,3.59,250.28,8.99,0.25,66726,74.14
2020-05-06,Texas,Harrison,16.49,11,0,0.0,160,6,3.75,239.79,8.99,0.24,66726,74.14
2020-05-05,Texas,Harrison,13.49,9,0,0.0,149,6,4.03,223.3,8.99,0.22,66726,74.14
2020-05-04,Texas,Harrison,0.0,0,0,0.0,140,6,4.29,209.81,8.99,0.21,66726,74.14
2020-05-03,Texas,Harrison,28.47,19,0,0.0,140,6,4.29,209.81,8.99,0.21,66726,74.14
2020-05-02,Texas,Harrison,11.99,8,0,0.0,121,6,4.96,181.34,8.99,0.18,66726,74.14
2020-05-01,Texas,Harrison,16.49,11,0,0.0,113,6,5.31,169.35,8.99,0.17,66726,74.14
2020-04-30,Texas,Harrison,26.98,18,4,5.99,102,6,5.88,152.86,8.99,0.15,66726,74.14
2020-04-29,Texas,Harrison,0.0,0,0,0.0,84,2,2.38,125.89,3.0,0.13,66726,74.14
2020-04-28,Texas,Harrison,-3.0,-2,0,0.0,84,2,2.38,125.89,3.0,0.13,66726,74.14
2020-04-27,Texas,Harrison,22.48,15,0,0.0,86,2,2.33,128.89,3.0,0.13,66726,74.14
2020-04-26,Texas,Harrison,3.0,2,0,0.0,71,2,2.82,106.41,3.0,0.11,66726,74.14
2020-04-25,Texas,Harrison,0.0,0,0,0.0,69,2,2.9,103.41,3.0,0.1,66726,74.14
2020-04-24,Texas,Harrison,11.99,8,0,0.0,69,2,2.9,103.41,3.0,0.1,66726,74.14
2020-04-23,Texas,Harrison,3.0,2,0,0.0,61,2,3.28,91.42,3.0,0.09,66726,74.14
2020-04-22,Texas,Harrison,1.5,1,0,0.0,59,2,3.39,88.42,3.0,0.09,66726,74.14
2020-04-21,Texas,Harrison,16.49,11,0,0.0,58,2,3.45,86.92,3.0,0.09,66726,74.14
2020-04-20,Texas,Harrison,4.5,3,0,0.0,47,2,4.26,70.44,3.0,0.07,66726,74.14
2020-04-19,Texas,Harrison,3.0,2,0,0.0,44,2,4.55,65.94,3.0,0.07,66726,74.14
2020-04-18,Texas,Harrison,3.0,2,0,0.0,42,2,4.76,62.94,3.0,0.06,66726,74.14
2020-04-17,Texas,Harrison,7.49,5,0,0.0,40,2,5.0,59.95,3.0,0.06,66726,74.14
2020-04-16,Texas,Harrison,1.5,1,0,0.0,35,2,5.71,52.45,3.0,0.05,66726,74.14
2020-04-15,Texas,Harrison,20.98,14,0,0.0,34,2,5.88,50.95,3.0,0.05,66726,74.14
2020-04-14,Texas,Harrison,5.99,4,0,0.0,20,2,10.0,29.97,3.0,0.03,66726,74.14
2020-04-13,Texas,Harrison,0.0,0,1,1.5,16,2,12.5,23.98,3.0,0.02,66726,74.14
2020-04-12,Texas,Harrison,5.99,4,0,0.0,16,1,6.25,23.98,1.5,0.02,66726,74.14
2020-04-11,Texas,Harrison,0.0,0,0,0.0,12,1,8.33,17.98,1.5,0.02,66726,74.14
2020-04-10,Texas,Harrison,0.0,0,0,0.0,12,1,8.33,17.98,1.5,0.02,66726,74.14
2020-04-09,Texas,Harrison,1.5,1,0,0.0,12,1,8.33,17.98,1.5,0.02,66726,74.14
2020-04-08,Texas,Harrison,0.0,0,0,0.0,11,1,9.09,16.49,1.5,0.02,66726,74.14
2020-04-07,Texas,Harrison,7.49,5,0,0.0,11,1,9.09,16.49,1.5,0.02,66726,74.14
2020-04-06,Texas,Harrison,0.0,0,0,0.0,6,1,16.67,8.99,1.5,0.01,66726,74.14
2020-04-05,Texas,Harrison,1.5,1,0,0.0,6,1,16.67,8.99,1.5,0.01,66726,74.14
2020-04-04,Texas,Harrison,0.0,0,0,0.0,5,1,20.0,7.49,1.5,0.01,66726,74.14
2020-04-03,Texas,Harrison,0.0,0,1,1.5,5,1,20.0,7.49,1.5,0.01,66726,74.14
2020-04-02,Texas,Harrison,3.0,2,0,0.0,5,0,0.0,7.49,0.0,0.01,66726,74.14
2020-04-01,Texas,Harrison,3.0,2,0,0.0,3,0,0.0,4.5,0.0,0.0,66726,74.14
2020-03-31,Texas,Harrison,0.0,0,0,0.0,1,0,0.0,1.5,0.0,0.0,66726,74.14
2020-03-30,Texas,Harrison,0.0,0,0,0.0,1,0,0.0,1.5,0.0,0.0,66726,74.14
2020-03-29,Texas,Harrison,0.0,0,0,0.0,1,0,0.0,1.5,0.0,0.0,66726,74.14
2020-03-28,Texas,Harrison,0.0,0,0,0.0,1,0,0.0,1.5,0.0,0.0,66726,74.14
2020-03-27,Texas,Harrison,0.0,0,0,0.0,1,0,0.0,1.5,0.0,0.0,66726,74.14
