date,state,county,1day_cases_100k,new_cases,new_deaths,new_deaths_100k,total_cases,total_deaths,cfr%,total_cases_100k,total_deaths_100k,%infected,population,pop_density
2020-08-25,Texas,Kerr,7.63,4,0,0.0,430,9,2.09,820.53,17.17,0.82,52405,47.5
2020-08-24,Texas,Kerr,0.0,0,0,0.0,426,9,2.11,812.9,17.17,0.81,52405,47.5
2020-08-23,Texas,Kerr,0.0,0,0,0.0,426,9,2.11,812.9,17.17,0.81,52405,47.5
2020-08-22,Texas,Kerr,5.72,3,1,1.91,426,9,2.11,812.9,17.17,0.81,52405,47.5
2020-08-21,Texas,Kerr,1.91,1,1,1.91,423,8,1.89,807.17,15.27,0.81,52405,47.5
2020-08-20,Texas,Kerr,5.72,3,1,1.91,422,7,1.66,805.27,13.36,0.81,52405,47.5
2020-08-19,Texas,Kerr,1.91,1,0,0.0,419,6,1.43,799.54,11.45,0.8,52405,47.5
2020-08-18,Texas,Kerr,3.82,2,0,0.0,418,6,1.44,797.63,11.45,0.8,52405,47.5
2020-08-17,Texas,Kerr,0.0,0,0,0.0,416,6,1.44,793.82,11.45,0.79,52405,47.5
2020-08-16,Texas,Kerr,0.0,0,0,0.0,416,6,1.44,793.82,11.45,0.79,52405,47.5
2020-08-15,Texas,Kerr,1.91,1,0,0.0,416,6,1.44,793.82,11.45,0.79,52405,47.5
2020-08-14,Texas,Kerr,7.63,4,0,0.0,415,6,1.45,791.91,11.45,0.79,52405,47.5
2020-08-13,Texas,Kerr,13.36,7,0,0.0,411,6,1.46,784.28,11.45,0.78,52405,47.5
2020-08-12,Texas,Kerr,7.63,4,0,0.0,404,6,1.49,770.92,11.45,0.77,52405,47.5
2020-08-11,Texas,Kerr,3.82,2,0,0.0,400,6,1.5,763.29,11.45,0.76,52405,47.5
2020-08-10,Texas,Kerr,0.0,0,0,0.0,398,6,1.51,759.47,11.45,0.76,52405,47.5
2020-08-09,Texas,Kerr,0.0,0,0,0.0,398,6,1.51,759.47,11.45,0.76,52405,47.5
2020-08-08,Texas,Kerr,3.82,2,0,0.0,398,6,1.51,759.47,11.45,0.76,52405,47.5
2020-08-07,Texas,Kerr,3.82,2,0,0.0,396,6,1.52,755.65,11.45,0.76,52405,47.5
2020-08-06,Texas,Kerr,19.08,10,0,0.0,394,6,1.52,751.84,11.45,0.75,52405,47.5
2020-08-05,Texas,Kerr,22.9,12,0,0.0,384,6,1.56,732.75,11.45,0.73,52405,47.5
2020-08-04,Texas,Kerr,45.8,24,0,0.0,372,6,1.61,709.86,11.45,0.71,52405,47.5
2020-08-03,Texas,Kerr,0.0,0,0,0.0,348,6,1.72,664.06,11.45,0.66,52405,47.5
2020-08-02,Texas,Kerr,0.0,0,0,0.0,348,6,1.72,664.06,11.45,0.66,52405,47.5
2020-08-01,Texas,Kerr,0.0,0,0,0.0,348,6,1.72,664.06,11.45,0.66,52405,47.5
2020-07-31,Texas,Kerr,0.0,0,1,1.91,348,6,1.72,664.06,11.45,0.66,52405,47.5
2020-07-30,Texas,Kerr,22.9,12,1,1.91,348,5,1.44,664.06,9.54,0.66,52405,47.5
2020-07-29,Texas,Kerr,0.0,0,0,0.0,336,4,1.19,641.16,7.63,0.64,52405,47.5
2020-07-28,Texas,Kerr,22.9,12,0,0.0,336,4,1.19,641.16,7.63,0.64,52405,47.5
2020-07-27,Texas,Kerr,0.0,0,3,5.72,324,4,1.23,618.26,7.63,0.62,52405,47.5
2020-07-26,Texas,Kerr,0.0,0,0,0.0,324,1,0.31,618.26,1.91,0.62,52405,47.5
2020-07-25,Texas,Kerr,11.45,6,0,0.0,324,1,0.31,618.26,1.91,0.62,52405,47.5
2020-07-24,Texas,Kerr,43.89,23,0,0.0,318,1,0.31,606.81,1.91,0.61,52405,47.5
2020-07-23,Texas,Kerr,30.53,16,0,0.0,295,1,0.34,562.92,1.91,0.56,52405,47.5
2020-07-22,Texas,Kerr,9.54,5,0,0.0,279,1,0.36,532.39,1.91,0.53,52405,47.5
2020-07-21,Texas,Kerr,36.26,19,0,0.0,274,1,0.36,522.85,1.91,0.52,52405,47.5
2020-07-20,Texas,Kerr,0.0,0,0,0.0,255,1,0.39,486.59,1.91,0.49,52405,47.5
2020-07-19,Texas,Kerr,24.81,13,0,0.0,255,1,0.39,486.59,1.91,0.49,52405,47.5
2020-07-18,Texas,Kerr,32.44,17,0,0.0,242,1,0.41,461.79,1.91,0.46,52405,47.5
2020-07-17,Texas,Kerr,1.91,1,0,0.0,225,1,0.44,429.35,1.91,0.43,52405,47.5
2020-07-16,Texas,Kerr,59.15,31,0,0.0,224,1,0.45,427.44,1.91,0.43,52405,47.5
2020-07-15,Texas,Kerr,5.72,3,0,0.0,193,1,0.52,368.29,1.91,0.37,52405,47.5
2020-07-14,Texas,Kerr,0.0,0,0,0.0,190,1,0.53,362.56,1.91,0.36,52405,47.5
2020-07-13,Texas,Kerr,0.0,0,0,0.0,190,1,0.53,362.56,1.91,0.36,52405,47.5
2020-07-12,Texas,Kerr,89.69,47,0,0.0,190,1,0.53,362.56,1.91,0.36,52405,47.5
2020-07-11,Texas,Kerr,17.17,9,0,0.0,143,1,0.7,272.87,1.91,0.27,52405,47.5
2020-07-10,Texas,Kerr,9.54,5,0,0.0,134,1,0.75,255.7,1.91,0.26,52405,47.5
2020-07-09,Texas,Kerr,26.72,14,0,0.0,129,1,0.78,246.16,1.91,0.25,52405,47.5
2020-07-08,Texas,Kerr,0.0,0,0,0.0,115,1,0.87,219.44,1.91,0.22,52405,47.5
2020-07-07,Texas,Kerr,9.54,5,0,0.0,115,1,0.87,219.44,1.91,0.22,52405,47.5
2020-07-06,Texas,Kerr,-1.91,-1,0,0.0,110,1,0.91,209.9,1.91,0.21,52405,47.5
2020-07-05,Texas,Kerr,0.0,0,0,0.0,111,1,0.9,211.81,1.91,0.21,52405,47.5
2020-07-04,Texas,Kerr,3.82,2,0,0.0,111,1,0.9,211.81,1.91,0.21,52405,47.5
2020-07-03,Texas,Kerr,28.62,15,0,0.0,109,1,0.92,208.0,1.91,0.21,52405,47.5
2020-07-02,Texas,Kerr,7.63,4,0,0.0,94,1,1.06,179.37,1.91,0.18,52405,47.5
2020-07-01,Texas,Kerr,24.81,13,0,0.0,90,1,1.11,171.74,1.91,0.17,52405,47.5
2020-06-30,Texas,Kerr,9.54,5,0,0.0,77,1,1.3,146.93,1.91,0.15,52405,47.5
2020-06-29,Texas,Kerr,0.0,0,0,0.0,72,1,1.39,137.39,1.91,0.14,52405,47.5
2020-06-28,Texas,Kerr,0.0,0,0,0.0,72,1,1.39,137.39,1.91,0.14,52405,47.5
2020-06-27,Texas,Kerr,3.82,2,0,0.0,72,1,1.39,137.39,1.91,0.14,52405,47.5
2020-06-26,Texas,Kerr,7.63,4,0,0.0,70,1,1.43,133.58,1.91,0.13,52405,47.5
2020-06-25,Texas,Kerr,30.53,16,0,0.0,66,1,1.52,125.94,1.91,0.13,52405,47.5
2020-06-24,Texas,Kerr,13.36,7,0,0.0,50,1,2.0,95.41,1.91,0.1,52405,47.5
2020-06-23,Texas,Kerr,19.08,10,0,0.0,43,1,2.33,82.05,1.91,0.08,52405,47.5
2020-06-22,Texas,Kerr,0.0,0,0,0.0,33,1,3.03,62.97,1.91,0.06,52405,47.5
2020-06-21,Texas,Kerr,0.0,0,0,0.0,33,1,3.03,62.97,1.91,0.06,52405,47.5
2020-06-20,Texas,Kerr,1.91,1,0,0.0,33,1,3.03,62.97,1.91,0.06,52405,47.5
2020-06-19,Texas,Kerr,22.9,12,0,0.0,32,1,3.12,61.06,1.91,0.06,52405,47.5
2020-06-18,Texas,Kerr,0.0,0,0,0.0,20,1,5.0,38.16,1.91,0.04,52405,47.5
2020-06-17,Texas,Kerr,0.0,0,0,0.0,20,1,5.0,38.16,1.91,0.04,52405,47.5
2020-06-16,Texas,Kerr,0.0,0,0,0.0,20,1,5.0,38.16,1.91,0.04,52405,47.5
2020-06-15,Texas,Kerr,0.0,0,0,0.0,20,1,5.0,38.16,1.91,0.04,52405,47.5
2020-06-14,Texas,Kerr,0.0,0,0,0.0,20,1,5.0,38.16,1.91,0.04,52405,47.5
2020-06-13,Texas,Kerr,0.0,0,0,0.0,20,1,5.0,38.16,1.91,0.04,52405,47.5
2020-06-12,Texas,Kerr,0.0,0,0,0.0,20,1,5.0,38.16,1.91,0.04,52405,47.5
2020-06-11,Texas,Kerr,0.0,0,0,0.0,20,1,5.0,38.16,1.91,0.04,52405,47.5
2020-06-10,Texas,Kerr,0.0,0,0,0.0,20,1,5.0,38.16,1.91,0.04,52405,47.5
2020-06-09,Texas,Kerr,0.0,0,0,0.0,20,1,5.0,38.16,1.91,0.04,52405,47.5
2020-06-08,Texas,Kerr,0.0,0,0,0.0,20,1,5.0,38.16,1.91,0.04,52405,47.5
2020-06-07,Texas,Kerr,0.0,0,0,0.0,20,1,5.0,38.16,1.91,0.04,52405,47.5
2020-06-06,Texas,Kerr,0.0,0,0,0.0,20,1,5.0,38.16,1.91,0.04,52405,47.5
2020-06-05,Texas,Kerr,0.0,0,1,1.91,20,1,5.0,38.16,1.91,0.04,52405,47.5
2020-06-04,Texas,Kerr,0.0,0,0,0.0,20,0,0.0,38.16,0.0,0.04,52405,47.5
2020-06-03,Texas,Kerr,0.0,0,0,0.0,20,0,0.0,38.16,0.0,0.04,52405,47.5
2020-06-02,Texas,Kerr,1.91,1,0,0.0,20,0,0.0,38.16,0.0,0.04,52405,47.5
2020-06-01,Texas,Kerr,0.0,0,0,0.0,19,0,0.0,36.26,0.0,0.04,52405,47.5
2020-05-31,Texas,Kerr,1.91,1,0,0.0,19,0,0.0,36.26,0.0,0.04,52405,47.5
2020-05-30,Texas,Kerr,0.0,0,0,0.0,18,0,0.0,34.35,0.0,0.03,52405,47.5
2020-05-29,Texas,Kerr,1.91,1,0,0.0,18,0,0.0,34.35,0.0,0.03,52405,47.5
2020-05-28,Texas,Kerr,0.0,0,0,0.0,17,0,0.0,32.44,0.0,0.03,52405,47.5
2020-05-27,Texas,Kerr,1.91,1,0,0.0,17,0,0.0,32.44,0.0,0.03,52405,47.5
2020-05-26,Texas,Kerr,0.0,0,0,0.0,16,0,0.0,30.53,0.0,0.03,52405,47.5
2020-05-25,Texas,Kerr,0.0,0,0,0.0,16,0,0.0,30.53,0.0,0.03,52405,47.5
2020-05-24,Texas,Kerr,5.72,3,0,0.0,16,0,0.0,30.53,0.0,0.03,52405,47.5
2020-05-23,Texas,Kerr,3.82,2,0,0.0,13,0,0.0,24.81,0.0,0.02,52405,47.5
2020-05-22,Texas,Kerr,0.0,0,0,0.0,11,0,0.0,20.99,0.0,0.02,52405,47.5
2020-05-21,Texas,Kerr,0.0,0,0,0.0,11,0,0.0,20.99,0.0,0.02,52405,47.5
2020-05-20,Texas,Kerr,1.91,1,0,0.0,11,0,0.0,20.99,0.0,0.02,52405,47.5
2020-05-19,Texas,Kerr,0.0,0,0,0.0,10,0,0.0,19.08,0.0,0.02,52405,47.5
2020-05-18,Texas,Kerr,0.0,0,0,0.0,10,0,0.0,19.08,0.0,0.02,52405,47.5
2020-05-17,Texas,Kerr,0.0,0,0,0.0,10,0,0.0,19.08,0.0,0.02,52405,47.5
2020-05-16,Texas,Kerr,0.0,0,0,0.0,10,0,0.0,19.08,0.0,0.02,52405,47.5
2020-05-15,Texas,Kerr,0.0,0,0,0.0,10,0,0.0,19.08,0.0,0.02,52405,47.5
2020-05-14,Texas,Kerr,1.91,1,0,0.0,10,0,0.0,19.08,0.0,0.02,52405,47.5
2020-05-13,Texas,Kerr,0.0,0,0,0.0,9,0,0.0,17.17,0.0,0.02,52405,47.5
2020-05-12,Texas,Kerr,0.0,0,0,0.0,9,0,0.0,17.17,0.0,0.02,52405,47.5
2020-05-11,Texas,Kerr,0.0,0,0,0.0,9,0,0.0,17.17,0.0,0.02,52405,47.5
2020-05-10,Texas,Kerr,0.0,0,0,0.0,9,0,0.0,17.17,0.0,0.02,52405,47.5
2020-05-09,Texas,Kerr,3.82,2,0,0.0,9,0,0.0,17.17,0.0,0.02,52405,47.5
2020-05-08,Texas,Kerr,1.91,1,0,0.0,7,0,0.0,13.36,0.0,0.01,52405,47.5
2020-05-07,Texas,Kerr,0.0,0,0,0.0,6,0,0.0,11.45,0.0,0.01,52405,47.5
2020-05-06,Texas,Kerr,1.91,1,0,0.0,6,0,0.0,11.45,0.0,0.01,52405,47.5
2020-05-05,Texas,Kerr,0.0,0,0,0.0,5,0,0.0,9.54,0.0,0.01,52405,47.5
2020-05-04,Texas,Kerr,0.0,0,0,0.0,5,0,0.0,9.54,0.0,0.01,52405,47.5
2020-05-03,Texas,Kerr,0.0,0,0,0.0,5,0,0.0,9.54,0.0,0.01,52405,47.5
2020-05-02,Texas,Kerr,0.0,0,0,0.0,5,0,0.0,9.54,0.0,0.01,52405,47.5
2020-05-01,Texas,Kerr,0.0,0,0,0.0,5,0,0.0,9.54,0.0,0.01,52405,47.5
2020-04-30,Texas,Kerr,0.0,0,0,0.0,5,0,0.0,9.54,0.0,0.01,52405,47.5
2020-04-29,Texas,Kerr,0.0,0,0,0.0,5,0,0.0,9.54,0.0,0.01,52405,47.5
2020-04-28,Texas,Kerr,0.0,0,0,0.0,5,0,0.0,9.54,0.0,0.01,52405,47.5
2020-04-27,Texas,Kerr,-1.91,-1,0,0.0,5,0,0.0,9.54,0.0,0.01,52405,47.5
2020-04-26,Texas,Kerr,1.91,1,0,0.0,6,0,0.0,11.45,0.0,0.01,52405,47.5
2020-04-25,Texas,Kerr,0.0,0,0,0.0,5,0,0.0,9.54,0.0,0.01,52405,47.5
2020-04-24,Texas,Kerr,0.0,0,0,0.0,5,0,0.0,9.54,0.0,0.01,52405,47.5
2020-04-23,Texas,Kerr,1.91,1,0,0.0,5,0,0.0,9.54,0.0,0.01,52405,47.5
2020-04-22,Texas,Kerr,0.0,0,0,0.0,4,0,0.0,7.63,0.0,0.01,52405,47.5
2020-04-21,Texas,Kerr,0.0,0,0,0.0,4,0,0.0,7.63,0.0,0.01,52405,47.5
2020-04-20,Texas,Kerr,0.0,0,0,0.0,4,0,0.0,7.63,0.0,0.01,52405,47.5
2020-04-19,Texas,Kerr,0.0,0,0,0.0,4,0,0.0,7.63,0.0,0.01,52405,47.5
2020-04-18,Texas,Kerr,0.0,0,0,0.0,4,0,0.0,7.63,0.0,0.01,52405,47.5
2020-04-17,Texas,Kerr,0.0,0,0,0.0,4,0,0.0,7.63,0.0,0.01,52405,47.5
2020-04-16,Texas,Kerr,1.91,1,0,0.0,4,0,0.0,7.63,0.0,0.01,52405,47.5
2020-04-15,Texas,Kerr,1.91,1,0,0.0,3,0,0.0,5.72,0.0,0.01,52405,47.5
2020-04-14,Texas,Kerr,0.0,0,0,0.0,2,0,0.0,3.82,0.0,0.0,52405,47.5
2020-04-13,Texas,Kerr,0.0,0,0,0.0,2,0,0.0,3.82,0.0,0.0,52405,47.5
2020-04-12,Texas,Kerr,0.0,0,0,0.0,2,0,0.0,3.82,0.0,0.0,52405,47.5
2020-04-11,Texas,Kerr,0.0,0,0,0.0,2,0,0.0,3.82,0.0,0.0,52405,47.5
2020-04-10,Texas,Kerr,0.0,0,0,0.0,2,0,0.0,3.82,0.0,0.0,52405,47.5
2020-04-09,Texas,Kerr,0.0,0,0,0.0,2,0,0.0,3.82,0.0,0.0,52405,47.5
2020-04-08,Texas,Kerr,0.0,0,0,0.0,2,0,0.0,3.82,0.0,0.0,52405,47.5
2020-04-07,Texas,Kerr,0.0,0,0,0.0,2,0,0.0,3.82,0.0,0.0,52405,47.5
2020-04-06,Texas,Kerr,0.0,0,0,0.0,2,0,0.0,3.82,0.0,0.0,52405,47.5
2020-04-05,Texas,Kerr,0.0,0,0,0.0,2,0,0.0,3.82,0.0,0.0,52405,47.5
2020-04-04,Texas,Kerr,0.0,0,0,0.0,2,0,0.0,3.82,0.0,0.0,52405,47.5
2020-04-03,Texas,Kerr,1.91,1,0,0.0,2,0,0.0,3.82,0.0,0.0,52405,47.5
2020-04-02,Texas,Kerr,0.0,0,0,0.0,1,0,0.0,1.91,0.0,0.0,52405,47.5
2020-04-01,Texas,Kerr,0.0,0,0,0.0,1,0,0.0,1.91,0.0,0.0,52405,47.5
