date,state,city,1day_cases_100k,new_cases,new_deaths,new_deaths_100k,total_cases,total_deaths,cfr%,total_cases_100k,total_deaths_100k,%infected,population,7day_cases_100k,7day_cases_change,28day_cases_100k,28day_cases_change
2020-10-01,Paraíba,Areial,71.45,5,0,0.0,79,2,2.53,1128.89,28.58,1.13,6998,157.19,71.45,400.12,57.16
2020-09-30,Paraíba,Areial,0.0,0,0,0.0,74,2,2.7,1057.44,28.58,1.06,6998,85.74,-57.16,342.96,0.0
2020-09-29,Paraíba,Areial,42.87,3,0,0.0,74,2,2.7,1057.44,28.58,1.06,6998,142.9,42.87,342.96,42.87
2020-09-28,Paraíba,Areial,14.29,1,0,0.0,71,2,2.82,1014.58,28.58,1.01,6998,100.03,14.29,300.09,14.29
2020-09-27,Paraíba,Areial,14.29,1,0,0.0,70,2,2.86,1000.29,28.58,1.0,6998,85.74,14.29,285.8,14.29
2020-09-26,Paraíba,Areial,0.0,0,0,0.0,69,2,2.9,986.0,28.58,0.99,6998,71.45,-28.58,271.51,0.0
2020-09-25,Paraíba,Areial,14.29,1,0,0.0,69,2,2.9,986.0,28.58,0.99,6998,100.03,14.29,271.51,14.29
2020-09-24,Paraíba,Areial,0.0,0,0,0.0,68,2,2.94,971.71,28.58,0.97,6998,85.74,0.0,257.22,-14.29
2020-09-23,Paraíba,Areial,57.16,4,0,0.0,68,2,2.94,971.71,28.58,0.97,6998,85.74,0.0,271.51,42.87
2020-09-22,Paraíba,Areial,0.0,0,0,0.0,64,2,3.12,914.55,28.58,0.91,6998,85.74,-28.58,228.64,0.0
2020-09-21,Paraíba,Areial,0.0,0,0,0.0,64,2,3.12,914.55,28.58,0.91,6998,114.32,0.0,228.64,0.0
2020-09-20,Paraíba,Areial,0.0,0,0,0.0,64,2,3.12,914.55,28.58,0.91,6998,114.32,0.0,228.64,0.0
2020-09-19,Paraíba,Areial,28.58,2,0,0.0,64,2,3.12,914.55,28.58,0.91,6998,114.32,28.58,228.64,28.58
2020-09-18,Paraíba,Areial,0.0,0,0,0.0,62,2,3.23,885.97,28.58,0.89,6998,85.74,0.0,200.06,0.0
2020-09-17,Paraíba,Areial,0.0,0,0,0.0,62,2,3.23,885.97,28.58,0.89,6998,85.74,-14.29,200.06,0.0
2020-09-16,Paraíba,Areial,57.16,4,0,0.0,62,2,3.23,885.97,28.58,0.89,6998,100.03,28.58,200.06,57.16
2020-09-15,Paraíba,Areial,28.58,2,0,0.0,58,2,3.45,828.81,28.58,0.83,6998,71.45,28.58,142.9,28.58
2020-09-14,Paraíba,Areial,0.0,0,0,0.0,56,2,3.57,800.23,28.58,0.8,6998,42.87,0.0,114.32,0.0
2020-09-13,Paraíba,Areial,0.0,0,0,0.0,56,2,3.57,800.23,28.58,0.8,6998,42.87,-14.29,114.32,0.0
2020-09-12,Paraíba,Areial,0.0,0,0,0.0,56,2,3.57,800.23,28.58,0.8,6998,57.16,0.0,114.32,0.0
2020-09-11,Paraíba,Areial,0.0,0,0,0.0,56,2,3.57,800.23,28.58,0.8,6998,57.16,-14.29,114.32,0.0
2020-09-10,Paraíba,Areial,14.29,1,0,0.0,56,2,3.57,800.23,28.58,0.8,6998,71.45,0.0,114.32,14.29
2020-09-09,Paraíba,Areial,28.58,2,0,0.0,55,2,3.64,785.94,28.58,0.79,6998,71.45,28.58,100.03,-14.29
2020-09-08,Paraíba,Areial,0.0,0,0,0.0,53,2,3.77,757.36,28.58,0.76,6998,42.87,0.0,114.32,-28.58
2020-09-07,Paraíba,Areial,0.0,0,0,0.0,53,2,3.77,757.36,28.58,0.76,6998,42.87,0.0,142.9,0.0
2020-09-06,Paraíba,Areial,14.29,1,0,0.0,53,2,3.77,757.36,28.58,0.76,6998,42.87,14.29,142.9,14.29
2020-09-05,Paraíba,Areial,0.0,0,0,0.0,52,2,3.85,743.07,28.58,0.74,6998,28.58,0.0,128.61,0.0
2020-09-04,Paraíba,Areial,14.29,1,0,0.0,52,2,3.85,743.07,28.58,0.74,6998,28.58,14.29,128.61,14.29
2020-09-03,Paraíba,Areial,14.29,1,0,0.0,51,2,3.92,728.78,28.58,0.73,6998,14.29,0.0,114.32,14.29
2020-09-02,Paraíba,Areial,0.0,0,0,0.0,50,2,4.0,714.49,28.58,0.71,6998,14.29,-14.29,100.03,0.0
2020-09-01,Paraíba,Areial,0.0,0,0,0.0,50,2,4.0,714.49,28.58,0.71,6998,28.58,0.0,100.03,-14.29
2020-08-31,Paraíba,Areial,0.0,0,0,0.0,50,2,4.0,714.49,28.58,0.71,6998,28.58,0.0,114.32,0.0
2020-08-30,Paraíba,Areial,0.0,0,0,0.0,50,2,4.0,714.49,28.58,0.71,6998,28.58,0.0,114.32,0.0
2020-08-29,Paraíba,Areial,0.0,0,0,0.0,50,2,4.0,714.49,28.58,0.71,6998,28.58,0.0,114.32,0.0
2020-08-28,Paraíba,Areial,0.0,0,0,0.0,50,2,4.0,714.49,28.58,0.71,6998,28.58,0.0,114.32,-28.58
2020-08-27,Paraíba,Areial,14.29,1,0,0.0,50,2,4.0,714.49,28.58,0.71,6998,28.58,14.29,142.9,28.58
2020-08-26,Paraíba,Areial,14.29,1,0,0.0,49,2,4.08,700.2,28.58,0.7,6998,14.29,14.29,114.32,-14.29
2020-08-25,Paraíba,Areial,0.0,0,0,0.0,48,2,4.17,685.91,28.58,0.69,6998,-0.0,0.0,128.61,-14.29
2020-08-24,Paraíba,Areial,0.0,0,0,0.0,48,2,4.17,685.91,28.58,0.69,6998,-0.0,0.0,142.9,0.0
2020-08-23,Paraíba,Areial,0.0,0,0,0.0,48,2,4.17,685.91,28.58,0.69,6998,-0.0,0.0,142.9,0.0
2020-08-22,Paraíba,Areial,0.0,0,0,0.0,48,2,4.17,685.91,28.58,0.69,6998,-0.0,0.0,142.9,0.0
2020-08-21,Paraíba,Areial,0.0,0,0,0.0,48,2,4.17,685.91,28.58,0.69,6998,-0.0,0.0,142.9,0.0
2020-08-20,Paraíba,Areial,0.0,0,0,0.0,48,2,4.17,685.91,28.58,0.69,6998,-0.0,0.0,142.9,0.0
2020-08-19,Paraíba,Areial,0.0,0,0,0.0,48,2,4.17,685.91,28.58,0.69,6998,-0.0,-42.87,142.9,-14.29
2020-08-18,Paraíba,Areial,0.0,0,0,0.0,48,2,4.17,685.91,28.58,0.69,6998,42.87,-28.58,157.19,0.0
2020-08-17,Paraíba,Areial,0.0,0,0,0.0,48,2,4.17,685.91,28.58,0.69,6998,71.45,0.0,157.19,0.0
2020-08-16,Paraíba,Areial,0.0,0,0,0.0,48,2,4.17,685.91,28.58,0.69,6998,71.45,0.0,157.19,0.0
2020-08-15,Paraíba,Areial,0.0,0,0,0.0,48,2,4.17,685.91,28.58,0.69,6998,71.45,0.0,157.19,0.0
2020-08-14,Paraíba,Areial,0.0,0,0,0.0,48,2,4.17,685.91,28.58,0.69,6998,71.45,0.0,157.19,0.0
2020-08-13,Paraíba,Areial,0.0,0,0,0.0,48,2,4.17,685.91,28.58,0.69,6998,71.45,0.0,157.19,0.0
2020-08-12,Paraíba,Areial,42.87,3,0,0.0,48,2,4.17,685.91,28.58,0.69,6998,71.45,42.87,157.19,42.87
2020-08-11,Paraíba,Areial,28.58,2,0,0.0,45,2,4.44,643.04,28.58,0.64,6998,28.58,14.29,114.32,14.29
2020-08-10,Paraíba,Areial,0.0,0,0,0.0,43,2,4.65,614.46,28.58,0.61,6998,14.29,0.0,100.03,-28.58
2020-08-09,Paraíba,Areial,0.0,0,0,0.0,43,2,4.65,614.46,28.58,0.61,6998,14.29,0.0,128.61,0.0
2020-08-08,Paraíba,Areial,0.0,0,0,0.0,43,2,4.65,614.46,28.58,0.61,6998,14.29,0.0,128.61,-14.29
2020-08-07,Paraíba,Areial,0.0,0,0,0.0,43,2,4.65,614.46,28.58,0.61,6998,14.29,-28.58,142.9,0.0
2020-08-06,Paraíba,Areial,0.0,0,0,0.0,43,2,4.65,614.46,28.58,0.61,6998,42.87,14.29,142.9,0.0
2020-08-05,Paraíba,Areial,0.0,0,0,0.0,43,2,4.65,614.46,28.58,0.61,6998,28.58,-28.58,142.9,-14.29
2020-08-04,Paraíba,Areial,14.29,1,0,0.0,43,2,4.65,614.46,28.58,0.61,6998,57.16,0.0,157.19,-14.29
2020-08-03,Paraíba,Areial,0.0,0,0,0.0,42,2,4.76,600.17,28.58,0.6,6998,57.16,0.0,171.48,0.0
2020-08-02,Paraíba,Areial,0.0,0,0,0.0,42,2,4.76,600.17,28.58,0.6,6998,57.16,0.0,171.48,0.0
2020-08-01,Paraíba,Areial,0.0,0,0,0.0,42,2,4.76,600.17,28.58,0.6,6998,57.16,0.0,171.48,-14.29
2020-07-31,Paraíba,Areial,28.58,2,0,0.0,42,2,4.76,600.17,28.58,0.6,6998,57.16,28.58,185.77,14.29
2020-07-30,Paraíba,Areial,-14.29,-1,0,0.0,40,2,5.0,571.59,28.58,0.57,6998,28.58,-14.29,171.48,-14.29
2020-07-29,Paraíba,Areial,28.58,2,0,0.0,41,2,4.88,585.88,28.58,0.59,6998,42.87,14.29,185.77,28.58
2020-07-28,Paraíba,Areial,14.29,1,0,0.0,39,2,5.13,557.3,28.58,0.56,6998,28.58,14.29,157.19,14.29
2020-07-27,Paraíba,Areial,0.0,0,0,0.0,38,2,5.26,543.01,28.58,0.54,6998,14.29,0.0,142.9,0.0
2020-07-26,Paraíba,Areial,0.0,0,0,0.0,38,2,5.26,543.01,28.58,0.54,6998,14.29,0.0,142.9,-14.29
2020-07-25,Paraíba,Areial,0.0,0,0,0.0,38,2,5.26,543.01,28.58,0.54,6998,14.29,0.0,157.19,0.0
2020-07-24,Paraíba,Areial,0.0,0,0,0.0,38,2,5.26,543.01,28.58,0.54,6998,14.29,0.0,157.19,-14.29
2020-07-23,Paraíba,Areial,0.0,0,0,0.0,38,2,5.26,543.01,28.58,0.54,6998,14.29,0.0,171.48,-42.87
2020-07-22,Paraíba,Areial,14.29,1,0,0.0,38,2,5.26,543.01,28.58,0.54,6998,14.29,14.29,214.35,0.0
2020-07-21,Paraíba,Areial,0.0,0,0,0.0,37,2,5.41,528.72,28.58,0.53,6998,-0.0,-14.29,214.35,0.0
2020-07-20,Paraíba,Areial,0.0,0,0,0.0,37,2,5.41,528.72,28.58,0.53,6998,14.29,-28.58,214.35,-14.29
2020-07-19,Paraíba,Areial,0.0,0,0,0.0,37,2,5.41,528.72,28.58,0.53,6998,42.87,0.0,228.64,-28.58
2020-07-18,Paraíba,Areial,0.0,0,0,0.0,37,2,5.41,528.72,28.58,0.53,6998,42.87,-14.29,257.22,0.0
2020-07-17,Paraíba,Areial,0.0,0,0,0.0,37,2,5.41,528.72,28.58,0.53,6998,57.16,0.0,257.22,-14.29
2020-07-16,Paraíba,Areial,0.0,0,0,0.0,37,2,5.41,528.72,28.58,0.53,6998,57.16,0.0,271.51,0.0
2020-07-15,Paraíba,Areial,0.0,0,0,0.0,37,2,5.41,528.72,28.58,0.53,6998,57.16,-14.29,271.51,0.0
2020-07-14,Paraíba,Areial,14.29,1,0,0.0,37,2,5.41,528.72,28.58,0.53,6998,71.45,-14.29,271.51,14.29
2020-07-13,Paraíba,Areial,28.58,2,0,0.0,36,2,5.56,514.43,28.58,0.51,6998,85.74,28.58,257.22,28.58
2020-07-12,Paraíba,Areial,0.0,0,1,14.29,34,2,5.88,485.85,28.58,0.49,6998,57.16,0.0,228.64,-14.29
2020-07-11,Paraíba,Areial,14.29,1,0,0.0,34,1,2.94,485.85,14.29,0.49,6998,57.16,0.0,242.93,14.29
2020-07-10,Paraíba,Areial,0.0,0,0,0.0,33,1,3.03,471.56,14.29,0.47,6998,57.16,-14.29,228.64,-14.29
2020-07-09,Paraíba,Areial,0.0,0,0,0.0,33,1,3.03,471.56,14.29,0.47,6998,71.45,0.0,242.93,0.0
2020-07-08,Paraíba,Areial,14.29,1,0,0.0,33,1,3.03,471.56,14.29,0.47,6998,71.45,14.29,242.93,0.0
2020-07-07,Paraíba,Areial,28.58,2,0,0.0,32,1,3.12,457.27,14.29,0.46,6998,57.16,28.58,242.93,28.58
2020-07-05,Paraíba,Areial,0.0,0,0,0.0,30,1,3.33,428.69,14.29,0.43,6998,28.58,0.0,214.35,14.29
2020-07-04,Paraíba,Areial,0.0,0,0,0.0,30,1,3.33,428.69,14.29,0.43,6998,28.58,-14.29,200.06,-42.87
2020-07-03,Paraíba,Areial,14.29,1,0,0.0,30,1,3.33,428.69,14.29,0.43,6998,42.87,14.29,242.93,14.29
2020-07-02,Paraíba,Areial,14.29,1,0,0.0,29,1,3.45,414.4,14.29,0.41,6998,28.58,0.0,228.64,0.0
2020-07-01,Paraíba,Areial,0.0,0,0,0.0,28,1,3.57,400.11,14.29,0.4,6998,28.58,-42.87,228.64,0.0
2020-06-30,Paraíba,Areial,0.0,0,0,0.0,28,1,3.57,400.11,14.29,0.4,6998,71.45,-14.29,228.64,-42.87
2020-06-29,Paraíba,Areial,0.0,0,0,0.0,28,1,3.57,400.11,14.29,0.4,6998,85.74,0.0,271.51,0.0
2020-06-28,Paraíba,Areial,0.0,0,0,0.0,28,1,3.57,400.11,14.29,0.4,6998,85.74,-14.29,271.51,0.0
2020-06-27,Paraíba,Areial,14.29,1,0,0.0,28,1,3.57,400.11,14.29,0.4,6998,100.03,-14.29,271.51,0.0
2020-06-26,Paraíba,Areial,0.0,0,0,0.0,27,1,3.7,385.82,14.29,0.39,6998,114.32,0.0,271.51,0.0
2020-06-25,Paraíba,Areial,14.29,1,0,0.0,27,1,3.7,385.82,14.29,0.39,6998,114.32,0.0,271.51,14.29
2020-06-24,Paraíba,Areial,42.87,3,0,0.0,26,1,3.85,371.53,14.29,0.37,6998,114.32,42.87,257.22,42.87
2020-06-23,Paraíba,Areial,14.29,1,0,0.0,23,1,4.35,328.67,14.29,0.33,6998,71.45,14.29,214.35,0.0
2020-06-22,Paraíba,Areial,0.0,0,0,0.0,22,1,4.55,314.38,14.29,0.31,6998,57.16,0.0,214.35,0.0
2020-06-21,Paraíba,Areial,14.29,1,0,0.0,22,1,4.55,314.38,14.29,0.31,6998,57.16,14.29,214.35,0.0
2020-06-20,Paraíba,Areial,28.58,2,0,0.0,21,1,4.76,300.09,14.29,0.3,6998,42.87,14.29,214.35,0.0
2020-06-19,Paraíba,Areial,0.0,0,0,0.0,19,1,5.26,271.51,14.29,0.27,6998,28.58,0.0,214.35,0.0
2020-06-18,Paraíba,Areial,14.29,1,0,0.0,19,1,5.26,271.51,14.29,0.27,6998,28.58,0.0,214.35,14.29
2020-06-17,Paraíba,Areial,0.0,0,0,0.0,18,1,5.56,257.22,14.29,0.26,6998,28.58,0.0,200.06,0.0
2020-06-16,Paraíba,Areial,0.0,0,0,0.0,18,1,5.56,257.22,14.29,0.26,6998,28.58,-14.29,200.06,0.0
2020-06-15,Paraíba,Areial,0.0,0,0,0.0,18,1,5.56,257.22,14.29,0.26,6998,42.87,0.0,200.06,-42.87
2020-06-14,Paraíba,Areial,0.0,0,0,0.0,18,1,5.56,257.22,14.29,0.26,6998,42.87,14.29,242.93,0.0
2020-06-13,Paraíba,Areial,14.29,1,0,0.0,18,1,5.56,257.22,14.29,0.26,6998,28.58,-28.58,242.93,14.29
2020-06-12,Paraíba,Areial,0.0,0,0,0.0,17,1,5.88,242.93,14.29,0.24,6998,57.16,0.0,228.64,0.0
2020-06-11,Paraíba,Areial,14.29,1,0,0.0,17,1,5.88,242.93,14.29,0.24,6998,57.16,0.0,228.64,14.29
2020-06-10,Paraíba,Areial,0.0,0,0,0.0,16,1,6.25,228.64,14.29,0.23,6998,57.16,0.0,214.35,0.0
2020-06-09,Paraíba,Areial,14.29,1,0,0.0,16,1,6.25,228.64,14.29,0.23,6998,57.16,-28.58,214.35,14.29
2020-06-08,Paraíba,Areial,0.0,0,0,0.0,15,1,6.67,214.35,14.29,0.21,6998,85.74,0.0,200.06,0.0
2020-06-07,Paraíba,Areial,-14.29,-1,0,0.0,15,1,6.67,214.35,14.29,0.21,6998,85.74,-14.29,200.06,-14.29
2020-06-06,Paraíba,Areial,42.87,3,0,0.0,16,1,6.25,228.64,14.29,0.23,6998,100.03,28.58,214.35,42.87
2020-06-05,Paraíba,Areial,0.0,0,0,0.0,13,1,7.69,185.77,14.29,0.19,6998,71.45,0.0,171.48,0.0
2020-06-04,Paraíba,Areial,14.29,1,1,14.29,13,1,7.69,185.77,14.29,0.19,6998,71.45,14.29,171.48,14.29
2020-06-03,Paraíba,Areial,0.0,0,0,0.0,12,0,0.0,171.48,0.0,0.17,6998,57.16,0.0,157.19,0.0
2020-06-02,Paraíba,Areial,42.87,3,0,0.0,12,0,0.0,171.48,0.0,0.17,6998,57.16,28.58,157.19,42.87
2020-06-01,Paraíba,Areial,0.0,0,0,0.0,9,0,0.0,128.61,0.0,0.13,6998,28.58,0.0,114.32,0.0
2020-05-31,Paraíba,Areial,0.0,0,0,0.0,9,0,0.0,128.61,0.0,0.13,6998,28.58,-14.29,114.32,0.0
2020-05-30,Paraíba,Areial,14.29,1,0,0.0,9,0,0.0,128.61,0.0,0.13,6998,42.87,-14.29,114.32,14.29
2020-05-29,Paraíba,Areial,0.0,0,0,0.0,8,0,0.0,114.32,0.0,0.11,6998,57.16,0.0,100.03,0.0
2020-05-28,Paraíba,Areial,0.0,0,0,0.0,8,0,0.0,114.32,0.0,0.11,6998,57.16,0.0,100.03,0.0
2020-05-27,Paraíba,Areial,0.0,0,0,0.0,8,0,0.0,114.32,0.0,0.11,6998,57.16,0.0,100.03,0.0
2020-05-26,Paraíba,Areial,14.29,1,0,0.0,8,0,0.0,114.32,0.0,0.11,6998,57.16,14.29,100.03,14.29
2020-05-25,Paraíba,Areial,0.0,0,0,0.0,7,0,0.0,100.03,0.0,0.1,6998,42.87,-42.87,85.74,0.0
2020-05-24,Paraíba,Areial,14.29,1,0,0.0,7,0,0.0,100.03,0.0,0.1,6998,85.74,14.29,85.74,14.29
2020-05-23,Paraíba,Areial,28.58,2,0,0.0,6,0,0.0,85.74,0.0,0.09,6998,71.45,28.58,71.45,28.58
2020-05-22,Paraíba,Areial,0.0,0,0,0.0,4,0,0.0,57.16,0.0,0.06,6998,42.87,0.0,42.87,0.0
2020-05-21,Paraíba,Areial,0.0,0,0,0.0,4,0,0.0,57.16,0.0,0.06,6998,42.87,0.0,42.87,0.0
2020-05-20,Paraíba,Areial,0.0,0,0,0.0,4,0,0.0,57.16,0.0,0.06,6998,42.87,0.0,42.87,0.0
2020-05-19,Paraíba,Areial,0.0,0,0,0.0,4,0,0.0,57.16,0.0,0.06,6998,42.87,0.0,42.87,0.0
2020-05-18,Paraíba,Areial,42.87,3,0,0.0,4,0,0.0,57.16,0.0,0.06,6998,42.87,42.87,42.87,42.87
2020-05-17,Paraíba,Areial,0.0,0,0,0.0,1,0,0.0,14.29,0.0,0.01,6998,0.0,0.0,0.0,0.0
2020-05-16,Paraíba,Areial,0.0,0,0,0.0,1,0,0.0,14.29,0.0,0.01,6998,0.0,0.0,0.0,0.0
2020-05-15,Paraíba,Areial,0.0,0,0,0.0,1,0,0.0,14.29,0.0,0.01,6998,0.0,0.0,0.0,0.0
2020-05-14,Paraíba,Areial,0.0,0,0,0.0,1,0,0.0,14.29,0.0,0.01,6998,0.0,0.0,0.0,0.0
2020-05-13,Paraíba,Areial,0.0,0,0,0.0,1,0,0.0,14.29,0.0,0.01,6998,0.0,0.0,0.0,0.0
