date,state,city,1day_cases_100k,new_cases,new_deaths,new_deaths_100k,total_cases,total_deaths,cfr%,total_cases_100k,total_deaths_100k,%infected,population,7day_cases_100k,7day_cases_change,28day_cases_100k,28day_cases_change
2021-08-22,Paraíba,Caldas Brandão,0.0,0,0,0.0,600,10,1.67,9976.72,166.28,9.98,6014,49.89,0.0,332.59,-33.26
2021-08-21,Paraíba,Caldas Brandão,0.0,0,0,0.0,600,10,1.67,9976.72,166.28,9.98,6014,49.89,-16.63,365.85,0.0
2021-08-18,Paraíba,Caldas Brandão,16.63,1,0,0.0,600,10,1.67,9976.72,166.28,9.98,6014,66.52,16.63,365.85,16.63
2021-08-16,Paraíba,Caldas Brandão,0.0,0,0,0.0,599,10,1.67,9960.09,166.28,9.96,6014,49.89,0.0,349.22,0.0
2021-08-15,Paraíba,Caldas Brandão,0.0,0,0,0.0,599,10,1.67,9960.09,166.28,9.96,6014,49.89,0.0,349.22,-66.51
2021-08-13,Paraíba,Caldas Brandão,16.63,1,0,0.0,599,10,1.67,9960.09,166.28,9.96,6014,49.89,-33.25,415.73,0.0
2021-08-08,Paraíba,Caldas Brandão,16.63,1,0,0.0,598,10,1.67,9943.47,166.28,9.94,6014,83.14,-16.63,415.73,-33.25
2021-08-05,Paraíba,Caldas Brandão,0.0,0,0,0.0,597,10,1.68,9926.84,166.28,9.93,6014,99.77,-16.63,448.98,-133.02
2021-08-04,Paraíba,Caldas Brandão,16.63,1,0,0.0,597,10,1.68,9926.84,166.28,9.93,6014,116.4,16.63,582.0,-49.88
2021-08-01,Paraíba,Caldas Brandão,0.0,0,0,0.0,596,10,1.68,9910.21,166.28,9.91,6014,99.77,0.0,631.88,0.0
2021-07-31,Paraíba,Caldas Brandão,0.0,0,0,0.0,596,10,1.68,9910.21,166.28,9.91,6014,99.77,0.0,631.88,0.0
2021-07-30,Paraíba,Caldas Brandão,0.0,0,0,0.0,596,10,1.68,9910.21,166.28,9.91,6014,99.77,-33.26,631.88,-16.63
2021-07-29,Paraíba,Caldas Brandão,49.88,3,0,0.0,596,10,1.68,9910.21,166.28,9.91,6014,133.03,33.25,648.51,16.62
2021-07-25,Paraíba,Caldas Brandão,33.26,2,0,0.0,593,10,1.69,9860.33,166.28,9.86,6014,99.78,16.63,631.89,-16.62
2021-07-22,Paraíba,Caldas Brandão,16.63,1,0,0.0,591,10,1.69,9827.07,166.28,9.83,6014,83.15,0.0,648.51,-33.25
2021-07-21,Paraíba,Caldas Brandão,0.0,0,0,0.0,590,10,1.69,9810.44,166.28,9.81,6014,83.15,0.0,681.76,-16.63
2021-07-20,Paraíba,Caldas Brandão,0.0,0,0,0.0,590,10,1.69,9810.44,166.28,9.81,6014,83.15,0.0,698.39,-16.63
2021-07-19,Paraíba,Caldas Brandão,0.0,0,0,0.0,590,10,1.69,9810.44,166.28,9.81,6014,83.15,-16.63,715.02,-149.65
2021-07-18,Paraíba,Caldas Brandão,33.26,2,0,0.0,590,10,1.69,9810.44,166.28,9.81,6014,99.78,33.26,864.67,-83.14
2021-07-16,Paraíba,Caldas Brandão,16.63,1,0,0.0,588,10,1.7,9777.19,166.28,9.78,6014,66.52,-16.63,947.81,-66.51
2021-07-15,Paraíba,Caldas Brandão,16.63,1,0,0.0,587,10,1.7,9760.56,166.28,9.76,6014,83.15,-16.63,1014.32,16.63
2021-07-14,Paraíba,Caldas Brandão,16.63,1,0,0.0,586,10,1.71,9743.93,166.28,9.74,6014,99.78,-16.63,997.69,16.63
2021-07-13,Paraíba,Caldas Brandão,0.0,0,0,0.0,585,10,1.71,9727.3,166.28,9.73,6014,116.41,0.0,981.06,-99.77
2021-07-12,Paraíba,Caldas Brandão,0.0,0,0,0.0,585,10,1.71,9727.3,166.28,9.73,6014,116.41,0.0,1080.83,-133.02
2021-07-11,Paraíba,Caldas Brandão,16.63,1,0,0.0,585,10,1.71,9727.3,166.28,9.73,6014,116.41,16.63,1213.85,-16.63
2021-07-10,Paraíba,Caldas Brandão,0.0,0,0,0.0,584,10,1.71,9710.68,166.28,9.71,6014,99.78,-66.51,1230.48,-133.02
2021-07-09,Paraíba,Caldas Brandão,33.26,2,0,0.0,584,10,1.71,9710.68,166.28,9.71,6014,166.29,16.63,1363.5,33.26
2021-07-08,Paraíba,Caldas Brandão,33.26,2,0,0.0,582,10,1.72,9677.42,166.28,9.68,6014,149.66,-16.62,1330.24,16.63
2021-07-07,Paraíba,Caldas Brandão,33.26,2,0,0.0,580,10,1.72,9644.16,166.28,9.64,6014,166.28,-99.76,1313.61,33.26
2021-07-06,Paraíba,Caldas Brandão,0.0,0,0,0.0,578,10,1.73,9610.91,166.28,9.61,6014,266.04,-66.51,1280.35,0.0
2021-07-05,Paraíba,Caldas Brandão,0.0,0,0,0.0,578,10,1.73,9610.91,166.28,9.61,6014,332.55,0.0,1280.35,0.0
2021-07-04,Paraíba,Caldas Brandão,0.0,0,0,0.0,578,10,1.73,9610.91,166.28,9.61,6014,332.55,0.0,1280.35,-49.88
2021-07-03,Paraíba,Caldas Brandão,66.51,4,0,0.0,578,10,1.73,9610.91,166.28,9.61,6014,332.55,49.88,1330.23,49.88
2021-07-02,Paraíba,Caldas Brandão,16.63,1,0,0.0,574,10,1.74,9544.4,166.28,9.54,6014,282.67,-16.63,1280.35,-116.39
2021-07-01,Paraíba,Caldas Brandão,49.88,3,0,0.0,573,10,1.75,9527.77,166.28,9.53,6014,299.3,0.0,1396.74,49.88
2021-06-30,Paraíba,Caldas Brandão,133.02,8,0,0.0,570,10,1.75,9477.88,166.28,9.48,6014,299.3,83.14,1346.86,133.02
2021-06-29,Paraíba,Caldas Brandão,66.51,4,0,0.0,562,10,1.78,9344.86,166.28,9.34,6014,216.16,49.88,1213.84,66.51
2021-06-28,Paraíba,Caldas Brandão,0.0,0,1,16.63,558,10,1.79,9278.35,166.28,9.28,6014,166.28,-16.63,1147.33,-33.26
2021-06-27,Paraíba,Caldas Brandão,0.0,0,0,0.0,558,9,1.61,9278.35,149.65,9.28,6014,182.91,-149.65,1180.59,-49.88
2021-06-26,Paraíba,Caldas Brandão,16.63,1,0,0.0,558,9,1.61,9278.35,149.65,9.28,6014,332.56,-99.77,1230.47,-16.63
2021-06-25,Paraíba,Caldas Brandão,33.26,2,0,0.0,557,9,1.62,9261.72,149.65,9.26,6014,432.33,-49.88,1247.1,-99.76
2021-06-24,Paraíba,Caldas Brandão,49.88,3,0,0.0,555,9,1.62,9228.47,149.65,9.23,6014,482.21,49.88,1346.86,33.25
2021-06-23,Paraíba,Caldas Brandão,49.88,3,1,16.63,552,9,1.63,9178.58,149.65,9.18,6014,432.33,49.88,1313.61,49.88
2021-06-22,Paraíba,Caldas Brandão,16.63,1,0,0.0,549,8,1.46,9128.7,133.02,9.13,6014,382.45,-83.14,1263.73,0.0
2021-06-21,Paraíba,Caldas Brandão,16.63,1,0,0.0,548,8,1.46,9112.07,133.02,9.11,6014,465.59,-116.39,1263.73,16.63
2021-06-20,Paraíba,Caldas Brandão,149.65,9,0,0.0,547,8,1.46,9095.44,133.02,9.1,6014,581.98,116.39,1247.1,133.02
2021-06-19,Paraíba,Caldas Brandão,116.4,7,0,0.0,538,8,1.49,8945.79,133.02,8.95,6014,465.59,-16.62,1114.08,116.4
2021-06-18,Paraíba,Caldas Brandão,83.14,5,0,0.0,531,8,1.51,8829.4,133.02,8.83,6014,482.21,83.14,997.68,49.88
2021-06-16,Paraíba,Caldas Brandão,0.0,0,0,0.0,526,8,1.52,8746.26,133.02,8.75,6014,399.07,-16.63,947.8,-33.26
2021-06-15,Paraíba,Caldas Brandão,0.0,0,0,0.0,526,8,1.52,8746.26,133.02,8.75,6014,415.7,0.0,981.06,0.0
2021-06-14,Paraíba,Caldas Brandão,99.77,6,0,0.0,526,8,1.52,8746.26,133.02,8.75,6014,415.7,99.77,981.06,99.77
2021-06-13,Paraíba,Caldas Brandão,133.02,8,0,0.0,520,8,1.54,8646.49,133.02,8.65,6014,315.93,133.02,881.29,49.88
2021-06-11,Paraíba,Caldas Brandão,33.26,2,0,0.0,512,8,1.56,8513.47,133.02,8.51,6014,182.91,-16.62,831.41,16.63
2021-06-10,Paraíba,Caldas Brandão,133.02,8,0,0.0,510,8,1.57,8480.21,133.02,8.48,6014,199.53,116.39,814.78,133.02
2021-06-09,Paraíba,Caldas Brandão,0.0,0,0,0.0,502,8,1.59,8347.19,133.02,8.35,6014,83.14,-133.02,681.76,-16.63
2021-06-08,Paraíba,Caldas Brandão,16.63,1,0,0.0,502,8,1.59,8347.19,133.02,8.35,6014,216.16,16.63,698.39,16.63
2021-06-07,Paraíba,Caldas Brandão,0.0,0,0,0.0,501,8,1.6,8330.56,133.02,8.33,6014,199.53,0.0,681.76,0.0
2021-06-06,Paraíba,Caldas Brandão,0.0,0,0,0.0,501,8,1.6,8330.56,133.02,8.33,6014,199.53,0.0,681.76,0.0
2021-06-05,Paraíba,Caldas Brandão,0.0,0,0,0.0,501,8,1.6,8330.56,133.02,8.33,6014,199.53,-33.26,681.76,0.0
2021-06-04,Paraíba,Caldas Brandão,49.88,3,0,0.0,501,8,1.6,8330.56,133.02,8.33,6014,232.79,0.0,681.76,33.25
2021-06-03,Paraíba,Caldas Brandão,16.63,1,0,0.0,498,8,1.61,8280.68,133.02,8.28,6014,232.79,-16.63,648.51,16.63
2021-06-02,Paraíba,Caldas Brandão,133.02,8,0,0.0,497,8,1.61,8264.05,133.02,8.26,6014,249.42,0.0,631.88,133.02
2021-06-01,Paraíba,Caldas Brandão,0.0,0,0,0.0,489,8,1.64,8131.03,133.02,8.13,6014,249.42,-16.63,498.86,0.0
2021-05-31,Paraíba,Caldas Brandão,0.0,0,0,0.0,489,8,1.64,8131.03,133.02,8.13,6014,266.05,0.0,498.86,0.0
2021-05-30,Paraíba,Caldas Brandão,0.0,0,0,0.0,489,8,1.64,8131.03,133.02,8.13,6014,266.05,-16.63,498.86,-49.88
2021-05-29,Paraíba,Caldas Brandão,33.26,2,0,0.0,489,8,1.64,8131.03,133.02,8.13,6014,282.68,33.26,548.74,0.0
2021-05-28,Paraíba,Caldas Brandão,49.88,3,0,0.0,487,8,1.64,8097.77,133.02,8.1,6014,249.42,33.25,548.74,33.25
2021-05-27,Paraíba,Caldas Brandão,33.26,2,0,0.0,484,8,1.65,8047.89,133.02,8.05,6014,216.17,33.26,515.49,33.26
2021-05-26,Paraíba,Caldas Brandão,133.02,8,0,0.0,482,8,1.66,8014.63,133.02,8.01,6014,182.91,99.76,482.23,99.76
2021-05-25,Paraíba,Caldas Brandão,16.63,1,0,0.0,474,8,1.69,7881.61,133.02,7.88,6014,83.15,-16.63,382.47,-16.63
2021-05-24,Paraíba,Caldas Brandão,0.0,0,0,0.0,473,8,1.69,7864.98,133.02,7.86,6014,99.78,0.0,399.1,0.0
2021-05-23,Paraíba,Caldas Brandão,16.63,1,0,0.0,473,8,1.69,7864.98,133.02,7.86,6014,99.78,16.63,399.1,-16.63
2021-05-22,Paraíba,Caldas Brandão,0.0,0,1,16.63,472,8,1.69,7848.35,133.02,7.85,6014,83.15,-83.14,415.73,-33.26
2021-05-21,Paraíba,Caldas Brandão,16.63,1,0,0.0,472,7,1.48,7848.35,116.4,7.85,6014,166.29,0.0,448.99,16.63
2021-05-20,Paraíba,Caldas Brandão,0.0,0,0,0.0,471,7,1.49,7831.73,116.4,7.83,6014,166.29,0.0,432.36,0.0
2021-05-19,Paraíba,Caldas Brandão,33.26,2,0,0.0,471,7,1.49,7831.73,116.4,7.83,6014,166.29,16.63,432.36,-16.62
2021-05-18,Paraíba,Caldas Brandão,33.26,2,0,0.0,469,7,1.49,7798.47,116.4,7.8,6014,149.66,33.26,448.98,33.26
2021-05-17,Paraíba,Caldas Brandão,0.0,0,0,0.0,467,7,1.5,7765.21,116.4,7.77,6014,116.4,0.0,415.72,-33.26
2021-05-16,Paraíba,Caldas Brandão,0.0,0,0,0.0,467,7,1.5,7765.21,116.4,7.77,6014,116.4,0.0,448.98,-16.63
2021-05-15,Paraíba,Caldas Brandão,83.14,5,0,0.0,467,7,1.5,7765.21,116.4,7.77,6014,116.4,83.14,465.61,83.14
2021-05-13,Paraíba,Caldas Brandão,16.63,1,0,0.0,462,7,1.52,7682.08,116.4,7.68,6014,33.26,0.0,382.47,-33.25
2021-05-12,Paraíba,Caldas Brandão,0.0,0,0,0.0,461,7,1.52,7665.45,116.4,7.67,6014,33.26,0.0,415.72,-33.26
2021-05-11,Paraíba,Caldas Brandão,16.63,1,0,0.0,461,7,1.52,7665.45,116.4,7.67,6014,33.26,16.63,448.98,0.0
2021-05-10,Paraíba,Caldas Brandão,0.0,0,0,0.0,460,7,1.52,7648.82,116.4,7.65,6014,16.63,0.0,448.98,0.0
2021-05-09,Paraíba,Caldas Brandão,0.0,0,0,0.0,460,7,1.52,7648.82,116.4,7.65,6014,16.63,0.0,448.98,-16.63
2021-05-08,Paraíba,Caldas Brandão,0.0,0,0,0.0,460,7,1.52,7648.82,116.4,7.65,6014,16.63,-49.88,465.61,-49.88
2021-05-07,Paraíba,Caldas Brandão,0.0,0,0,0.0,460,7,1.52,7648.82,116.4,7.65,6014,66.51,-33.26,515.49,-16.63
2021-05-06,Paraíba,Caldas Brandão,16.63,1,0,0.0,460,7,1.52,7648.82,116.4,7.65,6014,99.77,0.0,532.12,0.0
2021-05-05,Paraíba,Caldas Brandão,0.0,0,0,0.0,459,7,1.53,7632.19,116.4,7.63,6014,99.77,0.0,532.12,-49.88
2021-05-04,Paraíba,Caldas Brandão,0.0,0,0,0.0,459,7,1.53,7632.19,116.4,7.63,6014,99.77,-33.26,582.0,0.0
2021-05-03,Paraíba,Caldas Brandão,0.0,0,0,0.0,459,7,1.53,7632.19,116.4,7.63,6014,133.03,-33.26,582.0,0.0
2021-05-02,Paraíba,Caldas Brandão,0.0,0,0,0.0,459,7,1.53,7632.19,116.4,7.63,6014,166.29,0.0,582.0,0.0
2021-05-01,Paraíba,Caldas Brandão,49.88,3,0,0.0,459,7,1.53,7632.19,116.4,7.63,6014,166.29,16.62,582.0,16.62
2021-04-30,Paraíba,Caldas Brandão,33.26,2,1,16.63,456,7,1.54,7582.31,116.4,7.58,6014,149.67,0.0,565.38,-33.25
2021-04-29,Paraíba,Caldas Brandão,16.63,1,0,0.0,454,6,1.32,7549.05,99.77,7.55,6014,149.67,16.63,598.63,16.63
2021-04-28,Paraíba,Caldas Brandão,0.0,0,0,0.0,453,6,1.32,7532.42,99.77,7.53,6014,133.04,0.0,582.0,-49.88
2021-04-27,Paraíba,Caldas Brandão,33.26,2,0,0.0,453,6,1.32,7532.42,99.77,7.53,6014,133.04,-16.62,631.88,0.0
2021-04-26,Paraíba,Caldas Brandão,33.26,2,0,0.0,451,6,1.33,7499.17,99.77,7.5,6014,149.66,33.26,631.88,16.63
2021-04-25,Paraíba,Caldas Brandão,0.0,0,0,0.0,449,6,1.34,7465.91,99.77,7.47,6014,116.4,-33.26,615.25,-16.63
2021-04-24,Paraíba,Caldas Brandão,33.26,2,0,0.0,449,6,1.34,7465.91,99.77,7.47,6014,149.66,16.63,631.88,0.0
2021-04-23,Paraíba,Caldas Brandão,33.26,2,0,0.0,447,6,1.34,7432.66,99.77,7.43,6014,133.03,33.26,631.88,33.26
2021-04-21,Paraíba,Caldas Brandão,0.0,0,0,0.0,445,6,1.35,7399.4,99.77,7.4,6014,99.77,-49.88,598.62,-16.63
2021-04-20,Paraíba,Caldas Brandão,0.0,0,0,0.0,445,6,1.35,7399.4,99.77,7.4,6014,149.65,-33.26,615.25,-16.63
2021-04-19,Paraíba,Caldas Brandão,49.88,3,0,0.0,445,6,1.35,7399.4,99.77,7.4,6014,182.91,33.25,631.88,-33.26
2021-04-18,Paraíba,Caldas Brandão,0.0,0,0,0.0,442,6,1.36,7349.52,99.77,7.35,6014,149.66,0.0,665.14,-49.88
2021-04-17,Paraíba,Caldas Brandão,33.26,2,0,0.0,442,6,1.36,7349.52,99.77,7.35,6014,149.66,16.63,715.02,-49.88
2021-04-16,Paraíba,Caldas Brandão,16.63,1,0,0.0,440,6,1.36,7316.26,99.77,7.32,6014,133.03,-33.25,764.9,0.0
2021-04-15,Paraíba,Caldas Brandão,0.0,0,0,0.0,439,6,1.37,7299.63,99.77,7.3,6014,166.28,-16.63,764.9,0.0
2021-04-14,Paraíba,Caldas Brandão,49.88,3,0,0.0,439,6,1.37,7299.63,99.77,7.3,6014,182.91,33.25,764.9,33.25
2021-04-13,Paraíba,Caldas Brandão,33.26,2,0,0.0,436,6,1.38,7249.75,99.77,7.25,6014,149.66,-16.62,731.65,33.26
2021-04-12,Paraíba,Caldas Brandão,16.63,1,0,0.0,434,6,1.38,7216.49,99.77,7.22,6014,166.28,16.63,698.39,0.0
2021-04-11,Paraíba,Caldas Brandão,0.0,0,0,0.0,433,6,1.39,7199.87,99.77,7.2,6014,149.65,0.0,698.39,0.0
2021-04-10,Paraíba,Caldas Brandão,16.63,1,0,0.0,433,6,1.39,7199.87,99.77,7.2,6014,149.65,16.63,698.39,-33.25
2021-04-09,Paraíba,Caldas Brandão,49.88,3,0,0.0,432,6,1.39,7183.24,99.77,7.18,6014,133.02,16.62,731.64,49.88
2021-04-08,Paraíba,Caldas Brandão,16.63,1,0,0.0,429,6,1.4,7133.36,99.77,7.13,6014,116.4,-49.88,681.76,16.63
2021-04-06,Paraíba,Caldas Brandão,16.63,1,0,0.0,428,6,1.4,7116.73,99.77,7.12,6014,166.28,16.63,665.13,-33.25
2021-04-04,Paraíba,Caldas Brandão,49.88,3,0,0.0,427,6,1.41,7100.1,99.77,7.1,6014,149.65,0.0,698.38,33.25
2021-04-03,Paraíba,Caldas Brandão,0.0,0,0,0.0,424,6,1.42,7050.22,99.77,7.05,6014,149.65,-33.26,665.13,0.0
2021-04-02,Paraíba,Caldas Brandão,0.0,0,0,0.0,424,6,1.42,7050.22,99.77,7.05,6014,182.91,-16.63,665.13,-16.63
2021-04-01,Paraíba,Caldas Brandão,0.0,0,0,0.0,424,6,1.42,7050.22,99.77,7.05,6014,199.54,-16.63,681.76,0.0
2021-03-31,Paraíba,Caldas Brandão,33.26,2,0,0.0,424,6,1.42,7050.22,99.77,7.05,6014,216.17,0.0,681.76,16.63
2021-03-30,Paraíba,Caldas Brandão,66.51,4,0,0.0,422,6,1.42,7016.96,99.77,7.02,6014,216.17,66.51,665.13,66.51
2021-03-29,Paraíba,Caldas Brandão,0.0,0,0,0.0,418,6,1.44,6950.45,99.77,6.95,6014,149.66,-16.63,598.62,0.0
2021-03-28,Paraíba,Caldas Brandão,49.88,3,0,0.0,418,6,1.44,6950.45,99.77,6.95,6014,166.29,33.25,598.62,33.25
2021-03-27,Paraíba,Caldas Brandão,33.26,2,0,0.0,415,6,1.45,6900.57,99.77,6.9,6014,133.04,-49.88,565.37,33.26
2021-03-26,Paraíba,Caldas Brandão,16.63,1,0,0.0,413,6,1.45,6867.31,99.77,6.87,6014,182.92,-33.25,532.11,16.63
2021-03-25,Paraíba,Caldas Brandão,16.63,1,0,0.0,412,6,1.46,6850.68,99.77,6.85,6014,216.17,-66.51,515.48,16.63
2021-03-24,Paraíba,Caldas Brandão,33.26,2,0,0.0,411,6,1.46,6834.05,99.77,6.83,6014,282.68,16.63,498.85,33.26
2021-03-23,Paraíba,Caldas Brandão,0.0,0,0,0.0,409,6,1.47,6800.8,99.77,6.8,6014,266.05,0.0,465.59,0.0
2021-03-22,Paraíba,Caldas Brandão,16.63,1,0,0.0,409,6,1.47,6800.8,99.77,6.8,6014,266.05,0.0,465.59,0.0
2021-03-21,Paraíba,Caldas Brandão,16.63,1,0,0.0,408,6,1.47,6784.17,99.77,6.78,6014,266.05,16.63,465.59,16.63
2021-03-20,Paraíba,Caldas Brandão,83.14,5,0,0.0,407,6,1.47,6767.54,99.77,6.77,6014,249.42,66.51,448.96,66.51
2021-03-19,Paraíba,Caldas Brandão,49.88,3,0,0.0,402,6,1.49,6684.4,99.77,6.68,6014,182.91,49.88,382.45,-16.63
2021-03-18,Paraíba,Caldas Brandão,83.14,5,0,0.0,399,6,1.5,6634.52,99.77,6.63,6014,133.03,33.26,399.08,83.14
2021-03-16,Paraíba,Caldas Brandão,16.63,1,0,0.0,394,6,1.52,6551.38,99.77,6.55,6014,99.77,16.63,315.94,0.0
2021-03-15,Paraíba,Caldas Brandão,0.0,0,0,0.0,393,6,1.53,6534.75,99.77,6.53,6014,83.14,0.0,315.94,0.0
2021-03-14,Paraíba,Caldas Brandão,16.63,1,0,0.0,393,6,1.53,6534.75,99.77,6.53,6014,83.14,-33.25,315.94,0.0
2021-03-13,Paraíba,Caldas Brandão,0.0,0,0,0.0,392,6,1.53,6518.12,99.77,6.52,6014,116.39,-16.63,315.94,0.0
2021-03-12,Paraíba,Caldas Brandão,16.63,1,0,0.0,392,6,1.53,6518.12,99.77,6.52,6014,133.02,16.63,315.94,0.0
2021-03-11,Paraíba,Caldas Brandão,0.0,0,0,0.0,391,6,1.53,6501.5,99.77,6.5,6014,116.39,-16.63,315.94,0.0
2021-03-10,Paraíba,Caldas Brandão,49.88,3,0,0.0,391,6,1.53,6501.5,99.77,6.5,6014,133.02,49.88,315.94,49.88
2021-03-09,Paraíba,Caldas Brandão,0.0,0,0,0.0,388,6,1.55,6451.61,99.77,6.45,6014,83.14,-16.63,266.06,0.0
2021-03-08,Paraíba,Caldas Brandão,0.0,0,0,0.0,388,6,1.55,6451.61,99.77,6.45,6014,99.77,0.0,266.06,0.0
2021-03-07,Paraíba,Caldas Brandão,49.88,3,0,0.0,388,6,1.55,6451.61,99.77,6.45,6014,99.77,49.88,266.06,33.25
2021-03-06,Paraíba,Caldas Brandão,16.63,1,0,0.0,385,6,1.56,6401.73,99.77,6.4,6014,49.89,0.0,232.81,16.63
2021-03-05,Paraíba,Caldas Brandão,0.0,0,0,0.0,384,6,1.56,6385.1,99.77,6.39,6014,49.89,0.0,216.18,-16.63
2021-03-04,Paraíba,Caldas Brandão,16.63,1,1,16.63,384,6,1.56,6385.1,99.77,6.39,6014,49.89,16.63,232.81,16.63
2021-03-03,Paraíba,Caldas Brandão,0.0,0,0,0.0,383,5,1.31,6368.47,83.14,6.37,6014,33.26,0.0,216.18,0.0
2021-03-02,Paraíba,Caldas Brandão,16.63,1,0,0.0,383,5,1.31,6368.47,83.14,6.37,6014,33.26,16.63,216.18,16.63
2021-03-01,Paraíba,Caldas Brandão,0.0,0,0,0.0,382,5,1.31,6351.85,83.14,6.35,6014,16.63,0.0,199.55,-16.63
2021-02-28,Paraíba,Caldas Brandão,0.0,0,0,0.0,382,5,1.31,6351.85,83.14,6.35,6014,16.63,-16.63,216.18,0.0
2021-02-27,Paraíba,Caldas Brandão,16.63,1,0,0.0,382,5,1.31,6351.85,83.14,6.35,6014,33.26,16.63,216.18,0.0
2021-02-26,Paraíba,Caldas Brandão,0.0,0,0,0.0,381,5,1.31,6335.22,83.14,6.34,6014,16.63,-16.63,216.18,-16.63
2021-02-25,Paraíba,Caldas Brandão,0.0,0,0,0.0,381,5,1.31,6335.22,83.14,6.34,6014,33.26,-66.51,232.81,0.0
2021-02-24,Paraíba,Caldas Brandão,0.0,0,0,0.0,381,5,1.31,6335.22,83.14,6.34,6014,99.77,0.0,232.81,-33.26
2021-02-23,Paraíba,Caldas Brandão,0.0,0,0,0.0,381,5,1.31,6335.22,83.14,6.34,6014,99.77,-16.63,266.07,-16.63
2021-02-22,Paraíba,Caldas Brandão,0.0,0,0,0.0,381,5,1.31,6335.22,83.14,6.34,6014,116.4,0.0,282.7,-33.26
2021-02-21,Paraíba,Caldas Brandão,16.63,1,0,0.0,381,5,1.31,6335.22,83.14,6.34,6014,116.4,0.0,315.96,0.0
2021-02-20,Paraíba,Caldas Brandão,0.0,0,0,0.0,380,5,1.32,6318.59,83.14,6.32,6014,116.4,0.0,315.96,-16.63
2021-02-19,Paraíba,Caldas Brandão,16.63,1,0,0.0,380,5,1.32,6318.59,83.14,6.32,6014,116.4,0.0,332.59,16.63
2021-02-18,Paraíba,Caldas Brandão,66.51,4,0,0.0,379,5,1.32,6301.96,83.14,6.3,6014,116.4,66.51,315.96,66.51
2021-02-17,Paraíba,Caldas Brandão,0.0,0,0,0.0,375,5,1.33,6235.45,83.14,6.24,6014,49.89,0.0,249.45,0.0
2021-02-16,Paraíba,Caldas Brandão,16.63,1,0,0.0,375,5,1.33,6235.45,83.14,6.24,6014,49.89,16.63,249.45,0.0
2021-02-15,Paraíba,Caldas Brandão,0.0,0,0,0.0,374,5,1.34,6218.82,83.14,6.22,6014,33.26,0.0,249.45,0.0
2021-02-14,Paraíba,Caldas Brandão,16.63,1,0,0.0,374,5,1.34,6218.82,83.14,6.22,6014,33.26,0.0,249.45,0.0
2021-02-13,Paraíba,Caldas Brandão,0.0,0,0,0.0,373,5,1.34,6202.19,83.14,6.2,6014,33.26,0.0,249.45,-16.63
2021-02-12,Paraíba,Caldas Brandão,16.63,1,0,0.0,373,5,1.34,6202.19,83.14,6.2,6014,33.26,0.0,266.08,0.0
2021-02-11,Paraíba,Caldas Brandão,0.0,0,0,0.0,372,5,1.34,6185.57,83.14,6.19,6014,33.26,0.0,266.08,0.0
2021-02-10,Paraíba,Caldas Brandão,0.0,0,0,0.0,372,5,1.34,6185.57,83.14,6.19,6014,33.26,0.0,266.08,-49.88
2021-02-09,Paraíba,Caldas Brandão,0.0,0,0,0.0,372,5,1.34,6185.57,83.14,6.19,6014,33.26,0.0,315.96,0.0
2021-02-08,Paraíba,Caldas Brandão,0.0,0,0,0.0,372,5,1.34,6185.57,83.14,6.19,6014,33.26,-16.63,315.96,0.0
2021-02-07,Paraíba,Caldas Brandão,16.63,1,0,0.0,372,5,1.34,6185.57,83.14,6.19,6014,49.89,16.63,315.96,16.63
2021-02-06,Paraíba,Caldas Brandão,0.0,0,0,0.0,371,5,1.35,6168.94,83.14,6.17,6014,33.26,-16.63,299.33,0.0
2021-02-05,Paraíba,Caldas Brandão,16.63,1,0,0.0,371,5,1.35,6168.94,83.14,6.17,6014,49.89,0.0,299.33,16.63
2021-02-04,Paraíba,Caldas Brandão,0.0,0,0,0.0,370,5,1.35,6152.31,83.14,6.15,6014,49.89,0.0,282.7,0.0
2021-02-03,Paraíba,Caldas Brandão,0.0,0,0,0.0,370,5,1.35,6152.31,83.14,6.15,6014,49.89,-33.26,282.7,0.0
2021-02-02,Paraíba,Caldas Brandão,0.0,0,0,0.0,370,5,1.35,6152.31,83.14,6.15,6014,83.15,-16.63,282.7,0.0
2021-02-01,Paraíba,Caldas Brandão,16.63,1,0,0.0,370,5,1.35,6152.31,83.14,6.15,6014,99.78,-16.63,282.7,16.63
2021-01-31,Paraíba,Caldas Brandão,0.0,0,0,0.0,369,5,1.36,6135.68,83.14,6.14,6014,116.41,-16.63,266.07,0.0
2021-01-30,Paraíba,Caldas Brandão,16.63,1,0,0.0,369,5,1.36,6135.68,83.14,6.14,6014,133.04,0.0,266.07,-16.63
2021-01-29,Paraíba,Caldas Brandão,16.63,1,0,0.0,368,5,1.36,6119.06,83.14,6.12,6014,133.04,16.63,282.7,0.0
2021-01-28,Paraíba,Caldas Brandão,0.0,0,0,0.0,367,5,1.36,6102.43,83.14,6.1,6014,116.41,0.0,282.7,-16.63
2021-01-27,Paraíba,Caldas Brandão,33.26,2,0,0.0,367,5,1.36,6102.43,83.14,6.1,6014,116.41,33.26,299.33,33.26
2021-01-26,Paraíba,Caldas Brandão,16.63,1,0,0.0,365,5,1.37,6069.17,83.14,6.07,6014,83.15,0.0,266.07,0.0
2021-01-25,Paraíba,Caldas Brandão,33.26,2,0,0.0,364,5,1.37,6052.54,83.14,6.05,6014,83.15,33.26,266.07,33.26
2021-01-24,Paraíba,Caldas Brandão,16.63,1,0,0.0,362,5,1.38,6019.29,83.14,6.02,6014,49.89,0.0,232.81,16.63
2021-01-23,Paraíba,Caldas Brandão,16.63,1,0,0.0,361,5,1.39,6002.66,83.14,6.0,6014,49.89,0.0,216.18,16.63
2021-01-22,Paraíba,Caldas Brandão,0.0,0,0,0.0,360,5,1.39,5986.03,83.14,5.99,6014,49.89,-16.63,199.55,0.0
2021-01-21,Paraíba,Caldas Brandão,0.0,0,0,0.0,360,5,1.39,5986.03,83.14,5.99,6014,66.52,0.0,199.55,0.0
2021-01-20,Paraíba,Caldas Brandão,0.0,0,0,0.0,360,5,1.39,5986.03,83.14,5.99,6014,66.52,-49.88,199.55,0.0
2021-01-19,Paraíba,Caldas Brandão,16.63,1,0,0.0,360,5,1.39,5986.03,83.14,5.99,6014,116.4,16.63,199.55,-33.25
2021-01-18,Paraíba,Caldas Brandão,0.0,0,1,16.63,359,5,1.39,5969.4,83.14,5.97,6014,99.77,0.0,232.8,0.0
2021-01-17,Paraíba,Caldas Brandão,16.63,1,0,0.0,359,4,1.11,5969.4,66.51,5.97,6014,99.77,16.63,232.8,16.63
2021-01-16,Paraíba,Caldas Brandão,16.63,1,0,0.0,358,4,1.12,5952.78,66.51,5.95,6014,83.14,16.63,216.17,0.0
2021-01-15,Paraíba,Caldas Brandão,16.63,1,0,0.0,357,4,1.12,5936.15,66.51,5.94,6014,66.51,16.63,216.17,-16.63
2021-01-14,Paraíba,Caldas Brandão,0.0,0,0,0.0,356,4,1.12,5919.52,66.51,5.92,6014,49.88,0.0,232.8,0.0
2021-01-13,Paraíba,Caldas Brandão,49.88,3,0,0.0,356,4,1.12,5919.52,66.51,5.92,6014,49.88,49.88,232.8,49.88
2021-01-12,Paraíba,Caldas Brandão,0.0,0,0,0.0,353,4,1.13,5869.64,66.51,5.87,6014,-0.0,0.0,182.92,0.0
2021-01-10,Paraíba,Caldas Brandão,0.0,0,0,0.0,353,4,1.13,5869.64,66.51,5.87,6014,-0.0,0.0,182.92,-33.26
2021-01-09,Paraíba,Caldas Brandão,0.0,0,0,0.0,353,4,1.13,5869.64,66.51,5.87,6014,-0.0,0.0,216.18,-16.63
2021-01-08,Paraíba,Caldas Brandão,0.0,0,0,0.0,353,4,1.13,5869.64,66.51,5.87,6014,-0.0,-33.26,232.81,0.0
2021-01-07,Paraíba,Caldas Brandão,0.0,0,0,0.0,353,4,1.13,5869.64,66.51,5.87,6014,33.26,-16.63,232.81,-16.63
2021-01-06,Paraíba,Caldas Brandão,0.0,0,0,0.0,353,4,1.13,5869.64,66.51,5.87,6014,49.89,-16.63,249.44,-16.63
2021-01-05,Paraíba,Caldas Brandão,0.0,0,0,0.0,353,4,1.13,5869.64,66.51,5.87,6014,66.52,0.0,266.07,0.0
2021-01-04,Paraíba,Caldas Brandão,0.0,0,0,0.0,353,4,1.13,5869.64,66.51,5.87,6014,66.52,-16.63,266.07,0.0
2021-01-03,Paraíba,Caldas Brandão,0.0,0,0,0.0,353,4,1.13,5869.64,66.51,5.87,6014,83.15,0.0,266.07,0.0
2021-01-02,Paraíba,Caldas Brandão,0.0,0,0,0.0,353,4,1.13,5869.64,66.51,5.87,6014,83.15,0.0,266.07,0.0
2021-01-01,Paraíba,Caldas Brandão,33.26,2,0,0.0,353,4,1.13,5869.64,66.51,5.87,6014,83.15,33.26,266.07,33.26
2020-12-31,Paraíba,Caldas Brandão,16.63,1,1,16.63,351,4,1.14,5836.38,66.51,5.84,6014,49.89,16.63,232.81,16.63
2020-12-29,Paraíba,Caldas Brandão,16.63,1,0,0.0,350,3,0.86,5819.75,49.88,5.82,6014,33.26,16.63,216.18,16.63
2020-12-27,Paraíba,Caldas Brandão,0.0,0,0,0.0,349,3,0.86,5803.13,49.88,5.8,6014,16.63,0.0,199.55,-16.63
2020-12-26,Paraíba,Caldas Brandão,16.63,1,0,0.0,349,3,0.86,5803.13,49.88,5.8,6014,16.63,-33.25,216.18,16.63
2020-12-24,Paraíba,Caldas Brandão,0.0,0,1,16.63,348,3,0.86,5786.5,49.88,5.79,6014,49.88,0.0,199.55,0.0
2020-12-23,Paraíba,Caldas Brandão,0.0,0,0,0.0,348,2,0.57,5786.5,33.26,5.79,6014,49.88,0.0,199.55,0.0
2020-12-20,Paraíba,Caldas Brandão,0.0,0,0,0.0,348,2,0.57,5786.5,33.26,5.79,6014,49.88,-16.63,199.55,0.0
2020-12-18,Paraíba,Caldas Brandão,0.0,0,0,0.0,348,2,0.57,5786.5,33.26,5.79,6014,66.51,-33.26,199.55,0.0
2020-12-17,Paraíba,Caldas Brandão,0.0,0,0,0.0,348,2,0.57,5786.5,33.26,5.79,6014,99.77,0.0,199.55,0.0
2020-12-16,Paraíba,Caldas Brandão,0.0,0,0,0.0,348,2,0.57,5786.5,33.26,5.79,6014,99.77,0.0,199.55,0.0
2020-12-15,Paraíba,Caldas Brandão,49.88,3,0,0.0,348,2,0.57,5786.5,33.26,5.79,6014,99.77,49.88,199.55,49.88
2020-12-14,Paraíba,Caldas Brandão,0.0,0,0,0.0,345,2,0.58,5736.61,33.26,5.74,6014,49.89,-33.26,149.67,0.0
2020-12-13,Paraíba,Caldas Brandão,0.0,0,0,0.0,345,2,0.58,5736.61,33.26,5.74,6014,83.15,-16.63,149.67,-49.88
2020-12-12,Paraíba,Caldas Brandão,16.63,1,0,0.0,345,2,0.58,5736.61,33.26,5.74,6014,99.78,16.63,199.55,16.63
2020-12-10,Paraíba,Caldas Brandão,33.26,2,0,0.0,344,2,0.58,5719.99,33.26,5.72,6014,83.15,16.63,182.92,16.63
2020-12-09,Paraíba,Caldas Brandão,0.0,0,0,0.0,342,2,0.58,5686.73,33.26,5.69,6014,66.52,-16.63,166.29,0.0
2020-12-08,Paraíba,Caldas Brandão,0.0,0,0,0.0,342,2,0.58,5686.73,33.26,5.69,6014,83.15,0.0,166.29,0.0
2020-12-07,Paraíba,Caldas Brandão,0.0,0,0,0.0,342,2,0.58,5686.73,33.26,5.69,6014,83.15,0.0,166.29,33.26
2020-12-06,Paraíba,Caldas Brandão,33.26,2,0,0.0,342,2,0.58,5686.73,33.26,5.69,6014,83.15,33.26,133.03,16.63
2020-12-05,Paraíba,Caldas Brandão,16.63,1,0,0.0,340,2,0.59,5653.48,33.26,5.65,6014,49.89,16.63,116.4,16.63
2020-12-04,Paraíba,Caldas Brandão,0.0,0,0,0.0,339,2,0.59,5636.85,33.26,5.64,6014,33.26,0.0,99.77,0.0
2020-12-03,Paraíba,Caldas Brandão,16.63,1,0,0.0,339,2,0.59,5636.85,33.26,5.64,6014,33.26,16.63,99.77,-16.63
2020-12-02,Paraíba,Caldas Brandão,16.63,1,0,0.0,338,2,0.59,5620.22,33.26,5.62,6014,16.63,16.63,116.4,16.63
2020-12-01,Paraíba,Caldas Brandão,0.0,0,0,0.0,337,2,0.59,5603.59,33.26,5.6,6014,-0.0,-16.63,99.77,-16.63
2020-11-30,Paraíba,Caldas Brandão,0.0,0,0,0.0,337,2,0.59,5603.59,33.26,5.6,6014,16.63,0.0,116.4,0.0
2020-11-29,Paraíba,Caldas Brandão,0.0,0,0,0.0,337,2,0.59,5603.59,33.26,5.6,6014,16.63,0.0,116.4,0.0
2020-11-28,Paraíba,Caldas Brandão,0.0,0,0,0.0,337,2,0.59,5603.59,33.26,5.6,6014,16.63,0.0,116.4,0.0
2020-11-27,Paraíba,Caldas Brandão,0.0,0,0,0.0,337,2,0.59,5603.59,33.26,5.6,6014,16.63,0.0,116.4,-16.63
2020-11-26,Paraíba,Caldas Brandão,0.0,0,0,0.0,337,2,0.59,5603.59,33.26,5.6,6014,16.63,0.0,133.03,0.0
2020-11-25,Paraíba,Caldas Brandão,0.0,0,0,0.0,337,2,0.59,5603.59,33.26,5.6,6014,16.63,0.0,133.03,0.0
2020-11-24,Paraíba,Caldas Brandão,16.63,1,0,0.0,337,2,0.59,5603.59,33.26,5.6,6014,16.63,16.63,133.03,16.63
2020-11-22,Paraíba,Caldas Brandão,0.0,0,0,0.0,336,2,0.6,5586.96,33.26,5.59,6014,-0.0,0.0,116.4,0.0
2020-11-20,Paraíba,Caldas Brandão,0.0,0,0,0.0,336,2,0.6,5586.96,33.26,5.59,6014,-0.0,0.0,116.4,0.0
2020-11-19,Paraíba,Caldas Brandão,0.0,0,0,0.0,336,2,0.6,5586.96,33.26,5.59,6014,-0.0,-49.88,116.4,0.0
2020-11-18,Paraíba,Caldas Brandão,0.0,0,0,0.0,336,2,0.6,5586.96,33.26,5.59,6014,49.88,0.0,116.4,0.0
2020-11-17,Paraíba,Caldas Brandão,0.0,0,0,0.0,336,2,0.6,5586.96,33.26,5.59,6014,49.88,-16.63,116.4,-16.63
2020-11-16,Paraíba,Caldas Brandão,0.0,0,0,0.0,336,2,0.6,5586.96,33.26,5.59,6014,66.51,0.0,133.03,16.63
2020-11-15,Paraíba,Caldas Brandão,0.0,0,0,0.0,336,2,0.6,5586.96,33.26,5.59,6014,66.51,0.0,116.4,0.0
2020-11-13,Paraíba,Caldas Brandão,0.0,0,0,0.0,336,2,0.6,5586.96,33.26,5.59,6014,66.51,33.26,116.4,0.0
2020-11-11,Paraíba,Caldas Brandão,0.0,0,0,0.0,336,2,0.6,5586.96,33.26,5.59,6014,33.25,-16.63,116.4,0.0
2020-11-10,Paraíba,Caldas Brandão,49.88,3,0,0.0,336,2,0.6,5586.96,33.26,5.59,6014,49.88,49.88,116.4,49.88
2020-11-09,Paraíba,Caldas Brandão,0.0,0,0,0.0,333,2,0.6,5537.08,33.26,5.54,6014,-0.0,0.0,66.52,0.0
2020-11-08,Paraíba,Caldas Brandão,16.63,1,0,0.0,333,2,0.6,5537.08,33.26,5.54,6014,-0.0,-16.63,66.52,0.0
2020-11-07,Paraíba,Caldas Brandão,0.0,0,0,0.0,332,2,0.6,5520.45,33.26,5.52,6014,16.63,0.0,66.52,-16.63
2020-11-06,Paraíba,Caldas Brandão,0.0,0,0,0.0,332,2,0.6,5520.45,33.26,5.52,6014,16.63,-16.63,83.15,-16.63
2020-11-04,Paraíba,Caldas Brandão,-33.26,-2,0,0.0,332,2,0.6,5520.45,33.26,5.52,6014,33.26,-33.26,99.78,-33.26
2020-11-03,Paraíba,Caldas Brandão,16.63,1,0,0.0,334,2,0.6,5553.71,33.26,5.55,6014,66.52,16.63,133.04,0.0
2020-11-01,Paraíba,Caldas Brandão,0.0,0,0,0.0,333,2,0.6,5537.08,33.26,5.54,6014,49.89,0.0,133.04,0.0
2020-10-31,Paraíba,Caldas Brandão,0.0,0,0,0.0,333,2,0.6,5537.08,33.26,5.54,6014,49.89,-16.63,133.04,0.0
2020-10-30,Paraíba,Caldas Brandão,33.26,2,0,0.0,333,2,0.6,5537.08,33.26,5.54,6014,66.52,33.26,133.04,0.0
2020-10-29,Paraíba,Caldas Brandão,0.0,0,0,0.0,331,2,0.6,5503.82,33.26,5.5,6014,33.26,0.0,133.04,0.0
2020-10-28,Paraíba,Caldas Brandão,16.63,1,0,0.0,331,2,0.6,5503.82,33.26,5.5,6014,33.26,16.63,133.04,0.0
2020-10-26,Paraíba,Caldas Brandão,0.0,0,0,0.0,330,2,0.61,5487.2,33.26,5.49,6014,16.63,0.0,133.04,0.0
2020-10-25,Paraíba,Caldas Brandão,0.0,0,0,0.0,330,2,0.61,5487.2,33.26,5.49,6014,16.63,0.0,133.04,-16.63
2020-10-24,Paraíba,Caldas Brandão,0.0,0,0,0.0,330,2,0.61,5487.2,33.26,5.49,6014,16.63,0.0,149.67,0.0
2020-10-23,Paraíba,Caldas Brandão,16.63,1,0,0.0,330,2,0.61,5487.2,33.26,5.49,6014,16.63,16.63,149.67,16.63
2020-10-22,Paraíba,Caldas Brandão,0.0,0,0,0.0,329,2,0.61,5470.57,33.26,5.47,6014,-0.0,-16.63,133.04,0.0
2020-10-21,Paraíba,Caldas Brandão,0.0,0,0,0.0,329,2,0.61,5470.57,33.26,5.47,6014,16.63,16.63,133.04,-33.26
2020-10-20,Paraíba,Caldas Brandão,0.0,0,0,0.0,329,2,0.61,5470.57,33.26,5.47,6014,-0.0,0.0,166.3,0.0
2020-10-19,Paraíba,Caldas Brandão,0.0,0,0,0.0,329,2,0.61,5470.57,33.26,5.47,6014,-0.0,0.0,166.3,0.0
2020-10-18,Paraíba,Caldas Brandão,0.0,0,0,0.0,329,2,0.61,5470.57,33.26,5.47,6014,-0.0,0.0,166.3,0.0
2020-10-16,Paraíba,Caldas Brandão,0.0,0,0,0.0,329,2,0.61,5470.57,33.26,5.47,6014,-0.0,0.0,166.3,0.0
2020-10-15,Paraíba,Caldas Brandão,0.0,0,0,0.0,329,2,0.61,5470.57,33.26,5.47,6014,-0.0,0.0,166.3,0.0
2020-10-14,Paraíba,Caldas Brandão,16.63,1,0,0.0,329,2,0.61,5470.57,33.26,5.47,6014,-0.0,0.0,166.3,16.63
2020-10-13,Paraíba,Caldas Brandão,-16.63,-1,0,0.0,328,2,0.61,5453.94,33.26,5.45,6014,-0.0,-33.26,149.67,-49.89
2020-10-12,Paraíba,Caldas Brandão,0.0,0,0,0.0,329,2,0.61,5470.57,33.26,5.47,6014,33.26,-16.63,199.56,0.0
2020-10-11,Paraíba,Caldas Brandão,0.0,0,0,0.0,329,2,0.61,5470.57,33.26,5.47,6014,49.89,0.0,199.56,0.0
2020-10-10,Paraíba,Caldas Brandão,0.0,0,0,0.0,329,2,0.61,5470.57,33.26,5.47,6014,49.89,-16.63,199.56,0.0
2020-10-09,Paraíba,Caldas Brandão,0.0,0,0,0.0,329,2,0.61,5470.57,33.26,5.47,6014,66.52,0.0,199.56,-16.63
2020-10-08,Paraíba,Caldas Brandão,0.0,0,0,0.0,329,2,0.61,5470.57,33.26,5.47,6014,66.52,0.0,216.19,0.0
2020-10-07,Paraíba,Caldas Brandão,16.63,1,0,0.0,329,2,0.61,5470.57,33.26,5.47,6014,66.52,-16.63,216.19,16.63
2020-10-06,Paraíba,Caldas Brandão,16.63,1,0,0.0,328,2,0.61,5453.94,33.26,5.45,6014,83.15,16.63,199.56,16.63
2020-10-05,Paraíba,Caldas Brandão,16.63,1,0,0.0,327,2,0.61,5437.31,33.26,5.44,6014,66.52,0.0,182.93,16.63
2020-10-04,Paraíba,Caldas Brandão,0.0,0,0,0.0,326,2,0.61,5420.69,33.26,5.42,6014,66.52,0.0,166.3,0.0
2020-10-03,Paraíba,Caldas Brandão,16.63,1,0,0.0,326,2,0.61,5420.69,33.26,5.42,6014,66.52,0.0,166.3,0.0
2020-10-02,Paraíba,Caldas Brandão,0.0,0,0,0.0,325,2,0.62,5404.06,33.26,5.4,6014,66.52,0.0,166.3,0.0
2020-10-01,Paraíba,Caldas Brandão,0.0,0,0,0.0,325,2,0.62,5404.06,33.26,5.4,6014,66.52,0.0,166.3,-781.51
2020-09-30,Paraíba,Caldas Brandão,33.26,2,0,0.0,325,2,0.62,5404.06,33.26,5.4,6014,66.52,33.26,947.81,33.26
2020-09-29,Paraíba,Caldas Brandão,0.0,0,0,0.0,323,2,0.62,5370.8,33.26,5.37,6014,33.26,-33.26,914.55,-382.44
2020-09-28,Paraíba,Caldas Brandão,16.63,1,0,0.0,323,2,0.62,5370.8,33.26,5.37,6014,66.52,16.63,1296.99,16.63
2020-09-27,Paraíba,Caldas Brandão,0.0,0,0,0.0,322,2,0.62,5354.17,33.26,5.35,6014,49.89,0.0,1280.36,0.0
2020-09-26,Paraíba,Caldas Brandão,16.63,1,0,0.0,322,2,0.62,5354.17,33.26,5.35,6014,49.89,16.63,1280.36,0.0
2020-09-25,Paraíba,Caldas Brandão,0.0,0,0,0.0,321,2,0.62,5337.55,33.26,5.34,6014,33.26,0.0,1280.36,0.0
2020-09-24,Paraíba,Caldas Brandão,0.0,0,0,0.0,321,2,0.62,5337.55,33.26,5.34,6014,33.26,0.0,1280.36,-16.63
2020-09-23,Paraíba,Caldas Brandão,0.0,0,0,0.0,321,2,0.62,5337.55,33.26,5.34,6014,33.26,0.0,1296.99,0.0
2020-09-22,Paraíba,Caldas Brandão,33.26,2,0,0.0,321,2,0.62,5337.55,33.26,5.34,6014,33.26,0.0,1296.99,33.26
2020-09-21,Paraíba,Caldas Brandão,0.0,0,0,0.0,319,2,0.63,5304.29,33.26,5.3,6014,33.26,0.0,1263.73,0.0
2020-09-20,Paraíba,Caldas Brandão,0.0,0,0,0.0,319,2,0.63,5304.29,33.26,5.3,6014,33.26,0.0,1263.73,0.0
2020-09-19,Paraíba,Caldas Brandão,0.0,0,0,0.0,319,2,0.63,5304.29,33.26,5.3,6014,33.26,0.0,1263.73,0.0
2020-09-18,Paraíba,Caldas Brandão,0.0,0,0,0.0,319,2,0.63,5304.29,33.26,5.3,6014,33.26,-16.63,1263.73,0.0
2020-09-17,Paraíba,Caldas Brandão,0.0,0,0,0.0,319,2,0.63,5304.29,33.26,5.3,6014,49.89,0.0,1263.73,-49.88
2020-09-16,Paraíba,Caldas Brandão,0.0,0,0,0.0,319,2,0.63,5304.29,33.26,5.3,6014,49.89,0.0,1313.61,-16.63
2020-09-15,Paraíba,Caldas Brandão,33.26,2,0,0.0,319,2,0.63,5304.29,33.26,5.3,6014,49.89,33.26,1330.24,-166.27
2020-09-14,Paraíba,Caldas Brandão,0.0,0,0,0.0,317,2,0.63,5271.03,33.26,5.27,6014,16.63,0.0,1496.51,0.0
2020-09-13,Paraíba,Caldas Brandão,0.0,0,0,0.0,317,2,0.63,5271.03,33.26,5.27,6014,16.63,0.0,1496.51,-16.63
2020-09-12,Paraíba,Caldas Brandão,0.0,0,0,0.0,317,2,0.63,5271.03,33.26,5.27,6014,16.63,-16.63,1513.14,0.0
2020-09-11,Paraíba,Caldas Brandão,16.63,1,0,0.0,317,2,0.63,5271.03,33.26,5.27,6014,33.26,16.63,1513.14,16.63
2020-09-10,Paraíba,Caldas Brandão,0.0,0,0,0.0,316,2,0.63,5254.41,33.26,5.25,6014,16.63,-781.51,1496.51,-33.26
2020-09-09,Paraíba,Caldas Brandão,0.0,0,0,0.0,316,2,0.63,5254.41,33.26,5.25,6014,798.14,0.0,1529.77,-66.51
2020-09-08,Paraíba,Caldas Brandão,0.0,0,0,0.0,316,2,0.63,5254.41,33.26,5.25,6014,798.14,-382.44,1596.28,-116.4
2020-09-07,Paraíba,Caldas Brandão,0.0,0,0,0.0,316,2,0.63,5254.41,33.26,5.25,6014,1180.58,0.0,1712.68,-16.63
2020-09-06,Paraíba,Caldas Brandão,0.0,0,0,0.0,316,2,0.63,5254.41,33.26,5.25,6014,1180.58,0.0,1729.31,0.0
2020-09-05,Paraíba,Caldas Brandão,16.63,1,0,0.0,316,2,0.63,5254.41,33.26,5.25,6014,1180.58,0.0,1729.31,16.63
2020-09-04,Paraíba,Caldas Brandão,0.0,0,0,0.0,315,2,0.63,5237.78,33.26,5.24,6014,1180.58,0.0,1712.68,-282.67
2020-09-03,Paraíba,Caldas Brandão,781.51,47,0,0.0,315,2,0.63,5237.78,33.26,5.24,6014,1180.58,764.88,1995.35,764.88
2020-09-02,Paraíba,Caldas Brandão,0.0,0,0,0.0,268,2,0.75,4456.27,33.26,4.46,6014,415.7,0.0,1230.47,-315.93
2020-09-01,Paraíba,Caldas Brandão,382.44,23,0,0.0,268,2,0.75,4456.27,33.26,4.46,6014,415.7,382.44,1546.4,232.79
2020-08-31,Paraíba,Caldas Brandão,0.0,0,0,0.0,245,2,0.82,4073.83,33.26,4.07,6014,33.26,0.0,1313.61,-16.63
2020-08-30,Paraíba,Caldas Brandão,0.0,0,0,0.0,245,2,0.82,4073.83,33.26,4.07,6014,33.26,0.0,1330.24,0.0
2020-08-29,Paraíba,Caldas Brandão,16.63,1,0,0.0,245,2,0.82,4073.83,33.26,4.07,6014,33.26,16.63,1330.24,33.26
2020-08-28,Paraíba,Caldas Brandão,0.0,0,0,0.0,244,2,0.82,4057.2,33.26,4.06,6014,16.63,0.0,1296.98,-66.51
2020-08-27,Paraíba,Caldas Brandão,16.63,1,0,0.0,244,2,0.82,4057.2,33.26,4.06,6014,16.63,-33.25,1363.49,-33.25
2020-08-26,Paraíba,Caldas Brandão,0.0,0,0,0.0,243,2,0.82,4040.57,33.26,4.04,6014,49.88,-16.63,1396.74,33.26
2020-08-25,Paraíba,Caldas Brandão,0.0,0,0,0.0,243,2,0.82,4040.57,33.26,4.04,6014,66.51,-199.53,1363.48,-266.05
2020-08-24,Paraíba,Caldas Brandão,0.0,0,0,0.0,243,2,0.82,4040.57,33.26,4.04,6014,266.04,0.0,1629.53,0.0
2020-08-23,Paraíba,Caldas Brandão,0.0,0,0,0.0,243,2,0.82,4040.57,33.26,4.04,6014,266.04,-16.63,1629.53,0.0
2020-08-22,Paraíba,Caldas Brandão,0.0,0,0,0.0,243,2,0.82,4040.57,33.26,4.04,6014,282.67,0.0,1629.53,0.0
2020-08-21,Paraíba,Caldas Brandão,0.0,0,0,0.0,243,2,0.82,4040.57,33.26,4.04,6014,282.67,0.0,1629.53,-116.4
2020-08-20,Paraíba,Caldas Brandão,49.88,3,0,0.0,243,2,0.82,4040.57,33.26,4.04,6014,282.67,16.62,1745.93,49.88
2020-08-19,Paraíba,Caldas Brandão,16.63,1,0,0.0,240,2,0.83,3990.69,33.26,3.99,6014,266.05,-49.88,1696.05,0.0
2020-08-18,Paraíba,Caldas Brandão,199.53,12,0,0.0,239,2,0.84,3974.06,33.26,3.97,6014,315.93,83.13,1696.05,66.51
2020-08-17,Paraíba,Caldas Brandão,0.0,0,0,0.0,227,2,0.88,3774.53,33.26,3.77,6014,232.8,-16.63,1629.54,0.0
2020-08-16,Paraíba,Caldas Brandão,16.63,1,0,0.0,227,2,0.88,3774.53,33.26,3.77,6014,249.43,16.63,1629.54,16.63
2020-08-15,Paraíba,Caldas Brandão,0.0,0,0,0.0,226,2,0.88,3757.9,33.26,3.76,6014,232.8,0.0,1612.91,0.0
2020-08-14,Paraíba,Caldas Brandão,0.0,0,0,0.0,226,2,0.88,3757.9,33.26,3.76,6014,232.8,-282.67,1612.91,-99.77
2020-08-13,Paraíba,Caldas Brandão,33.26,2,0,0.0,226,2,0.88,3757.9,33.26,3.76,6014,515.47,16.63,1712.68,0.0
2020-08-12,Paraíba,Caldas Brandão,66.51,4,0,0.0,224,2,0.89,3724.64,33.26,3.72,6014,498.84,-249.42,1712.68,66.51
2020-08-11,Paraíba,Caldas Brandão,116.4,7,0,0.0,220,2,0.91,3658.13,33.26,3.66,6014,748.26,-33.25,1646.17,-33.25
2020-08-10,Paraíba,Caldas Brandão,16.63,1,0,0.0,213,2,0.94,3541.74,33.26,3.54,6014,781.51,0.0,1679.42,16.63
2020-08-09,Paraíba,Caldas Brandão,0.0,0,0,0.0,212,2,0.94,3525.11,33.26,3.53,6014,781.51,0.0,1662.79,-16.63
2020-08-08,Paraíba,Caldas Brandão,0.0,0,0,0.0,212,2,0.94,3525.11,33.26,3.53,6014,781.51,16.63,1679.42,-16.63
2020-08-07,Paraíba,Caldas Brandão,282.67,17,0,0.0,212,2,0.94,3525.11,33.26,3.53,6014,764.88,216.16,1696.05,166.27
2020-08-06,Paraíba,Caldas Brandão,16.63,1,0,0.0,195,2,1.03,3242.43,33.26,3.24,6014,548.72,-33.25,1529.78,49.89
2020-08-05,Paraíba,Caldas Brandão,315.93,19,0,0.0,194,2,1.03,3225.81,33.26,3.23,6014,581.97,349.19,1479.89,299.3
2020-08-04,Paraíba,Caldas Brandão,149.65,9,0,0.0,175,2,1.14,2909.88,33.26,2.91,6014,232.78,-116.4,1180.59,33.25
2020-08-03,Paraíba,Caldas Brandão,16.63,1,0,0.0,166,2,1.2,2760.23,33.26,2.76,6014,349.18,16.63,1147.34,0.0
2020-08-02,Paraíba,Caldas Brandão,0.0,0,0,0.0,165,2,1.21,2743.6,33.26,2.74,6014,332.55,0.0,1147.34,0.0
2020-08-01,Paraíba,Caldas Brandão,-16.63,-1,0,0.0,165,2,1.21,2743.6,33.26,2.74,6014,332.55,-16.63,1147.34,-232.79
2020-07-31,Paraíba,Caldas Brandão,66.51,4,0,0.0,166,2,1.2,2760.23,33.26,2.76,6014,349.18,-49.89,1380.13,66.51
2020-07-30,Paraíba,Caldas Brandão,49.88,3,0,0.0,162,2,1.23,2693.71,33.26,2.69,6014,399.07,49.88,1313.62,16.62
2020-07-29,Paraíba,Caldas Brandão,-33.26,-2,0,0.0,159,2,1.26,2643.83,33.26,2.64,6014,349.19,-49.89,1297.0,-166.28
2020-07-28,Paraíba,Caldas Brandão,266.05,16,0,0.0,161,2,1.24,2677.09,33.26,2.68,6014,399.08,133.03,1463.28,266.05
2020-07-27,Paraíba,Caldas Brandão,0.0,0,0,0.0,145,2,1.38,2411.04,33.26,2.41,6014,266.05,0.0,1197.23,0.0
2020-07-26,Paraíba,Caldas Brandão,0.0,0,0,0.0,145,2,1.38,2411.04,33.26,2.41,6014,266.05,0.0,1197.23,-249.42
2020-07-25,Paraíba,Caldas Brandão,0.0,0,0,0.0,145,2,1.38,2411.04,33.26,2.41,6014,266.05,0.0,1446.65,0.0
2020-07-24,Paraíba,Caldas Brandão,116.4,7,0,0.0,145,2,1.38,2411.04,33.26,2.41,6014,266.05,16.63,1446.65,116.4
2020-07-23,Paraíba,Caldas Brandão,0.0,0,0,0.0,138,2,1.45,2294.65,33.26,2.29,6014,249.42,-33.26,1330.25,0.0
2020-07-22,Paraíba,Caldas Brandão,16.63,1,0,0.0,138,2,1.45,2294.65,33.26,2.29,6014,282.68,16.63,1330.25,-216.16
2020-07-21,Paraíba,Caldas Brandão,133.02,8,0,0.0,137,2,1.46,2278.02,33.26,2.28,6014,266.05,-16.63,1546.41,133.02
2020-07-20,Paraíba,Caldas Brandão,0.0,0,0,0.0,129,2,1.55,2145.0,33.26,2.14,6014,282.68,0.0,1413.39,16.63
2020-07-19,Paraíba,Caldas Brandão,0.0,0,0,0.0,129,2,1.55,2145.0,33.26,2.14,6014,282.68,-16.63,1396.76,0.0
2020-07-18,Paraíba,Caldas Brandão,0.0,0,0,0.0,129,2,1.55,2145.0,33.26,2.14,6014,299.31,-16.63,1396.76,-99.77
2020-07-17,Paraíba,Caldas Brandão,99.77,6,0,0.0,129,2,1.55,2145.0,33.26,2.14,6014,315.94,-16.63,1496.53,33.26
2020-07-16,Paraíba,Caldas Brandão,33.26,2,0,0.0,123,2,1.63,2045.23,33.26,2.05,6014,332.57,66.52,1463.27,16.63
2020-07-15,Paraíba,Caldas Brandão,0.0,0,0,0.0,121,2,1.65,2011.97,33.26,2.01,6014,266.05,-16.63,1446.64,-99.77
2020-07-14,Paraíba,Caldas Brandão,149.65,9,0,0.0,121,2,1.65,2011.97,33.26,2.01,6014,282.68,33.25,1546.41,149.65
2020-07-13,Paraíba,Caldas Brandão,0.0,0,0,0.0,112,2,1.79,1862.32,33.26,1.86,6014,249.43,-16.63,1396.76,0.0
2020-07-12,Paraíba,Caldas Brandão,16.63,1,0,0.0,112,2,1.79,1862.32,33.26,1.86,6014,266.06,16.63,1396.76,16.63
2020-07-11,Paraíba,Caldas Brandão,16.63,1,0,0.0,111,2,1.8,1845.69,33.26,1.85,6014,249.43,-199.53,1380.13,16.63
2020-07-10,Paraíba,Caldas Brandão,116.4,7,0,0.0,110,2,1.82,1829.07,33.26,1.83,6014,448.96,116.4,1363.5,99.77
2020-07-09,Paraíba,Caldas Brandão,-33.26,-2,0,0.0,103,2,1.94,1712.67,33.26,1.71,6014,332.56,-66.52,1263.73,-33.26
2020-07-08,Paraíba,Caldas Brandão,16.63,1,0,0.0,105,2,1.9,1745.93,33.26,1.75,6014,399.08,-116.39,1296.99,-66.51
2020-07-07,Paraíba,Caldas Brandão,116.4,7,0,0.0,104,2,1.92,1729.3,33.26,1.73,6014,515.47,116.4,1363.5,116.4
2020-07-05,Paraíba,Caldas Brandão,16.63,1,0,0.0,97,2,2.06,1612.9,33.26,1.61,6014,399.07,16.63,1247.1,0.0
2020-07-04,Paraíba,Caldas Brandão,0.0,0,0,0.0,96,2,2.08,1596.28,33.26,1.6,6014,382.44,-249.42,1247.1,-16.63
2020-07-03,Paraíba,Caldas Brandão,216.16,13,0,0.0,96,2,2.08,1596.28,33.26,1.6,6014,631.86,216.16,1263.73,182.9
2020-07-02,Paraíba,Caldas Brandão,0.0,0,0,0.0,83,2,2.41,1380.11,33.26,1.38,6014,415.7,0.0,1080.83,0.0
2020-07-01,Paraíba,Caldas Brandão,33.26,2,0,0.0,83,2,2.41,1380.11,33.26,1.38,6014,415.7,33.26,1080.83,16.63
2020-06-30,Paraíba,Caldas Brandão,133.02,8,0,0.0,81,2,2.47,1346.86,33.26,1.35,6014,382.44,-99.77,1064.2,99.76
2020-06-29,Paraíba,Caldas Brandão,0.0,0,0,0.0,73,2,2.74,1213.83,33.26,1.21,6014,482.21,0.0,964.44,0.0
2020-06-28,Paraíba,Caldas Brandão,0.0,0,0,0.0,73,2,2.74,1213.83,33.26,1.21,6014,482.21,16.63,964.44,0.0
2020-06-27,Paraíba,Caldas Brandão,249.42,15,0,0.0,73,2,2.74,1213.83,33.26,1.21,6014,465.58,249.42,964.44,249.42
2020-06-26,Paraíba,Caldas Brandão,0.0,0,0,0.0,58,2,3.45,964.42,33.26,0.96,6014,216.16,-99.77,715.02,-16.63
2020-06-25,Paraíba,Caldas Brandão,0.0,0,0,0.0,58,2,3.45,964.42,33.26,0.96,6014,315.93,-66.51,731.65,-49.88
2020-06-24,Paraíba,Caldas Brandão,0.0,0,0,0.0,58,2,3.45,964.42,33.26,0.96,6014,382.44,-16.63,781.53,0.0
2020-06-23,Paraíba,Caldas Brandão,232.79,14,0,0.0,58,2,3.45,964.42,33.26,0.96,6014,399.07,133.02,781.53,166.28
2020-06-22,Paraíba,Caldas Brandão,0.0,0,0,0.0,44,2,4.55,731.63,33.26,0.73,6014,266.05,0.0,615.25,0.0
2020-06-21,Paraíba,Caldas Brandão,-16.63,-1,0,0.0,44,2,4.55,731.63,33.26,0.73,6014,266.05,-16.63,615.25,0.0
2020-06-20,Paraíba,Caldas Brandão,0.0,0,0,0.0,45,2,4.44,748.25,33.26,0.75,6014,282.68,0.0,615.25,0.0
2020-06-19,Paraíba,Caldas Brandão,99.77,6,0,0.0,45,2,4.44,748.25,33.26,0.75,6014,282.68,99.77,615.25,33.26
2020-06-18,Paraíba,Caldas Brandão,66.51,4,0,0.0,39,2,5.13,648.49,33.26,0.65,6014,182.91,49.88,581.99,66.51
2020-06-17,Paraíba,Caldas Brandão,16.63,1,0,0.0,35,2,5.71,581.98,33.26,0.58,6014,133.03,16.63,515.48,16.63
2020-06-16,Paraíba,Caldas Brandão,99.77,6,0,0.0,34,2,5.88,565.35,33.26,0.57,6014,116.4,16.63,498.85,49.89
2020-06-15,Paraíba,Caldas Brandão,0.0,0,0,0.0,28,2,7.14,465.58,33.26,0.47,6014,99.77,0.0,448.96,-49.88
2020-06-14,Paraíba,Caldas Brandão,0.0,0,0,0.0,28,2,7.14,465.58,33.26,0.47,6014,99.77,-16.63,498.84,0.0
2020-06-13,Paraíba,Caldas Brandão,0.0,0,0,0.0,28,2,7.14,465.58,33.26,0.47,6014,116.4,-16.63,498.84,0.0
2020-06-12,Paraíba,Caldas Brandão,0.0,0,2,33.26,28,2,7.14,465.58,33.26,0.47,6014,133.03,-33.26,498.84,0.0
2020-06-11,Paraíba,Caldas Brandão,16.63,1,0,0.0,28,0,0.0,465.58,0.0,0.47,6014,166.29,16.63,498.84,16.63
2020-06-10,Paraíba,Caldas Brandão,0.0,0,0,0.0,27,0,0.0,448.95,0.0,0.45,6014,149.66,-16.63,482.21,0.0
2020-06-09,Paraíba,Caldas Brandão,83.14,5,0,0.0,27,0,0.0,448.95,0.0,0.45,6014,166.29,49.88,482.21,83.14
2020-06-08,Paraíba,Caldas Brandão,0.0,0,0,0.0,22,0,0.0,365.81,0.0,0.37,6014,116.41,0.0,399.07,0.0
2020-06-07,Paraíba,Caldas Brandão,16.63,1,0,0.0,22,0,0.0,365.81,0.0,0.37,6014,116.41,16.63,399.07,16.63
2020-06-06,Paraíba,Caldas Brandão,16.63,1,0,0.0,21,0,0.0,349.19,0.0,0.35,6014,99.78,16.63,382.44,16.63
2020-06-05,Paraíba,Caldas Brandão,33.26,2,0,0.0,20,0,0.0,332.56,0.0,0.33,6014,83.15,16.63,365.81,33.26
2020-06-04,Paraíba,Caldas Brandão,0.0,0,0,0.0,18,0,0.0,299.3,0.0,0.3,6014,66.52,-49.88,332.55,0.0
2020-06-03,Paraíba,Caldas Brandão,16.63,1,0,0.0,18,0,0.0,299.3,0.0,0.3,6014,116.4,16.63,332.55,16.63
2020-06-02,Paraíba,Caldas Brandão,33.26,2,0,0.0,17,0,0.0,282.67,0.0,0.28,6014,99.77,-33.25,315.92,33.26
2020-06-01,Paraíba,Caldas Brandão,0.0,0,0,0.0,15,0,0.0,249.42,0.0,0.25,6014,133.02,0.0,282.66,0.0
2020-05-31,Paraíba,Caldas Brandão,0.0,0,0,0.0,15,0,0.0,249.42,0.0,0.25,6014,133.02,16.63,282.66,0.0
2020-05-30,Paraíba,Caldas Brandão,0.0,0,0,0.0,15,0,0.0,249.42,0.0,0.25,6014,116.39,0.0,282.66,0.0
2020-05-29,Paraíba,Caldas Brandão,16.63,1,0,0.0,15,0,0.0,249.42,0.0,0.25,6014,116.39,-49.88,282.66,16.63
2020-05-28,Paraíba,Caldas Brandão,49.88,3,0,0.0,14,0,0.0,232.79,0.0,0.23,6014,166.27,49.88,266.03,49.88
2020-05-27,Paraíba,Caldas Brandão,0.0,0,0,0.0,11,0,0.0,182.91,0.0,0.18,6014,116.39,0.0,216.15,0.0
2020-05-26,Paraíba,Caldas Brandão,66.51,4,0,0.0,11,0,0.0,182.91,0.0,0.18,6014,116.39,16.63,216.15,66.51
2020-05-25,Paraíba,Caldas Brandão,0.0,0,0,0.0,7,0,0.0,116.4,0.0,0.12,6014,99.76,-49.88,149.64,0.0
2020-05-24,Paraíba,Caldas Brandão,-16.63,-1,0,0.0,7,0,0.0,116.4,0.0,0.12,6014,149.64,-16.63,149.64,-16.63
2020-05-23,Paraíba,Caldas Brandão,0.0,0,0,0.0,8,0,0.0,133.02,0.0,0.13,6014,166.27,0.0,166.27,0.0
2020-05-22,Paraíba,Caldas Brandão,66.51,4,0,0.0,8,0,0.0,133.02,0.0,0.13,6014,166.27,66.51,166.27,66.51
2020-05-21,Paraíba,Caldas Brandão,0.0,0,0,0.0,4,0,0.0,66.51,0.0,0.07,6014,99.76,0.0,99.76,0.0
2020-05-20,Paraíba,Caldas Brandão,0.0,0,0,0.0,4,0,0.0,66.51,0.0,0.07,6014,99.76,0.0,99.76,0.0
2020-05-19,Paraíba,Caldas Brandão,49.88,3,0,0.0,4,0,0.0,66.51,0.0,0.07,6014,99.76,49.88,99.76,49.88
2020-05-18,Paraíba,Caldas Brandão,49.88,3,0,0.0,1,0,0.0,16.63,0.0,0.02,6014,49.88,49.88,49.88,49.88
