date,state,city,1day_cases_100k,new_cases,new_deaths,new_deaths_100k,total_cases,total_deaths,cfr%,total_cases_100k,total_deaths_100k,%infected,population,7day_cases_100k,7day_cases_change,28day_cases_100k,28day_cases_change
2020-09-01,Paraíba,Cuitegi,73.5,5,0,0.0,404,9,2.23,5938.56,132.29,5.94,6803,44.1,58.8,955.49,-29.4
2020-08-31,Paraíba,Cuitegi,0.0,0,0,0.0,399,9,2.26,5865.06,132.29,5.87,6803,-14.7,0.0,984.89,0.0
2020-08-30,Paraíba,Cuitegi,0.0,0,0,0.0,399,9,2.26,5865.06,132.29,5.87,6803,-14.7,-14.7,984.89,0.0
2020-08-29,Paraíba,Cuitegi,0.0,0,0,0.0,399,9,2.26,5865.06,132.29,5.87,6803,-0.0,0.0,984.89,-14.7
2020-08-28,Paraíba,Cuitegi,0.0,0,0,0.0,399,9,2.26,5865.06,132.29,5.87,6803,-0.0,0.0,999.59,-176.39
2020-08-27,Paraíba,Cuitegi,-29.4,-2,0,0.0,399,9,2.26,5865.06,132.29,5.87,6803,-0.0,-73.5,1175.98,-73.5
2020-08-26,Paraíba,Cuitegi,0.0,0,0,0.0,401,9,2.24,5894.46,132.29,5.89,6803,73.5,0.0,1249.48,-264.59
2020-08-25,Paraíba,Cuitegi,14.7,1,0,0.0,401,9,2.24,5894.46,132.29,5.89,6803,73.5,-73.5,1514.07,-102.9
2020-08-24,Paraíba,Cuitegi,0.0,0,0,0.0,400,9,2.25,5879.76,132.29,5.88,6803,147.0,-29.4,1616.97,-176.39
2020-08-23,Paraíba,Cuitegi,14.7,1,1,14.7,400,9,2.25,5879.76,132.29,5.88,6803,176.4,14.7,1793.36,14.7
2020-08-22,Paraíba,Cuitegi,0.0,0,0,0.0,399,8,2.01,5865.06,117.6,5.87,6803,161.7,0.0,1778.66,0.0
2020-08-21,Paraíba,Cuitegi,0.0,0,0,0.0,399,8,2.01,5865.06,117.6,5.87,6803,161.7,-102.9,1778.66,-279.29
2020-08-20,Paraíba,Cuitegi,44.1,3,0,0.0,399,8,2.01,5865.06,117.6,5.87,6803,264.6,44.1,2057.95,-58.8
2020-08-19,Paraíba,Cuitegi,0.0,0,0,0.0,396,8,2.02,5820.96,117.6,5.82,6803,220.5,0.0,2116.75,-14.7
2020-08-18,Paraíba,Cuitegi,88.2,6,0,0.0,396,8,2.02,5820.96,117.6,5.82,6803,220.5,-14.7,2131.45,-44.09
2020-08-17,Paraíba,Cuitegi,29.4,2,0,0.0,390,8,2.05,5732.76,117.6,5.73,6803,235.2,29.4,2175.54,29.4
2020-08-16,Paraíba,Cuitegi,0.0,0,0,0.0,388,8,2.06,5703.37,117.6,5.7,6803,205.8,0.0,2146.14,0.0
2020-08-15,Paraíba,Cuitegi,0.0,0,0,0.0,388,8,2.06,5703.37,117.6,5.7,6803,205.8,-117.6,2146.14,-235.19
2020-08-14,Paraíba,Cuitegi,102.9,7,0,0.0,388,8,2.06,5703.37,117.6,5.7,6803,323.4,-220.49,2381.33,73.5
2020-08-13,Paraíba,Cuitegi,0.0,0,0,0.0,381,8,2.1,5600.47,117.6,5.6,6803,543.89,0.0,2307.83,-235.19
2020-08-12,Paraíba,Cuitegi,0.0,0,0,0.0,381,8,2.1,5600.47,117.6,5.6,6803,543.89,-73.5,2543.02,-44.1
2020-08-11,Paraíba,Cuitegi,102.9,7,0,0.0,381,8,2.1,5600.47,117.6,5.6,6803,617.39,0.0,2587.12,-132.29
2020-08-10,Paraíba,Cuitegi,0.0,0,0,0.0,374,8,2.14,5497.57,117.6,5.5,6803,617.39,0.0,2719.41,0.0
2020-08-09,Paraíba,Cuitegi,0.0,0,0,0.0,374,8,2.14,5497.57,117.6,5.5,6803,617.39,0.0,2719.41,0.0
2020-08-08,Paraíba,Cuitegi,117.6,8,0,0.0,374,8,2.14,5497.57,117.6,5.5,6803,617.39,102.9,2719.41,-88.19
2020-08-07,Paraíba,Cuitegi,323.39,22,0,0.0,366,8,2.19,5379.98,117.6,5.38,6803,514.49,147.0,2807.6,323.39
2020-08-06,Paraíba,Cuitegi,0.0,0,0,0.0,344,8,2.33,5056.59,117.6,5.06,6803,367.49,-44.1,2484.21,-176.39
2020-08-05,Paraíba,Cuitegi,73.5,5,0,0.0,344,8,2.33,5056.59,117.6,5.06,6803,411.59,-191.09,2660.6,73.5
2020-08-04,Paraíba,Cuitegi,102.9,7,0,0.0,339,8,2.36,4983.1,117.6,4.98,6803,602.68,-14.7,2587.1,-14.7
2020-08-03,Paraíba,Cuitegi,0.0,0,0,0.0,332,8,2.41,4880.2,117.6,4.88,6803,617.38,-176.39,2601.8,0.0
2020-08-02,Paraíba,Cuitegi,0.0,0,0,0.0,332,8,2.41,4880.2,117.6,4.88,6803,793.77,0.0,2601.8,-220.49
2020-08-01,Paraíba,Cuitegi,14.7,1,0,0.0,332,8,2.41,4880.2,117.6,4.88,6803,793.77,14.7,2822.29,-14.7
2020-07-31,Paraíba,Cuitegi,176.39,12,0,0.0,331,8,2.42,4865.5,117.6,4.87,6803,779.07,-102.9,2836.99,0.0
2020-07-30,Paraíba,Cuitegi,44.1,3,0,0.0,319,8,2.51,4689.11,117.6,4.69,6803,881.97,-58.8,2836.99,0.0
2020-07-29,Paraíba,Cuitegi,264.59,18,0,0.0,316,8,2.53,4645.01,117.6,4.65,6803,940.77,249.89,2836.99,29.4
2020-07-28,Paraíba,Cuitegi,117.6,8,0,0.0,298,8,2.68,4380.42,117.6,4.38,6803,690.88,-14.69,2807.59,117.6
2020-07-27,Paraíba,Cuitegi,176.39,12,1,14.7,290,8,2.76,4262.83,117.6,4.26,6803,705.57,176.39,2689.99,176.39
2020-07-26,Paraíba,Cuitegi,0.0,0,0,0.0,278,7,2.52,4086.43,102.9,4.09,6803,529.18,0.0,2513.6,-88.2
2020-07-25,Paraíba,Cuitegi,0.0,0,0,0.0,278,7,2.52,4086.43,102.9,4.09,6803,529.18,-235.19,2601.8,-117.6
2020-07-24,Paraíba,Cuitegi,279.29,19,0,0.0,278,7,2.52,4086.43,102.9,4.09,6803,764.37,249.89,2719.4,264.59
2020-07-23,Paraíba,Cuitegi,102.9,7,1,14.7,259,7,2.7,3807.14,102.9,3.81,6803,514.48,-132.29,2454.81,88.2
2020-07-22,Paraíba,Cuitegi,14.7,1,1,14.7,252,6,2.38,3704.25,88.2,3.7,6803,646.77,-29.4,2366.61,-44.1
2020-07-21,Paraíba,Cuitegi,132.29,9,1,14.7,251,5,1.99,3689.55,73.5,3.69,6803,676.17,-102.9,2410.71,102.89
2020-07-20,Paraíba,Cuitegi,0.0,0,0,0.0,242,4,1.65,3557.25,58.8,3.56,6803,779.07,0.0,2307.82,-14.7
2020-07-19,Paraíba,Cuitegi,0.0,0,0,0.0,242,4,1.65,3557.25,58.8,3.56,6803,779.07,0.0,2322.52,-102.9
2020-07-18,Paraíba,Cuitegi,235.19,16,1,14.7,242,4,1.65,3557.25,58.8,3.56,6803,779.07,29.4,2425.42,205.79
2020-07-17,Paraíba,Cuitegi,29.4,2,0,0.0,226,3,1.33,3322.06,44.1,3.32,6803,749.67,29.4,2219.63,-14.7
2020-07-16,Paraíba,Cuitegi,235.19,16,0,0.0,224,3,1.34,3292.67,44.1,3.29,6803,720.27,58.8,2234.33,220.49
2020-07-15,Paraíba,Cuitegi,44.1,3,0,0.0,208,3,1.44,3057.47,44.1,3.06,6803,661.47,44.1,2013.84,-29.4
2020-07-14,Paraíba,Cuitegi,235.19,16,0,0.0,205,3,1.46,3013.38,44.1,3.01,6803,617.37,117.59,2043.24,235.19
2020-07-13,Paraíba,Cuitegi,0.0,0,0,0.0,189,3,1.59,2778.19,44.1,2.78,6803,499.78,0.0,1808.05,-14.7
2020-07-12,Paraíba,Cuitegi,0.0,0,0,0.0,189,3,1.59,2778.19,44.1,2.78,6803,499.78,-220.49,1822.75,0.0
2020-07-11,Paraíba,Cuitegi,205.79,14,0,0.0,189,3,1.59,2778.19,44.1,2.78,6803,720.27,176.39,1822.75,161.69
2020-07-10,Paraíba,Cuitegi,0.0,0,0,0.0,175,3,1.71,2572.39,44.1,2.57,6803,543.88,-176.39,1661.06,-44.1
2020-07-09,Paraíba,Cuitegi,176.39,12,0,0.0,175,3,1.71,2572.39,44.1,2.57,6803,720.27,132.29,1705.16,176.39
2020-07-08,Paraíba,Cuitegi,0.0,0,0,0.0,163,3,1.84,2396.0,44.1,2.4,6803,587.98,-235.19,1528.77,-44.1
2020-07-07,Paraíba,Cuitegi,117.6,8,0,0.0,163,3,1.84,2396.0,44.1,2.4,6803,823.17,117.6,1572.87,117.6
2020-07-05,Paraíba,Cuitegi,0.0,0,0,0.0,155,3,1.94,2278.41,44.1,2.28,6803,705.57,0.0,1455.27,0.0
2020-07-04,Paraíba,Cuitegi,220.49,15,1,14.7,155,3,1.94,2278.41,44.1,2.28,6803,705.57,132.29,1455.27,205.79
2020-07-03,Paraíba,Cuitegi,29.4,2,0,0.0,140,2,1.43,2057.92,29.4,2.06,6803,573.28,-88.2,1249.48,14.7
2020-07-02,Paraíba,Cuitegi,176.39,12,0,0.0,138,2,1.45,2028.52,29.4,2.03,6803,661.48,161.69,1234.78,102.89
2020-07-01,Paraíba,Cuitegi,44.1,3,0,0.0,126,2,1.59,1852.12,29.4,1.85,6803,499.79,29.4,1131.89,29.4
2020-06-30,Paraíba,Cuitegi,235.19,16,0,0.0,123,2,1.63,1808.03,29.4,1.81,6803,470.39,176.39,1102.49,205.79
2020-06-29,Paraíba,Cuitegi,0.0,0,0,0.0,107,2,1.87,1572.84,29.4,1.57,6803,294.0,-29.4,896.7,0.0
2020-06-28,Paraíba,Cuitegi,0.0,0,0,0.0,107,2,1.87,1572.84,29.4,1.57,6803,323.4,-14.7,896.7,-29.4
2020-06-27,Paraíba,Cuitegi,88.2,6,0,0.0,107,2,1.87,1572.84,29.4,1.57,6803,338.1,-14.7,926.1,29.4
2020-06-26,Paraíba,Cuitegi,117.6,8,0,0.0,101,2,1.98,1484.64,29.4,1.48,6803,352.8,88.2,896.7,161.7
2020-06-25,Paraíba,Cuitegi,14.7,1,0,0.0,93,2,2.15,1367.04,29.4,1.37,6803,264.6,-29.4,735.0,117.6
2020-06-24,Paraíba,Cuitegi,14.7,1,0,0.0,92,2,2.17,1352.34,29.4,1.35,6803,294.0,0.0,617.4,0.0
2020-06-23,Paraíba,Cuitegi,58.8,4,0,0.0,91,2,2.2,1337.65,29.4,1.34,6803,294.0,-14.7,617.4,14.7
2020-06-22,Paraíba,Cuitegi,29.4,2,0,0.0,87,2,2.3,1278.85,29.4,1.28,6803,308.7,29.4,602.7,0.0
2020-06-21,Paraíba,Cuitegi,14.7,1,1,14.7,85,2,2.35,1249.45,29.4,1.25,6803,279.3,0.0,602.7,-161.69
2020-06-20,Paraíba,Cuitegi,102.9,7,0,0.0,84,1,1.19,1234.75,14.7,1.23,6803,279.3,102.9,764.39,58.8
2020-06-19,Paraíba,Cuitegi,29.4,2,0,0.0,77,1,1.3,1131.85,14.7,1.13,6803,176.4,-14.7,705.59,-161.69
2020-06-18,Paraíba,Cuitegi,44.1,3,0,0.0,75,1,1.33,1102.45,14.7,1.1,6803,191.1,0.0,867.28,44.1
2020-06-17,Paraíba,Cuitegi,14.7,1,0,0.0,72,1,1.39,1058.36,14.7,1.06,6803,191.1,14.7,823.18,14.7
2020-06-16,Paraíba,Cuitegi,73.5,5,0,0.0,71,1,1.41,1043.66,14.7,1.04,6803,176.4,29.4,808.48,73.5
2020-06-15,Paraíba,Cuitegi,0.0,0,0,0.0,66,1,1.52,970.16,14.7,0.97,6803,147.0,0.0,734.98,-161.69
2020-06-14,Paraíba,Cuitegi,14.7,1,0,0.0,66,1,1.52,970.16,14.7,0.97,6803,147.0,14.7,896.67,14.7
2020-06-13,Paraíba,Cuitegi,0.0,0,0,0.0,65,1,1.54,955.46,14.7,0.96,6803,132.3,-14.7,881.97,0.0
2020-06-12,Paraíba,Cuitegi,44.1,3,0,0.0,65,1,1.54,955.46,14.7,0.96,6803,147.0,29.4,881.97,44.1
2020-06-11,Paraíba,Cuitegi,44.1,3,0,0.0,62,1,1.61,911.36,14.7,0.91,6803,117.6,-29.4,837.87,44.1
2020-06-10,Paraíba,Cuitegi,0.0,0,0,0.0,59,1,1.69,867.26,14.7,0.87,6803,147.0,-14.7,793.77,0.0
2020-06-09,Paraíba,Cuitegi,44.1,3,0,0.0,59,1,1.69,867.26,14.7,0.87,6803,161.7,14.7,793.77,29.4
2020-06-08,Paraíba,Cuitegi,0.0,0,0,0.0,56,1,1.79,823.17,14.7,0.82,6803,147.0,0.0,764.37,0.0
2020-06-07,Paraíba,Cuitegi,0.0,0,0,0.0,56,1,1.79,823.17,14.7,0.82,6803,147.0,-29.4,764.37,0.0
2020-06-06,Paraíba,Cuitegi,14.7,1,0,0.0,56,1,1.79,823.17,14.7,0.82,6803,176.4,-44.1,764.37,-14.7
2020-06-05,Paraíba,Cuitegi,14.7,1,0,0.0,55,1,1.82,808.47,14.7,0.81,6803,220.5,58.8,779.07,14.7
2020-06-04,Paraíba,Cuitegi,73.5,5,0,0.0,54,1,1.85,793.77,14.7,0.79,6803,161.7,176.4,764.37,73.5
2020-06-03,Paraíba,Cuitegi,14.7,1,0,0.0,49,1,2.04,720.27,14.7,0.72,6803,-14.7,0.0,690.87,14.7
2020-06-02,Paraíba,Cuitegi,29.4,2,0,0.0,48,1,2.08,705.57,14.7,0.71,6803,-14.7,-14.7,676.17,29.4
2020-06-01,Paraíba,Cuitegi,0.0,0,0,0.0,46,1,2.17,676.17,14.7,0.68,6803,-0.0,-29.4,646.77,0.0
2020-05-31,Paraíba,Cuitegi,29.4,2,0,0.0,46,1,2.17,676.17,14.7,0.68,6803,29.4,-146.99,646.77,29.4
2020-05-30,Paraíba,Cuitegi,58.8,4,0,0.0,44,1,2.27,646.77,14.7,0.65,6803,176.39,14.7,617.37,58.8
2020-05-29,Paraíba,Cuitegi,-44.1,-3,0,0.0,40,1,2.5,587.98,14.7,0.59,6803,161.69,-235.19,558.57,-44.1
2020-05-28,Paraíba,Cuitegi,-102.9,-7,0,0.0,43,1,2.33,632.07,14.7,0.63,6803,396.88,-102.9,602.67,-102.9
2020-05-27,Paraíba,Cuitegi,14.7,1,0,0.0,50,1,2.0,734.97,14.7,0.73,6803,499.78,14.7,705.57,14.7
2020-05-26,Paraíba,Cuitegi,44.1,3,0,0.0,49,1,2.04,720.27,14.7,0.72,6803,485.08,44.1,690.87,44.1
2020-05-25,Paraíba,Cuitegi,29.4,2,0,0.0,46,1,2.17,676.17,14.7,0.68,6803,440.98,-132.29,646.77,29.4
2020-05-24,Paraíba,Cuitegi,176.39,12,0,0.0,44,1,2.27,646.77,14.7,0.65,6803,573.27,176.39,617.37,176.39
2020-05-23,Paraíba,Cuitegi,44.1,3,0,0.0,32,1,3.12,470.38,14.7,0.47,6803,396.88,44.1,440.98,44.1
2020-05-22,Paraíba,Cuitegi,191.09,13,0,0.0,29,1,3.45,426.28,14.7,0.43,6803,352.78,191.09,396.88,191.09
2020-05-21,Paraíba,Cuitegi,0.0,0,0,0.0,16,1,6.25,235.19,14.7,0.24,6803,161.69,0.0,205.79,0.0
2020-05-20,Paraíba,Cuitegi,0.0,0,0,0.0,16,1,6.25,235.19,14.7,0.24,6803,161.69,0.0,205.79,0.0
2020-05-19,Paraíba,Cuitegi,0.0,0,0,0.0,16,1,6.25,235.19,14.7,0.24,6803,161.69,-14.7,205.79,0.0
2020-05-18,Paraíba,Cuitegi,161.69,11,0,0.0,16,1,6.25,235.19,14.7,0.24,6803,176.39,161.69,205.79,161.69
2020-05-17,Paraíba,Cuitegi,0.0,0,0,0.0,5,1,20.0,73.5,14.7,0.07,6803,14.7,0.0,44.1,0.0
2020-05-16,Paraíba,Cuitegi,0.0,0,0,0.0,5,1,20.0,73.5,14.7,0.07,6803,14.7,-29.4,44.1,0.0
2020-05-15,Paraíba,Cuitegi,0.0,0,1,14.7,5,1,20.0,73.5,14.7,0.07,6803,44.1,0.0,44.1,0.0
2020-05-14,Paraíba,Cuitegi,0.0,0,0,0.0,5,0,0.0,73.5,0.0,0.07,6803,44.1,0.0,44.1,0.0
2020-05-13,Paraíba,Cuitegi,0.0,0,0,0.0,5,0,0.0,73.5,0.0,0.07,6803,44.1,0.0,44.1,0.0
2020-05-12,Paraíba,Cuitegi,14.7,1,0,0.0,5,0,0.0,73.5,0.0,0.07,6803,44.1,14.7,44.1,14.7
2020-05-11,Paraíba,Cuitegi,0.0,0,0,0.0,4,0,0.0,58.8,0.0,0.06,6803,29.4,0.0,29.4,0.0
2020-05-10,Paraíba,Cuitegi,0.0,0,0,0.0,4,0,0.0,58.8,0.0,0.06,6803,29.4,0.0,29.4,0.0
2020-05-09,Paraíba,Cuitegi,29.4,2,0,0.0,4,0,0.0,58.8,0.0,0.06,6803,29.4,29.4,29.4,29.4
2020-05-08,Paraíba,Cuitegi,0.0,0,0,0.0,2,0,0.0,29.4,0.0,0.03,6803,0.0,0.0,0.0,0.0
2020-05-07,Paraíba,Cuitegi,0.0,0,0,0.0,2,0,0.0,29.4,0.0,0.03,6803,0.0,0.0,0.0,0.0
