date,state,city,1day_cases_100k,new_cases,new_deaths,new_deaths_100k,total_cases,total_deaths,cfr%,total_cases_100k,total_deaths_100k,%infected,population,7day_cases_100k,7day_cases_change,28day_cases_100k,28day_cases_change
2020-09-15,Paraíba,Dona Inês,19.13,2,0,0.0,107,2,1.87,1023.63,19.13,1.02,10453,28.7,19.13,181.77,19.13
2020-09-14,Paraíba,Dona Inês,0.0,0,0,0.0,105,2,1.9,1004.5,19.13,1.0,10453,9.57,0.0,162.64,0.0
2020-09-13,Paraíba,Dona Inês,0.0,0,0,0.0,105,2,1.9,1004.5,19.13,1.0,10453,9.57,0.0,162.64,0.0
2020-09-12,Paraíba,Dona Inês,0.0,0,0,0.0,105,2,1.9,1004.5,19.13,1.0,10453,9.57,0.0,162.64,0.0
2020-09-11,Paraíba,Dona Inês,0.0,0,0,0.0,105,2,1.9,1004.5,19.13,1.0,10453,9.57,0.0,162.64,0.0
2020-09-10,Paraíba,Dona Inês,9.57,1,0,0.0,105,2,1.9,1004.5,19.13,1.0,10453,9.57,-28.7,162.64,9.57
2020-09-09,Paraíba,Dona Inês,0.0,0,0,0.0,104,2,1.92,994.93,19.13,0.99,10453,38.27,-19.13,153.07,0.0
2020-09-08,Paraíba,Dona Inês,0.0,0,0,0.0,104,2,1.92,994.93,19.13,0.99,10453,57.4,0.0,153.07,0.0
2020-09-07,Paraíba,Dona Inês,0.0,0,0,0.0,104,2,1.92,994.93,19.13,0.99,10453,57.4,0.0,153.07,0.0
2020-09-06,Paraíba,Dona Inês,0.0,0,0,0.0,104,2,1.92,994.93,19.13,0.99,10453,57.4,0.0,153.07,0.0
2020-09-05,Paraíba,Dona Inês,0.0,0,0,0.0,104,2,1.92,994.93,19.13,0.99,10453,57.4,0.0,153.07,0.0
2020-09-04,Paraíba,Dona Inês,0.0,0,0,0.0,104,2,1.92,994.93,19.13,0.99,10453,57.4,-9.57,153.07,0.0
2020-09-03,Paraíba,Dona Inês,38.27,4,0,0.0,104,2,1.92,994.93,19.13,0.99,10453,66.97,-19.13,153.07,38.27
2020-09-02,Paraíba,Dona Inês,19.13,2,0,0.0,100,2,2.0,956.66,19.13,0.96,10453,86.1,0.0,114.8,-19.14
2020-09-01,Paraíba,Dona Inês,0.0,0,0,0.0,98,2,2.04,937.53,19.13,0.94,10453,86.1,0.0,133.94,-9.57
2020-08-31,Paraíba,Dona Inês,0.0,0,0,0.0,98,2,2.04,937.53,19.13,0.94,10453,86.1,0.0,143.51,0.0
2020-08-30,Paraíba,Dona Inês,0.0,0,0,0.0,98,2,2.04,937.53,19.13,0.94,10453,86.1,0.0,143.51,0.0
2020-08-29,Paraíba,Dona Inês,0.0,0,0,0.0,98,2,2.04,937.53,19.13,0.94,10453,86.1,0.0,143.51,0.0
2020-08-28,Paraíba,Dona Inês,9.57,1,0,0.0,98,2,2.04,937.53,19.13,0.94,10453,86.1,0.0,143.51,9.57
2020-08-27,Paraíba,Dona Inês,57.4,6,0,0.0,97,2,2.06,927.96,19.13,0.93,10453,86.1,57.4,133.94,57.4
2020-08-26,Paraíba,Dona Inês,19.13,2,0,0.0,91,2,2.2,870.56,19.13,0.87,10453,28.7,19.13,76.54,-9.57
2020-08-25,Paraíba,Dona Inês,0.0,0,0,0.0,89,2,2.25,851.43,19.13,0.85,10453,9.57,0.0,86.11,0.0
2020-08-24,Paraíba,Dona Inês,0.0,0,0,0.0,89,2,2.25,851.43,19.13,0.85,10453,9.57,0.0,86.11,0.0
2020-08-23,Paraíba,Dona Inês,0.0,0,0,0.0,89,2,2.25,851.43,19.13,0.85,10453,9.57,0.0,86.11,0.0
2020-08-22,Paraíba,Dona Inês,0.0,0,0,0.0,89,2,2.25,851.43,19.13,0.85,10453,9.57,0.0,86.11,0.0
2020-08-21,Paraíba,Dona Inês,9.57,1,0,0.0,89,2,2.25,851.43,19.13,0.85,10453,9.57,9.57,86.11,9.57
2020-08-20,Paraíba,Dona Inês,0.0,0,0,0.0,88,2,2.27,841.86,19.13,0.84,10453,0.0,0.0,76.54,-19.13
2020-08-19,Paraíba,Dona Inês,0.0,0,0,0.0,88,2,2.27,841.86,19.13,0.84,10453,0.0,0.0,95.67,-172.2
2020-08-18,Paraíba,Dona Inês,0.0,0,0,0.0,88,2,2.27,841.86,19.13,0.84,10453,0.0,0.0,267.87,-76.53
2020-08-17,Paraíba,Dona Inês,0.0,0,0,0.0,88,2,2.27,841.86,19.13,0.84,10453,0.0,0.0,344.4,0.0
2020-08-16,Paraíba,Dona Inês,0.0,0,0,0.0,88,2,2.27,841.86,19.13,0.84,10453,0.0,0.0,344.4,0.0
2020-08-15,Paraíba,Dona Inês,0.0,0,0,0.0,88,2,2.27,841.86,19.13,0.84,10453,0.0,0.0,344.4,0.0
2020-08-14,Paraíba,Dona Inês,0.0,0,0,0.0,88,2,2.27,841.86,19.13,0.84,10453,0.0,0.0,344.4,-28.7
2020-08-13,Paraíba,Dona Inês,0.0,0,0,0.0,88,2,2.27,841.86,19.13,0.84,10453,0.0,0.0,373.1,-9.57
2020-08-12,Paraíba,Dona Inês,0.0,0,0,0.0,88,2,2.27,841.86,19.13,0.84,10453,0.0,-38.27,382.67,-19.13
2020-08-11,Paraíba,Dona Inês,0.0,0,0,0.0,88,2,2.27,841.86,19.13,0.84,10453,38.27,-9.57,401.8,-38.27
2020-08-10,Paraíba,Dona Inês,0.0,0,0,0.0,88,2,2.27,841.86,19.13,0.84,10453,47.84,0.0,440.07,0.0
2020-08-09,Paraíba,Dona Inês,0.0,0,0,0.0,88,2,2.27,841.86,19.13,0.84,10453,47.84,0.0,440.07,0.0
2020-08-08,Paraíba,Dona Inês,0.0,0,0,0.0,88,2,2.27,841.86,19.13,0.84,10453,47.84,0.0,440.07,0.0
2020-08-07,Paraíba,Dona Inês,0.0,0,0,0.0,88,2,2.27,841.86,19.13,0.84,10453,47.84,0.0,440.07,-86.1
2020-08-06,Paraíba,Dona Inês,0.0,0,0,0.0,88,2,2.27,841.86,19.13,0.84,10453,47.84,0.0,526.17,-28.7
2020-08-05,Paraíba,Dona Inês,38.27,4,0,0.0,88,2,2.27,841.86,19.13,0.84,10453,47.84,9.57,554.87,0.0
2020-08-04,Paraíba,Dona Inês,9.57,1,0,0.0,84,2,2.38,803.6,19.13,0.8,10453,38.27,9.57,554.87,-9.56
2020-08-03,Paraíba,Dona Inês,0.0,0,0,0.0,83,2,2.41,794.03,19.13,0.79,10453,28.7,0.0,564.43,0.0
2020-08-02,Paraíba,Dona Inês,0.0,0,0,0.0,83,2,2.41,794.03,19.13,0.79,10453,28.7,0.0,564.43,0.0
2020-08-01,Paraíba,Dona Inês,0.0,0,0,0.0,83,2,2.41,794.03,19.13,0.79,10453,28.7,0.0,564.43,0.0
2020-07-31,Paraíba,Dona Inês,0.0,0,0,0.0,83,2,2.41,794.03,19.13,0.79,10453,28.7,0.0,564.43,-76.53
2020-07-30,Paraíba,Dona Inês,0.0,0,0,0.0,83,2,2.41,794.03,19.13,0.79,10453,28.7,-19.13,640.96,-57.4
2020-07-29,Paraíba,Dona Inês,28.7,3,0,0.0,83,2,2.41,794.03,19.13,0.79,10453,47.83,-143.5,698.36,19.13
2020-07-28,Paraíba,Dona Inês,0.0,0,0,0.0,80,2,2.5,765.33,19.13,0.77,10453,191.33,-76.53,679.23,0.0
2020-07-27,Paraíba,Dona Inês,0.0,0,0,0.0,80,2,2.5,765.33,19.13,0.77,10453,267.86,0.0,679.23,0.0
2020-07-26,Paraíba,Dona Inês,0.0,0,0,0.0,80,2,2.5,765.33,19.13,0.77,10453,267.86,0.0,679.23,0.0
2020-07-25,Paraíba,Dona Inês,0.0,0,0,0.0,80,2,2.5,765.33,19.13,0.77,10453,267.86,0.0,679.23,-9.57
2020-07-24,Paraíba,Dona Inês,0.0,0,0,0.0,80,2,2.5,765.33,19.13,0.77,10453,267.86,-28.7,688.8,-9.57
2020-07-23,Paraíba,Dona Inês,19.13,2,1,9.57,80,2,2.5,765.33,19.13,0.77,10453,296.56,9.56,698.37,19.13
2020-07-22,Paraíba,Dona Inês,172.2,18,0,0.0,78,1,1.28,746.2,9.57,0.75,10453,287.0,153.07,679.24,162.63
2020-07-21,Paraíba,Dona Inês,76.53,8,0,0.0,60,1,1.67,574.0,9.57,0.57,10453,133.93,38.26,516.61,76.53
2020-07-20,Paraíba,Dona Inês,0.0,0,0,0.0,52,1,1.92,497.46,9.57,0.5,10453,95.67,0.0,440.08,0.0
2020-07-19,Paraíba,Dona Inês,0.0,0,0,0.0,52,1,1.92,497.46,9.57,0.5,10453,95.67,0.0,440.08,0.0
2020-07-18,Paraíba,Dona Inês,0.0,0,0,0.0,52,1,1.92,497.46,9.57,0.5,10453,95.67,0.0,440.08,0.0
2020-07-17,Paraíba,Dona Inês,28.7,3,0,0.0,52,1,1.92,497.46,9.57,0.5,10453,95.67,-57.4,440.08,28.7
2020-07-16,Paraíba,Dona Inês,9.57,1,0,0.0,49,1,2.04,468.76,9.57,0.47,10453,153.07,-19.13,411.38,9.57
2020-07-15,Paraíba,Dona Inês,19.13,2,0,0.0,48,1,2.08,459.2,9.57,0.46,10453,172.2,-19.14,401.81,9.56
2020-07-14,Paraíba,Dona Inês,38.27,4,0,0.0,46,1,2.17,440.07,9.57,0.44,10453,191.34,19.14,392.25,38.27
2020-07-13,Paraíba,Dona Inês,0.0,0,0,0.0,42,1,2.38,401.8,9.57,0.4,10453,172.2,0.0,353.98,0.0
2020-07-12,Paraíba,Dona Inês,0.0,0,0,0.0,42,1,2.38,401.8,9.57,0.4,10453,172.2,0.0,353.98,0.0
2020-07-11,Paraíba,Dona Inês,0.0,0,0,0.0,42,1,2.38,401.8,9.57,0.4,10453,172.2,0.0,353.98,0.0
2020-07-10,Paraíba,Dona Inês,86.1,9,0,0.0,42,1,2.38,401.8,9.57,0.4,10453,172.2,9.57,353.98,86.1
2020-07-09,Paraíba,Dona Inês,28.7,3,0,0.0,33,1,3.03,315.7,9.57,0.32,10453,162.63,-28.7,267.88,28.7
2020-07-08,Paraíba,Dona Inês,38.27,4,0,0.0,30,1,3.33,287.0,9.57,0.29,10453,191.33,28.7,239.18,19.14
2020-07-07,Paraíba,Dona Inês,19.13,2,0,0.0,26,1,3.85,248.73,9.57,0.25,10453,162.63,19.13,220.04,19.13
2020-07-05,Paraíba,Dona Inês,0.0,0,0,0.0,24,1,4.17,229.6,9.57,0.23,10453,143.5,0.0,200.91,0.0
2020-07-04,Paraíba,Dona Inês,0.0,0,0,0.0,24,1,4.17,229.6,9.57,0.23,10453,143.5,0.0,200.91,0.0
2020-07-03,Paraíba,Dona Inês,0.0,0,0,0.0,24,1,4.17,229.6,9.57,0.23,10453,143.5,-9.57,200.91,0.0
2020-07-02,Paraíba,Dona Inês,76.53,8,0,0.0,24,1,4.17,229.6,9.57,0.23,10453,153.07,66.96,200.91,76.53
2020-07-01,Paraíba,Dona Inês,57.4,6,0,0.0,16,1,6.25,153.07,9.57,0.15,10453,86.11,57.4,124.38,57.4
2020-06-30,Paraíba,Dona Inês,9.57,1,0,0.0,10,1,10.0,95.67,9.57,0.1,10453,28.71,0.0,66.98,9.57
2020-06-29,Paraíba,Dona Inês,0.0,0,0,0.0,9,1,11.11,86.1,9.57,0.09,10453,28.71,0.0,57.41,-9.57
2020-06-28,Paraíba,Dona Inês,0.0,0,0,0.0,9,1,11.11,86.1,9.57,0.09,10453,28.71,0.0,66.98,0.0
2020-06-27,Paraíba,Dona Inês,0.0,0,0,0.0,9,1,11.11,86.1,9.57,0.09,10453,28.71,0.0,66.98,0.0
2020-06-26,Paraíba,Dona Inês,9.57,1,1,9.57,9,1,11.11,86.1,9.57,0.09,10453,28.71,9.57,66.98,9.57
2020-06-25,Paraíba,Dona Inês,9.57,1,0,0.0,8,0,0.0,76.53,0.0,0.08,10453,19.14,9.57,57.41,9.57
2020-06-24,Paraíba,Dona Inês,0.0,0,0,0.0,7,0,0.0,66.97,0.0,0.07,10453,9.57,0.0,47.84,0.0
2020-06-23,Paraíba,Dona Inês,9.57,1,0,0.0,7,0,0.0,66.97,0.0,0.07,10453,9.57,0.0,47.84,0.0
2020-06-22,Paraíba,Dona Inês,0.0,0,0,0.0,6,0,0.0,57.4,0.0,0.06,10453,9.57,0.0,47.84,0.0
2020-06-21,Paraíba,Dona Inês,0.0,0,0,0.0,6,0,0.0,57.4,0.0,0.06,10453,9.57,0.0,47.84,0.0
2020-06-20,Paraíba,Dona Inês,0.0,0,0,0.0,6,0,0.0,57.4,0.0,0.06,10453,9.57,0.0,47.84,0.0
2020-06-19,Paraíba,Dona Inês,0.0,0,0,0.0,6,0,0.0,57.4,0.0,0.06,10453,9.57,0.0,47.84,0.0
2020-06-18,Paraíba,Dona Inês,0.0,0,0,0.0,6,0,0.0,57.4,0.0,0.06,10453,9.57,0.0,47.84,0.0
2020-06-17,Paraíba,Dona Inês,0.0,0,0,0.0,6,0,0.0,57.4,0.0,0.06,10453,9.57,0.0,47.84,0.0
2020-06-16,Paraíba,Dona Inês,9.57,1,0,0.0,6,0,0.0,57.4,0.0,0.06,10453,9.57,-9.56,47.84,9.57
2020-06-15,Paraíba,Dona Inês,0.0,0,0,0.0,5,0,0.0,47.83,0.0,0.05,10453,19.13,0.0,38.27,0.0
2020-06-14,Paraíba,Dona Inês,0.0,0,0,0.0,5,0,0.0,47.83,0.0,0.05,10453,19.13,0.0,38.27,0.0
2020-06-13,Paraíba,Dona Inês,0.0,0,0,0.0,5,0,0.0,47.83,0.0,0.05,10453,19.13,0.0,38.27,0.0
2020-06-12,Paraíba,Dona Inês,0.0,0,0,0.0,5,0,0.0,47.83,0.0,0.05,10453,19.13,0.0,38.27,0.0
2020-06-11,Paraíba,Dona Inês,0.0,0,0,0.0,5,0,0.0,47.83,0.0,0.05,10453,19.13,0.0,38.27,0.0
2020-06-10,Paraíba,Dona Inês,0.0,0,0,0.0,5,0,0.0,47.83,0.0,0.05,10453,19.13,0.0,38.27,0.0
2020-06-09,Paraíba,Dona Inês,19.13,2,0,0.0,5,0,0.0,47.83,0.0,0.05,10453,19.13,19.13,38.27,19.13
2020-06-08,Paraíba,Dona Inês,0.0,0,0,0.0,3,0,0.0,28.7,0.0,0.03,10453,0.0,-9.57,19.14,0.0
2020-06-07,Paraíba,Dona Inês,0.0,0,0,0.0,3,0,0.0,28.7,0.0,0.03,10453,9.57,0.0,19.14,0.0
2020-06-06,Paraíba,Dona Inês,0.0,0,0,0.0,3,0,0.0,28.7,0.0,0.03,10453,9.57,0.0,19.14,0.0
2020-06-05,Paraíba,Dona Inês,0.0,0,0,0.0,3,0,0.0,28.7,0.0,0.03,10453,9.57,0.0,19.14,0.0
2020-06-04,Paraíba,Dona Inês,0.0,0,0,0.0,3,0,0.0,28.7,0.0,0.03,10453,9.57,0.0,19.14,0.0
2020-06-03,Paraíba,Dona Inês,0.0,0,0,0.0,3,0,0.0,28.7,0.0,0.03,10453,9.57,0.0,19.14,0.0
2020-06-02,Paraíba,Dona Inês,0.0,0,0,0.0,3,0,0.0,28.7,0.0,0.03,10453,9.57,-9.57,19.14,0.0
2020-06-01,Paraíba,Dona Inês,9.57,1,0,0.0,3,0,0.0,28.7,0.0,0.03,10453,19.14,9.57,19.14,9.57
2020-05-31,Paraíba,Dona Inês,0.0,0,0,0.0,2,0,0.0,19.13,0.0,0.02,10453,9.57,0.0,9.57,0.0
2020-05-30,Paraíba,Dona Inês,0.0,0,0,0.0,2,0,0.0,19.13,0.0,0.02,10453,9.57,0.0,9.57,0.0
2020-05-29,Paraíba,Dona Inês,0.0,0,0,0.0,2,0,0.0,19.13,0.0,0.02,10453,9.57,0.0,9.57,0.0
2020-05-28,Paraíba,Dona Inês,0.0,0,0,0.0,2,0,0.0,19.13,0.0,0.02,10453,9.57,0.0,9.57,0.0
2020-05-27,Paraíba,Dona Inês,0.0,0,0,0.0,2,0,0.0,19.13,0.0,0.02,10453,9.57,0.0,9.57,0.0
2020-05-26,Paraíba,Dona Inês,9.57,1,0,0.0,2,0,0.0,19.13,0.0,0.02,10453,9.57,9.57,9.57,9.57
2020-05-25,Paraíba,Dona Inês,0.0,0,0,0.0,1,0,0.0,9.57,0.0,0.01,10453,0.0,0.0,0.0,0.0
2020-05-24,Paraíba,Dona Inês,0.0,0,0,0.0,1,0,0.0,9.57,0.0,0.01,10453,0.0,0.0,0.0,0.0
2020-05-23,Paraíba,Dona Inês,0.0,0,0,0.0,1,0,0.0,9.57,0.0,0.01,10453,0.0,0.0,0.0,0.0
2020-05-22,Paraíba,Dona Inês,0.0,0,0,0.0,1,0,0.0,9.57,0.0,0.01,10453,0.0,0.0,0.0,0.0
