date,state,city,1day_cases_100k,new_cases,new_deaths,new_deaths_100k,total_cases,total_deaths,cfr%,total_cases_100k,total_deaths_100k,%infected,population,7day_cases_100k,7day_cases_change,28day_cases_100k,28day_cases_change
2020-09-14,Paraíba,Santa Teresinha,0.0,0,0,0.0,64,1,1.56,1399.52,21.87,1.4,4573,109.34,0.0,218.67,-21.87
2020-09-13,Paraíba,Santa Teresinha,0.0,0,0,0.0,64,1,1.56,1399.52,21.87,1.4,4573,109.34,0.0,240.54,0.0
2020-09-12,Paraíba,Santa Teresinha,21.87,1,0,0.0,64,1,1.56,1399.52,21.87,1.4,4573,109.34,-21.86,240.54,43.74
2020-09-11,Paraíba,Santa Teresinha,0.0,0,0,0.0,63,1,1.59,1377.65,21.87,1.38,4573,131.2,0.0,196.8,0.0
2020-09-10,Paraíba,Santa Teresinha,87.47,4,0,0.0,63,1,1.59,1377.65,21.87,1.38,4573,131.2,87.47,196.8,87.47
2020-09-09,Paraíba,Santa Teresinha,0.0,0,0,0.0,59,1,1.69,1290.18,21.87,1.29,4573,43.73,0.0,109.33,0.0
2020-09-08,Paraíba,Santa Teresinha,0.0,0,0,0.0,59,1,1.69,1290.18,21.87,1.29,4573,43.73,0.0,109.33,0.0
2020-09-07,Paraíba,Santa Teresinha,0.0,0,0,0.0,59,1,1.69,1290.18,21.87,1.29,4573,43.73,0.0,109.33,0.0
2020-09-06,Paraíba,Santa Teresinha,0.0,0,0,0.0,59,1,1.69,1290.18,21.87,1.29,4573,43.73,0.0,109.33,0.0
2020-09-05,Paraíba,Santa Teresinha,43.73,2,0,0.0,59,1,1.69,1290.18,21.87,1.29,4573,43.73,43.73,109.33,43.73
2020-09-04,Paraíba,Santa Teresinha,0.0,0,0,0.0,57,1,1.75,1246.45,21.87,1.25,4573,-0.0,0.0,65.6,-21.87
2020-09-03,Paraíba,Santa Teresinha,0.0,0,0,0.0,57,1,1.75,1246.45,21.87,1.25,4573,-0.0,0.0,87.47,0.0
2020-09-02,Paraíba,Santa Teresinha,0.0,0,0,0.0,57,1,1.75,1246.45,21.87,1.25,4573,-0.0,-43.73,87.47,-21.87
2020-09-01,Paraíba,Santa Teresinha,0.0,0,0,0.0,57,1,1.75,1246.45,21.87,1.25,4573,43.73,-21.87,109.34,0.0
2020-08-31,Paraíba,Santa Teresinha,0.0,0,0,0.0,57,1,1.75,1246.45,21.87,1.25,4573,65.6,0.0,109.34,0.0
2020-08-30,Paraíba,Santa Teresinha,0.0,0,0,0.0,57,1,1.75,1246.45,21.87,1.25,4573,65.6,0.0,109.34,0.0
2020-08-29,Paraíba,Santa Teresinha,0.0,0,0,0.0,57,1,1.75,1246.45,21.87,1.25,4573,65.6,0.0,109.34,-21.87
2020-08-28,Paraíba,Santa Teresinha,0.0,0,0,0.0,57,1,1.75,1246.45,21.87,1.25,4573,65.6,0.0,131.21,0.0
2020-08-27,Paraíba,Santa Teresinha,0.0,0,0,0.0,57,1,1.75,1246.45,21.87,1.25,4573,65.6,0.0,131.21,0.0
2020-08-26,Paraíba,Santa Teresinha,43.73,2,0,0.0,57,1,1.75,1246.45,21.87,1.25,4573,65.6,43.73,131.21,43.73
2020-08-25,Paraíba,Santa Teresinha,21.87,1,0,0.0,55,1,1.82,1202.71,21.87,1.2,4573,21.87,21.87,87.48,-43.73
2020-08-24,Paraíba,Santa Teresinha,0.0,0,0,0.0,54,1,1.85,1180.84,21.87,1.18,4573,-0.0,-21.87,131.21,0.0
2020-08-23,Paraíba,Santa Teresinha,0.0,0,0,0.0,54,1,1.85,1180.84,21.87,1.18,4573,21.87,0.0,131.21,0.0
2020-08-22,Paraíba,Santa Teresinha,0.0,0,0,0.0,54,1,1.85,1180.84,21.87,1.18,4573,21.87,21.87,131.21,0.0
2020-08-21,Paraíba,Santa Teresinha,0.0,0,0,0.0,54,1,1.85,1180.84,21.87,1.18,4573,-0.0,0.0,131.21,0.0
2020-08-20,Paraíba,Santa Teresinha,0.0,0,0,0.0,54,1,1.85,1180.84,21.87,1.18,4573,-0.0,0.0,131.21,-21.87
2020-08-19,Paraíba,Santa Teresinha,0.0,0,0,0.0,54,1,1.85,1180.84,21.87,1.18,4573,-0.0,0.0,153.08,0.0
2020-08-18,Paraíba,Santa Teresinha,0.0,0,0,0.0,54,1,1.85,1180.84,21.87,1.18,4573,-0.0,0.0,153.08,-21.87
2020-08-17,Paraíba,Santa Teresinha,21.87,1,0,0.0,54,1,1.85,1180.84,21.87,1.18,4573,-0.0,21.87,174.95,21.87
2020-08-16,Paraíba,Santa Teresinha,0.0,0,0,0.0,53,1,1.89,1158.98,21.87,1.16,4573,-21.87,0.0,153.08,0.0
2020-08-15,Paraíba,Santa Teresinha,-21.87,-1,0,0.0,53,1,1.89,1158.98,21.87,1.16,4573,-21.87,-21.87,153.08,-21.87
2020-08-14,Paraíba,Santa Teresinha,0.0,0,0,0.0,54,1,1.85,1180.84,21.87,1.18,4573,-0.0,-21.87,174.95,0.0
2020-08-13,Paraíba,Santa Teresinha,0.0,0,0,0.0,54,1,1.85,1180.84,21.87,1.18,4573,21.87,0.0,174.95,-43.73
2020-08-12,Paraíba,Santa Teresinha,0.0,0,0,0.0,54,1,1.85,1180.84,21.87,1.18,4573,21.87,-21.87,218.68,-87.47
2020-08-11,Paraíba,Santa Teresinha,0.0,0,0,0.0,54,1,1.85,1180.84,21.87,1.18,4573,43.74,0.0,306.15,0.0
2020-08-10,Paraíba,Santa Teresinha,0.0,0,0,0.0,54,1,1.85,1180.84,21.87,1.18,4573,43.74,0.0,306.15,0.0
2020-08-09,Paraíba,Santa Teresinha,0.0,0,0,0.0,54,1,1.85,1180.84,21.87,1.18,4573,43.74,0.0,306.15,0.0
2020-08-08,Paraíba,Santa Teresinha,0.0,0,1,21.87,54,1,1.85,1180.84,21.87,1.18,4573,43.74,-21.87,306.15,-21.87
2020-08-07,Paraíba,Santa Teresinha,21.87,1,0,0.0,54,0,0.0,1180.84,0.0,1.18,4573,65.61,21.87,328.02,0.0
2020-08-06,Paraíba,Santa Teresinha,0.0,0,0,0.0,53,0,0.0,1158.98,0.0,1.16,4573,43.74,0.0,328.02,-65.6
2020-08-05,Paraíba,Santa Teresinha,21.87,1,0,0.0,53,0,0.0,1158.98,0.0,1.16,4573,43.74,21.87,393.62,-65.6
2020-08-04,Paraíba,Santa Teresinha,0.0,0,0,0.0,52,0,0.0,1137.11,0.0,1.14,4573,21.87,-65.6,459.22,0.0
2020-08-03,Paraíba,Santa Teresinha,0.0,0,0,0.0,52,0,0.0,1137.11,0.0,1.14,4573,87.47,0.0,459.22,0.0
2020-08-02,Paraíba,Santa Teresinha,0.0,0,0,0.0,52,0,0.0,1137.11,0.0,1.14,4573,87.47,0.0,459.22,-21.87
2020-08-01,Paraíba,Santa Teresinha,21.87,1,0,0.0,52,0,0.0,1137.11,0.0,1.14,4573,87.47,21.87,481.09,21.87
2020-07-31,Paraíba,Santa Teresinha,0.0,0,0,0.0,51,0,0.0,1115.24,0.0,1.12,4573,65.6,0.0,459.22,0.0
2020-07-30,Paraíba,Santa Teresinha,0.0,0,0,0.0,51,0,0.0,1115.24,0.0,1.12,4573,65.6,-21.87,459.22,-21.87
2020-07-29,Paraíba,Santa Teresinha,0.0,0,0,0.0,51,0,0.0,1115.24,0.0,1.12,4573,87.47,0.0,481.09,-21.87
2020-07-28,Paraíba,Santa Teresinha,65.6,3,0,0.0,51,0,0.0,1115.24,0.0,1.12,4573,87.47,43.73,502.96,87.47
2020-07-27,Paraíba,Santa Teresinha,0.0,0,0,0.0,48,0,0.0,1049.64,0.0,1.05,4573,43.74,0.0,415.49,0.0
2020-07-26,Paraíba,Santa Teresinha,0.0,0,0,0.0,48,0,0.0,1049.64,0.0,1.05,4573,43.74,0.0,415.49,-21.87
2020-07-25,Paraíba,Santa Teresinha,0.0,0,0,0.0,48,0,0.0,1049.64,0.0,1.05,4573,43.74,0.0,437.36,-43.73
2020-07-24,Paraíba,Santa Teresinha,0.0,0,0,0.0,48,0,0.0,1049.64,0.0,1.05,4573,43.74,0.0,481.09,-21.87
2020-07-23,Paraíba,Santa Teresinha,21.87,1,0,0.0,48,0,0.0,1049.64,0.0,1.05,4573,43.74,-21.86,502.96,21.87
2020-07-22,Paraíba,Santa Teresinha,0.0,0,0,0.0,47,0,0.0,1027.77,0.0,1.03,4573,65.6,-87.47,481.09,0.0
2020-07-21,Paraíba,Santa Teresinha,21.87,1,0,0.0,47,0,0.0,1027.77,0.0,1.03,4573,153.07,21.87,481.09,21.87
2020-07-20,Paraíba,Santa Teresinha,0.0,0,0,0.0,46,0,0.0,1005.9,0.0,1.01,4573,131.2,0.0,459.22,0.0
2020-07-19,Paraíba,Santa Teresinha,0.0,0,0,0.0,46,0,0.0,1005.9,0.0,1.01,4573,131.2,0.0,459.22,0.0
2020-07-18,Paraíba,Santa Teresinha,0.0,0,0,0.0,46,0,0.0,1005.9,0.0,1.01,4573,131.2,-21.87,459.22,0.0
2020-07-17,Paraíba,Santa Teresinha,0.0,0,0,0.0,46,0,0.0,1005.9,0.0,1.01,4573,153.07,-21.87,459.22,-21.87
2020-07-16,Paraíba,Santa Teresinha,43.73,2,0,0.0,46,0,0.0,1005.9,0.0,1.01,4573,174.94,-21.87,481.09,43.73
2020-07-15,Paraíba,Santa Teresinha,87.47,4,0,0.0,44,0,0.0,962.17,0.0,0.96,4573,196.81,0.0,437.36,-21.87
2020-07-14,Paraíba,Santa Teresinha,0.0,0,0,0.0,40,0,0.0,874.7,0.0,0.87,4573,196.81,0.0,459.23,0.0
2020-07-13,Paraíba,Santa Teresinha,0.0,0,0,0.0,40,0,0.0,874.7,0.0,0.87,4573,196.81,0.0,459.23,0.0
2020-07-12,Paraíba,Santa Teresinha,0.0,0,0,0.0,40,0,0.0,874.7,0.0,0.87,4573,196.81,-21.87,459.23,-21.87
2020-07-11,Paraíba,Santa Teresinha,21.87,1,0,0.0,40,0,0.0,874.7,0.0,0.87,4573,218.68,21.87,481.1,43.74
2020-07-10,Paraíba,Santa Teresinha,21.87,1,0,0.0,39,0,0.0,852.83,0.0,0.85,4573,196.81,21.87,437.36,43.74
2020-07-09,Paraíba,Santa Teresinha,65.6,3,0,0.0,38,0,0.0,830.96,0.0,0.83,4573,174.94,43.73,393.62,43.73
2020-07-08,Paraíba,Santa Teresinha,87.47,4,0,0.0,35,0,0.0,765.36,0.0,0.77,4573,131.21,65.6,349.89,65.6
2020-07-07,Paraíba,Santa Teresinha,0.0,0,0,0.0,31,0,0.0,677.89,0.0,0.68,4573,65.61,21.87,284.29,-21.87
2020-07-05,Paraíba,Santa Teresinha,0.0,0,0,0.0,31,0,0.0,677.89,0.0,0.68,4573,43.74,0.0,306.16,0.0
2020-07-04,Paraíba,Santa Teresinha,21.87,1,0,0.0,31,0,0.0,677.89,0.0,0.68,4573,43.74,0.0,306.16,21.87
2020-07-03,Paraíba,Santa Teresinha,0.0,0,0,0.0,30,0,0.0,656.02,0.0,0.66,4573,43.74,-43.73,284.29,0.0
2020-07-02,Paraíba,Santa Teresinha,0.0,0,0,0.0,30,0,0.0,656.02,0.0,0.66,4573,87.47,-21.87,284.29,-21.87
2020-07-01,Paraíba,Santa Teresinha,21.87,1,0,0.0,30,0,0.0,656.02,0.0,0.66,4573,109.34,21.87,306.16,21.87
2020-06-30,Paraíba,Santa Teresinha,21.87,1,0,0.0,29,0,0.0,634.16,0.0,0.63,4573,87.47,21.87,284.29,-43.73
2020-06-29,Paraíba,Santa Teresinha,-21.87,-1,0,0.0,28,0,0.0,612.29,0.0,0.61,4573,65.6,-21.87,328.02,-21.87
2020-06-28,Paraíba,Santa Teresinha,0.0,0,0,0.0,29,0,0.0,634.16,0.0,0.63,4573,87.47,0.0,349.89,0.0
2020-06-27,Paraíba,Santa Teresinha,21.87,1,0,0.0,29,0,0.0,634.16,0.0,0.63,4573,87.47,21.87,349.89,21.87
2020-06-26,Paraíba,Santa Teresinha,43.73,2,0,0.0,28,0,0.0,612.29,0.0,0.61,4573,65.6,43.73,328.02,21.86
2020-06-25,Paraíba,Santa Teresinha,21.87,1,0,0.0,26,0,0.0,568.55,0.0,0.57,4573,21.87,0.0,306.16,-21.86
2020-06-24,Paraíba,Santa Teresinha,0.0,0,0,0.0,25,0,0.0,546.69,0.0,0.55,4573,21.87,0.0,328.02,-87.47
2020-06-23,Paraíba,Santa Teresinha,0.0,0,0,0.0,25,0,0.0,546.69,0.0,0.55,4573,21.87,-109.34,415.49,0.0
2020-06-22,Paraíba,Santa Teresinha,0.0,0,0,0.0,25,0,0.0,546.69,0.0,0.55,4573,131.21,0.0,415.49,-21.87
2020-06-21,Paraíba,Santa Teresinha,0.0,0,0,0.0,25,0,0.0,546.69,0.0,0.55,4573,131.21,0.0,437.36,0.0
2020-06-20,Paraíba,Santa Teresinha,0.0,0,0,0.0,25,0,0.0,546.69,0.0,0.55,4573,131.21,-21.87,437.36,-21.87
2020-06-19,Paraíba,Santa Teresinha,0.0,0,0,0.0,25,0,0.0,546.69,0.0,0.55,4573,153.08,21.87,459.23,-21.87
2020-06-18,Paraíba,Santa Teresinha,21.87,1,0,0.0,25,0,0.0,546.69,0.0,0.55,4573,131.21,43.74,481.1,21.87
2020-06-17,Paraíba,Santa Teresinha,0.0,0,0,0.0,24,0,0.0,524.82,0.0,0.52,4573,87.47,-21.87,459.23,0.0
2020-06-16,Paraíba,Santa Teresinha,109.34,5,0,0.0,24,0,0.0,524.82,0.0,0.52,4573,109.34,87.47,459.23,65.61
2020-06-15,Paraíba,Santa Teresinha,0.0,0,0,0.0,19,0,0.0,415.48,0.0,0.42,4573,21.87,-21.87,393.62,0.0
2020-06-14,Paraíba,Santa Teresinha,0.0,0,0,0.0,19,0,0.0,415.48,0.0,0.42,4573,43.74,0.0,393.62,0.0
2020-06-13,Paraíba,Santa Teresinha,21.87,1,0,0.0,19,0,0.0,415.48,0.0,0.42,4573,43.74,21.87,393.62,21.87
2020-06-12,Paraíba,Santa Teresinha,-21.87,-1,0,0.0,18,0,0.0,393.61,0.0,0.39,4573,21.87,-21.87,371.75,-21.87
2020-06-11,Paraíba,Santa Teresinha,-21.87,-1,0,0.0,19,0,0.0,415.48,0.0,0.42,4573,43.74,-43.74,393.62,-21.87
2020-06-10,Paraíba,Santa Teresinha,21.87,1,0,0.0,20,0,0.0,437.35,0.0,0.44,4573,87.48,21.87,415.49,21.87
2020-06-09,Paraíba,Santa Teresinha,21.87,1,0,0.0,19,0,0.0,415.48,0.0,0.42,4573,65.61,-43.73,393.62,21.87
2020-06-08,Paraíba,Santa Teresinha,21.87,1,0,0.0,18,0,0.0,393.61,0.0,0.39,4573,109.34,21.87,371.75,21.87
2020-06-07,Paraíba,Santa Teresinha,0.0,0,0,0.0,17,0,0.0,371.75,0.0,0.37,4573,87.47,0.0,349.88,0.0
2020-06-06,Paraíba,Santa Teresinha,0.0,0,0,0.0,17,0,0.0,371.75,0.0,0.37,4573,87.47,0.0,349.88,0.0
2020-06-05,Paraíba,Santa Teresinha,0.0,0,0,0.0,17,0,0.0,371.75,0.0,0.37,4573,87.47,-21.87,349.88,0.0
2020-06-04,Paraíba,Santa Teresinha,21.87,1,0,0.0,17,0,0.0,371.75,0.0,0.37,4573,109.34,-21.86,349.88,21.87
2020-06-03,Paraíba,Santa Teresinha,0.0,0,0,0.0,16,0,0.0,349.88,0.0,0.35,4573,131.2,-87.47,328.01,0.0
2020-06-02,Paraíba,Santa Teresinha,65.6,3,0,0.0,16,0,0.0,349.88,0.0,0.35,4573,218.67,65.6,328.01,65.6
2020-06-01,Paraíba,Santa Teresinha,0.0,0,0,0.0,13,0,0.0,284.28,0.0,0.28,4573,153.07,-21.87,262.41,0.0
2020-05-31,Paraíba,Santa Teresinha,0.0,0,0,0.0,13,0,0.0,284.28,0.0,0.28,4573,174.94,0.0,262.41,0.0
2020-05-30,Paraíba,Santa Teresinha,0.0,0,0,0.0,13,0,0.0,284.28,0.0,0.28,4573,174.94,-21.87,262.41,0.0
2020-05-29,Paraíba,Santa Teresinha,21.87,1,0,0.0,13,0,0.0,284.28,0.0,0.28,4573,196.81,0.0,262.41,21.87
2020-05-28,Paraíba,Santa Teresinha,43.73,2,0,0.0,12,0,0.0,262.41,0.0,0.26,4573,196.81,43.73,240.54,43.73
2020-05-27,Paraíba,Santa Teresinha,87.47,4,0,0.0,10,0,0.0,218.67,0.0,0.22,4573,153.08,87.47,196.81,87.47
2020-05-26,Paraíba,Santa Teresinha,0.0,0,0,0.0,6,0,0.0,131.2,0.0,0.13,4573,65.61,-43.73,109.34,0.0
2020-05-25,Paraíba,Santa Teresinha,21.87,1,0,0.0,6,0,0.0,131.2,0.0,0.13,4573,109.34,21.87,109.34,21.87
2020-05-24,Paraíba,Santa Teresinha,0.0,0,0,0.0,5,0,0.0,109.34,0.0,0.11,4573,87.47,0.0,87.47,0.0
2020-05-23,Paraíba,Santa Teresinha,21.87,1,0,0.0,5,0,0.0,109.34,0.0,0.11,4573,87.47,21.87,87.47,21.87
2020-05-22,Paraíba,Santa Teresinha,21.87,1,0,0.0,4,0,0.0,87.47,0.0,0.09,4573,65.6,21.87,65.6,21.87
2020-05-21,Paraíba,Santa Teresinha,0.0,0,0,0.0,3,0,0.0,65.6,0.0,0.07,4573,43.73,0.0,43.73,0.0
2020-05-20,Paraíba,Santa Teresinha,0.0,0,0,0.0,3,0,0.0,65.6,0.0,0.07,4573,43.73,0.0,43.73,0.0
2020-05-19,Paraíba,Santa Teresinha,43.73,2,0,0.0,3,0,0.0,65.6,0.0,0.07,4573,43.73,43.73,43.73,43.73
2020-05-18,Paraíba,Santa Teresinha,0.0,0,0,0.0,1,0,0.0,21.87,0.0,0.02,4573,0.0,0.0,0.0,0.0
2020-05-17,Paraíba,Santa Teresinha,0.0,0,0,0.0,1,0,0.0,21.87,0.0,0.02,4573,0.0,0.0,0.0,0.0
2020-05-16,Paraíba,Santa Teresinha,0.0,0,0,0.0,1,0,0.0,21.87,0.0,0.02,4573,0.0,0.0,0.0,0.0
2020-05-15,Paraíba,Santa Teresinha,0.0,0,0,0.0,1,0,0.0,21.87,0.0,0.02,4573,0.0,0.0,0.0,0.0
2020-05-14,Paraíba,Santa Teresinha,0.0,0,0,0.0,1,0,0.0,21.87,0.0,0.02,4573,0.0,0.0,0.0,0.0
2020-05-13,Paraíba,Santa Teresinha,0.0,0,0,0.0,1,0,0.0,21.87,0.0,0.02,4573,0.0,0.0,0.0,0.0
2020-05-12,Paraíba,Santa Teresinha,0.0,0,0,0.0,1,0,0.0,21.87,0.0,0.02,4573,0.0,0.0,0.0,0.0
2020-05-11,Paraíba,Santa Teresinha,0.0,0,0,0.0,1,0,0.0,21.87,0.0,0.02,4573,0.0,0.0,0.0,0.0
