date,state,city,1day_cases_100k,new_cases,new_deaths,new_deaths_100k,total_cases,total_deaths,cfr%,total_cases_100k,total_deaths_100k,%infected,population,7day_cases_100k,7day_cases_change,28day_cases_100k,28day_cases_change
2020-09-28,Paraíba,São Mamede,0.0,0,0,0.0,58,4,6.9,750.91,51.79,0.75,7724,12.95,0.0,142.43,0.0
2020-09-27,Paraíba,São Mamede,0.0,0,0,0.0,58,4,6.9,750.91,51.79,0.75,7724,12.95,-12.95,142.43,0.0
2020-09-26,Paraíba,São Mamede,0.0,0,0,0.0,58,4,6.9,750.91,51.79,0.75,7724,25.9,-12.95,142.43,0.0
2020-09-25,Paraíba,São Mamede,12.95,1,0,0.0,58,4,6.9,750.91,51.79,0.75,7724,38.85,12.95,142.43,12.95
2020-09-24,Paraíba,São Mamede,0.0,0,0,0.0,57,4,7.02,737.96,51.79,0.74,7724,25.9,0.0,129.48,0.0
2020-09-23,Paraíba,São Mamede,0.0,0,0,0.0,57,4,7.02,737.96,51.79,0.74,7724,25.9,0.0,129.48,0.0
2020-09-22,Paraíba,São Mamede,0.0,0,0,0.0,57,4,7.02,737.96,51.79,0.74,7724,25.9,0.0,129.48,-25.89
2020-09-21,Paraíba,São Mamede,0.0,0,0,0.0,57,4,7.02,737.96,51.79,0.74,7724,25.9,0.0,155.37,0.0
2020-09-20,Paraíba,São Mamede,12.95,1,0,0.0,57,4,7.02,737.96,51.79,0.74,7724,25.9,12.95,155.37,0.0
2020-09-19,Paraíba,São Mamede,12.95,1,0,0.0,56,4,7.14,725.01,51.79,0.73,7724,12.95,12.95,155.37,12.95
2020-09-18,Paraíba,São Mamede,0.0,0,0,0.0,55,4,7.27,712.07,51.79,0.71,7724,0.0,-12.95,142.42,0.0
2020-09-17,Paraíba,São Mamede,0.0,0,0,0.0,55,4,7.27,712.07,51.79,0.71,7724,12.95,0.0,142.42,-51.79
2020-09-16,Paraíba,São Mamede,0.0,0,0,0.0,55,4,7.27,712.07,51.79,0.71,7724,12.95,-12.95,194.21,0.0
2020-09-15,Paraíba,São Mamede,0.0,0,0,0.0,55,4,7.27,712.07,51.79,0.71,7724,25.9,12.95,194.21,0.0
2020-09-14,Paraíba,São Mamede,0.0,0,0,0.0,55,4,7.27,712.07,51.79,0.71,7724,12.95,0.0,194.21,0.0
2020-09-13,Paraíba,São Mamede,0.0,0,0,0.0,55,4,7.27,712.07,51.79,0.71,7724,12.95,0.0,194.21,0.0
2020-09-12,Paraíba,São Mamede,0.0,0,0,0.0,55,4,7.27,712.07,51.79,0.71,7724,12.95,0.0,194.21,-25.89
2020-09-11,Paraíba,São Mamede,12.95,1,0,0.0,55,4,7.27,712.07,51.79,0.71,7724,12.95,-12.94,220.1,12.95
2020-09-10,Paraíba,São Mamede,0.0,0,0,0.0,54,4,7.41,699.12,51.79,0.7,7724,25.89,-38.84,207.15,0.0
2020-09-09,Paraíba,São Mamede,12.95,1,0,0.0,54,4,7.41,699.12,51.79,0.7,7724,64.73,0.0,207.15,12.95
2020-09-08,Paraíba,São Mamede,-12.95,-1,0,0.0,53,4,7.55,686.17,51.79,0.69,7724,64.73,-25.9,194.2,-12.95
2020-09-07,Paraíba,São Mamede,0.0,0,0,0.0,54,4,7.41,699.12,51.79,0.7,7724,90.63,0.0,207.15,0.0
2020-09-06,Paraíba,São Mamede,0.0,0,0,0.0,54,4,7.41,699.12,51.79,0.7,7724,90.63,0.0,207.15,0.0
2020-09-05,Paraíba,São Mamede,0.0,0,0,0.0,54,4,7.41,699.12,51.79,0.7,7724,90.63,0.0,207.15,0.0
2020-09-04,Paraíba,São Mamede,25.89,2,0,0.0,54,4,7.41,699.12,51.79,0.7,7724,90.63,25.89,207.15,25.89
2020-09-03,Paraíba,São Mamede,38.84,3,0,0.0,52,4,7.69,673.23,51.79,0.67,7724,64.74,38.84,181.26,38.84
2020-09-02,Paraíba,São Mamede,12.95,1,0,0.0,49,4,8.16,634.39,51.79,0.63,7724,25.9,12.95,142.42,12.95
2020-09-01,Paraíba,São Mamede,12.95,1,0,0.0,48,4,8.33,621.44,51.79,0.62,7724,12.95,-12.94,129.47,12.95
2020-08-31,Paraíba,São Mamede,0.0,0,0,0.0,47,4,8.51,608.49,51.79,0.61,7724,25.89,0.0,116.52,12.95
2020-08-30,Paraíba,São Mamede,0.0,0,0,0.0,47,4,8.51,608.49,51.79,0.61,7724,25.89,-12.95,103.57,12.95
2020-08-29,Paraíba,São Mamede,0.0,0,0,0.0,47,4,8.51,608.49,51.79,0.61,7724,38.84,0.0,90.62,0.0
2020-08-28,Paraíba,São Mamede,0.0,0,0,0.0,47,4,8.51,608.49,51.79,0.61,7724,38.84,0.0,90.62,0.0
2020-08-27,Paraíba,São Mamede,0.0,0,0,0.0,47,4,8.51,608.49,51.79,0.61,7724,38.84,-51.79,90.62,-12.95
2020-08-26,Paraíba,São Mamede,0.0,0,0,0.0,47,4,8.51,608.49,51.79,0.61,7724,90.63,0.0,103.57,0.0
2020-08-25,Paraíba,São Mamede,25.89,2,0,0.0,47,4,8.51,608.49,51.79,0.61,7724,90.63,25.89,103.57,25.89
2020-08-24,Paraíba,São Mamede,0.0,0,0,0.0,45,4,8.89,582.6,51.79,0.58,7724,64.74,0.0,77.68,0.0
2020-08-23,Paraíba,São Mamede,12.95,1,0,0.0,45,4,8.89,582.6,51.79,0.58,7724,64.74,12.95,77.68,12.95
2020-08-22,Paraíba,São Mamede,0.0,0,1,12.95,44,4,9.09,569.65,51.79,0.57,7724,51.79,-25.89,64.73,-12.95
2020-08-21,Paraíba,São Mamede,0.0,0,0,0.0,44,3,6.82,569.65,38.84,0.57,7724,77.68,0.0,77.68,-25.89
2020-08-20,Paraíba,São Mamede,51.79,4,0,0.0,44,3,6.82,569.65,38.84,0.57,7724,77.68,51.79,103.57,51.79
2020-08-19,Paraíba,São Mamede,0.0,0,0,0.0,40,3,7.5,517.87,38.84,0.52,7724,25.89,0.0,51.78,-12.95
2020-08-18,Paraíba,São Mamede,0.0,0,0,0.0,40,3,7.5,517.87,38.84,0.52,7724,25.89,0.0,64.73,0.0
2020-08-17,Paraíba,São Mamede,0.0,0,0,0.0,40,3,7.5,517.87,38.84,0.52,7724,25.89,0.0,64.73,0.0
2020-08-16,Paraíba,São Mamede,0.0,0,0,0.0,40,3,7.5,517.87,38.84,0.52,7724,25.89,0.0,64.73,0.0
2020-08-15,Paraíba,São Mamede,25.89,2,0,0.0,40,3,7.5,517.87,38.84,0.52,7724,25.89,25.89,64.73,25.89
2020-08-14,Paraíba,São Mamede,0.0,0,0,0.0,38,3,7.89,491.97,38.84,0.49,7724,0.0,0.0,38.84,0.0
2020-08-13,Paraíba,São Mamede,0.0,0,0,0.0,38,3,7.89,491.97,38.84,0.49,7724,0.0,0.0,38.84,0.0
2020-08-12,Paraíba,São Mamede,0.0,0,0,0.0,38,3,7.89,491.97,38.84,0.49,7724,0.0,0.0,38.84,0.0
2020-08-11,Paraíba,São Mamede,0.0,0,0,0.0,38,3,7.89,491.97,38.84,0.49,7724,0.0,0.0,38.84,-12.95
2020-08-10,Paraíba,São Mamede,0.0,0,0,0.0,38,3,7.89,491.97,38.84,0.49,7724,0.0,12.95,51.79,0.0
2020-08-09,Paraíba,São Mamede,0.0,0,0,0.0,38,3,7.89,491.97,38.84,0.49,7724,-12.95,12.95,51.79,-12.95
2020-08-08,Paraíba,São Mamede,0.0,0,0,0.0,38,3,7.89,491.97,38.84,0.49,7724,-25.9,0.0,64.74,0.0
2020-08-07,Paraíba,São Mamede,0.0,0,0,0.0,38,3,7.89,491.97,38.84,0.49,7724,-25.9,0.0,64.74,0.0
2020-08-06,Paraíba,São Mamede,0.0,0,0,0.0,38,3,7.89,491.97,38.84,0.49,7724,-25.9,-12.95,64.74,0.0
2020-08-05,Paraíba,São Mamede,0.0,0,0,0.0,38,3,7.89,491.97,38.84,0.49,7724,-12.95,0.0,64.74,-25.89
2020-08-04,Paraíba,São Mamede,0.0,0,0,0.0,38,3,7.89,491.97,38.84,0.49,7724,-12.95,0.0,90.63,0.0
2020-08-03,Paraíba,São Mamede,-12.95,-1,0,0.0,38,3,7.89,491.97,38.84,0.49,7724,-12.95,-12.95,90.63,-12.95
2020-08-02,Paraíba,São Mamede,-12.95,-1,0,0.0,39,3,7.69,504.92,38.84,0.5,7724,0.0,-12.95,103.58,-12.95
2020-08-01,Paraíba,São Mamede,0.0,0,0,0.0,40,3,7.5,517.87,38.84,0.52,7724,12.95,-12.95,116.53,-25.89
2020-07-31,Paraíba,São Mamede,0.0,0,0,0.0,40,3,7.5,517.87,38.84,0.52,7724,25.9,-25.89,142.42,-25.89
2020-07-30,Paraíba,São Mamede,12.95,1,0,0.0,40,3,7.5,517.87,38.84,0.52,7724,51.79,12.95,168.31,12.95
2020-07-29,Paraíba,São Mamede,0.0,0,0,0.0,39,3,7.69,504.92,38.84,0.5,7724,38.84,-12.95,155.36,-38.84
2020-07-28,Paraíba,São Mamede,0.0,0,0,0.0,39,3,7.69,504.92,38.84,0.5,7724,51.79,0.0,194.2,0.0
2020-07-27,Paraíba,São Mamede,0.0,0,0,0.0,39,3,7.69,504.92,38.84,0.5,7724,51.79,0.0,194.2,0.0
2020-07-26,Paraíba,São Mamede,0.0,0,0,0.0,39,3,7.69,504.92,38.84,0.5,7724,51.79,0.0,194.2,0.0
2020-07-25,Paraíba,São Mamede,12.95,1,0,0.0,39,3,7.69,504.92,38.84,0.5,7724,51.79,12.95,194.2,12.95
2020-07-24,Paraíba,São Mamede,25.89,2,0,0.0,38,3,7.89,491.97,38.84,0.49,7724,38.84,25.89,181.25,38.84
2020-07-23,Paraíba,São Mamede,0.0,0,0,0.0,36,3,8.33,466.08,38.84,0.47,7724,12.95,0.0,142.41,0.0
2020-07-22,Paraíba,São Mamede,12.95,1,0,0.0,36,3,8.33,466.08,38.84,0.47,7724,12.95,12.95,142.41,0.0
2020-07-21,Paraíba,São Mamede,0.0,0,0,0.0,35,3,8.57,453.13,38.84,0.45,7724,0.0,-12.95,142.41,0.0
2020-07-20,Paraíba,São Mamede,0.0,0,0,0.0,35,3,8.57,453.13,38.84,0.45,7724,12.95,0.0,142.41,0.0
2020-07-19,Paraíba,São Mamede,0.0,0,0,0.0,35,3,8.57,453.13,38.84,0.45,7724,12.95,-12.95,142.41,-12.95
2020-07-18,Paraíba,São Mamede,0.0,0,0,0.0,35,3,8.57,453.13,38.84,0.45,7724,25.9,0.0,155.36,0.0
2020-07-17,Paraíba,São Mamede,0.0,0,0,0.0,35,3,8.57,453.13,38.84,0.45,7724,25.9,0.0,155.36,-12.95
2020-07-16,Paraíba,São Mamede,0.0,0,0,0.0,35,3,8.57,453.13,38.84,0.45,7724,25.9,0.0,168.31,0.0
2020-07-15,Paraíba,São Mamede,0.0,0,0,0.0,35,3,8.57,453.13,38.84,0.45,7724,25.9,-25.89,168.31,-12.95
2020-07-14,Paraíba,São Mamede,12.95,1,0,0.0,35,3,8.57,453.13,38.84,0.45,7724,51.79,12.95,181.26,0.0
2020-07-13,Paraíba,São Mamede,0.0,0,0,0.0,34,3,8.82,440.19,38.84,0.44,7724,38.84,0.0,181.26,0.0
2020-07-12,Paraíba,São Mamede,12.95,1,0,0.0,34,3,8.82,440.19,38.84,0.44,7724,38.84,12.95,181.26,12.95
2020-07-11,Paraíba,São Mamede,0.0,0,0,0.0,33,3,9.09,427.24,38.84,0.43,7724,25.89,-25.89,168.31,0.0
2020-07-10,Paraíba,São Mamede,0.0,0,0,0.0,33,3,9.09,427.24,38.84,0.43,7724,51.78,-25.89,168.31,-12.95
2020-07-09,Paraíba,São Mamede,0.0,0,0,0.0,33,3,9.09,427.24,38.84,0.43,7724,77.67,0.0,181.26,0.0
2020-07-08,Paraíba,São Mamede,25.89,2,0,0.0,33,3,9.09,427.24,38.84,0.43,7724,77.67,-12.95,181.26,12.94
2020-07-07,Paraíba,São Mamede,0.0,0,0,0.0,31,3,9.68,401.35,38.84,0.4,7724,90.62,0.0,168.32,12.95
2020-07-05,Paraíba,São Mamede,0.0,0,0,0.0,31,3,9.68,401.35,38.84,0.4,7724,90.62,0.0,155.37,0.0
2020-07-04,Paraíba,São Mamede,0.0,0,0,0.0,31,3,9.68,401.35,38.84,0.4,7724,90.62,0.0,155.37,-25.89
2020-07-03,Paraíba,São Mamede,25.89,2,0,0.0,31,3,9.68,401.35,38.84,0.4,7724,90.62,25.89,181.26,12.94
2020-07-02,Paraíba,São Mamede,25.89,2,0,0.0,29,3,10.34,375.45,38.84,0.38,7724,64.73,38.84,168.32,-25.9
2020-07-01,Paraíba,São Mamede,0.0,0,1,12.95,27,3,11.11,349.56,38.84,0.35,7724,25.89,0.0,194.22,12.95
2020-06-30,Paraíba,São Mamede,38.84,3,0,0.0,27,2,7.41,349.56,25.89,0.35,7724,25.89,25.89,181.27,38.84
2020-06-29,Paraíba,São Mamede,0.0,0,0,0.0,24,2,8.33,310.72,25.89,0.31,7724,0.0,0.0,142.43,0.0
2020-06-28,Paraíba,São Mamede,0.0,0,0,0.0,24,2,8.33,310.72,25.89,0.31,7724,0.0,0.0,142.43,-12.95
2020-06-27,Paraíba,São Mamede,0.0,0,0,0.0,24,2,8.33,310.72,25.89,0.31,7724,0.0,-12.95,155.38,0.0
2020-06-26,Paraíba,São Mamede,0.0,0,0,0.0,24,2,8.33,310.72,25.89,0.31,7724,12.95,0.0,155.38,0.0
2020-06-25,Paraíba,São Mamede,-12.95,-1,0,0.0,24,2,8.33,310.72,25.89,0.31,7724,12.95,-25.9,155.38,-25.9
2020-06-24,Paraíba,São Mamede,0.0,0,0,0.0,25,2,8.0,323.67,25.89,0.32,7724,38.85,0.0,181.28,-25.89
2020-06-23,Paraíba,São Mamede,12.95,1,0,0.0,25,2,8.0,323.67,25.89,0.32,7724,38.85,0.0,207.17,0.0
2020-06-22,Paraíba,São Mamede,0.0,0,0,0.0,24,2,8.33,310.72,25.89,0.31,7724,38.85,-12.95,207.17,-12.95
2020-06-21,Paraíba,São Mamede,0.0,0,0,0.0,24,2,8.33,310.72,25.89,0.31,7724,51.8,0.0,220.12,-12.95
2020-06-20,Paraíba,São Mamede,12.95,1,0,0.0,24,2,8.33,310.72,25.89,0.31,7724,51.8,12.95,233.07,12.95
2020-06-19,Paraíba,São Mamede,0.0,0,0,0.0,23,2,8.7,297.77,25.89,0.3,7724,38.85,0.0,220.12,0.0
2020-06-18,Paraíba,São Mamede,12.95,1,0,0.0,23,2,8.7,297.77,25.89,0.3,7724,38.85,0.0,220.12,12.95
2020-06-17,Paraíba,São Mamede,0.0,0,0,0.0,22,2,9.09,284.83,25.89,0.28,7724,38.85,0.0,207.17,0.0
2020-06-16,Paraíba,São Mamede,12.95,1,0,0.0,22,2,9.09,284.83,25.89,0.28,7724,38.85,0.0,207.17,-12.94
2020-06-15,Paraíba,São Mamede,12.95,1,0,0.0,21,2,9.52,271.88,25.89,0.27,7724,38.85,25.9,220.11,-12.94
2020-06-14,Paraíba,São Mamede,0.0,0,0,0.0,20,2,10.0,258.93,25.89,0.26,7724,12.95,0.0,233.05,0.0
2020-06-13,Paraíba,São Mamede,0.0,0,0,0.0,20,2,10.0,258.93,25.89,0.26,7724,12.95,-25.89,233.05,0.0
2020-06-12,Paraíba,São Mamede,0.0,0,1,12.95,20,2,10.0,258.93,25.89,0.26,7724,38.84,-12.95,233.05,0.0
2020-06-11,Paraíba,São Mamede,12.95,1,0,0.0,20,1,5.0,258.93,12.95,0.26,7724,51.79,-38.84,233.05,12.95
2020-06-10,Paraíba,São Mamede,0.0,0,0,0.0,19,1,5.26,245.99,12.95,0.25,7724,90.63,12.95,220.1,0.0
2020-06-09,Paraíba,São Mamede,12.95,1,0,0.0,19,1,5.26,245.99,12.95,0.25,7724,77.68,12.95,220.1,12.95
2020-06-08,Paraíba,São Mamede,-12.95,-1,0,0.0,18,1,5.56,233.04,12.95,0.23,7724,64.73,-12.95,207.15,-12.95
2020-06-07,Paraíba,São Mamede,0.0,0,0,0.0,19,1,5.26,245.99,12.95,0.25,7724,77.68,-12.95,220.1,0.0
2020-06-06,Paraíba,São Mamede,25.89,2,0,0.0,19,1,5.26,245.99,12.95,0.25,7724,90.63,25.89,220.1,25.89
2020-06-05,Paraíba,São Mamede,12.95,1,0,0.0,17,1,5.88,220.09,12.95,0.22,7724,64.74,12.95,194.21,12.95
2020-06-04,Paraíba,São Mamede,51.79,4,0,0.0,16,1,6.25,207.15,12.95,0.21,7724,51.79,38.84,181.26,51.79
2020-06-03,Paraíba,São Mamede,-12.95,-1,0,0.0,12,1,8.33,155.36,12.95,0.16,7724,12.95,-38.84,129.47,-12.95
2020-06-02,Paraíba,São Mamede,0.0,0,1,12.95,13,1,7.69,168.31,12.95,0.17,7724,51.79,-12.95,142.42,0.0
2020-06-01,Paraíba,São Mamede,0.0,0,0,0.0,13,0,0.0,168.31,0.0,0.17,7724,64.74,-12.95,142.42,0.0
2020-05-31,Paraíba,São Mamede,12.95,1,0,0.0,13,0,0.0,168.31,0.0,0.17,7724,77.69,0.0,142.42,12.95
2020-05-30,Paraíba,São Mamede,0.0,0,0,0.0,12,0,0.0,155.36,0.0,0.16,7724,77.69,0.0,129.47,0.0
2020-05-29,Paraíba,São Mamede,0.0,0,0,0.0,12,0,0.0,155.36,0.0,0.16,7724,77.69,0.0,129.47,0.0
2020-05-28,Paraíba,São Mamede,12.95,1,0,0.0,12,0,0.0,155.36,0.0,0.16,7724,77.69,12.95,129.47,12.95
2020-05-27,Paraíba,São Mamede,25.89,2,0,0.0,11,0,0.0,142.41,0.0,0.14,7724,64.74,25.89,116.52,25.89
2020-05-26,Paraíba,São Mamede,12.95,1,0,0.0,9,0,0.0,116.52,0.0,0.12,7724,38.85,-12.94,90.63,12.95
2020-05-25,Paraíba,São Mamede,12.95,1,0,0.0,8,0,0.0,103.57,0.0,0.1,7724,51.79,-12.94,77.68,12.95
2020-05-24,Paraíba,São Mamede,12.95,1,0,0.0,7,0,0.0,90.63,0.0,0.09,7724,64.73,12.95,64.73,12.95
2020-05-23,Paraíba,São Mamede,0.0,0,0,0.0,6,0,0.0,77.68,0.0,0.08,7724,51.78,0.0,51.78,0.0
2020-05-22,Paraíba,São Mamede,0.0,0,0,0.0,6,0,0.0,77.68,0.0,0.08,7724,51.78,0.0,51.78,0.0
2020-05-21,Paraíba,São Mamede,0.0,0,0,0.0,6,0,0.0,77.68,0.0,0.08,7724,51.78,0.0,51.78,0.0
2020-05-20,Paraíba,São Mamede,0.0,0,0,0.0,6,0,0.0,77.68,0.0,0.08,7724,51.78,0.0,51.78,0.0
2020-05-19,Paraíba,São Mamede,25.89,2,0,0.0,6,0,0.0,77.68,0.0,0.08,7724,51.78,25.89,51.78,25.89
2020-05-18,Paraíba,São Mamede,25.89,2,0,0.0,4,0,0.0,51.79,0.0,0.05,7724,25.89,25.89,25.89,25.89
