date,state,new_cases_100k,new_cases,new_deaths,new_deaths_100k,total_cases,total_deaths,cfr%,total_cases_100k,total_deaths_100k,%infected,population
2020-08-04,Puducherry,10.97,165,2,0.13,4147,58,1.4,275.73,3.86,0.28,1504000
2020-08-03,Puducherry,11.7,176,4,0.27,3982,56,1.41,264.76,3.72,0.26,1504000
2020-08-02,Puducherry,13.3,200,1,0.07,3806,52,1.37,253.06,3.46,0.25,1504000
2020-08-01,Puducherry,8.91,134,2,0.13,3606,51,1.41,239.76,3.39,0.24,1504000
2020-07-31,Puducherry,11.57,174,1,0.07,3472,49,1.41,230.85,3.26,0.23,1504000
2020-07-30,Puducherry,8.05,121,1,0.07,3298,48,1.46,219.28,3.19,0.22,1504000
2020-07-29,Puducherry,11.04,166,0,0.0,3177,47,1.48,211.24,3.12,0.21,1504000
2020-07-28,Puducherry,9.24,139,4,0.27,3011,47,1.56,200.2,3.12,0.2,1504000
2020-07-27,Puducherry,5.65,85,3,0.2,2872,43,1.5,190.96,2.86,0.19,1504000
2020-07-26,Puducherry,8.84,133,2,0.13,2787,40,1.44,185.31,2.66,0.19,1504000
2020-07-25,Puducherry,9.24,139,3,0.2,2654,38,1.43,176.46,2.53,0.18,1504000
2020-07-24,Puducherry,6.32,95,1,0.07,2515,35,1.39,167.22,2.33,0.17,1504000
2020-07-23,Puducherry,7.98,120,3,0.2,2420,34,1.4,160.9,2.26,0.16,1504000
2020-07-22,Puducherry,8.05,121,1,0.07,2300,31,1.35,152.93,2.06,0.15,1504000
2020-07-21,Puducherry,5.78,87,1,0.07,2179,30,1.38,144.88,1.99,0.14,1504000
2020-07-20,Puducherry,6.18,93,1,0.07,2092,29,1.39,139.1,1.93,0.14,1504000
2020-07-19,Puducherry,7.25,109,0,0.0,1999,28,1.4,132.91,1.86,0.13,1504000
2020-07-18,Puducherry,3.86,58,3,0.2,1890,28,1.48,125.66,1.86,0.13,1504000
2020-07-17,Puducherry,5.92,89,3,0.2,1832,25,1.36,121.81,1.66,0.12,1504000
2020-07-16,Puducherry,9.77,147,1,0.07,1743,22,1.26,115.89,1.46,0.12,1504000
2020-07-15,Puducherry,4.32,65,3,0.2,1596,21,1.32,106.12,1.4,0.11,1504000
2020-07-14,Puducherry,4.19,63,0,0.0,1531,18,1.18,101.8,1.2,0.1,1504000
2020-07-13,Puducherry,3.32,50,0,0.0,1468,18,1.23,97.61,1.2,0.1,1504000
2020-07-12,Puducherry,5.39,81,0,0.0,1418,18,1.27,94.28,1.2,0.09,1504000
2020-07-11,Puducherry,4.32,65,1,0.07,1337,18,1.35,88.9,1.2,0.09,1504000
2020-07-10,Puducherry,4.79,72,1,0.07,1272,17,1.34,84.57,1.13,0.08,1504000
2020-07-09,Puducherry,3.26,49,2,0.13,1200,16,1.33,79.79,1.06,0.08,1504000
2020-07-08,Puducherry,7.31,110,0,0.0,1151,14,1.22,76.53,0.93,0.08,1504000
2020-07-07,Puducherry,1.99,30,0,0.0,1041,14,1.34,69.22,0.93,0.07,1504000
2020-07-06,Puducherry,4.32,65,0,0.0,1011,14,1.38,67.22,0.93,0.07,1504000
2020-07-05,Puducherry,2.79,42,0,0.0,946,14,1.48,62.9,0.93,0.06,1504000
2020-07-04,Puducherry,5.32,80,1,0.07,904,14,1.55,60.11,0.93,0.06,1504000
2020-07-03,Puducherry,1.46,22,1,0.07,824,13,1.58,54.79,0.86,0.05,1504000
2020-07-02,Puducherry,4.19,63,0,0.0,802,12,1.5,53.32,0.8,0.05,1504000
2020-07-01,Puducherry,1.66,25,0,0.0,739,12,1.62,49.14,0.8,0.05,1504000
2020-06-30,Puducherry,1.6,24,1,0.07,714,12,1.68,47.47,0.8,0.05,1504000
2020-06-29,Puducherry,2.79,42,0,0.0,690,11,1.59,45.88,0.73,0.05,1504000
2020-06-28,Puducherry,1.93,29,1,0.07,648,11,1.7,43.09,0.73,0.04,1504000
2020-06-27,Puducherry,5.65,85,1,0.07,619,10,1.62,41.16,0.66,0.04,1504000
2020-06-26,Puducherry,2.13,32,0,0.0,534,9,1.69,35.51,0.6,0.04,1504000
2020-06-25,Puducherry,2.73,41,0,0.0,502,9,1.79,33.38,0.6,0.03,1504000
2020-06-24,Puducherry,3.92,59,0,0.0,461,9,1.95,30.65,0.6,0.03,1504000
2020-06-23,Puducherry,1.26,19,1,0.07,402,9,2.24,26.73,0.6,0.03,1504000
2020-06-22,Puducherry,1.13,17,0,0.0,383,8,2.09,25.47,0.53,0.03,1504000
2020-06-21,Puducherry,1.86,28,1,0.07,366,8,2.19,24.34,0.53,0.02,1504000
2020-06-20,Puducherry,3.39,51,0,0.0,338,7,2.07,22.47,0.47,0.02,1504000
2020-06-19,Puducherry,1.06,16,1,0.07,287,7,2.44,19.08,0.47,0.02,1504000
2020-06-18,Puducherry,1.73,26,1,0.07,271,6,2.21,18.02,0.4,0.02,1504000
2020-06-17,Puducherry,1.93,29,1,0.07,245,5,2.04,16.29,0.33,0.02,1504000
2020-06-16,Puducherry,0.93,14,0,0.0,216,4,1.85,14.36,0.27,0.01,1504000
2020-06-15,Puducherry,0.53,8,0,0.0,202,4,1.98,13.43,0.27,0.01,1504000
2020-06-14,Puducherry,1.2,18,1,0.07,194,4,2.06,12.9,0.27,0.01,1504000
2020-06-13,Puducherry,0.86,13,0,0.0,176,3,1.7,11.7,0.2,0.01,1504000
2020-06-12,Puducherry,0.4,6,1,0.07,163,3,1.84,10.84,0.2,0.01,1504000
2020-06-11,Puducherry,0.86,13,2,0.13,157,2,1.27,10.44,0.13,0.01,1504000
2020-06-10,Puducherry,0.8,12,0,0.0,144,0,0.0,9.57,0.0,0.01,1504000
2020-06-09,Puducherry,0.27,4,0,0.0,132,0,0.0,8.78,0.0,0.01,1504000
2020-06-08,Puducherry,0.6,9,0,0.0,128,0,0.0,8.51,0.0,0.01,1504000
2020-06-07,Puducherry,0.8,12,0,0.0,119,0,0.0,7.91,0.0,0.01,1504000
2020-06-06,Puducherry,0.2,3,0,0.0,107,0,0.0,7.11,0.0,0.01,1504000
2020-06-05,Puducherry,0.33,5,0,0.0,104,0,0.0,6.91,0.0,0.01,1504000
2020-06-04,Puducherry,0.6,9,0,0.0,99,0,0.0,6.58,0.0,0.01,1504000
2020-06-03,Puducherry,0.73,11,0,0.0,90,0,0.0,5.98,0.0,0.01,1504000
2020-06-02,Puducherry,0.0,0,0,0.0,79,0,0.0,5.25,0.0,0.01,1504000
2020-06-01,Puducherry,0.6,9,0,0.0,79,0,0.0,5.25,0.0,0.01,1504000
2020-05-31,Puducherry,0.86,13,0,0.0,70,0,0.0,4.65,0.0,0.0,1504000
2020-05-30,Puducherry,0.0,0,0,0.0,57,0,0.0,3.79,0.0,0.0,1504000
2020-05-29,Puducherry,0.27,4,0,0.0,57,0,0.0,3.79,0.0,0.0,1504000
2020-05-28,Puducherry,0.27,4,0,0.0,53,0,0.0,3.52,0.0,0.0,1504000
2020-05-27,Puducherry,0.0,0,0,0.0,49,0,0.0,3.26,0.0,0.0,1504000
2020-05-26,Puducherry,0.0,0,0,0.0,49,0,0.0,3.26,0.0,0.0,1504000
2020-05-25,Puducherry,0.53,8,0,0.0,49,0,0.0,3.26,0.0,0.0,1504000
2020-05-24,Puducherry,1.0,15,0,0.0,41,0,0.0,2.73,0.0,0.0,1504000
2020-05-23,Puducherry,0.0,0,0,0.0,26,0,0.0,1.73,0.0,0.0,1504000
2020-05-22,Puducherry,0.2,3,0,0.0,26,0,0.0,1.73,0.0,0.0,1504000
2020-05-21,Puducherry,0.0,0,0,0.0,23,0,0.0,1.53,0.0,0.0,1504000
2020-05-20,Puducherry,0.07,1,0,0.0,23,0,0.0,1.53,0.0,0.0,1504000
2020-05-19,Puducherry,0.33,5,0,0.0,22,0,0.0,1.46,0.0,0.0,1504000
2020-05-18,Puducherry,0.0,0,0,0.0,17,0,0.0,1.13,0.0,0.0,1504000
2020-05-17,Puducherry,0.0,0,0,0.0,17,0,0.0,1.13,0.0,0.0,1504000
2020-05-16,Puducherry,0.07,1,0,0.0,17,0,0.0,1.13,0.0,0.0,1504000
2020-05-15,Puducherry,0.0,0,0,0.0,16,0,0.0,1.06,0.0,0.0,1504000
2020-05-14,Puducherry,0.2,3,0,0.0,16,0,0.0,1.06,0.0,0.0,1504000
2020-05-13,Puducherry,0.07,1,0,0.0,13,0,0.0,0.86,0.0,0.0,1504000
2020-05-12,Puducherry,0.0,0,0,0.0,12,0,0.0,0.8,0.0,0.0,1504000
2020-05-11,Puducherry,0.0,0,0,0.0,12,0,0.0,0.8,0.0,0.0,1504000
2020-05-10,Puducherry,0.13,2,0,0.0,12,0,0.0,0.8,0.0,0.0,1504000
2020-05-09,Puducherry,0.0,0,0,0.0,10,0,0.0,0.66,0.0,0.0,1504000
2020-05-08,Puducherry,0.07,1,0,0.0,10,0,0.0,0.66,0.0,0.0,1504000
2020-05-07,Puducherry,0.0,0,0,0.0,9,0,0.0,0.6,0.0,0.0,1504000
2020-05-06,Puducherry,0.0,0,0,0.0,9,0,0.0,0.6,0.0,0.0,1504000
2020-05-05,Puducherry,0.0,0,0,0.0,9,0,0.0,0.6,0.0,0.0,1504000
2020-05-04,Puducherry,0.0,0,0,0.0,9,0,0.0,0.6,0.0,0.0,1504000
2020-05-03,Puducherry,0.0,0,0,0.0,9,0,0.0,0.6,0.0,0.0,1504000
2020-05-02,Puducherry,0.07,1,0,0.0,9,0,0.0,0.6,0.0,0.0,1504000
2020-05-01,Puducherry,0.0,0,0,0.0,8,0,0.0,0.53,0.0,0.0,1504000
2020-04-30,Puducherry,0.0,0,0,0.0,8,0,0.0,0.53,0.0,0.0,1504000
2020-04-29,Puducherry,0.0,0,0,0.0,8,0,0.0,0.53,0.0,0.0,1504000
2020-04-28,Puducherry,0.0,0,0,0.0,8,0,0.0,0.53,0.0,0.0,1504000
2020-04-27,Puducherry,0.0,0,0,0.0,8,0,0.0,0.53,0.0,0.0,1504000
2020-04-26,Puducherry,0.0,0,0,0.0,8,0,0.0,0.53,0.0,0.0,1504000
2020-04-25,Puducherry,0.07,1,0,0.0,8,0,0.0,0.53,0.0,0.0,1504000
2020-04-24,Puducherry,0.0,0,0,0.0,7,0,0.0,0.47,0.0,0.0,1504000
2020-04-23,Puducherry,0.0,0,0,0.0,7,0,0.0,0.47,0.0,0.0,1504000
2020-04-22,Puducherry,0.0,0,0,0.0,7,0,0.0,0.47,0.0,0.0,1504000
2020-04-21,Puducherry,0.0,0,0,0.0,7,0,0.0,0.47,0.0,0.0,1504000
2020-04-20,Puducherry,0.0,0,0,0.0,7,0,0.0,0.47,0.0,0.0,1504000
2020-04-19,Puducherry,0.0,0,0,0.0,7,0,0.0,0.47,0.0,0.0,1504000
2020-04-18,Puducherry,0.0,0,0,0.0,7,0,0.0,0.47,0.0,0.0,1504000
2020-04-17,Puducherry,0.0,0,0,0.0,7,0,0.0,0.47,0.0,0.0,1504000
2020-04-16,Puducherry,0.0,0,0,0.0,7,0,0.0,0.47,0.0,0.0,1504000
2020-04-15,Puducherry,0.0,0,0,0.0,7,0,0.0,0.47,0.0,0.0,1504000
2020-04-14,Puducherry,0.0,0,0,0.0,7,0,0.0,0.47,0.0,0.0,1504000
2020-04-13,Puducherry,0.0,0,0,0.0,7,0,0.0,0.47,0.0,0.0,1504000
2020-04-12,Puducherry,0.0,0,0,0.0,7,0,0.0,0.47,0.0,0.0,1504000
2020-04-11,Puducherry,0.0,0,0,0.0,7,0,0.0,0.47,0.0,0.0,1504000
2020-04-10,Puducherry,0.13,2,0,0.0,7,0,0.0,0.47,0.0,0.0,1504000
2020-04-09,Puducherry,0.0,0,0,0.0,5,0,0.0,0.33,0.0,0.0,1504000
2020-04-08,Puducherry,0.0,0,0,0.0,5,0,0.0,0.33,0.0,0.0,1504000
2020-04-07,Puducherry,0.0,0,0,0.0,5,0,0.0,0.33,0.0,0.0,1504000
2020-04-06,Puducherry,0.0,0,0,0.0,5,0,0.0,0.33,0.0,0.0,1504000
2020-04-05,Puducherry,0.0,0,0,0.0,5,0,0.0,0.33,0.0,0.0,1504000
2020-04-04,Puducherry,0.0,0,0,0.0,5,0,0.0,0.33,0.0,0.0,1504000
2020-04-03,Puducherry,0.0,0,0,0.0,5,0,0.0,0.33,0.0,0.0,1504000
2020-04-02,Puducherry,0.13,2,0,0.0,5,0,0.0,0.33,0.0,0.0,1504000
2020-04-01,Puducherry,0.13,2,0,0.0,3,0,0.0,0.2,0.0,0.0,1504000
2020-03-31,Puducherry,0.0,0,0,0.0,1,0,0.0,0.07,0.0,0.0,1504000
2020-03-30,Puducherry,0.0,0,0,0.0,1,0,0.0,0.07,0.0,0.0,1504000
2020-03-29,Puducherry,0.0,0,0,0.0,1,0,0.0,0.07,0.0,0.0,1504000
2020-03-28,Puducherry,0.0,0,0,0.0,1,0,0.0,0.07,0.0,0.0,1504000
2020-03-27,Puducherry,0.0,0,0,0.0,1,0,0.0,0.07,0.0,0.0,1504000
2020-03-26,Puducherry,0.0,0,0,0.0,1,0,0.0,0.07,0.0,0.0,1504000
2020-03-25,Puducherry,0.0,0,0,0.0,1,0,0.0,0.07,0.0,0.0,1504000
2020-03-24,Puducherry,0.0,0,0,0.0,1,0,0.0,0.07,0.0,0.0,1504000
2020-03-23,Puducherry,0.0,0,0,0.0,1,0,0.0,0.07,0.0,0.0,1504000
2020-03-22,Puducherry,0.0,0,0,0.0,1,0,0.0,0.07,0.0,0.0,1504000
2020-03-21,Puducherry,0.0,0,0,0.0,1,0,0.0,0.07,0.0,0.0,1504000
2020-03-20,Puducherry,0.0,0,0,0.0,1,0,0.0,0.07,0.0,0.0,1504000
2020-03-19,Puducherry,0.0,0,0,0.0,1,0,0.0,0.07,0.0,0.0,1504000
2020-03-18,Puducherry,0.0,0,0,0.0,1,0,0.0,0.07,0.0,0.0,1504000
2020-03-17,Puducherry,0.0,0,0,0.0,1,0,0.0,0.07,0.0,0.0,1504000
