date,state,county,new_cases_100k,new_cases,new_deaths,new_deaths_100k,total_cases,total_deaths,cfr%,total_cases_100k,total_deaths_100k,%infected,population,pop_density
2020-08-05,New Mexico,Doña Ana,19.77,43,3,1.38,2326,27,1.16,1069.32,12.41,1.07,217522,57.12
2020-08-04,New Mexico,Doña Ana,14.71,32,0,0.0,2283,24,1.05,1049.55,11.03,1.05,217522,57.12
2020-08-03,New Mexico,Doña Ana,11.95,26,1,0.46,2251,24,1.07,1034.84,11.03,1.03,217522,57.12
2020-08-02,New Mexico,Doña Ana,16.55,36,0,0.0,2225,23,1.03,1022.89,10.57,1.02,217522,57.12
2020-08-01,New Mexico,Doña Ana,3.22,7,2,0.92,2189,23,1.05,1006.33,10.57,1.01,217522,57.12
2020-07-31,New Mexico,Doña Ana,14.71,32,2,0.92,2182,21,0.96,1003.12,9.65,1.0,217522,57.12
2020-07-30,New Mexico,Doña Ana,9.65,21,0,0.0,2150,19,0.88,988.41,8.73,0.99,217522,57.12
2020-07-29,New Mexico,Doña Ana,16.55,36,0,0.0,2129,19,0.89,978.75,8.73,0.98,217522,57.12
2020-07-28,New Mexico,Doña Ana,8.28,18,2,0.92,2093,19,0.91,962.2,8.73,0.96,217522,57.12
2020-07-27,New Mexico,Doña Ana,34.02,74,1,0.46,2075,17,0.82,953.93,7.82,0.95,217522,57.12
2020-07-26,New Mexico,Doña Ana,10.11,22,0,0.0,2001,16,0.8,919.91,7.36,0.92,217522,57.12
2020-07-25,New Mexico,Doña Ana,28.5,62,0,0.0,1979,16,0.81,909.79,7.36,0.91,217522,57.12
2020-07-24,New Mexico,Doña Ana,19.31,42,1,0.46,1917,16,0.83,881.29,7.36,0.88,217522,57.12
2020-07-23,New Mexico,Doña Ana,11.95,26,1,0.46,1875,15,0.8,861.98,6.9,0.86,217522,57.12
2020-07-22,New Mexico,Doña Ana,23.91,52,0,0.0,1849,14,0.76,850.03,6.44,0.85,217522,57.12
2020-07-21,New Mexico,Doña Ana,22.53,49,0,0.0,1797,14,0.78,826.12,6.44,0.83,217522,57.12
2020-07-20,New Mexico,Doña Ana,9.19,20,1,0.46,1748,14,0.8,803.6,6.44,0.8,217522,57.12
2020-07-19,New Mexico,Doña Ana,13.33,29,0,0.0,1728,13,0.75,794.4,5.98,0.79,217522,57.12
2020-07-18,New Mexico,Doña Ana,19.77,43,1,0.46,1699,13,0.77,781.07,5.98,0.78,217522,57.12
2020-07-17,New Mexico,Doña Ana,16.09,35,0,0.0,1656,12,0.72,761.3,5.52,0.76,217522,57.12
2020-07-16,New Mexico,Doña Ana,17.93,39,0,0.0,1621,12,0.74,745.21,5.52,0.75,217522,57.12
2020-07-15,New Mexico,Doña Ana,16.09,35,1,0.46,1582,12,0.76,727.28,5.52,0.73,217522,57.12
2020-07-14,New Mexico,Doña Ana,22.53,49,0,0.0,1547,11,0.71,711.19,5.06,0.71,217522,57.12
2020-07-13,New Mexico,Doña Ana,38.16,83,0,0.0,1498,11,0.73,688.67,5.06,0.69,217522,57.12
2020-07-12,New Mexico,Doña Ana,11.95,26,0,0.0,1415,11,0.78,650.51,5.06,0.65,217522,57.12
2020-07-11,New Mexico,Doña Ana,12.87,28,0,0.0,1389,11,0.79,638.56,5.06,0.64,217522,57.12
2020-07-10,New Mexico,Doña Ana,20.23,44,0,0.0,1361,11,0.81,625.68,5.06,0.63,217522,57.12
2020-07-09,New Mexico,Doña Ana,9.65,21,0,0.0,1317,11,0.84,605.46,5.06,0.61,217522,57.12
2020-07-08,New Mexico,Doña Ana,23.91,52,1,0.46,1296,11,0.85,595.8,5.06,0.6,217522,57.12
2020-07-07,New Mexico,Doña Ana,10.11,22,0,0.0,1244,10,0.8,571.9,4.6,0.57,217522,57.12
2020-07-06,New Mexico,Doña Ana,38.16,83,0,0.0,1222,10,0.82,561.78,4.6,0.56,217522,57.12
2020-07-05,New Mexico,Doña Ana,15.63,34,0,0.0,1139,10,0.88,523.63,4.6,0.52,217522,57.12
2020-07-04,New Mexico,Doña Ana,25.28,55,0,0.0,1105,10,0.9,507.99,4.6,0.51,217522,57.12
2020-07-03,New Mexico,Doña Ana,18.39,40,1,0.46,1050,10,0.95,482.71,4.6,0.48,217522,57.12
2020-07-02,New Mexico,Doña Ana,19.31,42,0,0.0,1010,9,0.89,464.32,4.14,0.46,217522,57.12
2020-07-01,New Mexico,Doña Ana,3.68,8,0,0.0,968,9,0.93,445.01,4.14,0.45,217522,57.12
2020-06-30,New Mexico,Doña Ana,9.19,20,0,0.0,960,9,0.94,441.33,4.14,0.44,217522,57.12
2020-06-29,New Mexico,Doña Ana,15.63,34,0,0.0,940,9,0.96,432.14,4.14,0.43,217522,57.12
2020-06-28,New Mexico,Doña Ana,12.41,27,1,0.46,906,9,0.99,416.51,4.14,0.42,217522,57.12
2020-06-27,New Mexico,Doña Ana,11.95,26,0,0.0,879,8,0.91,404.1,3.68,0.4,217522,57.12
2020-06-26,New Mexico,Doña Ana,16.55,36,0,0.0,853,8,0.94,392.14,3.68,0.39,217522,57.12
2020-06-25,New Mexico,Doña Ana,21.15,46,0,0.0,817,8,0.98,375.59,3.68,0.38,217522,57.12
2020-06-24,New Mexico,Doña Ana,9.19,20,0,0.0,771,8,1.04,354.45,3.68,0.35,217522,57.12
2020-06-23,New Mexico,Doña Ana,2.76,6,2,0.92,751,8,1.07,345.25,3.68,0.35,217522,57.12
2020-06-22,New Mexico,Doña Ana,7.36,16,0,0.0,745,6,0.81,342.49,2.76,0.34,217522,57.12
2020-06-21,New Mexico,Doña Ana,8.28,18,0,0.0,729,6,0.82,335.14,2.76,0.34,217522,57.12
2020-06-20,New Mexico,Doña Ana,3.68,8,0,0.0,711,6,0.84,326.86,2.76,0.33,217522,57.12
2020-06-19,New Mexico,Doña Ana,3.22,7,0,0.0,703,6,0.85,323.19,2.76,0.32,217522,57.12
2020-06-18,New Mexico,Doña Ana,4.14,9,0,0.0,696,6,0.86,319.97,2.76,0.32,217522,57.12
2020-06-17,New Mexico,Doña Ana,7.82,17,0,0.0,687,6,0.87,315.83,2.76,0.32,217522,57.12
2020-06-16,New Mexico,Doña Ana,0.92,2,0,0.0,670,6,0.9,308.01,2.76,0.31,217522,57.12
2020-06-15,New Mexico,Doña Ana,-0.46,-1,0,0.0,668,6,0.9,307.1,2.76,0.31,217522,57.12
2020-06-14,New Mexico,Doña Ana,5.98,13,0,0.0,669,6,0.9,307.56,2.76,0.31,217522,57.12
2020-06-13,New Mexico,Doña Ana,3.68,8,0,0.0,656,6,0.91,301.58,2.76,0.3,217522,57.12
2020-06-12,New Mexico,Doña Ana,2.3,5,1,0.46,648,6,0.93,297.9,2.76,0.3,217522,57.12
2020-06-11,New Mexico,Doña Ana,7.82,17,2,0.92,643,5,0.78,295.6,2.3,0.3,217522,57.12
2020-06-10,New Mexico,Doña Ana,11.95,26,0,0.0,626,3,0.48,287.79,1.38,0.29,217522,57.12
2020-06-09,New Mexico,Doña Ana,0.92,2,0,0.0,600,3,0.5,275.83,1.38,0.28,217522,57.12
2020-06-08,New Mexico,Doña Ana,7.82,17,0,0.0,598,3,0.5,274.91,1.38,0.27,217522,57.12
2020-06-07,New Mexico,Doña Ana,5.52,12,0,0.0,581,3,0.52,267.1,1.38,0.27,217522,57.12
2020-06-06,New Mexico,Doña Ana,10.57,23,0,0.0,569,3,0.53,261.58,1.38,0.26,217522,57.12
2020-06-05,New Mexico,Doña Ana,11.95,26,0,0.0,546,3,0.55,251.01,1.38,0.25,217522,57.12
2020-06-04,New Mexico,Doña Ana,9.65,21,0,0.0,520,3,0.58,239.06,1.38,0.24,217522,57.12
2020-06-03,New Mexico,Doña Ana,4.14,9,0,0.0,499,3,0.6,229.4,1.38,0.23,217522,57.12
2020-06-02,New Mexico,Doña Ana,1.38,3,0,0.0,490,3,0.61,225.26,1.38,0.23,217522,57.12
2020-06-01,New Mexico,Doña Ana,4.6,10,0,0.0,487,3,0.62,223.89,1.38,0.22,217522,57.12
2020-05-31,New Mexico,Doña Ana,2.76,6,0,0.0,477,3,0.63,219.29,1.38,0.22,217522,57.12
2020-05-30,New Mexico,Doña Ana,5.06,11,0,0.0,471,3,0.64,216.53,1.38,0.22,217522,57.12
2020-05-29,New Mexico,Doña Ana,3.22,7,1,0.46,460,3,0.65,211.47,1.38,0.21,217522,57.12
2020-05-28,New Mexico,Doña Ana,1.38,3,0,0.0,453,2,0.44,208.25,0.92,0.21,217522,57.12
2020-05-27,New Mexico,Doña Ana,5.06,11,0,0.0,450,2,0.44,206.88,0.92,0.21,217522,57.12
2020-05-26,New Mexico,Doña Ana,2.3,5,0,0.0,439,2,0.46,201.82,0.92,0.2,217522,57.12
2020-05-25,New Mexico,Doña Ana,7.36,16,0,0.0,434,2,0.46,199.52,0.92,0.2,217522,57.12
2020-05-24,New Mexico,Doña Ana,7.36,16,0,0.0,418,2,0.48,192.16,0.92,0.19,217522,57.12
2020-05-23,New Mexico,Doña Ana,9.65,21,0,0.0,402,2,0.5,184.81,0.92,0.18,217522,57.12
2020-05-22,New Mexico,Doña Ana,3.68,8,0,0.0,381,2,0.52,175.15,0.92,0.18,217522,57.12
2020-05-21,New Mexico,Doña Ana,18.39,40,0,0.0,373,2,0.54,171.48,0.92,0.17,217522,57.12
2020-05-20,New Mexico,Doña Ana,1.38,3,0,0.0,333,2,0.6,153.09,0.92,0.15,217522,57.12
2020-05-19,New Mexico,Doña Ana,4.6,10,0,0.0,330,2,0.61,151.71,0.92,0.15,217522,57.12
2020-05-18,New Mexico,Doña Ana,6.9,15,0,0.0,320,2,0.62,147.11,0.92,0.15,217522,57.12
2020-05-17,New Mexico,Doña Ana,5.52,12,0,0.0,305,2,0.66,140.22,0.92,0.14,217522,57.12
2020-05-16,New Mexico,Doña Ana,5.52,12,0,0.0,293,2,0.68,134.7,0.92,0.13,217522,57.12
2020-05-15,New Mexico,Doña Ana,5.06,11,0,0.0,281,2,0.71,129.18,0.92,0.13,217522,57.12
2020-05-14,New Mexico,Doña Ana,4.6,10,0,0.0,270,2,0.74,124.13,0.92,0.12,217522,57.12
2020-05-13,New Mexico,Doña Ana,1.84,4,0,0.0,260,2,0.77,119.53,0.92,0.12,217522,57.12
2020-05-12,New Mexico,Doña Ana,0.0,0,0,0.0,256,2,0.78,117.69,0.92,0.12,217522,57.12
2020-05-11,New Mexico,Doña Ana,11.03,24,0,0.0,256,2,0.78,117.69,0.92,0.12,217522,57.12
2020-05-10,New Mexico,Doña Ana,9.19,20,0,0.0,232,2,0.86,106.66,0.92,0.11,217522,57.12
2020-05-09,New Mexico,Doña Ana,2.76,6,0,0.0,212,2,0.94,97.46,0.92,0.1,217522,57.12
2020-05-08,New Mexico,Doña Ana,4.14,9,0,0.0,206,2,0.97,94.7,0.92,0.09,217522,57.12
2020-05-07,New Mexico,Doña Ana,7.82,17,0,0.0,197,2,1.02,90.57,0.92,0.09,217522,57.12
2020-05-06,New Mexico,Doña Ana,3.22,7,0,0.0,180,2,1.11,82.75,0.92,0.08,217522,57.12
2020-05-05,New Mexico,Doña Ana,1.38,3,0,0.0,173,2,1.16,79.53,0.92,0.08,217522,57.12
2020-05-04,New Mexico,Doña Ana,5.06,11,0,0.0,170,2,1.18,78.15,0.92,0.08,217522,57.12
2020-05-03,New Mexico,Doña Ana,2.76,6,0,0.0,159,2,1.26,73.1,0.92,0.07,217522,57.12
2020-05-02,New Mexico,Doña Ana,2.76,6,1,0.46,153,2,1.31,70.34,0.92,0.07,217522,57.12
2020-05-01,New Mexico,Doña Ana,1.38,3,0,0.0,147,1,0.68,67.58,0.46,0.07,217522,57.12
2020-04-30,New Mexico,Doña Ana,6.44,14,0,0.0,144,1,0.69,66.2,0.46,0.07,217522,57.12
2020-04-29,New Mexico,Doña Ana,0.46,1,0,0.0,130,1,0.77,59.76,0.46,0.06,217522,57.12
2020-04-28,New Mexico,Doña Ana,1.38,3,0,0.0,129,1,0.78,59.3,0.46,0.06,217522,57.12
2020-04-27,New Mexico,Doña Ana,4.6,10,0,0.0,126,1,0.79,57.93,0.46,0.06,217522,57.12
2020-04-26,New Mexico,Doña Ana,2.76,6,0,0.0,116,1,0.86,53.33,0.46,0.05,217522,57.12
2020-04-25,New Mexico,Doña Ana,7.36,16,0,0.0,110,1,0.91,50.57,0.46,0.05,217522,57.12
2020-04-24,New Mexico,Doña Ana,2.76,6,0,0.0,94,1,1.06,43.21,0.46,0.04,217522,57.12
2020-04-23,New Mexico,Doña Ana,2.76,6,0,0.0,88,1,1.14,40.46,0.46,0.04,217522,57.12
2020-04-22,New Mexico,Doña Ana,2.76,6,0,0.0,82,1,1.22,37.7,0.46,0.04,217522,57.12
2020-04-21,New Mexico,Doña Ana,1.38,3,0,0.0,76,1,1.32,34.94,0.46,0.03,217522,57.12
2020-04-20,New Mexico,Doña Ana,1.84,4,0,0.0,73,1,1.37,33.56,0.46,0.03,217522,57.12
2020-04-19,New Mexico,Doña Ana,0.92,2,0,0.0,69,1,1.45,31.72,0.46,0.03,217522,57.12
2020-04-18,New Mexico,Doña Ana,0.92,2,0,0.0,67,1,1.49,30.8,0.46,0.03,217522,57.12
2020-04-17,New Mexico,Doña Ana,3.22,7,0,0.0,65,1,1.54,29.88,0.46,0.03,217522,57.12
2020-04-16,New Mexico,Doña Ana,1.84,4,0,0.0,58,1,1.72,26.66,0.46,0.03,217522,57.12
2020-04-15,New Mexico,Doña Ana,1.84,4,0,0.0,54,1,1.85,24.83,0.46,0.02,217522,57.12
2020-04-14,New Mexico,Doña Ana,0.0,0,0,0.0,50,1,2.0,22.99,0.46,0.02,217522,57.12
2020-04-13,New Mexico,Doña Ana,0.46,1,0,0.0,50,1,2.0,22.99,0.46,0.02,217522,57.12
2020-04-12,New Mexico,Doña Ana,0.0,0,1,0.46,49,1,2.04,22.53,0.46,0.02,217522,57.12
2020-04-11,New Mexico,Doña Ana,2.3,5,0,0.0,49,0,0.0,22.53,0.0,0.02,217522,57.12
2020-04-10,New Mexico,Doña Ana,0.0,0,0,0.0,44,0,0.0,20.23,0.0,0.02,217522,57.12
2020-04-09,New Mexico,Doña Ana,2.3,5,0,0.0,44,0,0.0,20.23,0.0,0.02,217522,57.12
2020-04-08,New Mexico,Doña Ana,1.84,4,0,0.0,39,0,0.0,17.93,0.0,0.02,217522,57.12
2020-04-07,New Mexico,Doña Ana,2.3,5,0,0.0,35,0,0.0,16.09,0.0,0.02,217522,57.12
2020-04-06,New Mexico,Doña Ana,0.46,1,0,0.0,30,0,0.0,13.79,0.0,0.01,217522,57.12
2020-04-05,New Mexico,Doña Ana,2.76,6,0,0.0,29,0,0.0,13.33,0.0,0.01,217522,57.12
2020-04-04,New Mexico,Doña Ana,0.46,1,0,0.0,23,0,0.0,10.57,0.0,0.01,217522,57.12
2020-04-03,New Mexico,Doña Ana,0.46,1,0,0.0,22,0,0.0,10.11,0.0,0.01,217522,57.12
2020-04-02,New Mexico,Doña Ana,0.0,0,0,0.0,21,0,0.0,9.65,0.0,0.01,217522,57.12
2020-04-01,New Mexico,Doña Ana,1.38,3,0,0.0,21,0,0.0,9.65,0.0,0.01,217522,57.12
2020-03-31,New Mexico,Doña Ana,0.0,0,0,0.0,18,0,0.0,8.28,0.0,0.01,217522,57.12
2020-03-30,New Mexico,Doña Ana,0.46,1,0,0.0,18,0,0.0,8.28,0.0,0.01,217522,57.12
2020-03-29,New Mexico,Doña Ana,0.0,0,0,0.0,17,0,0.0,7.82,0.0,0.01,217522,57.12
2020-03-28,New Mexico,Doña Ana,0.46,1,0,0.0,17,0,0.0,7.82,0.0,0.01,217522,57.12
2020-03-27,New Mexico,Doña Ana,0.0,0,0,0.0,16,0,0.0,7.36,0.0,0.01,217522,57.12
2020-03-26,New Mexico,Doña Ana,1.38,3,0,0.0,16,0,0.0,7.36,0.0,0.01,217522,57.12
2020-03-25,New Mexico,Doña Ana,0.0,0,0,0.0,13,0,0.0,5.98,0.0,0.01,217522,57.12
2020-03-24,New Mexico,Doña Ana,1.38,3,0,0.0,13,0,0.0,5.98,0.0,0.01,217522,57.12
2020-03-23,New Mexico,Doña Ana,2.76,6,0,0.0,10,0,0.0,4.6,0.0,0.0,217522,57.12
2020-03-22,New Mexico,Doña Ana,0.92,2,0,0.0,4,0,0.0,1.84,0.0,0.0,217522,57.12
2020-03-21,New Mexico,Doña Ana,0.46,1,0,0.0,2,0,0.0,0.92,0.0,0.0,217522,57.12
2020-03-20,New Mexico,Doña Ana,0.0,0,0,0.0,1,0,0.0,0.46,0.0,0.0,217522,57.12
