date,state,city,1day_cases_100k,new_cases,new_deaths,new_deaths_100k,total_cases,total_deaths,cfr%,total_cases_100k,total_deaths_100k,%infected,population,7day_cases_100k,7day_cases_change,28day_cases_100k,28day_cases_change
2022-03-24,Mato Grosso,Itaúba,0.0,0,0,0.0,1297,31,2.39,34113.62,815.36,34.11,3802,131.5,0.0,2025.26,-26.3
2022-03-23,Mato Grosso,Itaúba,0.0,0,0,0.0,1297,31,2.39,34113.62,815.36,34.11,3802,131.5,-26.3,2051.56,-631.25
2022-03-22,Mato Grosso,Itaúba,52.6,2,0,0.0,1297,31,2.39,34113.62,815.36,34.11,3802,157.8,-26.31,2682.81,-762.76
2022-03-21,Mato Grosso,Itaúba,0.0,0,0,0.0,1295,31,2.39,34061.02,815.36,34.06,3802,184.11,-26.3,3445.57,0.0
2022-03-20,Mato Grosso,Itaúba,26.3,1,0,0.0,1295,31,2.39,34061.02,815.36,34.06,3802,210.41,26.3,3445.57,26.3
2022-03-19,Mato Grosso,Itaúba,26.3,1,0,0.0,1294,31,2.4,34034.72,815.36,34.03,3802,184.11,26.3,3419.27,-631.25
2022-03-18,Mato Grosso,Itaúba,26.3,1,0,0.0,1293,31,2.4,34008.42,815.36,34.01,3802,157.81,-52.61,4050.52,26.3
2022-03-17,Mato Grosso,Itaúba,0.0,0,0,0.0,1292,31,2.4,33982.11,815.36,33.98,3802,210.42,-78.91,4024.22,-499.74
2022-03-16,Mato Grosso,Itaúba,26.3,1,0,0.0,1292,31,2.4,33982.11,815.36,33.98,3802,289.33,26.3,4523.96,-894.27
2022-03-15,Mato Grosso,Itaúba,78.91,3,0,0.0,1291,31,2.4,33955.81,815.36,33.96,3802,263.03,52.61,5418.23,-157.81
2022-03-14,Mato Grosso,Itaúba,26.3,1,0,0.0,1288,31,2.41,33876.91,815.36,33.88,3802,210.42,-52.61,5576.04,26.3
2022-03-13,Mato Grosso,Itaúba,0.0,0,0,0.0,1287,31,2.41,33850.6,815.36,33.85,3802,263.03,0.0,5549.74,0.0
2022-03-12,Mato Grosso,Itaúba,0.0,0,0,0.0,1287,31,2.41,33850.6,815.36,33.85,3802,263.03,0.0,5549.74,0.0
2022-03-11,Mato Grosso,Itaúba,78.91,3,0,0.0,1287,31,2.41,33850.6,815.36,33.85,3802,263.03,-184.11,5549.74,-52.6
2022-03-10,Mato Grosso,Itaúba,78.91,3,0,0.0,1284,31,2.41,33771.7,815.36,33.77,3802,447.14,-26.3,5602.34,0.0
2022-03-09,Mato Grosso,Itaúba,0.0,0,0,0.0,1281,31,2.42,33692.79,815.36,33.69,3802,473.44,-26.3,5602.34,-131.51
2022-03-08,Mato Grosso,Itaúba,26.3,1,0,0.0,1281,31,2.42,33692.79,815.36,33.69,3802,499.74,26.3,5733.85,-210.42
2022-03-07,Mato Grosso,Itaúba,78.91,3,0,0.0,1280,31,2.42,33666.49,815.36,33.67,3802,473.44,-289.32,5944.27,-368.22
2022-03-06,Mato Grosso,Itaúba,0.0,0,0,0.0,1277,31,2.43,33587.59,815.36,33.59,3802,762.76,0.0,6312.49,-78.91
2022-03-05,Mato Grosso,Itaúba,0.0,0,0,0.0,1277,31,2.43,33587.59,815.36,33.59,3802,762.76,-236.72,6391.4,-26.3
2022-03-04,Mato Grosso,Itaúba,263.02,10,0,0.0,1277,31,2.43,33587.59,815.36,33.59,3802,999.48,-236.72,6417.7,-105.21
2022-03-03,Mato Grosso,Itaúba,105.21,4,1,26.3,1267,31,2.45,33324.57,815.36,33.32,3802,1236.2,78.91,6522.91,26.3
2022-03-02,Mato Grosso,Itaúba,26.3,1,0,0.0,1263,30,2.38,33219.36,789.06,33.22,3802,1157.29,-604.95,6496.61,-341.93
2022-03-01,Mato Grosso,Itaúba,0.0,0,0,0.0,1262,30,2.38,33193.06,789.06,33.19,3802,1762.24,-815.36,6838.54,-52.6
2022-02-28,Mato Grosso,Itaúba,368.23,14,0,0.0,1262,30,2.38,33193.06,789.06,33.19,3802,2577.6,368.23,6891.14,0.0
2022-02-27,Mato Grosso,Itaúba,0.0,0,0,0.0,1248,30,2.4,32824.83,789.06,32.82,3802,2209.37,0.0,6891.14,-26.3
2022-02-26,Mato Grosso,Itaúba,236.72,9,0,0.0,1248,30,2.4,32824.83,789.06,32.82,3802,2209.37,-420.83,6917.44,-131.51
2022-02-25,Mato Grosso,Itaúba,499.74,19,0,0.0,1239,30,2.42,32588.11,789.06,32.59,3802,2630.2,499.74,7048.95,289.32
2022-02-24,Mato Grosso,Itaúba,26.3,1,0,0.0,1220,30,2.46,32088.37,789.06,32.09,3802,2130.46,-473.44,6759.63,-263.02
2022-02-23,Mato Grosso,Itaúba,631.25,24,0,0.0,1219,30,2.46,32062.07,789.06,32.06,3802,2603.9,-289.32,7022.65,604.95
2022-02-22,Mato Grosso,Itaúba,815.36,31,0,0.0,1195,30,2.51,31430.83,789.06,31.43,3802,2893.22,578.64,6417.7,552.34
2022-02-20,Mato Grosso,Itaúba,0.0,0,0,0.0,1164,30,2.58,30615.47,789.06,30.62,3802,2314.58,0.0,5865.36,0.0
2022-02-19,Mato Grosso,Itaúba,0.0,0,0,0.0,1164,30,2.58,30615.47,789.06,30.62,3802,2314.58,0.0,5865.36,0.0
2022-02-18,Mato Grosso,Itaúba,657.55,25,0,0.0,1164,30,2.58,30615.47,789.06,30.62,3802,2314.58,657.55,5865.36,315.62
2022-02-17,Mato Grosso,Itaúba,0.0,0,0,0.0,1139,30,2.63,29957.92,789.06,29.96,3802,1657.03,-131.51,5549.74,-447.13
2022-02-16,Mato Grosso,Itaúba,499.74,19,0,0.0,1139,30,2.63,29957.92,789.06,29.96,3802,1788.54,420.83,5996.87,473.44
2022-02-15,Mato Grosso,Itaúba,920.57,35,0,0.0,1120,30,2.68,29458.18,789.06,29.46,3802,1367.71,789.06,5523.43,894.27
2022-02-14,Mato Grosso,Itaúba,236.72,9,0,0.0,1085,30,2.76,28537.61,789.06,28.54,3802,578.65,0.0,4629.16,131.51
2022-02-13,Mato Grosso,Itaúba,0.0,0,0,0.0,1076,30,2.79,28300.89,789.06,28.3,3802,578.65,-447.13,4497.65,0.0
2022-02-12,Mato Grosso,Itaúba,0.0,0,0,0.0,1076,30,2.79,28300.89,789.06,28.3,3802,1025.78,-78.91,4497.65,0.0
2022-02-11,Mato Grosso,Itaúba,0.0,0,0,0.0,1076,30,2.79,28300.89,789.06,28.3,3802,1104.69,-26.3,4497.65,-236.72
2022-02-10,Mato Grosso,Itaúba,131.51,5,0,0.0,1076,30,2.79,28300.89,789.06,28.3,3802,1130.99,-236.72,4734.37,78.91
2022-02-09,Mato Grosso,Itaúba,78.91,3,0,0.0,1071,30,2.8,28169.38,789.06,28.17,3802,1367.71,0.0,4655.46,78.91
2022-02-08,Mato Grosso,Itaúba,131.51,5,0,0.0,1068,30,2.81,28090.48,789.06,28.09,3802,1367.71,-236.72,4576.55,78.91
2022-02-07,Mato Grosso,Itaúba,236.72,9,0,0.0,1063,30,2.82,27958.97,789.06,27.96,3802,1604.43,184.12,4497.64,236.72
2022-02-06,Mato Grosso,Itaúba,447.13,17,0,0.0,1054,30,2.85,27722.25,789.06,27.72,3802,1420.31,78.9,4260.92,447.13
2022-02-05,Mato Grosso,Itaúba,78.91,3,0,0.0,1037,30,2.89,27275.12,789.06,27.28,3802,1341.41,52.61,3813.79,78.91
2022-02-04,Mato Grosso,Itaúba,26.3,1,0,0.0,1034,30,2.9,27196.21,789.06,27.2,3802,1288.8,-341.93,3734.88,-26.3
2022-02-03,Mato Grosso,Itaúba,368.23,14,0,0.0,1033,30,2.9,27169.91,789.06,27.17,3802,1630.73,157.81,3761.18,184.12
2022-02-02,Mato Grosso,Itaúba,78.91,3,0,0.0,1019,30,2.94,26801.68,789.06,26.8,3802,1472.92,-210.41,3577.06,78.91
2022-02-01,Mato Grosso,Itaúba,368.23,14,0,0.0,1016,30,2.95,26722.78,789.06,26.72,3802,1683.33,341.93,3498.15,368.23
2022-01-31,Mato Grosso,Itaúba,52.6,2,0,0.0,1002,30,2.99,26354.55,789.06,26.35,3802,1341.4,-210.42,3129.92,52.6
2022-01-30,Mato Grosso,Itaúba,368.23,14,0,0.0,1000,30,3.0,26301.95,789.06,26.3,3802,1551.82,368.23,3077.32,368.23
2022-01-29,Mato Grosso,Itaúba,26.3,1,0,0.0,986,30,3.04,25933.72,789.06,25.93,3802,1183.59,26.3,2709.09,26.3
2022-01-28,Mato Grosso,Itaúba,368.23,14,0,0.0,985,30,3.05,25907.42,789.06,25.91,3802,1157.29,26.3,2682.79,368.23
2022-01-27,Mato Grosso,Itaúba,210.42,8,0,0.0,971,30,3.09,25539.19,789.06,25.54,3802,1130.99,-236.71,2314.56,210.42
2022-01-26,Mato Grosso,Itaúba,289.32,11,0,0.0,963,30,3.12,25328.77,789.06,25.33,3802,1367.7,263.02,2104.14,289.32
2022-01-25,Mato Grosso,Itaúba,26.3,1,0,0.0,952,30,3.15,25039.45,789.06,25.04,3802,1104.68,0.0,1814.82,26.3
2022-01-24,Mato Grosso,Itaúba,263.02,10,0,0.0,951,30,3.15,25013.15,789.06,25.01,3802,1104.68,157.81,1788.52,263.02
2022-01-23,Mato Grosso,Itaúba,0.0,0,0,0.0,941,30,3.19,24750.13,789.06,24.75,3802,946.87,0.0,1525.5,0.0
2022-01-22,Mato Grosso,Itaúba,0.0,0,0,0.0,941,30,3.19,24750.13,789.06,24.75,3802,946.87,0.0,1525.5,0.0
2022-01-21,Mato Grosso,Itaúba,341.93,13,0,0.0,941,30,3.19,24750.13,789.06,24.75,3802,946.87,105.21,1525.5,341.93
2022-01-20,Mato Grosso,Itaúba,447.13,17,1,26.3,928,30,3.23,24408.21,789.06,24.41,3802,841.66,394.53,1183.57,447.13
2022-01-19,Mato Grosso,Itaúba,26.3,1,0,0.0,911,29,3.18,23961.07,762.76,23.96,3802,447.13,26.3,736.44,26.3
2022-01-18,Mato Grosso,Itaúba,26.3,1,0,0.0,910,29,3.19,23934.77,762.76,23.93,3802,420.83,-26.3,710.14,26.3
2022-01-17,Mato Grosso,Itaúba,105.21,4,0,0.0,909,29,3.19,23908.47,762.76,23.91,3802,447.13,105.21,683.84,105.21
2022-01-16,Mato Grosso,Itaúba,0.0,0,0,0.0,905,29,3.2,23803.26,762.76,23.8,3802,341.92,0.0,578.63,0.0
2022-01-15,Mato Grosso,Itaúba,0.0,0,0,0.0,905,29,3.2,23803.26,762.76,23.8,3802,341.92,0.0,578.63,0.0
2022-01-14,Mato Grosso,Itaúba,236.72,9,0,0.0,905,29,3.2,23803.26,762.76,23.8,3802,341.92,184.12,578.63,236.72
2022-01-13,Mato Grosso,Itaúba,52.6,2,0,0.0,896,29,3.24,23566.54,762.76,23.57,3802,157.8,-131.51,341.91,26.3
2022-01-12,Mato Grosso,Itaúba,0.0,0,0,0.0,894,29,3.24,23513.94,762.76,23.51,3802,289.31,0.0,315.61,0.0
2022-01-11,Mato Grosso,Itaúba,52.6,2,0,0.0,894,29,3.24,23513.94,762.76,23.51,3802,289.31,52.6,315.61,52.6
2022-01-10,Mato Grosso,Itaúba,0.0,0,0,0.0,892,29,3.25,23461.34,762.76,23.46,3802,236.71,0.0,263.01,-26.3
2022-01-09,Mato Grosso,Itaúba,0.0,0,0,0.0,892,29,3.25,23461.34,762.76,23.46,3802,236.71,0.0,289.31,0.0
2022-01-08,Mato Grosso,Itaúba,0.0,0,0,0.0,892,29,3.25,23461.34,762.76,23.46,3802,236.71,0.0,289.31,0.0
2022-01-07,Mato Grosso,Itaúba,52.6,2,0,0.0,892,29,3.25,23461.34,762.76,23.46,3802,236.71,52.6,289.31,52.6
2022-01-06,Mato Grosso,Itaúba,184.11,7,0,0.0,890,29,3.26,23408.73,762.76,23.41,3802,184.11,184.11,236.71,184.11
2022-01-05,Mato Grosso,Itaúba,0.0,0,0,0.0,883,29,3.28,23224.62,762.76,23.22,3802,0.0,0.0,52.6,0.0
2022-01-04,Mato Grosso,Itaúba,0.0,0,0,0.0,883,29,3.28,23224.62,762.76,23.22,3802,0.0,0.0,52.6,0.0
2022-01-03,Mato Grosso,Itaúba,0.0,0,0,0.0,883,29,3.28,23224.62,762.76,23.22,3802,0.0,0.0,52.6,0.0
2022-01-02,Mato Grosso,Itaúba,0.0,0,0,0.0,883,29,3.28,23224.62,762.76,23.22,3802,0.0,0.0,52.6,0.0
2022-01-01,Mato Grosso,Itaúba,0.0,0,0,0.0,883,29,3.28,23224.62,762.76,23.22,3802,0.0,0.0,52.6,0.0
2021-12-31,Mato Grosso,Itaúba,0.0,0,0,0.0,883,29,3.28,23224.62,762.76,23.22,3802,0.0,0.0,52.6,0.0
2021-12-30,Mato Grosso,Itaúba,0.0,0,0,0.0,883,29,3.28,23224.62,762.76,23.22,3802,0.0,0.0,52.6,-26.3
2021-12-29,Mato Grosso,Itaúba,0.0,0,0,0.0,883,29,3.28,23224.62,762.76,23.22,3802,0.0,0.0,78.9,0.0
2021-12-28,Mato Grosso,Itaúba,0.0,0,0,0.0,883,29,3.28,23224.62,762.76,23.22,3802,0.0,0.0,78.9,-26.3
2021-12-27,Mato Grosso,Itaúba,0.0,0,0,0.0,883,29,3.28,23224.62,762.76,23.22,3802,0.0,0.0,105.2,0.0
2021-12-26,Mato Grosso,Itaúba,0.0,0,0,0.0,883,29,3.28,23224.62,762.76,23.22,3802,0.0,0.0,105.2,0.0
2021-12-25,Mato Grosso,Itaúba,0.0,0,0,0.0,883,29,3.28,23224.62,762.76,23.22,3802,0.0,0.0,105.2,0.0
2021-12-24,Mato Grosso,Itaúba,0.0,0,0,0.0,883,29,3.28,23224.62,762.76,23.22,3802,0.0,0.0,105.2,0.0
2021-12-23,Mato Grosso,Itaúba,0.0,0,0,0.0,883,29,3.28,23224.62,762.76,23.22,3802,0.0,-26.3,105.2,-52.6
2021-12-22,Mato Grosso,Itaúba,0.0,0,0,0.0,883,29,3.28,23224.62,762.76,23.22,3802,26.3,0.0,157.8,0.0
2021-12-21,Mato Grosso,Itaúba,0.0,0,0,0.0,883,29,3.28,23224.62,762.76,23.22,3802,26.3,0.0,157.8,-26.3
2021-12-20,Mato Grosso,Itaúba,0.0,0,0,0.0,883,29,3.28,23224.62,762.76,23.22,3802,26.3,-26.3,184.1,0.0
2021-12-19,Mato Grosso,Itaúba,0.0,0,0,0.0,883,29,3.28,23224.62,762.76,23.22,3802,52.6,0.0,184.1,0.0
2021-12-18,Mato Grosso,Itaúba,0.0,0,0,0.0,883,29,3.28,23224.62,762.76,23.22,3802,52.6,0.0,184.1,0.0
2021-12-17,Mato Grosso,Itaúba,0.0,0,0,0.0,883,29,3.28,23224.62,762.76,23.22,3802,52.6,0.0,184.1,0.0
2021-12-16,Mato Grosso,Itaúba,26.3,1,0,0.0,883,29,3.28,23224.62,762.76,23.22,3802,52.6,26.3,184.1,26.3
2021-12-15,Mato Grosso,Itaúba,0.0,0,0,0.0,882,29,3.29,23198.32,762.76,23.2,3802,26.3,0.0,157.8,0.0
2021-12-14,Mato Grosso,Itaúba,0.0,0,0,0.0,882,29,3.29,23198.32,762.76,23.2,3802,26.3,0.0,157.8,0.0
2021-12-13,Mato Grosso,Itaúba,26.3,1,0,0.0,882,29,3.29,23198.32,762.76,23.2,3802,26.3,26.3,157.8,26.3
2021-12-12,Mato Grosso,Itaúba,0.0,0,0,0.0,881,29,3.29,23172.01,762.76,23.17,3802,0.0,0.0,131.5,0.0
2021-12-11,Mato Grosso,Itaúba,0.0,0,0,0.0,881,29,3.29,23172.01,762.76,23.17,3802,0.0,0.0,131.5,-52.6
2021-12-10,Mato Grosso,Itaúba,0.0,0,0,0.0,881,29,3.29,23172.01,762.76,23.17,3802,0.0,0.0,184.1,0.0
2021-12-09,Mato Grosso,Itaúba,0.0,0,0,0.0,881,29,3.29,23172.01,762.76,23.17,3802,0.0,-26.3,184.1,0.0
2021-12-08,Mato Grosso,Itaúba,0.0,0,0,0.0,881,29,3.29,23172.01,762.76,23.17,3802,26.3,0.0,184.1,0.0
2021-12-07,Mato Grosso,Itaúba,0.0,0,0,0.0,881,29,3.29,23172.01,762.76,23.17,3802,26.3,-26.3,184.1,0.0
2021-12-06,Mato Grosso,Itaúba,0.0,0,0,0.0,881,29,3.29,23172.01,762.76,23.17,3802,52.6,0.0,184.1,0.0
2021-12-05,Mato Grosso,Itaúba,0.0,0,0,0.0,881,29,3.29,23172.01,762.76,23.17,3802,52.6,0.0,184.1,-105.21
2021-12-04,Mato Grosso,Itaúba,0.0,0,0,0.0,881,29,3.29,23172.01,762.76,23.17,3802,52.6,0.0,289.31,0.0
2021-12-03,Mato Grosso,Itaúba,0.0,0,0,0.0,881,29,3.29,23172.01,762.76,23.17,3802,52.6,0.0,289.31,-78.91
2021-12-02,Mato Grosso,Itaúba,26.3,1,0,0.0,881,29,3.29,23172.01,762.76,23.17,3802,52.6,-26.3,368.22,0.0
2021-12-01,Mato Grosso,Itaúba,0.0,0,0,0.0,880,29,3.3,23145.71,762.76,23.15,3802,78.9,0.0,368.22,0.0
2021-11-30,Mato Grosso,Itaúba,26.3,1,0,0.0,880,29,3.3,23145.71,762.76,23.15,3802,78.9,0.0,368.22,26.3
2021-11-29,Mato Grosso,Itaúba,0.0,0,0,0.0,879,29,3.3,23119.41,762.76,23.12,3802,78.9,0.0,341.92,-52.6
2021-11-28,Mato Grosso,Itaúba,0.0,0,0,0.0,879,29,3.3,23119.41,762.76,23.12,3802,78.9,0.0,394.52,0.0
2021-11-27,Mato Grosso,Itaúba,0.0,0,0,0.0,879,29,3.3,23119.41,762.76,23.12,3802,78.9,0.0,394.52,0.0
2021-11-26,Mato Grosso,Itaúba,0.0,0,1,26.3,879,29,3.3,23119.41,762.76,23.12,3802,78.9,0.0,394.52,-26.3
2021-11-25,Mato Grosso,Itaúba,52.6,2,0,0.0,879,28,3.19,23119.41,736.45,23.12,3802,78.9,52.6,420.82,52.6
2021-11-24,Mato Grosso,Itaúba,0.0,0,0,0.0,877,28,3.19,23066.81,736.45,23.07,3802,26.3,0.0,368.22,0.0
2021-11-23,Mato Grosso,Itaúba,26.3,1,0,0.0,877,28,3.19,23066.81,736.45,23.07,3802,26.3,26.3,368.22,-131.51
2021-11-21,Mato Grosso,Itaúba,0.0,0,0,0.0,876,28,3.2,23040.5,736.45,23.04,3802,0.0,0.0,499.73,0.0
2021-11-20,Mato Grosso,Itaúba,0.0,0,0,0.0,876,28,3.2,23040.5,736.45,23.04,3802,0.0,0.0,499.73,-52.6
2021-11-19,Mato Grosso,Itaúba,0.0,0,0,0.0,876,28,3.2,23040.5,736.45,23.04,3802,0.0,-52.6,552.33,0.0
2021-11-18,Mato Grosso,Itaúba,0.0,0,0,0.0,876,28,3.2,23040.5,736.45,23.04,3802,52.6,0.0,552.33,-26.3
2021-11-17,Mato Grosso,Itaúba,0.0,0,0,0.0,876,28,3.2,23040.5,736.45,23.04,3802,52.6,0.0,578.63,-105.21
2021-11-16,Mato Grosso,Itaúba,0.0,0,1,26.3,876,28,3.2,23040.5,736.45,23.04,3802,52.6,0.0,683.84,0.0
2021-11-15,Mato Grosso,Itaúba,0.0,0,0,0.0,876,27,3.08,23040.5,710.15,23.04,3802,52.6,0.0,683.84,-157.81
2021-11-14,Mato Grosso,Itaúba,0.0,0,0,0.0,876,27,3.08,23040.5,710.15,23.04,3802,52.6,0.0,841.65,0.0
2021-11-13,Mato Grosso,Itaúba,0.0,0,0,0.0,876,27,3.08,23040.5,710.15,23.04,3802,52.6,-105.21,841.65,-26.3
2021-11-12,Mato Grosso,Itaúba,52.6,2,0,0.0,876,27,3.08,23040.5,710.15,23.04,3802,157.81,52.6,867.95,0.0
2021-11-11,Mato Grosso,Itaúba,0.0,0,0,0.0,874,27,3.09,22987.9,710.15,22.99,3802,105.21,-78.91,867.95,-78.91
2021-11-10,Mato Grosso,Itaúba,0.0,0,0,0.0,874,27,3.09,22987.9,710.15,22.99,3802,184.12,-26.3,946.86,0.0
2021-11-09,Mato Grosso,Itaúba,0.0,0,0,0.0,874,27,3.09,22987.9,710.15,22.99,3802,210.42,0.0,946.86,0.0
2021-11-08,Mato Grosso,Itaúba,0.0,0,1,26.3,874,27,3.09,22987.9,710.15,22.99,3802,210.42,0.0,946.86,0.0
2021-11-07,Mato Grosso,Itaúba,0.0,0,0,0.0,874,26,2.97,22987.9,683.85,22.99,3802,210.42,-52.6,946.86,0.0
2021-11-06,Mato Grosso,Itaúba,105.21,4,0,0.0,874,26,2.97,22987.9,683.85,22.99,3802,263.02,105.21,946.86,105.21
2021-11-05,Mato Grosso,Itaúba,0.0,0,0,0.0,870,26,2.99,22882.69,683.85,22.88,3802,157.81,0.0,841.65,0.0
2021-11-04,Mato Grosso,Itaúba,78.91,3,0,0.0,870,26,2.99,22882.69,683.85,22.88,3802,157.81,52.61,841.65,78.91
2021-11-03,Mato Grosso,Itaúba,26.3,1,0,0.0,867,26,3.0,22803.79,683.85,22.8,3802,105.2,26.3,762.74,26.3
2021-11-02,Mato Grosso,Itaúba,0.0,0,0,0.0,866,26,3.0,22777.49,683.85,22.78,3802,78.9,0.0,736.44,0.0
2021-11-01,Mato Grosso,Itaúba,0.0,0,0,0.0,866,26,3.0,22777.49,683.85,22.78,3802,78.9,-157.81,736.44,0.0
2021-10-31,Mato Grosso,Itaúba,52.6,2,0,0.0,866,26,3.0,22777.49,683.85,22.78,3802,236.71,52.6,736.44,52.6
2021-10-30,Mato Grosso,Itaúba,0.0,0,0,0.0,864,26,3.01,22724.88,683.85,22.72,3802,184.11,-52.6,683.84,0.0
2021-10-29,Mato Grosso,Itaúba,0.0,0,1,26.3,864,26,3.01,22724.88,683.85,22.72,3802,236.71,0.0,683.84,0.0
2021-10-28,Mato Grosso,Itaúba,26.3,1,0,0.0,864,25,2.89,22724.88,657.55,22.72,3802,236.71,0.0,683.84,26.3
2021-10-27,Mato Grosso,Itaúba,0.0,0,0,0.0,863,25,2.9,22698.58,657.55,22.7,3802,236.71,-105.21,657.54,0.0
2021-10-26,Mato Grosso,Itaúba,0.0,0,0,0.0,863,25,2.9,22698.58,657.55,22.7,3802,341.92,0.0,657.54,-78.91
2021-10-25,Mato Grosso,Itaúba,157.81,6,0,0.0,863,25,2.9,22698.58,657.55,22.7,3802,341.92,0.0,736.45,157.81
2021-10-24,Mato Grosso,Itaúba,0.0,0,0,0.0,857,25,2.92,22540.77,657.55,22.54,3802,341.92,0.0,578.64,0.0
2021-10-23,Mato Grosso,Itaúba,52.6,2,0,0.0,857,25,2.92,22540.77,657.55,22.54,3802,341.92,26.3,578.64,52.6
2021-10-22,Mato Grosso,Itaúba,0.0,0,0,0.0,855,25,2.92,22488.16,657.55,22.49,3802,315.62,-52.6,526.04,0.0
2021-10-21,Mato Grosso,Itaúba,26.3,1,0,0.0,855,25,2.92,22488.16,657.55,22.49,3802,368.22,-52.61,526.04,26.3
2021-10-20,Mato Grosso,Itaúba,105.21,4,0,0.0,854,25,2.93,22461.86,657.55,22.46,3802,420.83,105.21,499.74,78.91
2021-10-19,Mato Grosso,Itaúba,0.0,0,0,0.0,850,25,2.94,22356.65,657.55,22.36,3802,315.62,0.0,420.83,0.0
2021-10-18,Mato Grosso,Itaúba,157.81,6,0,0.0,850,25,2.94,22356.65,657.55,22.36,3802,315.62,157.81,420.83,157.81
2021-10-17,Mato Grosso,Itaúba,0.0,0,0,0.0,844,25,2.96,22198.84,657.55,22.2,3802,157.81,0.0,263.02,0.0
2021-10-16,Mato Grosso,Itaúba,26.3,1,0,0.0,844,25,2.96,22198.84,657.55,22.2,3802,157.81,26.3,263.02,26.3
2021-10-15,Mato Grosso,Itaúba,52.6,2,0,0.0,843,25,2.97,22172.54,657.55,22.17,3802,131.51,52.6,236.72,52.6
2021-10-14,Mato Grosso,Itaúba,78.91,3,0,0.0,841,25,2.97,22119.94,657.55,22.12,3802,78.91,78.91,184.12,78.91
2021-10-13,Mato Grosso,Itaúba,0.0,0,0,0.0,838,25,2.98,22041.03,657.55,22.04,3802,0.0,0.0,105.21,-52.6
2021-10-12,Mato Grosso,Itaúba,0.0,0,0,0.0,838,25,2.98,22041.03,657.55,22.04,3802,0.0,0.0,157.81,0.0
2021-10-11,Mato Grosso,Itaúba,0.0,0,0,0.0,838,25,2.98,22041.03,657.55,22.04,3802,0.0,0.0,157.81,-157.81
2021-10-10,Mato Grosso,Itaúba,0.0,0,0,0.0,838,25,2.98,22041.03,657.55,22.04,3802,0.0,0.0,315.62,0.0
2021-10-09,Mato Grosso,Itaúba,0.0,0,0,0.0,838,25,2.98,22041.03,657.55,22.04,3802,0.0,0.0,315.62,0.0
2021-10-08,Mato Grosso,Itaúba,0.0,0,0,0.0,838,25,2.98,22041.03,657.55,22.04,3802,0.0,0.0,315.62,0.0
2021-10-07,Mato Grosso,Itaúba,0.0,0,0,0.0,838,25,2.98,22041.03,657.55,22.04,3802,0.0,0.0,315.62,0.0
2021-10-06,Mato Grosso,Itaúba,0.0,0,0,0.0,838,25,2.98,22041.03,657.55,22.04,3802,0.0,0.0,315.62,0.0
2021-10-05,Mato Grosso,Itaúba,0.0,0,0,0.0,838,25,2.98,22041.03,657.55,22.04,3802,0.0,-78.91,315.62,0.0
2021-10-04,Mato Grosso,Itaúba,0.0,0,0,0.0,838,25,2.98,22041.03,657.55,22.04,3802,78.91,0.0,315.62,0.0
2021-10-03,Mato Grosso,Itaúba,0.0,0,0,0.0,838,25,2.98,22041.03,657.55,22.04,3802,78.91,0.0,315.62,0.0
2021-10-02,Mato Grosso,Itaúba,0.0,0,0,0.0,838,25,2.98,22041.03,657.55,22.04,3802,78.91,0.0,315.62,0.0
2021-10-01,Mato Grosso,Itaúba,0.0,0,0,0.0,838,25,2.98,22041.03,657.55,22.04,3802,78.91,0.0,315.62,0.0
2021-09-30,Mato Grosso,Itaúba,0.0,0,0,0.0,838,25,2.98,22041.03,657.55,22.04,3802,78.91,0.0,315.62,0.0
2021-09-29,Mato Grosso,Itaúba,0.0,0,0,0.0,838,25,2.98,22041.03,657.55,22.04,3802,78.91,-26.3,315.62,0.0
2021-09-28,Mato Grosso,Itaúba,78.91,3,0,0.0,838,25,2.98,22041.03,657.55,22.04,3802,105.21,78.91,315.62,78.91
2021-09-27,Mato Grosso,Itaúba,0.0,0,0,0.0,835,25,2.99,21962.13,657.55,21.96,3802,26.3,0.0,236.71,0.0
2021-09-26,Mato Grosso,Itaúba,0.0,0,0,0.0,835,25,2.99,21962.13,657.55,21.96,3802,26.3,0.0,236.71,0.0
2021-09-25,Mato Grosso,Itaúba,0.0,0,0,0.0,835,25,2.99,21962.13,657.55,21.96,3802,26.3,0.0,236.71,0.0
2021-09-24,Mato Grosso,Itaúba,0.0,0,0,0.0,835,25,2.99,21962.13,657.55,21.96,3802,26.3,0.0,236.71,0.0
2021-09-23,Mato Grosso,Itaúba,0.0,0,0,0.0,835,25,2.99,21962.13,657.55,21.96,3802,26.3,0.0,236.71,0.0
2021-09-22,Mato Grosso,Itaúba,26.3,1,0,0.0,835,25,2.99,21962.13,657.55,21.96,3802,26.3,-26.3,236.71,26.3
2021-09-21,Mato Grosso,Itaúba,0.0,0,0,0.0,834,25,3.0,21935.82,657.55,21.94,3802,52.6,0.0,210.41,0.0
2021-09-20,Mato Grosso,Itaúba,0.0,0,0,0.0,834,25,3.0,21935.82,657.55,21.94,3802,52.6,-157.81,210.41,-26.3
2021-09-19,Mato Grosso,Itaúba,0.0,0,0,0.0,834,25,3.0,21935.82,657.55,21.94,3802,210.41,0.0,236.71,0.0
2021-09-18,Mato Grosso,Itaúba,0.0,0,0,0.0,834,25,3.0,21935.82,657.55,21.94,3802,210.41,0.0,236.71,0.0
2021-09-17,Mato Grosso,Itaúba,0.0,0,0,0.0,834,25,3.0,21935.82,657.55,21.94,3802,210.41,0.0,236.71,0.0
2021-09-16,Mato Grosso,Itaúba,0.0,0,0,0.0,834,25,3.0,21935.82,657.55,21.94,3802,210.41,0.0,236.71,0.0
2021-09-15,Mato Grosso,Itaúba,52.6,2,0,0.0,834,25,3.0,21935.82,657.55,21.94,3802,210.41,52.6,236.71,52.6
2021-09-14,Mato Grosso,Itaúba,0.0,0,0,0.0,832,25,3.0,21883.22,657.55,21.88,3802,157.81,0.0,184.11,-52.6
2021-09-13,Mato Grosso,Itaúba,157.81,6,0,0.0,832,25,3.0,21883.22,657.55,21.88,3802,157.81,157.81,236.71,157.81
2021-09-12,Mato Grosso,Itaúba,0.0,0,0,0.0,826,25,3.03,21725.41,657.55,21.73,3802,0.0,0.0,78.9,0.0
2021-09-11,Mato Grosso,Itaúba,0.0,0,0,0.0,826,25,3.03,21725.41,657.55,21.73,3802,0.0,0.0,78.9,0.0
2021-09-10,Mato Grosso,Itaúba,0.0,0,0,0.0,826,25,3.03,21725.41,657.55,21.73,3802,0.0,0.0,78.9,0.0
2021-09-09,Mato Grosso,Itaúba,0.0,0,0,0.0,826,25,3.03,21725.41,657.55,21.73,3802,0.0,0.0,78.9,0.0
2021-09-08,Mato Grosso,Itaúba,0.0,0,0,0.0,826,25,3.03,21725.41,657.55,21.73,3802,0.0,0.0,78.9,0.0
2021-09-07,Mato Grosso,Itaúba,0.0,0,0,0.0,826,25,3.03,21725.41,657.55,21.73,3802,0.0,0.0,78.9,0.0
2021-09-06,Mato Grosso,Itaúba,0.0,0,0,0.0,826,25,3.03,21725.41,657.55,21.73,3802,0.0,0.0,78.9,0.0
2021-09-05,Mato Grosso,Itaúba,0.0,0,0,0.0,826,25,3.03,21725.41,657.55,21.73,3802,0.0,0.0,78.9,0.0
2021-09-04,Mato Grosso,Itaúba,0.0,0,0,0.0,826,25,3.03,21725.41,657.55,21.73,3802,0.0,0.0,78.9,0.0
2021-09-03,Mato Grosso,Itaúba,0.0,0,0,0.0,826,25,3.03,21725.41,657.55,21.73,3802,0.0,0.0,78.9,0.0
2021-09-02,Mato Grosso,Itaúba,0.0,0,0,0.0,826,25,3.03,21725.41,657.55,21.73,3802,0.0,0.0,78.9,0.0
2021-09-01,Mato Grosso,Itaúba,0.0,0,0,0.0,826,25,3.03,21725.41,657.55,21.73,3802,0.0,0.0,78.9,0.0
2021-08-31,Mato Grosso,Itaúba,0.0,0,0,0.0,826,25,3.03,21725.41,657.55,21.73,3802,0.0,0.0,78.9,0.0
2021-08-30,Mato Grosso,Itaúba,0.0,0,0,0.0,826,25,3.03,21725.41,657.55,21.73,3802,0.0,-26.3,78.9,0.0
2021-08-29,Mato Grosso,Itaúba,0.0,0,0,0.0,826,25,3.03,21725.41,657.55,21.73,3802,26.3,0.0,78.9,0.0
2021-08-28,Mato Grosso,Itaúba,0.0,0,0,0.0,826,25,3.03,21725.41,657.55,21.73,3802,26.3,0.0,78.9,0.0
2021-08-27,Mato Grosso,Itaúba,0.0,0,0,0.0,826,25,3.03,21725.41,657.55,21.73,3802,26.3,0.0,78.9,0.0
2021-08-26,Mato Grosso,Itaúba,0.0,0,0,0.0,826,25,3.03,21725.41,657.55,21.73,3802,26.3,0.0,78.9,0.0
2021-08-25,Mato Grosso,Itaúba,0.0,0,0,0.0,826,25,3.03,21725.41,657.55,21.73,3802,26.3,0.0,78.9,0.0
2021-08-24,Mato Grosso,Itaúba,0.0,0,0,0.0,826,25,3.03,21725.41,657.55,21.73,3802,26.3,-52.6,78.9,0.0
2021-08-23,Mato Grosso,Itaúba,26.3,1,0,0.0,826,25,3.03,21725.41,657.55,21.73,3802,78.9,26.3,78.9,26.3
2021-08-22,Mato Grosso,Itaúba,0.0,0,0,0.0,825,25,3.03,21699.11,657.55,21.7,3802,52.6,0.0,52.6,0.0
2021-08-21,Mato Grosso,Itaúba,0.0,0,0,0.0,825,25,3.03,21699.11,657.55,21.7,3802,52.6,0.0,52.6,-52.6
2021-08-20,Mato Grosso,Itaúba,0.0,0,0,0.0,825,25,3.03,21699.11,657.55,21.7,3802,52.6,0.0,105.2,0.0
2021-08-19,Mato Grosso,Itaúba,0.0,0,0,0.0,825,25,3.03,21699.11,657.55,21.7,3802,52.6,0.0,105.2,0.0
2021-08-18,Mato Grosso,Itaúba,0.0,0,0,0.0,825,25,3.03,21699.11,657.55,21.7,3802,52.6,0.0,105.2,0.0
2021-08-17,Mato Grosso,Itaúba,52.6,2,0,0.0,825,25,3.03,21699.11,657.55,21.7,3802,52.6,52.6,105.2,52.6
2021-08-16,Mato Grosso,Itaúba,0.0,0,0,0.0,823,25,3.04,21646.5,657.55,21.65,3802,0.0,0.0,52.6,0.0
2021-08-15,Mato Grosso,Itaúba,0.0,0,0,0.0,823,25,3.04,21646.5,657.55,21.65,3802,0.0,0.0,52.6,0.0
2021-08-14,Mato Grosso,Itaúba,0.0,0,0,0.0,823,25,3.04,21646.5,657.55,21.65,3802,0.0,0.0,52.6,0.0
2021-08-13,Mato Grosso,Itaúba,0.0,0,0,0.0,823,25,3.04,21646.5,657.55,21.65,3802,0.0,0.0,52.6,0.0
2021-08-12,Mato Grosso,Itaúba,0.0,0,0,0.0,823,25,3.04,21646.5,657.55,21.65,3802,0.0,0.0,52.6,-52.6
2021-08-11,Mato Grosso,Itaúba,0.0,0,0,0.0,823,25,3.04,21646.5,657.55,21.65,3802,0.0,0.0,105.2,0.0
2021-08-10,Mato Grosso,Itaúba,0.0,0,0,0.0,823,25,3.04,21646.5,657.55,21.65,3802,0.0,0.0,105.2,0.0
2021-08-09,Mato Grosso,Itaúba,0.0,0,0,0.0,823,25,3.04,21646.5,657.55,21.65,3802,0.0,0.0,105.2,-52.6
2021-08-08,Mato Grosso,Itaúba,0.0,0,0,0.0,823,25,3.04,21646.5,657.55,21.65,3802,0.0,0.0,157.8,0.0
2021-08-07,Mato Grosso,Itaúba,0.0,0,0,0.0,823,25,3.04,21646.5,657.55,21.65,3802,0.0,0.0,157.8,0.0
2021-08-06,Mato Grosso,Itaúba,0.0,0,0,0.0,823,25,3.04,21646.5,657.55,21.65,3802,0.0,0.0,157.8,-52.6
2021-08-05,Mato Grosso,Itaúba,0.0,0,0,0.0,823,25,3.04,21646.5,657.55,21.65,3802,0.0,0.0,210.4,0.0
2021-08-04,Mato Grosso,Itaúba,0.0,0,0,0.0,823,25,3.04,21646.5,657.55,21.65,3802,0.0,0.0,210.4,-289.32
2021-08-03,Mato Grosso,Itaúba,0.0,0,0,0.0,823,25,3.04,21646.5,657.55,21.65,3802,0.0,0.0,499.72,0.0
2021-08-02,Mato Grosso,Itaúba,0.0,0,0,0.0,823,25,3.04,21646.5,657.55,21.65,3802,0.0,0.0,499.72,-78.91
2021-08-01,Mato Grosso,Itaúba,0.0,0,0,0.0,823,25,3.04,21646.5,657.55,21.65,3802,0.0,0.0,578.63,0.0
2021-07-31,Mato Grosso,Itaúba,0.0,0,0,0.0,823,25,3.04,21646.5,657.55,21.65,3802,0.0,-52.6,578.63,0.0
2021-07-30,Mato Grosso,Itaúba,0.0,0,0,0.0,823,25,3.04,21646.5,657.55,21.65,3802,52.6,0.0,578.63,0.0
2021-07-29,Mato Grosso,Itaúba,0.0,0,0,0.0,823,25,3.04,21646.5,657.55,21.65,3802,52.6,0.0,578.63,-105.21
2021-07-28,Mato Grosso,Itaúba,0.0,0,0,0.0,823,25,3.04,21646.5,657.55,21.65,3802,52.6,0.0,683.84,0.0
2021-07-27,Mato Grosso,Itaúba,0.0,0,0,0.0,823,25,3.04,21646.5,657.55,21.65,3802,52.6,0.0,683.84,-26.3
2021-07-26,Mato Grosso,Itaúba,0.0,0,0,0.0,823,25,3.04,21646.5,657.55,21.65,3802,52.6,0.0,710.14,0.0
2021-07-25,Mato Grosso,Itaúba,0.0,0,0,0.0,823,25,3.04,21646.5,657.55,21.65,3802,52.6,0.0,710.14,0.0
2021-07-24,Mato Grosso,Itaúba,52.6,2,0,0.0,823,25,3.04,21646.5,657.55,21.65,3802,52.6,52.6,710.14,-26.31
2021-07-23,Mato Grosso,Itaúba,0.0,0,0,0.0,821,25,3.05,21593.9,657.55,21.59,3802,0.0,0.0,736.45,-184.11
2021-07-22,Mato Grosso,Itaúba,0.0,0,0,0.0,821,25,3.05,21593.9,657.55,21.59,3802,0.0,-52.6,920.56,0.0
2021-07-21,Mato Grosso,Itaúba,0.0,0,0,0.0,821,25,3.05,21593.9,657.55,21.59,3802,52.6,0.0,920.56,-157.81
2021-07-20,Mato Grosso,Itaúba,0.0,0,0,0.0,821,25,3.05,21593.9,657.55,21.59,3802,52.6,0.0,1078.37,0.0
2021-07-19,Mato Grosso,Itaúba,0.0,0,0,0.0,821,25,3.05,21593.9,657.55,21.59,3802,52.6,-52.6,1078.37,0.0
2021-07-18,Mato Grosso,Itaúba,0.0,0,0,0.0,821,25,3.05,21593.9,657.55,21.59,3802,105.2,0.0,1078.37,-157.81
2021-07-17,Mato Grosso,Itaúba,0.0,0,0,0.0,821,25,3.05,21593.9,657.55,21.59,3802,105.2,0.0,1236.18,0.0
2021-07-16,Mato Grosso,Itaúba,0.0,0,0,0.0,821,25,3.05,21593.9,657.55,21.59,3802,105.2,-52.6,1236.18,0.0
2021-07-15,Mato Grosso,Itaúba,52.6,2,0,0.0,821,25,3.05,21593.9,657.55,21.59,3802,157.8,52.6,1236.18,52.6
2021-07-14,Mato Grosso,Itaúba,0.0,0,0,0.0,819,25,3.05,21541.29,657.55,21.54,3802,105.2,-289.32,1183.58,-131.51
2021-07-13,Mato Grosso,Itaúba,0.0,0,0,0.0,819,25,3.05,21541.29,657.55,21.54,3802,394.52,0.0,1315.09,0.0
2021-07-12,Mato Grosso,Itaúba,52.6,2,0,0.0,819,25,3.05,21541.29,657.55,21.54,3802,394.52,-26.31,1315.09,-157.82
2021-07-11,Mato Grosso,Itaúba,0.0,0,0,0.0,817,25,3.06,21488.69,657.55,21.49,3802,420.83,0.0,1472.91,0.0
2021-07-10,Mato Grosso,Itaúba,0.0,0,0,0.0,817,25,3.06,21488.69,657.55,21.49,3802,420.83,0.0,1472.91,0.0
2021-07-09,Mato Grosso,Itaúba,52.6,2,0,0.0,817,25,3.06,21488.69,657.55,21.49,3802,420.83,52.6,1472.91,26.3
2021-07-08,Mato Grosso,Itaúba,0.0,0,0,0.0,815,25,3.07,21436.09,657.55,21.44,3802,368.23,-105.21,1446.61,0.0
2021-07-07,Mato Grosso,Itaúba,289.32,11,0,0.0,815,25,3.07,21436.09,657.55,21.44,3802,473.44,289.32,1446.61,236.72
2021-07-06,Mato Grosso,Itaúba,0.0,0,0,0.0,804,25,3.11,21146.76,657.55,21.15,3802,184.12,-26.3,1209.89,-210.42
2021-07-05,Mato Grosso,Itaúba,78.91,3,1,26.3,804,25,3.11,21146.76,657.55,21.15,3802,210.42,78.91,1420.31,0.0
2021-07-04,Mato Grosso,Itaúba,0.0,0,0,0.0,801,24,3.0,21067.86,631.25,21.07,3802,131.51,0.0,1420.31,0.0
2021-07-03,Mato Grosso,Itaúba,0.0,0,0,0.0,801,24,3.0,21067.86,631.25,21.07,3802,131.51,-78.91,1420.31,0.0
2021-07-02,Mato Grosso,Itaúba,0.0,0,0,0.0,801,24,3.0,21067.86,631.25,21.07,3802,210.42,-184.11,1420.31,0.0
2021-07-01,Mato Grosso,Itaúba,105.21,4,0,0.0,801,24,3.0,21067.86,631.25,21.07,3802,394.53,105.21,1420.31,-52.6
2021-06-30,Mato Grosso,Itaúba,0.0,0,0,0.0,797,24,3.01,20962.65,631.25,20.96,3802,289.32,-157.81,1472.91,0.0
2021-06-29,Mato Grosso,Itaúba,26.3,1,0,0.0,797,24,3.01,20962.65,631.25,20.96,3802,447.13,26.3,1472.91,-131.51
2021-06-28,Mato Grosso,Itaúba,0.0,0,0,0.0,796,24,3.02,20936.35,631.25,20.94,3802,420.83,0.0,1604.42,0.0
2021-06-27,Mato Grosso,Itaúba,0.0,0,0,0.0,796,24,3.02,20936.35,631.25,20.94,3802,420.83,-157.81,1604.42,0.0
2021-06-26,Mato Grosso,Itaúba,78.91,3,0,0.0,796,24,3.02,20936.35,631.25,20.94,3802,578.64,78.91,1604.42,-26.3
2021-06-25,Mato Grosso,Itaúba,184.11,7,0,0.0,793,24,3.03,20857.44,631.25,20.86,3802,499.73,184.11,1630.72,184.11
2021-06-24,Mato Grosso,Itaúba,0.0,0,0,0.0,786,24,3.05,20673.33,631.25,20.67,3802,315.62,0.0,1446.61,0.0
2021-06-23,Mato Grosso,Itaúba,157.81,6,0,0.0,786,24,3.05,20673.33,631.25,20.67,3802,315.62,26.3,1446.61,105.21
2021-06-22,Mato Grosso,Itaúba,0.0,0,0,0.0,780,24,3.08,20515.52,631.25,20.52,3802,289.32,0.0,1341.4,0.0
2021-06-21,Mato Grosso,Itaúba,0.0,0,0,0.0,780,24,3.08,20515.52,631.25,20.52,3802,289.32,-210.42,1341.4,0.0
2021-06-20,Mato Grosso,Itaúba,157.81,6,0,0.0,780,24,3.08,20515.52,631.25,20.52,3802,499.74,157.81,1341.4,157.81
2021-06-19,Mato Grosso,Itaúba,0.0,0,1,26.3,774,24,3.1,20357.71,631.25,20.36,3802,341.93,0.0,1183.59,0.0
2021-06-18,Mato Grosso,Itaúba,0.0,0,0,0.0,774,23,2.97,20357.71,604.94,20.36,3802,341.93,-26.3,1183.59,0.0
2021-06-17,Mato Grosso,Itaúba,0.0,0,0,0.0,774,23,2.97,20357.71,604.94,20.36,3802,368.23,0.0,1183.59,0.0
2021-06-16,Mato Grosso,Itaúba,131.51,5,0,0.0,774,23,2.97,20357.71,604.94,20.36,3802,368.23,78.91,1183.59,131.51
2021-06-15,Mato Grosso,Itaúba,0.0,0,0,0.0,769,23,2.99,20226.2,604.94,20.23,3802,289.32,-210.42,1052.08,0.0
2021-06-14,Mato Grosso,Itaúba,210.42,8,0,0.0,769,23,2.99,20226.2,604.94,20.23,3802,499.74,131.51,1052.08,131.51
2021-06-13,Mato Grosso,Itaúba,0.0,0,0,0.0,761,23,3.02,20015.78,604.94,20.02,3802,368.23,0.0,920.57,0.0
2021-06-12,Mato Grosso,Itaúba,0.0,0,0,0.0,761,23,3.02,20015.78,604.94,20.02,3802,368.23,0.0,920.57,0.0
2021-06-11,Mato Grosso,Itaúba,26.3,1,0,0.0,761,23,3.02,20015.78,604.94,20.02,3802,368.23,26.3,920.57,26.3
2021-06-10,Mato Grosso,Itaúba,0.0,0,0,0.0,760,23,3.03,19989.48,604.94,19.99,3802,341.93,-157.81,894.27,-26.3
2021-06-09,Mato Grosso,Itaúba,52.6,2,0,0.0,760,23,3.03,19989.48,604.94,19.99,3802,499.74,52.6,920.57,52.6
2021-06-08,Mato Grosso,Itaúba,210.42,8,0,0.0,758,23,3.03,19936.88,604.94,19.94,3802,447.14,52.61,867.97,157.82
2021-06-07,Mato Grosso,Itaúba,78.91,3,0,0.0,750,23,3.07,19726.46,604.94,19.73,3802,394.53,78.91,710.15,78.91
2021-06-06,Mato Grosso,Itaúba,0.0,0,0,0.0,747,23,3.08,19647.55,604.94,19.65,3802,315.62,0.0,631.24,-26.3
2021-06-05,Mato Grosso,Itaúba,0.0,0,0,0.0,747,23,3.08,19647.55,604.94,19.65,3802,315.62,-105.21,657.54,0.0
2021-06-04,Mato Grosso,Itaúba,0.0,0,0,0.0,747,23,3.08,19647.55,604.94,19.65,3802,420.83,0.0,657.54,0.0
2021-06-03,Mato Grosso,Itaúba,157.81,6,0,0.0,747,23,3.08,19647.55,604.94,19.65,3802,420.83,157.81,657.54,131.51
2021-06-02,Mato Grosso,Itaúba,0.0,0,0,0.0,741,23,3.1,19489.74,604.94,19.49,3802,263.02,-52.6,526.03,0.0
2021-06-01,Mato Grosso,Itaúba,157.81,6,0,0.0,741,23,3.1,19489.74,604.94,19.49,3802,315.62,157.81,526.03,131.51
2021-05-31,Mato Grosso,Itaúba,0.0,0,0,0.0,735,23,3.13,19331.93,604.94,19.33,3802,157.81,0.0,394.52,-26.3
2021-05-30,Mato Grosso,Itaúba,0.0,0,0,0.0,735,23,3.13,19331.93,604.94,19.33,3802,157.81,0.0,420.82,0.0
2021-05-29,Mato Grosso,Itaúba,105.21,4,0,0.0,735,23,3.13,19331.93,604.94,19.33,3802,157.81,105.21,420.82,105.21
2021-05-28,Mato Grosso,Itaúba,0.0,0,0,0.0,731,23,3.15,19226.72,604.94,19.23,3802,52.6,0.0,315.61,0.0
2021-05-27,Mato Grosso,Itaúba,0.0,0,0,0.0,731,23,3.15,19226.72,604.94,19.23,3802,52.6,0.0,315.61,0.0
2021-05-26,Mato Grosso,Itaúba,52.6,2,0,0.0,731,23,3.15,19226.72,604.94,19.23,3802,52.6,52.6,315.61,-26.31
2021-05-25,Mato Grosso,Itaúba,0.0,0,0,0.0,729,23,3.16,19174.12,604.94,19.17,3802,0.0,0.0,341.92,0.0
2021-05-24,Mato Grosso,Itaúba,0.0,0,0,0.0,729,23,3.16,19174.12,604.94,19.17,3802,0.0,-78.91,341.92,-26.3
2021-05-23,Mato Grosso,Itaúba,0.0,0,0,0.0,729,23,3.16,19174.12,604.94,19.17,3802,78.91,0.0,368.22,0.0
2021-05-22,Mato Grosso,Itaúba,0.0,0,0,0.0,729,23,3.16,19174.12,604.94,19.17,3802,78.91,0.0,368.22,0.0
2021-05-21,Mato Grosso,Itaúba,0.0,0,0,0.0,729,23,3.16,19174.12,604.94,19.17,3802,78.91,0.0,368.22,0.0
2021-05-20,Mato Grosso,Itaúba,0.0,0,0,0.0,729,23,3.16,19174.12,604.94,19.17,3802,78.91,-26.3,368.22,-184.11
2021-05-19,Mato Grosso,Itaúba,0.0,0,0,0.0,729,23,3.16,19174.12,604.94,19.17,3802,105.21,0.0,552.33,0.0
2021-05-18,Mato Grosso,Itaúba,0.0,0,0,0.0,729,23,3.16,19174.12,604.94,19.17,3802,105.21,-52.6,552.33,0.0
2021-05-17,Mato Grosso,Itaúba,78.91,3,0,0.0,729,23,3.16,19174.12,604.94,19.17,3802,157.81,78.91,552.33,52.61
2021-05-16,Mato Grosso,Itaúba,0.0,0,0,0.0,726,23,3.17,19095.21,604.94,19.1,3802,78.9,-26.3,499.72,0.0
2021-05-15,Mato Grosso,Itaúba,0.0,0,0,0.0,726,23,3.17,19095.21,604.94,19.1,3802,105.2,0.0,499.72,-210.42
2021-05-14,Mato Grosso,Itaúba,0.0,0,0,0.0,726,23,3.17,19095.21,604.94,19.1,3802,105.2,0.0,710.14,0.0
2021-05-13,Mato Grosso,Itaúba,26.3,1,0,0.0,726,23,3.17,19095.21,604.94,19.1,3802,105.2,0.0,710.14,0.0
2021-05-12,Mato Grosso,Itaúba,0.0,0,0,0.0,725,23,3.17,19068.91,604.94,19.07,3802,105.2,0.0,710.14,-131.51
2021-05-11,Mato Grosso,Itaúba,52.6,2,0,0.0,725,23,3.17,19068.91,604.94,19.07,3802,105.2,26.3,841.65,26.3
2021-05-10,Mato Grosso,Itaúba,0.0,0,0,0.0,723,23,3.18,19016.31,604.94,19.02,3802,78.9,-26.3,815.35,-289.32
2021-05-09,Mato Grosso,Itaúba,26.3,1,0,0.0,723,23,3.18,19016.31,604.94,19.02,3802,105.2,26.3,1104.67,26.3
2021-05-08,Mato Grosso,Itaúba,0.0,0,0,0.0,722,23,3.19,18990.01,604.94,18.99,3802,78.9,0.0,1078.37,0.0
2021-05-07,Mato Grosso,Itaúba,0.0,0,0,0.0,722,23,3.19,18990.01,604.94,18.99,3802,78.9,0.0,1078.37,0.0
2021-05-06,Mato Grosso,Itaúba,26.3,1,0,0.0,722,23,3.19,18990.01,604.94,18.99,3802,78.9,26.3,1078.37,26.3
2021-05-05,Mato Grosso,Itaúba,0.0,0,0,0.0,721,23,3.19,18963.7,604.94,18.96,3802,52.6,-78.91,1052.07,-368.23
2021-05-04,Mato Grosso,Itaúba,26.3,1,0,0.0,721,23,3.19,18963.7,604.94,18.96,3802,131.51,26.3,1420.3,-236.72
2021-05-03,Mato Grosso,Itaúba,26.3,1,0,0.0,720,23,3.19,18937.4,604.94,18.94,3802,105.21,0.0,1657.02,0.0
2021-05-02,Mato Grosso,Itaúba,0.0,0,0,0.0,719,23,3.2,18911.1,604.94,18.91,3802,105.21,0.0,1657.02,26.3
2021-05-01,Mato Grosso,Itaúba,0.0,0,0,0.0,719,23,3.2,18911.1,604.94,18.91,3802,105.21,0.0,1630.72,0.0
2021-04-30,Mato Grosso,Itaúba,0.0,0,0,0.0,719,23,3.2,18911.1,604.94,18.91,3802,105.21,0.0,1630.72,-26.3
2021-04-29,Mato Grosso,Itaúba,0.0,0,0,0.0,719,23,3.2,18911.1,604.94,18.91,3802,105.21,-184.11,1657.02,-131.51
2021-04-28,Mato Grosso,Itaúba,78.91,3,0,0.0,719,23,3.2,18911.1,604.94,18.91,3802,289.32,78.91,1788.53,-157.81
2021-04-27,Mato Grosso,Itaúba,0.0,0,0,0.0,716,23,3.21,18832.19,604.94,18.83,3802,210.41,0.0,1946.34,0.0
2021-04-26,Mato Grosso,Itaúba,26.3,1,0,0.0,716,23,3.21,18832.19,604.94,18.83,3802,210.41,0.0,1946.34,-210.42
2021-04-25,Mato Grosso,Itaúba,0.0,0,0,0.0,715,23,3.22,18805.89,604.94,18.81,3802,210.41,0.0,2156.76,-289.32
2021-04-24,Mato Grosso,Itaúba,0.0,0,0,0.0,715,23,3.22,18805.89,604.94,18.81,3802,210.41,-210.42,2446.08,-105.21
2021-04-23,Mato Grosso,Itaúba,0.0,0,0,0.0,715,23,3.22,18805.89,604.94,18.81,3802,420.83,0.0,2551.29,-26.3
2021-04-22,Mato Grosso,Itaúba,184.11,7,0,0.0,715,23,3.22,18805.89,604.94,18.81,3802,420.83,157.81,2577.59,131.51
2021-04-21,Mato Grosso,Itaúba,0.0,0,0,0.0,708,23,3.25,18621.78,604.94,18.62,3802,263.02,-131.51,2446.08,-157.81
2021-04-20,Mato Grosso,Itaúba,0.0,0,0,0.0,708,23,3.25,18621.78,604.94,18.62,3802,394.53,-26.3,2603.89,-52.6
2021-04-19,Mato Grosso,Itaúba,26.3,1,1,26.3,708,23,3.25,18621.78,604.94,18.62,3802,420.83,-263.02,2656.49,-368.23
2021-04-18,Mato Grosso,Itaúba,0.0,0,1,26.3,707,22,3.11,18595.48,578.64,18.6,3802,683.85,0.0,3024.72,-210.42
2021-04-17,Mato Grosso,Itaúba,210.42,8,0,0.0,707,21,2.97,18595.48,552.34,18.6,3802,683.85,210.42,3235.14,-946.87
2021-04-16,Mato Grosso,Itaúba,0.0,0,0,0.0,699,21,3.0,18385.06,552.34,18.39,3802,473.43,0.0,4182.01,-78.91
2021-04-15,Mato Grosso,Itaúba,26.3,1,0,0.0,699,21,3.0,18385.06,552.34,18.39,3802,473.43,26.3,4260.92,0.0
2021-04-14,Mato Grosso,Itaúba,131.51,5,1,26.3,698,21,3.01,18358.76,552.34,18.36,3802,447.13,-236.72,4260.92,131.51
2021-04-13,Mato Grosso,Itaúba,26.3,1,0,0.0,693,20,2.89,18227.25,526.04,18.23,3802,683.85,-236.72,4129.41,-789.06
2021-04-12,Mato Grosso,Itaúba,289.32,11,0,0.0,692,20,2.89,18200.95,526.04,18.2,3802,920.57,263.02,4918.47,-867.97
2021-04-11,Mato Grosso,Itaúba,0.0,0,0,0.0,681,20,2.94,17911.63,526.04,17.91,3802,657.55,26.3,5786.44,-236.72
2021-04-10,Mato Grosso,Itaúba,0.0,0,0,0.0,681,20,2.94,17911.63,526.04,17.91,3802,631.25,0.0,6023.16,-78.91
2021-04-09,Mato Grosso,Itaúba,0.0,0,1,26.3,681,20,2.94,17911.63,526.04,17.91,3802,631.25,-26.3,6102.07,-26.3
2021-04-08,Mato Grosso,Itaúba,0.0,0,0,0.0,681,19,2.79,17911.63,499.74,17.91,3802,657.55,-131.51,6128.37,-210.42
2021-04-07,Mato Grosso,Itaúba,368.23,14,0,0.0,681,19,2.79,17911.63,499.74,17.91,3802,789.06,131.51,6338.79,0.0
2021-04-06,Mato Grosso,Itaúba,263.02,10,2,52.6,667,19,2.85,17543.4,499.74,17.54,3802,657.55,263.02,6338.79,78.91
2021-04-05,Mato Grosso,Itaúba,26.3,1,0,0.0,657,17,2.59,17280.38,447.13,17.28,3802,394.53,-210.42,6259.88,26.3
2021-04-04,Mato Grosso,Itaúba,-26.3,-1,1,26.3,656,17,2.59,17254.08,447.13,17.25,3802,604.95,-315.62,6233.58,-26.3
2021-04-03,Mato Grosso,Itaúba,0.0,0,0,0.0,657,16,2.44,17280.38,420.83,17.28,3802,920.57,-105.21,6259.88,-52.6
2021-04-02,Mato Grosso,Itaúba,26.3,1,2,52.6,657,16,2.44,17280.38,420.83,17.28,3802,1025.78,0.0,6312.48,0.0
2021-04-01,Mato Grosso,Itaúba,131.51,5,1,26.3,656,14,2.13,17254.08,368.23,17.25,3802,1025.78,78.91,6312.48,78.91
2021-03-31,Mato Grosso,Itaúba,236.72,9,0,0.0,651,13,2.0,17122.57,341.93,17.12,3802,946.87,78.91,6233.57,-578.64
2021-03-30,Mato Grosso,Itaúba,0.0,0,1,26.3,642,13,2.02,16885.85,341.93,16.89,3802,867.96,-52.6,6812.21,-26.3
2021-03-29,Mato Grosso,Itaúba,236.72,9,0,0.0,642,12,1.87,16885.85,315.62,16.89,3802,920.56,-157.81,6838.51,236.72
2021-03-28,Mato Grosso,Itaúba,289.32,11,0,0.0,633,12,1.9,16649.13,315.62,16.65,3802,1078.37,78.9,6601.79,289.32
2021-03-27,Mato Grosso,Itaúba,105.21,4,0,0.0,622,12,1.93,16359.81,315.62,16.36,3802,999.47,-1052.08,6312.47,105.21
2021-03-26,Mato Grosso,Itaúba,26.3,1,0,0.0,618,12,1.94,16254.6,315.62,16.25,3802,2051.55,-52.61,6207.26,-315.63
2021-03-25,Mato Grosso,Itaúba,52.6,2,1,26.3,617,12,1.94,16228.3,315.62,16.23,3802,2104.16,26.3,6522.89,-236.72
2021-03-24,Mato Grosso,Itaúba,157.81,6,0,0.0,615,11,1.79,16175.7,289.32,16.18,3802,2077.86,157.81,6759.61,-52.61
2021-03-23,Mato Grosso,Itaúba,52.6,2,1,26.3,609,11,1.81,16017.89,289.32,16.02,3802,1920.05,-762.76,6812.22,52.6
2021-03-22,Mato Grosso,Itaúba,394.53,15,0,0.0,607,10,1.65,15965.28,263.02,15.97,3802,2682.81,-762.76,6759.62,394.53
2021-03-21,Mato Grosso,Itaúba,210.42,8,1,26.3,592,10,1.69,15570.75,263.02,15.57,3802,3445.57,-26.3,6365.09,210.42
2021-03-20,Mato Grosso,Itaúba,1157.29,44,1,26.3,584,9,1.54,15360.34,236.72,15.36,3802,3471.87,1078.38,6154.67,1025.78
2021-03-18,Mato Grosso,Itaúba,78.91,3,0,0.0,540,8,1.48,14203.05,210.42,14.2,3802,2393.49,52.61,5128.89,78.91
2021-03-17,Mato Grosso,Itaúba,26.3,1,0,0.0,537,8,1.49,14124.15,210.42,14.12,3802,2340.88,-184.12,5049.98,-394.53
2021-03-16,Mato Grosso,Itaúba,0.0,0,0,0.0,536,8,1.49,14097.84,210.42,14.1,3802,2525.0,-368.23,5444.51,-52.6
2021-03-15,Mato Grosso,Itaúba,815.36,31,0,0.0,536,8,1.49,14097.84,210.42,14.1,3802,2893.23,631.25,5497.11,631.25
2021-03-14,Mato Grosso,Itaúba,1157.29,44,1,26.3,505,8,1.58,13282.48,210.42,13.28,3802,2261.98,1157.29,4865.86,1157.29
2021-03-13,Mato Grosso,Itaúba,236.72,9,0,0.0,461,7,1.52,12125.2,184.11,12.13,3802,1104.69,236.72,3708.57,236.72
2021-03-12,Mato Grosso,Itaúba,78.91,3,0,0.0,452,7,1.55,11888.48,184.11,11.89,3802,867.97,26.31,3471.85,78.91
2021-03-11,Mato Grosso,Itaúba,26.3,1,0,0.0,449,7,1.56,11809.57,184.11,11.81,3802,841.66,0.0,3392.94,-52.61
2021-03-10,Mato Grosso,Itaúba,210.42,8,0,0.0,448,7,1.56,11783.27,184.11,11.78,3802,841.66,157.82,3445.55,105.21
2021-03-09,Mato Grosso,Itaúba,368.23,14,0,0.0,440,7,1.59,11572.86,184.11,11.57,3802,683.84,-447.13,3340.34,368.23
2021-03-08,Mato Grosso,Itaúba,184.11,7,0,0.0,426,7,1.64,11204.63,184.11,11.2,3802,1130.97,157.81,2972.11,131.51
2021-03-07,Mato Grosso,Itaúba,0.0,0,0,0.0,419,7,1.67,11020.52,184.11,11.02,3802,973.16,0.0,2840.6,0.0
2021-03-06,Mato Grosso,Itaúba,0.0,0,0,0.0,419,7,1.67,11020.52,184.11,11.02,3802,973.16,0.0,2840.6,0.0
2021-03-05,Mato Grosso,Itaúba,52.6,2,0,0.0,419,7,1.67,11020.52,184.11,11.02,3802,973.16,52.6,2840.6,26.3
2021-03-04,Mato Grosso,Itaúba,26.3,1,0,0.0,417,7,1.68,10967.91,184.11,10.97,3802,920.56,-315.63,2814.3,-131.51
2021-03-03,Mato Grosso,Itaúba,52.6,2,0,0.0,416,7,1.68,10941.61,184.11,10.94,3802,1236.19,-236.72,2945.81,-78.91
2021-03-02,Mato Grosso,Itaúba,815.36,31,0,0.0,414,7,1.69,10889.01,184.11,10.89,3802,1472.91,604.94,3024.72,789.06
2021-03-01,Mato Grosso,Itaúba,26.3,1,0,0.0,383,7,1.83,10073.65,184.11,10.07,3802,867.97,26.3,2235.66,26.3
2021-02-28,Mato Grosso,Itaúba,0.0,0,0,0.0,382,7,1.83,10047.34,184.11,10.05,3802,841.67,0.0,2209.36,0.0
2021-02-27,Mato Grosso,Itaúba,0.0,0,0,0.0,382,7,1.83,10047.34,184.11,10.05,3802,841.67,0.0,2209.36,0.0
2021-02-26,Mato Grosso,Itaúba,0.0,0,0,0.0,382,7,1.83,10047.34,184.11,10.05,3802,841.67,-131.51,2209.36,-78.91
2021-02-25,Mato Grosso,Itaúba,341.93,13,0,0.0,382,7,1.83,10047.34,184.11,10.05,3802,973.18,341.93,2288.27,315.63
2021-02-24,Mato Grosso,Itaúba,289.32,11,0,0.0,369,7,1.9,9705.42,184.11,9.71,3802,631.25,-131.51,1972.64,105.21
2021-02-23,Mato Grosso,Itaúba,210.42,8,0,0.0,358,7,1.96,9416.1,184.11,9.42,3802,762.76,157.82,1867.43,131.51
2021-02-22,Mato Grosso,Itaúba,0.0,0,0,0.0,350,7,2.0,9205.68,184.11,9.21,3802,604.94,-184.11,1735.92,0.0
2021-02-21,Mato Grosso,Itaúba,0.0,0,0,0.0,350,7,2.0,9205.68,184.11,9.21,3802,789.05,0.0,1735.92,-447.13
2021-02-20,Mato Grosso,Itaúba,0.0,0,0,0.0,350,7,2.0,9205.68,184.11,9.21,3802,789.05,0.0,2183.05,-1052.08
2021-02-19,Mato Grosso,Itaúba,131.51,5,0,0.0,350,7,2.0,9205.68,184.11,9.21,3802,789.05,131.51,3235.13,-52.6
2021-02-18,Mato Grosso,Itaúba,0.0,0,0,0.0,345,7,2.03,9074.17,184.11,9.07,3802,657.54,-78.91,3287.73,-105.21
2021-02-17,Mato Grosso,Itaúba,420.83,16,0,0.0,345,7,2.03,9074.17,184.11,9.07,3802,736.45,315.62,3392.94,-52.61
2021-02-16,Mato Grosso,Itaúba,52.6,2,0,0.0,329,7,2.13,8653.34,184.11,8.65,3802,420.83,52.6,3445.55,-289.33
2021-02-15,Mato Grosso,Itaúba,184.11,7,0,0.0,327,7,2.14,8600.74,184.11,8.6,3802,368.23,131.51,3734.88,184.11
2021-02-14,Mato Grosso,Itaúba,0.0,0,0,0.0,320,7,2.19,8416.62,184.11,8.42,3802,236.72,0.0,3550.77,0.0
2021-02-13,Mato Grosso,Itaúba,0.0,0,0,0.0,320,7,2.19,8416.62,184.11,8.42,3802,236.72,0.0,3550.77,0.0
2021-02-12,Mato Grosso,Itaúba,0.0,0,0,0.0,320,7,2.19,8416.62,184.11,8.42,3802,236.72,-26.3,3550.77,0.0
2021-02-11,Mato Grosso,Itaúba,78.91,3,0,0.0,320,7,2.19,8416.62,184.11,8.42,3802,263.02,-78.9,3550.77,105.21
2021-02-10,Mato Grosso,Itaúba,105.21,4,0,0.0,317,7,2.21,8337.72,184.11,8.34,3802,341.92,-26.3,3445.56,105.21
2021-02-09,Mato Grosso,Itaúba,0.0,0,0,0.0,313,7,2.24,8232.51,184.11,8.23,3802,368.22,-26.3,3340.35,0.0
2021-02-08,Mato Grosso,Itaúba,52.6,2,0,0.0,313,7,2.24,8232.51,184.11,8.23,3802,394.52,52.6,3340.35,52.6
2021-02-07,Mato Grosso,Itaúba,0.0,0,0,0.0,311,7,2.25,8179.91,184.11,8.18,3802,341.92,0.0,3287.75,0.0
2021-02-06,Mato Grosso,Itaúba,0.0,0,0,0.0,311,7,2.25,8179.91,184.11,8.18,3802,341.92,0.0,3287.75,-289.32
2021-02-05,Mato Grosso,Itaúba,26.3,1,0,0.0,311,7,2.25,8179.91,184.11,8.18,3802,341.92,-52.61,3577.07,-184.12
2021-02-04,Mato Grosso,Itaúba,157.81,6,0,0.0,310,7,2.26,8153.6,184.11,8.15,3802,394.53,131.51,3761.19,-341.93
2021-02-03,Mato Grosso,Itaúba,131.51,5,0,0.0,304,7,2.3,7995.79,184.11,8.0,3802,263.02,-52.6,4103.12,52.6
2021-02-02,Mato Grosso,Itaúba,26.3,1,0,0.0,299,7,2.34,7864.28,184.11,7.86,3802,315.62,-52.61,4050.52,-236.72
2021-02-01,Mato Grosso,Itaúba,0.0,0,0,0.0,298,7,2.35,7837.98,184.11,7.84,3802,368.23,0.0,4287.24,-604.94
2021-01-31,Mato Grosso,Itaúba,0.0,0,0,0.0,298,7,2.35,7837.98,184.11,7.84,3802,368.23,-447.13,4892.18,-105.21
2021-01-30,Mato Grosso,Itaúba,0.0,0,0,0.0,298,7,2.35,7837.98,184.11,7.84,3802,815.36,-1052.08,4997.39,-26.3
2021-01-29,Mato Grosso,Itaúba,78.91,3,0,0.0,298,7,2.35,7837.98,184.11,7.84,3802,1867.44,-105.2,5023.69,-26.3
2021-01-28,Mato Grosso,Itaúba,26.3,1,0,0.0,295,7,2.37,7759.07,184.11,7.76,3802,1972.64,-78.91,5049.99,26.3
2021-01-27,Mato Grosso,Itaúba,184.11,7,0,0.0,294,7,2.38,7732.77,184.11,7.73,3802,2051.55,-289.33,5023.69,184.11
2021-01-26,Mato Grosso,Itaúba,78.91,3,0,0.0,287,7,2.44,7548.66,184.11,7.55,3802,2340.88,-263.02,4839.58,78.91
2021-01-25,Mato Grosso,Itaúba,0.0,0,0,0.0,284,7,2.46,7469.75,184.11,7.47,3802,2603.9,0.0,4760.67,0.0
2021-01-24,Mato Grosso,Itaúba,447.13,17,0,0.0,284,7,2.46,7469.75,184.11,7.47,3802,2603.9,447.13,4760.67,447.13
2021-01-23,Mato Grosso,Itaúba,1052.08,40,0,0.0,267,7,2.62,7022.62,184.11,7.02,3802,2156.77,1052.08,4313.54,1052.08
2021-01-22,Mato Grosso,Itaúba,184.11,7,0,0.0,227,7,3.08,5970.54,184.11,5.97,3802,1104.69,184.11,3261.46,184.11
2021-01-21,Mato Grosso,Itaúba,105.21,4,0,0.0,220,7,3.18,5786.43,184.11,5.79,3802,920.58,131.51,3077.35,105.21
2021-01-20,Mato Grosso,Itaúba,473.44,18,0,0.0,216,7,3.24,5681.22,184.11,5.68,3802,789.07,473.44,2972.14,473.44
2021-01-19,Mato Grosso,Itaúba,341.93,13,0,0.0,198,7,3.54,5207.79,184.11,5.21,3802,315.63,341.93,2498.7,341.93
2021-01-18,Mato Grosso,Itaúba,0.0,0,0,0.0,185,7,3.78,4865.86,184.11,4.87,3802,-26.3,0.0,2156.77,0.0
2021-01-17,Mato Grosso,Itaúba,0.0,0,0,0.0,185,7,3.78,4865.86,184.11,4.87,3802,-26.3,0.0,2156.77,-26.3
2021-01-16,Mato Grosso,Itaúba,0.0,0,0,0.0,185,7,3.78,4865.86,184.11,4.87,3802,-26.3,-289.32,2183.07,0.0
2021-01-15,Mato Grosso,Itaúba,0.0,0,0,0.0,185,7,3.78,4865.86,184.11,4.87,3802,263.02,-210.42,2183.07,-52.6
2021-01-13,Mato Grosso,Itaúba,-26.3,-1,0,0.0,185,7,3.78,4865.86,184.11,4.87,3802,473.44,-526.04,2235.67,-26.3
2021-01-12,Mato Grosso,Itaúba,0.0,0,0,0.0,186,7,3.76,4892.16,184.11,4.89,3802,999.48,-78.91,2261.97,0.0
2021-01-11,Mato Grosso,Itaúba,0.0,0,0,0.0,186,7,3.76,4892.16,184.11,4.89,3802,1078.39,-263.02,2261.97,-26.3
2021-01-10,Mato Grosso,Itaúba,0.0,0,0,0.0,186,7,3.76,4892.16,184.11,4.89,3802,1341.41,-604.94,2288.27,0.0
2021-01-09,Mato Grosso,Itaúba,0.0,0,0,0.0,186,7,3.76,4892.16,184.11,4.89,3802,1946.35,-105.21,2288.27,0.0
2021-01-08,Mato Grosso,Itaúba,289.32,11,0,0.0,186,7,3.76,4892.16,184.11,4.89,3802,2051.56,263.02,2288.27,289.32
2021-01-07,Mato Grosso,Itaúba,210.42,8,0,0.0,175,7,4.0,4602.84,184.11,4.6,3802,1788.54,105.21,1998.95,210.42
2021-01-06,Mato Grosso,Itaúba,499.74,19,0,0.0,167,7,4.19,4392.43,184.11,4.39,3802,1683.33,499.74,1788.53,499.74
2021-01-05,Mato Grosso,Itaúba,78.91,3,0,0.0,148,7,4.73,3892.69,184.11,3.89,3802,1183.59,78.91,1288.79,78.91
2021-01-04,Mato Grosso,Itaúba,263.02,10,0,0.0,145,7,4.83,3813.78,184.11,3.81,3802,1104.68,263.02,1209.88,263.02
2021-01-03,Mato Grosso,Itaúba,604.94,23,0,0.0,135,7,5.19,3550.76,184.11,3.55,3802,841.66,604.94,946.86,604.94
2021-01-02,Mato Grosso,Itaúba,105.21,4,0,0.0,112,7,6.25,2945.82,184.11,2.95,3802,236.72,105.21,341.92,105.21
2021-01-01,Mato Grosso,Itaúba,26.3,1,0,0.0,108,7,6.48,2840.61,184.11,2.84,3802,131.51,26.3,236.71,26.3
2020-12-31,Mato Grosso,Itaúba,105.21,4,0,0.0,107,7,6.54,2814.31,184.11,2.81,3802,105.21,105.21,210.41,105.21
2020-12-30,Mato Grosso,Itaúba,0.0,0,0,0.0,103,7,6.8,2709.1,184.11,2.71,3802,0.0,0.0,105.2,0.0
2020-12-29,Mato Grosso,Itaúba,0.0,0,0,0.0,103,7,6.8,2709.1,184.11,2.71,3802,0.0,0.0,105.2,0.0
2020-12-28,Mato Grosso,Itaúba,0.0,0,0,0.0,103,7,6.8,2709.1,184.11,2.71,3802,0.0,0.0,105.2,0.0
2020-12-27,Mato Grosso,Itaúba,0.0,0,0,0.0,103,7,6.8,2709.1,184.11,2.71,3802,0.0,0.0,105.2,0.0
2020-12-26,Mato Grosso,Itaúba,0.0,0,1,26.3,103,7,6.8,2709.1,184.11,2.71,3802,0.0,-26.3,105.2,0.0
2020-12-25,Mato Grosso,Itaúba,0.0,0,0,0.0,103,6,5.83,2709.1,157.81,2.71,3802,26.3,0.0,105.2,0.0
2020-12-24,Mato Grosso,Itaúba,0.0,0,0,0.0,103,6,5.83,2709.1,157.81,2.71,3802,26.3,-52.6,105.2,0.0
2020-12-23,Mato Grosso,Itaúba,0.0,0,0,0.0,103,6,5.83,2709.1,157.81,2.71,3802,78.9,0.0,105.2,0.0
2020-12-22,Mato Grosso,Itaúba,0.0,0,0,0.0,103,6,5.83,2709.1,157.81,2.71,3802,78.9,0.0,105.2,0.0
2020-12-21,Mato Grosso,Itaúba,0.0,0,0,0.0,103,6,5.83,2709.1,157.81,2.71,3802,78.9,-26.3,105.2,0.0
2020-12-20,Mato Grosso,Itaúba,0.0,0,0,0.0,103,6,5.83,2709.1,157.81,2.71,3802,105.2,0.0,105.2,0.0
2020-12-19,Mato Grosso,Itaúba,26.3,1,0,0.0,103,6,5.83,2709.1,157.81,2.71,3802,105.2,26.3,105.2,-1446.61
2020-12-18,Mato Grosso,Itaúba,0.0,0,0,0.0,102,6,5.88,2682.8,157.81,2.68,3802,78.9,0.0,1551.81,0.0
2020-12-17,Mato Grosso,Itaúba,52.6,2,1,26.3,102,6,5.88,2682.8,157.81,2.68,3802,78.9,52.6,1551.81,52.6
2020-12-16,Mato Grosso,Itaúba,0.0,0,0,0.0,100,5,5.0,2630.19,131.51,2.63,3802,26.3,0.0,1499.21,0.0
2020-12-14,Mato Grosso,Itaúba,0.0,0,0,0.0,100,5,5.0,2630.19,131.51,2.63,3802,26.3,0.0,1499.21,-26.3
2020-12-13,Mato Grosso,Itaúba,26.3,1,1,26.3,100,5,5.0,2630.19,131.51,2.63,3802,26.3,26.3,1525.51,-315.63
2020-12-12,Mato Grosso,Itaúba,0.0,0,0,0.0,99,4,4.04,2603.89,105.21,2.6,3802,0.0,0.0,1841.14,0.0
2020-12-11,Mato Grosso,Itaúba,0.0,0,0,0.0,99,4,4.04,2603.89,105.21,2.6,3802,0.0,0.0,1841.14,0.0
2020-12-10,Mato Grosso,Itaúba,0.0,0,0,0.0,99,4,4.04,2603.89,105.21,2.6,3802,0.0,0.0,1841.14,0.0
2020-12-09,Mato Grosso,Itaúba,0.0,0,0,0.0,99,4,4.04,2603.89,105.21,2.6,3802,0.0,0.0,1841.14,0.0
2020-12-08,Mato Grosso,Itaúba,0.0,0,0,0.0,99,4,4.04,2603.89,105.21,2.6,3802,0.0,0.0,1841.14,-78.91
2020-12-07,Mato Grosso,Itaúba,0.0,0,0,0.0,99,4,4.04,2603.89,105.21,2.6,3802,0.0,0.0,1920.05,0.0
2020-12-06,Mato Grosso,Itaúba,0.0,0,0,0.0,99,4,4.04,2603.89,105.21,2.6,3802,0.0,0.0,1920.05,-52.6
2020-12-05,Mato Grosso,Itaúba,0.0,0,0,0.0,99,4,4.04,2603.89,105.21,2.6,3802,0.0,0.0,1972.65,0.0
2020-12-04,Mato Grosso,Itaúba,0.0,0,0,0.0,99,4,4.04,2603.89,105.21,2.6,3802,0.0,0.0,1972.65,0.0
2020-12-03,Mato Grosso,Itaúba,0.0,0,0,0.0,99,4,4.04,2603.89,105.21,2.6,3802,0.0,0.0,1972.65,0.0
2020-12-02,Mato Grosso,Itaúba,0.0,0,0,0.0,99,4,4.04,2603.89,105.21,2.6,3802,0.0,0.0,1972.65,0.0
2020-12-01,Mato Grosso,Itaúba,0.0,0,0,0.0,99,4,4.04,2603.89,105.21,2.6,3802,0.0,0.0,1972.65,0.0
2020-11-30,Mato Grosso,Itaúba,0.0,0,0,0.0,99,4,4.04,2603.89,105.21,2.6,3802,0.0,0.0,1972.65,-26.3
2020-11-29,Mato Grosso,Itaúba,0.0,0,0,0.0,99,4,4.04,2603.89,105.21,2.6,3802,0.0,0.0,1998.95,0.0
2020-11-28,Mato Grosso,Itaúba,0.0,0,0,0.0,99,4,4.04,2603.89,105.21,2.6,3802,0.0,0.0,1998.95,78.91
2020-11-27,Mato Grosso,Itaúba,0.0,0,0,0.0,99,4,4.04,2603.89,105.21,2.6,3802,0.0,-1472.91,1920.04,0.0
2020-11-26,Mato Grosso,Itaúba,0.0,0,0,0.0,99,4,4.04,2603.89,105.21,2.6,3802,1472.91,0.0,1920.04,0.0
2020-11-25,Mato Grosso,Itaúba,0.0,0,0,0.0,99,4,4.04,2603.89,105.21,2.6,3802,1472.91,0.0,1920.04,0.0
2020-11-24,Mato Grosso,Itaúba,0.0,0,0,0.0,99,4,4.04,2603.89,105.21,2.6,3802,1472.91,0.0,1920.04,0.0
2020-11-23,Mato Grosso,Itaúba,0.0,0,0,0.0,99,4,4.04,2603.89,105.21,2.6,3802,1472.91,-26.3,1920.04,0.0
2020-11-22,Mato Grosso,Itaúba,0.0,0,0,0.0,99,4,4.04,2603.89,105.21,2.6,3802,1499.21,-341.93,1920.04,0.0
2020-11-21,Mato Grosso,Itaúba,0.0,0,0,0.0,99,4,4.04,2603.89,105.21,2.6,3802,1841.14,0.0,1920.04,0.0
2020-11-20,Mato Grosso,Itaúba,1472.91,56,1,26.3,99,4,4.04,2603.89,105.21,2.6,3802,1841.14,1472.91,1920.04,1446.61
2020-08-10,Mato Grosso,Itaúba,0.0,0,1,26.3,43,3,6.98,1130.98,78.91,1.13,3802,368.23,0.0,473.43,0.0
2020-08-09,Mato Grosso,Itaúba,0.0,0,0,0.0,43,2,4.65,1130.98,52.6,1.13,3802,368.23,0.0,473.43,0.0
2020-08-08,Mato Grosso,Itaúba,0.0,0,0,0.0,43,2,4.65,1130.98,52.6,1.13,3802,368.23,-78.91,473.43,-26.3
2020-08-07,Mato Grosso,Itaúba,26.3,1,0,0.0,43,2,4.65,1130.98,52.6,1.13,3802,447.14,26.3,499.73,26.3
2020-08-06,Mato Grosso,Itaúba,341.93,13,0,0.0,42,2,4.76,1104.68,52.6,1.1,3802,420.84,289.33,473.43,289.33
2020-08-05,Mato Grosso,Itaúba,0.0,0,0,0.0,29,2,6.9,762.76,52.6,0.76,3802,131.51,0.0,184.1,-289.32
2020-08-04,Mato Grosso,Itaúba,0.0,0,0,0.0,29,2,6.9,762.76,52.6,0.76,3802,131.51,0.0,473.42,0.0
2020-08-03,Mato Grosso,Itaúba,0.0,0,0,0.0,29,2,6.9,762.76,52.6,0.76,3802,131.51,0.0,473.42,0.0
2020-08-02,Mato Grosso,Itaúba,0.0,0,0,0.0,29,2,6.9,762.76,52.6,0.76,3802,131.51,0.0,473.42,0.0
2020-08-01,Mato Grosso,Itaúba,78.91,3,0,0.0,29,2,6.9,762.76,52.6,0.76,3802,131.51,78.91,473.42,78.91
2020-07-31,Mato Grosso,Itaúba,0.0,0,0,0.0,26,2,7.69,683.85,52.6,0.68,3802,52.6,-26.3,394.51,0.0
2020-07-30,Mato Grosso,Itaúba,52.6,2,0,0.0,26,2,7.69,683.85,52.6,0.68,3802,78.9,52.6,394.51,-26.31
2020-07-29,Mato Grosso,Itaúba,0.0,0,0,0.0,24,2,8.33,631.25,52.6,0.63,3802,26.3,78.91,420.82,0.0
2020-07-28,Mato Grosso,Itaúba,0.0,0,0,0.0,24,2,8.33,631.25,52.6,0.63,3802,-52.61,0.0,420.82,0.0
2020-07-27,Mato Grosso,Itaúba,0.0,0,0,0.0,24,2,8.33,631.25,52.6,0.63,3802,-52.61,0.0,420.82,0.0
2020-07-26,Mato Grosso,Itaúba,0.0,0,1,26.3,24,2,8.33,631.25,52.6,0.63,3802,-52.61,0.0,420.82,-78.91
2020-07-25,Mato Grosso,Itaúba,0.0,0,0,0.0,24,1,4.17,631.25,26.3,0.63,3802,-52.61,0.0,499.73,0.0
2020-07-24,Mato Grosso,Itaúba,26.3,1,0,0.0,24,1,4.17,631.25,26.3,0.63,3802,-52.61,26.3,499.73,26.3
2020-07-23,Mato Grosso,Itaúba,0.0,0,0,0.0,23,1,4.35,604.94,26.3,0.6,3802,-78.91,0.0,473.43,0.0
2020-07-22,Mato Grosso,Itaúba,-78.91,-3,0,0.0,23,1,4.35,604.94,26.3,0.6,3802,-78.91,-78.91,473.43,-131.51
2020-07-21,Mato Grosso,Itaúba,0.0,0,0,0.0,26,1,3.85,683.85,26.3,0.68,3802,0.0,-26.3,604.94,0.0
2020-07-20,Mato Grosso,Itaúba,0.0,0,0,0.0,26,1,3.85,683.85,26.3,0.68,3802,26.3,0.0,604.94,0.0
2020-07-19,Mato Grosso,Itaúba,0.0,0,0,0.0,26,1,3.85,683.85,26.3,0.68,3802,26.3,0.0,604.94,0.0
2020-07-18,Mato Grosso,Itaúba,0.0,0,0,0.0,26,1,3.85,683.85,26.3,0.68,3802,26.3,-26.3,604.94,-78.91
2020-07-17,Mato Grosso,Itaúba,0.0,0,0,0.0,26,1,3.85,683.85,26.3,0.68,3802,52.6,0.0,683.85,0.0
2020-07-16,Mato Grosso,Itaúba,0.0,0,0,0.0,26,1,3.85,683.85,26.3,0.68,3802,52.6,-52.6,683.85,0.0
2020-07-15,Mato Grosso,Itaúba,0.0,0,0,0.0,26,1,3.85,683.85,26.3,0.68,3802,105.2,-289.32,683.85,0.0
2020-07-14,Mato Grosso,Itaúba,26.3,1,0,0.0,26,1,3.85,683.85,26.3,0.68,3802,394.52,26.3,683.85,26.3
2020-07-12,Mato Grosso,Itaúba,0.0,0,0,0.0,25,1,4.0,657.55,26.3,0.66,3802,368.22,0.0,657.55,0.0
2020-07-11,Mato Grosso,Itaúba,0.0,0,0,0.0,25,1,4.0,657.55,26.3,0.66,3802,368.22,0.0,657.55,0.0
2020-07-10,Mato Grosso,Itaúba,26.3,1,0,0.0,25,1,4.0,657.55,26.3,0.66,3802,368.22,26.3,657.55,26.3
2020-07-09,Mato Grosso,Itaúba,0.0,0,0,0.0,24,1,4.17,631.25,26.3,0.63,3802,341.92,0.0,631.25,0.0
2020-07-08,Mato Grosso,Itaúba,52.6,2,0,0.0,24,1,4.17,631.25,26.3,0.63,3802,341.92,-26.31,631.25,78.9
2020-07-07,Mato Grosso,Itaúba,289.32,11,0,0.0,22,1,4.55,578.64,26.3,0.58,3802,368.23,289.32,552.35,315.62
2020-07-06,Mato Grosso,Itaúba,0.0,0,0,0.0,11,1,9.09,289.32,26.3,0.29,3802,78.91,0.0,236.73,0.0
2020-07-05,Mato Grosso,Itaúba,0.0,0,0,0.0,11,1,9.09,289.32,26.3,0.29,3802,78.91,0.0,236.73,0.0
2020-07-04,Mato Grosso,Itaúba,0.0,0,1,26.3,11,1,9.09,289.32,26.3,0.29,3802,78.91,-78.91,236.73,0.0
2020-07-03,Mato Grosso,Itaúba,0.0,0,0,0.0,11,0,0.0,289.32,0.0,0.29,3802,157.82,0.0,236.73,0.0
2020-07-02,Mato Grosso,Itaúba,0.0,0,0,0.0,11,0,0.0,289.32,0.0,0.29,3802,157.82,0.0,236.73,0.0
2020-07-01,Mato Grosso,Itaúba,78.91,3,0,0.0,11,0,0.0,289.32,0.0,0.29,3802,157.82,78.91,236.73,78.91
2020-06-30,Mato Grosso,Itaúba,0.0,0,0,0.0,8,0,0.0,210.42,0.0,0.21,3802,78.91,-52.6,157.82,0.0
2020-06-29,Mato Grosso,Itaúba,0.0,0,0,0.0,8,0,0.0,210.42,0.0,0.21,3802,131.51,0.0,157.82,0.0
2020-06-28,Mato Grosso,Itaúba,0.0,0,0,0.0,8,0,0.0,210.42,0.0,0.21,3802,131.51,0.0,157.82,0.0
2020-06-27,Mato Grosso,Itaúba,78.91,3,0,0.0,8,0,0.0,210.42,0.0,0.21,3802,131.51,78.91,157.82,78.91
2020-06-26,Mato Grosso,Itaúba,0.0,0,0,0.0,5,0,0.0,131.51,0.0,0.13,3802,52.6,-78.91,78.91,0.0
2020-06-25,Mato Grosso,Itaúba,0.0,0,0,0.0,5,0,0.0,131.51,0.0,0.13,3802,131.51,0.0,78.91,0.0
2020-06-24,Mato Grosso,Itaúba,0.0,0,0,0.0,5,0,0.0,131.51,0.0,0.13,3802,131.51,0.0,78.91,0.0
2020-06-23,Mato Grosso,Itaúba,52.6,2,0,0.0,5,0,0.0,131.51,0.0,0.13,3802,131.51,52.6,78.91,52.6
2020-06-22,Mato Grosso,Itaúba,0.0,0,0,0.0,3,0,0.0,78.91,0.0,0.08,3802,78.91,0.0,26.31,0.0
2020-06-21,Mato Grosso,Itaúba,0.0,0,0,0.0,3,0,0.0,78.91,0.0,0.08,3802,78.91,0.0,26.31,0.0
2020-06-20,Mato Grosso,Itaúba,0.0,0,0,0.0,3,0,0.0,78.91,0.0,0.08,3802,78.91,0.0,26.31,0.0
2020-06-19,Mato Grosso,Itaúba,78.91,3,0,0.0,3,0,0.0,78.91,0.0,0.08,3802,78.91,78.91,26.31,78.91
2020-06-18,Mato Grosso,Itaúba,0.0,0,0,0.0,0,0,0.0,0.0,0.0,0.0,3802,0.0,0.0,-52.6,0.0
2020-06-17,Mato Grosso,Itaúba,0.0,0,0,0.0,0,0,0.0,0.0,0.0,0.0,3802,0.0,26.3,-52.6,0.0
2020-06-16,Mato Grosso,Itaúba,0.0,0,0,0.0,0,0,0.0,0.0,0.0,0.0,3802,-26.3,26.3,-52.6,0.0
2020-06-15,Mato Grosso,Itaúba,0.0,0,0,0.0,0,0,0.0,0.0,0.0,0.0,3802,-52.6,0.0,-52.6,0.0
2020-06-14,Mato Grosso,Itaúba,0.0,0,0,0.0,0,0,0.0,0.0,0.0,0.0,3802,-52.6,0.0,-52.6,0.0
2020-06-13,Mato Grosso,Itaúba,0.0,0,0,0.0,0,0,0.0,0.0,0.0,0.0,3802,-52.6,0.0,-52.6,0.0
2020-06-12,Mato Grosso,Itaúba,0.0,0,0,0.0,0,0,0.0,0.0,0.0,0.0,3802,-52.6,0.0,-52.6,0.0
2020-06-11,Mato Grosso,Itaúba,0.0,0,0,0.0,0,0,0.0,0.0,0.0,0.0,3802,-52.6,0.0,-52.6,0.0
2020-06-10,Mato Grosso,Itaúba,-26.3,-1,0,0.0,0,0,0.0,0.0,0.0,0.0,3802,-52.6,-26.3,-52.6,-26.3
2020-06-09,Mato Grosso,Itaúba,-26.3,-1,0,0.0,1,0,0.0,26.3,0.0,0.03,3802,-26.3,-26.3,-26.3,-26.3
