date,state,city,1day_cases_100k,new_cases,new_deaths,new_deaths_100k,total_cases,total_deaths,cfr%,total_cases_100k,total_deaths_100k,%infected,population,7day_cases_100k,7day_cases_change,28day_cases_100k,28day_cases_change
2021-02-08,Mato Grosso,Nova Canaã do Norte,0.0,0,0,0.0,561,10,1.78,4387.27,78.2,4.39,12787,117.31,-54.74,1180.88,0.0
2021-02-07,Mato Grosso,Nova Canaã do Norte,0.0,0,0,0.0,561,10,1.78,4387.27,78.2,4.39,12787,172.05,0.0,1180.88,-172.05
2021-02-06,Mato Grosso,Nova Canaã do Norte,7.82,1,0,0.0,561,10,1.78,4387.27,78.2,4.39,12787,172.05,0.0,1352.93,-195.51
2021-02-05,Mato Grosso,Nova Canaã do Norte,7.82,1,0,0.0,560,10,1.79,4379.45,78.2,4.38,12787,172.05,-31.28,1548.44,-31.28
2021-02-04,Mato Grosso,Nova Canaã do Norte,101.67,13,0,0.0,559,10,1.79,4371.63,78.2,4.37,12787,203.33,62.57,1579.72,7.82
2021-02-03,Mato Grosso,Nova Canaã do Norte,0.0,0,0,0.0,546,10,1.83,4269.96,78.2,4.27,12787,140.76,-101.67,1571.9,-179.87
2021-02-02,Mato Grosso,Nova Canaã do Norte,0.0,0,1,7.82,546,10,1.83,4269.96,78.2,4.27,12787,242.43,0.0,1751.77,0.0
2021-02-01,Mato Grosso,Nova Canaã do Norte,54.74,7,0,0.0,546,9,1.65,4269.96,70.38,4.27,12787,242.43,54.74,1751.77,54.74
2021-01-31,Mato Grosso,Nova Canaã do Norte,0.0,0,0,0.0,539,9,1.67,4215.22,70.38,4.22,12787,187.69,0.0,1697.03,0.0
2021-01-30,Mato Grosso,Nova Canaã do Norte,7.82,1,0,0.0,539,9,1.67,4215.22,70.38,4.22,12787,187.69,0.0,1697.03,0.0
2021-01-29,Mato Grosso,Nova Canaã do Norte,39.1,5,1,7.82,538,9,1.67,4207.4,70.38,4.21,12787,187.69,31.28,1697.03,-101.67
2021-01-28,Mato Grosso,Nova Canaã do Norte,39.1,5,0,0.0,533,8,1.5,4168.3,62.56,4.17,12787,156.41,-187.69,1798.7,-39.1
2021-01-27,Mato Grosso,Nova Canaã do Norte,101.67,13,0,0.0,528,8,1.52,4129.19,62.56,4.13,12787,344.1,101.67,1837.8,101.67
2021-01-26,Mato Grosso,Nova Canaã do Norte,0.0,0,0,0.0,515,8,1.55,4027.53,62.56,4.03,12787,242.43,-70.38,1736.13,0.0
2021-01-25,Mato Grosso,Nova Canaã do Norte,0.0,0,0,0.0,515,8,1.55,4027.53,62.56,4.03,12787,312.81,-187.69,1736.13,0.0
2021-01-24,Mato Grosso,Nova Canaã do Norte,0.0,0,0,0.0,515,8,1.55,4027.53,62.56,4.03,12787,500.5,0.0,1736.13,0.0
2021-01-23,Mato Grosso,Nova Canaã do Norte,7.82,1,0,0.0,515,8,1.55,4027.53,62.56,4.03,12787,500.5,7.82,1736.13,-23.46
2021-01-22,Mato Grosso,Nova Canaã do Norte,7.82,1,0,0.0,514,8,1.56,4019.71,62.56,4.02,12787,492.68,-7.82,1759.59,-54.74
2021-01-21,Mato Grosso,Nova Canaã do Norte,226.79,29,0,0.0,513,8,1.56,4011.89,62.56,4.01,12787,500.5,86.02,1814.33,226.79
2021-01-20,Mato Grosso,Nova Canaã do Norte,0.0,0,0,0.0,484,8,1.65,3785.09,62.56,3.79,12787,414.48,-156.41,1587.54,0.0
2021-01-19,Mato Grosso,Nova Canaã do Norte,70.38,9,0,0.0,484,8,1.65,3785.09,62.56,3.79,12787,570.89,62.56,1587.54,70.38
2021-01-18,Mato Grosso,Nova Canaã do Norte,187.69,24,0,0.0,475,8,1.68,3714.71,62.56,3.71,12787,508.33,187.69,1517.16,125.13
2021-01-17,Mato Grosso,Nova Canaã do Norte,0.0,0,0,0.0,451,8,1.77,3527.02,62.56,3.53,12787,320.64,-172.05,1392.03,0.0
2021-01-16,Mato Grosso,Nova Canaã do Norte,0.0,0,0,0.0,451,8,1.77,3527.02,62.56,3.53,12787,492.69,-203.33,1392.03,-62.56
2021-01-15,Mato Grosso,Nova Canaã do Norte,15.64,2,0,0.0,451,8,1.77,3527.02,62.56,3.53,12787,696.02,-23.46,1454.59,-23.46
2021-01-13,Mato Grosso,Nova Canaã do Norte,140.77,18,0,0.0,449,8,1.78,3511.38,62.56,3.51,12787,719.48,46.92,1478.05,125.13
2021-01-12,Mato Grosso,Nova Canaã do Norte,156.41,20,0,0.0,431,8,1.86,3370.61,62.56,3.37,12787,672.56,-23.46,1352.92,156.41
2021-01-11,Mato Grosso,Nova Canaã do Norte,7.82,1,0,0.0,411,8,1.95,3214.2,62.56,3.21,12787,696.02,7.82,1196.51,-31.28
2021-01-10,Mato Grosso,Nova Canaã do Norte,0.0,0,0,0.0,410,8,1.95,3206.38,62.56,3.21,12787,688.2,0.0,1227.79,0.0
2021-01-09,Mato Grosso,Nova Canaã do Norte,172.05,22,0,0.0,410,8,1.95,3206.38,62.56,3.21,12787,688.2,172.05,1227.79,172.05
2021-01-07,Mato Grosso,Nova Canaã do Norte,203.33,26,0,0.0,388,8,2.06,3034.33,62.56,3.03,12787,516.15,195.51,1055.74,195.51
2021-01-06,Mato Grosso,Nova Canaã do Norte,39.1,5,0,0.0,362,8,2.21,2831.0,62.56,2.83,12787,320.64,-101.67,860.23,39.1
2021-01-05,Mato Grosso,Nova Canaã do Norte,93.85,12,0,0.0,357,8,2.24,2791.9,62.56,2.79,12787,422.31,15.65,821.13,93.85
2021-01-04,Mato Grosso,Nova Canaã do Norte,179.87,23,1,7.82,345,8,2.32,2698.05,62.56,2.7,12787,406.66,179.87,727.28,179.87
2021-01-03,Mato Grosso,Nova Canaã do Norte,0.0,0,0,0.0,322,7,2.17,2518.18,54.74,2.52,12787,226.79,0.0,547.41,0.0
2021-01-02,Mato Grosso,Nova Canaã do Norte,0.0,0,0,0.0,322,7,2.17,2518.18,54.74,2.52,12787,226.79,0.0,547.41,-7.82
2021-01-01,Mato Grosso,Nova Canaã do Norte,0.0,0,0,0.0,322,7,2.17,2518.18,54.74,2.52,12787,226.79,0.0,555.23,0.0
2020-12-31,Mato Grosso,Nova Canaã do Norte,7.82,1,0,0.0,322,7,2.17,2518.18,54.74,2.52,12787,226.79,-23.46,555.23,7.82
2020-12-30,Mato Grosso,Nova Canaã do Norte,140.77,18,0,0.0,321,7,2.18,2510.36,54.74,2.51,12787,250.25,78.21,547.41,140.77
2020-12-29,Mato Grosso,Nova Canaã do Norte,78.2,10,0,0.0,303,7,2.31,2369.59,54.74,2.37,12787,172.04,78.2,406.64,78.2
2020-12-28,Mato Grosso,Nova Canaã do Norte,0.0,0,0,0.0,293,7,2.39,2291.39,54.74,2.29,12787,93.84,0.0,328.44,0.0
2020-12-27,Mato Grosso,Nova Canaã do Norte,0.0,0,0,0.0,293,7,2.39,2291.39,54.74,2.29,12787,93.84,0.0,328.44,0.0
2020-12-26,Mato Grosso,Nova Canaã do Norte,0.0,0,0,0.0,293,7,2.39,2291.39,54.74,2.29,12787,93.84,-62.56,328.44,-7.82
2020-12-25,Mato Grosso,Nova Canaã do Norte,0.0,0,0,0.0,293,7,2.39,2291.39,54.74,2.29,12787,156.4,0.0,336.26,0.0
2020-12-24,Mato Grosso,Nova Canaã do Norte,31.28,4,0,0.0,293,7,2.39,2291.39,54.74,2.29,12787,156.4,-31.28,336.26,31.28
2020-12-23,Mato Grosso,Nova Canaã do Norte,62.56,8,0,0.0,289,7,2.42,2260.11,54.74,2.26,12787,187.68,23.46,304.98,62.56
2020-12-22,Mato Grosso,Nova Canaã do Norte,0.0,0,0,0.0,281,7,2.49,2197.54,54.74,2.2,12787,164.22,-15.64,242.42,0.0
2020-12-21,Mato Grosso,Nova Canaã do Norte,0.0,0,0,0.0,281,7,2.49,2197.54,54.74,2.2,12787,179.86,0.0,242.42,0.0
2020-12-20,Mato Grosso,Nova Canaã do Norte,0.0,0,0,0.0,281,7,2.49,2197.54,54.74,2.2,12787,179.86,-39.1,242.42,0.0
2020-12-19,Mato Grosso,Nova Canaã do Norte,62.56,8,0,0.0,281,7,2.49,2197.54,54.74,2.2,12787,218.96,62.56,242.42,-883.71
2020-12-18,Mato Grosso,Nova Canaã do Norte,0.0,0,0,0.0,273,7,2.56,2134.98,54.74,2.13,12787,156.4,0.0,1126.13,-46.92
2020-12-17,Mato Grosso,Nova Canaã do Norte,62.56,8,0,0.0,273,7,2.56,2134.98,54.74,2.13,12787,156.4,54.74,1173.05,62.56
2020-12-16,Mato Grosso,Nova Canaã do Norte,39.1,5,0,0.0,265,7,2.64,2072.42,54.74,2.07,12787,101.66,39.1,1110.49,39.1
2020-12-14,Mato Grosso,Nova Canaã do Norte,15.64,2,0,0.0,260,7,2.69,2033.32,54.74,2.03,12787,62.56,15.64,1071.39,-23.46
2020-12-13,Mato Grosso,Nova Canaã do Norte,0.0,0,0,0.0,258,7,2.71,2017.67,54.74,2.02,12787,46.92,0.0,1094.85,-23.46
2020-12-12,Mato Grosso,Nova Canaã do Norte,39.1,5,0,0.0,258,7,2.71,2017.67,54.74,2.02,12787,46.92,39.1,1118.31,23.46
2020-12-11,Mato Grosso,Nova Canaã do Norte,0.0,0,0,0.0,253,7,2.77,1978.57,54.74,1.98,12787,7.82,-7.82,1094.85,-187.69
2020-12-10,Mato Grosso,Nova Canaã do Norte,0.0,0,0,0.0,253,7,2.77,1978.57,54.74,1.98,12787,15.64,0.0,1282.54,-46.92
2020-12-09,Mato Grosso,Nova Canaã do Norte,7.82,1,0,0.0,253,7,2.77,1978.57,54.74,1.98,12787,15.64,7.82,1329.46,7.82
2020-12-08,Mato Grosso,Nova Canaã do Norte,0.0,0,0,0.0,252,7,2.78,1970.75,54.74,1.97,12787,7.82,0.0,1321.64,0.0
2020-12-07,Mato Grosso,Nova Canaã do Norte,0.0,0,0,0.0,252,7,2.78,1970.75,54.74,1.97,12787,7.82,0.0,1321.64,0.0
2020-12-06,Mato Grosso,Nova Canaã do Norte,0.0,0,0,0.0,252,7,2.78,1970.75,54.74,1.97,12787,7.82,0.0,1321.64,-7.82
2020-12-05,Mato Grosso,Nova Canaã do Norte,0.0,0,0,0.0,252,7,2.78,1970.75,54.74,1.97,12787,7.82,0.0,1329.46,-7.82
2020-12-04,Mato Grosso,Nova Canaã do Norte,7.82,1,0,0.0,252,7,2.78,1970.75,54.74,1.97,12787,7.82,0.0,1337.28,-31.28
2020-12-03,Mato Grosso,Nova Canaã do Norte,0.0,0,0,0.0,251,7,2.79,1962.93,54.74,1.96,12787,7.82,0.0,1368.56,-125.13
2020-12-02,Mato Grosso,Nova Canaã do Norte,0.0,0,0,0.0,251,7,2.79,1962.93,54.74,1.96,12787,7.82,0.0,1493.69,0.0
2020-12-01,Mato Grosso,Nova Canaã do Norte,0.0,0,0,0.0,251,7,2.79,1962.93,54.74,1.96,12787,7.82,0.0,1493.69,0.0
2020-11-30,Mato Grosso,Nova Canaã do Norte,0.0,0,0,0.0,251,7,2.79,1962.93,54.74,1.96,12787,7.82,0.0,1493.69,-101.67
2020-11-29,Mato Grosso,Nova Canaã do Norte,0.0,0,0,0.0,251,7,2.79,1962.93,54.74,1.96,12787,7.82,0.0,1595.36,0.0
2020-11-28,Mato Grosso,Nova Canaã do Norte,0.0,0,0,0.0,251,7,2.79,1962.93,54.74,1.96,12787,7.82,0.0,1595.36,-54.74
2020-11-27,Mato Grosso,Nova Canaã do Norte,7.82,1,0,0.0,251,7,2.79,1962.93,54.74,1.96,12787,7.82,-938.45,1650.1,-46.92
2020-11-26,Mato Grosso,Nova Canaã do Norte,0.0,0,0,0.0,250,7,2.8,1955.11,54.74,1.96,12787,946.27,-46.92,1697.02,-109.49
2020-11-25,Mato Grosso,Nova Canaã do Norte,0.0,0,0,0.0,250,7,2.8,1955.11,54.74,1.96,12787,993.19,0.0,1806.51,62.56
2020-11-24,Mato Grosso,Nova Canaã do Norte,0.0,0,0,0.0,250,7,2.8,1955.11,54.74,1.96,12787,993.19,0.0,1743.95,0.0
2020-11-23,Mato Grosso,Nova Canaã do Norte,0.0,0,0,0.0,250,7,2.8,1955.11,54.74,1.96,12787,993.19,-39.1,1743.95,31.28
2020-11-22,Mato Grosso,Nova Canaã do Norte,0.0,0,0,0.0,250,7,2.8,1955.11,54.74,1.96,12787,1032.29,-23.46,1712.67,-7.82
2020-11-21,Mato Grosso,Nova Canaã do Norte,0.0,0,0,0.0,250,7,2.8,1955.11,54.74,1.96,12787,1055.75,-15.64,1720.49,-125.13
2020-11-20,Mato Grosso,Nova Canaã do Norte,946.27,121,5,39.1,250,7,2.8,1955.11,54.74,1.96,12787,1071.39,758.58,1845.62,969.73
2020-08-10,Mato Grosso,Nova Canaã do Norte,46.92,6,0,0.0,129,2,1.55,1008.84,15.64,1.01,12787,312.81,0.0,875.89,46.92
2020-08-09,Mato Grosso,Nova Canaã do Norte,0.0,0,0,0.0,123,2,1.63,961.91,15.64,0.96,12787,312.81,0.0,828.97,0.0
2020-08-08,Mato Grosso,Nova Canaã do Norte,0.0,0,0,0.0,123,2,1.63,961.91,15.64,0.96,12787,312.81,0.0,828.97,-23.46
2020-08-07,Mato Grosso,Nova Canaã do Norte,39.1,5,0,0.0,123,2,1.63,961.91,15.64,0.96,12787,312.81,39.1,852.43,39.1
2020-08-06,Mato Grosso,Nova Canaã do Norte,23.46,3,0,0.0,118,2,1.69,922.81,15.64,0.92,12787,273.71,15.64,813.33,23.46
2020-08-05,Mato Grosso,Nova Canaã do Norte,15.64,2,0,0.0,115,2,1.74,899.35,15.64,0.9,12787,258.07,7.82,789.87,15.64
2020-08-04,Mato Grosso,Nova Canaã do Norte,187.69,24,0,0.0,113,2,1.77,883.71,15.64,0.88,12787,250.25,148.59,774.23,164.23
2020-08-03,Mato Grosso,Nova Canaã do Norte,46.92,6,1,7.82,89,2,2.25,696.02,15.64,0.7,12787,101.66,-78.21,610.0,46.92
2020-08-02,Mato Grosso,Nova Canaã do Norte,0.0,0,0,0.0,83,1,1.2,649.1,7.82,0.65,12787,179.87,0.0,563.08,0.0
2020-08-01,Mato Grosso,Nova Canaã do Norte,0.0,0,0,0.0,83,1,1.2,649.1,7.82,0.65,12787,179.87,0.0,563.08,-15.64
2020-07-31,Mato Grosso,Nova Canaã do Norte,0.0,0,1,7.82,83,1,1.2,649.1,7.82,0.65,12787,179.87,-101.67,578.72,7.82
2020-07-30,Mato Grosso,Nova Canaã do Norte,7.82,1,0,0.0,83,0,0.0,649.1,0.0,0.65,12787,281.54,7.82,570.9,-15.64
2020-07-29,Mato Grosso,Nova Canaã do Norte,7.82,1,0,0.0,82,0,0.0,641.28,0.0,0.64,12787,273.72,-46.92,586.54,7.82
2020-07-28,Mato Grosso,Nova Canaã do Norte,39.1,5,0,0.0,81,0,0.0,633.46,0.0,0.63,12787,320.64,-15.64,578.72,39.1
2020-07-27,Mato Grosso,Nova Canaã do Norte,125.13,16,0,0.0,76,0,0.0,594.35,0.0,0.59,12787,336.28,15.64,539.62,125.13
2020-07-26,Mato Grosso,Nova Canaã do Norte,0.0,0,0,0.0,60,0,0.0,469.23,0.0,0.47,12787,320.64,62.56,414.49,0.0
2020-07-25,Mato Grosso,Nova Canaã do Norte,0.0,0,0,0.0,60,0,0.0,469.23,0.0,0.47,12787,258.08,0.0,414.49,-23.46
2020-07-24,Mato Grosso,Nova Canaã do Norte,101.67,13,0,0.0,60,0,0.0,469.23,0.0,0.47,12787,258.08,132.95,437.95,101.67
2020-07-23,Mato Grosso,Nova Canaã do Norte,0.0,0,0,0.0,47,0,0.0,367.56,0.0,0.37,12787,125.13,-7.82,336.28,-15.64
2020-07-22,Mato Grosso,Nova Canaã do Norte,54.74,7,0,0.0,47,0,0.0,367.56,0.0,0.37,12787,132.95,-70.39,351.92,54.74
2020-07-21,Mato Grosso,Nova Canaã do Norte,54.74,7,0,0.0,40,0,0.0,312.82,0.0,0.31,12787,203.34,78.2,297.18,54.74
2020-07-20,Mato Grosso,Nova Canaã do Norte,109.49,14,0,0.0,33,0,0.0,258.07,0.0,0.26,12787,125.14,109.49,242.44,109.49
2020-07-19,Mato Grosso,Nova Canaã do Norte,-62.56,-8,0,0.0,19,0,0.0,148.59,0.0,0.15,12787,15.65,-62.56,132.95,-62.56
2020-07-18,Mato Grosso,Nova Canaã do Norte,0.0,0,0,0.0,27,0,0.0,211.15,0.0,0.21,12787,78.21,-23.46,195.51,0.0
2020-07-17,Mato Grosso,Nova Canaã do Norte,-31.28,-4,0,0.0,27,0,0.0,211.15,0.0,0.21,12787,101.67,-31.28,195.51,-31.28
2020-07-16,Mato Grosso,Nova Canaã do Norte,7.82,1,0,0.0,31,0,0.0,242.43,0.0,0.24,12787,132.95,7.82,226.79,7.82
2020-07-15,Mato Grosso,Nova Canaã do Norte,125.13,16,0,0.0,30,0,0.0,234.61,0.0,0.23,12787,125.13,125.13,218.97,125.13
2020-07-14,Mato Grosso,Nova Canaã do Norte,-23.46,-3,0,0.0,14,0,0.0,109.49,0.0,0.11,12787,0.0,-46.92,93.84,-23.46
2020-07-12,Mato Grosso,Nova Canaã do Norte,0.0,0,0,0.0,17,0,0.0,132.95,0.0,0.13,12787,46.92,0.0,117.3,0.0
2020-07-11,Mato Grosso,Nova Canaã do Norte,0.0,0,0,0.0,17,0,0.0,132.95,0.0,0.13,12787,46.92,0.0,117.3,0.0
2020-07-10,Mato Grosso,Nova Canaã do Norte,23.46,3,0,0.0,17,0,0.0,132.95,0.0,0.13,12787,46.92,7.82,117.3,23.46
2020-07-09,Mato Grosso,Nova Canaã do Norte,0.0,0,0,0.0,14,0,0.0,109.49,0.0,0.11,12787,39.1,7.82,93.84,0.0
2020-07-08,Mato Grosso,Nova Canaã do Norte,0.0,0,0,0.0,14,0,0.0,109.49,0.0,0.11,12787,31.28,-23.46,93.84,0.0
2020-07-07,Mato Grosso,Nova Canaã do Norte,0.0,0,0,0.0,14,0,0.0,109.49,0.0,0.11,12787,54.74,0.0,93.84,0.0
2020-07-06,Mato Grosso,Nova Canaã do Norte,23.46,3,0,0.0,14,0,0.0,109.49,0.0,0.11,12787,54.74,23.46,93.84,23.46
2020-07-05,Mato Grosso,Nova Canaã do Norte,0.0,0,0,0.0,11,0,0.0,86.02,0.0,0.09,12787,31.28,0.0,70.38,0.0
2020-07-04,Mato Grosso,Nova Canaã do Norte,0.0,0,0,0.0,11,0,0.0,86.02,0.0,0.09,12787,31.28,0.0,70.38,0.0
2020-07-03,Mato Grosso,Nova Canaã do Norte,15.64,2,0,0.0,11,0,0.0,86.02,0.0,0.09,12787,31.28,-7.82,70.38,15.64
2020-07-02,Mato Grosso,Nova Canaã do Norte,-7.82,-1,0,0.0,9,0,0.0,70.38,0.0,0.07,12787,39.1,-7.82,54.74,-7.82
2020-07-01,Mato Grosso,Nova Canaã do Norte,23.46,3,0,0.0,10,0,0.0,78.2,0.0,0.08,12787,46.92,7.82,62.56,23.46
2020-06-30,Mato Grosso,Nova Canaã do Norte,0.0,0,0,0.0,7,0,0.0,54.74,0.0,0.05,12787,39.1,0.0,39.1,0.0
2020-06-29,Mato Grosso,Nova Canaã do Norte,0.0,0,0,0.0,7,0,0.0,54.74,0.0,0.05,12787,39.1,0.0,39.1,0.0
2020-06-28,Mato Grosso,Nova Canaã do Norte,0.0,0,0,0.0,7,0,0.0,54.74,0.0,0.05,12787,39.1,0.0,39.1,0.0
2020-06-27,Mato Grosso,Nova Canaã do Norte,0.0,0,0,0.0,7,0,0.0,54.74,0.0,0.05,12787,39.1,0.0,39.1,0.0
2020-06-26,Mato Grosso,Nova Canaã do Norte,23.46,3,0,0.0,7,0,0.0,54.74,0.0,0.05,12787,39.1,23.46,39.1,23.46
2020-06-25,Mato Grosso,Nova Canaã do Norte,0.0,0,0,0.0,4,0,0.0,31.28,0.0,0.03,12787,15.64,0.0,15.64,0.0
2020-06-24,Mato Grosso,Nova Canaã do Norte,15.64,2,0,0.0,4,0,0.0,31.28,0.0,0.03,12787,15.64,15.64,15.64,15.64
2020-06-23,Mato Grosso,Nova Canaã do Norte,0.0,0,0,0.0,2,0,0.0,15.64,0.0,0.02,12787,0.0,0.0,0.0,0.0
2020-06-22,Mato Grosso,Nova Canaã do Norte,0.0,0,0,0.0,2,0,0.0,15.64,0.0,0.02,12787,0.0,0.0,0.0,0.0
2020-06-21,Mato Grosso,Nova Canaã do Norte,0.0,0,0,0.0,2,0,0.0,15.64,0.0,0.02,12787,0.0,0.0,0.0,0.0
2020-06-20,Mato Grosso,Nova Canaã do Norte,0.0,0,0,0.0,2,0,0.0,15.64,0.0,0.02,12787,0.0,0.0,0.0,0.0
2020-06-19,Mato Grosso,Nova Canaã do Norte,0.0,0,0,0.0,2,0,0.0,15.64,0.0,0.02,12787,0.0,0.0,0.0,0.0
2020-06-18,Mato Grosso,Nova Canaã do Norte,0.0,0,0,0.0,2,0,0.0,15.64,0.0,0.02,12787,0.0,0.0,0.0,0.0
