date,state,city,1day_cases_100k,new_cases,new_deaths,new_deaths_100k,total_cases,total_deaths,cfr%,total_cases_100k,total_deaths_100k,%infected,population,7day_cases_100k,7day_cases_change,28day_cases_100k,28day_cases_change
2020-12-21,Mato Grosso,Nova Olímpia,4.93,1,0,0.0,531,15,2.82,2615.63,73.89,2.62,20301,4.93,4.93,305.42,4.93
2020-12-19,Mato Grosso,Nova Olímpia,0.0,0,0,0.0,530,15,2.83,2610.71,73.89,2.61,20301,0.0,-93.59,300.49,-1369.39
2020-12-18,Mato Grosso,Nova Olímpia,0.0,0,0,0.0,530,15,2.83,2610.71,73.89,2.61,20301,93.59,0.0,1669.88,-44.33
2020-12-17,Mato Grosso,Nova Olímpia,0.0,0,-1,-4.93,530,15,2.83,2610.71,73.89,2.61,20301,93.59,0.0,1714.21,-4.93
2020-12-16,Mato Grosso,Nova Olímpia,0.0,0,0,0.0,530,16,3.02,2610.71,78.81,2.61,20301,93.59,0.0,1719.14,-4.93
2020-12-14,Mato Grosso,Nova Olímpia,0.0,0,0,0.0,530,16,3.02,2610.71,78.81,2.61,20301,93.59,-103.44,1724.07,-39.41
2020-12-13,Mato Grosso,Nova Olímpia,0.0,0,0,0.0,530,16,3.02,2610.71,78.81,2.61,20301,197.03,-4.93,1763.48,0.0
2020-12-12,Mato Grosso,Nova Olímpia,0.0,0,0,0.0,530,16,3.02,2610.71,78.81,2.61,20301,201.96,-4.93,1763.48,-118.22
2020-12-11,Mato Grosso,Nova Olímpia,93.59,19,0,0.0,530,16,3.02,2610.71,78.81,2.61,20301,206.89,93.59,1881.7,83.74
2020-12-10,Mato Grosso,Nova Olímpia,0.0,0,0,0.0,511,16,3.13,2517.12,78.81,2.52,20301,113.3,-4.93,1797.96,0.0
2020-12-09,Mato Grosso,Nova Olímpia,0.0,0,0,0.0,511,16,3.13,2517.12,78.81,2.52,20301,118.23,0.0,1797.96,0.0
2020-12-08,Mato Grosso,Nova Olímpia,0.0,0,0,0.0,511,16,3.13,2517.12,78.81,2.52,20301,118.23,0.0,1797.96,0.0
2020-12-07,Mato Grosso,Nova Olímpia,103.44,21,0,0.0,511,16,3.13,2517.12,78.81,2.52,20301,118.23,103.44,1797.96,98.51
2020-12-06,Mato Grosso,Nova Olímpia,4.93,1,0,0.0,490,16,3.27,2413.67,78.81,2.41,20301,14.79,4.93,1699.45,-59.11
2020-12-05,Mato Grosso,Nova Olímpia,4.93,1,0,0.0,489,16,3.27,2408.75,78.81,2.41,20301,9.86,4.93,1758.56,-14.77
2020-12-04,Mato Grosso,Nova Olímpia,0.0,0,0,0.0,488,16,3.28,2403.82,78.81,2.4,20301,4.93,-88.67,1773.33,-68.96
2020-12-03,Mato Grosso,Nova Olímpia,4.93,1,0,0.0,488,16,3.28,2403.82,78.81,2.4,20301,93.6,4.93,1842.29,-24.63
2020-12-02,Mato Grosso,Nova Olímpia,0.0,0,0,0.0,487,16,3.29,2398.9,78.81,2.4,20301,88.67,0.0,1866.92,0.0
2020-12-01,Mato Grosso,Nova Olímpia,0.0,0,0,0.0,487,16,3.29,2398.9,78.81,2.4,20301,88.67,0.0,1866.92,-4.93
2020-11-30,Mato Grosso,Nova Olímpia,0.0,0,0,0.0,487,16,3.29,2398.9,78.81,2.4,20301,88.67,0.0,1871.85,-19.7
2020-11-29,Mato Grosso,Nova Olímpia,0.0,0,0,0.0,487,16,3.29,2398.9,78.81,2.4,20301,88.67,0.0,1891.55,-88.67
2020-11-28,Mato Grosso,Nova Olímpia,0.0,0,0,0.0,487,16,3.29,2398.9,78.81,2.4,20301,88.67,0.0,1980.22,-29.56
2020-11-27,Mato Grosso,Nova Olímpia,88.67,18,0,0.0,487,16,3.29,2398.9,78.81,2.4,20301,88.67,-1280.72,2009.78,73.89
2020-11-26,Mato Grosso,Nova Olímpia,0.0,0,0,0.0,469,16,3.41,2310.23,78.81,2.31,20301,1369.39,-44.33,1935.89,-24.63
2020-11-25,Mato Grosso,Nova Olímpia,0.0,0,0,0.0,469,16,3.41,2310.23,78.81,2.31,20301,1413.72,-4.93,1960.52,4.93
2020-11-24,Mato Grosso,Nova Olímpia,0.0,0,0,0.0,469,16,3.41,2310.23,78.81,2.31,20301,1418.65,-4.93,1955.59,-14.78
2020-11-23,Mato Grosso,Nova Olímpia,0.0,0,0,0.0,469,16,3.41,2310.23,78.81,2.31,20301,1423.58,-39.41,1970.37,-34.48
2020-11-22,Mato Grosso,Nova Olímpia,0.0,0,0,0.0,469,16,3.41,2310.23,78.81,2.31,20301,1462.99,0.0,2004.85,-14.78
2020-11-21,Mato Grosso,Nova Olímpia,0.0,0,0,0.0,469,16,3.41,2310.23,78.81,2.31,20301,1462.99,-118.22,2019.63,-68.96
2020-11-20,Mato Grosso,Nova Olímpia,1369.39,278,6,29.56,469,16,3.41,2310.23,78.81,2.31,20301,1581.21,1359.54,2088.59,1384.17
2020-08-10,Mato Grosso,Nova Olímpia,44.33,9,1,4.93,191,10,5.24,940.84,49.26,0.94,20301,221.67,44.33,704.42,44.33
2020-08-09,Mato Grosso,Nova Olímpia,4.93,1,0,0.0,182,9,4.95,896.51,44.33,0.9,20301,177.34,4.93,660.09,-9.85
2020-08-08,Mato Grosso,Nova Olímpia,4.93,1,0,0.0,181,9,4.97,891.58,44.33,0.89,20301,172.41,4.93,669.94,4.93
2020-08-07,Mato Grosso,Nova Olímpia,39.41,8,0,0.0,180,9,5.0,886.66,44.33,0.89,20301,167.48,34.48,665.01,39.41
2020-08-06,Mato Grosso,Nova Olímpia,0.0,0,0,0.0,172,9,5.23,847.25,44.33,0.85,20301,133.0,-64.04,625.6,0.0
2020-08-05,Mato Grosso,Nova Olímpia,118.22,24,1,4.93,172,9,5.23,847.25,44.33,0.85,20301,197.04,98.52,625.6,68.96
2020-08-04,Mato Grosso,Nova Olímpia,9.85,2,0,0.0,148,8,5.41,729.03,39.41,0.73,20301,98.52,-59.11,556.64,9.85
2020-08-03,Mato Grosso,Nova Olímpia,0.0,0,0,0.0,146,8,5.48,719.18,39.41,0.72,20301,157.63,-29.56,546.79,4.93
2020-08-02,Mato Grosso,Nova Olímpia,0.0,0,1,4.93,146,8,5.48,719.18,39.41,0.72,20301,187.19,0.0,541.86,-34.48
2020-08-01,Mato Grosso,Nova Olímpia,0.0,0,0,0.0,146,7,4.79,719.18,34.48,0.72,20301,187.19,-4.93,576.34,-4.93
2020-07-31,Mato Grosso,Nova Olímpia,4.93,1,0,0.0,146,7,4.79,719.18,34.48,0.72,20301,192.12,-14.77,581.27,4.93
2020-07-30,Mato Grosso,Nova Olímpia,64.04,13,0,0.0,145,7,4.83,714.25,34.48,0.71,20301,206.89,-24.63,576.34,44.34
2020-07-29,Mato Grosso,Nova Olímpia,19.7,4,1,4.93,132,7,5.3,650.21,34.48,0.65,20301,231.52,-9.86,532.0,14.77
2020-07-28,Mato Grosso,Nova Olímpia,68.96,14,0,0.0,128,6,4.69,630.51,29.56,0.63,20301,241.38,54.18,517.23,44.33
2020-07-27,Mato Grosso,Nova Olímpia,29.56,6,0,0.0,114,6,5.26,561.55,29.56,0.56,20301,187.2,4.93,472.9,29.56
2020-07-26,Mato Grosso,Nova Olímpia,0.0,0,0,0.0,108,6,5.56,531.99,29.56,0.53,20301,182.27,4.93,443.34,0.0
2020-07-25,Mato Grosso,Nova Olímpia,4.93,1,1,4.93,108,6,5.56,531.99,29.56,0.53,20301,177.34,-9.85,443.34,4.93
2020-07-24,Mato Grosso,Nova Olímpia,19.7,4,0,0.0,107,5,4.67,527.07,24.63,0.53,20301,187.19,-14.78,438.41,0.0
2020-07-23,Mato Grosso,Nova Olímpia,88.67,18,0,0.0,103,5,4.85,507.36,24.63,0.51,20301,201.97,73.89,438.41,88.67
2020-07-22,Mato Grosso,Nova Olímpia,29.56,6,0,0.0,85,5,5.88,418.7,24.63,0.42,20301,128.08,-39.4,349.74,24.63
2020-07-21,Mato Grosso,Nova Olímpia,14.78,3,0,0.0,79,5,6.33,389.14,24.63,0.39,20301,167.48,29.56,325.11,9.85
2020-07-20,Mato Grosso,Nova Olímpia,24.63,5,0,0.0,76,5,6.58,374.37,24.63,0.37,20301,137.92,24.63,315.26,24.63
2020-07-19,Mato Grosso,Nova Olímpia,-4.93,-1,0,0.0,71,5,7.04,349.74,24.63,0.35,20301,113.29,-19.71,290.63,-14.78
2020-07-18,Mato Grosso,Nova Olímpia,14.78,3,1,4.93,72,5,6.94,354.66,24.63,0.35,20301,133.0,14.78,305.41,14.78
2020-07-17,Mato Grosso,Nova Olímpia,34.48,7,1,4.93,69,4,5.8,339.88,19.7,0.34,20301,118.22,34.48,290.63,34.48
2020-07-16,Mato Grosso,Nova Olímpia,14.78,3,0,0.0,62,3,4.84,305.4,14.78,0.31,20301,83.74,14.78,256.15,4.93
2020-07-15,Mato Grosso,Nova Olímpia,68.96,14,-2,-9.85,59,3,5.08,290.63,14.78,0.29,20301,68.96,19.7,251.22,59.11
2020-07-14,Mato Grosso,Nova Olímpia,-14.78,-3,2,9.85,45,5,11.11,221.66,24.63,0.22,20301,49.26,-14.78,192.11,-14.78
2020-07-12,Mato Grosso,Nova Olímpia,0.0,0,0,0.0,48,3,6.25,236.44,14.78,0.24,20301,64.04,4.93,206.89,0.0
2020-07-11,Mato Grosso,Nova Olímpia,14.78,3,0,0.0,48,3,6.25,236.44,14.78,0.24,20301,59.11,-19.7,206.89,14.78
2020-07-10,Mato Grosso,Nova Olímpia,0.0,0,0,0.0,45,3,6.67,221.66,14.78,0.22,20301,78.81,-4.93,192.11,0.0
2020-07-09,Mato Grosso,Nova Olímpia,0.0,0,0,0.0,45,3,6.67,221.66,14.78,0.22,20301,83.74,0.0,192.11,0.0
2020-07-08,Mato Grosso,Nova Olímpia,0.0,0,0,0.0,45,3,6.67,221.66,14.78,0.22,20301,83.74,-19.7,192.11,-9.85
2020-07-07,Mato Grosso,Nova Olímpia,49.26,10,1,4.93,45,3,6.67,221.66,14.78,0.22,20301,103.44,44.33,201.96,49.26
2020-07-06,Mato Grosso,Nova Olímpia,0.0,0,0,0.0,35,2,5.71,172.41,9.85,0.17,20301,59.11,-24.63,152.7,0.0
2020-07-05,Mato Grosso,Nova Olímpia,-4.93,-1,0,0.0,35,2,5.71,172.41,9.85,0.17,20301,83.74,-4.93,152.7,-4.93
2020-07-04,Mato Grosso,Nova Olímpia,34.48,7,1,4.93,36,2,5.56,177.33,9.85,0.18,20301,88.67,34.48,157.63,34.48
2020-07-03,Mato Grosso,Nova Olímpia,4.93,1,0,0.0,29,1,3.45,142.85,4.93,0.14,20301,54.19,4.93,123.15,4.93
2020-07-02,Mato Grosso,Nova Olímpia,0.0,0,0,0.0,28,1,3.57,137.92,4.93,0.14,20301,49.26,-19.7,118.22,0.0
2020-07-01,Mato Grosso,Nova Olímpia,19.7,4,0,0.0,28,1,3.57,137.92,4.93,0.14,20301,68.96,19.7,118.22,19.7
2020-06-30,Mato Grosso,Nova Olímpia,4.93,1,-1,-4.93,24,1,4.17,118.22,4.93,0.12,20301,49.26,0.0,98.52,4.93
2020-06-29,Mato Grosso,Nova Olímpia,24.63,5,0,0.0,23,2,8.7,113.29,9.85,0.11,20301,49.26,19.7,93.59,24.63
2020-06-28,Mato Grosso,Nova Olímpia,0.0,0,0,0.0,18,2,11.11,88.67,9.85,0.09,20301,29.56,0.0,68.96,0.0
2020-06-27,Mato Grosso,Nova Olímpia,0.0,0,0,0.0,18,2,11.11,88.67,9.85,0.09,20301,29.56,-9.85,68.96,-4.93
2020-06-26,Mato Grosso,Nova Olímpia,0.0,0,0,0.0,18,2,11.11,88.67,9.85,0.09,20301,39.41,0.0,73.89,0.0
2020-06-25,Mato Grosso,Nova Olímpia,19.7,4,0,0.0,18,2,11.11,88.67,9.85,0.09,20301,39.41,19.7,73.89,14.77
2020-06-24,Mato Grosso,Nova Olímpia,0.0,0,0,0.0,14,2,14.29,68.96,9.85,0.07,20301,19.71,-9.85,59.12,0.0
2020-06-23,Mato Grosso,Nova Olímpia,4.93,1,1,4.93,14,2,14.29,68.96,9.85,0.07,20301,29.56,-4.92,59.12,4.93
2020-06-22,Mato Grosso,Nova Olímpia,4.93,1,0,0.0,13,1,7.69,64.04,4.93,0.06,20301,34.48,4.93,54.19,0.0
2020-06-21,Mato Grosso,Nova Olímpia,0.0,0,1,4.93,12,1,8.33,59.11,4.93,0.06,20301,29.55,0.0,54.19,0.0
2020-06-20,Mato Grosso,Nova Olímpia,9.85,2,0,0.0,12,0,0.0,59.11,0.0,0.06,20301,29.55,9.85,54.19,9.85
2020-06-19,Mato Grosso,Nova Olímpia,0.0,0,0,0.0,10,0,0.0,49.26,0.0,0.05,20301,19.7,0.0,44.34,0.0
2020-06-18,Mato Grosso,Nova Olímpia,0.0,0,0,0.0,10,0,0.0,49.26,0.0,0.05,20301,19.7,0.0,44.34,0.0
2020-06-17,Mato Grosso,Nova Olímpia,9.85,2,0,0.0,10,0,0.0,49.26,0.0,0.05,20301,19.7,0.0,44.34,9.85
2020-06-16,Mato Grosso,Nova Olímpia,9.85,2,0,0.0,8,0,0.0,39.41,0.0,0.04,20301,19.7,9.85,34.49,9.85
2020-06-15,Mato Grosso,Nova Olímpia,0.0,0,0,0.0,6,0,0.0,29.56,0.0,0.03,20301,9.85,0.0,24.64,0.0
2020-06-14,Mato Grosso,Nova Olímpia,0.0,0,0,0.0,6,0,0.0,29.56,0.0,0.03,20301,9.85,0.0,24.64,0.0
2020-06-13,Mato Grosso,Nova Olímpia,0.0,0,0,0.0,6,0,0.0,29.56,0.0,0.03,20301,9.85,0.0,24.64,0.0
2020-06-12,Mato Grosso,Nova Olímpia,0.0,0,0,0.0,6,0,0.0,29.56,0.0,0.03,20301,9.85,0.0,24.64,0.0
2020-06-11,Mato Grosso,Nova Olímpia,0.0,0,0,0.0,6,0,0.0,29.56,0.0,0.03,20301,9.85,0.0,24.64,0.0
2020-06-10,Mato Grosso,Nova Olímpia,9.85,2,0,0.0,6,0,0.0,29.56,0.0,0.03,20301,9.85,9.85,24.64,9.85
2020-06-09,Mato Grosso,Nova Olímpia,0.0,0,0,0.0,4,0,0.0,19.7,0.0,0.02,20301,0.0,0.0,14.79,0.0
2020-06-08,Mato Grosso,Nova Olímpia,0.0,0,0,0.0,4,0,0.0,19.7,0.0,0.02,20301,0.0,0.0,14.79,0.0
2020-06-07,Mato Grosso,Nova Olímpia,0.0,0,0,0.0,4,0,0.0,19.7,0.0,0.02,20301,0.0,0.0,14.79,0.0
2020-06-06,Mato Grosso,Nova Olímpia,0.0,0,0,0.0,4,0,0.0,19.7,0.0,0.02,20301,0.0,-4.93,14.79,0.0
2020-06-05,Mato Grosso,Nova Olímpia,0.0,0,0,0.0,4,0,0.0,19.7,0.0,0.02,20301,4.93,0.0,14.79,0.0
2020-06-04,Mato Grosso,Nova Olímpia,0.0,0,0,0.0,4,0,0.0,19.7,0.0,0.02,20301,4.93,-4.93,14.79,0.0
2020-06-03,Mato Grosso,Nova Olímpia,0.0,0,0,0.0,4,0,0.0,19.7,0.0,0.02,20301,9.86,0.0,14.79,0.0
2020-06-02,Mato Grosso,Nova Olímpia,0.0,0,0,0.0,4,0,0.0,19.7,0.0,0.02,20301,9.86,0.0,14.79,0.0
2020-06-01,Mato Grosso,Nova Olímpia,0.0,0,0,0.0,4,0,0.0,19.7,0.0,0.02,20301,9.86,-4.93,14.79,0.0
2020-05-31,Mato Grosso,Nova Olímpia,0.0,0,0,0.0,4,0,0.0,19.7,0.0,0.02,20301,14.79,0.0,14.79,0.0
2020-05-30,Mato Grosso,Nova Olímpia,4.93,1,0,0.0,4,0,0.0,19.7,0.0,0.02,20301,14.79,4.93,14.79,4.93
2020-05-29,Mato Grosso,Nova Olímpia,0.0,0,0,0.0,3,0,0.0,14.78,0.0,0.01,20301,9.86,0.0,9.86,0.0
2020-05-28,Mato Grosso,Nova Olímpia,4.93,1,0,0.0,3,0,0.0,14.78,0.0,0.01,20301,9.86,4.93,9.86,4.93
2020-05-27,Mato Grosso,Nova Olímpia,0.0,0,0,0.0,2,0,0.0,9.85,0.0,0.01,20301,4.93,0.0,4.93,0.0
2020-05-26,Mato Grosso,Nova Olímpia,0.0,0,0,0.0,2,0,0.0,9.85,0.0,0.01,20301,4.93,0.0,4.93,0.0
2020-05-25,Mato Grosso,Nova Olímpia,4.93,1,0,0.0,2,0,0.0,9.85,0.0,0.01,20301,4.93,4.93,4.93,4.93
2020-05-24,Mato Grosso,Nova Olímpia,0.0,0,0,0.0,1,0,0.0,4.93,0.0,0.0,20301,0.0,0.0,0.0,0.0
2020-05-23,Mato Grosso,Nova Olímpia,0.0,0,0,0.0,1,0,0.0,4.93,0.0,0.0,20301,0.0,0.0,0.0,0.0
2020-05-22,Mato Grosso,Nova Olímpia,0.0,0,0,0.0,1,0,0.0,4.93,0.0,0.0,20301,0.0,0.0,0.0,0.0
2020-05-21,Mato Grosso,Nova Olímpia,0.0,0,0,0.0,1,0,0.0,4.93,0.0,0.0,20301,0.0,0.0,0.0,0.0
2020-05-20,Mato Grosso,Nova Olímpia,0.0,0,0,0.0,1,0,0.0,4.93,0.0,0.0,20301,0.0,0.0,0.0,0.0
2020-05-19,Mato Grosso,Nova Olímpia,0.0,0,0,0.0,1,0,0.0,4.93,0.0,0.0,20301,0.0,0.0,0.0,0.0
2020-05-18,Mato Grosso,Nova Olímpia,0.0,0,0,0.0,1,0,0.0,4.93,0.0,0.0,20301,0.0,0.0,0.0,0.0
2020-05-17,Mato Grosso,Nova Olímpia,0.0,0,0,0.0,1,0,0.0,4.93,0.0,0.0,20301,0.0,0.0,0.0,0.0
2020-05-16,Mato Grosso,Nova Olímpia,0.0,0,0,0.0,1,0,0.0,4.93,0.0,0.0,20301,0.0,0.0,0.0,0.0
2020-05-15,Mato Grosso,Nova Olímpia,0.0,0,0,0.0,1,0,0.0,4.93,0.0,0.0,20301,0.0,0.0,0.0,0.0
