LAD20CD,date,local_authority,1day_cases_100k,new_cases,new_deaths,new_deaths_100k,total_cases,total_deaths,cfr%,total_cases_100k,total_deaths_100k,%infected,population,7day_cases_100k,7day_cases_change,28day_cases_100k,28day_cases_change
S12000033,2022-11-06,Aberdeen City,3.5,8,,,79416,,0.0,34729.52,,34.73,228670,36.3,-5.25,224.34,-7.0
S12000033,2022-11-05,Aberdeen City,3.06,7,,,79408,,0.0,34726.02,,34.73,228670,41.55,0.44,231.34,-6.12
S12000033,2022-11-04,Aberdeen City,2.62,6,,,79401,,0.0,34722.96,,34.72,228670,41.11,-4.81,237.46,-9.19
S12000033,2022-11-03,Aberdeen City,7.0,16,,,79395,,0.0,34720.34,,34.72,228670,45.92,0.0,246.65,-1.75
S12000033,2022-11-02,Aberdeen City,5.69,13,,,79379,,0.0,34713.34,,34.71,228670,45.92,-6.12,248.4,-6.12
S12000033,2022-11-01,Aberdeen City,7.0,16,,,79366,,0.0,34707.66,,34.71,228670,52.04,-0.43,254.52,-4.37
S12000033,2022-10-31,Aberdeen City,7.43,17,,,79350,,0.0,34700.66,,34.7,228670,52.47,-3.5,258.89,-4.81
S12000033,2022-10-30,Aberdeen City,8.75,20,,,79333,,0.0,34693.23,,34.69,228670,55.97,-1.75,263.7,0.88
S12000033,2022-10-29,Aberdeen City,2.62,6,,,79313,,0.0,34684.48,,34.68,228670,57.72,-5.69,262.82,-3.5
S12000033,2022-10-28,Aberdeen City,7.43,17,,,79307,,0.0,34681.86,,34.68,228670,63.41,-1.32,266.32,-4.38
S12000033,2022-10-27,Aberdeen City,7.0,16,,,79290,,0.0,34674.42,,34.67,228670,64.73,-2.18,270.7,-0.87
S12000033,2022-10-26,Aberdeen City,11.81,27,,,79274,,0.0,34667.42,,34.67,228670,66.91,0.44,271.57,1.31
S12000033,2022-10-25,Aberdeen City,7.43,17,,,79247,,0.0,34655.62,,34.66,228670,66.47,-1.32,270.26,-1.32
S12000033,2022-10-24,Aberdeen City,10.93,25,,,79230,,0.0,34648.18,,34.65,228670,67.79,-3.06,271.58,1.31
S12000033,2022-10-23,Aberdeen City,10.5,24,,,79205,,0.0,34637.25,,34.64,228670,70.85,3.07,270.27,5.69
S12000033,2022-10-22,Aberdeen City,8.31,19,,,79181,,0.0,34626.75,,34.63,228670,67.78,2.62,264.58,-1.31
S12000033,2022-10-21,Aberdeen City,8.75,20,,,79162,,0.0,34618.45,,34.62,228670,65.16,1.32,265.89,0.88
S12000033,2022-10-20,Aberdeen City,9.18,21,,,79142,,0.0,34609.7,,34.61,228670,63.84,-1.75,265.01,-2.19
S12000033,2022-10-19,Aberdeen City,11.37,26,,,79121,,0.0,34600.52,,34.6,228670,65.59,0.87,267.2,3.94
S12000033,2022-10-18,Aberdeen City,8.75,20,,,79095,,0.0,34589.15,,34.59,228670,64.72,-2.62,263.26,0.44
S12000033,2022-10-17,Aberdeen City,13.99,32,,,79075,,0.0,34580.4,,34.58,228670,67.34,6.12,262.82,1.75
S12000033,2022-10-16,Aberdeen City,7.43,17,,,79043,,0.0,34566.41,,34.57,228670,61.22,-3.07,261.07,-0.88
S12000033,2022-10-15,Aberdeen City,5.69,13,,,79026,,0.0,34558.97,,34.56,228670,64.29,-3.49,261.95,0.88
S12000033,2022-10-14,Aberdeen City,7.43,17,,,79013,,0.0,34553.29,,34.55,228670,67.78,-4.38,261.07,-1.32
S12000033,2022-10-13,Aberdeen City,10.93,25,,,78996,,0.0,34545.85,,34.55,228670,72.16,2.18,262.39,7.87
S12000033,2022-10-12,Aberdeen City,10.5,24,,,78971,,0.0,34534.92,,34.53,228670,69.98,-1.31,254.52,5.25
S12000033,2022-10-11,Aberdeen City,11.37,26,,,78947,,0.0,34524.42,,34.52,228670,71.29,0.0,249.27,4.37
S12000033,2022-10-10,Aberdeen City,7.87,18,,,78921,,0.0,34513.05,,34.51,228670,71.29,-4.37,244.9,-0.44
S12000033,2022-10-09,Aberdeen City,10.5,24,,,78903,,0.0,34505.18,,34.51,228670,75.66,2.63,245.34,3.94
S12000033,2022-10-08,Aberdeen City,9.18,21,,,78879,,0.0,34494.69,,34.49,228670,73.03,3.06,241.4,3.93
S12000033,2022-10-07,Aberdeen City,11.81,27,,,78858,,0.0,34485.5,,34.49,228670,69.97,0.0,237.47,3.94
S12000033,2022-10-06,Aberdeen City,8.75,20,,,78831,,0.0,34473.7,,34.47,228670,69.97,0.88,233.53,4.81
S12000033,2022-10-05,Aberdeen City,11.81,27,,,78811,,0.0,34464.95,,34.46,228670,69.09,1.31,228.72,5.69
S12000033,2022-10-04,Aberdeen City,11.37,26,,,78784,,0.0,34453.14,,34.45,228670,67.78,2.62,223.03,1.75
S12000033,2022-10-03,Aberdeen City,12.24,28,,,78758,,0.0,34441.77,,34.44,228670,65.16,2.62,221.28,-1.75
S12000033,2022-10-02,Aberdeen City,7.87,18,,,78730,,0.0,34429.53,,34.43,228670,62.54,3.06,223.03,-3.06
S12000033,2022-10-01,Aberdeen City,6.12,14,,,78712,,0.0,34421.66,,34.42,228670,59.48,-3.5,226.09,-4.81
S12000033,2022-09-30,Aberdeen City,11.81,27,,,78698,,0.0,34415.53,,34.42,228670,62.98,3.94,230.9,5.25
S12000033,2022-09-29,Aberdeen City,7.87,18,,,78671,,0.0,34403.73,,34.4,228670,59.04,-3.5,225.65,-3.06
S12000033,2022-09-28,Aberdeen City,10.5,24,,,78653,,0.0,34395.85,,34.4,228670,62.54,3.07,228.71,0.0
S12000033,2022-09-27,Aberdeen City,8.75,20,,,78629,,0.0,34385.36,,34.39,228670,59.47,0.44,228.71,-5.68
S12000033,2022-09-26,Aberdeen City,9.62,22,,,78609,,0.0,34376.61,,34.38,228670,59.03,-2.62,234.39,1.31
S12000033,2022-09-25,Aberdeen City,4.81,11,,,78587,,0.0,34366.99,,34.37,228670,61.65,-3.5,233.08,-3.06
S12000033,2022-09-24,Aberdeen City,9.62,22,,,78576,,0.0,34362.18,,34.36,228670,65.15,4.81,236.14,-0.88
S12000033,2022-09-23,Aberdeen City,7.87,18,,,78554,,0.0,34352.56,,34.35,228670,60.34,-0.88,237.02,-0.88
S12000033,2022-09-22,Aberdeen City,11.37,26,,,78536,,0.0,34344.69,,34.34,228670,61.22,8.31,237.9,1.75
S12000033,2022-09-21,Aberdeen City,7.43,17,,,78510,,0.0,34333.32,,34.33,228670,52.91,2.18,236.15,-10.06
S12000033,2022-09-20,Aberdeen City,8.31,19,,,78493,,0.0,34325.88,,34.33,228670,50.73,1.31,246.21,-4.81
S12000033,2022-09-19,Aberdeen City,12.24,28,,,78474,,0.0,34317.58,,34.32,228670,49.42,3.93,251.02,0.87
S12000033,2022-09-18,Aberdeen City,8.31,19,,,78446,,0.0,34305.33,,34.31,228670,45.49,1.75,250.15,-4.81
S12000033,2022-09-17,Aberdeen City,4.81,11,,,78427,,0.0,34297.02,,34.3,228670,43.74,-0.44,254.96,-5.69
S12000033,2022-09-16,Aberdeen City,8.75,20,,,78416,,0.0,34292.21,,34.29,228670,44.18,0.88,260.65,-6.56
S12000033,2022-09-15,Aberdeen City,3.06,7,,,78396,,0.0,34283.47,,34.28,228670,43.3,-0.88,267.21,-10.5
S12000033,2022-09-14,Aberdeen City,5.25,12,,,78389,,0.0,34280.4,,34.28,228670,44.18,-0.87,277.71,-10.49
S12000033,2022-09-13,Aberdeen City,7.0,16,,,78377,,0.0,34275.16,,34.28,228670,45.05,-2.62,288.2,-6.12
S12000033,2022-09-12,Aberdeen City,8.31,19,,,78361,,0.0,34268.16,,34.27,228670,47.67,-5.68,294.32,-6.56
S12000033,2022-09-11,Aberdeen City,6.56,15,,,78342,,0.0,34259.85,,34.26,228670,53.35,-4.37,300.88,-5.25
S12000033,2022-09-10,Aberdeen City,5.25,12,,,78327,,0.0,34253.29,,34.25,228670,57.72,-5.68,306.13,-0.87
S12000033,2022-09-09,Aberdeen City,7.87,18,,,78315,,0.0,34248.04,,34.25,228670,63.4,1.31,307.0,1.31
S12000033,2022-09-08,Aberdeen City,3.94,9,,,78297,,0.0,34240.17,,34.24,228670,62.09,-6.99,305.69,-7.43
S12000033,2022-09-07,Aberdeen City,6.12,14,,,78288,,0.0,34236.24,,34.24,228670,69.08,-4.38,313.12,-2.63
S12000033,2022-09-06,Aberdeen City,9.62,22,,,78274,,0.0,34230.11,,34.23,228670,73.46,-4.81,315.75,-2.19
S12000033,2022-09-05,Aberdeen City,13.99,32,,,78252,,0.0,34220.49,,34.22,228670,78.27,5.68,317.94,-2.19
S12000033,2022-09-04,Aberdeen City,10.93,25,,,78220,,0.0,34206.5,,34.21,228670,72.59,3.06,320.13,4.81
S12000033,2022-09-03,Aberdeen City,10.93,25,,,78195,,0.0,34195.57,,34.2,228670,69.53,0.43,315.32,-0.44
S12000033,2022-09-02,Aberdeen City,6.56,15,,,78170,,0.0,34184.63,,34.18,228670,69.1,-2.19,315.76,-4.81
S12000033,2022-09-01,Aberdeen City,10.93,25,,,78155,,0.0,34178.07,,34.18,228670,71.29,1.31,320.57,-2.19
S12000033,2022-08-31,Aberdeen City,10.5,24,,,78130,,0.0,34167.14,,34.17,228670,69.98,-6.99,322.76,-7.43
S12000033,2022-08-30,Aberdeen City,14.43,33,,,78106,,0.0,34156.64,,34.16,228670,76.97,1.31,330.19,-4.37
S12000033,2022-08-29,Aberdeen City,8.31,19,,,78073,,0.0,34142.21,,34.14,228670,75.66,-3.06,334.56,-7.43
S12000033,2022-08-28,Aberdeen City,7.87,18,,,78054,,0.0,34133.9,,34.13,228670,78.72,-5.25,341.99,0.0
S12000033,2022-08-27,Aberdeen City,10.5,24,,,78036,,0.0,34126.03,,34.13,228670,83.97,0.0,341.99,-0.43
S12000033,2022-08-26,Aberdeen City,8.75,20,,,78012,,0.0,34115.54,,34.12,228670,83.97,-6.56,342.42,-12.24
S12000033,2022-08-25,Aberdeen City,9.62,22,,,77992,,0.0,34106.79,,34.11,228670,90.53,-3.94,354.66,-4.37
S12000033,2022-08-24,Aberdeen City,17.49,40,,,77970,,0.0,34097.17,,34.1,228670,94.47,1.75,359.03,-1.31
S12000033,2022-08-23,Aberdeen City,13.12,30,,,77930,,0.0,34079.68,,34.08,228670,92.72,0.0,360.34,-8.31
S12000033,2022-08-22,Aberdeen City,11.37,26,,,77900,,0.0,34066.56,,34.07,228670,92.72,-3.5,368.65,-16.62
S12000033,2022-08-21,Aberdeen City,13.12,30,,,77874,,0.0,34055.19,,34.06,228670,96.22,1.31,385.27,-7.43
S12000033,2022-08-20,Aberdeen City,10.5,24,,,77844,,0.0,34042.07,,34.04,228670,94.91,4.38,392.7,-5.68
S12000033,2022-08-19,Aberdeen City,15.31,35,,,77820,,0.0,34031.57,,34.03,228670,90.53,8.75,398.38,-1.31
S12000033,2022-08-18,Aberdeen City,13.56,31,,,77785,,0.0,34016.27,,34.02,228670,81.78,2.19,399.69,-14.43
S12000033,2022-08-17,Aberdeen City,15.74,36,,,77754,,0.0,34002.71,,34.0,228670,79.59,6.99,414.12,-7.87
S12000033,2022-08-16,Aberdeen City,13.12,30,,,77718,,0.0,33986.97,,33.99,228670,72.6,1.31,421.99,-22.74
S12000033,2022-08-15,Aberdeen City,14.87,34,,,77688,,0.0,33973.85,,33.97,228670,71.29,-1.31,444.73,-11.81
S12000033,2022-08-14,Aberdeen City,11.81,27,,,77654,,0.0,33958.98,,33.96,228670,72.6,5.69,456.54,-8.74
S12000033,2022-08-13,Aberdeen City,6.12,14,,,77627,,0.0,33947.17,,33.95,228670,66.91,-5.25,465.28,-17.49
S12000033,2022-08-12,Aberdeen City,6.56,15,,,77613,,0.0,33941.05,,33.94,228670,72.16,-4.81,482.77,-17.05
S12000033,2022-08-11,Aberdeen City,11.37,26,,,77598,,0.0,33934.49,,33.93,228670,76.97,-1.75,499.82,-14.87
S12000033,2022-08-10,Aberdeen City,8.75,20,,,77572,,0.0,33923.12,,33.92,228670,78.72,-9.18,514.69,-26.67
S12000033,2022-08-09,Aberdeen City,11.81,27,,,77552,,0.0,33914.37,,33.91,228670,87.9,-6.99,541.36,-30.61
S12000033,2022-08-08,Aberdeen City,16.18,37,,,77525,,0.0,33902.57,,33.9,228670,94.89,0.44,571.97,-19.24
S12000033,2022-08-07,Aberdeen City,6.12,14,,,77488,,0.0,33886.39,,33.89,228670,94.45,-1.75,591.21,-32.36
S12000033,2022-08-06,Aberdeen City,11.37,26,,,77474,,0.0,33880.26,,33.88,228670,96.2,0.44,623.57,-24.05
S12000033,2022-08-05,Aberdeen City,11.37,26,,,77448,,0.0,33868.89,,33.87,228670,95.76,-9.62,647.62,-24.05
S12000033,2022-08-04,Aberdeen City,13.12,30,,,77422,,0.0,33857.52,,33.86,228670,105.38,-0.87,671.67,-21.43
S12000033,2022-08-03,Aberdeen City,17.93,41,,,77392,,0.0,33844.4,,33.84,228670,106.25,-0.87,693.1,-20.12
S12000033,2022-08-02,Aberdeen City,18.8,43,,,77351,,0.0,33826.47,,33.83,228670,107.12,-2.63,713.22,-29.74
S12000033,2022-08-01,Aberdeen City,15.74,36,,,77308,,0.0,33807.67,,33.81,228670,109.75,-12.25,742.96,-34.99
S12000033,2022-07-31,Aberdeen City,7.87,18,,,77272,,0.0,33791.93,,33.79,228670,122.0,-12.68,777.95,-34.99
S12000033,2022-07-30,Aberdeen City,10.93,25,,,77254,,0.0,33784.06,,33.78,228670,134.68,-5.25,812.94,-26.68
S12000033,2022-07-29,Aberdeen City,20.99,48,,,77229,,0.0,33773.12,,33.77,228670,139.93,4.37,839.62,-20.99
S12000033,2022-07-28,Aberdeen City,13.99,32,,,77181,,0.0,33752.13,,33.75,228670,135.56,-14.0,860.61,-24.49
S12000033,2022-07-27,Aberdeen City,18.8,43,,,77149,,0.0,33738.14,,33.74,228670,149.56,-4.81,885.1,-38.49
S12000033,2022-07-26,Aberdeen City,21.43,49,,,77106,,0.0,33719.33,,33.72,228670,154.37,-14.43,923.59,-34.98
S12000033,2022-07-25,Aberdeen City,27.99,64,,,77057,,0.0,33697.91,,33.7,228670,168.8,1.31,958.57,-26.24
S12000033,2022-07-24,Aberdeen City,20.55,47,,,76993,,0.0,33669.92,,33.67,228670,167.49,0.0,984.81,-37.18
S12000033,2022-07-23,Aberdeen City,16.18,37,,,76946,,0.0,33649.36,,33.65,228670,167.49,-7.43,1021.99,-25.8
S12000033,2022-07-22,Aberdeen City,16.62,38,,,76909,,0.0,33633.18,,33.63,228670,174.92,-6.99,1047.79,-34.55
S12000033,2022-07-21,Aberdeen City,27.99,64,,,76871,,0.0,33616.57,,33.62,228670,181.91,1.75,1082.34,-22.3
S12000033,2022-07-20,Aberdeen City,23.61,54,,,76807,,0.0,33588.58,,33.59,228670,180.16,-11.81,1104.64,-33.24
S12000033,2022-07-19,Aberdeen City,35.86,82,,,76753,,0.0,33564.96,,33.56,228670,191.97,-6.56,1137.88,-18.8
S12000033,2022-07-18,Aberdeen City,26.68,61,,,76671,,0.0,33529.1,,33.53,228670,198.53,-8.74,1156.68,-23.17
S12000033,2022-07-17,Aberdeen City,20.55,47,,,76610,,0.0,33502.43,,33.5,228670,207.27,-17.93,1179.85,-27.99
S12000033,2022-07-16,Aberdeen City,23.61,54,,,76563,,0.0,33481.87,,33.48,228670,225.2,-11.81,1207.84,-14.0
S12000033,2022-07-15,Aberdeen City,23.61,54,,,76509,,0.0,33458.26,,33.46,228670,237.01,-11.81,1221.84,-17.93
S12000033,2022-07-14,Aberdeen City,26.24,60,,,76455,,0.0,33434.64,,33.43,228670,248.82,-8.31,1239.77,-21.86
S12000033,2022-07-13,Aberdeen City,35.42,81,,,76395,,0.0,33408.41,,33.41,228670,257.13,-2.63,1261.63,-20.12
S12000033,2022-07-12,Aberdeen City,42.42,97,,,76314,,0.0,33372.98,,33.37,228670,259.76,-6.12,1281.75,-3.5
S12000033,2022-07-11,Aberdeen City,35.42,81,,,76217,,0.0,33330.56,,33.33,228670,265.88,-15.31,1285.25,-22.74
S12000033,2022-07-10,Aberdeen City,38.48,88,,,76136,,0.0,33295.14,,33.3,228670,281.19,-4.38,1307.99,-5.69
S12000033,2022-07-09,Aberdeen City,35.42,81,,,76048,,0.0,33256.66,,33.26,228670,285.57,-2.19,1313.68,4.81
S12000033,2022-07-08,Aberdeen City,35.42,81,,,75967,,0.0,33221.24,,33.22,228670,287.76,-6.56,1308.87,-3.06
S12000033,2022-07-07,Aberdeen City,34.55,79,,,75886,,0.0,33185.81,,33.19,228670,294.32,-3.93,1311.93,-3.06
S12000033,2022-07-06,Aberdeen City,38.05,87,,,75807,,0.0,33151.27,,33.15,228670,298.25,-19.24,1314.99,-2.62
S12000033,2022-07-05,Aberdeen City,48.54,111,,,75720,,0.0,33113.22,,33.11,228670,317.49,-7.87,1317.61,9.62
S12000033,2022-07-04,Aberdeen City,50.73,116,,,75609,,0.0,33064.68,,33.06,228670,325.36,-3.5,1307.99,8.31
S12000033,2022-07-03,Aberdeen City,42.86,98,,,75493,,0.0,33013.95,,33.01,228670,328.86,-14.87,1299.68,17.06
S12000033,2022-07-02,Aberdeen City,37.61,86,,,75395,,0.0,32971.09,,32.97,228670,343.73,-4.37,1282.62,18.81
S12000033,2022-07-01,Aberdeen City,41.98,96,,,75309,,0.0,32933.48,,32.93,228670,348.1,-9.19,1263.81,25.8
S12000033,2022-06-30,Aberdeen City,38.48,88,,,75213,,0.0,32891.5,,32.89,228670,357.29,-11.81,1238.01,14.87
S12000033,2022-06-29,Aberdeen City,57.29,131,,,75125,,0.0,32853.02,,32.85,228670,369.1,0.44,1223.14,33.68
S12000033,2022-06-28,Aberdeen City,56.41,129,,,74994,,0.0,32795.73,,32.8,228670,368.66,1.75,1189.46,32.36
S12000033,2022-06-27,Aberdeen City,54.23,124,,,74865,,0.0,32739.32,,32.74,228670,366.91,4.38,1157.1,33.24
S12000033,2022-06-26,Aberdeen City,57.73,132,,,74741,,0.0,32685.09,,32.69,228670,362.53,9.19,1123.86,38.93
S12000033,2022-06-25,Aberdeen City,41.98,96,,,74609,,0.0,32627.37,,32.63,228670,353.34,4.37,1084.93,27.55
S12000033,2022-06-24,Aberdeen City,51.17,117,,,74513,,0.0,32585.39,,32.59,228670,348.97,9.63,1057.38,37.61
S12000033,2022-06-23,Aberdeen City,50.29,115,,,74396,,0.0,32534.22,,32.53,228670,339.34,2.19,1019.77,34.98
S12000033,2022-06-22,Aberdeen City,56.85,130,,,74281,,0.0,32483.93,,32.48,228670,337.15,1.31,984.79,35.86
S12000033,2022-06-21,Aberdeen City,54.66,125,,,74151,,0.0,32427.08,,32.43,228670,335.84,8.74,948.93,41.1
S12000033,2022-06-20,Aberdeen City,49.85,114,,,74026,,0.0,32372.41,,32.37,228670,327.1,-8.31,907.83,32.79
S12000033,2022-06-19,Aberdeen City,48.54,111,,,73912,,0.0,32322.56,,32.32,228670,335.41,4.37,875.04,31.92
S12000033,2022-06-18,Aberdeen City,37.61,86,,,73801,,0.0,32274.02,,32.27,228670,331.04,7.0,843.12,28.43
S12000033,2022-06-17,Aberdeen City,41.54,95,,,73715,,0.0,32236.41,,32.24,228670,324.04,3.06,814.69,31.92
S12000033,2022-06-16,Aberdeen City,48.1,110,,,73620,,0.0,32194.87,,32.19,228670,320.98,10.49,782.77,32.36
S12000033,2022-06-15,Aberdeen City,55.54,127,,,73510,,0.0,32146.76,,32.15,228670,310.49,14.87,750.41,33.67
S12000033,2022-06-14,Aberdeen City,45.92,105,,,73383,,0.0,32091.22,,32.09,228670,295.62,7.0,716.74,26.68
S12000033,2022-06-13,Aberdeen City,58.16,133,,,73278,,0.0,32045.31,,32.05,228670,288.62,15.74,690.06,33.23
S12000033,2022-06-12,Aberdeen City,44.17,101,,,73145,,0.0,31987.14,,31.99,228670,272.88,18.37,656.83,25.8
S12000033,2022-06-11,Aberdeen City,30.61,70,,,73044,,0.0,31942.97,,31.94,228670,254.51,11.81,631.03,17.93
S12000033,2022-06-10,Aberdeen City,38.48,88,,,72974,,0.0,31912.36,,31.91,228670,242.7,22.3,613.1,20.99
S12000033,2022-06-09,Aberdeen City,37.61,86,,,72886,,0.0,31873.88,,31.87,228670,220.4,14.0,592.11,18.37
S12000033,2022-06-08,Aberdeen City,40.67,93,,,72800,,0.0,31836.27,,31.84,228670,206.4,17.06,573.74,20.55
S12000033,2022-06-07,Aberdeen City,38.92,89,,,72707,,0.0,31795.6,,31.8,228670,189.34,14.87,553.19,19.24
S12000033,2022-06-06,Aberdeen City,42.42,97,,,72618,,0.0,31756.68,,31.76,228670,174.47,21.43,533.95,16.18
S12000033,2022-06-05,Aberdeen City,25.8,59,,,72521,,0.0,31714.26,,31.71,228670,153.04,7.0,517.77,2.62
S12000033,2022-06-04,Aberdeen City,18.8,43,,,72462,,0.0,31688.46,,31.69,228670,146.04,4.37,515.15,3.49
S12000033,2022-06-03,Aberdeen City,16.18,37,,,72419,,0.0,31669.65,,31.67,228670,141.67,2.62,511.66,-4.81
S12000033,2022-06-02,Aberdeen City,23.61,54,,,72382,,0.0,31653.47,,31.65,228670,139.05,8.3,516.47,0.87
S12000033,2022-06-01,Aberdeen City,23.61,54,0.0,0.0,72328,348.0,0.48,31629.86,152.18,31.63,228670,130.75,2.62,515.6,-5.25
S12000033,2022-05-31,Aberdeen City,24.05,55,0.0,0.0,72274,348.0,0.48,31606.24,152.18,31.61,228670,128.13,10.49,520.85,2.18
S12000033,2022-05-30,Aberdeen City,20.99,48,0.0,0.0,72219,348.0,0.48,31582.19,152.18,31.58,228670,117.64,3.93,518.67,-1.31
S12000033,2022-05-29,Aberdeen City,18.8,43,0.0,0.0,72171,348.0,0.48,31561.2,152.18,31.56,228670,113.71,2.18,519.98,-0.88
S12000033,2022-05-28,Aberdeen City,14.43,33,0.0,0.0,72128,348.0,0.48,31542.4,152.18,31.54,228670,111.53,5.25,520.86,-8.75
S12000033,2022-05-27,Aberdeen City,13.56,31,0.0,0.0,72095,348.0,0.48,31527.97,152.18,31.53,228670,106.28,3.94,529.61,-18.36
S12000033,2022-05-26,Aberdeen City,15.31,35,0.0,0.0,72064,348.0,0.48,31514.41,152.18,31.51,228670,102.34,-0.43,547.97,-25.36
S12000033,2022-05-25,Aberdeen City,20.99,48,0.0,0.0,72029,348.0,0.48,31499.1,152.18,31.5,228670,102.77,-0.88,573.33,-20.55
S12000033,2022-05-24,Aberdeen City,13.56,31,1.0,0.44,71981,348.0,0.48,31478.11,152.18,31.48,228670,103.65,-5.68,593.88,-37.61
S12000033,2022-05-23,Aberdeen City,17.06,39,0.0,0.0,71950,347.0,0.48,31464.56,151.75,31.46,228670,109.33,-7.87,631.49,-37.6
S12000033,2022-05-22,Aberdeen City,16.62,38,1.0,0.44,71911,347.0,0.48,31447.5,151.75,31.45,228670,117.2,-1.75,669.09,-17.05
S12000033,2022-05-21,Aberdeen City,9.18,21,0.0,0.0,71873,346.0,0.48,31430.88,151.31,31.43,228670,118.95,-3.5,686.14,-33.24
S12000033,2022-05-20,Aberdeen City,9.62,22,0.0,0.0,71852,346.0,0.48,31421.7,151.31,31.42,228670,122.45,-7.87,719.38,-27.99
S12000033,2022-05-19,Aberdeen City,15.74,36,0.0,0.0,71830,346.0,0.48,31412.08,151.31,31.41,228670,130.32,-3.5,747.37,-31.05
S12000033,2022-05-18,Aberdeen City,21.87,50,0.0,0.0,71794,346.0,0.48,31396.34,151.31,31.4,228670,133.82,1.75,778.42,-38.92
S12000033,2022-05-17,Aberdeen City,19.24,44,0.0,0.0,71744,346.0,0.48,31374.47,151.31,31.37,228670,132.07,-0.44,817.34,-59.48
S12000033,2022-05-16,Aberdeen City,24.93,57,0.0,0.0,71700,346.0,0.48,31355.23,151.31,31.36,228670,132.51,-1.31,876.82,-41.54
S12000033,2022-05-15,Aberdeen City,18.37,42,0.0,0.0,71643,346.0,0.48,31330.3,151.31,31.33,228670,133.82,-4.81,918.36,-31.92
S12000033,2022-05-14,Aberdeen City,12.68,29,0.0,0.0,71601,346.0,0.48,31311.93,151.31,31.31,228670,138.63,-2.63,950.28,-37.17
S12000033,2022-05-13,Aberdeen City,17.49,40,0.0,0.0,71572,346.0,0.48,31299.25,151.31,31.3,228670,141.26,-3.5,987.45,-36.74
S12000033,2022-05-12,Aberdeen City,19.24,44,0.0,0.0,71532,346.0,0.48,31281.76,151.31,31.28,228670,144.76,-3.5,1024.19,-48.54
S12000033,2022-05-11,Aberdeen City,20.12,46,0.0,0.0,71488,346.0,0.48,31262.52,151.31,31.26,228670,148.26,-8.74,1072.73,-59.91
S12000033,2022-05-10,Aberdeen City,19.68,45,0.0,0.0,71442,346.0,0.48,31242.4,151.31,31.24,228670,157.0,-2.19,1132.64,-53.79
S12000033,2022-05-09,Aberdeen City,26.24,60,0.0,0.0,71397,346.0,0.48,31222.72,151.31,31.22,228670,159.19,3.94,1186.43,-72.16
S12000033,2022-05-08,Aberdeen City,23.18,53,0.0,0.0,71337,346.0,0.49,31196.48,151.31,31.2,228670,155.25,3.5,1258.59,-55.97
S12000033,2022-05-07,Aberdeen City,15.31,35,0.0,0.0,71284,346.0,0.49,31173.31,151.31,31.17,228670,151.75,-7.87,1314.56,-59.91
S12000033,2022-05-06,Aberdeen City,20.99,48,0.0,0.0,71249,346.0,0.49,31158.0,151.31,31.16,228670,159.62,-10.93,1374.47,-45.04
S12000033,2022-05-05,Aberdeen City,22.74,52,1.0,0.44,71201,346.0,0.49,31137.01,151.31,31.14,228670,170.55,-17.93,1419.51,-59.91
S12000033,2022-05-04,Aberdeen City,28.86,66,0.0,0.0,71149,345.0,0.48,31114.27,150.87,31.11,228670,188.48,-12.68,1479.42,-77.41
S12000033,2022-05-03,Aberdeen City,21.87,50,0.0,0.0,71083,345.0,0.49,31085.41,150.87,31.09,228670,201.16,-29.3,1556.83,-73.03
S12000033,2022-05-02,Aberdeen City,22.3,51,0.0,0.0,71033,345.0,0.49,31063.54,150.87,31.06,228670,230.46,-32.36,1629.86,-77.84
S12000033,2022-05-01,Aberdeen City,19.68,45,0.0,0.0,70982,345.0,0.49,31041.24,150.87,31.04,228670,262.82,-13.99,1707.7,-55.1
S12000033,2022-04-30,Aberdeen City,23.18,53,1.0,0.44,70937,345.0,0.49,31021.56,150.87,31.02,228670,276.81,-19.24,1762.8,-55.1
S12000033,2022-04-29,Aberdeen City,31.92,73,1.0,0.44,70884,344.0,0.49,30998.38,150.44,31.0,228670,296.05,-5.69,1817.9,-47.67
S12000033,2022-04-28,Aberdeen City,40.67,93,0.0,0.0,70811,343.0,0.48,30966.46,150.0,30.97,228670,301.74,-6.12,1865.57,-59.91
S12000033,2022-04-27,Aberdeen City,41.54,95,0.0,0.0,70718,343.0,0.49,30925.79,150.0,30.93,228670,307.86,-19.25,1925.48,-97.09
S12000033,2022-04-26,Aberdeen City,51.17,117,0.0,0.0,70623,343.0,0.49,30884.24,150.0,30.88,228670,327.11,-27.55,2022.57,-97.08
S12000033,2022-04-25,Aberdeen City,54.66,125,0.0,0.0,70506,343.0,0.49,30833.08,150.0,30.83,228670,354.66,-11.81,2119.65,-100.15
S12000033,2022-04-24,Aberdeen City,33.67,77,0.0,0.0,70381,343.0,0.49,30778.41,150.0,30.78,228670,366.47,-16.62,2219.8,-83.53
S12000033,2022-04-23,Aberdeen City,42.42,97,1.0,0.44,70304,343.0,0.49,30744.74,150.0,30.74,228670,383.09,-7.43,2303.33,-69.53
S12000033,2022-04-22,Aberdeen City,37.61,86,0.0,0.0,70207,342.0,0.49,30702.32,149.56,30.7,228670,390.52,-16.62,2372.86,-94.02
S12000033,2022-04-21,Aberdeen City,46.79,107,0.0,0.0,70121,342.0,0.49,30664.71,149.56,30.66,228670,407.14,-20.99,2466.88,-114.14
S12000033,2022-04-20,Aberdeen City,60.79,139,1.0,0.44,70014,342.0,0.49,30617.92,149.56,30.62,228670,428.13,-19.24,2581.02,-123.32
S12000033,2022-04-19,Aberdeen City,78.72,180,0.0,0.0,69875,341.0,0.49,30557.13,149.12,30.56,228670,447.37,5.25,2704.34,-92.27
S12000033,2022-04-18,Aberdeen City,66.47,152,0.0,0.0,69695,341.0,0.49,30478.42,149.12,30.48,228670,442.12,-31.93,2796.61,-131.63
S12000033,2022-04-17,Aberdeen City,50.29,115,0.0,0.0,69543,341.0,0.49,30411.95,149.12,30.41,228670,474.05,-28.86,2928.24,-107.58
S12000033,2022-04-16,Aberdeen City,49.85,114,1.0,0.44,69428,341.0,0.49,30361.66,149.12,30.36,228670,502.91,-25.37,3035.82,-71.72
S12000033,2022-04-15,Aberdeen City,54.23,124,0.0,0.0,69314,340.0,0.49,30311.8,148.69,30.31,228670,528.28,-11.8,3107.54,-70.4
S12000033,2022-04-14,Aberdeen City,67.78,155,0.0,0.0,69190,340.0,0.49,30257.58,148.69,30.26,228670,540.08,-14.87,3177.94,-95.77
S12000033,2022-04-13,Aberdeen City,80.03,183,0.0,0.0,69035,340.0,0.49,30189.79,148.69,30.19,228670,554.95,-26.24,3273.71,-108.45
S12000033,2022-04-12,Aberdeen City,73.47,168,1.0,0.44,68852,340.0,0.49,30109.77,148.69,30.11,228670,581.19,-21.43,3382.16,-116.76
S12000033,2022-04-11,Aberdeen City,98.4,225,0.0,0.0,68684,339.0,0.49,30036.3,148.25,30.04,228670,602.62,-1.74,3498.92,-117.63
S12000033,2022-04-10,Aberdeen City,79.15,181,0.0,0.0,68459,339.0,0.5,29937.9,148.25,29.94,228670,604.36,4.37,3616.55,-88.34
S12000033,2022-04-09,Aberdeen City,75.22,172,0.0,0.0,68278,339.0,0.5,29858.75,148.25,29.86,228670,599.99,-3.06,3704.89,-62.97
S12000033,2022-04-08,Aberdeen City,66.03,151,0.0,0.0,68106,339.0,0.5,29783.53,148.25,29.78,228670,603.05,-13.56,3767.86,-92.71
S12000033,2022-04-07,Aberdeen City,82.65,189,2.0,0.87,67955,339.0,0.5,29717.5,148.25,29.72,228670,616.61,-17.93,3860.57,-81.34
S12000033,2022-04-06,Aberdeen City,106.27,243,0.0,0.0,67766,337.0,0.5,29634.84,147.37,29.63,228670,634.54,-32.36,3941.91,-108.01
S12000033,2022-04-05,Aberdeen City,94.9,217,0.0,0.0,67523,337.0,0.5,29528.58,147.37,29.53,228670,666.9,-53.35,4049.92,-111.95
S12000033,2022-04-04,Aberdeen City,100.14,229,1.0,0.44,67306,337.0,0.5,29433.68,147.37,29.43,228670,720.25,-54.67,4161.87,-80.91
S12000033,2022-04-03,Aberdeen City,74.78,171,1.0,0.44,67077,336.0,0.5,29333.54,146.94,29.33,228670,774.92,-42.42,4242.78,-78.28
S12000033,2022-04-02,Aberdeen City,78.28,179,1.0,0.44,66906,335.0,0.5,29258.76,146.5,29.26,228670,817.34,-33.67,4321.06,-42.86
S12000033,2022-04-01,Aberdeen City,79.59,182,0.0,0.0,66727,334.0,0.5,29180.48,146.06,29.18,228670,851.01,-52.04,4363.92,-37.17
S12000033,2022-03-31,Aberdeen City,100.58,230,0.0,0.0,66545,334.0,0.5,29100.89,146.06,29.1,228670,903.05,-60.35,4401.09,-40.23
S12000033,2022-03-30,Aberdeen City,138.63,317,0.0,0.0,66315,334.0,0.5,29000.31,146.06,29.0,228670,963.4,-45.48,4441.32,-13.99
S12000033,2022-03-29,Aberdeen City,148.25,339,0.0,0.0,65998,334.0,0.51,28861.68,146.06,28.86,228670,1008.88,-22.74,4455.31,9.18
S12000033,2022-03-28,Aberdeen City,154.81,354,0.0,0.0,65659,334.0,0.51,28713.43,146.06,28.71,228670,1031.62,-43.29,4446.13,17.93
S12000033,2022-03-27,Aberdeen City,117.2,268,1.0,0.44,65305,334.0,0.51,28558.62,146.06,28.56,228670,1074.91,-40.67,4428.2,15.31
S12000033,2022-03-26,Aberdeen City,111.95,256,0.0,0.0,65037,333.0,0.51,28441.42,145.62,28.44,228670,1115.58,-9.62,4412.89,17.93
S12000033,2022-03-25,Aberdeen City,131.63,301,1.0,0.44,64781,333.0,0.51,28329.47,145.62,28.33,228670,1125.2,7.0,4394.96,41.54
S12000033,2022-03-24,Aberdeen City,160.93,368,0.0,0.0,64480,332.0,0.51,28197.84,145.19,28.2,228670,1118.2,-2.62,4353.42,52.04
S12000033,2022-03-23,Aberdeen City,184.11,421,0.0,0.0,64112,332.0,0.52,28036.91,145.19,28.04,228670,1120.82,-4.37,4301.38,50.29
S12000033,2022-03-22,Aberdeen City,170.99,391,0.0,0.0,63691,332.0,0.52,27852.8,145.19,27.85,228670,1125.19,-19.24,4251.09,31.92
S12000033,2022-03-21,Aberdeen City,198.1,453,2.0,0.87,63300,332.0,0.52,27681.81,145.19,27.68,228670,1144.43,-17.93,4219.17,41.54
S12000033,2022-03-20,Aberdeen City,157.87,361,0.0,0.0,62847,330.0,0.53,27483.71,144.31,27.48,228670,1162.36,-9.62,4177.63,22.3
S12000033,2022-03-19,Aberdeen City,121.57,278,0.0,0.0,62486,330.0,0.53,27325.84,144.31,27.33,228670,1171.98,-16.62,4155.33,-3.94
S12000033,2022-03-18,Aberdeen City,124.63,285,1.0,0.44,62208,330.0,0.53,27204.27,144.31,27.2,228670,1188.6,-34.11,4159.27,21.42
S12000033,2022-03-17,Aberdeen City,163.55,374,1.0,0.44,61923,329.0,0.53,27079.63,143.88,27.08,228670,1222.71,-0.44,4137.85,15.74
S12000033,2022-03-16,Aberdeen City,188.48,431,0.0,0.0,61549,328.0,0.53,26916.08,143.44,26.92,228670,1223.15,-25.8,4122.11,15.74
S12000033,2022-03-15,Aberdeen City,190.23,435,1.0,0.44,61118,328.0,0.54,26727.6,143.44,26.73,228670,1248.95,-16.62,4106.37,12.68
S12000033,2022-03-14,Aberdeen City,216.03,494,2.0,0.87,60683,327.0,0.54,26537.37,143.0,26.54,228670,1265.57,34.98,4093.69,61.66
S12000033,2022-03-13,Aberdeen City,167.49,383,1.0,0.44,60189,325.0,0.54,26321.34,142.13,26.32,228670,1230.59,14.43,4032.03,51.6
S12000033,2022-03-12,Aberdeen City,138.19,316,0.0,0.0,59806,324.0,0.54,26153.85,141.69,26.15,228670,1216.16,17.05,3980.43,35.86
S12000033,2022-03-11,Aberdeen City,158.74,363,0.0,0.0,59490,324.0,0.54,26015.66,141.69,26.02,228670,1199.11,41.98,3944.57,34.11
S12000033,2022-03-10,Aberdeen City,163.99,375,1.0,0.44,59127,324.0,0.55,25856.91,141.69,25.86,228670,1157.13,23.18,3910.46,35.42
S12000033,2022-03-09,Aberdeen City,214.28,490,0.0,0.0,58752,323.0,0.55,25692.92,141.25,25.69,228670,1133.95,61.66,3875.04,56.85
S12000033,2022-03-08,Aberdeen City,206.85,473,1.0,0.44,58262,323.0,0.55,25478.64,141.25,25.48,228670,1072.29,67.78,3818.19,27.12
S12000033,2022-03-07,Aberdeen City,181.05,414,0.0,0.0,57789,322.0,0.56,25271.79,140.81,25.27,228670,1004.51,44.17,3791.07,-18.36
S12000033,2022-03-06,Aberdeen City,153.06,350,0.0,0.0,57375,322.0,0.56,25090.74,140.81,25.09,228670,960.34,51.17,3809.43,19.24
S12000033,2022-03-05,Aberdeen City,121.14,277,0.0,0.0,57025,322.0,0.56,24937.68,140.81,24.94,228670,909.17,27.12,3790.19,-1.31
S12000033,2022-03-04,Aberdeen City,116.76,267,0.0,0.0,56748,322.0,0.57,24816.55,140.81,24.82,228670,882.05,26.67,3791.5,-57.29
S12000033,2022-03-03,Aberdeen City,140.81,322,0.0,0.0,56481,322.0,0.57,24699.79,140.81,24.7,228670,855.38,31.92,3848.79,-63.85
S12000033,2022-03-02,Aberdeen City,152.62,349,0.0,0.0,56159,322.0,0.57,24558.97,140.81,24.56,228670,823.46,18.8,3912.64,-41.55
S12000033,2022-03-01,Aberdeen City,139.07,318,0.0,0.0,55810,322.0,0.58,24406.35,140.81,24.41,228670,804.66,0.0,3954.19,-94.89
S12000033,2022-02-28,Aberdeen City,136.88,313,1.0,0.44,55492,322.0,0.58,24267.28,140.81,24.27,228670,804.66,-19.68,4049.08,-114.14
S12000033,2022-02-27,Aberdeen City,101.89,233,0.0,0.0,55179,321.0,0.58,24130.41,140.38,24.13,228670,824.34,-33.68,4163.22,-85.72
S12000033,2022-02-26,Aberdeen City,94.02,215,1.0,0.44,54946,321.0,0.58,24028.51,140.38,24.03,228670,858.02,-31.49,4248.94,-53.79
S12000033,2022-02-25,Aberdeen City,90.09,206,0.0,0.0,54731,320.0,0.58,23934.49,139.94,23.93,228670,889.51,-13.12,4302.73,-83.09
S12000033,2022-02-24,Aberdeen City,108.89,249,0.0,0.0,54525,320.0,0.59,23844.4,139.94,23.84,228670,902.63,-38.92,4385.82,-79.59
S12000033,2022-02-23,Aberdeen City,133.82,306,0.0,0.0,54276,320.0,0.59,23735.51,139.94,23.74,228670,941.55,-38.92,4465.41,-65.16
S12000033,2022-02-22,Aberdeen City,139.07,318,0.0,0.0,53970,320.0,0.59,23601.7,139.94,23.6,228670,980.47,-38.48,4530.57,-89.64
S12000033,2022-02-21,Aberdeen City,156.56,358,1.0,0.44,53652,320.0,0.6,23462.63,139.94,23.46,228670,1018.95,2.19,4620.21,-77.4
S12000033,2022-02-20,Aberdeen City,135.57,310,0.0,0.0,53294,319.0,0.6,23306.07,139.5,23.31,228670,1016.76,19.68,4697.61,-35.86
S12000033,2022-02-19,Aberdeen City,125.51,287,1.0,0.44,52984,319.0,0.6,23170.51,139.5,23.17,228670,997.08,23.18,4733.47,-17.49
S12000033,2022-02-18,Aberdeen City,103.21,236,1.0,0.44,52697,318.0,0.6,23045.0,139.07,23.04,228670,973.9,-21.42,4750.96,-41.98
S12000033,2022-02-17,Aberdeen City,147.81,338,0.0,0.0,52461,317.0,0.6,22941.79,138.63,22.94,228670,995.32,19.24,4792.94,-1.75
S12000033,2022-02-16,Aberdeen City,172.74,395,0.0,0.0,52123,317.0,0.61,22793.98,138.63,22.79,228670,976.08,15.31,4794.69,-3.06
S12000033,2022-02-15,Aberdeen City,177.55,406,1.0,0.44,51728,317.0,0.61,22621.24,138.63,22.62,228670,960.77,-2.18,4797.75,13.12
S12000033,2022-02-14,Aberdeen City,154.37,353,0.0,0.0,51322,316.0,0.62,22443.7,138.19,22.44,228670,962.95,-45.04,4784.63,-36.74
S12000033,2022-02-13,Aberdeen City,115.89,265,1.0,0.44,50969,316.0,0.62,22289.33,138.19,22.29,228670,1007.99,-17.93,4821.37,-29.3
S12000033,2022-02-12,Aberdeen City,102.33,234,0.0,0.0,50704,315.0,0.62,22173.44,137.75,22.17,228670,1025.92,-20.12,4850.67,-22.3
S12000033,2022-02-11,Aberdeen City,124.63,285,0.0,0.0,50470,315.0,0.62,22071.11,137.75,22.07,228670,1046.04,-49.42,4872.97,-4.81
S12000033,2022-02-10,Aberdeen City,128.57,294,0.0,0.0,50185,315.0,0.63,21946.47,137.75,21.95,228670,1095.46,-76.09,4877.78,-17.93
S12000033,2022-02-09,Aberdeen City,157.43,360,1.0,0.44,49891,315.0,0.63,21817.9,137.75,21.82,228670,1171.55,-36.74,4895.71,28.86
S12000033,2022-02-08,Aberdeen City,179.73,411,0.0,0.0,49531,314.0,0.63,21660.47,137.32,21.66,228670,1208.29,-54.23,4866.85,27.11
S12000033,2022-02-07,Aberdeen City,199.41,456,0.0,0.0,49120,314.0,0.64,21480.74,137.32,21.48,228670,1262.52,-51.61,4839.74,43.29
S12000033,2022-02-06,Aberdeen City,133.82,306,0.0,0.0,48664,314.0,0.65,21281.32,137.32,21.28,228670,1314.13,-53.79,4796.45,-18.36
S12000033,2022-02-05,Aberdeen City,122.45,280,0.0,0.0,48358,314.0,0.65,21147.51,137.32,21.15,228670,1367.92,-25.36,4814.81,-9.62
S12000033,2022-02-04,Aberdeen City,174.05,398,1.0,0.44,48078,314.0,0.65,21025.06,137.32,21.03,228670,1393.28,0.87,4824.43,10.93
S12000033,2022-02-03,Aberdeen City,204.66,468,0.0,0.0,47680,313.0,0.66,20851.01,136.88,20.85,228670,1392.41,16.18,4813.5,-72.6
S12000033,2022-02-02,Aberdeen City,194.17,444,0.0,0.0,47212,313.0,0.66,20646.35,136.88,20.65,228670,1376.23,-4.81,4886.1,-226.96
S12000033,2022-02-01,Aberdeen City,233.96,535,0.0,0.0,46768,313.0,0.67,20452.18,136.88,20.45,228670,1381.04,5.25,5113.06,-63.41
S12000033,2022-01-31,Aberdeen City,251.02,574,0.0,0.0,46233,313.0,0.68,20218.22,136.88,20.22,228670,1375.79,17.06,5176.47,-34.98
S12000033,2022-01-30,Aberdeen City,187.61,429,0.0,0.0,45659,313.0,0.69,19967.2,136.88,19.97,228670,1358.73,16.18,5211.45,-73.46
S12000033,2022-01-29,Aberdeen City,147.81,338,1.0,0.44,45230,313.0,0.69,19779.6,136.88,19.78,228670,1342.55,4.81,5284.91,34.11
S12000033,2022-01-28,Aberdeen City,173.18,396,2.0,0.87,44892,312.0,0.7,19631.78,136.44,19.63,228670,1337.74,27.99,5250.8,-103.2
S12000033,2022-01-27,Aberdeen City,188.48,431,1.0,0.44,44496,310.0,0.7,19458.61,135.57,19.46,228670,1309.75,38.92,5354.0,-131.63
S12000033,2022-01-26,Aberdeen City,198.98,455,1.0,0.44,44065,309.0,0.7,19270.13,135.13,19.27,228670,1270.83,23.18,5485.63,-160.49
S12000033,2022-01-25,Aberdeen City,228.71,523,0.0,0.0,43610,308.0,0.71,19071.15,134.69,19.07,228670,1247.65,64.28,5646.12,-50.29
S12000033,2022-01-24,Aberdeen City,233.96,535,0.0,0.0,43087,308.0,0.71,18842.44,134.69,18.84,228670,1183.37,42.85,5696.41,-9.19
S12000033,2022-01-23,Aberdeen City,171.43,392,0.0,0.0,42552,308.0,0.72,18608.48,134.69,18.61,228670,1140.52,26.24,5705.6,58.6
S12000033,2022-01-22,Aberdeen City,143.0,327,0.0,0.0,42160,308.0,0.73,18437.05,134.69,18.44,228670,1114.28,18.37,5647.0,77.4
S12000033,2022-01-21,Aberdeen City,145.19,332,1.0,0.44,41833,308.0,0.74,18294.05,134.69,18.29,228670,1095.91,15.75,5569.6,10.94
S12000033,2022-01-20,Aberdeen City,149.56,342,0.0,0.0,41501,307.0,0.74,18148.86,134.25,18.15,228670,1080.16,3.06,5558.66,-17.06
S12000033,2022-01-19,Aberdeen City,175.8,402,0.0,0.0,41159,307.0,0.75,17999.3,134.25,18.0,228670,1077.1,47.23,5575.72,27.55
S12000033,2022-01-18,Aberdeen City,164.43,376,0.0,0.0,40757,307.0,0.75,17823.5,134.25,17.82,228670,1029.87,11.81,5548.17,38.05
S12000033,2022-01-17,Aberdeen City,191.11,437,0.0,0.0,40381,307.0,0.76,17659.07,134.25,17.66,228670,1018.06,34.99,5510.12,97.53
S12000033,2022-01-16,Aberdeen City,145.19,332,0.0,0.0,39944,307.0,0.77,17467.97,134.25,17.47,228670,983.07,-6.99,5412.59,82.65
S12000033,2022-01-15,Aberdeen City,124.63,285,0.0,0.0,39612,307.0,0.78,17322.78,134.25,17.32,228670,990.06,-7.44,5329.94,76.09
S12000033,2022-01-14,Aberdeen City,129.44,296,0.0,0.0,39327,307.0,0.78,17198.15,134.25,17.2,228670,997.5,-33.68,5253.85,61.22
S12000033,2022-01-13,Aberdeen City,146.5,335,1.0,0.44,39031,307.0,0.79,17068.7,134.25,17.07,228670,1031.18,-130.76,5192.63,74.78
S12000033,2022-01-12,Aberdeen City,128.57,294,0.0,0.0,38696,306.0,0.79,16922.2,133.82,16.92,228670,1161.94,-292.56,5117.85,52.48
S12000033,2022-01-11,Aberdeen City,152.62,349,2.0,0.87,38402,306.0,0.8,16793.63,133.82,16.79,228670,1454.5,-144.75,5065.37,83.09
S12000033,2022-01-10,Aberdeen City,156.12,357,0.0,0.0,38053,304.0,0.8,16641.01,132.94,16.64,228670,1599.25,-129.88,4982.28,86.15
S12000033,2022-01-09,Aberdeen City,152.18,348,0.0,0.0,37696,304.0,0.81,16484.89,132.94,16.48,228670,1729.13,-108.89,4896.13,104.51
S12000033,2022-01-08,Aberdeen City,132.07,302,2.0,0.87,37348,304.0,0.81,16332.71,132.94,16.33,228670,1838.02,18.37,4791.62,81.78
S12000033,2022-01-07,Aberdeen City,163.12,373,0.0,0.0,37046,302.0,0.82,16200.64,132.07,16.2,228670,1819.65,-113.26,4709.84,110.21
S12000033,2022-01-06,Aberdeen City,277.26,634,0.0,0.0,36673,302.0,0.82,16037.52,132.07,16.04,228670,1932.91,-42.85,4599.63,216.47
S12000033,2022-01-05,Aberdeen City,421.13,963,0.0,0.0,36039,302.0,0.84,15760.27,132.07,15.76,228670,1975.76,61.66,4383.16,364.28
S12000033,2022-01-04,Aberdeen City,297.37,680,0.0,0.0,35076,302.0,0.86,15339.13,132.07,15.34,228670,1914.1,18.37,4018.88,243.58
S12000033,2022-01-03,Aberdeen City,286.0,654,0.0,0.0,34396,302.0,0.88,15041.76,132.07,15.04,228670,1895.73,42.85,3775.3,220.84
S12000033,2022-01-02,Aberdeen City,261.07,597,0.0,0.0,33742,302.0,0.9,14755.76,132.07,14.76,228670,1852.88,148.24,3554.46,223.46
S12000033,2022-01-01,Aberdeen City,113.7,260,0.0,0.0,33145,302.0,0.91,14494.69,132.07,14.49,228670,1704.64,48.1,3331.0,79.59
S12000033,2021-12-31,Aberdeen City,276.38,632,0.0,0.0,32885,302.0,0.92,14380.99,132.07,14.38,228670,1656.54,142.13,3251.41,239.21
S12000033,2021-12-30,Aberdeen City,320.11,732,0.0,0.0,32253,302.0,0.94,14104.6,132.07,14.1,228670,1514.41,153.49,3012.2,275.5
S12000033,2021-12-29,Aberdeen City,359.47,822,0.0,0.0,31521,302.0,0.96,13784.49,132.07,13.78,228670,1360.92,211.22,2736.7,318.8
S12000033,2021-12-28,Aberdeen City,279.0,638,0.0,0.0,30699,302.0,0.98,13425.02,132.07,13.43,228670,1149.7,152.62,2417.9,226.52
S12000033,2021-12-27,Aberdeen City,243.15,556,0.0,0.0,30061,302.0,1.0,13146.02,132.07,13.15,228670,997.08,149.57,2191.38,185.86
S12000033,2021-12-26,Aberdeen City,112.83,258,0.0,0.0,29505,302.0,1.02,12902.87,132.07,12.9,228670,847.51,50.29,2005.52,68.66
S12000033,2021-12-25,Aberdeen City,65.6,150,0.0,0.0,29247,302.0,1.03,12790.05,132.07,12.79,228670,797.22,17.06,1936.86,41.99
S12000033,2021-12-24,Aberdeen City,134.25,307,0.0,0.0,29097,302.0,1.04,12724.45,132.07,12.72,228670,780.16,66.03,1894.87,90.96
S12000033,2021-12-23,Aberdeen City,166.62,381,0.0,0.0,28790,302.0,1.05,12590.2,132.07,12.59,228670,714.13,94.9,1803.91,110.21
S12000033,2021-12-22,Aberdeen City,148.25,339,0.0,0.0,28409,302.0,1.06,12423.58,132.07,12.42,228670,619.23,72.16,1693.7,82.22
S12000033,2021-12-21,Aberdeen City,126.38,289,0.0,0.0,28070,302.0,1.08,12275.33,132.07,12.28,228670,547.07,56.85,1611.48,55.54
S12000033,2021-12-20,Aberdeen City,93.58,214,0.0,0.0,27781,302.0,1.09,12148.95,132.07,12.15,228670,490.22,23.61,1555.94,27.55
S12000033,2021-12-19,Aberdeen City,62.54,143,1.0,0.44,27567,302.0,1.1,12055.36,132.07,12.06,228670,466.61,14.87,1528.39,27.12
S12000033,2021-12-18,Aberdeen City,48.54,111,0.0,0.0,27424,301.0,1.1,11992.83,131.63,11.99,228670,451.74,-1.75,1501.27,-6.12
S12000033,2021-12-17,Aberdeen City,68.22,156,0.0,0.0,27313,301.0,1.1,11944.29,131.63,11.94,228670,453.49,15.31,1507.39,-3.94
S12000033,2021-12-16,Aberdeen City,71.72,164,0.0,0.0,27157,301.0,1.11,11876.07,131.63,11.88,228670,438.18,10.93,1511.33,-4.81
S12000033,2021-12-15,Aberdeen City,76.09,174,0.0,0.0,26993,301.0,1.12,11804.35,131.63,11.8,228670,427.25,19.24,1516.14,5.25
S12000033,2021-12-14,Aberdeen City,69.53,159,0.0,0.0,26819,301.0,1.12,11728.25,131.63,11.73,228670,408.01,15.74,1510.89,-7.87
S12000033,2021-12-13,Aberdeen City,69.97,160,0.0,0.0,26660,301.0,1.13,11658.72,131.63,11.66,228670,392.27,4.81,1518.76,-21.87
S12000033,2021-12-12,Aberdeen City,47.67,109,1.0,0.44,26500,301.0,1.14,11588.75,131.63,11.59,228670,387.46,10.06,1540.63,-9.62
S12000033,2021-12-11,Aberdeen City,50.29,115,1.0,0.44,26391,300.0,1.14,11541.09,131.19,11.54,228670,377.4,16.18,1550.25,-2.62
S12000033,2021-12-10,Aberdeen City,52.91,121,0.0,0.0,26276,299.0,1.14,11490.79,130.76,11.49,228670,361.22,15.74,1552.87,-10.94
S12000033,2021-12-09,Aberdeen City,60.79,139,0.0,0.0,26155,299.0,1.14,11437.88,130.76,11.44,228670,345.48,16.18,1563.81,-12.24
S12000033,2021-12-08,Aberdeen City,56.85,130,0.0,0.0,26016,299.0,1.15,11377.09,130.76,11.38,228670,329.3,16.18,1576.05,-0.88
S12000033,2021-12-07,Aberdeen City,53.79,123,2.0,0.87,25886,299.0,1.16,11320.24,130.76,11.32,228670,313.12,1.31,1576.93,-17.49
S12000033,2021-12-06,Aberdeen City,65.16,149,0.0,0.0,25763,297.0,1.15,11266.45,129.88,11.27,228670,311.81,7.87,1594.42,-1.75
S12000033,2021-12-05,Aberdeen City,37.61,86,0.0,0.0,25614,297.0,1.16,11201.29,129.88,11.2,228670,303.94,-6.56,1596.17,-1.31
S12000033,2021-12-04,Aberdeen City,34.11,78,1.0,0.44,25528,297.0,1.16,11163.69,129.88,11.16,228670,310.5,10.5,1597.48,-5.69
S12000033,2021-12-03,Aberdeen City,37.17,85,2.0,0.87,25450,296.0,1.16,11129.58,129.44,11.13,228670,300.0,-6.12,1603.17,-14.0
S12000033,2021-12-02,Aberdeen City,44.61,102,1.0,0.44,25365,294.0,1.16,11092.4,128.57,11.09,228670,306.12,-11.8,1617.17,-7.43
S12000033,2021-12-01,Aberdeen City,40.67,93,1.0,0.44,25263,293.0,1.16,11047.8,128.13,11.05,228670,317.92,-25.36,1624.6,-16.18
S12000033,2021-11-30,Aberdeen City,52.48,120,0.0,0.0,25170,292.0,1.16,11007.13,127.69,11.01,228670,343.28,-18.36,1640.78,-0.87
S12000033,2021-11-29,Aberdeen City,57.29,131,0.0,0.0,25050,292.0,1.17,10954.65,127.69,10.95,228670,361.64,-8.74,1641.65,1.31
S12000033,2021-11-28,Aberdeen City,44.17,101,0.0,0.0,24919,292.0,1.17,10897.36,127.69,10.9,228670,370.38,8.75,1640.34,-6.56
S12000033,2021-11-27,Aberdeen City,23.61,54,1.0,0.44,24818,292.0,1.18,10853.19,127.69,10.85,228670,361.63,-31.05,1646.9,-12.25
S12000033,2021-11-26,Aberdeen City,43.29,99,2.0,0.87,24764,291.0,1.18,10829.58,127.26,10.83,228670,392.68,-28.87,1659.15,-2.63
S12000033,2021-11-25,Aberdeen City,56.41,129,0.0,0.0,24665,289.0,1.17,10786.29,126.38,10.79,228670,421.55,-20.12,1661.78,13.55
S12000033,2021-11-24,Aberdeen City,66.03,151,0.0,0.0,24536,289.0,1.18,10729.87,126.38,10.73,228670,441.67,-4.81,1648.23,6.99
S12000033,2021-11-23,Aberdeen City,70.84,162,2.0,0.87,24385,289.0,1.19,10663.84,126.38,10.66,228670,446.48,-6.56,1641.24,21.42
S12000033,2021-11-22,Aberdeen City,66.03,151,0.0,0.0,24223,287.0,1.18,10592.99,125.51,10.59,228670,453.04,-25.81,1619.82,2.62
S12000033,2021-11-21,Aberdeen City,35.42,81,0.0,0.0,24072,287.0,1.19,10526.96,125.51,10.53,228670,478.85,-21.87,1617.2,-11.37
S12000033,2021-11-20,Aberdeen City,54.66,125,0.0,0.0,23991,287.0,1.2,10491.54,125.51,10.49,228670,500.72,1.75,1628.57,12.24
S12000033,2021-11-19,Aberdeen City,72.16,165,0.0,0.0,23866,287.0,1.2,10436.87,125.51,10.44,228670,498.97,8.31,1616.33,33.24
S12000033,2021-11-18,Aberdeen City,76.53,175,1.0,0.44,23701,287.0,1.21,10364.72,125.51,10.36,228670,490.66,3.5,1583.09,36.3
S12000033,2021-11-17,Aberdeen City,70.84,162,0.0,0.0,23526,286.0,1.22,10288.19,125.07,10.29,228670,487.16,13.11,1546.79,34.54
S12000033,2021-11-16,Aberdeen City,77.4,177,0.0,0.0,23364,286.0,1.22,10217.34,125.07,10.22,228670,474.05,6.12,1512.25,36.73
S12000033,2021-11-15,Aberdeen City,91.84,210,1.0,0.44,23187,286.0,1.23,10139.94,125.07,10.14,228670,467.93,24.93,1475.52,48.11
S12000033,2021-11-14,Aberdeen City,57.29,131,0.0,0.0,22977,285.0,1.24,10048.1,124.63,10.05,228670,443.0,18.37,1427.41,28.43
S12000033,2021-11-13,Aberdeen City,52.91,121,0.0,0.0,22846,285.0,1.25,9990.82,124.63,9.99,228670,424.63,13.11,1398.98,19.67
S12000033,2021-11-12,Aberdeen City,63.85,146,0.0,0.0,22725,285.0,1.25,9937.9,124.63,9.94,228670,411.52,12.68,1379.31,35.86
S12000033,2021-11-11,Aberdeen City,73.03,167,0.0,0.0,22579,285.0,1.26,9874.05,124.63,9.87,228670,398.84,20.99,1343.45,27.11
S12000033,2021-11-10,Aberdeen City,57.73,132,0.0,0.0,22412,285.0,1.27,9801.02,124.63,9.8,228670,377.85,0.88,1316.34,12.69
S12000033,2021-11-09,Aberdeen City,71.28,163,1.0,0.44,22280,285.0,1.28,9743.3,124.63,9.74,228670,376.97,17.93,1303.65,29.3
S12000033,2021-11-08,Aberdeen City,66.91,153,1.0,0.44,22117,284.0,1.28,9672.02,124.2,9.67,228670,359.04,10.93,1274.35,27.11
S12000033,2021-11-07,Aberdeen City,38.92,89,0.0,0.0,21964,283.0,1.29,9605.11,123.76,9.61,228670,348.11,-11.81,1247.24,11.37
S12000033,2021-11-06,Aberdeen City,39.8,91,2.0,0.87,21875,283.0,1.29,9566.19,123.76,9.57,228670,359.92,3.94,1235.87,11.81
S12000033,2021-11-05,Aberdeen City,51.17,117,0.0,0.0,21784,281.0,1.29,9526.39,122.88,9.53,228670,355.98,5.25,1224.06,12.25
S12000033,2021-11-04,Aberdeen City,52.04,119,0.0,0.0,21667,281.0,1.3,9475.23,122.88,9.48,228670,350.73,9.18,1211.81,12.24
S12000033,2021-11-03,Aberdeen City,56.85,130,1.0,0.44,21548,281.0,1.3,9423.19,122.88,9.42,228670,341.55,-2.19,1199.57,13.56
S12000033,2021-11-02,Aberdeen City,53.35,122,1.0,0.44,21418,280.0,1.31,9366.34,122.45,9.37,228670,343.74,3.93,1186.01,11.37
S12000033,2021-11-01,Aberdeen City,55.98,128,1.0,0.44,21296,279.0,1.31,9312.98,122.01,9.31,228670,339.81,-7.43,1174.64,5.25
S12000033,2021-10-31,Aberdeen City,50.73,116,0.0,0.0,21168,278.0,1.31,9257.01,121.57,9.26,228670,347.24,3.94,1169.39,16.62
S12000033,2021-10-30,Aberdeen City,35.86,82,0.0,0.0,21052,278.0,1.32,9206.28,121.57,9.21,228670,343.3,-6.56,1152.77,8.31
S12000033,2021-10-29,Aberdeen City,45.92,105,1.0,0.44,20970,278.0,1.33,9170.42,121.57,9.17,228670,349.86,7.0,1144.46,13.12
S12000033,2021-10-28,Aberdeen City,42.86,98,0.0,0.0,20865,277.0,1.33,9124.5,121.14,9.12,228670,342.86,2.63,1131.34,10.94
S12000033,2021-10-27,Aberdeen City,59.04,135,0.0,0.0,20767,277.0,1.33,9081.65,121.14,9.08,228670,340.23,22.74,1120.4,3.06
S12000033,2021-10-26,Aberdeen City,49.42,113,1.0,0.44,20632,277.0,1.34,9022.61,121.14,9.02,228670,317.49,8.75,1117.34,-0.87
S12000033,2021-10-25,Aberdeen City,63.41,145,0.0,0.0,20519,276.0,1.35,8973.19,120.7,8.97,228670,308.74,19.68,1118.21,24.93
S12000033,2021-10-24,Aberdeen City,46.79,107,0.0,0.0,20374,276.0,1.35,8909.78,120.7,8.91,228670,289.06,17.93,1093.28,17.93
S12000033,2021-10-23,Aberdeen City,42.42,97,0.0,0.0,20267,276.0,1.36,8862.99,120.7,8.86,228670,271.13,9.18,1075.35,10.93
S12000033,2021-10-22,Aberdeen City,38.92,89,0.0,0.0,20170,276.0,1.37,8820.57,120.7,8.82,228670,261.95,10.93,1064.42,-10.5
S12000033,2021-10-21,Aberdeen City,40.23,92,0.0,0.0,20081,276.0,1.37,8781.65,120.7,8.78,228670,251.02,-5.69,1074.92,0.87
S12000033,2021-10-20,Aberdeen City,36.3,83,0.0,0.0,19989,276.0,1.38,8741.42,120.7,8.74,228670,256.71,-8.74,1074.05,-15.74
S12000033,2021-10-19,Aberdeen City,40.67,93,0.0,0.0,19906,276.0,1.39,8705.12,120.7,8.71,228670,265.45,-1.31,1089.79,-21.87
S12000033,2021-10-18,Aberdeen City,43.73,100,0.0,0.0,19813,276.0,1.39,8664.45,120.7,8.66,228670,266.76,3.93,1111.66,-17.93
S12000033,2021-10-17,Aberdeen City,28.86,66,0.0,0.0,19713,276.0,1.4,8620.72,120.7,8.62,228670,262.83,1.31,1129.59,-10.5
S12000033,2021-10-16,Aberdeen City,33.24,76,0.0,0.0,19647,276.0,1.4,8591.86,120.7,8.59,228670,261.52,5.25,1140.09,-11.37
S12000033,2021-10-15,Aberdeen City,27.99,64,0.0,0.0,19571,276.0,1.41,8558.62,120.7,8.56,228670,256.27,-10.93,1151.46,-25.36
S12000033,2021-10-14,Aberdeen City,45.92,105,1.0,0.44,19507,276.0,1.41,8530.63,120.7,8.53,228670,267.2,6.12,1176.82,-13.12
S12000033,2021-10-13,Aberdeen City,45.04,103,0.0,0.0,19402,275.0,1.42,8484.72,120.26,8.48,228670,261.08,1.75,1189.94,-18.81
S12000033,2021-10-12,Aberdeen City,41.98,96,0.0,0.0,19299,275.0,1.42,8439.67,120.26,8.44,228670,259.33,0.0,1208.75,-22.3
S12000033,2021-10-11,Aberdeen City,39.8,91,0.0,0.0,19203,275.0,1.43,8397.69,120.26,8.4,228670,259.33,-10.93,1231.05,-34.11
S12000033,2021-10-10,Aberdeen City,27.55,63,0.0,0.0,19112,275.0,1.44,8357.9,120.26,8.36,228670,270.26,-6.56,1265.16,-29.74
S12000033,2021-10-09,Aberdeen City,27.99,64,0.0,0.0,19049,275.0,1.44,8330.35,120.26,8.33,228670,276.82,0.44,1294.9,-30.61
S12000033,2021-10-08,Aberdeen City,38.92,89,2.0,0.87,18985,275.0,1.45,8302.36,120.26,8.3,228670,276.38,6.12,1325.51,-21.43
S12000033,2021-10-07,Aberdeen City,39.8,91,0.0,0.0,18896,273.0,1.44,8263.44,119.39,8.26,228670,270.26,7.88,1346.94,-47.66
S12000033,2021-10-06,Aberdeen City,43.29,99,0.0,0.0,18805,273.0,1.45,8223.64,119.39,8.22,228670,262.38,-12.69,1394.6,-43.3
S12000033,2021-10-05,Aberdeen City,41.98,96,2.0,0.87,18706,273.0,1.46,8180.35,119.39,8.18,228670,275.07,-8.31,1437.9,-54.23
S12000033,2021-10-04,Aberdeen City,50.73,116,0.0,0.0,18610,271.0,1.46,8138.37,118.51,8.14,228670,283.38,12.25,1492.13,-34.98
S12000033,2021-10-03,Aberdeen City,34.11,78,1.0,0.44,18494,271.0,1.47,8087.64,118.51,8.09,228670,271.13,5.25,1527.11,-21.87
S12000033,2021-10-02,Aberdeen City,27.55,63,0.0,0.0,18416,270.0,1.47,8053.53,118.07,8.05,228670,265.88,-3.94,1548.98,-39.8
S12000033,2021-10-01,Aberdeen City,32.8,75,0.0,0.0,18353,270.0,1.47,8025.98,118.07,8.03,228670,269.82,-16.62,1588.78,-49.41
S12000033,2021-09-30,Aberdeen City,31.92,73,0.0,0.0,18278,270.0,1.48,7993.18,118.07,7.99,228670,286.44,-7.44,1638.19,-75.66
S12000033,2021-09-29,Aberdeen City,55.98,128,2.0,0.87,18205,270.0,1.48,7961.25,118.07,7.96,228670,293.88,3.94,1713.85,-31.48
S12000033,2021-09-28,Aberdeen City,50.29,115,1.0,0.44,18077,268.0,1.48,7905.28,117.2,7.91,228670,289.94,-12.25,1745.33,-31.92
S12000033,2021-09-27,Aberdeen City,38.48,88,1.0,0.44,17962,267.0,1.49,7854.99,116.76,7.85,228670,302.19,-23.18,1777.25,-31.05
S12000033,2021-09-26,Aberdeen City,28.86,66,1.0,0.44,17874,266.0,1.49,7816.5,116.32,7.82,228670,325.37,-10.5,1808.3,-18.81
S12000033,2021-09-25,Aberdeen City,31.49,72,0.0,0.0,17808,265.0,1.49,7787.64,115.89,7.79,228670,335.87,-13.12,1827.11,-10.93
S12000033,2021-09-24,Aberdeen City,49.42,113,1.0,0.44,17736,265.0,1.49,7756.16,115.89,7.76,228670,348.99,-3.93,1838.04,-9.62
S12000033,2021-09-23,Aberdeen City,39.36,90,0.0,0.0,17623,264.0,1.5,7706.74,115.45,7.71,228670,352.92,-19.68,1847.66,-31.48
S12000033,2021-09-22,Aberdeen City,52.04,119,1.0,0.44,17533,264.0,1.51,7667.38,115.45,7.67,228670,372.6,-11.81,1879.14,-22.74
S12000033,2021-09-21,Aberdeen City,62.54,143,0.0,0.0,17414,263.0,1.51,7615.34,115.01,7.62,228670,384.41,-1.74,1901.88,2.19
S12000033,2021-09-20,Aberdeen City,61.66,141,0.0,0.0,17271,263.0,1.52,7552.81,115.01,7.55,228670,386.15,-12.25,1899.69,10.06
S12000033,2021-09-19,Aberdeen City,39.36,90,1.0,0.44,17130,263.0,1.54,7491.14,115.01,7.49,228670,398.4,-17.93,1889.63,5.25
S12000033,2021-09-18,Aberdeen City,44.61,102,1.0,0.44,17040,262.0,1.54,7451.79,114.58,7.45,228670,416.33,-13.99,1884.38,18.81
S12000033,2021-09-17,Aberdeen City,53.35,122,0.0,0.0,16938,261.0,1.54,7407.18,114.14,7.41,228670,430.32,-7.0,1865.57,14.43
S12000033,2021-09-16,Aberdeen City,59.04,135,1.0,0.44,16816,261.0,1.55,7353.83,114.14,7.35,228670,437.32,-28.42,1851.14,24.49
S12000033,2021-09-15,Aberdeen City,63.85,146,1.0,0.44,16681,260.0,1.56,7294.79,113.7,7.29,228670,465.74,-22.74,1826.65,34.11
S12000033,2021-09-14,Aberdeen City,64.28,147,1.0,0.44,16535,259.0,1.57,7230.94,113.26,7.23,228670,488.48,-31.93,1792.54,34.54
S12000033,2021-09-13,Aberdeen City,73.91,169,0.0,0.0,16388,258.0,1.57,7166.66,112.83,7.17,228670,520.41,-11.8,1758.0,52.92
S12000033,2021-09-12,Aberdeen City,57.29,131,1.0,0.44,16219,258.0,1.59,7092.75,112.83,7.09,228670,532.21,1.31,1705.08,42.86
S12000033,2021-09-11,Aberdeen City,58.6,134,1.0,0.44,16088,257.0,1.6,7035.47,112.39,7.04,228670,530.9,-8.75,1662.22,41.11
S12000033,2021-09-10,Aberdeen City,60.35,138,1.0,0.44,15954,256.0,1.6,6976.87,111.95,6.98,228670,539.65,-21.86,1621.11,39.36
S12000033,2021-09-09,Aberdeen City,87.46,200,0.0,0.0,15816,255.0,1.61,6916.52,111.51,6.92,228670,561.51,-20.12,1581.75,74.78
S12000033,2021-09-08,Aberdeen City,86.59,198,0.0,0.0,15616,255.0,1.63,6829.05,111.51,6.83,228670,581.63,-0.87,1506.97,67.79
S12000033,2021-09-07,Aberdeen City,96.21,220,0.0,0.0,15418,255.0,1.65,6742.47,111.51,6.74,228670,582.5,14.0,1439.18,80.47
S12000033,2021-09-06,Aberdeen City,85.71,196,0.0,0.0,15198,255.0,1.68,6646.26,111.51,6.65,228670,568.5,16.18,1358.71,69.09
S12000033,2021-09-05,Aberdeen City,55.98,128,0.0,0.0,15002,255.0,1.7,6560.55,111.51,6.56,228670,552.32,8.31,1289.62,45.05
S12000033,2021-09-04,Aberdeen City,67.35,154,0.0,0.0,14874,255.0,1.71,6504.57,111.51,6.5,228670,544.01,24.93,1244.57,58.6
S12000033,2021-09-03,Aberdeen City,82.21,188,0.0,0.0,14720,255.0,1.73,6437.22,111.51,6.44,228670,519.08,23.17,1185.97,62.97
S12000033,2021-09-02,Aberdeen City,107.58,246,0.0,0.0,14532,255.0,1.75,6355.01,111.51,6.36,228670,495.91,36.74,1123.0,90.09
S12000033,2021-09-01,Aberdeen City,87.46,200,0.0,0.0,14286,255.0,1.78,6247.43,111.51,6.25,228670,459.17,12.68,1032.91,68.66
S12000033,2021-08-31,Aberdeen City,82.21,188,0.0,0.0,14086,255.0,1.81,6159.97,111.51,6.16,228670,446.49,21.86,964.25,63.84
S12000033,2021-08-30,Aberdeen City,69.53,159,0.0,0.0,13898,255.0,1.83,6077.75,111.51,6.08,228670,424.63,17.93,900.41,42.42
S12000033,2021-08-29,Aberdeen City,47.67,109,1.0,0.44,13739,255.0,1.86,6008.22,111.51,6.01,228670,406.7,13.56,857.99,38.05
S12000033,2021-08-28,Aberdeen City,42.42,97,0.0,0.0,13630,254.0,1.86,5960.55,111.08,5.96,228670,393.14,16.62,819.94,31.49
S12000033,2021-08-27,Aberdeen City,59.04,135,0.0,0.0,13533,254.0,1.88,5918.14,111.08,5.92,228670,376.52,20.12,788.45,37.17
S12000033,2021-08-26,Aberdeen City,70.84,162,0.0,0.0,13398,254.0,1.9,5859.1,111.08,5.86,228670,356.4,36.29,751.28,54.22
S12000033,2021-08-25,Aberdeen City,74.78,171,0.0,0.0,13236,254.0,1.92,5788.25,111.08,5.79,228670,320.11,45.04,697.06,47.23
S12000033,2021-08-24,Aberdeen City,60.35,138,1.0,0.44,13065,254.0,1.94,5713.47,111.08,5.71,228670,275.07,30.61,649.83,38.05
S12000033,2021-08-23,Aberdeen City,51.6,118,1.0,0.44,12927,253.0,1.96,5653.12,110.64,5.65,228670,244.46,30.61,611.78,25.8
S12000033,2021-08-22,Aberdeen City,34.11,78,0.0,0.0,12809,252.0,1.97,5601.52,110.2,5.6,228670,213.85,19.68,585.98,21.87
S12000033,2021-08-21,Aberdeen City,25.8,59,1.0,0.44,12731,252.0,1.98,5567.41,110.2,5.57,228670,194.17,8.31,564.11,10.49
S12000033,2021-08-20,Aberdeen City,38.92,89,0.0,0.0,12672,251.0,1.98,5541.61,109.77,5.54,228670,185.86,17.93,553.62,15.74
S12000033,2021-08-19,Aberdeen City,34.55,79,0.0,0.0,12583,251.0,1.99,5502.69,109.77,5.5,228670,167.93,21.87,537.88,14.0
S12000033,2021-08-18,Aberdeen City,29.74,68,0.0,0.0,12504,251.0,2.01,5468.14,109.77,5.47,228670,146.06,10.94,523.88,-1.75
S12000033,2021-08-17,Aberdeen City,29.74,68,0.0,0.0,12436,251.0,2.02,5438.4,109.77,5.44,228670,135.12,14.0,525.63,5.25
S12000033,2021-08-16,Aberdeen City,20.99,48,0.0,0.0,12368,251.0,2.03,5408.67,109.77,5.41,228670,121.12,4.37,520.38,-6.56
S12000033,2021-08-15,Aberdeen City,14.43,33,0.0,0.0,12320,251.0,2.04,5387.68,109.77,5.39,228670,116.75,3.5,526.94,-7.44
S12000033,2021-08-14,Aberdeen City,17.49,40,1.0,0.44,12287,251.0,2.04,5373.25,109.77,5.37,228670,113.25,8.74,534.38,-6.56
S12000033,2021-08-13,Aberdeen City,20.99,48,0.0,0.0,12247,250.0,2.04,5355.75,109.33,5.36,228670,104.51,1.75,540.94,-4.81
S12000033,2021-08-12,Aberdeen City,12.68,29,0.0,0.0,12199,250.0,2.05,5334.76,109.33,5.33,228670,102.76,-4.81,545.75,-22.74
S12000033,2021-08-11,Aberdeen City,18.8,43,0.0,0.0,12170,250.0,2.05,5322.08,109.33,5.32,228670,107.57,0.0,568.49,-18.37
S12000033,2021-08-10,Aberdeen City,15.74,36,0.0,0.0,12127,250.0,2.06,5303.28,109.33,5.3,228670,107.57,-2.63,586.86,-21.87
S12000033,2021-08-09,Aberdeen City,16.62,38,0.0,0.0,12091,250.0,2.07,5287.53,109.33,5.29,228670,110.2,-10.49,608.73,-25.8
S12000033,2021-08-08,Aberdeen City,10.93,25,0.0,0.0,12053,250.0,2.07,5270.91,109.33,5.27,228670,120.69,1.31,634.53,-25.37
S12000033,2021-08-07,Aberdeen City,8.75,20,0.0,0.0,12028,250.0,2.08,5259.98,109.33,5.26,228670,119.38,-2.18,659.9,-21.42
S12000033,2021-08-06,Aberdeen City,19.24,44,0.0,0.0,12008,250.0,2.08,5251.24,109.33,5.25,228670,121.56,-2.63,681.32,-27.12
S12000033,2021-08-05,Aberdeen City,17.49,40,2.0,0.87,11964,250.0,2.09,5231.99,109.33,5.23,228670,124.19,0.87,708.44,-42.86
S12000033,2021-08-04,Aberdeen City,18.8,43,0.0,0.0,11924,248.0,2.08,5214.5,108.45,5.21,228670,123.32,-8.75,751.3,-28.43
S12000033,2021-08-03,Aberdeen City,18.37,42,0.0,0.0,11881,248.0,2.09,5195.7,108.45,5.2,228670,132.07,-3.93,779.73,-40.23
S12000033,2021-08-02,Aberdeen City,27.11,62,0.0,0.0,11839,248.0,2.09,5177.33,108.45,5.18,228670,136.0,1.31,819.96,-35.86
S12000033,2021-08-01,Aberdeen City,9.62,22,0.0,0.0,11777,248.0,2.11,5150.22,108.45,5.15,228670,134.69,-2.62,855.82,-32.36
S12000033,2021-07-31,Aberdeen City,10.93,25,0.0,0.0,11755,248.0,2.11,5140.6,108.45,5.14,228670,137.31,-4.38,888.18,-48.54
S12000033,2021-07-30,Aberdeen City,21.87,50,1.0,0.44,11730,248.0,2.11,5129.66,108.45,5.13,228670,141.69,-1.31,936.72,-34.98
S12000033,2021-07-29,Aberdeen City,16.62,38,0.0,0.0,11680,247.0,2.11,5107.8,108.02,5.11,228670,143.0,-3.93,971.7,-51.6
S12000033,2021-07-28,Aberdeen City,27.55,63,1.0,0.44,11642,247.0,2.12,5091.18,108.02,5.09,228670,146.93,-3.94,1023.3,-47.67
S12000033,2021-07-27,Aberdeen City,22.3,51,1.0,0.44,11579,246.0,2.12,5063.63,107.58,5.06,228670,150.87,-2.19,1070.97,-44.61
S12000033,2021-07-26,Aberdeen City,25.8,59,0.0,0.0,11528,245.0,2.13,5041.33,107.14,5.04,228670,153.06,-1.75,1115.58,-54.67
S12000033,2021-07-25,Aberdeen City,12.24,28,0.0,0.0,11469,245.0,2.14,5015.52,107.14,5.02,228670,154.81,-9.63,1170.25,-29.3
S12000033,2021-07-24,Aberdeen City,15.31,35,0.0,0.0,11441,245.0,2.14,5003.28,107.14,5.0,228670,164.44,-8.74,1199.55,-17.49
S12000033,2021-07-23,Aberdeen City,23.18,53,0.0,0.0,11406,245.0,2.15,4987.97,107.14,4.99,228670,173.18,-2.62,1217.04,-29.3
S12000033,2021-07-22,Aberdeen City,20.55,47,0.0,0.0,11353,245.0,2.16,4964.8,107.14,4.96,228670,175.8,-14.87,1246.34,-31.05
S12000033,2021-07-21,Aberdeen City,31.49,72,1.0,0.44,11306,245.0,2.17,4944.24,107.14,4.94,228670,190.67,-5.68,1277.39,-17.05
S12000033,2021-07-20,Aberdeen City,24.49,56,0.0,0.0,11234,244.0,2.17,4912.76,106.7,4.91,228670,196.35,-13.12,1294.44,-27.11
S12000033,2021-07-19,Aberdeen City,27.55,63,0.0,0.0,11178,244.0,2.18,4888.27,106.7,4.89,228670,209.47,-14.87,1321.55,-19.68
S12000033,2021-07-18,Aberdeen City,21.87,50,0.0,0.0,11115,244.0,2.2,4860.72,106.7,4.86,228670,224.34,-14.43,1341.23,-2.18
S12000033,2021-07-17,Aberdeen City,24.05,55,0.0,0.0,11065,244.0,2.21,4838.85,106.7,4.84,228670,238.77,-6.12,1343.41,11.81
S12000033,2021-07-16,Aberdeen City,25.8,59,0.0,0.0,11010,244.0,2.22,4814.8,106.7,4.81,228670,244.89,-20.56,1331.6,-0.88
S12000033,2021-07-15,Aberdeen City,35.42,81,0.0,0.0,10951,244.0,2.23,4789.0,106.7,4.79,228670,265.45,-24.93,1332.48,18.36
S12000033,2021-07-14,Aberdeen City,37.17,85,0.0,0.0,10870,244.0,2.24,4753.58,106.7,4.75,228670,290.38,-10.06,1314.12,11.81
S12000033,2021-07-13,Aberdeen City,37.61,86,0.0,0.0,10785,244.0,2.26,4716.4,106.7,4.72,228670,300.44,-20.99,1302.31,17.49
S12000033,2021-07-12,Aberdeen City,42.42,97,0.0,0.0,10699,244.0,2.28,4678.79,106.7,4.68,228670,321.43,-20.55,1284.82,24.49
S12000033,2021-07-11,Aberdeen City,36.3,83,0.0,0.0,10602,244.0,2.3,4636.38,106.7,4.64,228670,341.98,-5.68,1260.33,21.87
S12000033,2021-07-10,Aberdeen City,30.17,69,0.0,0.0,10519,244.0,2.32,4600.08,106.7,4.6,228670,347.66,-29.3,1238.46,19.67
S12000033,2021-07-09,Aberdeen City,46.36,106,0.0,0.0,10450,244.0,2.33,4569.9,106.7,4.57,228670,376.96,-10.49,1218.79,30.18
S12000033,2021-07-08,Aberdeen City,60.35,138,0.0,0.0,10344,244.0,2.36,4523.55,106.7,4.52,228670,387.45,-7.87,1188.61,47.67
S12000033,2021-07-07,Aberdeen City,47.23,108,0.0,0.0,10206,244.0,2.39,4463.2,106.7,4.46,228670,395.32,-27.99,1140.94,31.49
S12000033,2021-07-06,Aberdeen City,58.6,134,0.0,0.0,10098,244.0,2.42,4415.97,106.7,4.42,228670,423.31,-8.31,1109.45,49.42
S12000033,2021-07-05,Aberdeen City,62.97,144,0.0,0.0,9964,244.0,2.45,4357.37,106.7,4.36,228670,431.62,-17.5,1060.03,56.41
S12000033,2021-07-04,Aberdeen City,41.98,96,0.0,0.0,9820,244.0,2.48,4294.4,106.7,4.29,228670,449.12,0.44,1003.62,38.92
S12000033,2021-07-03,Aberdeen City,59.47,136,0.0,0.0,9724,244.0,2.51,4252.42,106.7,4.25,228670,448.68,26.67,964.7,52.91
S12000033,2021-07-02,Aberdeen City,56.85,130,0.0,0.0,9588,244.0,2.54,4192.94,106.7,4.19,228670,422.01,4.37,911.79,48.1
S12000033,2021-07-01,Aberdeen City,68.22,156,0.0,0.0,9458,244.0,2.58,4136.09,106.7,4.14,228670,417.64,16.62,863.69,61.66
S12000033,2021-06-30,Aberdeen City,75.22,172,0.0,0.0,9302,244.0,2.62,4067.87,106.7,4.07,228670,401.02,26.68,802.03,67.79
S12000033,2021-06-29,Aberdeen City,66.91,153,0.0,0.0,9130,244.0,2.67,3992.65,106.7,3.99,228670,374.34,15.31,734.24,61.66
S12000033,2021-06-28,Aberdeen City,80.47,184,0.0,0.0,8977,244.0,2.72,3925.74,106.7,3.93,228670,359.03,33.24,672.58,76.97
S12000033,2021-06-27,Aberdeen City,41.54,95,0.0,0.0,8793,244.0,2.77,3845.28,106.7,3.85,228670,325.79,17.49,595.61,40.23
S12000033,2021-06-26,Aberdeen City,32.8,75,0.0,0.0,8698,244.0,2.81,3803.73,106.7,3.8,228670,308.3,20.56,555.38,31.93
S12000033,2021-06-25,Aberdeen City,52.48,120,0.0,0.0,8623,244.0,2.83,3770.94,106.7,3.77,228670,287.74,25.8,523.45,49.42
S12000033,2021-06-24,Aberdeen City,51.6,118,0.0,0.0,8503,244.0,2.87,3718.46,106.7,3.72,228670,261.94,34.54,474.03,49.85
S12000033,2021-06-23,Aberdeen City,48.54,111,0.0,0.0,8385,244.0,2.91,3666.86,106.7,3.67,228670,227.4,23.18,424.18,45.92
S12000033,2021-06-22,Aberdeen City,51.6,118,1.0,0.44,8274,244.0,2.95,3618.31,106.7,3.62,228670,204.22,31.48,378.26,48.1
S12000033,2021-06-21,Aberdeen City,47.23,108,0.0,0.0,8156,243.0,2.98,3566.71,106.27,3.57,228670,172.74,29.3,330.16,42.42
S12000033,2021-06-20,Aberdeen City,24.05,55,0.0,0.0,8048,243.0,3.02,3519.48,106.27,3.52,228670,143.44,9.62,287.74,21.86
S12000033,2021-06-19,Aberdeen City,12.24,28,1.0,0.44,7993,243.0,3.04,3495.43,106.27,3.5,228670,133.82,1.74,265.88,10.49
S12000033,2021-06-18,Aberdeen City,26.68,61,0.0,0.0,7965,242.0,3.04,3483.19,105.83,3.48,228670,132.08,10.5,255.39,25.81
S12000033,2021-06-17,Aberdeen City,17.06,39,0.0,0.0,7904,242.0,3.06,3456.51,105.83,3.46,228670,121.58,4.38,229.58,16.19
S12000033,2021-06-16,Aberdeen City,25.36,58,0.0,0.0,7865,242.0,3.08,3439.45,105.83,3.44,228670,117.2,9.62,213.39,23.17
S12000033,2021-06-15,Aberdeen City,20.12,46,0.0,0.0,7807,242.0,3.1,3414.09,105.83,3.41,228670,107.58,10.94,190.22,19.25
S12000033,2021-06-14,Aberdeen City,17.93,41,0.0,0.0,7761,242.0,3.12,3393.97,105.83,3.39,228670,96.64,11.37,170.97,16.62
S12000033,2021-06-13,Aberdeen City,14.43,33,0.0,0.0,7720,242.0,3.13,3376.04,105.83,3.38,228670,85.27,11.37,154.35,13.56
S12000033,2021-06-12,Aberdeen City,10.5,24,0.0,0.0,7687,242.0,3.15,3361.61,105.83,3.36,228670,73.9,3.94,140.79,7.88
S12000033,2021-06-11,Aberdeen City,16.18,37,0.0,0.0,7663,242.0,3.16,3351.12,105.83,3.35,228670,69.96,7.43,132.91,13.56
S12000033,2021-06-10,Aberdeen City,12.68,29,0.0,0.0,7626,242.0,3.17,3334.94,105.83,3.33,228670,62.53,6.12,119.35,10.49
S12000033,2021-06-09,Aberdeen City,15.74,36,0.0,0.0,7597,242.0,3.19,3322.25,105.83,3.32,228670,56.41,8.31,108.86,15.74
S12000033,2021-06-08,Aberdeen City,9.18,21,0.0,0.0,7561,242.0,3.2,3306.51,105.83,3.31,228670,48.1,3.93,93.12,5.24
S12000033,2021-06-07,Aberdeen City,6.56,15,0.0,0.0,7540,242.0,3.21,3297.33,105.83,3.3,228670,44.17,3.06,87.88,3.5
S12000033,2021-06-06,Aberdeen City,3.06,7,0.0,0.0,7525,242.0,3.22,3290.77,105.83,3.29,228670,41.11,1.75,84.38,0.0
S12000033,2021-06-05,Aberdeen City,6.56,15,0.0,0.0,7518,242.0,3.22,3287.71,105.83,3.29,228670,39.36,5.69,84.38,3.94
S12000033,2021-06-04,Aberdeen City,8.75,20,0.0,0.0,7503,242.0,3.23,3281.15,105.83,3.28,228670,33.67,5.69,80.44,4.38
S12000033,2021-06-03,Aberdeen City,6.56,15,0.0,0.0,7483,242.0,3.23,3272.4,105.83,3.27,228670,27.98,4.81,76.06,6.12
S12000033,2021-06-02,Aberdeen City,7.43,17,0.0,0.0,7468,242.0,3.24,3265.84,105.83,3.27,228670,23.17,4.81,69.94,0.43
S12000033,2021-06-01,Aberdeen City,5.25,12,0.0,0.0,7451,242.0,3.25,3258.41,105.83,3.26,228670,18.36,1.75,69.51,3.06
S12000033,2021-05-31,Aberdeen City,3.5,8,0.0,0.0,7439,242.0,3.25,3253.16,105.83,3.25,228670,16.61,-1.31,66.45,1.75
S12000033,2021-05-30,Aberdeen City,1.31,3,0.0,0.0,7431,242.0,3.26,3249.66,105.83,3.25,228670,17.92,-0.88,64.7,-0.44
S12000033,2021-05-29,Aberdeen City,0.87,2,0.0,0.0,7428,242.0,3.26,3248.35,105.83,3.25,228670,18.8,-0.88,65.14,-1.75
S12000033,2021-05-28,Aberdeen City,3.06,7,0.0,0.0,7426,242.0,3.26,3247.47,105.83,3.25,228670,19.68,2.19,66.89,0.44
S12000033,2021-05-27,Aberdeen City,1.75,4,0.0,0.0,7419,242.0,3.26,3244.41,105.83,3.24,228670,17.49,0.88,66.45,0.88
S12000033,2021-05-26,Aberdeen City,2.62,6,0.0,0.0,7415,242.0,3.26,3242.66,105.83,3.24,228670,16.61,0.43,65.57,0.43
S12000033,2021-05-25,Aberdeen City,3.5,8,0.0,0.0,7409,242.0,3.27,3240.04,105.83,3.24,228670,16.18,2.63,65.14,0.44
S12000033,2021-05-24,Aberdeen City,4.81,11,0.0,0.0,7401,242.0,3.27,3236.54,105.83,3.24,228670,13.55,3.5,64.7,2.19
S12000033,2021-05-23,Aberdeen City,2.19,5,0.0,0.0,7390,242.0,3.27,3231.73,105.83,3.23,228670,10.05,1.32,62.51,1.32
S12000033,2021-05-22,Aberdeen City,1.75,4,0.0,0.0,7385,242.0,3.28,3229.54,105.83,3.23,228670,8.73,-0.87,61.19,-0.44
S12000033,2021-05-21,Aberdeen City,0.87,2,0.0,0.0,7381,242.0,3.28,3227.8,105.83,3.23,228670,9.6,-1.75,61.63,-0.88
S12000033,2021-05-20,Aberdeen City,0.87,2,0.0,0.0,7379,242.0,3.28,3226.92,105.83,3.23,228670,11.35,-1.32,62.51,-3.5
S12000033,2021-05-19,Aberdeen City,2.19,5,0.0,0.0,7377,242.0,3.28,3226.05,105.83,3.23,228670,12.67,2.19,66.01,0.0
S12000033,2021-05-18,Aberdeen City,0.87,2,0.0,0.0,7372,242.0,3.28,3223.86,105.83,3.22,228670,10.48,-3.07,66.01,-0.88
S12000033,2021-05-17,Aberdeen City,1.31,3,0.0,0.0,7370,242.0,3.28,3222.99,105.83,3.22,228670,13.55,-1.75,66.89,-2.19
S12000033,2021-05-16,Aberdeen City,0.87,2,0.0,0.0,7367,242.0,3.28,3221.67,105.83,3.22,228670,15.3,-2.19,69.08,0.0
S12000033,2021-05-15,Aberdeen City,2.62,6,0.0,0.0,7365,242.0,3.29,3220.8,105.83,3.22,228670,17.49,0.0,69.08,-1.75
S12000033,2021-05-14,Aberdeen City,2.62,6,0.0,0.0,7359,242.0,3.29,3218.17,105.83,3.22,228670,17.49,-1.75,70.83,-1.32
S12000033,2021-05-13,Aberdeen City,2.19,5,0.0,0.0,7353,242.0,3.29,3215.55,105.83,3.22,228670,19.24,1.75,72.15,-2.18
S12000033,2021-05-12,Aberdeen City,0.0,0,0.0,0.0,7348,242.0,3.29,3213.36,105.83,3.21,228670,17.49,-7.0,74.33,-5.25
S12000033,2021-05-11,Aberdeen City,3.94,9,0.0,0.0,7348,242.0,3.29,3213.36,105.83,3.21,228670,24.49,1.75,79.58,0.0
S12000033,2021-05-10,Aberdeen City,3.06,7,0.0,0.0,7339,242.0,3.3,3209.43,105.83,3.21,228670,22.74,1.31,79.58,0.44
S12000033,2021-05-09,Aberdeen City,3.06,7,0.0,0.0,7332,242.0,3.3,3206.37,105.83,3.21,228670,21.43,1.31,79.14,0.44
S12000033,2021-05-08,Aberdeen City,2.62,6,0.0,0.0,7325,242.0,3.3,3203.31,105.83,3.2,228670,20.12,0.0,78.7,-1.75
S12000033,2021-05-07,Aberdeen City,4.37,10,0.0,0.0,7319,242.0,3.31,3200.68,105.83,3.2,228670,20.12,1.75,80.45,-0.44
S12000033,2021-05-06,Aberdeen City,0.44,1,0.0,0.0,7309,242.0,3.31,3196.31,105.83,3.2,228670,18.37,-0.43,80.89,-7.87
S12000033,2021-05-05,Aberdeen City,7.0,16,0.0,0.0,7308,242.0,3.31,3195.87,105.83,3.2,228670,18.8,4.81,88.76,3.06
S12000033,2021-05-04,Aberdeen City,2.19,5,0.0,0.0,7292,242.0,3.32,3188.87,105.83,3.19,228670,13.99,-0.87,85.7,-3.93
S12000033,2021-05-03,Aberdeen City,1.75,4,0.0,0.0,7287,242.0,3.32,3186.69,105.83,3.19,228670,14.86,-0.87,89.63,-3.06
S12000033,2021-05-02,Aberdeen City,1.75,4,0.0,0.0,7283,242.0,3.32,3184.94,105.83,3.18,228670,15.73,0.88,92.69,0.0
S12000033,2021-05-01,Aberdeen City,2.62,6,0.0,0.0,7279,242.0,3.32,3183.19,105.83,3.18,228670,14.85,0.43,92.69,0.87
S12000033,2021-04-30,Aberdeen City,2.62,6,0.0,0.0,7273,242.0,3.33,3180.57,105.83,3.18,228670,14.42,0.87,91.82,-1.32
S12000033,2021-04-29,Aberdeen City,0.87,2,0.0,0.0,7267,242.0,3.33,3177.94,105.83,3.18,228670,13.55,-3.5,93.14,-1.75
S12000033,2021-04-28,Aberdeen City,2.19,5,0.0,0.0,7265,242.0,3.33,3177.07,105.83,3.18,228670,17.05,0.0,94.89,-1.75
S12000033,2021-04-27,Aberdeen City,3.06,7,0.0,0.0,7260,242.0,3.33,3174.88,105.83,3.17,228670,17.05,1.31,96.64,-5.69
S12000033,2021-04-26,Aberdeen City,2.62,6,0.0,0.0,7253,242.0,3.34,3171.82,105.83,3.17,228670,15.74,-0.88,102.33,-4.81
S12000033,2021-04-25,Aberdeen City,0.87,2,0.0,0.0,7247,242.0,3.34,3169.2,105.83,3.17,228670,16.62,0.0,107.14,-1.32
S12000033,2021-04-24,Aberdeen City,2.19,5,0.0,0.0,7245,242.0,3.34,3168.32,105.83,3.17,228670,16.62,-2.18,108.46,-2.62
S12000033,2021-04-23,Aberdeen City,1.75,4,0.0,0.0,7240,242.0,3.34,3166.13,105.83,3.17,228670,18.8,-2.19,111.08,-4.81
S12000033,2021-04-22,Aberdeen City,4.37,10,0.0,0.0,7236,242.0,3.34,3164.39,105.83,3.16,228670,20.99,0.0,115.89,0.0
S12000033,2021-04-21,Aberdeen City,2.19,5,0.0,0.0,7226,242.0,3.35,3160.01,105.83,3.16,228670,20.99,-3.06,115.89,-6.56
S12000033,2021-04-20,Aberdeen City,1.75,4,0.0,0.0,7221,242.0,3.35,3157.83,105.83,3.16,228670,24.05,-2.19,122.45,-6.12
S12000033,2021-04-19,Aberdeen City,3.5,8,0.0,0.0,7217,242.0,3.35,3156.08,105.83,3.16,228670,26.24,0.88,128.57,-7.0
S12000033,2021-04-18,Aberdeen City,0.87,2,0.0,0.0,7209,242.0,3.36,3152.58,105.83,3.15,228670,25.36,-1.75,135.57,-1.75
S12000033,2021-04-17,Aberdeen City,4.37,10,1.0,0.44,7207,242.0,3.36,3151.7,105.83,3.15,228670,27.11,0.0,137.32,-1.32
S12000033,2021-04-16,Aberdeen City,3.94,9,0.0,0.0,7197,241.0,3.35,3147.33,105.39,3.15,228670,27.11,-0.87,138.64,-0.43
S12000033,2021-04-15,Aberdeen City,4.37,10,0.0,0.0,7188,241.0,3.35,3143.39,105.39,3.14,228670,27.98,-3.94,139.07,-2.19
S12000033,2021-04-14,Aberdeen City,5.25,12,0.0,0.0,7178,241.0,3.36,3139.02,105.39,3.14,228670,31.92,1.31,141.26,-0.44
S12000033,2021-04-13,Aberdeen City,3.94,9,0.0,0.0,7166,241.0,3.36,3133.77,105.39,3.13,228670,30.61,-2.18,141.7,1.32
S12000033,2021-04-12,Aberdeen City,2.62,6,0.0,0.0,7157,241.0,3.37,3129.84,105.39,3.13,228670,32.79,-2.19,140.38,-2.19
S12000033,2021-04-11,Aberdeen City,2.62,6,0.0,0.0,7151,241.0,3.37,3127.21,105.39,3.13,228670,34.98,0.87,142.57,-1.32
S12000033,2021-04-10,Aberdeen City,4.37,10,0.0,0.0,7145,241.0,3.37,3124.59,105.39,3.12,228670,34.11,2.62,143.89,-0.88
S12000033,2021-04-09,Aberdeen City,4.81,11,0.0,0.0,7135,241.0,3.38,3120.22,105.39,3.12,228670,31.49,0.87,144.77,0.44
S12000033,2021-04-08,Aberdeen City,8.31,19,0.0,0.0,7124,241.0,3.38,3115.41,105.39,3.12,228670,30.62,5.69,144.33,1.31
S12000033,2021-04-07,Aberdeen City,3.94,9,0.0,0.0,7105,241.0,3.39,3107.1,105.39,3.11,228670,24.93,0.0,143.02,-6.56
S12000033,2021-04-06,Aberdeen City,6.12,14,1.0,0.44,7096,241.0,3.4,3103.16,105.39,3.1,228670,24.93,-2.63,149.58,1.75
S12000033,2021-04-05,Aberdeen City,4.81,11,0.0,0.0,7082,240.0,3.39,3097.04,104.95,3.1,228670,27.56,-2.62,147.83,-3.5
S12000033,2021-04-04,Aberdeen City,1.75,4,0.0,0.0,7071,240.0,3.39,3092.23,104.95,3.09,228670,30.18,-0.44,151.33,-1.75
S12000033,2021-04-03,Aberdeen City,1.75,4,0.0,0.0,7067,240.0,3.4,3090.48,104.95,3.09,228670,30.62,-3.06,153.08,-2.19
S12000033,2021-04-02,Aberdeen City,3.94,9,0.0,0.0,7063,240.0,3.4,3088.73,104.95,3.09,228670,33.68,-2.62,155.27,-2.62
S12000033,2021-04-01,Aberdeen City,2.62,6,0.0,0.0,7054,240.0,3.4,3084.79,104.95,3.08,228670,36.3,-1.75,157.89,-2.63
S12000033,2021-03-31,Aberdeen City,3.94,9,0.0,0.0,7048,240.0,3.41,3082.17,104.95,3.08,228670,38.05,-4.81,160.52,-2.18
S12000033,2021-03-30,Aberdeen City,8.75,20,0.0,0.0,7039,240.0,3.41,3078.24,104.95,3.08,228670,42.86,0.88,162.7,5.69
S12000033,2021-03-29,Aberdeen City,7.43,17,0.0,0.0,7019,240.0,3.42,3069.49,104.95,3.07,228670,41.98,-3.07,157.01,1.74
S12000033,2021-03-28,Aberdeen City,2.19,5,0.0,0.0,7002,240.0,3.43,3062.05,104.95,3.06,228670,45.05,-0.43,155.27,-1.75
S12000033,2021-03-27,Aberdeen City,4.81,11,0.0,0.0,6997,240.0,3.43,3059.87,104.95,3.06,228670,45.48,-0.88,157.02,0.87
S12000033,2021-03-26,Aberdeen City,6.56,15,0.0,0.0,6986,240.0,3.44,3055.06,104.95,3.06,228670,46.36,2.19,156.15,1.75
S12000033,2021-03-25,Aberdeen City,4.37,10,1.0,0.44,6971,240.0,3.44,3048.5,104.95,3.05,228670,44.17,-2.19,154.4,3.06
S12000033,2021-03-24,Aberdeen City,8.75,20,0.0,0.0,6961,239.0,3.43,3044.12,104.52,3.04,228670,46.36,3.06,151.34,5.69
S12000033,2021-03-23,Aberdeen City,7.87,18,0.0,0.0,6941,239.0,3.44,3035.38,104.52,3.04,228670,43.3,5.25,145.65,0.87
S12000033,2021-03-22,Aberdeen City,10.5,24,0.0,0.0,6923,239.0,3.45,3027.51,104.52,3.03,228670,38.05,5.69,144.78,6.13
S12000033,2021-03-21,Aberdeen City,2.62,6,0.0,0.0,6899,239.0,3.46,3017.01,104.52,3.02,228670,32.36,-1.32,138.65,-2.63
S12000033,2021-03-20,Aberdeen City,5.69,13,0.0,0.0,6893,239.0,3.47,3014.39,104.52,3.01,228670,33.68,0.44,141.28,2.63
S12000033,2021-03-19,Aberdeen City,4.37,10,0.0,0.0,6880,239.0,3.47,3008.7,104.52,3.01,228670,33.24,0.0,138.65,3.06
S12000033,2021-03-18,Aberdeen City,6.56,15,0.0,0.0,6870,239.0,3.48,3004.33,104.52,3.0,228670,33.24,-0.44,135.59,3.06
S12000033,2021-03-17,Aberdeen City,5.69,13,0.0,0.0,6855,239.0,3.49,2997.77,104.52,3.0,228670,33.68,-4.81,132.53,3.94
S12000033,2021-03-16,Aberdeen City,2.62,6,1.0,0.44,6842,239.0,3.49,2992.08,104.52,2.99,228670,38.49,-1.75,128.59,-2.63
S12000033,2021-03-15,Aberdeen City,4.81,11,0.0,0.0,6836,238.0,3.48,2989.46,104.08,2.99,228670,40.24,-3.5,131.22,-2.62
S12000033,2021-03-14,Aberdeen City,3.94,9,0.0,0.0,6825,238.0,3.49,2984.65,104.08,2.98,228670,43.74,0.44,133.84,1.32
S12000033,2021-03-13,Aberdeen City,5.25,12,0.0,0.0,6816,238.0,3.49,2980.71,104.08,2.98,228670,43.3,1.31,132.52,-0.87
S12000033,2021-03-12,Aberdeen City,4.37,10,0.0,0.0,6804,238.0,3.5,2975.47,104.08,2.98,228670,41.99,-2.19,133.39,-0.88
S12000033,2021-03-11,Aberdeen City,7.0,16,0.0,0.0,6794,238.0,3.5,2971.09,104.08,2.97,228670,44.18,1.75,134.27,3.94
S12000033,2021-03-10,Aberdeen City,10.5,24,0.0,0.0,6778,238.0,3.51,2964.1,104.08,2.96,228670,42.43,4.38,130.33,6.13
S12000033,2021-03-09,Aberdeen City,4.37,10,0.0,0.0,6754,238.0,3.52,2953.6,104.08,2.95,228670,38.05,1.31,124.2,-0.88
S12000033,2021-03-08,Aberdeen City,8.31,19,0.0,0.0,6744,238.0,3.53,2949.23,104.08,2.95,228670,36.74,2.62,125.08,-0.44
S12000033,2021-03-07,Aberdeen City,3.5,8,0.0,0.0,6725,238.0,3.54,2940.92,104.08,2.94,228670,34.12,-0.44,125.52,-0.87
S12000033,2021-03-06,Aberdeen City,3.94,9,0.0,0.0,6717,238.0,3.54,2937.42,104.08,2.94,228670,34.56,0.0,126.39,-2.62
S12000033,2021-03-05,Aberdeen City,6.56,15,0.0,0.0,6708,238.0,3.55,2933.48,104.08,2.93,228670,34.56,1.75,129.01,-1.31
S12000033,2021-03-04,Aberdeen City,5.25,12,1.0,0.44,6693,238.0,3.56,2926.93,104.08,2.93,228670,32.81,3.94,130.32,-0.87
S12000033,2021-03-03,Aberdeen City,6.12,14,0.0,0.0,6681,237.0,3.55,2921.68,103.64,2.92,228670,28.87,3.06,131.19,-0.88
S12000033,2021-03-02,Aberdeen City,3.06,7,1.0,0.44,6667,237.0,3.55,2915.56,103.64,2.92,228670,25.81,-3.94,132.07,-7.0
S12000033,2021-03-01,Aberdeen City,5.69,13,0.0,0.0,6660,236.0,3.54,2912.49,103.21,2.91,228670,29.75,1.32,139.07,-6.99
S12000033,2021-02-28,Aberdeen City,3.94,9,0.0,0.0,6647,236.0,3.55,2906.81,103.21,2.91,228670,28.43,-1.31,146.06,-3.06
S12000033,2021-02-27,Aberdeen City,3.94,9,0.0,0.0,6638,236.0,3.56,2902.87,103.21,2.9,228670,29.74,0.88,149.12,-2.18
S12000033,2021-02-26,Aberdeen City,4.81,11,0.0,0.0,6629,236.0,3.56,2898.94,103.21,2.9,228670,28.86,3.5,151.3,-0.44
S12000033,2021-02-25,Aberdeen City,1.31,3,0.0,0.0,6618,236.0,3.57,2894.13,103.21,2.89,228670,25.36,-2.19,151.74,-7.44
S12000033,2021-02-24,Aberdeen City,3.06,7,1.0,0.44,6615,236.0,3.57,2892.81,103.21,2.89,228670,27.55,1.31,159.18,-9.18
S12000033,2021-02-23,Aberdeen City,7.0,16,0.0,0.0,6608,235.0,3.56,2889.75,102.77,2.89,228670,26.24,1.75,168.36,-7.87
S12000033,2021-02-22,Aberdeen City,4.37,10,0.0,0.0,6592,235.0,3.56,2882.76,102.77,2.88,228670,24.49,-3.06,176.23,-17.5
S12000033,2021-02-21,Aberdeen City,5.25,12,0.0,0.0,6582,235.0,3.57,2878.38,102.77,2.88,228670,27.55,2.63,193.73,-6.56
S12000033,2021-02-20,Aberdeen City,3.06,7,0.0,0.0,6570,235.0,3.58,2873.14,102.77,2.87,228670,24.92,-3.06,200.29,-10.06
S12000033,2021-02-19,Aberdeen City,1.31,3,1.0,0.44,6563,235.0,3.58,2870.07,102.77,2.87,228670,27.98,-3.94,210.35,-17.93
S12000033,2021-02-18,Aberdeen City,3.5,8,0.0,0.0,6560,234.0,3.57,2868.76,102.33,2.87,228670,31.92,0.44,228.28,-23.18
S12000033,2021-02-17,Aberdeen City,1.75,4,0.0,0.0,6552,234.0,3.57,2865.26,102.33,2.87,228670,31.48,-2.62,251.46,-15.31
S12000033,2021-02-16,Aberdeen City,5.25,12,0.0,0.0,6548,234.0,3.57,2863.52,102.33,2.86,228670,34.1,0.0,266.77,-24.05
S12000033,2021-02-15,Aberdeen City,7.43,17,0.0,0.0,6536,234.0,3.58,2858.27,102.33,2.86,228670,34.1,-1.32,290.82,-17.93
S12000033,2021-02-14,Aberdeen City,2.62,6,0.0,0.0,6519,234.0,3.59,2850.83,102.33,2.85,228670,35.42,-1.75,308.75,-16.18
S12000033,2021-02-13,Aberdeen City,6.12,14,1.0,0.44,6513,234.0,3.59,2848.21,102.33,2.85,228670,37.17,-0.44,324.93,-13.12
S12000033,2021-02-12,Aberdeen City,5.25,12,0.0,0.0,6499,233.0,3.59,2842.09,101.89,2.84,228670,37.61,-2.62,338.05,-24.49
S12000033,2021-02-11,Aberdeen City,3.06,7,0.0,0.0,6487,233.0,3.59,2836.84,101.89,2.84,228670,40.23,-3.06,362.54,-34.55
S12000033,2021-02-10,Aberdeen City,4.37,10,1.0,0.44,6480,233.0,3.6,2833.78,101.89,2.83,228670,43.29,-2.63,397.09,-27.99
S12000033,2021-02-09,Aberdeen City,5.25,12,3.0,1.31,6470,232.0,3.59,2829.4,101.46,2.83,228670,45.92,-4.81,425.08,-46.35
S12000033,2021-02-08,Aberdeen City,8.75,20,2.0,0.87,6458,229.0,3.55,2824.16,100.14,2.82,228670,50.73,-3.93,471.43,-35.42
S12000033,2021-02-07,Aberdeen City,4.37,10,0.0,0.0,6438,227.0,3.53,2815.41,99.27,2.82,228670,54.66,-2.63,506.85,-19.24
S12000033,2021-02-06,Aberdeen City,6.56,15,2.0,0.87,6428,227.0,3.53,2811.04,99.27,2.81,228670,57.29,0.44,526.09,-18.8
S12000033,2021-02-05,Aberdeen City,7.87,18,1.0,0.44,6413,225.0,3.51,2804.48,98.4,2.8,228670,56.85,2.62,544.89,-21.43
S12000033,2021-02-04,Aberdeen City,6.12,14,1.0,0.44,6395,224.0,3.5,2796.61,97.96,2.8,228670,54.23,-2.63,566.32,-35.86
S12000033,2021-02-03,Aberdeen City,7.0,16,1.0,0.44,6381,223.0,3.49,2790.48,97.52,2.79,228670,56.86,-5.24,602.18,-30.61
S12000033,2021-02-02,Aberdeen City,10.06,23,1.0,0.44,6365,222.0,3.49,2783.49,97.08,2.78,228670,62.1,-4.81,632.79,-49.85
S12000033,2021-02-01,Aberdeen City,12.68,29,0.0,0.0,6342,221.0,3.48,2773.43,96.65,2.77,228670,66.91,-9.19,682.64,-42.86
S12000033,2021-01-31,Aberdeen City,7.0,16,1.0,0.44,6313,221.0,3.5,2760.75,96.65,2.76,228670,76.1,-4.81,725.5,-27.55
S12000033,2021-01-30,Aberdeen City,6.12,14,5.0,2.19,6297,220.0,3.49,2753.75,96.21,2.75,228670,80.91,-7.0,753.05,-36.74
S12000033,2021-01-29,Aberdeen City,5.25,12,4.0,1.75,6283,215.0,3.42,2747.63,94.02,2.75,228670,87.91,-13.99,789.79,-14.43
S12000033,2021-01-28,Aberdeen City,8.75,20,3.0,1.31,6271,211.0,3.36,2742.38,92.27,2.74,228670,101.9,-17.93,804.22,-24.05
S12000033,2021-01-27,Aberdeen City,12.24,28,4.0,1.75,6251,208.0,3.33,2733.63,90.96,2.73,228670,119.83,-4.82,828.27,-47.23
S12000033,2021-01-26,Aberdeen City,14.87,34,1.0,0.44,6223,204.0,3.28,2721.39,89.21,2.72,228670,124.65,-14.43,875.5,-44.6
S12000033,2021-01-25,Aberdeen City,21.87,50,1.0,0.44,6189,203.0,3.28,2706.52,88.77,2.71,228670,139.08,-3.49,920.1,-16.61
S12000033,2021-01-24,Aberdeen City,11.81,27,2.0,0.87,6139,202.0,3.29,2684.65,88.34,2.68,228670,142.57,-6.99,936.71,-16.62
S12000033,2021-01-23,Aberdeen City,13.12,30,2.0,0.87,6112,200.0,3.27,2672.85,87.46,2.67,228670,149.56,-6.12,953.33,-3.94
S12000033,2021-01-22,Aberdeen City,19.24,44,3.0,1.31,6082,198.0,3.26,2659.73,86.59,2.66,228670,155.68,-10.5,957.27,11.81
S12000033,2021-01-21,Aberdeen City,26.68,61,2.0,0.87,6038,195.0,3.23,2640.49,85.28,2.64,228670,166.18,-10.93,945.46,7.44
S12000033,2021-01-20,Aberdeen City,17.06,39,5.0,2.19,5977,193.0,3.23,2613.81,84.4,2.61,228670,177.11,-15.3,938.02,-12.68
S12000033,2021-01-19,Aberdeen City,29.3,67,1.0,0.44,5938,188.0,3.17,2596.76,82.21,2.6,228670,192.41,-22.3,950.7,-0.44
S12000033,2021-01-18,Aberdeen City,25.36,58,5.0,2.19,5871,187.0,3.19,2567.46,81.78,2.57,228670,214.71,-18.81,951.14,-13.56
S12000033,2021-01-17,Aberdeen City,18.8,43,2.0,0.87,5813,182.0,3.13,2542.09,79.59,2.54,228670,233.52,-4.81,964.7,-3.94
S12000033,2021-01-16,Aberdeen City,19.24,44,4.0,1.75,5770,180.0,3.12,2523.29,78.72,2.52,228670,238.33,-6.12,968.64,0.87
S12000033,2021-01-15,Aberdeen City,29.74,68,2.0,0.87,5726,176.0,3.07,2504.05,76.97,2.5,228670,244.45,0.44,967.77,4.38
S12000033,2021-01-14,Aberdeen City,37.61,86,4.0,1.75,5658,174.0,3.08,2474.31,76.09,2.47,228670,244.01,-4.37,963.39,7.0
S12000033,2021-01-13,Aberdeen City,32.36,74,1.0,0.44,5572,170.0,3.05,2436.7,74.34,2.44,228670,248.38,-5.25,956.39,11.37
S12000033,2021-01-12,Aberdeen City,51.6,118,0.0,0.0,5498,169.0,3.07,2404.34,73.91,2.4,228670,253.63,-8.31,945.02,25.8
S12000033,2021-01-11,Aberdeen City,44.17,101,0.0,0.0,5380,169.0,3.14,2352.74,73.91,2.35,228670,261.94,-11.37,919.22,12.68
S12000033,2021-01-10,Aberdeen City,23.61,54,4.0,1.75,5279,169.0,3.2,2308.57,73.91,2.31,228670,273.31,-10.94,906.54,2.18
S12000033,2021-01-09,Aberdeen City,25.36,58,1.0,0.44,5225,165.0,3.16,2284.95,72.16,2.28,228670,284.25,-17.5,904.36,10.93
S12000033,2021-01-08,Aberdeen City,29.3,67,1.0,0.44,5167,164.0,3.17,2259.59,71.72,2.26,228670,301.75,9.62,893.43,13.56
S12000033,2021-01-07,Aberdeen City,41.98,96,0.0,0.0,5100,163.0,3.2,2230.29,71.28,2.23,228670,292.13,9.18,879.87,22.74
S12000033,2021-01-06,Aberdeen City,37.61,86,3.0,1.31,5004,163.0,3.26,2188.31,71.28,2.19,228670,282.95,-21.86,857.13,12.25
S12000033,2021-01-05,Aberdeen City,59.91,137,3.0,1.31,4918,160.0,3.25,2150.7,69.97,2.15,228670,304.81,0.44,844.88,45.48
S12000033,2021-01-04,Aberdeen City,55.54,127,3.0,1.31,4781,157.0,3.28,2090.79,68.66,2.09,228670,304.37,17.06,799.4,27.11
S12000033,2021-01-03,Aberdeen City,34.55,79,2.0,0.87,4654,154.0,3.31,2035.25,67.35,2.04,228670,287.31,6.12,772.29,21.43
S12000033,2021-01-02,Aberdeen City,42.86,98,1.0,0.44,4575,152.0,3.32,2000.7,66.47,2.0,228670,281.19,25.8,750.86,36.3
S12000033,2021-01-01,Aberdeen City,19.68,45,3.0,1.31,4477,151.0,3.37,1957.84,66.03,1.96,228670,255.39,12.25,714.56,9.18
S12000033,2020-12-31,Aberdeen City,32.8,75,0.0,0.0,4432,148.0,3.34,1938.16,64.72,1.94,228670,243.14,13.56,705.38,14.43
S12000033,2020-12-30,Aberdeen City,59.47,136,3.0,1.31,4357,148.0,3.4,1905.37,64.72,1.91,228670,229.58,29.73,690.95,48.97
S12000033,2020-12-29,Aberdeen City,59.47,136,1.0,0.44,4221,145.0,3.44,1845.89,63.41,1.85,228670,199.85,29.73,641.98,47.23
S12000033,2020-12-28,Aberdeen City,38.48,88,2.0,0.87,4085,144.0,3.53,1786.42,62.97,1.79,228670,170.12,-0.44,594.75,30.61
S12000033,2020-12-27,Aberdeen City,28.43,65,2.0,0.87,3997,142.0,3.55,1747.93,62.1,1.75,228670,170.56,5.69,564.14,20.56
S12000033,2020-12-26,Aberdeen City,17.06,39,2.0,0.87,3932,140.0,3.56,1719.51,61.22,1.72,228670,164.87,-1.31,543.58,7.44
S12000033,2020-12-25,Aberdeen City,7.43,17,1.0,0.44,3893,138.0,3.54,1702.45,60.35,1.7,228670,166.18,-17.93,536.14,0.87
S12000033,2020-12-24,Aberdeen City,19.24,44,1.0,0.44,3876,137.0,3.53,1695.02,59.91,1.7,228670,184.11,-11.37,535.27,10.06
S12000033,2020-12-23,Aberdeen City,29.74,68,5.0,2.19,3832,136.0,3.55,1675.78,59.47,1.68,228670,195.48,8.75,525.21,19.68
S12000033,2020-12-22,Aberdeen City,29.74,68,1.0,0.44,3764,131.0,3.48,1646.04,57.29,1.65,228670,186.73,3.94,505.53,17.06
S12000033,2020-12-21,Aberdeen City,38.92,89,0.0,0.0,3696,130.0,3.52,1616.3,56.85,1.62,228670,182.79,7.43,488.47,7.87
S12000033,2020-12-20,Aberdeen City,22.74,52,0.0,0.0,3607,130.0,3.6,1577.38,56.85,1.58,228670,175.36,1.31,480.6,16.62
S12000033,2020-12-19,Aberdeen City,18.37,42,2.0,0.87,3555,130.0,3.66,1554.64,56.85,1.55,228670,174.05,3.94,463.98,1.31
S12000033,2020-12-18,Aberdeen City,25.36,58,0.0,0.0,3513,128.0,3.64,1536.27,55.98,1.54,228670,170.11,9.62,462.67,17.49
S12000033,2020-12-17,Aberdeen City,30.61,70,1.0,0.44,3455,128.0,3.7,1510.91,55.98,1.51,228670,160.49,11.37,445.18,22.74
S12000033,2020-12-16,Aberdeen City,20.99,48,5.0,2.19,3385,127.0,3.75,1480.3,55.54,1.48,228670,149.12,-4.37,422.44,11.37
S12000033,2020-12-15,Aberdeen City,25.8,59,1.0,0.44,3337,122.0,3.66,1459.31,53.35,1.46,228670,153.49,11.37,411.07,14.87
S12000033,2020-12-14,Aberdeen City,31.49,72,2.0,0.87,3278,121.0,3.69,1433.51,52.91,1.43,228670,142.12,3.06,396.2,24.93
S12000033,2020-12-13,Aberdeen City,21.43,49,0.0,0.0,3206,119.0,3.71,1402.02,52.04,1.4,228670,139.06,8.31,371.27,17.49
S12000033,2020-12-12,Aberdeen City,14.43,33,3.0,1.31,3157,119.0,3.77,1380.59,52.04,1.38,228670,130.75,7.87,353.78,7.43
S12000033,2020-12-11,Aberdeen City,15.74,36,0.0,0.0,3124,116.0,3.71,1366.16,50.73,1.37,228670,122.88,5.24,346.35,5.68
S12000033,2020-12-10,Aberdeen City,19.24,44,0.0,0.0,3088,116.0,3.76,1350.42,50.73,1.35,228670,117.64,0.87,340.67,7.43
S12000033,2020-12-09,Aberdeen City,25.36,58,0.0,0.0,3044,116.0,3.81,1331.18,50.73,1.33,228670,116.77,14.86,333.24,17.49
S12000033,2020-12-08,Aberdeen City,14.43,33,0.0,0.0,2986,116.0,3.88,1305.81,50.73,1.31,228670,101.91,2.19,315.75,1.75
S12000033,2020-12-07,Aberdeen City,28.43,65,1.0,0.44,2953,116.0,3.93,1291.38,50.73,1.29,228670,99.72,20.56,314.0,20.12
S12000033,2020-12-06,Aberdeen City,13.12,30,2.0,0.87,2888,115.0,3.98,1262.96,50.29,1.26,228670,79.16,5.25,293.88,10.5
S12000033,2020-12-05,Aberdeen City,6.56,15,1.0,0.44,2858,113.0,3.95,1249.84,49.42,1.25,228670,73.91,-3.06,283.38,2.62
S12000033,2020-12-04,Aberdeen City,10.5,24,2.0,0.87,2843,112.0,3.94,1243.28,48.98,1.24,228670,76.97,3.94,280.76,3.94
S12000033,2020-12-03,Aberdeen City,18.37,42,1.0,0.44,2819,110.0,3.9,1232.78,48.1,1.23,228670,73.03,9.19,276.82,15.31
S12000033,2020-12-02,Aberdeen City,10.5,24,1.0,0.44,2777,109.0,3.93,1214.41,47.67,1.21,228670,63.84,0.44,261.51,4.81
S12000033,2020-12-01,Aberdeen City,12.24,28,2.0,0.87,2753,108.0,3.92,1203.92,47.23,1.2,228670,63.4,-0.44,256.7,8.74
S12000033,2020-11-30,Aberdeen City,7.87,18,0.0,0.0,2725,106.0,3.89,1191.67,46.36,1.19,228670,63.84,-23.18,247.96,-3.94
S12000033,2020-11-29,Aberdeen City,7.87,18,1.0,0.44,2707,106.0,3.92,1183.8,46.36,1.18,228670,87.02,1.75,251.9,4.81
S12000033,2020-11-28,Aberdeen City,9.62,22,0.0,0.0,2689,105.0,3.9,1175.93,45.92,1.18,228670,85.27,-7.44,247.09,7.0
S12000033,2020-11-27,Aberdeen City,6.56,15,3.0,1.31,2667,105.0,3.94,1166.31,45.92,1.17,228670,92.71,-1.31,240.09,0.0
S12000033,2020-11-26,Aberdeen City,9.18,21,2.0,0.87,2652,102.0,3.85,1159.75,44.61,1.16,228670,94.02,1.31,240.09,-2.63
S12000033,2020-11-25,Aberdeen City,10.06,23,0.0,0.0,2631,100.0,3.8,1150.57,43.73,1.15,228670,92.71,0.44,242.72,5.25
S12000033,2020-11-24,Aberdeen City,12.68,29,0.0,0.0,2608,100.0,3.83,1140.51,43.73,1.14,228670,92.27,1.75,237.47,5.25
S12000033,2020-11-23,Aberdeen City,31.05,71,1.0,0.44,2579,100.0,3.88,1127.83,43.73,1.13,228670,90.52,24.49,232.22,26.68
S12000033,2020-11-22,Aberdeen City,6.12,14,1.0,0.44,2508,99.0,3.95,1096.78,43.29,1.1,228670,66.03,2.18,205.54,2.18
S12000033,2020-11-21,Aberdeen City,17.06,39,1.0,0.44,2494,98.0,3.93,1090.65,42.86,1.09,228670,63.85,10.06,203.36,11.37
S12000033,2020-11-20,Aberdeen City,7.87,18,0.0,0.0,2455,97.0,3.95,1073.6,42.42,1.07,228670,53.79,-2.19,191.99,1.31
S12000033,2020-11-19,Aberdeen City,7.87,18,0.0,0.0,2437,97.0,3.98,1065.73,42.42,1.07,228670,55.98,-3.94,190.68,2.62
S12000033,2020-11-18,Aberdeen City,9.62,22,0.0,0.0,2419,97.0,4.01,1057.86,42.42,1.06,228670,59.92,1.75,188.06,5.25
S12000033,2020-11-17,Aberdeen City,10.93,25,3.0,1.31,2397,97.0,4.05,1048.24,42.42,1.05,228670,58.17,-1.75,182.81,2.62
S12000033,2020-11-16,Aberdeen City,6.56,15,1.0,0.44,2372,94.0,3.96,1037.3,41.11,1.04,228670,59.92,-1.75,180.19,-0.44
S12000033,2020-11-15,Aberdeen City,3.94,9,1.0,0.44,2357,93.0,3.95,1030.74,40.67,1.03,228670,61.67,1.32,180.63,-2.18
S12000033,2020-11-14,Aberdeen City,7.0,16,0.0,0.0,2348,92.0,3.92,1026.81,40.23,1.03,228670,60.35,3.06,182.81,1.31
S12000033,2020-11-13,Aberdeen City,10.06,23,0.0,0.0,2332,92.0,3.95,1019.81,40.23,1.02,228670,57.29,3.5,181.5,-2.18
S12000033,2020-11-12,Aberdeen City,11.81,27,0.0,0.0,2309,92.0,3.98,1009.75,40.23,1.01,228670,53.79,8.75,183.68,0.88
S12000033,2020-11-11,Aberdeen City,7.87,18,0.0,0.0,2282,92.0,4.03,997.94,40.23,1.0,228670,45.04,2.18,182.8,-3.06
S12000033,2020-11-10,Aberdeen City,12.68,29,0.0,0.0,2264,92.0,4.06,990.07,40.23,0.99,228670,42.86,9.18,185.86,1.75
S12000033,2020-11-09,Aberdeen City,8.31,19,0.0,0.0,2235,92.0,4.12,977.39,40.23,0.98,228670,33.68,-3.5,184.11,-6.12
S12000033,2020-11-08,Aberdeen City,2.62,6,1.0,0.44,2216,92.0,4.15,969.08,40.23,0.97,228670,37.18,-0.44,190.23,-7.88
S12000033,2020-11-07,Aberdeen City,3.94,9,0.0,0.0,2210,91.0,4.12,966.46,39.8,0.97,228670,37.62,1.32,198.11,-7.87
S12000033,2020-11-06,Aberdeen City,6.56,15,2.0,0.87,2201,91.0,4.13,962.52,39.8,0.96,228670,36.3,0.0,205.98,-10.93
S12000033,2020-11-05,Aberdeen City,3.06,7,0.0,0.0,2186,89.0,4.07,955.96,38.92,0.96,228670,36.3,-8.75,216.91,-13.56
S12000033,2020-11-04,Aberdeen City,5.69,13,0.0,0.0,2179,89.0,4.08,952.9,38.92,0.95,228670,45.05,0.88,230.47,-16.18
S12000033,2020-11-03,Aberdeen City,3.5,8,1.0,0.44,2166,89.0,4.11,947.22,38.92,0.95,228670,44.17,-3.93,246.65,-12.24
S12000033,2020-11-02,Aberdeen City,11.81,27,0.0,0.0,2158,88.0,4.08,943.72,38.48,0.94,228670,48.1,7.44,258.89,-3.5
S12000033,2020-11-01,Aberdeen City,3.06,7,0.0,0.0,2131,88.0,4.13,931.91,38.48,0.93,228670,40.66,-0.88,262.39,-1.31
S12000033,2020-10-31,Aberdeen City,2.62,6,0.0,0.0,2124,88.0,4.14,928.85,38.48,0.93,228670,41.54,-3.07,263.7,-3.94
S12000033,2020-10-30,Aberdeen City,6.56,15,0.0,0.0,2118,88.0,4.15,926.23,38.48,0.93,228670,44.61,0.0,267.64,-1.31
S12000033,2020-10-29,Aberdeen City,11.81,27,0.0,0.0,2103,88.0,4.18,919.67,38.48,0.92,228670,44.61,6.56,268.95,7.0
S12000033,2020-10-28,Aberdeen City,4.81,11,0.0,0.0,2076,88.0,4.24,907.86,38.48,0.91,228670,38.05,0.44,261.95,-3.94
S12000033,2020-10-27,Aberdeen City,7.43,17,0.0,0.0,2065,88.0,4.26,903.05,38.48,0.9,228670,37.61,-0.88,265.89,-0.44
S12000033,2020-10-26,Aberdeen City,4.37,10,0.0,0.0,2048,88.0,4.3,895.61,38.48,0.9,228670,38.49,-2.63,266.33,-8.75
S12000033,2020-10-25,Aberdeen City,3.94,9,0.0,0.0,2038,88.0,4.32,891.24,38.48,0.89,228670,41.12,-2.18,275.08,-6.99
S12000033,2020-10-24,Aberdeen City,5.69,13,1.0,0.44,2029,88.0,4.34,887.3,38.48,0.89,228670,43.3,0.0,282.07,-0.87
S12000033,2020-10-23,Aberdeen City,6.56,15,1.0,0.44,2016,87.0,4.32,881.62,38.05,0.88,228670,43.3,-5.68,282.94,-2.62
S12000033,2020-10-22,Aberdeen City,5.25,12,2.0,0.87,2001,86.0,4.3,875.06,37.61,0.88,228670,48.98,-5.68,285.56,-4.37
S12000033,2020-10-21,Aberdeen City,4.37,10,0.0,0.0,1989,84.0,4.22,869.81,36.73,0.87,228670,54.66,-6.56,289.93,0.87
S12000033,2020-10-20,Aberdeen City,8.31,19,0.0,0.0,1979,84.0,4.24,865.44,36.73,0.87,228670,61.22,-2.62,289.06,3.06
S12000033,2020-10-19,Aberdeen City,7.0,16,0.0,0.0,1960,84.0,4.29,857.13,36.73,0.86,228670,63.84,-7.43,286.0,0.44
S12000033,2020-10-18,Aberdeen City,6.12,14,0.0,0.0,1944,84.0,4.32,850.13,36.73,0.85,228670,71.27,-4.38,285.56,4.81
S12000033,2020-10-17,Aberdeen City,5.69,13,0.0,0.0,1930,84.0,4.35,844.01,36.73,0.84,228670,75.65,-6.12,280.75,3.07
S12000033,2020-10-16,Aberdeen City,12.24,28,1.0,0.44,1917,84.0,4.38,838.33,36.73,0.84,228670,81.77,-5.25,277.68,6.12
S12000033,2020-10-15,Aberdeen City,10.93,25,2.0,0.87,1889,83.0,4.39,826.08,36.3,0.83,228670,87.02,-5.69,271.56,6.12
S12000033,2020-10-14,Aberdeen City,10.93,25,0.0,0.0,1864,81.0,4.35,815.15,35.42,0.82,228670,92.71,-10.94,265.44,6.99
S12000033,2020-10-13,Aberdeen City,10.93,25,0.0,0.0,1839,81.0,4.4,804.22,35.42,0.8,228670,103.65,-4.81,258.45,9.62
S12000033,2020-10-12,Aberdeen City,14.43,33,0.0,0.0,1814,81.0,4.47,793.28,35.42,0.79,228670,108.46,-0.88,248.83,10.49
S12000033,2020-10-11,Aberdeen City,10.5,24,0.0,0.0,1781,81.0,4.55,778.85,35.42,0.78,228670,109.34,6.13,238.34,7.88
S12000033,2020-10-10,Aberdeen City,11.81,27,0.0,0.0,1757,81.0,4.61,768.36,35.42,0.77,228670,103.21,5.25,230.46,9.19
S12000033,2020-10-09,Aberdeen City,17.49,40,0.0,0.0,1730,81.0,4.68,756.55,35.42,0.76,228670,97.96,9.62,221.27,15.3
S12000033,2020-10-08,Aberdeen City,16.62,38,0.0,0.0,1690,81.0,4.79,739.06,35.42,0.74,228670,88.34,11.81,205.97,16.18
S12000033,2020-10-07,Aberdeen City,21.87,50,0.0,0.0,1652,81.0,4.9,722.44,35.42,0.72,228670,76.53,13.12,189.79,21.43
S12000033,2020-10-06,Aberdeen City,15.74,36,0.0,0.0,1602,81.0,5.06,700.57,35.42,0.7,228670,63.41,7.87,168.36,14.43
S12000033,2020-10-05,Aberdeen City,15.31,35,0.0,0.0,1566,81.0,5.17,684.83,35.42,0.68,228670,55.54,2.19,153.93,14.87
S12000033,2020-10-04,Aberdeen City,4.37,10,0.0,0.0,1531,81.0,5.29,669.52,35.42,0.67,228670,53.35,-6.56,139.06,3.5
S12000033,2020-10-03,Aberdeen City,6.56,15,0.0,0.0,1521,81.0,5.33,665.15,35.42,0.67,228670,59.91,0.0,135.56,4.81
S12000033,2020-10-02,Aberdeen City,7.87,18,0.0,0.0,1506,81.0,5.38,658.59,35.42,0.66,228670,59.91,-1.31,130.75,5.68
S12000033,2020-10-01,Aberdeen City,4.81,11,0.0,0.0,1488,81.0,5.44,650.72,35.42,0.65,228670,61.22,-4.81,125.07,3.5
S12000033,2020-09-30,Aberdeen City,8.75,20,0.0,0.0,1477,81.0,5.48,645.91,35.42,0.65,228670,66.03,5.25,121.57,6.56
S12000033,2020-09-29,Aberdeen City,7.87,18,0.0,0.0,1457,81.0,5.56,637.16,35.42,0.64,228670,60.78,2.62,115.01,5.25
S12000033,2020-09-28,Aberdeen City,13.12,30,0.0,0.0,1439,81.0,5.63,629.29,35.42,0.63,228670,58.16,6.56,109.76,12.25
S12000033,2020-09-27,Aberdeen City,10.93,25,0.0,0.0,1409,81.0,5.75,616.17,35.42,0.62,228670,51.6,9.62,97.51,10.93
S12000033,2020-09-26,Aberdeen City,6.56,15,0.0,0.0,1384,81.0,5.85,605.24,35.42,0.61,228670,41.98,3.94,86.58,6.56
S12000033,2020-09-25,Aberdeen City,9.18,21,0.0,0.0,1369,81.0,5.92,598.68,35.42,0.6,228670,38.04,3.06,80.02,9.18
S12000033,2020-09-24,Aberdeen City,9.62,22,0.0,0.0,1348,81.0,6.01,589.5,35.42,0.59,228670,34.98,4.81,70.84,7.87
S12000033,2020-09-23,Aberdeen City,3.5,8,0.0,0.0,1326,81.0,6.11,579.87,35.42,0.58,228670,30.17,-0.44,62.97,1.75
S12000033,2020-09-22,Aberdeen City,5.25,12,0.0,0.0,1318,81.0,6.15,576.38,35.42,0.58,228670,30.61,3.94,61.22,4.38
S12000033,2020-09-21,Aberdeen City,6.56,15,0.0,0.0,1306,81.0,6.2,571.13,35.42,0.57,228670,26.67,2.62,56.84,6.12
S12000033,2020-09-20,Aberdeen City,1.31,3,0.0,0.0,1291,81.0,6.27,564.57,35.42,0.56,228670,24.05,-1.31,50.72,0.0
S12000033,2020-09-19,Aberdeen City,2.62,6,0.0,0.0,1288,81.0,6.29,563.26,35.42,0.56,228670,25.36,0.0,50.72,1.31
S12000033,2020-09-18,Aberdeen City,6.12,14,0.0,0.0,1282,81.0,6.32,560.63,35.42,0.56,228670,25.36,3.93,49.41,4.81
S12000033,2020-09-17,Aberdeen City,4.81,11,0.0,0.0,1268,81.0,6.39,554.51,35.42,0.55,228670,21.43,4.37,44.6,2.19
S12000033,2020-09-16,Aberdeen City,3.94,9,0.0,0.0,1257,81.0,6.44,549.7,35.42,0.55,228670,17.06,3.5,42.41,2.19
S12000033,2020-09-15,Aberdeen City,1.31,3,0.0,0.0,1248,81.0,6.49,545.76,35.42,0.55,228670,13.56,0.0,40.22,-2.19
S12000033,2020-09-14,Aberdeen City,3.94,9,1.0,0.44,1245,81.0,6.51,544.45,35.42,0.54,228670,13.56,3.5,42.41,0.44
S12000033,2020-09-13,Aberdeen City,2.62,6,0.0,0.0,1236,80.0,6.47,540.52,34.98,0.54,228670,10.06,1.75,41.97,1.31
S12000033,2020-09-12,Aberdeen City,2.62,6,0.0,0.0,1230,80.0,6.5,537.89,34.98,0.54,228670,8.31,0.87,40.66,-0.44
S12000033,2020-09-11,Aberdeen City,2.19,5,0.0,0.0,1224,80.0,6.54,535.27,34.98,0.54,228670,7.44,0.0,41.1,-5.24
S12000033,2020-09-10,Aberdeen City,0.44,1,0.0,0.0,1219,80.0,6.56,533.08,34.98,0.53,228670,7.44,-0.87,46.34,-3.93
S12000033,2020-09-09,Aberdeen City,0.44,1,0.0,0.0,1218,80.0,6.57,532.65,34.98,0.53,228670,8.31,-1.75,50.27,-5.68
S12000033,2020-09-08,Aberdeen City,1.31,3,0.0,0.0,1217,80.0,6.57,532.21,34.98,0.53,228670,10.06,-1.31,55.95,-7.44
S12000033,2020-09-07,Aberdeen City,0.44,1,0.0,0.0,1214,80.0,6.59,530.9,34.98,0.53,228670,11.37,-0.43,63.39,-7.87
S12000033,2020-09-06,Aberdeen City,0.87,2,0.0,0.0,1213,80.0,6.6,530.46,34.98,0.53,228670,11.8,0.87,71.26,-3.5
S12000033,2020-09-05,Aberdeen City,1.75,4,0.0,0.0,1211,80.0,6.61,529.58,34.98,0.53,228670,10.93,1.75,74.76,-6.12
S12000033,2020-09-04,Aberdeen City,2.19,5,1.0,0.44,1207,80.0,6.63,527.83,34.98,0.53,228670,9.18,2.19,80.88,-7.43
S12000033,2020-09-03,Aberdeen City,1.31,3,0.0,0.0,1202,79.0,6.57,525.65,34.55,0.53,228670,6.99,-0.44,88.31,-11.81
S12000033,2020-09-02,Aberdeen City,2.19,5,0.0,0.0,1199,79.0,6.59,524.34,34.55,0.52,228670,7.43,0.44,100.12,-12.68
S12000033,2020-09-01,Aberdeen City,2.62,6,0.0,0.0,1194,79.0,6.62,522.15,34.55,0.52,228670,6.99,1.75,112.8,-7.44
S12000033,2020-08-31,Aberdeen City,0.87,2,0.0,0.0,1188,79.0,6.65,519.53,34.55,0.52,228670,5.24,0.43,120.24,-11.81
S12000033,2020-08-30,Aberdeen City,0.0,0,0.0,0.0,1186,79.0,6.66,518.65,34.55,0.52,228670,4.81,-1.31,132.05,-3.5
S12000033,2020-08-29,Aberdeen City,0.0,0,0.0,0.0,1186,79.0,6.66,518.65,34.55,0.52,228670,6.12,-1.31,135.55,-4.37
S12000033,2020-08-28,Aberdeen City,0.0,0,0.0,0.0,1186,79.0,6.66,518.65,34.55,0.52,228670,7.43,-1.31,139.92,-3.06
S12000033,2020-08-27,Aberdeen City,1.75,4,0.0,0.0,1186,79.0,6.66,518.65,34.55,0.52,228670,8.74,-0.87,142.98,-0.44
S12000033,2020-08-26,Aberdeen City,1.75,4,0.0,0.0,1182,79.0,6.68,516.9,34.55,0.52,228670,9.61,0.0,143.42,1.75
S12000033,2020-08-25,Aberdeen City,0.87,2,0.0,0.0,1178,79.0,6.71,515.15,34.55,0.52,228670,9.61,-2.63,141.67,0.0
S12000033,2020-08-24,Aberdeen City,0.44,1,0.0,0.0,1176,79.0,6.72,514.28,34.55,0.51,228670,12.24,-3.06,141.67,0.0
S12000033,2020-08-23,Aberdeen City,1.31,3,0.0,0.0,1175,79.0,6.72,513.84,34.55,0.51,228670,15.3,0.0,141.67,1.31
S12000033,2020-08-22,Aberdeen City,1.31,3,0.0,0.0,1172,79.0,6.74,512.53,34.55,0.51,228670,15.3,-1.75,140.36,1.31
S12000033,2020-08-21,Aberdeen City,1.31,3,0.0,0.0,1169,79.0,6.76,511.22,34.55,0.51,228670,17.05,-6.12,139.05,1.31
S12000033,2020-08-20,Aberdeen City,2.62,6,0.0,0.0,1166,79.0,6.78,509.91,34.55,0.51,228670,23.17,-1.75,137.74,2.18
S12000033,2020-08-19,Aberdeen City,1.75,4,0.0,0.0,1160,79.0,6.81,507.28,34.55,0.51,228670,24.92,-4.37,135.56,1.75
S12000033,2020-08-18,Aberdeen City,3.5,8,0.0,0.0,1156,79.0,6.83,505.53,34.55,0.51,228670,29.29,-5.25,133.81,3.5
S12000033,2020-08-17,Aberdeen City,3.5,8,0.0,0.0,1148,79.0,6.88,502.03,34.55,0.5,228670,34.54,-4.81,130.31,3.5
S12000033,2020-08-16,Aberdeen City,1.31,3,0.0,0.0,1140,79.0,6.93,498.54,34.55,0.5,228670,39.35,-3.06,126.81,1.31
S12000033,2020-08-15,Aberdeen City,3.06,7,0.0,0.0,1137,79.0,6.95,497.22,34.55,0.5,228670,42.41,-4.81,125.5,3.06
S12000033,2020-08-14,Aberdeen City,7.43,17,0.0,0.0,1130,79.0,6.99,494.16,34.55,0.49,228670,47.22,-2.19,122.44,7.43
S12000033,2020-08-13,Aberdeen City,4.37,10,0.0,0.0,1113,79.0,7.1,486.73,34.55,0.49,228670,49.41,-8.75,115.01,3.06
S12000033,2020-08-12,Aberdeen City,6.12,14,0.0,0.0,1103,79.0,7.16,482.35,34.55,0.48,228670,58.16,-8.75,111.95,5.25
S12000033,2020-08-11,Aberdeen City,8.75,20,0.0,0.0,1089,79.0,7.25,476.23,34.55,0.48,228670,66.91,-1.31,106.7,8.75
S12000033,2020-08-10,Aberdeen City,8.31,19,0.0,0.0,1069,79.0,7.39,467.49,34.55,0.47,228670,68.22,-4.37,97.95,8.31
S12000033,2020-08-09,Aberdeen City,4.37,10,0.0,0.0,1050,79.0,7.52,459.18,34.55,0.46,228670,72.59,0.87,89.64,4.37
S12000033,2020-08-08,Aberdeen City,7.87,18,0.0,0.0,1040,79.0,7.6,454.8,34.55,0.45,228670,71.72,3.5,85.27,7.43
S12000033,2020-08-07,Aberdeen City,9.62,22,0.0,0.0,1022,79.0,7.73,446.93,34.55,0.45,228670,68.22,6.56,77.84,9.18
S12000033,2020-08-06,Aberdeen City,13.12,30,0.0,0.0,1000,79.0,7.9,437.31,34.55,0.44,228670,61.66,10.93,68.66,13.12
S12000033,2020-08-05,Aberdeen City,14.87,34,0.0,0.0,970,79.0,8.14,424.19,34.55,0.42,228670,50.73,14.87,55.54,14.43
S12000033,2020-08-04,Aberdeen City,10.06,23,0.0,0.0,936,79.0,8.44,409.32,34.55,0.41,228670,35.86,9.19,41.11,10.06
S12000033,2020-08-03,Aberdeen City,12.68,29,0.0,0.0,913,79.0,8.65,399.27,34.55,0.4,228670,26.67,12.24,31.05,12.68
S12000033,2020-08-02,Aberdeen City,3.5,8,0.0,0.0,884,79.0,8.94,386.58,34.55,0.39,228670,14.43,3.5,18.37,3.5
S12000033,2020-08-01,Aberdeen City,4.37,10,0.0,0.0,876,79.0,9.02,383.08,34.55,0.38,228670,10.93,4.37,14.87,4.37
S12000033,2020-07-31,Aberdeen City,3.06,7,0.0,0.0,866,79.0,9.12,378.71,34.55,0.38,228670,6.56,3.06,10.5,3.06
S12000033,2020-07-30,Aberdeen City,2.19,5,0.0,0.0,859,79.0,9.2,375.65,34.55,0.38,228670,3.5,1.75,7.44,2.19
S12000033,2020-07-29,Aberdeen City,0.0,0,0.0,0.0,854,79.0,9.25,373.46,34.55,0.37,228670,1.75,0.0,5.25,0.0
S12000033,2020-07-28,Aberdeen City,0.87,2,0.0,0.0,854,79.0,9.25,373.46,34.55,0.37,228670,1.75,0.87,5.25,0.43
S12000033,2020-07-27,Aberdeen City,0.44,1,0.0,0.0,852,79.0,9.27,372.59,34.55,0.37,228670,0.88,0.44,4.82,-0.43
S12000033,2020-07-26,Aberdeen City,0.0,0,0.0,0.0,851,79.0,9.28,372.15,34.55,0.37,228670,0.44,0.0,5.25,0.0
S12000033,2020-07-25,Aberdeen City,0.0,0,0.0,0.0,851,79.0,9.28,372.15,34.55,0.37,228670,0.44,0.0,5.25,0.0
S12000033,2020-07-24,Aberdeen City,0.0,0,0.0,0.0,851,79.0,9.28,372.15,34.55,0.37,228670,0.44,0.0,5.25,0.0
S12000033,2020-07-23,Aberdeen City,0.44,1,0.0,0.0,851,79.0,9.28,372.15,34.55,0.37,228670,0.44,-0.87,5.25,0.44
S12000033,2020-07-22,Aberdeen City,0.0,0,0.0,0.0,850,79.0,9.29,371.71,34.55,0.37,228670,1.31,-0.87,4.81,0.0
S12000033,2020-07-21,Aberdeen City,0.0,0,0.0,0.0,850,79.0,9.29,371.71,34.55,0.37,228670,2.18,0.0,4.81,-0.44
S12000033,2020-07-20,Aberdeen City,0.0,0,0.0,0.0,850,79.0,9.29,371.71,34.55,0.37,228670,2.18,0.0,5.25,0.0
S12000033,2020-07-19,Aberdeen City,0.0,0,0.0,0.0,850,79.0,9.29,371.71,34.55,0.37,228670,2.18,0.0,5.25,0.0
S12000033,2020-07-18,Aberdeen City,0.0,0,0.0,0.0,850,79.0,9.29,371.71,34.55,0.37,228670,2.18,-0.44,5.25,0.0
S12000033,2020-07-17,Aberdeen City,0.0,0,0.0,0.0,850,79.0,9.29,371.71,34.55,0.37,228670,2.62,-0.44,5.25,0.0
S12000033,2020-07-16,Aberdeen City,1.31,3,0.0,0.0,850,79.0,9.29,371.71,34.55,0.37,228670,3.06,1.31,5.25,0.87
S12000033,2020-07-15,Aberdeen City,0.87,2,0.0,0.0,847,79.0,9.33,370.4,34.55,0.37,228670,1.75,0.43,4.38,0.87
S12000033,2020-07-14,Aberdeen City,0.0,0,0.0,0.0,845,79.0,9.35,369.53,34.55,0.37,228670,1.32,0.0,3.51,0.0
S12000033,2020-07-13,Aberdeen City,0.0,0,0.0,0.0,845,79.0,9.35,369.53,34.55,0.37,228670,1.32,0.0,3.51,-1.31
S12000033,2020-07-12,Aberdeen City,0.0,0,0.0,0.0,845,79.0,9.35,369.53,34.55,0.37,228670,1.32,0.0,4.82,0.0
S12000033,2020-07-11,Aberdeen City,0.44,1,0.0,0.0,845,79.0,9.35,369.53,34.55,0.37,228670,1.32,0.44,4.82,-0.87
S12000033,2020-07-10,Aberdeen City,0.44,1,0.0,0.0,844,79.0,9.36,369.09,34.55,0.37,228670,0.88,0.44,5.69,0.44
S12000033,2020-07-09,Aberdeen City,0.0,0,0.0,0.0,843,79.0,9.37,368.65,34.55,0.37,228670,0.44,0.0,5.25,0.0
S12000033,2020-07-08,Aberdeen City,0.44,1,0.0,0.0,843,79.0,9.37,368.65,34.55,0.37,228670,0.44,0.44,5.25,0.44
S12000033,2020-07-07,Aberdeen City,0.0,0,0.0,0.0,842,79.0,9.38,368.22,34.55,0.37,228670,0.0,-0.44,4.81,0.0
S12000033,2020-07-06,Aberdeen City,0.0,0,0.0,0.0,842,79.0,9.38,368.22,34.55,0.37,228670,0.44,-0.87,4.81,-0.44
S12000033,2020-07-05,Aberdeen City,0.0,0,0.0,0.0,842,79.0,9.38,368.22,34.55,0.37,228670,1.31,0.0,5.25,0.0
S12000033,2020-07-04,Aberdeen City,0.0,0,0.0,0.0,842,79.0,9.38,368.22,34.55,0.37,228670,1.31,0.0,5.25,0.0
S12000033,2020-07-03,Aberdeen City,0.0,0,0.0,0.0,842,79.0,9.38,368.22,34.55,0.37,228670,1.31,0.0,5.25,-0.44
S12000033,2020-07-02,Aberdeen City,0.0,0,0.0,0.0,842,79.0,9.38,368.22,34.55,0.37,228670,1.31,0.0,5.69,0.0
S12000033,2020-07-01,Aberdeen City,0.0,0,0.0,0.0,842,79.0,9.38,368.22,34.55,0.37,228670,1.31,0.0,5.69,-0.44
S12000033,2020-06-30,Aberdeen City,0.44,1,0.0,0.0,842,79.0,9.38,368.22,34.55,0.37,228670,1.31,0.0,6.13,-1.31
S12000033,2020-06-29,Aberdeen City,0.87,2,0.0,0.0,841,79.0,9.39,367.78,34.55,0.37,228670,1.31,0.87,7.44,0.43
S12000033,2020-06-28,Aberdeen City,0.0,0,0.0,0.0,839,79.0,9.42,366.9,34.55,0.37,228670,0.44,0.0,7.01,-0.87
S12000033,2020-06-27,Aberdeen City,0.0,0,0.0,0.0,839,79.0,9.42,366.9,34.55,0.37,228670,0.44,0.0,7.88,-2.19
S12000033,2020-06-26,Aberdeen City,0.0,0,0.0,0.0,839,79.0,9.42,366.9,34.55,0.37,228670,0.44,0.0,10.07,-0.44
S12000033,2020-06-25,Aberdeen City,0.0,0,0.0,0.0,839,79.0,9.42,366.9,34.55,0.37,228670,0.44,-0.44,10.51,0.0
S12000033,2020-06-24,Aberdeen City,0.0,0,0.0,0.0,839,79.0,9.42,366.9,34.55,0.37,228670,0.88,0.0,10.51,-3.06
S12000033,2020-06-23,Aberdeen City,0.44,1,0.0,0.0,839,79.0,9.42,366.9,34.55,0.37,228670,0.88,0.44,13.57,-5.25
S12000033,2020-06-22,Aberdeen City,0.0,0,0.0,0.0,838,79.0,9.43,366.47,34.55,0.37,228670,0.44,-1.31,18.82,-1.31
S12000033,2020-06-21,Aberdeen City,0.0,0,0.0,0.0,838,79.0,9.43,366.47,34.55,0.37,228670,1.75,0.0,20.13,-1.75
S12000033,2020-06-20,Aberdeen City,0.0,0,0.0,0.0,838,79.0,9.43,366.47,34.55,0.37,228670,1.75,-1.31,21.88,-2.62
S12000033,2020-06-19,Aberdeen City,0.0,0,0.0,0.0,838,79.0,9.43,366.47,34.55,0.37,228670,3.06,0.0,24.5,-2.62
S12000033,2020-06-18,Aberdeen City,0.44,1,0.0,0.0,838,79.0,9.43,366.47,34.55,0.37,228670,3.06,0.44,27.12,-0.87
S12000033,2020-06-17,Aberdeen City,0.0,0,1.0,0.44,837,79.0,9.44,366.03,34.55,0.37,228670,2.62,0.0,27.99,-2.19
S12000033,2020-06-16,Aberdeen City,0.0,0,0.0,0.0,837,78.0,9.32,366.03,34.11,0.37,228670,2.62,0.0,30.18,-4.81
S12000033,2020-06-15,Aberdeen City,1.31,3,0.0,0.0,837,78.0,9.32,366.03,34.11,0.37,228670,2.62,0.87,34.99,-3.94
S12000033,2020-06-14,Aberdeen City,0.0,0,0.0,0.0,834,78.0,9.35,364.72,34.11,0.36,228670,1.75,0.0,38.93,-1.31
S12000033,2020-06-13,Aberdeen City,1.31,3,0.0,0.0,834,78.0,9.35,364.72,34.11,0.36,228670,1.75,1.31,40.24,-0.44
S12000033,2020-06-12,Aberdeen City,0.0,0,0.0,0.0,831,78.0,9.39,363.41,34.11,0.36,228670,0.44,-0.44,40.68,-5.69
S12000033,2020-06-11,Aberdeen City,0.0,0,0.0,0.0,831,78.0,9.39,363.41,34.11,0.36,228670,0.88,0.0,46.37,-7.0
S12000033,2020-06-10,Aberdeen City,0.0,0,0.0,0.0,831,78.0,9.39,363.41,34.11,0.36,228670,0.88,-0.44,53.37,-3.5
S12000033,2020-06-09,Aberdeen City,0.0,0,0.0,0.0,831,78.0,9.39,363.41,34.11,0.36,228670,1.32,-1.75,56.87,-5.25
S12000033,2020-06-08,Aberdeen City,0.44,1,1.0,0.44,831,78.0,9.39,363.41,34.11,0.36,228670,3.07,0.0,62.12,-10.06
S12000033,2020-06-07,Aberdeen City,0.0,0,0.0,0.0,830,77.0,9.28,362.97,33.67,0.36,228670,3.07,-0.87,72.18,-4.81
S12000033,2020-06-06,Aberdeen City,0.0,0,0.0,0.0,830,77.0,9.28,362.97,33.67,0.36,228670,3.94,-2.19,76.99,-7.87
S12000033,2020-06-05,Aberdeen City,0.44,1,1.0,0.44,830,77.0,9.28,362.97,33.67,0.36,228670,6.13,0.0,84.86,-8.31
S12000033,2020-06-04,Aberdeen City,0.0,0,0.0,0.0,829,76.0,9.17,362.53,33.24,0.36,228670,6.13,0.0,93.17,-6.56
S12000033,2020-06-03,Aberdeen City,0.44,1,1.0,0.44,829,76.0,9.17,362.53,33.24,0.36,228670,6.13,-2.62,99.73,-8.31
S12000033,2020-06-02,Aberdeen City,1.75,4,0.0,0.0,828,75.0,9.06,362.09,32.8,0.36,228670,8.75,-3.94,108.04,-2.19
S12000033,2020-06-01,Aberdeen City,0.44,1,0.0,0.0,824,75.0,9.1,360.34,32.8,0.36,228670,12.69,-0.87,110.23,-4.37
S12000033,2020-05-31,Aberdeen City,0.87,2,0.0,0.0,823,75.0,9.11,359.91,32.8,0.36,228670,13.56,-0.88,114.6,-2.63
S12000033,2020-05-30,Aberdeen City,2.19,5,0.0,0.0,821,75.0,9.14,359.03,32.8,0.36,228670,14.44,-0.43,117.23,-4.37
S12000033,2020-05-29,Aberdeen City,0.44,1,1.0,0.44,816,75.0,9.19,356.85,32.8,0.36,228670,14.87,-2.18,121.6,-8.31
S12000033,2020-05-28,Aberdeen City,0.0,0,1.0,0.44,815,74.0,9.08,356.41,32.36,0.36,228670,17.05,-1.31,129.91,-8.31
S12000033,2020-05-27,Aberdeen City,3.06,7,2.0,0.87,815,73.0,8.96,356.41,31.92,0.36,228670,18.36,0.87,138.22,-5.69
S12000033,2020-05-26,Aberdeen City,5.69,13,1.0,0.44,808,71.0,8.79,353.35,31.05,0.35,228670,17.49,0.88,143.91,-2.18
S12000033,2020-05-25,Aberdeen City,1.31,3,0.0,0.0,795,70.0,8.81,347.66,30.61,0.35,228670,16.61,-3.94,146.09,-14.43
S12000033,2020-05-24,Aberdeen City,1.75,4,0.0,0.0,792,70.0,8.84,346.35,30.61,0.35,228670,20.55,0.44,160.52,-3.94
S12000033,2020-05-23,Aberdeen City,2.62,6,0.0,0.0,788,70.0,8.88,344.6,30.61,0.34,228670,20.11,0.87,164.46,-5.25
S12000033,2020-05-22,Aberdeen City,2.62,6,1.0,0.44,782,70.0,8.95,341.98,30.61,0.34,228670,19.24,-3.07,169.71,-10.06
S12000033,2020-05-21,Aberdeen City,1.31,3,0.0,0.0,776,69.0,8.89,339.35,30.17,0.34,228670,22.31,-5.69,179.77,-11.81
S12000033,2020-05-20,Aberdeen City,2.19,5,0.0,0.0,773,69.0,8.93,338.04,30.17,0.34,228670,28.0,-1.31,191.58,-6.56
S12000033,2020-05-19,Aberdeen City,4.81,11,1.0,0.44,768,69.0,8.98,335.86,30.17,0.34,228670,29.31,-0.44,198.14,-11.81
S12000033,2020-05-18,Aberdeen City,5.25,12,2.0,0.87,757,68.0,8.98,331.04,29.74,0.33,228670,29.75,-5.25,209.95,-6.56
S12000033,2020-05-17,Aberdeen City,1.31,3,5.0,2.19,745,66.0,8.86,325.8,28.86,0.33,228670,35.0,-3.5,216.51,-3.5
S12000033,2020-05-16,Aberdeen City,1.75,4,0.0,0.0,742,61.0,8.22,324.49,26.68,0.32,228670,38.5,-6.12,220.01,-5.25
S12000033,2020-05-15,Aberdeen City,5.69,13,1.0,0.44,738,61.0,8.27,322.74,26.68,0.32,228670,44.62,-3.06,225.26,-2.18
S12000033,2020-05-14,Aberdeen City,7.0,16,3.0,1.31,725,60.0,8.28,317.05,26.24,0.32,228670,47.68,0.44,227.44,2.19
S12000033,2020-05-13,Aberdeen City,3.5,8,4.0,1.75,709,57.0,8.04,310.05,24.93,0.31,228670,47.24,-5.25,225.25,0.88
S12000033,2020-05-12,Aberdeen City,5.25,12,2.0,0.87,701,53.0,7.56,306.56,23.18,0.31,228670,52.49,1.31,224.37,-5.68
S12000033,2020-05-11,Aberdeen City,10.5,24,1.0,0.44,689,51.0,7.4,301.31,22.3,0.3,228670,51.18,5.69,230.05,7.0
S12000033,2020-05-10,Aberdeen City,4.81,11,1.0,0.44,665,50.0,7.52,290.81,21.87,0.29,228670,45.49,1.31,223.05,2.19
S12000033,2020-05-09,Aberdeen City,7.87,18,1.0,0.44,654,49.0,7.49,286.0,21.43,0.29,228670,44.18,1.31,220.86,2.62
S12000033,2020-05-08,Aberdeen City,8.75,20,2.0,0.87,636,48.0,7.55,278.13,20.99,0.28,228670,42.87,0.0,218.24,4.81
S12000033,2020-05-07,Aberdeen City,6.56,15,3.0,1.31,616,46.0,7.47,269.38,20.12,0.27,228670,42.87,-1.75,213.43,4.81
S12000033,2020-05-06,Aberdeen City,8.75,20,2.0,0.87,601,43.0,7.15,262.82,18.8,0.26,228670,44.62,0.0,208.62,7.44
S12000033,2020-05-05,Aberdeen City,3.94,9,1.0,0.44,581,41.0,7.06,254.08,17.93,0.25,228670,44.62,-3.93,201.18,0.44
S12000033,2020-05-04,Aberdeen City,4.81,11,0.0,0.0,572,40.0,6.99,250.14,17.49,0.25,228670,48.55,-10.93,200.74,3.5
S12000033,2020-05-03,Aberdeen City,3.5,8,1.0,0.44,561,40.0,7.13,245.33,17.49,0.25,228670,59.48,-2.19,197.24,1.75
S12000033,2020-05-02,Aberdeen City,6.56,15,4.0,1.75,553,39.0,7.05,241.83,17.06,0.24,228670,61.67,-1.31,195.49,3.5
S12000033,2020-05-01,Aberdeen City,8.75,20,2.0,0.87,538,35.0,6.51,235.27,15.31,0.24,228670,62.98,-3.93,191.99,4.81
S12000033,2020-04-30,Aberdeen City,8.31,19,2.0,0.87,518,33.0,6.37,226.53,14.43,0.23,228670,66.91,-4.81,187.18,5.69
S12000033,2020-04-29,Aberdeen City,8.75,20,0.0,0.0,499,31.0,6.21,218.22,13.56,0.22,228670,71.72,0.0,181.49,-0.87
S12000033,2020-04-28,Aberdeen City,7.87,18,0.0,0.0,479,31.0,6.47,209.47,13.56,0.21,228670,71.72,-8.75,182.36,1.75
S12000033,2020-04-27,Aberdeen City,15.74,36,2.0,0.87,461,31.0,6.72,201.6,13.56,0.2,228670,80.47,3.93,180.61,11.8
S12000033,2020-04-26,Aberdeen City,5.69,13,4.0,1.75,425,29.0,6.82,185.86,12.68,0.19,228670,76.54,0.88,168.81,2.19
S12000033,2020-04-25,Aberdeen City,7.87,18,2.0,0.87,412,25.0,6.07,180.17,10.93,0.18,228670,75.66,0.87,166.62,7.0
S12000033,2020-04-24,Aberdeen City,12.68,29,1.0,0.44,394,23.0,5.84,172.3,10.06,0.17,228670,74.79,4.81,159.62,11.37
S12000033,2020-04-23,Aberdeen City,13.12,30,2.0,0.87,365,22.0,6.03,159.62,9.62,0.16,228670,69.98,8.31,148.25,10.5
S12000033,2020-04-22,Aberdeen City,8.75,20,1.0,0.44,335,20.0,5.97,146.5,8.75,0.15,228670,61.67,6.13,137.75,7.88
S12000033,2020-04-21,Aberdeen City,16.62,38,3.0,1.31,315,19.0,6.03,137.75,8.31,0.14,228670,55.54,5.69,129.87,14.87
S12000033,2020-04-20,Aberdeen City,11.81,27,0.0,0.0,277,16.0,5.78,121.14,7.0,0.12,228670,49.85,8.31,115.0,10.5
S12000033,2020-04-19,Aberdeen City,4.81,11,0.0,0.0,250,16.0,6.4,109.33,7.0,0.11,228670,41.54,2.19,104.5,4.81
S12000033,2020-04-18,Aberdeen City,7.0,16,2.0,0.87,239,16.0,6.69,104.52,7.0,0.1,228670,39.35,1.75,99.69,7.0
S12000033,2020-04-17,Aberdeen City,7.87,18,1.0,0.44,223,14.0,6.28,97.52,6.12,0.1,228670,37.6,3.93,92.69,7.43
S12000033,2020-04-16,Aberdeen City,4.81,11,1.0,0.44,205,13.0,6.34,89.65,5.69,0.09,228670,33.67,3.06,85.26,4.81
S12000033,2020-04-15,Aberdeen City,2.62,6,0.0,0.0,194,12.0,6.19,84.84,5.25,0.08,228670,30.61,1.31,80.45,2.18
S12000033,2020-04-14,Aberdeen City,10.93,25,2.0,0.87,188,12.0,6.38,82.21,5.25,0.08,228670,29.3,7.43,78.27,10.06
S12000033,2020-04-13,Aberdeen City,3.5,8,0.0,0.0,163,10.0,6.13,71.28,4.37,0.07,228670,21.87,2.19,68.21,3.5
S12000033,2020-04-12,Aberdeen City,2.62,6,1.0,0.44,155,10.0,6.45,67.78,4.37,0.07,228670,19.68,0.87,64.71,2.62
S12000033,2020-04-11,Aberdeen City,5.25,12,1.0,0.44,149,9.0,6.04,65.16,3.94,0.07,228670,18.81,2.19,62.09,5.25
S12000033,2020-04-10,Aberdeen City,3.94,9,0.0,0.0,137,8.0,5.84,59.91,3.5,0.06,228670,16.62,0.0,56.84,2.63
S12000033,2020-04-09,Aberdeen City,1.75,4,1.0,0.44,128,8.0,6.25,55.98,3.5,0.06,228670,16.62,-0.87,54.21,0.44
S12000033,2020-04-08,Aberdeen City,1.31,3,0.0,0.0,124,7.0,5.65,54.23,3.06,0.05,228670,17.49,-8.31,53.77,1.31
S12000033,2020-04-07,Aberdeen City,3.5,8,1.0,0.44,121,7.0,5.79,52.91,3.06,0.05,228670,25.8,-2.62,52.46,3.5
S12000033,2020-04-06,Aberdeen City,1.31,3,1.0,0.44,113,6.0,5.31,49.42,2.62,0.05,228670,28.42,-2.63,48.96,1.31
S12000033,2020-04-05,Aberdeen City,1.75,4,0.0,0.0,110,5.0,4.55,48.1,2.19,0.05,228670,31.05,-1.75,47.65,1.75
S12000033,2020-04-04,Aberdeen City,3.06,7,0.0,0.0,106,5.0,4.72,46.36,2.19,0.05,228670,32.8,2.19,45.9,3.06
S12000033,2020-04-03,Aberdeen City,3.94,9,4.0,1.75,99,5.0,5.05,43.29,2.19,0.04,228670,30.61,2.63,42.84,3.94
S12000033,2020-04-02,Aberdeen City,2.62,6,0.0,0.0,90,1.0,1.11,39.36,0.44,0.04,228670,27.98,0.0,38.9,2.62
S12000033,2020-04-01,Aberdeen City,9.62,22,0.0,0.0,84,1.0,1.19,36.73,0.44,0.04,228670,27.98,8.75,36.28,9.18
S12000033,2020-03-31,Aberdeen City,6.12,14,0.0,0.0,62,1.0,1.61,27.11,0.44,0.03,228670,19.23,4.37,27.1,6.12
S12000033,2020-03-30,Aberdeen City,3.94,9,0.0,0.0,48,1.0,2.08,20.99,0.44,0.02,228670,14.86,2.63,20.98,3.94
S12000033,2020-03-29,Aberdeen City,3.5,8,0.0,0.0,39,1.0,2.56,17.06,0.44,0.02,228670,12.23,3.5,17.04,3.5
S12000033,2020-03-28,Aberdeen City,0.87,2,1.0,0.44,31,1.0,3.23,13.56,0.44,0.01,228670,8.73,0.87,13.54,0.87
S12000033,2020-03-27,Aberdeen City,1.31,3,0.0,0.0,29,0.0,0.0,12.68,0.0,0.01,228670,7.86,0.87,12.67,1.31
S12000033,2020-03-26,Aberdeen City,2.62,6,0.0,0.0,26,0.0,0.0,11.37,0.0,0.01,228670,6.99,2.62,11.36,2.62
S12000033,2020-03-25,Aberdeen City,0.87,2,0.0,0.0,20,0.0,0.0,8.75,0.0,0.01,228670,4.37,0.43,8.74,0.87
S12000033,2020-03-24,Aberdeen City,1.75,4,0.0,0.0,18,0.0,0.0,7.87,0.0,0.01,228670,3.94,0.88,7.87,1.75
S12000033,2020-03-23,Aberdeen City,1.31,3,0.0,0.0,14,0.0,0.0,6.12,0.0,0.01,228670,3.06,1.31,6.12,1.31
S12000033,2020-03-22,Aberdeen City,0.0,0,0.0,0.0,11,0.0,0.0,4.81,0.0,0.0,228670,1.75,0.0,4.81,0.0
S12000033,2020-03-21,Aberdeen City,0.0,0,0.0,0.0,11,0.0,0.0,4.81,0.0,0.0,228670,1.75,0.0,4.81,0.0
S12000033,2020-03-20,Aberdeen City,0.44,1,0.0,0.0,11,0.0,0.0,4.81,0.0,0.0,228670,1.75,-0.87,4.81,0.44
S12000033,2020-03-19,Aberdeen City,0.0,0,0.0,0.0,10,0.0,0.0,4.37,0.0,0.0,228670,2.62,-1.31,4.37,0.0
S12000033,2020-03-18,Aberdeen City,0.44,1,0.0,0.0,10,0.0,0.0,4.37,0.0,0.0,228670,3.93,0.44,4.37,0.44
S12000033,2020-03-17,Aberdeen City,0.87,2,0.0,0.0,9,0.0,0.0,3.94,0.0,0.0,228670,3.49,0.87,3.93,0.87
S12000033,2020-03-16,Aberdeen City,0.0,0,0.0,0.0,7,0.0,0.0,3.06,0.0,0.0,228670,2.62,0.0,3.06,0.0
S12000033,2020-03-15,Aberdeen City,0.0,0,0.0,0.0,7,0.0,0.0,3.06,0.0,0.0,228670,2.62,0.0,3.06,0.0
S12000033,2020-03-14,Aberdeen City,0.0,0,0.0,0.0,7,0.0,0.0,3.06,0.0,0.0,228670,2.62,0.0,3.06,0.0
S12000033,2020-03-13,Aberdeen City,1.31,3,0.0,0.0,7,0.0,0.0,3.06,0.0,0.0,228670,2.62,1.31,3.06,1.31
S12000033,2020-03-12,Aberdeen City,1.31,3,0.0,0.0,4,0.0,0.0,1.75,0.0,0.0,228670,1.31,1.31,1.75,1.31
S12000033,2020-03-11,Aberdeen City,0.0,0,0.0,0.0,1,0.0,0.0,0.44,0.0,0.0,228670,0.0,-0.44,0.44,0.0
S12000033,2020-03-10,Aberdeen City,0.0,0,0.0,0.0,1,0.0,0.0,0.44,0.0,0.0,228670,0.44,0.0,0.44,0.0
S12000033,2020-03-09,Aberdeen City,0.0,0,0.0,0.0,1,0.0,0.0,0.44,0.0,0.0,228670,0.44,0.0,0.44,0.0
S12000033,2020-03-08,Aberdeen City,0.0,0,0.0,0.0,1,0.0,0.0,0.44,0.0,0.0,228670,0.44,0.0,0.44,0.0
S12000033,2020-03-07,Aberdeen City,0.0,0,0.0,0.0,1,0.0,0.0,0.44,0.0,0.0,228670,0.44,0.0,0.44,0.0
S12000033,2020-03-06,Aberdeen City,0.0,0,0.0,0.0,1,0.0,0.0,0.44,0.0,0.0,228670,0.44,0.0,0.44,0.0
S12000033,2020-03-05,Aberdeen City,0.0,0,0.0,0.0,1,0.0,0.0,0.44,0.0,0.0,228670,0.44,0.0,0.44,0.0
S12000033,2020-03-04,Aberdeen City,0.44,1,0.0,0.0,1,0.0,0.0,0.44,0.0,0.0,228670,0.44,0.44,0.44,0.44
