date,state,county,new_cases_100k,new_cases,new_deaths,new_deaths_100k,total_cases,total_deaths,cfr%,total_cases_100k,total_deaths_100k,%infected,population,pop_density
2020-07-15,Michigan,Macomb,13.15,115,0,0.0,8277,934,11.28,946.2,106.77,0.95,874759,1825.27
2020-07-14,Michigan,Macomb,5.14,45,1,0.11,8162,934,11.44,933.06,106.77,0.93,874759,1825.27
2020-07-13,Michigan,Macomb,5.37,47,0,0.0,8117,933,11.49,927.91,106.66,0.93,874759,1825.27
2020-07-12,Michigan,Macomb,5.26,46,0,0.0,8070,933,11.56,922.54,106.66,0.92,874759,1825.27
2020-07-11,Michigan,Macomb,5.14,45,4,0.46,8024,933,11.63,917.28,106.66,0.92,874759,1825.27
2020-07-10,Michigan,Macomb,5.6,49,1,0.11,7979,929,11.64,912.14,106.2,0.91,874759,1825.27
2020-07-09,Michigan,Macomb,4.46,39,0,0.0,7930,928,11.7,906.54,106.09,0.91,874759,1825.27
2020-07-08,Michigan,Macomb,2.97,26,0,0.0,7891,928,11.76,902.08,106.09,0.9,874759,1825.27
2020-07-07,Michigan,Macomb,5.14,45,4,0.46,7865,928,11.8,899.1,106.09,0.9,874759,1825.27
2020-07-06,Michigan,Macomb,4.46,39,0,0.0,7820,924,11.82,893.96,105.63,0.89,874759,1825.27
2020-07-05,Michigan,Macomb,2.29,20,0,0.0,7781,924,11.88,889.5,105.63,0.89,874759,1825.27
2020-07-04,Michigan,Macomb,2.17,19,0,0.0,7761,924,11.91,887.22,105.63,0.89,874759,1825.27
2020-07-03,Michigan,Macomb,3.77,33,2,0.23,7742,924,11.93,885.04,105.63,0.89,874759,1825.27
2020-07-02,Michigan,Macomb,4.69,41,1,0.11,7709,922,11.96,881.27,105.4,0.88,874759,1825.27
2020-07-01,Michigan,Macomb,7.89,69,0,0.0,7668,921,12.01,876.58,105.29,0.88,874759,1825.27
2020-06-30,Michigan,Macomb,4.8,42,9,1.03,7599,921,12.12,868.7,105.29,0.87,874759,1825.27
2020-06-29,Michigan,Macomb,2.29,20,0,0.0,7557,912,12.07,863.9,104.26,0.86,874759,1825.27
2020-06-28,Michigan,Macomb,2.97,26,2,0.23,7537,912,12.1,861.61,104.26,0.86,874759,1825.27
2020-06-27,Michigan,Macomb,2.17,19,4,0.46,7511,910,12.12,858.64,104.03,0.86,874759,1825.27
2020-06-26,Michigan,Macomb,3.2,28,1,0.11,7492,906,12.09,856.46,103.57,0.86,874759,1825.27
2020-06-25,Michigan,Macomb,3.89,34,2,0.23,7464,905,12.12,853.26,103.46,0.85,874759,1825.27
2020-06-24,Michigan,Macomb,1.83,16,0,0.0,7430,903,12.15,849.38,103.23,0.85,874759,1825.27
2020-06-23,Michigan,Macomb,1.14,10,-1,-0.11,7414,903,12.18,847.55,103.23,0.85,874759,1825.27
2020-06-22,Michigan,Macomb,1.49,13,0,0.0,7404,904,12.21,846.4,103.34,0.85,874759,1825.27
2020-06-21,Michigan,Macomb,0.69,6,0,0.0,7391,904,12.23,844.92,103.34,0.84,874759,1825.27
2020-06-20,Michigan,Macomb,2.63,23,2,0.23,7385,904,12.24,844.23,103.34,0.84,874759,1825.27
2020-06-19,Michigan,Macomb,1.26,11,0,0.0,7362,902,12.25,841.6,103.11,0.84,874759,1825.27
2020-06-18,Michigan,Macomb,1.14,10,5,0.57,7351,902,12.27,840.35,103.11,0.84,874759,1825.27
2020-06-17,Michigan,Macomb,1.26,11,1,0.11,7341,897,12.22,839.2,102.54,0.84,874759,1825.27
2020-06-16,Michigan,Macomb,3.54,31,2,0.23,7330,896,12.22,837.95,102.43,0.84,874759,1825.27
2020-06-15,Michigan,Macomb,1.14,10,0,0.0,7299,894,12.25,834.4,102.2,0.83,874759,1825.27
2020-06-14,Michigan,Macomb,1.71,15,0,0.0,7289,894,12.27,833.26,102.2,0.83,874759,1825.27
2020-06-13,Michigan,Macomb,2.17,19,8,0.91,7274,894,12.29,831.54,102.2,0.83,874759,1825.27
2020-06-12,Michigan,Macomb,1.14,10,2,0.23,7255,886,12.21,829.37,101.29,0.83,874759,1825.27
2020-06-11,Michigan,Macomb,0.69,6,3,0.34,7245,884,12.2,828.23,101.06,0.83,874759,1825.27
2020-06-10,Michigan,Macomb,0.34,3,3,0.34,7239,881,12.17,827.54,100.71,0.83,874759,1825.27
2020-06-09,Michigan,Macomb,-1.14,-10,3,0.34,7236,878,12.13,827.2,100.37,0.83,874759,1825.27
2020-06-08,Michigan,Macomb,1.26,11,0,0.0,7246,875,12.08,828.34,100.03,0.83,874759,1825.27
2020-06-07,Michigan,Macomb,6.63,58,0,0.0,7235,875,12.09,827.08,100.03,0.83,874759,1825.27
2020-06-06,Michigan,Macomb,4.23,37,4,0.46,7177,875,12.19,820.45,100.03,0.82,874759,1825.27
2020-06-05,Michigan,Macomb,13.03,114,38,4.34,7140,871,12.2,816.22,99.57,0.82,874759,1825.27
2020-06-04,Michigan,Macomb,2.4,21,2,0.23,7026,833,11.86,803.19,95.23,0.8,874759,1825.27
2020-06-03,Michigan,Macomb,15.09,132,8,0.91,7005,831,11.86,800.79,95.0,0.8,874759,1825.27
2020-06-02,Michigan,Macomb,1.49,13,4,0.46,6873,823,11.97,785.7,94.08,0.79,874759,1825.27
2020-06-01,Michigan,Macomb,1.37,12,4,0.46,6860,819,11.94,784.22,93.63,0.78,874759,1825.27
2020-05-31,Michigan,Macomb,12.8,112,8,0.91,6848,815,11.9,782.84,93.17,0.78,874759,1825.27
2020-05-30,Michigan,Macomb,0.91,8,9,1.03,6736,807,11.98,770.04,92.25,0.77,874759,1825.27
2020-05-29,Michigan,Macomb,3.43,30,6,0.69,6728,798,11.86,769.13,91.23,0.77,874759,1825.27
2020-05-28,Michigan,Macomb,3.2,28,3,0.34,6698,792,11.82,765.7,90.54,0.77,874759,1825.27
2020-05-27,Michigan,Macomb,3.43,30,5,0.57,6670,789,11.83,762.5,90.2,0.76,874759,1825.27
2020-05-26,Michigan,Macomb,1.37,12,1,0.11,6640,784,11.81,759.07,89.62,0.76,874759,1825.27
2020-05-25,Michigan,Macomb,1.94,17,0,0.0,6628,783,11.81,757.69,89.51,0.76,874759,1825.27
2020-05-24,Michigan,Macomb,2.17,19,0,0.0,6611,783,11.84,755.75,89.51,0.76,874759,1825.27
2020-05-23,Michigan,Macomb,4.23,37,2,0.23,6592,783,11.88,753.58,89.51,0.75,874759,1825.27
2020-05-22,Michigan,Macomb,2.86,25,4,0.46,6555,781,11.91,749.35,89.28,0.75,874759,1825.27
2020-05-21,Michigan,Macomb,3.2,28,9,1.03,6530,777,11.9,746.49,88.82,0.75,874759,1825.27
2020-05-20,Michigan,Macomb,2.86,25,10,1.14,6502,768,11.81,743.29,87.8,0.74,874759,1825.27
2020-05-19,Michigan,Macomb,1.14,10,13,1.49,6477,758,11.7,740.43,86.65,0.74,874759,1825.27
2020-05-18,Michigan,Macomb,1.37,12,0,0.0,6467,745,11.52,739.29,85.17,0.74,874759,1825.27
2020-05-17,Michigan,Macomb,4.8,42,1,0.11,6455,745,11.54,737.92,85.17,0.74,874759,1825.27
2020-05-16,Michigan,Macomb,3.43,30,10,1.14,6413,744,11.6,733.12,85.05,0.73,874759,1825.27
2020-05-15,Michigan,Macomb,4.8,42,1,0.11,6383,734,11.5,729.69,83.91,0.73,874759,1825.27
2020-05-14,Michigan,Macomb,10.97,96,11,1.26,6341,733,11.56,724.89,83.79,0.72,874759,1825.27
2020-05-13,Michigan,Macomb,4.57,40,7,0.8,6245,722,11.56,713.91,82.54,0.71,874759,1825.27
2020-05-12,Michigan,Macomb,3.77,33,11,1.26,6205,715,11.52,709.34,81.74,0.71,874759,1825.27
2020-05-11,Michigan,Macomb,2.51,22,1,0.11,6172,704,11.41,705.57,80.48,0.71,874759,1825.27
2020-05-10,Michigan,Macomb,2.97,26,1,0.11,6150,703,11.43,703.05,80.36,0.7,874759,1825.27
2020-05-09,Michigan,Macomb,6.97,61,15,1.71,6124,702,11.46,700.08,80.25,0.7,874759,1825.27
2020-05-08,Michigan,Macomb,9.95,87,4,0.46,6063,687,11.33,693.11,78.54,0.69,874759,1825.27
2020-05-07,Michigan,Macomb,5.03,44,16,1.83,5976,683,11.43,683.16,78.08,0.68,874759,1825.27
2020-05-06,Michigan,Macomb,5.03,44,15,1.71,5932,667,11.24,678.13,76.25,0.68,874759,1825.27
2020-05-05,Michigan,Macomb,6.06,53,4,0.46,5888,652,11.07,673.1,74.53,0.67,874759,1825.27
2020-05-04,Michigan,Macomb,-2.17,-19,15,1.71,5835,648,11.11,667.04,74.08,0.67,874759,1825.27
2020-05-03,Michigan,Macomb,10.63,93,3,0.34,5854,633,10.81,669.21,72.36,0.67,874759,1825.27
2020-05-02,Michigan,Macomb,4.92,43,11,1.26,5761,630,10.94,658.58,72.02,0.66,874759,1825.27
2020-05-01,Michigan,Macomb,12.8,112,11,1.26,5718,619,10.83,653.67,70.76,0.65,874759,1825.27
2020-04-30,Michigan,Macomb,9.72,85,6,0.69,5606,608,10.85,640.86,69.5,0.64,874759,1825.27
2020-04-29,Michigan,Macomb,10.4,91,26,2.97,5521,602,10.9,631.15,68.82,0.63,874759,1825.27
2020-04-28,Michigan,Macomb,10.75,94,45,5.14,5430,576,10.61,620.74,65.85,0.62,874759,1825.27
2020-04-27,Michigan,Macomb,5.49,48,7,0.8,5336,531,9.95,610.0,60.7,0.61,874759,1825.27
2020-04-26,Michigan,Macomb,7.43,65,3,0.34,5288,524,9.91,604.51,59.9,0.6,874759,1825.27
2020-04-25,Michigan,Macomb,13.38,117,13,1.49,5223,521,9.98,597.08,59.56,0.6,874759,1825.27
2020-04-24,Michigan,Macomb,18.29,160,11,1.26,5106,508,9.95,583.7,58.07,0.58,874759,1825.27
2020-04-23,Michigan,Macomb,26.75,234,20,2.29,4946,497,10.05,565.41,56.82,0.57,874759,1825.27
2020-04-22,Michigan,Macomb,9.95,87,31,3.54,4712,477,10.12,538.66,54.53,0.54,874759,1825.27
2020-04-21,Michigan,Macomb,13.72,120,42,4.8,4625,446,9.64,528.72,50.99,0.53,874759,1825.27
2020-04-20,Michigan,Macomb,7.54,66,12,1.37,4505,404,8.97,515.0,46.18,0.51,874759,1825.27
2020-04-19,Michigan,Macomb,12.69,111,8,0.91,4439,392,8.83,507.45,44.81,0.51,874759,1825.27
2020-04-18,Michigan,Macomb,12.12,106,11,1.26,4328,384,8.87,494.76,43.9,0.49,874759,1825.27
2020-04-17,Michigan,Macomb,17.49,153,19,2.17,4222,373,8.83,482.65,42.64,0.48,874759,1825.27
2020-04-16,Michigan,Macomb,23.21,203,24,2.74,4069,354,8.7,465.16,40.47,0.47,874759,1825.27
2020-04-15,Michigan,Macomb,28.12,246,37,4.23,3866,330,8.54,441.95,37.72,0.44,874759,1825.27
2020-04-14,Michigan,Macomb,23.09,202,53,6.06,3620,293,8.09,413.83,33.49,0.41,874759,1825.27
2020-04-13,Michigan,Macomb,18.75,164,23,2.63,3418,240,7.02,390.74,27.44,0.39,874759,1825.27
2020-04-12,Michigan,Macomb,10.29,90,8,0.91,3254,217,6.67,371.99,24.81,0.37,874759,1825.27
2020-04-11,Michigan,Macomb,21.83,191,12,1.37,3164,209,6.61,361.7,23.89,0.36,874759,1825.27
2020-04-10,Michigan,Macomb,21.72,190,32,3.66,2973,197,6.63,339.87,22.52,0.34,874759,1825.27
2020-04-09,Michigan,Macomb,17.95,157,24,2.74,2783,165,5.93,318.14,18.86,0.32,874759,1825.27
2020-04-08,Michigan,Macomb,24.24,212,20,2.29,2626,141,5.37,300.2,16.12,0.3,874759,1825.27
2020-04-07,Michigan,Macomb,29.15,255,21,2.4,2414,121,5.01,275.96,13.83,0.28,874759,1825.27
2020-04-06,Michigan,Macomb,17.83,156,17,1.94,2159,100,4.63,246.81,11.43,0.25,874759,1825.27
2020-04-05,Michigan,Macomb,18.86,165,5,0.57,2003,83,4.14,228.98,9.49,0.23,874759,1825.27
2020-04-04,Michigan,Macomb,31.78,278,13,1.49,1838,78,4.24,210.12,8.92,0.21,874759,1825.27
2020-04-03,Michigan,Macomb,26.06,228,7,0.8,1560,65,4.17,178.33,7.43,0.18,874759,1825.27
2020-04-02,Michigan,Macomb,27.89,244,7,0.8,1332,58,4.35,152.27,6.63,0.15,874759,1825.27
2020-04-01,Michigan,Macomb,26.86,235,13,1.49,1088,51,4.69,124.38,5.83,0.12,874759,1825.27
2020-03-31,Michigan,Macomb,14.29,125,11,1.26,853,38,4.45,97.51,4.34,0.1,874759,1825.27
2020-03-30,Michigan,Macomb,12.35,108,7,0.8,728,27,3.71,83.22,3.09,0.08,874759,1825.27
2020-03-29,Michigan,Macomb,9.83,86,3,0.34,620,20,3.23,70.88,2.29,0.07,874759,1825.27
2020-03-28,Michigan,Macomb,14.86,130,3,0.34,534,17,3.18,61.05,1.94,0.06,874759,1825.27
2020-03-27,Michigan,Macomb,6.52,57,3,0.34,404,14,3.47,46.18,1.6,0.05,874759,1825.27
2020-03-26,Michigan,Macomb,7.54,66,4,0.46,347,11,3.17,39.67,1.26,0.04,874759,1825.27
2020-03-25,Michigan,Macomb,6.4,56,4,0.46,281,7,2.49,32.12,0.8,0.03,874759,1825.27
2020-03-24,Michigan,Macomb,5.72,50,1,0.11,225,3,1.33,25.72,0.34,0.03,874759,1825.27
2020-03-23,Michigan,Macomb,4.0,35,1,0.11,175,2,1.14,20.01,0.23,0.02,874759,1825.27
2020-03-22,Michigan,Macomb,4.46,39,1,0.11,140,1,0.71,16.0,0.11,0.02,874759,1825.27
2020-03-21,Michigan,Macomb,1.71,15,0,0.0,101,0,0.0,11.55,0.0,0.01,874759,1825.27
2020-03-20,Michigan,Macomb,3.54,31,0,0.0,86,0,0.0,9.83,0.0,0.01,874759,1825.27
2020-03-19,Michigan,Macomb,5.14,45,0,0.0,55,0,0.0,6.29,0.0,0.01,874759,1825.27
2020-03-18,Michigan,Macomb,0.23,2,0,0.0,10,0,0.0,1.14,0.0,0.0,874759,1825.27
2020-03-17,Michigan,Macomb,0.23,2,0,0.0,8,0,0.0,0.91,0.0,0.0,874759,1825.27
2020-03-16,Michigan,Macomb,0.11,1,0,0.0,6,0,0.0,0.69,0.0,0.0,874759,1825.27
2020-03-15,Michigan,Macomb,0.34,3,0,0.0,5,0,0.0,0.57,0.0,0.0,874759,1825.27
2020-03-14,Michigan,Macomb,0.11,1,0,0.0,2,0,0.0,0.23,0.0,0.0,874759,1825.27
2020-03-13,Michigan,Macomb,0.0,0,0,0.0,1,0,0.0,0.11,0.0,0.0,874759,1825.27
