date,state,county,new_cases_100k,new_cases,new_deaths,new_deaths_100k,total_cases,total_deaths,cfr%,total_cases_100k,total_deaths_100k,%infected,population,pop_density
2020-08-04,New Jersey,Atlantic,4.52,12,0,0.0,3435,252,7.34,1294.13,94.94,1.29,265429,477.81
2020-08-03,New Jersey,Atlantic,5.65,15,0,0.0,3423,252,7.36,1289.61,94.94,1.29,265429,477.81
2020-08-02,New Jersey,Atlantic,4.52,12,0,0.0,3408,252,7.39,1283.96,94.94,1.28,265429,477.81
2020-08-01,New Jersey,Atlantic,6.4,17,2,0.75,3396,252,7.42,1279.44,94.94,1.28,265429,477.81
2020-07-31,New Jersey,Atlantic,12.43,33,0,0.0,3379,250,7.4,1273.03,94.19,1.27,265429,477.81
2020-07-30,New Jersey,Atlantic,3.01,8,3,1.13,3346,250,7.47,1260.6,94.19,1.26,265429,477.81
2020-07-29,New Jersey,Atlantic,9.8,26,5,1.88,3338,247,7.4,1257.59,93.06,1.26,265429,477.81
2020-07-28,New Jersey,Atlantic,9.8,26,2,0.75,3312,242,7.31,1247.79,91.17,1.25,265429,477.81
2020-07-27,New Jersey,Atlantic,9.8,26,0,0.0,3286,240,7.3,1238.0,90.42,1.24,265429,477.81
2020-07-26,New Jersey,Atlantic,8.67,23,0,0.0,3260,240,7.36,1228.2,90.42,1.23,265429,477.81
2020-07-25,New Jersey,Atlantic,12.43,33,0,0.0,3237,240,7.41,1219.54,90.42,1.22,265429,477.81
2020-07-24,New Jersey,Atlantic,7.53,20,0,0.0,3204,240,7.49,1207.1,90.42,1.21,265429,477.81
2020-07-23,New Jersey,Atlantic,3.01,8,0,0.0,3184,240,7.54,1199.57,90.42,1.2,265429,477.81
2020-07-22,New Jersey,Atlantic,4.9,13,2,0.75,3176,240,7.56,1196.55,90.42,1.2,265429,477.81
2020-07-21,New Jersey,Atlantic,8.29,22,1,0.38,3163,238,7.52,1191.66,89.67,1.19,265429,477.81
2020-07-20,New Jersey,Atlantic,3.77,10,0,0.0,3141,237,7.55,1183.37,89.29,1.18,265429,477.81
2020-07-19,New Jersey,Atlantic,2.64,7,1,0.38,3131,237,7.57,1179.6,89.29,1.18,265429,477.81
2020-07-18,New Jersey,Atlantic,8.29,22,0,0.0,3124,236,7.55,1176.96,88.91,1.18,265429,477.81
2020-07-17,New Jersey,Atlantic,3.01,8,0,0.0,3102,236,7.61,1168.67,88.91,1.17,265429,477.81
2020-07-16,New Jersey,Atlantic,7.16,19,2,0.75,3094,236,7.63,1165.66,88.91,1.17,265429,477.81
2020-07-15,New Jersey,Atlantic,4.9,13,1,0.38,3075,234,7.61,1158.5,88.16,1.16,265429,477.81
2020-07-14,New Jersey,Atlantic,9.04,24,1,0.38,3062,233,7.61,1153.6,87.78,1.15,265429,477.81
2020-07-13,New Jersey,Atlantic,3.01,8,0,0.0,3038,232,7.64,1144.56,87.41,1.14,265429,477.81
2020-07-12,New Jersey,Atlantic,5.27,14,0,0.0,3030,232,7.66,1141.55,87.41,1.14,265429,477.81
2020-07-11,New Jersey,Atlantic,5.27,14,3,1.13,3016,232,7.69,1136.27,87.41,1.14,265429,477.81
2020-07-10,New Jersey,Atlantic,4.14,11,3,1.13,3002,229,7.63,1131.0,86.28,1.13,265429,477.81
2020-07-09,New Jersey,Atlantic,5.65,15,2,0.75,2991,226,7.56,1126.86,85.15,1.13,265429,477.81
2020-07-08,New Jersey,Atlantic,0.38,1,2,0.75,2976,224,7.53,1121.2,84.39,1.12,265429,477.81
2020-07-07,New Jersey,Atlantic,4.52,12,1,0.38,2975,222,7.46,1120.83,83.64,1.12,265429,477.81
2020-07-06,New Jersey,Atlantic,4.9,13,0,0.0,2963,221,7.46,1116.31,83.26,1.12,265429,477.81
2020-07-05,New Jersey,Atlantic,3.77,10,1,0.38,2950,221,7.49,1111.41,83.26,1.11,265429,477.81
2020-07-04,New Jersey,Atlantic,0.75,2,0,0.0,2940,220,7.48,1107.64,82.88,1.11,265429,477.81
2020-07-03,New Jersey,Atlantic,9.8,26,1,0.38,2938,220,7.49,1106.89,82.88,1.11,265429,477.81
2020-07-02,New Jersey,Atlantic,7.53,20,3,1.13,2912,219,7.52,1097.09,82.51,1.1,265429,477.81
2020-07-01,New Jersey,Atlantic,5.65,15,0,0.0,2892,216,7.47,1089.56,81.38,1.09,265429,477.81
2020-06-30,New Jersey,Atlantic,6.78,18,2,0.75,2877,216,7.51,1083.91,81.38,1.08,265429,477.81
2020-06-29,New Jersey,Atlantic,2.26,6,3,1.13,2859,214,7.49,1077.12,80.62,1.08,265429,477.81
2020-06-28,New Jersey,Atlantic,6.4,17,0,0.0,2853,211,7.4,1074.86,79.49,1.07,265429,477.81
2020-06-27,New Jersey,Atlantic,4.14,11,3,1.13,2836,211,7.44,1068.46,79.49,1.07,265429,477.81
2020-06-26,New Jersey,Atlantic,9.04,24,2,0.75,2825,208,7.36,1064.31,78.36,1.06,265429,477.81
2020-06-25,New Jersey,Atlantic,11.3,30,14,5.27,2801,206,7.35,1055.27,77.61,1.06,265429,477.81
2020-06-24,New Jersey,Atlantic,7.91,21,2,0.75,2771,192,6.93,1043.97,72.34,1.04,265429,477.81
2020-06-23,New Jersey,Atlantic,10.55,28,2,0.75,2750,190,6.91,1036.06,71.58,1.04,265429,477.81
2020-06-22,New Jersey,Atlantic,7.53,20,0,0.0,2722,188,6.91,1025.51,70.83,1.03,265429,477.81
2020-06-21,New Jersey,Atlantic,24.11,64,-1,-0.38,2702,188,6.96,1017.97,70.83,1.02,265429,477.81
2020-06-20,New Jersey,Atlantic,7.16,19,1,0.38,2638,189,7.16,993.86,71.21,0.99,265429,477.81
2020-06-19,New Jersey,Atlantic,13.56,36,1,0.38,2619,188,7.18,986.7,70.83,0.99,265429,477.81
2020-06-18,New Jersey,Atlantic,11.3,30,3,1.13,2583,187,7.24,973.14,70.45,0.97,265429,477.81
2020-06-17,New Jersey,Atlantic,5.27,14,4,1.51,2553,184,7.21,961.84,69.32,0.96,265429,477.81
2020-06-16,New Jersey,Atlantic,15.82,42,0,0.0,2539,180,7.09,956.56,67.81,0.96,265429,477.81
2020-06-15,New Jersey,Atlantic,2.64,7,0,0.0,2497,180,7.21,940.74,67.81,0.94,265429,477.81
2020-06-14,New Jersey,Atlantic,5.65,15,1,0.38,2490,180,7.23,938.1,67.81,0.94,265429,477.81
2020-06-13,New Jersey,Atlantic,8.29,22,7,2.64,2475,179,7.23,932.45,67.44,0.93,265429,477.81
2020-06-12,New Jersey,Atlantic,8.29,22,1,0.38,2453,172,7.01,924.16,64.8,0.92,265429,477.81
2020-06-11,New Jersey,Atlantic,3.39,9,3,1.13,2431,171,7.03,915.88,64.42,0.92,265429,477.81
2020-06-10,New Jersey,Atlantic,7.91,21,1,0.38,2422,168,6.94,912.49,63.29,0.91,265429,477.81
2020-06-09,New Jersey,Atlantic,6.78,18,0,0.0,2401,167,6.96,904.57,62.92,0.9,265429,477.81
2020-06-08,New Jersey,Atlantic,7.16,19,0,0.0,2383,167,7.01,897.79,62.92,0.9,265429,477.81
2020-06-07,New Jersey,Atlantic,12.81,34,0,0.0,2364,167,7.06,890.63,62.92,0.89,265429,477.81
2020-06-06,New Jersey,Atlantic,7.91,21,0,0.0,2330,167,7.17,877.82,62.92,0.88,265429,477.81
2020-06-05,New Jersey,Atlantic,8.67,23,3,1.13,2309,167,7.23,869.91,62.92,0.87,265429,477.81
2020-06-04,New Jersey,Atlantic,0.75,2,1,0.38,2286,164,7.17,861.25,61.79,0.86,265429,477.81
2020-06-03,New Jersey,Atlantic,12.43,33,1,0.38,2284,163,7.14,860.49,61.41,0.86,265429,477.81
2020-06-02,New Jersey,Atlantic,10.93,29,3,1.13,2251,162,7.2,848.06,61.03,0.85,265429,477.81
2020-06-01,New Jersey,Atlantic,3.01,8,0,0.0,2222,159,7.16,837.14,59.9,0.84,265429,477.81
2020-05-31,New Jersey,Atlantic,11.68,31,0,0.0,2214,159,7.18,834.12,59.9,0.83,265429,477.81
2020-05-30,New Jersey,Atlantic,10.93,29,1,0.38,2183,159,7.28,822.44,59.9,0.82,265429,477.81
2020-05-29,New Jersey,Atlantic,12.81,34,2,0.75,2154,158,7.34,811.52,59.53,0.81,265429,477.81
2020-05-28,New Jersey,Atlantic,12.43,33,1,0.38,2120,156,7.36,798.71,58.77,0.8,265429,477.81
2020-05-27,New Jersey,Atlantic,14.32,38,6,2.26,2087,155,7.43,786.27,58.4,0.79,265429,477.81
2020-05-26,New Jersey,Atlantic,7.91,21,5,1.88,2049,149,7.27,771.96,56.14,0.77,265429,477.81
2020-05-25,New Jersey,Atlantic,25.24,67,0,0.0,2028,144,7.1,764.05,54.25,0.76,265429,477.81
2020-05-24,New Jersey,Atlantic,9.42,25,1,0.38,1961,144,7.34,738.8,54.25,0.74,265429,477.81
2020-05-23,New Jersey,Atlantic,6.4,17,13,4.9,1936,143,7.39,729.39,53.88,0.73,265429,477.81
2020-05-22,New Jersey,Atlantic,9.04,24,2,0.75,1919,130,6.77,722.98,48.98,0.72,265429,477.81
2020-05-21,New Jersey,Atlantic,7.53,20,2,0.75,1895,128,6.75,713.94,48.22,0.71,265429,477.81
2020-05-20,New Jersey,Atlantic,13.94,37,5,1.88,1875,126,6.72,706.4,47.47,0.71,265429,477.81
2020-05-19,New Jersey,Atlantic,11.68,31,9,3.39,1838,121,6.58,692.46,45.59,0.69,265429,477.81
2020-05-18,New Jersey,Atlantic,18.46,49,0,0.0,1807,112,6.2,680.78,42.2,0.68,265429,477.81
2020-05-17,New Jersey,Atlantic,15.82,42,2,0.75,1758,112,6.37,662.32,42.2,0.66,265429,477.81
2020-05-16,New Jersey,Atlantic,14.32,38,3,1.13,1716,110,6.41,646.5,41.44,0.65,265429,477.81
2020-05-15,New Jersey,Atlantic,10.93,29,8,3.01,1678,107,6.38,632.18,40.31,0.63,265429,477.81
2020-05-14,New Jersey,Atlantic,24.49,65,11,4.14,1649,99,6.0,621.26,37.3,0.62,265429,477.81
2020-05-13,New Jersey,Atlantic,9.8,26,9,3.39,1584,88,5.56,596.77,33.15,0.6,265429,477.81
2020-05-12,New Jersey,Atlantic,9.42,25,2,0.75,1558,79,5.07,586.97,29.76,0.59,265429,477.81
2020-05-11,New Jersey,Atlantic,8.67,23,5,1.88,1533,77,5.02,577.56,29.01,0.58,265429,477.81
2020-05-10,New Jersey,Atlantic,6.03,16,0,0.0,1510,72,4.77,568.89,27.13,0.57,265429,477.81
2020-05-09,New Jersey,Atlantic,26.75,71,4,1.51,1494,72,4.82,562.86,27.13,0.56,265429,477.81
2020-05-08,New Jersey,Atlantic,45.59,121,6,2.26,1423,68,4.78,536.11,25.62,0.54,265429,477.81
2020-05-07,New Jersey,Atlantic,21.1,56,8,3.01,1302,62,4.76,490.53,23.36,0.49,265429,477.81
2020-05-06,New Jersey,Atlantic,21.1,56,3,1.13,1246,54,4.33,469.43,20.34,0.47,265429,477.81
2020-05-05,New Jersey,Atlantic,20.72,55,0,0.0,1190,51,4.29,448.33,19.21,0.45,265429,477.81
2020-05-04,New Jersey,Atlantic,22.6,60,2,0.75,1135,51,4.49,427.61,19.21,0.43,265429,477.81
2020-05-03,New Jersey,Atlantic,9.42,25,1,0.38,1075,49,4.56,405.0,18.46,0.41,265429,477.81
2020-05-02,New Jersey,Atlantic,14.32,38,3,1.13,1050,48,4.57,395.59,18.08,0.4,265429,477.81
2020-05-01,New Jersey,Atlantic,18.08,48,4,1.51,1012,45,4.45,381.27,16.95,0.38,265429,477.81
2020-04-30,New Jersey,Atlantic,21.1,56,4,1.51,964,41,4.25,363.19,15.45,0.36,265429,477.81
2020-04-29,New Jersey,Atlantic,15.07,40,2,0.75,908,37,4.07,342.09,13.94,0.34,265429,477.81
2020-04-28,New Jersey,Atlantic,44.83,119,5,1.88,868,35,4.03,327.02,13.19,0.33,265429,477.81
2020-04-27,New Jersey,Atlantic,41.82,111,1,0.38,749,30,4.01,282.18,11.3,0.28,265429,477.81
2020-04-26,New Jersey,Atlantic,15.82,42,0,0.0,638,29,4.55,240.37,10.93,0.24,265429,477.81
2020-04-25,New Jersey,Atlantic,11.3,30,0,0.0,596,29,4.87,224.54,10.93,0.22,265429,477.81
2020-04-24,New Jersey,Atlantic,8.29,22,-1,-0.38,566,29,5.12,213.24,10.93,0.21,265429,477.81
2020-04-23,New Jersey,Atlantic,14.69,39,6,2.26,544,30,5.51,204.95,11.3,0.2,265429,477.81
2020-04-22,New Jersey,Atlantic,13.56,36,2,0.75,505,24,4.75,190.26,9.04,0.19,265429,477.81
2020-04-21,New Jersey,Atlantic,22.23,59,3,1.13,469,22,4.69,176.7,8.29,0.18,265429,477.81
2020-04-20,New Jersey,Atlantic,4.52,12,0,0.0,410,19,4.63,154.47,7.16,0.15,265429,477.81
2020-04-19,New Jersey,Atlantic,6.03,16,0,0.0,398,19,4.77,149.95,7.16,0.15,265429,477.81
2020-04-18,New Jersey,Atlantic,4.52,12,2,0.75,382,19,4.97,143.92,7.16,0.14,265429,477.81
2020-04-17,New Jersey,Atlantic,9.8,26,4,1.51,370,17,4.59,139.4,6.4,0.14,265429,477.81
2020-04-16,New Jersey,Atlantic,8.29,22,0,0.0,344,13,3.78,129.6,4.9,0.13,265429,477.81
2020-04-15,New Jersey,Atlantic,14.32,38,2,0.75,322,13,4.04,121.31,4.9,0.12,265429,477.81
2020-04-14,New Jersey,Atlantic,6.4,17,3,1.13,284,11,3.87,107.0,4.14,0.11,265429,477.81
2020-04-13,New Jersey,Atlantic,5.27,14,0,0.0,267,8,3.0,100.59,3.01,0.1,265429,477.81
2020-04-12,New Jersey,Atlantic,8.67,23,1,0.38,253,8,3.16,95.32,3.01,0.1,265429,477.81
2020-04-11,New Jersey,Atlantic,7.16,19,1,0.38,230,7,3.04,86.65,2.64,0.09,265429,477.81
2020-04-10,New Jersey,Atlantic,7.53,20,2,0.75,211,6,2.84,79.49,2.26,0.08,265429,477.81
2020-04-09,New Jersey,Atlantic,8.67,23,0,0.0,191,4,2.09,71.96,1.51,0.07,265429,477.81
2020-04-08,New Jersey,Atlantic,9.04,24,0,0.0,168,4,2.38,63.29,1.51,0.06,265429,477.81
2020-04-07,New Jersey,Atlantic,4.52,12,3,1.13,144,4,2.78,54.25,1.51,0.05,265429,477.81
2020-04-06,New Jersey,Atlantic,4.14,11,0,0.0,132,1,0.76,49.73,0.38,0.05,265429,477.81
2020-04-05,New Jersey,Atlantic,8.67,23,0,0.0,121,1,0.83,45.59,0.38,0.05,265429,477.81
2020-04-04,New Jersey,Atlantic,8.67,23,0,0.0,98,1,1.02,36.92,0.38,0.04,265429,477.81
2020-04-03,New Jersey,Atlantic,9.42,25,0,0.0,75,1,1.33,28.26,0.38,0.03,265429,477.81
2020-04-02,New Jersey,Atlantic,3.77,10,1,0.38,50,1,2.0,18.84,0.38,0.02,265429,477.81
2020-04-01,New Jersey,Atlantic,3.39,9,0,0.0,40,0,0.0,15.07,0.0,0.02,265429,477.81
2020-03-31,New Jersey,Atlantic,0.38,1,0,0.0,31,0,0.0,11.68,0.0,0.01,265429,477.81
2020-03-30,New Jersey,Atlantic,2.26,6,0,0.0,30,0,0.0,11.3,0.0,0.01,265429,477.81
2020-03-29,New Jersey,Atlantic,2.64,7,0,0.0,24,0,0.0,9.04,0.0,0.01,265429,477.81
2020-03-28,New Jersey,Atlantic,1.13,3,0,0.0,17,0,0.0,6.4,0.0,0.01,265429,477.81
2020-03-27,New Jersey,Atlantic,1.51,4,0,0.0,14,0,0.0,5.27,0.0,0.01,265429,477.81
2020-03-26,New Jersey,Atlantic,0.38,1,0,0.0,10,0,0.0,3.77,0.0,0.0,265429,477.81
2020-03-25,New Jersey,Atlantic,1.13,3,0,0.0,9,0,0.0,3.39,0.0,0.0,265429,477.81
2020-03-24,New Jersey,Atlantic,0.0,0,0,0.0,6,0,0.0,2.26,0.0,0.0,265429,477.81
2020-03-23,New Jersey,Atlantic,0.38,1,0,0.0,6,0,0.0,2.26,0.0,0.0,265429,477.81
2020-03-22,New Jersey,Atlantic,0.38,1,0,0.0,5,0,0.0,1.88,0.0,0.0,265429,477.81
2020-03-21,New Jersey,Atlantic,0.38,1,0,0.0,4,0,0.0,1.51,0.0,0.0,265429,477.81
2020-03-20,New Jersey,Atlantic,0.0,0,0,0.0,3,0,0.0,1.13,0.0,0.0,265429,477.81
2020-03-19,New Jersey,Atlantic,0.0,0,0,0.0,3,0,0.0,1.13,0.0,0.0,265429,477.81
2020-03-18,New Jersey,Atlantic,0.0,0,0,0.0,3,0,0.0,1.13,0.0,0.0,265429,477.81
