date,state,county,new_cases_100k,new_cases,new_deaths,new_deaths_100k,total_cases,total_deaths,cfr%,total_cases_100k,total_deaths_100k,%infected,population,pop_density
2020-08-12,New Jersey,Hudson,4.73,32,0,0.0,19916,1505,7.56,2945.89,222.61,2.95,676061,14636.45
2020-08-11,New Jersey,Hudson,5.03,34,0,0.0,19884,1505,7.57,2941.15,222.61,2.94,676061,14636.45
2020-08-10,New Jersey,Hudson,1.77,12,1,0.15,19850,1505,7.58,2936.13,222.61,2.94,676061,14636.45
2020-08-09,New Jersey,Hudson,4.44,30,0,0.0,19838,1504,7.58,2934.35,222.47,2.93,676061,14636.45
2020-08-08,New Jersey,Hudson,5.03,34,2,0.3,19808,1504,7.59,2929.91,222.47,2.93,676061,14636.45
2020-08-07,New Jersey,Hudson,3.99,27,0,0.0,19774,1502,7.6,2924.88,222.17,2.92,676061,14636.45
2020-08-06,New Jersey,Hudson,2.37,16,0,0.0,19747,1502,7.61,2920.89,222.17,2.92,676061,14636.45
2020-08-05,New Jersey,Hudson,2.66,18,-1,-0.15,19731,1502,7.61,2918.52,222.17,2.92,676061,14636.45
2020-08-04,New Jersey,Hudson,2.37,16,0,0.0,19713,1503,7.62,2915.86,222.32,2.92,676061,14636.45
2020-08-03,New Jersey,Hudson,2.51,17,2,0.3,19697,1503,7.63,2913.49,222.32,2.91,676061,14636.45
2020-08-02,New Jersey,Hudson,2.07,14,0,0.0,19680,1501,7.63,2910.98,222.02,2.91,676061,14636.45
2020-08-01,New Jersey,Hudson,2.81,19,1,0.15,19666,1501,7.63,2908.91,222.02,2.91,676061,14636.45
2020-07-31,New Jersey,Hudson,6.51,44,1,0.15,19647,1500,7.63,2906.1,221.87,2.91,676061,14636.45
2020-07-30,New Jersey,Hudson,0.59,4,-1,-0.15,19603,1499,7.65,2899.59,221.73,2.9,676061,14636.45
2020-07-29,New Jersey,Hudson,3.7,25,-5,-0.74,19599,1500,7.65,2899.0,221.87,2.9,676061,14636.45
2020-07-28,New Jersey,Hudson,1.77,12,3,0.44,19574,1505,7.69,2895.3,222.61,2.9,676061,14636.45
2020-07-27,New Jersey,Hudson,3.55,24,1,0.15,19562,1502,7.68,2893.53,222.17,2.89,676061,14636.45
2020-07-26,New Jersey,Hudson,5.03,34,3,0.44,19538,1501,7.68,2889.98,222.02,2.89,676061,14636.45
2020-07-25,New Jersey,Hudson,2.37,16,3,0.44,19504,1498,7.68,2884.95,221.58,2.88,676061,14636.45
2020-07-24,New Jersey,Hudson,3.55,24,1,0.15,19488,1495,7.67,2882.58,221.13,2.88,676061,14636.45
2020-07-23,New Jersey,Hudson,1.18,8,3,0.44,19464,1494,7.68,2879.03,220.99,2.88,676061,14636.45
2020-07-22,New Jersey,Hudson,0.59,4,-9,-1.33,19456,1491,7.66,2877.85,220.54,2.88,676061,14636.45
2020-07-21,New Jersey,Hudson,0.59,4,2,0.3,19452,1500,7.71,2877.26,221.87,2.88,676061,14636.45
2020-07-20,New Jersey,Hudson,2.22,15,0,0.0,19448,1498,7.7,2876.66,221.58,2.88,676061,14636.45
2020-07-19,New Jersey,Hudson,-1.92,-13,0,0.0,19433,1498,7.71,2874.44,221.58,2.87,676061,14636.45
2020-07-18,New Jersey,Hudson,2.22,15,1,0.15,19446,1498,7.7,2876.37,221.58,2.88,676061,14636.45
2020-07-17,New Jersey,Hudson,0.89,6,0,0.0,19431,1497,7.7,2874.15,221.43,2.87,676061,14636.45
2020-07-16,New Jersey,Hudson,3.11,21,3,0.44,19425,1497,7.71,2873.26,221.43,2.87,676061,14636.45
2020-07-15,New Jersey,Hudson,4.73,32,7,1.04,19404,1494,7.7,2870.16,220.99,2.87,676061,14636.45
2020-07-14,New Jersey,Hudson,8.58,58,3,0.44,19372,1487,7.68,2865.42,219.95,2.87,676061,14636.45
2020-07-13,New Jersey,Hudson,2.07,14,2,0.3,19314,1484,7.68,2856.84,219.51,2.86,676061,14636.45
2020-07-12,New Jersey,Hudson,4.73,32,0,0.0,19300,1482,7.68,2854.77,219.21,2.85,676061,14636.45
2020-07-11,New Jersey,Hudson,4.88,33,1,0.15,19268,1482,7.69,2850.04,219.21,2.85,676061,14636.45
2020-07-10,New Jersey,Hudson,2.81,19,4,0.59,19235,1481,7.7,2845.16,219.06,2.85,676061,14636.45
2020-07-09,New Jersey,Hudson,3.7,25,15,2.22,19216,1477,7.69,2842.35,218.47,2.84,676061,14636.45
2020-07-08,New Jersey,Hudson,1.18,8,2,0.3,19191,1462,7.62,2838.65,216.25,2.84,676061,14636.45
2020-07-07,New Jersey,Hudson,3.85,26,4,0.59,19183,1460,7.61,2837.47,215.96,2.84,676061,14636.45
2020-07-06,New Jersey,Hudson,2.07,14,1,0.15,19157,1456,7.6,2833.62,215.37,2.83,676061,14636.45
2020-07-05,New Jersey,Hudson,4.59,31,0,0.0,19143,1455,7.6,2831.55,215.22,2.83,676061,14636.45
2020-07-04,New Jersey,Hudson,4.73,32,1,0.15,19112,1455,7.61,2826.96,215.22,2.83,676061,14636.45
2020-07-03,New Jersey,Hudson,5.77,39,0,0.0,19080,1454,7.62,2822.23,215.07,2.82,676061,14636.45
2020-07-02,New Jersey,Hudson,4.14,28,-3,-0.44,19041,1454,7.64,2816.46,215.07,2.82,676061,14636.45
2020-07-01,New Jersey,Hudson,0.15,1,6,0.89,19013,1457,7.66,2812.32,215.51,2.81,676061,14636.45
2020-06-30,New Jersey,Hudson,0.44,3,2,0.3,19012,1451,7.63,2812.17,214.63,2.81,676061,14636.45
2020-06-29,New Jersey,Hudson,0.59,4,0,0.0,19009,1449,7.62,2811.73,214.33,2.81,676061,14636.45
2020-06-28,New Jersey,Hudson,2.96,20,1,0.15,19005,1449,7.62,2811.14,214.33,2.81,676061,14636.45
2020-06-27,New Jersey,Hudson,3.85,26,3,0.44,18985,1448,7.63,2808.18,214.18,2.81,676061,14636.45
2020-06-26,New Jersey,Hudson,1.92,13,1,0.15,18959,1445,7.62,2804.33,213.74,2.8,676061,14636.45
2020-06-25,New Jersey,Hudson,25.89,175,172,25.44,18946,1444,7.62,2802.41,213.59,2.8,676061,14636.45
2020-06-24,New Jersey,Hudson,-0.3,-2,4,0.59,18771,1272,6.78,2776.52,188.15,2.78,676061,14636.45
2020-06-23,New Jersey,Hudson,2.66,18,2,0.3,18773,1268,6.75,2776.82,187.56,2.78,676061,14636.45
2020-06-22,New Jersey,Hudson,1.63,11,4,0.59,18755,1266,6.75,2774.16,187.26,2.77,676061,14636.45
2020-06-21,New Jersey,Hudson,-4.59,-31,1,0.15,18744,1262,6.73,2772.53,186.67,2.77,676061,14636.45
2020-06-20,New Jersey,Hudson,2.07,14,0,0.0,18775,1261,6.72,2777.12,186.52,2.78,676061,14636.45
2020-06-19,New Jersey,Hudson,1.18,8,5,0.74,18761,1261,6.72,2775.05,186.52,2.78,676061,14636.45
2020-06-18,New Jersey,Hudson,-0.3,-2,-1,-0.15,18753,1256,6.7,2773.86,185.78,2.77,676061,14636.45
2020-06-17,New Jersey,Hudson,1.63,11,2,0.3,18755,1257,6.7,2774.16,185.93,2.77,676061,14636.45
2020-06-16,New Jersey,Hudson,-3.11,-21,-1,-0.15,18744,1255,6.7,2772.53,185.63,2.77,676061,14636.45
2020-06-15,New Jersey,Hudson,2.81,19,2,0.3,18765,1256,6.69,2775.64,185.78,2.78,676061,14636.45
2020-06-14,New Jersey,Hudson,4.29,29,1,0.15,18746,1254,6.69,2772.83,185.49,2.77,676061,14636.45
2020-06-13,New Jersey,Hudson,3.55,24,7,1.04,18717,1253,6.69,2768.54,185.34,2.77,676061,14636.45
2020-06-12,New Jersey,Hudson,2.66,18,4,0.59,18693,1246,6.67,2764.99,184.3,2.76,676061,14636.45
2020-06-11,New Jersey,Hudson,4.14,28,0,0.0,18675,1242,6.65,2762.32,183.71,2.76,676061,14636.45
2020-06-10,New Jersey,Hudson,5.92,40,7,1.04,18647,1242,6.66,2758.18,183.71,2.76,676061,14636.45
2020-06-09,New Jersey,Hudson,3.4,23,9,1.33,18607,1235,6.64,2752.27,182.68,2.75,676061,14636.45
2020-06-08,New Jersey,Hudson,2.81,19,8,1.18,18584,1226,6.6,2748.86,181.34,2.75,676061,14636.45
2020-06-07,New Jersey,Hudson,2.51,17,8,1.18,18565,1218,6.56,2746.05,180.16,2.75,676061,14636.45
2020-06-06,New Jersey,Hudson,4.44,30,5,0.74,18548,1210,6.52,2743.54,178.98,2.74,676061,14636.45
2020-06-05,New Jersey,Hudson,7.84,53,6,0.89,18518,1205,6.51,2739.1,178.24,2.74,676061,14636.45
2020-06-04,New Jersey,Hudson,0.74,5,7,1.04,18465,1199,6.49,2731.26,177.35,2.73,676061,14636.45
2020-06-03,New Jersey,Hudson,0.74,5,4,0.59,18460,1192,6.46,2730.52,176.32,2.73,676061,14636.45
2020-06-02,New Jersey,Hudson,3.99,27,6,0.89,18455,1188,6.44,2729.78,175.72,2.73,676061,14636.45
2020-06-01,New Jersey,Hudson,1.33,9,-1,-0.15,18428,1182,6.41,2725.79,174.84,2.73,676061,14636.45
2020-05-31,New Jersey,Hudson,11.24,76,10,1.48,18419,1183,6.42,2724.46,174.98,2.72,676061,14636.45
2020-05-30,New Jersey,Hudson,8.28,56,5,0.74,18343,1173,6.39,2713.22,173.51,2.71,676061,14636.45
2020-05-29,New Jersey,Hudson,9.02,61,7,1.04,18287,1168,6.39,2704.93,172.77,2.7,676061,14636.45
2020-05-28,New Jersey,Hudson,13.9,94,3,0.44,18226,1161,6.37,2695.91,171.73,2.7,676061,14636.45
2020-05-27,New Jersey,Hudson,5.32,36,15,2.22,18132,1158,6.39,2682.01,171.29,2.68,676061,14636.45
2020-05-26,New Jersey,Hudson,6.66,45,6,0.89,18096,1143,6.32,2676.68,169.07,2.68,676061,14636.45
2020-05-25,New Jersey,Hudson,10.95,74,-2,-0.3,18051,1137,6.3,2670.03,168.18,2.67,676061,14636.45
2020-05-24,New Jersey,Hudson,9.91,67,1,0.15,17977,1139,6.34,2659.08,168.48,2.66,676061,14636.45
2020-05-23,New Jersey,Hudson,1.92,13,4,0.59,17910,1138,6.35,2649.17,168.33,2.65,676061,14636.45
2020-05-22,New Jersey,Hudson,12.28,83,13,1.92,17897,1134,6.34,2647.25,167.74,2.65,676061,14636.45
2020-05-21,New Jersey,Hudson,9.76,66,15,2.22,17814,1121,6.29,2634.97,165.81,2.63,676061,14636.45
2020-05-20,New Jersey,Hudson,18.79,127,24,3.55,17748,1106,6.23,2625.21,163.59,2.63,676061,14636.45
2020-05-19,New Jersey,Hudson,6.95,47,14,2.07,17621,1082,6.14,2606.42,160.04,2.61,676061,14636.45
2020-05-18,New Jersey,Hudson,18.79,127,11,1.63,17574,1068,6.08,2599.47,157.97,2.6,676061,14636.45
2020-05-17,New Jersey,Hudson,17.9,121,12,1.77,17447,1057,6.06,2580.68,156.35,2.58,676061,14636.45
2020-05-16,New Jersey,Hudson,13.16,89,3,0.44,17326,1045,6.03,2562.79,154.57,2.56,676061,14636.45
2020-05-15,New Jersey,Hudson,15.24,103,10,1.48,17237,1042,6.05,2549.62,154.13,2.55,676061,14636.45
2020-05-14,New Jersey,Hudson,14.64,99,25,3.7,17134,1032,6.02,2534.39,152.65,2.53,676061,14636.45
2020-05-13,New Jersey,Hudson,8.87,60,26,3.85,17035,1007,5.91,2519.74,148.95,2.52,676061,14636.45
2020-05-12,New Jersey,Hudson,5.77,39,10,1.48,16975,981,5.78,2510.87,145.11,2.51,676061,14636.45
2020-05-11,New Jersey,Hudson,16.86,114,2,0.3,16936,971,5.73,2505.1,143.63,2.51,676061,14636.45
2020-05-10,New Jersey,Hudson,21.74,147,15,2.22,16822,969,5.76,2488.24,143.33,2.49,676061,14636.45
2020-05-09,New Jersey,Hudson,22.93,155,14,2.07,16675,954,5.72,2466.49,141.11,2.47,676061,14636.45
2020-05-08,New Jersey,Hudson,24.55,166,17,2.51,16520,940,5.69,2443.57,139.04,2.44,676061,14636.45
2020-05-07,New Jersey,Hudson,23.22,157,20,2.96,16354,923,5.64,2419.01,136.53,2.42,676061,14636.45
2020-05-06,New Jersey,Hudson,14.5,98,33,4.88,16197,903,5.58,2395.79,133.57,2.4,676061,14636.45
2020-05-05,New Jersey,Hudson,32.25,218,25,3.7,16099,870,5.4,2381.29,128.69,2.38,676061,14636.45
2020-05-04,New Jersey,Hudson,16.57,112,0,0.0,15881,845,5.32,2349.05,124.99,2.35,676061,14636.45
2020-05-03,New Jersey,Hudson,54.43,368,11,1.63,15769,845,5.36,2332.48,124.99,2.33,676061,14636.45
2020-05-02,New Jersey,Hudson,37.42,253,15,2.22,15401,834,5.42,2278.05,123.36,2.28,676061,14636.45
2020-05-01,New Jersey,Hudson,34.32,232,21,3.11,15148,819,5.41,2240.63,121.14,2.24,676061,14636.45
2020-04-30,New Jersey,Hudson,47.33,320,40,5.92,14916,798,5.35,2206.31,118.04,2.21,676061,14636.45
2020-04-29,New Jersey,Hudson,42.45,287,36,5.32,14596,758,5.19,2158.98,112.12,2.16,676061,14636.45
2020-04-28,New Jersey,Hudson,56.8,384,49,7.25,14309,722,5.05,2116.52,106.8,2.12,676061,14636.45
2020-04-27,New Jersey,Hudson,32.1,217,12,1.77,13925,673,4.83,2059.73,99.55,2.06,676061,14636.45
2020-04-26,New Jersey,Hudson,50.44,341,6,0.89,13708,661,4.82,2027.63,97.77,2.03,676061,14636.45
2020-04-25,New Jersey,Hudson,52.66,356,15,2.22,13367,655,4.9,1977.19,96.88,1.98,676061,14636.45
2020-04-24,New Jersey,Hudson,54.14,366,34,5.03,13011,640,4.92,1924.53,94.67,1.92,676061,14636.45
2020-04-23,New Jersey,Hudson,89.64,606,38,5.62,12645,606,4.79,1870.39,89.64,1.87,676061,14636.45
2020-04-22,New Jersey,Hudson,59.61,403,43,6.36,12039,568,4.72,1780.76,84.02,1.78,676061,14636.45
2020-04-21,New Jersey,Hudson,71.89,486,33,4.88,11636,525,4.51,1721.15,77.66,1.72,676061,14636.45
2020-04-20,New Jersey,Hudson,98.22,664,40,5.92,11150,492,4.41,1649.26,72.77,1.65,676061,14636.45
2020-04-19,New Jersey,Hudson,78.4,530,18,2.66,10486,452,4.31,1551.04,66.86,1.55,676061,14636.45
2020-04-18,New Jersey,Hudson,47.33,320,14,2.07,9956,434,4.36,1472.65,64.2,1.47,676061,14636.45
2020-04-17,New Jersey,Hudson,69.67,471,55,8.14,9636,420,4.36,1425.32,62.12,1.43,676061,14636.45
2020-04-16,New Jersey,Hudson,96.74,654,53,7.84,9165,365,3.98,1355.65,53.99,1.36,676061,14636.45
2020-04-15,New Jersey,Hudson,39.79,269,35,5.18,8511,312,3.67,1258.91,46.15,1.26,676061,14636.45
2020-04-14,New Jersey,Hudson,53.69,363,41,6.06,8242,277,3.36,1219.12,40.97,1.22,676061,14636.45
2020-04-13,New Jersey,Hudson,60.65,410,10,1.48,7879,236,3.0,1165.43,34.91,1.17,676061,14636.45
2020-04-12,New Jersey,Hudson,91.41,618,43,6.36,7469,226,3.03,1104.78,33.43,1.1,676061,14636.45
2020-04-11,New Jersey,Hudson,65.08,440,20,2.96,6851,183,2.67,1013.37,27.07,1.01,676061,14636.45
2020-04-10,New Jersey,Hudson,78.69,532,31,4.59,6411,163,2.54,948.29,24.11,0.95,676061,14636.45
2020-04-09,New Jersey,Hudson,65.38,442,10,1.48,5879,132,2.25,869.6,19.52,0.87,676061,14636.45
2020-04-08,New Jersey,Hudson,72.18,488,19,2.81,5437,122,2.24,804.22,18.05,0.8,676061,14636.45
2020-04-07,New Jersey,Hudson,81.95,554,11,1.63,4949,103,2.08,732.03,15.24,0.73,676061,14636.45
2020-04-06,New Jersey,Hudson,69.67,471,5,0.74,4395,92,2.09,650.09,13.61,0.65,676061,14636.45
2020-04-05,New Jersey,Hudson,64.05,433,9,1.33,3924,87,2.22,580.42,12.87,0.58,676061,14636.45
2020-04-04,New Jersey,Hudson,97.03,656,19,2.81,3491,78,2.23,516.37,11.54,0.52,676061,14636.45
2020-04-03,New Jersey,Hudson,83.57,565,15,2.22,2835,59,2.08,419.34,8.73,0.42,676061,14636.45
2020-04-02,New Jersey,Hudson,53.25,360,15,2.22,2270,44,1.94,335.77,6.51,0.34,676061,14636.45
2020-04-01,New Jersey,Hudson,44.97,304,13,1.92,1910,29,1.52,282.52,4.29,0.28,676061,14636.45
2020-03-31,New Jersey,Hudson,43.19,292,5,0.74,1606,16,1.0,237.55,2.37,0.24,676061,14636.45
2020-03-30,New Jersey,Hudson,50.29,340,5,0.74,1314,11,0.84,194.36,1.63,0.19,676061,14636.45
2020-03-29,New Jersey,Hudson,30.03,203,0,0.0,974,6,0.62,144.07,0.89,0.14,676061,14636.45
2020-03-28,New Jersey,Hudson,26.18,177,2,0.3,771,6,0.78,114.04,0.89,0.11,676061,14636.45
2020-03-27,New Jersey,Hudson,22.63,153,0,0.0,594,4,0.67,87.86,0.59,0.09,676061,14636.45
2020-03-26,New Jersey,Hudson,26.77,181,0,0.0,441,4,0.91,65.23,0.59,0.07,676061,14636.45
2020-03-25,New Jersey,Hudson,3.85,26,1,0.15,260,4,1.54,38.46,0.59,0.04,676061,14636.45
2020-03-24,New Jersey,Hudson,6.51,44,3,0.44,234,3,1.28,34.61,0.44,0.03,676061,14636.45
2020-03-23,New Jersey,Hudson,9.47,64,0,0.0,190,0,0.0,28.1,0.0,0.03,676061,14636.45
2020-03-22,New Jersey,Hudson,4.29,29,0,0.0,126,0,0.0,18.64,0.0,0.02,676061,14636.45
2020-03-21,New Jersey,Hudson,4.59,31,0,0.0,97,0,0.0,14.35,0.0,0.01,676061,14636.45
2020-03-20,New Jersey,Hudson,1.63,11,0,0.0,66,0,0.0,9.76,0.0,0.01,676061,14636.45
2020-03-19,New Jersey,Hudson,3.11,21,0,0.0,55,0,0.0,8.14,0.0,0.01,676061,14636.45
2020-03-18,New Jersey,Hudson,1.48,10,0,0.0,34,0,0.0,5.03,0.0,0.01,676061,14636.45
2020-03-17,New Jersey,Hudson,0.74,5,0,0.0,24,0,0.0,3.55,0.0,0.0,676061,14636.45
2020-03-16,New Jersey,Hudson,1.33,9,0,0.0,19,0,0.0,2.81,0.0,0.0,676061,14636.45
2020-03-15,New Jersey,Hudson,0.74,5,0,0.0,10,0,0.0,1.48,0.0,0.0,676061,14636.45
2020-03-14,New Jersey,Hudson,0.3,2,0,0.0,5,0,0.0,0.74,0.0,0.0,676061,14636.45
2020-03-13,New Jersey,Hudson,0.3,2,0,0.0,3,0,0.0,0.44,0.0,0.0,676061,14636.45
2020-03-12,New Jersey,Hudson,0.0,0,0,0.0,1,0,0.0,0.15,0.0,0.0,676061,14636.45
2020-03-11,New Jersey,Hudson,0.0,0,0,0.0,1,0,0.0,0.15,0.0,0.0,676061,14636.45
2020-03-10,New Jersey,Hudson,0.0,0,0,0.0,1,0,0.0,0.15,0.0,0.0,676061,14636.45
2020-03-09,New Jersey,Hudson,0.0,0,0,0.0,1,0,0.0,0.15,0.0,0.0,676061,14636.45
