date,state,county,new_cases_100k,new_cases,new_deaths,new_deaths_100k,total_cases,total_deaths,cfr%,total_cases_100k,total_deaths_100k,%infected,population,pop_density
2020-08-09,Utah,Wasatch,15.04,5,0,0.0,563,4,0.71,1693.74,12.03,1.69,33240,28.24
2020-08-08,Utah,Wasatch,18.05,6,0,0.0,558,4,0.72,1678.7,12.03,1.68,33240,28.24
2020-08-07,Utah,Wasatch,21.06,7,0,0.0,552,4,0.72,1660.65,12.03,1.66,33240,28.24
2020-08-06,Utah,Wasatch,21.06,7,0,0.0,545,4,0.73,1639.59,12.03,1.64,33240,28.24
2020-08-05,Utah,Wasatch,6.02,2,0,0.0,538,4,0.74,1618.53,12.03,1.62,33240,28.24
2020-08-04,Utah,Wasatch,9.03,3,0,0.0,536,4,0.75,1612.52,12.03,1.61,33240,28.24
2020-08-03,Utah,Wasatch,6.02,2,0,0.0,533,4,0.75,1603.49,12.03,1.6,33240,28.24
2020-08-02,Utah,Wasatch,18.05,6,0,0.0,531,4,0.75,1597.47,12.03,1.6,33240,28.24
2020-08-01,Utah,Wasatch,0.0,0,0,0.0,525,4,0.76,1579.42,12.03,1.58,33240,28.24
2020-07-31,Utah,Wasatch,6.02,2,0,0.0,525,4,0.76,1579.42,12.03,1.58,33240,28.24
2020-07-30,Utah,Wasatch,3.01,1,0,0.0,523,4,0.76,1573.41,12.03,1.57,33240,28.24
2020-07-29,Utah,Wasatch,9.03,3,0,0.0,522,4,0.77,1570.4,12.03,1.57,33240,28.24
2020-07-28,Utah,Wasatch,12.03,4,0,0.0,519,4,0.77,1561.37,12.03,1.56,33240,28.24
2020-07-27,Utah,Wasatch,0.0,0,0,0.0,515,4,0.78,1549.34,12.03,1.55,33240,28.24
2020-07-26,Utah,Wasatch,9.03,3,0,0.0,515,4,0.78,1549.34,12.03,1.55,33240,28.24
2020-07-25,Utah,Wasatch,12.03,4,0,0.0,512,4,0.78,1540.31,12.03,1.54,33240,28.24
2020-07-24,Utah,Wasatch,30.08,10,0,0.0,508,4,0.79,1528.28,12.03,1.53,33240,28.24
2020-07-23,Utah,Wasatch,3.01,1,0,0.0,498,4,0.8,1498.19,12.03,1.5,33240,28.24
2020-07-22,Utah,Wasatch,6.02,2,0,0.0,497,4,0.8,1495.19,12.03,1.5,33240,28.24
2020-07-21,Utah,Wasatch,12.03,4,0,0.0,495,4,0.81,1489.17,12.03,1.49,33240,28.24
2020-07-20,Utah,Wasatch,6.02,2,0,0.0,491,4,0.81,1477.14,12.03,1.48,33240,28.24
2020-07-19,Utah,Wasatch,24.07,8,0,0.0,489,4,0.82,1471.12,12.03,1.47,33240,28.24
2020-07-18,Utah,Wasatch,15.04,5,0,0.0,481,4,0.83,1447.05,12.03,1.45,33240,28.24
2020-07-17,Utah,Wasatch,12.03,4,0,0.0,476,4,0.84,1432.01,12.03,1.43,33240,28.24
2020-07-16,Utah,Wasatch,21.06,7,0,0.0,472,4,0.85,1419.98,12.03,1.42,33240,28.24
2020-07-15,Utah,Wasatch,3.01,1,0,0.0,465,4,0.86,1398.92,12.03,1.4,33240,28.24
2020-07-14,Utah,Wasatch,6.02,2,0,0.0,464,4,0.86,1395.91,12.03,1.4,33240,28.24
2020-07-13,Utah,Wasatch,18.05,6,0,0.0,462,4,0.87,1389.89,12.03,1.39,33240,28.24
2020-07-12,Utah,Wasatch,12.03,4,0,0.0,456,4,0.88,1371.84,12.03,1.37,33240,28.24
2020-07-11,Utah,Wasatch,12.03,4,0,0.0,452,4,0.88,1359.81,12.03,1.36,33240,28.24
2020-07-10,Utah,Wasatch,18.05,6,0,0.0,448,4,0.89,1347.77,12.03,1.35,33240,28.24
2020-07-09,Utah,Wasatch,18.05,6,0,0.0,442,4,0.9,1329.72,12.03,1.33,33240,28.24
2020-07-08,Utah,Wasatch,27.08,9,0,0.0,436,4,0.92,1311.67,12.03,1.31,33240,28.24
2020-07-07,Utah,Wasatch,3.01,1,0,0.0,427,4,0.94,1284.6,12.03,1.28,33240,28.24
2020-07-06,Utah,Wasatch,12.03,4,1,3.01,426,4,0.94,1281.59,12.03,1.28,33240,28.24
2020-07-05,Utah,Wasatch,9.03,3,0,0.0,422,3,0.71,1269.55,9.03,1.27,33240,28.24
2020-07-04,Utah,Wasatch,3.01,1,0,0.0,419,3,0.72,1260.53,9.03,1.26,33240,28.24
2020-07-03,Utah,Wasatch,12.03,4,0,0.0,418,3,0.72,1257.52,9.03,1.26,33240,28.24
2020-07-02,Utah,Wasatch,12.03,4,0,0.0,414,3,0.72,1245.49,9.03,1.25,33240,28.24
2020-07-01,Utah,Wasatch,6.02,2,0,0.0,410,3,0.73,1233.45,9.03,1.23,33240,28.24
2020-06-30,Utah,Wasatch,6.02,2,0,0.0,408,3,0.74,1227.44,9.03,1.23,33240,28.24
2020-06-29,Utah,Wasatch,18.05,6,0,0.0,406,3,0.74,1221.42,9.03,1.22,33240,28.24
2020-06-28,Utah,Wasatch,3.01,1,0,0.0,400,3,0.75,1203.37,9.03,1.2,33240,28.24
2020-06-27,Utah,Wasatch,15.04,5,0,0.0,399,3,0.75,1200.36,9.03,1.2,33240,28.24
2020-06-26,Utah,Wasatch,6.02,2,0,0.0,394,3,0.76,1185.32,9.03,1.19,33240,28.24
2020-06-25,Utah,Wasatch,9.03,3,0,0.0,392,3,0.77,1179.3,9.03,1.18,33240,28.24
2020-06-24,Utah,Wasatch,6.02,2,0,0.0,389,3,0.77,1170.28,9.03,1.17,33240,28.24
2020-06-23,Utah,Wasatch,9.03,3,0,0.0,387,3,0.78,1164.26,9.03,1.16,33240,28.24
2020-06-22,Utah,Wasatch,12.03,4,0,0.0,384,3,0.78,1155.23,9.03,1.16,33240,28.24
2020-06-21,Utah,Wasatch,0.0,0,0,0.0,380,3,0.79,1143.2,9.03,1.14,33240,28.24
2020-06-20,Utah,Wasatch,27.08,9,0,0.0,380,3,0.79,1143.2,9.03,1.14,33240,28.24
2020-06-19,Utah,Wasatch,9.03,3,1,3.01,371,3,0.81,1116.13,9.03,1.12,33240,28.24
2020-06-18,Utah,Wasatch,18.05,6,0,0.0,368,2,0.54,1107.1,6.02,1.11,33240,28.24
2020-06-17,Utah,Wasatch,18.05,6,0,0.0,362,2,0.55,1089.05,6.02,1.09,33240,28.24
2020-06-16,Utah,Wasatch,15.04,5,0,0.0,356,2,0.56,1071.0,6.02,1.07,33240,28.24
2020-06-15,Utah,Wasatch,6.02,2,0,0.0,351,2,0.57,1055.96,6.02,1.06,33240,28.24
2020-06-14,Utah,Wasatch,18.05,6,0,0.0,349,2,0.57,1049.94,6.02,1.05,33240,28.24
2020-06-13,Utah,Wasatch,3.01,1,0,0.0,343,2,0.58,1031.89,6.02,1.03,33240,28.24
2020-06-12,Utah,Wasatch,3.01,1,0,0.0,342,2,0.58,1028.88,6.02,1.03,33240,28.24
2020-06-11,Utah,Wasatch,12.03,4,0,0.0,341,2,0.59,1025.87,6.02,1.03,33240,28.24
2020-06-10,Utah,Wasatch,6.02,2,0,0.0,337,2,0.59,1013.84,6.02,1.01,33240,28.24
2020-06-09,Utah,Wasatch,9.03,3,0,0.0,335,2,0.6,1007.82,6.02,1.01,33240,28.24
2020-06-08,Utah,Wasatch,6.02,2,0,0.0,332,2,0.6,998.8,6.02,1.0,33240,28.24
2020-06-07,Utah,Wasatch,12.03,4,0,0.0,330,2,0.61,992.78,6.02,0.99,33240,28.24
2020-06-06,Utah,Wasatch,27.08,9,0,0.0,326,2,0.61,980.75,6.02,0.98,33240,28.24
2020-06-05,Utah,Wasatch,12.03,4,0,0.0,317,2,0.63,953.67,6.02,0.95,33240,28.24
2020-06-04,Utah,Wasatch,24.07,8,0,0.0,313,2,0.64,941.64,6.02,0.94,33240,28.24
2020-06-03,Utah,Wasatch,33.09,11,0,0.0,305,2,0.66,917.57,6.02,0.92,33240,28.24
2020-06-02,Utah,Wasatch,6.02,2,0,0.0,294,2,0.68,884.48,6.02,0.88,33240,28.24
2020-06-01,Utah,Wasatch,30.08,10,0,0.0,292,2,0.68,878.46,6.02,0.88,33240,28.24
2020-05-31,Utah,Wasatch,30.08,10,1,3.01,282,2,0.71,848.38,6.02,0.85,33240,28.24
2020-05-30,Utah,Wasatch,21.06,7,0,0.0,272,1,0.37,818.29,3.01,0.82,33240,28.24
2020-05-29,Utah,Wasatch,18.05,6,0,0.0,265,1,0.38,797.23,3.01,0.8,33240,28.24
2020-05-28,Utah,Wasatch,3.01,1,0,0.0,259,1,0.39,779.18,3.01,0.78,33240,28.24
2020-05-27,Utah,Wasatch,15.04,5,0,0.0,258,1,0.39,776.17,3.01,0.78,33240,28.24
2020-05-26,Utah,Wasatch,18.05,6,0,0.0,253,1,0.4,761.13,3.01,0.76,33240,28.24
2020-05-25,Utah,Wasatch,18.05,6,0,0.0,247,1,0.4,743.08,3.01,0.74,33240,28.24
2020-05-24,Utah,Wasatch,12.03,4,0,0.0,241,1,0.41,725.03,3.01,0.73,33240,28.24
2020-05-23,Utah,Wasatch,27.08,9,0,0.0,237,1,0.42,713.0,3.01,0.71,33240,28.24
2020-05-22,Utah,Wasatch,18.05,6,0,0.0,228,1,0.44,685.92,3.01,0.69,33240,28.24
2020-05-21,Utah,Wasatch,15.04,5,0,0.0,222,1,0.45,667.87,3.01,0.67,33240,28.24
2020-05-20,Utah,Wasatch,15.04,5,0,0.0,217,1,0.46,652.83,3.01,0.65,33240,28.24
2020-05-19,Utah,Wasatch,27.08,9,0,0.0,212,1,0.47,637.79,3.01,0.64,33240,28.24
2020-05-18,Utah,Wasatch,3.01,1,0,0.0,203,1,0.49,610.71,3.01,0.61,33240,28.24
2020-05-17,Utah,Wasatch,6.02,2,0,0.0,202,1,0.5,607.7,3.01,0.61,33240,28.24
2020-05-16,Utah,Wasatch,12.03,4,0,0.0,200,1,0.5,601.68,3.01,0.6,33240,28.24
2020-05-15,Utah,Wasatch,24.07,8,0,0.0,196,1,0.51,589.65,3.01,0.59,33240,28.24
2020-05-14,Utah,Wasatch,9.03,3,0,0.0,188,1,0.53,565.58,3.01,0.57,33240,28.24
2020-05-13,Utah,Wasatch,3.01,1,0,0.0,185,1,0.54,556.56,3.01,0.56,33240,28.24
2020-05-12,Utah,Wasatch,3.01,1,0,0.0,184,1,0.54,553.55,3.01,0.55,33240,28.24
2020-05-11,Utah,Wasatch,21.06,7,0,0.0,183,1,0.55,550.54,3.01,0.55,33240,28.24
2020-05-10,Utah,Wasatch,0.0,0,0,0.0,176,1,0.57,529.48,3.01,0.53,33240,28.24
2020-05-09,Utah,Wasatch,9.03,3,0,0.0,176,1,0.57,529.48,3.01,0.53,33240,28.24
2020-05-08,Utah,Wasatch,0.0,0,0,0.0,173,1,0.58,520.46,3.01,0.52,33240,28.24
2020-05-07,Utah,Wasatch,9.03,3,0,0.0,173,1,0.58,520.46,3.01,0.52,33240,28.24
2020-05-06,Utah,Wasatch,12.03,4,0,0.0,170,1,0.59,511.43,3.01,0.51,33240,28.24
2020-05-05,Utah,Wasatch,3.01,1,0,0.0,166,1,0.6,499.4,3.01,0.5,33240,28.24
2020-05-04,Utah,Wasatch,18.05,6,0,0.0,165,1,0.61,496.39,3.01,0.5,33240,28.24
2020-05-03,Utah,Wasatch,9.03,3,0,0.0,159,1,0.63,478.34,3.01,0.48,33240,28.24
2020-05-02,Utah,Wasatch,3.01,1,0,0.0,156,1,0.64,469.31,3.01,0.47,33240,28.24
2020-05-01,Utah,Wasatch,21.06,7,0,0.0,155,1,0.65,466.31,3.01,0.47,33240,28.24
2020-04-30,Utah,Wasatch,3.01,1,0,0.0,148,1,0.68,445.25,3.01,0.45,33240,28.24
2020-04-29,Utah,Wasatch,15.04,5,0,0.0,147,1,0.68,442.24,3.01,0.44,33240,28.24
2020-04-28,Utah,Wasatch,6.02,2,0,0.0,142,1,0.7,427.2,3.01,0.43,33240,28.24
2020-04-27,Utah,Wasatch,6.02,2,0,0.0,140,1,0.71,421.18,3.01,0.42,33240,28.24
2020-04-26,Utah,Wasatch,18.05,6,0,0.0,138,1,0.72,415.16,3.01,0.42,33240,28.24
2020-04-25,Utah,Wasatch,9.03,3,0,0.0,132,1,0.76,397.11,3.01,0.4,33240,28.24
2020-04-24,Utah,Wasatch,6.02,2,0,0.0,129,1,0.78,388.09,3.01,0.39,33240,28.24
2020-04-23,Utah,Wasatch,12.03,4,0,0.0,127,1,0.79,382.07,3.01,0.38,33240,28.24
2020-04-22,Utah,Wasatch,3.01,1,0,0.0,123,1,0.81,370.04,3.01,0.37,33240,28.24
2020-04-21,Utah,Wasatch,12.03,4,0,0.0,122,1,0.82,367.03,3.01,0.37,33240,28.24
2020-04-20,Utah,Wasatch,21.06,7,0,0.0,118,1,0.85,354.99,3.01,0.35,33240,28.24
2020-04-19,Utah,Wasatch,6.02,2,0,0.0,111,1,0.9,333.94,3.01,0.33,33240,28.24
2020-04-18,Utah,Wasatch,18.05,6,0,0.0,109,1,0.92,327.92,3.01,0.33,33240,28.24
2020-04-17,Utah,Wasatch,0.0,0,0,0.0,103,1,0.97,309.87,3.01,0.31,33240,28.24
2020-04-16,Utah,Wasatch,-6.02,-2,0,0.0,103,1,0.97,309.87,3.01,0.31,33240,28.24
2020-04-15,Utah,Wasatch,0.0,0,0,0.0,105,1,0.95,315.88,3.01,0.32,33240,28.24
2020-04-14,Utah,Wasatch,6.02,2,0,0.0,105,1,0.95,315.88,3.01,0.32,33240,28.24
2020-04-13,Utah,Wasatch,0.0,0,0,0.0,103,1,0.97,309.87,3.01,0.31,33240,28.24
2020-04-12,Utah,Wasatch,15.04,5,0,0.0,103,1,0.97,309.87,3.01,0.31,33240,28.24
2020-04-11,Utah,Wasatch,6.02,2,1,3.01,98,1,1.02,294.83,3.01,0.29,33240,28.24
2020-04-10,Utah,Wasatch,24.07,8,0,0.0,96,0,0.0,288.81,0.0,0.29,33240,28.24
2020-04-09,Utah,Wasatch,18.05,6,0,0.0,88,0,0.0,264.74,0.0,0.26,33240,28.24
2020-04-08,Utah,Wasatch,6.02,2,0,0.0,82,0,0.0,246.69,0.0,0.25,33240,28.24
2020-04-07,Utah,Wasatch,3.01,1,0,0.0,80,0,0.0,240.67,0.0,0.24,33240,28.24
2020-04-06,Utah,Wasatch,3.01,1,0,0.0,79,0,0.0,237.67,0.0,0.24,33240,28.24
2020-04-05,Utah,Wasatch,24.07,8,0,0.0,78,0,0.0,234.66,0.0,0.23,33240,28.24
2020-04-04,Utah,Wasatch,3.01,1,0,0.0,70,0,0.0,210.59,0.0,0.21,33240,28.24
2020-04-03,Utah,Wasatch,24.07,8,0,0.0,69,0,0.0,207.58,0.0,0.21,33240,28.24
2020-04-02,Utah,Wasatch,15.04,5,0,0.0,61,0,0.0,183.51,0.0,0.18,33240,28.24
2020-04-01,Utah,Wasatch,18.05,6,0,0.0,56,0,0.0,168.47,0.0,0.17,33240,28.24
2020-03-31,Utah,Wasatch,15.04,5,0,0.0,50,0,0.0,150.42,0.0,0.15,33240,28.24
2020-03-30,Utah,Wasatch,15.04,5,0,0.0,45,0,0.0,135.38,0.0,0.14,33240,28.24
2020-03-29,Utah,Wasatch,12.03,4,0,0.0,40,0,0.0,120.34,0.0,0.12,33240,28.24
2020-03-28,Utah,Wasatch,21.06,7,0,0.0,36,0,0.0,108.3,0.0,0.11,33240,28.24
2020-03-27,Utah,Wasatch,24.07,8,0,0.0,29,0,0.0,87.24,0.0,0.09,33240,28.24
2020-03-26,Utah,Wasatch,15.04,5,0,0.0,21,0,0.0,63.18,0.0,0.06,33240,28.24
2020-03-25,Utah,Wasatch,0.0,0,0,0.0,16,0,0.0,48.13,0.0,0.05,33240,28.24
2020-03-24,Utah,Wasatch,15.04,5,0,0.0,16,0,0.0,48.13,0.0,0.05,33240,28.24
2020-03-23,Utah,Wasatch,9.03,3,0,0.0,11,0,0.0,33.09,0.0,0.03,33240,28.24
2020-03-22,Utah,Wasatch,3.01,1,0,0.0,8,0,0.0,24.07,0.0,0.02,33240,28.24
2020-03-21,Utah,Wasatch,9.03,3,0,0.0,7,0,0.0,21.06,0.0,0.02,33240,28.24
2020-03-20,Utah,Wasatch,3.01,1,0,0.0,4,0,0.0,12.03,0.0,0.01,33240,28.24
2020-03-19,Utah,Wasatch,3.01,1,0,0.0,3,0,0.0,9.03,0.0,0.01,33240,28.24
2020-03-18,Utah,Wasatch,0.0,0,0,0.0,2,0,0.0,6.02,0.0,0.01,33240,28.24
2020-03-17,Utah,Wasatch,3.01,1,0,0.0,2,0,0.0,6.02,0.0,0.01,33240,28.24
2020-03-16,Utah,Wasatch,0.0,0,0,0.0,1,0,0.0,3.01,0.0,0.0,33240,28.24
