date,state,county,new_cases_100k,new_cases,new_deaths,new_deaths_100k,total_cases,total_deaths,cfr%,total_cases_100k,total_deaths_100k,%infected,population,pop_density
2020-07-22,Alabama,DeKalb,28.02,20,0,0.0,1377,8,0.58,1928.98,11.21,1.93,71385,91.86
2020-07-21,Alabama,DeKalb,26.62,19,1,1.4,1357,8,0.59,1900.96,11.21,1.9,71385,91.86
2020-07-20,Alabama,DeKalb,47.63,34,0,0.0,1338,7,0.52,1874.34,9.81,1.87,71385,91.86
2020-07-19,Alabama,DeKalb,29.42,21,0,0.0,1304,7,0.54,1826.71,9.81,1.83,71385,91.86
2020-07-18,Alabama,DeKalb,78.45,56,0,0.0,1283,7,0.55,1797.3,9.81,1.8,71385,91.86
2020-07-17,Alabama,DeKalb,44.83,32,0,0.0,1227,7,0.57,1718.85,9.81,1.72,71385,91.86
2020-07-16,Alabama,DeKalb,56.03,40,0,0.0,1195,7,0.59,1674.02,9.81,1.67,71385,91.86
2020-07-15,Alabama,DeKalb,37.82,27,0,0.0,1155,7,0.61,1617.99,9.81,1.62,71385,91.86
2020-07-14,Alabama,DeKalb,163.9,117,0,0.0,1128,7,0.62,1580.16,9.81,1.58,71385,91.86
2020-07-13,Alabama,DeKalb,47.63,34,0,0.0,1011,7,0.69,1416.26,9.81,1.42,71385,91.86
2020-07-12,Alabama,DeKalb,36.42,26,0,0.0,977,7,0.72,1368.63,9.81,1.37,71385,91.86
2020-07-11,Alabama,DeKalb,107.87,77,0,0.0,951,7,0.74,1332.21,9.81,1.33,71385,91.86
2020-07-10,Alabama,DeKalb,32.22,23,1,1.4,874,7,0.8,1224.35,9.81,1.22,71385,91.86
2020-07-09,Alabama,DeKalb,71.44,51,1,1.4,851,6,0.71,1192.13,8.41,1.19,71385,91.86
2020-07-08,Alabama,DeKalb,42.03,30,0,0.0,800,5,0.62,1120.68,7.0,1.12,71385,91.86
2020-07-07,Alabama,DeKalb,33.62,24,0,0.0,770,5,0.65,1078.66,7.0,1.08,71385,91.86
2020-07-06,Alabama,DeKalb,25.22,18,0,0.0,746,5,0.67,1045.04,7.0,1.05,71385,91.86
2020-07-05,Alabama,DeKalb,16.81,12,0,0.0,728,5,0.69,1019.82,7.0,1.02,71385,91.86
2020-07-04,Alabama,DeKalb,18.21,13,0,0.0,716,5,0.7,1003.01,7.0,1.0,71385,91.86
2020-07-03,Alabama,DeKalb,74.25,53,0,0.0,703,5,0.71,984.8,7.0,0.98,71385,91.86
2020-07-02,Alabama,DeKalb,57.44,41,0,0.0,650,5,0.77,910.56,7.0,0.91,71385,91.86
2020-07-01,Alabama,DeKalb,36.42,26,0,0.0,609,5,0.82,853.12,7.0,0.85,71385,91.86
2020-06-30,Alabama,DeKalb,19.61,14,0,0.0,583,5,0.86,816.7,7.0,0.82,71385,91.86
2020-06-29,Alabama,DeKalb,35.02,25,0,0.0,569,5,0.88,797.09,7.0,0.8,71385,91.86
2020-06-28,Alabama,DeKalb,15.41,11,0,0.0,544,5,0.92,762.06,7.0,0.76,71385,91.86
2020-06-27,Alabama,DeKalb,30.82,22,0,0.0,533,5,0.94,746.66,7.0,0.75,71385,91.86
2020-06-26,Alabama,DeKalb,30.82,22,0,0.0,511,5,0.98,715.84,7.0,0.72,71385,91.86
2020-06-25,Alabama,DeKalb,56.03,40,0,0.0,489,5,1.02,685.02,7.0,0.69,71385,91.86
2020-06-24,Alabama,DeKalb,25.22,18,0,0.0,449,5,1.11,628.98,7.0,0.63,71385,91.86
2020-06-23,Alabama,DeKalb,18.21,13,0,0.0,431,5,1.16,603.77,7.0,0.6,71385,91.86
2020-06-22,Alabama,DeKalb,4.2,3,0,0.0,418,5,1.2,585.56,7.0,0.59,71385,91.86
2020-06-21,Alabama,DeKalb,16.81,12,0,0.0,415,5,1.2,581.35,7.0,0.58,71385,91.86
2020-06-20,Alabama,DeKalb,7.0,5,0,0.0,403,5,1.24,564.54,7.0,0.56,71385,91.86
2020-06-19,Alabama,DeKalb,44.83,32,0,0.0,398,5,1.26,557.54,7.0,0.56,71385,91.86
2020-06-18,Alabama,DeKalb,14.01,10,0,0.0,366,5,1.37,512.71,7.0,0.51,71385,91.86
2020-06-17,Alabama,DeKalb,23.81,17,0,0.0,356,5,1.4,498.7,7.0,0.5,71385,91.86
2020-06-16,Alabama,DeKalb,18.21,13,0,0.0,339,5,1.47,474.89,7.0,0.47,71385,91.86
2020-06-15,Alabama,DeKalb,5.6,4,0,0.0,326,5,1.53,456.68,7.0,0.46,71385,91.86
2020-06-14,Alabama,DeKalb,9.81,7,0,0.0,322,5,1.55,451.08,7.0,0.45,71385,91.86
2020-06-13,Alabama,DeKalb,11.21,8,0,0.0,315,5,1.59,441.27,7.0,0.44,71385,91.86
2020-06-12,Alabama,DeKalb,16.81,12,0,0.0,307,5,1.63,430.06,7.0,0.43,71385,91.86
2020-06-11,Alabama,DeKalb,18.21,13,0,0.0,295,5,1.69,413.25,7.0,0.41,71385,91.86
2020-06-10,Alabama,DeKalb,2.8,2,0,0.0,282,5,1.77,395.04,7.0,0.4,71385,91.86
2020-06-09,Alabama,DeKalb,5.6,4,2,2.8,280,5,1.79,392.24,7.0,0.39,71385,91.86
2020-06-08,Alabama,DeKalb,4.2,3,0,0.0,276,3,1.09,386.64,4.2,0.39,71385,91.86
2020-06-07,Alabama,DeKalb,1.4,1,0,0.0,273,3,1.1,382.43,4.2,0.38,71385,91.86
2020-06-06,Alabama,DeKalb,11.21,8,0,0.0,272,3,1.1,381.03,4.2,0.38,71385,91.86
2020-06-05,Alabama,DeKalb,4.2,3,0,0.0,264,3,1.14,369.83,4.2,0.37,71385,91.86
2020-06-04,Alabama,DeKalb,0.0,0,0,0.0,261,3,1.15,365.62,4.2,0.37,71385,91.86
2020-06-03,Alabama,DeKalb,1.4,1,0,0.0,261,3,1.15,365.62,4.2,0.37,71385,91.86
2020-06-02,Alabama,DeKalb,9.81,7,0,0.0,260,3,1.15,364.22,4.2,0.36,71385,91.86
2020-06-01,Alabama,DeKalb,7.0,5,0,0.0,253,3,1.19,354.42,4.2,0.35,71385,91.86
2020-05-31,Alabama,DeKalb,7.0,5,0,0.0,248,3,1.21,347.41,4.2,0.35,71385,91.86
2020-05-30,Alabama,DeKalb,0.0,0,0,0.0,243,3,1.23,340.41,4.2,0.34,71385,91.86
2020-05-29,Alabama,DeKalb,2.8,2,0,0.0,243,3,1.23,340.41,4.2,0.34,71385,91.86
2020-05-28,Alabama,DeKalb,1.4,1,0,0.0,241,3,1.24,337.61,4.2,0.34,71385,91.86
2020-05-27,Alabama,DeKalb,8.41,6,0,0.0,240,3,1.25,336.21,4.2,0.34,71385,91.86
2020-05-26,Alabama,DeKalb,11.21,8,0,0.0,234,3,1.28,327.8,4.2,0.33,71385,91.86
2020-05-25,Alabama,DeKalb,7.0,5,0,0.0,226,3,1.33,316.59,4.2,0.32,71385,91.86
2020-05-24,Alabama,DeKalb,7.0,5,0,0.0,221,3,1.36,309.59,4.2,0.31,71385,91.86
2020-05-23,Alabama,DeKalb,9.81,7,0,0.0,216,3,1.39,302.58,4.2,0.3,71385,91.86
2020-05-22,Alabama,DeKalb,0.0,0,0,0.0,209,3,1.44,292.78,4.2,0.29,71385,91.86
2020-05-21,Alabama,DeKalb,4.2,3,0,0.0,209,3,1.44,292.78,4.2,0.29,71385,91.86
2020-05-20,Alabama,DeKalb,15.41,11,0,0.0,206,3,1.46,288.58,4.2,0.29,71385,91.86
2020-05-19,Alabama,DeKalb,-1.4,-1,1,1.4,195,3,1.54,273.17,4.2,0.27,71385,91.86
2020-05-18,Alabama,DeKalb,5.6,4,0,0.0,196,2,1.02,274.57,2.8,0.27,71385,91.86
2020-05-17,Alabama,DeKalb,0.0,0,0,0.0,192,2,1.04,268.96,2.8,0.27,71385,91.86
2020-05-16,Alabama,DeKalb,2.8,2,0,0.0,192,2,1.04,268.96,2.8,0.27,71385,91.86
2020-05-15,Alabama,DeKalb,7.0,5,0,0.0,190,2,1.05,266.16,2.8,0.27,71385,91.86
2020-05-14,Alabama,DeKalb,8.41,6,0,0.0,185,2,1.08,259.16,2.8,0.26,71385,91.86
2020-05-13,Alabama,DeKalb,16.81,12,0,0.0,179,2,1.12,250.75,2.8,0.25,71385,91.86
2020-05-12,Alabama,DeKalb,12.61,9,0,0.0,167,2,1.2,233.94,2.8,0.23,71385,91.86
2020-05-11,Alabama,DeKalb,15.41,11,0,0.0,158,2,1.27,221.34,2.8,0.22,71385,91.86
2020-05-10,Alabama,DeKalb,7.0,5,0,0.0,147,2,1.36,205.93,2.8,0.21,71385,91.86
2020-05-09,Alabama,DeKalb,8.41,6,0,0.0,142,2,1.41,198.92,2.8,0.2,71385,91.86
2020-05-08,Alabama,DeKalb,16.81,12,0,0.0,136,2,1.47,190.52,2.8,0.19,71385,91.86
2020-05-07,Alabama,DeKalb,21.01,15,0,0.0,124,2,1.61,173.71,2.8,0.17,71385,91.86
2020-05-06,Alabama,DeKalb,14.01,10,0,0.0,109,2,1.83,152.69,2.8,0.15,71385,91.86
2020-05-05,Alabama,DeKalb,12.61,9,0,0.0,99,2,2.02,138.68,2.8,0.14,71385,91.86
2020-05-04,Alabama,DeKalb,15.41,11,0,0.0,90,2,2.22,126.08,2.8,0.13,71385,91.86
2020-05-03,Alabama,DeKalb,2.8,2,0,0.0,79,2,2.53,110.67,2.8,0.11,71385,91.86
2020-05-02,Alabama,DeKalb,1.4,1,0,0.0,77,2,2.6,107.87,2.8,0.11,71385,91.86
2020-05-01,Alabama,DeKalb,0.0,0,0,0.0,76,2,2.63,106.46,2.8,0.11,71385,91.86
2020-04-30,Alabama,DeKalb,-1.4,-1,0,0.0,76,2,2.63,106.46,2.8,0.11,71385,91.86
2020-04-29,Alabama,DeKalb,1.4,1,0,0.0,77,2,2.6,107.87,2.8,0.11,71385,91.86
2020-04-28,Alabama,DeKalb,2.8,2,0,0.0,76,2,2.63,106.46,2.8,0.11,71385,91.86
2020-04-27,Alabama,DeKalb,5.6,4,0,0.0,74,2,2.7,103.66,2.8,0.1,71385,91.86
2020-04-26,Alabama,DeKalb,9.81,7,0,0.0,70,2,2.86,98.06,2.8,0.1,71385,91.86
2020-04-25,Alabama,DeKalb,2.8,2,0,0.0,63,2,3.17,88.25,2.8,0.09,71385,91.86
2020-04-24,Alabama,DeKalb,0.0,0,0,0.0,61,2,3.28,85.45,2.8,0.09,71385,91.86
2020-04-23,Alabama,DeKalb,4.2,3,0,0.0,61,2,3.28,85.45,2.8,0.09,71385,91.86
2020-04-22,Alabama,DeKalb,9.81,7,0,0.0,58,2,3.45,81.25,2.8,0.08,71385,91.86
2020-04-21,Alabama,DeKalb,7.0,5,0,0.0,51,2,3.92,71.44,2.8,0.07,71385,91.86
2020-04-20,Alabama,DeKalb,5.6,4,0,0.0,46,2,4.35,64.44,2.8,0.06,71385,91.86
2020-04-19,Alabama,DeKalb,2.8,2,0,0.0,42,2,4.76,58.84,2.8,0.06,71385,91.86
2020-04-18,Alabama,DeKalb,8.41,6,0,0.0,40,2,5.0,56.03,2.8,0.06,71385,91.86
2020-04-17,Alabama,DeKalb,2.8,2,1,1.4,34,2,5.88,47.63,2.8,0.05,71385,91.86
2020-04-16,Alabama,DeKalb,1.4,1,1,1.4,32,1,3.12,44.83,1.4,0.04,71385,91.86
2020-04-15,Alabama,DeKalb,2.8,2,0,0.0,31,0,0.0,43.43,0.0,0.04,71385,91.86
2020-04-14,Alabama,DeKalb,1.4,1,0,0.0,29,0,0.0,40.62,0.0,0.04,71385,91.86
2020-04-13,Alabama,DeKalb,2.8,2,0,0.0,28,0,0.0,39.22,0.0,0.04,71385,91.86
2020-04-12,Alabama,DeKalb,7.0,5,0,0.0,26,0,0.0,36.42,0.0,0.04,71385,91.86
2020-04-11,Alabama,DeKalb,4.2,3,0,0.0,21,0,0.0,29.42,0.0,0.03,71385,91.86
2020-04-10,Alabama,DeKalb,2.8,2,0,0.0,18,0,0.0,25.22,0.0,0.03,71385,91.86
2020-04-09,Alabama,DeKalb,2.8,2,0,0.0,16,0,0.0,22.41,0.0,0.02,71385,91.86
2020-04-08,Alabama,DeKalb,0.0,0,0,0.0,14,0,0.0,19.61,0.0,0.02,71385,91.86
2020-04-07,Alabama,DeKalb,0.0,0,0,0.0,14,0,0.0,19.61,0.0,0.02,71385,91.86
2020-04-06,Alabama,DeKalb,0.0,0,0,0.0,14,0,0.0,19.61,0.0,0.02,71385,91.86
2020-04-05,Alabama,DeKalb,1.4,1,0,0.0,14,0,0.0,19.61,0.0,0.02,71385,91.86
2020-04-04,Alabama,DeKalb,4.2,3,0,0.0,13,0,0.0,18.21,0.0,0.02,71385,91.86
2020-04-03,Alabama,DeKalb,2.8,2,0,0.0,10,0,0.0,14.01,0.0,0.01,71385,91.86
2020-04-02,Alabama,DeKalb,2.8,2,0,0.0,8,0,0.0,11.21,0.0,0.01,71385,91.86
2020-04-01,Alabama,DeKalb,2.8,2,0,0.0,6,0,0.0,8.41,0.0,0.01,71385,91.86
2020-03-31,Alabama,DeKalb,0.0,0,0,0.0,4,0,0.0,5.6,0.0,0.01,71385,91.86
2020-03-30,Alabama,DeKalb,0.0,0,0,0.0,4,0,0.0,5.6,0.0,0.01,71385,91.86
2020-03-29,Alabama,DeKalb,0.0,0,0,0.0,4,0,0.0,5.6,0.0,0.01,71385,91.86
2020-03-28,Alabama,DeKalb,0.0,0,0,0.0,4,0,0.0,5.6,0.0,0.01,71385,91.86
2020-03-27,Alabama,DeKalb,4.2,3,0,0.0,4,0,0.0,5.6,0.0,0.01,71385,91.86
2020-03-26,Alabama,DeKalb,0.0,0,0,0.0,1,0,0.0,1.4,0.0,0.0,71385,91.86
