date,state,county,1day_cases_100k,new_cases,new_deaths,new_deaths_100k,total_cases,total_deaths,cfr%,total_cases_100k,total_deaths_100k,%infected,population,pop_density,7day_cases_100k,7day_cases_change,28day_cases_100k,28day_cases_change
2022-05-13,Alabama,Perry,0.0,0,0,0.0,2096,47.0,2.24,22932.17,514.22,22.93,9140,12.7,0.0,-10.94,43.76,0.0
2022-05-12,Alabama,Perry,0.0,0,0,0.0,2096,47.0,2.24,22932.17,514.22,22.93,9140,12.7,10.94,0.0,43.76,0.0
2022-05-11,Alabama,Perry,0.0,0,0,0.0,2096,47.0,2.24,22932.17,514.22,22.93,9140,12.7,10.94,-10.94,43.76,0.0
2022-05-10,Alabama,Perry,0.0,0,1,10.94,2096,47.0,2.24,22932.17,514.22,22.93,9140,12.7,21.88,0.0,43.76,0.0
2022-05-09,Alabama,Perry,0.0,0,0,0.0,2096,46.0,2.19,22932.17,503.28,22.93,9140,12.7,21.88,0.0,43.76,0.0
2022-05-08,Alabama,Perry,0.0,0,0,0.0,2096,46.0,2.19,22932.17,503.28,22.93,9140,12.7,21.88,0.0,43.76,0.0
2022-05-07,Alabama,Perry,0.0,0,0,0.0,2096,46.0,2.19,22932.17,503.28,22.93,9140,12.7,21.88,0.0,43.76,0.0
2022-05-06,Alabama,Perry,10.94,1,0,0.0,2096,46.0,2.19,22932.17,503.28,22.93,9140,12.7,21.88,10.94,43.76,10.94
2022-05-05,Alabama,Perry,0.0,0,0,0.0,2095,46.0,2.2,22921.23,503.28,22.92,9140,12.7,10.94,0.0,32.82,-10.94
2022-05-04,Alabama,Perry,10.94,1,0,0.0,2095,46.0,2.2,22921.23,503.28,22.92,9140,12.7,10.94,10.94,43.76,10.94
2022-05-03,Alabama,Perry,0.0,0,0,0.0,2094,46.0,2.2,22910.28,503.28,22.91,9140,12.7,0.0,-10.94,32.82,0.0
2022-05-02,Alabama,Perry,0.0,0,0,0.0,2094,46.0,2.2,22910.28,503.28,22.91,9140,12.7,10.94,0.0,32.82,0.0
2022-05-01,Alabama,Perry,0.0,0,0,0.0,2094,46.0,2.2,22910.28,503.28,22.91,9140,12.7,10.94,0.0,32.82,0.0
2022-04-30,Alabama,Perry,0.0,0,0,0.0,2094,46.0,2.2,22910.28,503.28,22.91,9140,12.7,10.94,0.0,32.82,0.0
2022-04-29,Alabama,Perry,0.0,0,0,0.0,2094,46.0,2.2,22910.28,503.28,22.91,9140,12.7,10.94,0.0,32.82,0.0
2022-04-28,Alabama,Perry,0.0,0,0,0.0,2094,46.0,2.2,22910.28,503.28,22.91,9140,12.7,10.94,0.0,32.82,0.0
2022-04-27,Alabama,Perry,0.0,0,0,0.0,2094,46.0,2.2,22910.28,503.28,22.91,9140,12.7,10.94,0.0,32.82,0.0
2022-04-26,Alabama,Perry,10.94,1,0,0.0,2094,46.0,2.2,22910.28,503.28,22.91,9140,12.7,10.94,0.0,32.82,10.94
2022-04-25,Alabama,Perry,0.0,0,0,0.0,2093,46.0,2.2,22899.34,503.28,22.9,9140,12.7,10.94,0.0,21.88,0.0
2022-04-24,Alabama,Perry,0.0,0,0,0.0,2093,46.0,2.2,22899.34,503.28,22.9,9140,12.7,10.94,0.0,21.88,0.0
2022-04-23,Alabama,Perry,0.0,0,0,0.0,2093,46.0,2.2,22899.34,503.28,22.9,9140,12.7,10.94,0.0,21.88,0.0
2022-04-22,Alabama,Perry,0.0,0,0,0.0,2093,46.0,2.2,22899.34,503.28,22.9,9140,12.7,10.94,0.0,21.88,0.0
2022-04-21,Alabama,Perry,0.0,0,0,0.0,2093,46.0,2.2,22899.34,503.28,22.9,9140,12.7,10.94,0.0,21.88,0.0
2022-04-20,Alabama,Perry,0.0,0,0,0.0,2093,46.0,2.2,22899.34,503.28,22.9,9140,12.7,10.94,0.0,21.88,-10.94
2022-04-19,Alabama,Perry,10.94,1,0,0.0,2093,46.0,2.2,22899.34,503.28,22.9,9140,12.7,10.94,10.94,32.82,10.94
2022-04-18,Alabama,Perry,0.0,0,0,0.0,2092,46.0,2.2,22888.4,503.28,22.89,9140,12.7,0.0,0.0,21.88,0.0
2022-04-17,Alabama,Perry,0.0,0,0,0.0,2092,46.0,2.2,22888.4,503.28,22.89,9140,12.7,0.0,0.0,21.88,0.0
2022-04-16,Alabama,Perry,0.0,0,0,0.0,2092,46.0,2.2,22888.4,503.28,22.89,9140,12.7,0.0,0.0,21.88,0.0
2022-04-15,Alabama,Perry,0.0,0,1,10.94,2092,46.0,2.2,22888.4,503.28,22.89,9140,12.7,0.0,0.0,21.88,0.0
2022-04-14,Alabama,Perry,0.0,0,1,10.94,2092,45.0,2.15,22888.4,492.34,22.89,9140,12.7,0.0,-10.94,21.88,0.0
2022-04-13,Alabama,Perry,0.0,0,0,0.0,2092,44.0,2.1,22888.4,481.4,22.89,9140,12.7,10.94,0.0,21.88,0.0
2022-04-12,Alabama,Perry,0.0,0,0,0.0,2092,44.0,2.1,22888.4,481.4,22.89,9140,12.7,10.94,0.0,21.88,10.94
2022-04-11,Alabama,Perry,0.0,0,0,0.0,2092,44.0,2.1,22888.4,481.4,22.89,9140,12.7,10.94,0.0,10.94,-10.94
2022-04-10,Alabama,Perry,0.0,0,0,0.0,2092,44.0,2.1,22888.4,481.4,22.89,9140,12.7,10.94,0.0,21.88,0.0
2022-04-09,Alabama,Perry,0.0,0,0,0.0,2092,44.0,2.1,22888.4,481.4,22.89,9140,12.7,10.94,0.0,21.88,0.0
2022-04-08,Alabama,Perry,0.0,0,0,0.0,2092,44.0,2.1,22888.4,481.4,22.89,9140,12.7,10.94,0.0,21.88,0.0
2022-04-07,Alabama,Perry,10.94,1,0,0.0,2092,44.0,2.1,22888.4,481.4,22.89,9140,12.7,10.94,10.94,21.88,0.0
2022-04-06,Alabama,Perry,0.0,0,0,0.0,2091,44.0,2.1,22877.46,481.4,22.88,9140,12.7,0.0,0.0,21.88,0.0
2022-04-05,Alabama,Perry,0.0,0,0,0.0,2091,44.0,2.1,22877.46,481.4,22.88,9140,12.7,0.0,0.0,21.88,0.0
2022-04-04,Alabama,Perry,0.0,0,0,0.0,2091,44.0,2.1,22877.46,481.4,22.88,9140,12.7,0.0,0.0,21.88,10.94
2022-04-03,Alabama,Perry,0.0,0,0,0.0,2091,44.0,2.1,22877.46,481.4,22.88,9140,12.7,0.0,0.0,10.94,0.0
2022-04-02,Alabama,Perry,0.0,0,0,0.0,2091,44.0,2.1,22877.46,481.4,22.88,9140,12.7,0.0,0.0,10.94,0.0
2022-04-01,Alabama,Perry,0.0,0,0,0.0,2091,44.0,2.1,22877.46,481.4,22.88,9140,12.7,0.0,0.0,10.94,0.0
2022-03-31,Alabama,Perry,0.0,0,0,0.0,2091,44.0,2.1,22877.46,481.4,22.88,9140,12.7,0.0,0.0,10.94,-65.65
2022-03-30,Alabama,Perry,0.0,0,0,0.0,2091,44.0,2.1,22877.46,481.4,22.88,9140,12.7,0.0,-10.94,76.59,0.0
2022-03-29,Alabama,Perry,0.0,0,0,0.0,2091,44.0,2.1,22877.46,481.4,22.88,9140,12.7,10.94,0.0,76.59,-10.94
2022-03-28,Alabama,Perry,0.0,0,0,0.0,2091,44.0,2.1,22877.46,481.4,22.88,9140,12.7,10.94,0.0,87.53,0.0
2022-03-27,Alabama,Perry,0.0,0,0,0.0,2091,44.0,2.1,22877.46,481.4,22.88,9140,12.7,10.94,0.0,87.53,-10.94
2022-03-26,Alabama,Perry,0.0,0,0,0.0,2091,44.0,2.1,22877.46,481.4,22.88,9140,12.7,10.94,0.0,98.47,-10.94
2022-03-25,Alabama,Perry,0.0,0,0,0.0,2091,44.0,2.1,22877.46,481.4,22.88,9140,12.7,10.94,0.0,109.41,-32.82
2022-03-24,Alabama,Perry,0.0,0,0,0.0,2091,44.0,2.1,22877.46,481.4,22.88,9140,12.7,10.94,0.0,142.23,0.0
2022-03-23,Alabama,Perry,10.94,1,0,0.0,2091,44.0,2.1,22877.46,481.4,22.88,9140,12.7,10.94,10.94,142.23,-10.94
2022-03-22,Alabama,Perry,0.0,0,1,10.94,2090,44.0,2.11,22866.52,481.4,22.87,9140,12.7,0.0,10.94,153.17,0.0
2022-03-21,Alabama,Perry,0.0,0,0,0.0,2090,43.0,2.06,22866.52,470.46,22.87,9140,12.7,-10.94,-10.94,153.17,0.0
2022-03-20,Alabama,Perry,0.0,0,0,0.0,2090,43.0,2.06,22866.52,470.46,22.87,9140,12.7,0.0,0.0,153.17,-10.94
2022-03-19,Alabama,Perry,0.0,0,0,0.0,2090,43.0,2.06,22866.52,470.46,22.87,9140,12.7,0.0,0.0,164.11,-21.88
2022-03-18,Alabama,Perry,0.0,0,0,0.0,2090,43.0,2.06,22866.52,470.46,22.87,9140,12.7,0.0,0.0,185.99,-65.65
2022-03-17,Alabama,Perry,0.0,0,0,0.0,2090,43.0,2.06,22866.52,470.46,22.87,9140,12.7,0.0,-10.94,251.64,-120.35
2022-03-16,Alabama,Perry,0.0,0,0,0.0,2090,43.0,2.06,22866.52,470.46,22.87,9140,12.7,10.94,0.0,371.99,-306.35
2022-03-15,Alabama,Perry,-10.94,-1,0,0.0,2090,43.0,2.06,22866.52,470.46,22.87,9140,12.7,10.94,-10.94,678.34,-164.11
2022-03-14,Alabama,Perry,10.94,1,0,0.0,2091,43.0,2.06,22877.46,470.46,22.88,9140,12.7,21.88,21.88,842.45,10.94
2022-03-13,Alabama,Perry,0.0,0,0,0.0,2090,43.0,2.06,22866.52,470.46,22.87,9140,12.7,0.0,0.0,831.51,-21.88
2022-03-12,Alabama,Perry,0.0,0,0,0.0,2090,43.0,2.06,22866.52,470.46,22.87,9140,12.7,0.0,0.0,853.39,-76.59
2022-03-11,Alabama,Perry,0.0,0,0,0.0,2090,43.0,2.06,22866.52,470.46,22.87,9140,12.7,0.0,0.0,929.98,-10.94
2022-03-10,Alabama,Perry,10.94,1,0,0.0,2090,43.0,2.06,22866.52,470.46,22.87,9140,12.7,0.0,-54.71,940.92,-32.82
2022-03-09,Alabama,Perry,0.0,0,0,0.0,2089,43.0,2.06,22855.58,470.46,22.86,9140,12.7,54.71,0.0,973.74,-175.05
2022-03-08,Alabama,Perry,0.0,0,0,0.0,2089,43.0,2.06,22855.58,470.46,22.86,9140,12.7,54.71,-10.94,1148.79,-10.94
2022-03-07,Alabama,Perry,-10.94,-1,0,0.0,2089,43.0,2.06,22855.58,470.46,22.86,9140,12.7,65.65,-10.94,1159.73,-32.82
2022-03-06,Alabama,Perry,0.0,0,0,0.0,2090,43.0,2.06,22866.52,470.46,22.87,9140,12.7,76.59,-10.94,1192.55,0.0
2022-03-05,Alabama,Perry,0.0,0,0,0.0,2090,43.0,2.06,22866.52,470.46,22.87,9140,12.7,87.53,-10.94,1192.55,0.0
2022-03-04,Alabama,Perry,0.0,0,0,0.0,2090,43.0,2.06,22866.52,470.46,22.87,9140,12.7,98.47,-32.82,1192.55,-218.82
2022-03-03,Alabama,Perry,65.65,6,0,0.0,2090,43.0,2.06,22866.52,470.46,22.87,9140,12.7,131.29,65.65,1411.37,65.65
2022-03-02,Alabama,Perry,0.0,0,0,0.0,2084,43.0,2.06,22800.88,470.46,22.8,9140,12.7,65.64,-21.88,1345.72,-32.82
2022-03-01,Alabama,Perry,10.94,1,0,0.0,2084,43.0,2.06,22800.88,470.46,22.8,9140,12.7,87.52,10.94,1378.54,-43.76
2022-02-28,Alabama,Perry,0.0,0,0,0.0,2083,43.0,2.06,22789.93,470.46,22.79,9140,12.7,76.58,0.0,1422.3,-32.82
2022-02-27,Alabama,Perry,10.94,1,0,0.0,2083,43.0,2.06,22789.93,470.46,22.79,9140,12.7,76.58,0.0,1455.12,-164.11
2022-02-26,Alabama,Perry,10.94,1,0,0.0,2082,43.0,2.07,22778.99,470.46,22.78,9140,12.7,76.58,-10.94,1619.23,-984.68
2022-02-25,Alabama,Perry,32.82,3,0,0.0,2081,43.0,2.07,22768.05,470.46,22.77,9140,12.7,87.52,-32.83,2603.91,32.82
2022-02-24,Alabama,Perry,0.0,0,0,0.0,2078,43.0,2.07,22735.23,470.46,22.74,9140,12.7,120.35,-120.35,2571.09,0.0
2022-02-23,Alabama,Perry,21.88,2,0,0.0,2078,43.0,2.07,22735.23,470.46,22.74,9140,12.7,240.7,-284.47,2571.09,21.88
2022-02-22,Alabama,Perry,0.0,0,0,0.0,2076,43.0,2.07,22713.35,470.46,22.71,9140,12.7,525.17,-153.17,2549.21,0.0
2022-02-21,Alabama,Perry,0.0,0,0,0.0,2076,43.0,2.07,22713.35,470.46,22.71,9140,12.7,678.34,0.0,2549.21,-120.35
2022-02-20,Alabama,Perry,10.94,1,0,0.0,2076,43.0,2.07,22713.35,470.46,22.71,9140,12.7,678.34,-10.94,2669.56,-109.41
2022-02-19,Alabama,Perry,21.88,2,1,10.94,2075,43.0,2.07,22702.41,470.46,22.7,9140,12.7,689.28,-54.71,2778.97,-207.88
2022-02-18,Alabama,Perry,65.65,6,0,0.0,2073,42.0,2.03,22680.53,459.52,22.68,9140,12.7,743.99,54.71,2986.85,-251.64
2022-02-17,Alabama,Perry,120.35,11,1,10.94,2067,42.0,2.03,22614.88,459.52,22.61,9140,12.7,689.28,76.59,3238.49,-98.47
2022-02-16,Alabama,Perry,306.35,28,0,0.0,2056,41.0,1.99,22494.53,448.58,22.49,9140,12.7,612.69,131.3,3336.96,109.41
2022-02-15,Alabama,Perry,153.17,14,0,0.0,2028,41.0,2.02,22188.18,448.58,22.19,9140,12.7,481.39,142.23,3227.55,98.47
2022-02-14,Alabama,Perry,0.0,0,0,0.0,2014,41.0,2.04,22035.01,448.58,22.04,9140,12.7,339.16,-21.88,3129.08,-32.82
2022-02-13,Alabama,Perry,21.88,2,0,0.0,2014,41.0,2.04,22035.01,448.58,22.04,9140,12.7,361.04,21.88,3161.9,-623.63
2022-02-12,Alabama,Perry,76.59,7,0,0.0,2012,41.0,2.04,22013.13,448.58,22.01,9140,12.7,339.16,76.59,3785.53,76.59
2022-02-11,Alabama,Perry,10.94,1,0,0.0,2005,41.0,2.04,21936.54,448.58,21.94,9140,12.7,262.57,-207.88,3708.94,10.94
2022-02-10,Alabama,Perry,43.76,4,0,0.0,2004,41.0,2.05,21925.6,448.58,21.93,9140,12.7,470.45,43.76,3698.0,43.76
2022-02-09,Alabama,Perry,175.05,16,0,0.0,2000,41.0,2.05,21881.84,448.58,21.88,9140,12.7,426.69,142.23,3654.24,76.58
2022-02-08,Alabama,Perry,10.94,1,0,0.0,1984,41.0,2.07,21706.78,448.58,21.71,9140,12.7,284.46,-43.76,3577.66,-153.17
2022-02-07,Alabama,Perry,21.88,2,0,0.0,1983,41.0,2.07,21695.84,448.58,21.7,9140,12.7,328.22,-10.94,3730.83,-142.23
2022-02-06,Alabama,Perry,0.0,0,0,0.0,1981,41.0,2.07,21673.96,448.58,21.67,9140,12.7,339.16,-175.05,3873.06,-492.34
2022-02-05,Alabama,Perry,0.0,0,0,0.0,1981,41.0,2.07,21673.96,448.58,21.67,9140,12.7,514.21,-995.62,4365.4,-196.94
2022-02-04,Alabama,Perry,218.82,20,1,10.94,1981,41.0,2.07,21673.96,448.58,21.67,9140,12.7,1509.83,218.82,4562.34,65.65
2022-02-03,Alabama,Perry,0.0,0,0,0.0,1961,40.0,2.04,21455.14,437.64,21.46,9140,12.7,1291.01,0.0,4496.69,-328.23
2022-02-02,Alabama,Perry,32.82,3,0,0.0,1961,40.0,2.04,21455.14,437.64,21.46,9140,12.7,1291.01,32.82,4824.92,-240.7
2022-02-01,Alabama,Perry,54.7,5,0,0.0,1958,40.0,2.04,21422.32,437.64,21.42,9140,12.7,1258.19,54.7,5065.62,-21.89
2022-01-31,Alabama,Perry,32.82,3,0,0.0,1953,40.0,2.05,21367.61,437.64,21.37,9140,12.7,1203.49,-87.53,5087.51,-65.65
2022-01-30,Alabama,Perry,175.05,16,0,0.0,1950,40.0,2.05,21334.79,437.64,21.33,9140,12.7,1291.02,54.7,5153.16,-65.65
2022-01-29,Alabama,Perry,995.62,91,0,0.0,1934,40.0,2.07,21159.74,437.64,21.16,9140,12.7,1236.32,765.86,5218.81,995.62
2022-01-28,Alabama,Perry,0.0,0,0,0.0,1843,40.0,2.17,20164.11,437.64,20.16,9140,12.7,470.46,-317.29,4223.19,-153.17
2022-01-27,Alabama,Perry,0.0,0,0,0.0,1843,40.0,2.17,20164.11,437.64,20.16,9140,12.7,787.75,-218.82,4376.36,-65.65
2022-01-26,Alabama,Perry,0.0,0,0,0.0,1843,40.0,2.17,20164.11,437.64,20.16,9140,12.7,1006.57,-196.94,4442.01,-65.65
2022-01-25,Alabama,Perry,0.0,0,0,0.0,1843,40.0,2.17,20164.11,437.64,20.16,9140,12.7,1203.51,-54.7,4507.66,-32.82
2022-01-24,Alabama,Perry,120.35,11,0,0.0,1843,40.0,2.17,20164.11,437.64,20.16,9140,12.7,1258.21,87.53,4540.48,120.35
2022-01-23,Alabama,Perry,120.35,11,0,0.0,1832,40.0,2.18,20043.76,437.64,20.04,9140,12.7,1170.68,-525.16,4420.13,120.35
2022-01-22,Alabama,Perry,229.76,21,0,0.0,1821,40.0,2.2,19923.41,437.64,19.92,9140,12.7,1695.84,229.76,4299.78,218.82
2022-01-21,Alabama,Perry,317.29,29,0,0.0,1800,40.0,2.22,19693.65,437.64,19.69,9140,12.7,1466.08,317.29,4080.96,306.35
2022-01-20,Alabama,Perry,218.82,20,0,0.0,1771,40.0,2.26,19376.37,437.64,19.38,9140,12.7,1148.79,218.82,3774.61,207.88
2022-01-19,Alabama,Perry,196.94,18,0,0.0,1751,40.0,2.28,19157.55,437.64,19.16,9140,12.7,929.97,98.47,3566.73,186.0
2022-01-18,Alabama,Perry,54.7,5,0,0.0,1733,40.0,2.31,18960.61,437.64,18.96,9140,12.7,831.5,-109.41,3380.73,54.7
2022-01-17,Alabama,Perry,32.82,3,0,0.0,1728,40.0,2.31,18905.91,437.64,18.91,9140,12.7,940.91,-131.29,3326.03,32.82
2022-01-16,Alabama,Perry,645.51,59,-1,-10.94,1725,40.0,2.32,18873.09,437.64,18.87,9140,12.7,1072.2,153.17,3293.21,645.51
2022-01-15,Alabama,Perry,0.0,0,0,0.0,1666,41.0,2.46,18227.57,448.58,18.23,9140,12.7,919.03,-196.94,2647.7,0.0
2022-01-14,Alabama,Perry,0.0,0,0,0.0,1666,41.0,2.46,18227.57,448.58,18.23,9140,12.7,1115.97,-153.17,2647.7,0.0
2022-01-13,Alabama,Perry,0.0,0,0,0.0,1666,41.0,2.46,18227.57,448.58,18.23,9140,12.7,1269.14,-328.23,2647.7,-10.94
2022-01-12,Alabama,Perry,98.47,9,0,0.0,1666,41.0,2.46,18227.57,448.58,18.23,9140,12.7,1597.37,-175.05,2658.64,98.47
2022-01-11,Alabama,Perry,164.11,15,0,0.0,1657,41.0,2.47,18129.1,448.58,18.13,9140,12.7,1772.42,87.52,2560.17,164.11
2022-01-10,Alabama,Perry,164.11,15,0,0.0,1642,41.0,2.5,17964.99,448.58,17.96,9140,12.7,1684.9,65.64,2396.06,153.17
2022-01-09,Alabama,Perry,492.34,45,0,0.0,1627,41.0,2.52,17800.88,448.58,17.8,9140,12.7,1619.26,251.64,2242.89,481.4
2022-01-08,Alabama,Perry,196.94,18,0,0.0,1582,41.0,2.59,17308.53,448.58,17.31,9140,12.7,1367.62,196.94,1761.49,196.94
2022-01-07,Alabama,Perry,153.17,14,0,0.0,1564,41.0,2.62,17111.6,448.58,17.11,9140,12.7,1170.68,0.0,1564.55,153.17
2022-01-06,Alabama,Perry,328.23,30,0,0.0,1550,41.0,2.65,16958.42,448.58,16.96,9140,12.7,1170.68,262.58,1411.38,306.35
2022-01-05,Alabama,Perry,273.52,25,0,0.0,1520,41.0,2.7,16630.2,448.58,16.63,9140,12.7,908.1,207.87,1105.03,273.52
2022-01-04,Alabama,Perry,76.59,7,0,0.0,1495,41.0,2.74,16356.67,448.58,16.36,9140,12.7,700.23,43.77,831.51,76.59
2022-01-03,Alabama,Perry,98.47,9,0,0.0,1488,41.0,2.76,16280.09,448.58,16.28,9140,12.7,656.46,98.47,754.92,87.53
2022-01-02,Alabama,Perry,240.7,22,0,0.0,1479,41.0,2.77,16181.62,448.58,16.18,9140,12.7,557.99,240.7,667.39,240.7
2022-01-01,Alabama,Perry,0.0,0,0,0.0,1457,41.0,2.81,15940.92,448.58,15.94,9140,12.7,317.29,-10.94,426.69,0.0
2021-12-31,Alabama,Perry,153.17,14,0,0.0,1457,41.0,2.81,15940.92,448.58,15.94,9140,12.7,328.23,142.23,426.69,153.17
2021-12-30,Alabama,Perry,65.65,6,0,0.0,1443,41.0,2.84,15787.75,448.58,15.79,9140,12.7,186.0,54.71,273.52,65.65
2021-12-29,Alabama,Perry,65.65,6,0,0.0,1437,41.0,2.85,15722.1,448.58,15.72,9140,12.7,131.29,54.71,207.87,65.65
2021-12-28,Alabama,Perry,32.82,3,0,0.0,1431,41.0,2.87,15656.46,448.58,15.66,9140,12.7,76.58,32.82,142.22,32.82
2021-12-27,Alabama,Perry,0.0,0,0,0.0,1428,41.0,2.87,15623.63,448.58,15.62,9140,12.7,43.76,0.0,109.4,0.0
2021-12-26,Alabama,Perry,0.0,0,0,0.0,1428,41.0,2.87,15623.63,448.58,15.62,9140,12.7,43.76,0.0,109.4,0.0
2021-12-25,Alabama,Perry,10.94,1,0,0.0,1428,41.0,2.87,15623.63,448.58,15.62,9140,12.7,43.76,10.94,109.4,10.94
2021-12-24,Alabama,Perry,10.94,1,0,0.0,1427,41.0,2.87,15612.69,448.58,15.61,9140,12.7,32.82,10.94,98.46,10.94
2021-12-23,Alabama,Perry,10.94,1,0,0.0,1426,41.0,2.88,15601.75,448.58,15.6,9140,12.7,21.88,0.0,87.52,10.94
2021-12-22,Alabama,Perry,10.94,1,0,0.0,1425,41.0,2.88,15590.81,448.58,15.59,9140,12.7,21.88,10.94,76.58,21.88
2021-12-21,Alabama,Perry,0.0,0,0,0.0,1424,41.0,2.88,15579.87,448.58,15.58,9140,12.7,10.94,0.0,54.7,0.0
2021-12-20,Alabama,Perry,0.0,0,0,0.0,1424,41.0,2.88,15579.87,448.58,15.58,9140,12.7,10.94,-10.94,54.7,-10.94
2021-12-19,Alabama,Perry,0.0,0,0,0.0,1424,41.0,2.88,15579.87,448.58,15.58,9140,12.7,21.88,-10.94,65.64,0.0
2021-12-18,Alabama,Perry,0.0,0,0,0.0,1424,41.0,2.88,15579.87,448.58,15.58,9140,12.7,32.82,0.0,65.64,0.0
2021-12-17,Alabama,Perry,0.0,0,0,0.0,1424,41.0,2.88,15579.87,448.58,15.58,9140,12.7,32.82,0.0,65.64,-10.94
2021-12-16,Alabama,Perry,10.94,1,0,0.0,1424,41.0,2.88,15579.87,448.58,15.58,9140,12.7,32.82,-10.94,76.58,0.0
2021-12-15,Alabama,Perry,0.0,0,0,0.0,1423,41.0,2.88,15568.93,448.58,15.57,9140,12.7,43.76,0.0,76.58,0.0
2021-12-14,Alabama,Perry,0.0,0,0,0.0,1423,41.0,2.88,15568.93,448.58,15.57,9140,12.7,43.76,0.0,76.58,-21.88
2021-12-13,Alabama,Perry,10.94,1,0,0.0,1423,41.0,2.88,15568.93,448.58,15.57,9140,12.7,43.76,0.0,98.46,10.94
2021-12-12,Alabama,Perry,10.94,1,0,0.0,1422,41.0,2.88,15557.99,448.58,15.56,9140,12.7,43.76,10.94,87.52,10.94
2021-12-11,Alabama,Perry,0.0,0,0,0.0,1421,41.0,2.89,15547.05,448.58,15.55,9140,12.7,32.82,0.0,76.58,10.94
2021-12-10,Alabama,Perry,0.0,0,1,10.94,1421,41.0,2.89,15547.05,448.58,15.55,9140,12.7,32.82,0.0,65.64,0.0
2021-12-09,Alabama,Perry,21.88,2,0,0.0,1421,40.0,2.81,15547.05,437.64,15.55,9140,12.7,32.82,21.88,65.64,32.82
2021-12-08,Alabama,Perry,0.0,0,0,0.0,1419,40.0,2.82,15525.16,437.64,15.53,9140,12.7,10.94,0.0,32.82,-10.94
2021-12-07,Alabama,Perry,0.0,0,0,0.0,1419,40.0,2.82,15525.16,437.64,15.53,9140,12.7,10.94,0.0,43.76,0.0
2021-12-06,Alabama,Perry,10.94,1,0,0.0,1419,40.0,2.82,15525.16,437.64,15.53,9140,12.7,10.94,10.94,43.76,10.94
2021-12-05,Alabama,Perry,0.0,0,0,0.0,1418,40.0,2.82,15514.22,437.64,15.51,9140,12.7,0.0,0.0,32.82,-10.94
2021-12-04,Alabama,Perry,0.0,0,0,0.0,1418,40.0,2.82,15514.22,437.64,15.51,9140,12.7,0.0,0.0,43.76,0.0
2021-12-03,Alabama,Perry,0.0,0,0,0.0,1418,40.0,2.82,15514.22,437.64,15.51,9140,12.7,0.0,0.0,43.76,10.94
2021-12-02,Alabama,Perry,0.0,0,0,0.0,1418,40.0,2.82,15514.22,437.64,15.51,9140,12.7,0.0,0.0,32.82,-32.82
2021-12-01,Alabama,Perry,0.0,0,0,0.0,1418,40.0,2.82,15514.22,437.64,15.51,9140,12.7,0.0,10.94,65.64,-10.94
2021-11-30,Alabama,Perry,0.0,0,0,0.0,1418,40.0,2.82,15514.22,437.64,15.51,9140,12.7,-10.94,0.0,76.58,-21.88
2021-11-29,Alabama,Perry,0.0,0,0,0.0,1418,40.0,2.82,15514.22,437.64,15.51,9140,12.7,-10.94,-10.94,98.46,0.0
2021-11-28,Alabama,Perry,0.0,0,0,0.0,1418,40.0,2.82,15514.22,437.64,15.51,9140,12.7,0.0,0.0,98.46,-10.94
2021-11-27,Alabama,Perry,0.0,0,0,0.0,1418,40.0,2.82,15514.22,437.64,15.51,9140,12.7,0.0,0.0,109.4,-43.76
2021-11-26,Alabama,Perry,0.0,0,0,0.0,1418,40.0,2.82,15514.22,437.64,15.51,9140,12.7,0.0,-10.94,153.16,-54.7
2021-11-25,Alabama,Perry,0.0,0,0,0.0,1418,40.0,2.82,15514.22,437.64,15.51,9140,12.7,10.94,-10.94,207.86,-43.76
2021-11-24,Alabama,Perry,-10.94,-1,0,0.0,1418,40.0,2.82,15514.22,437.64,15.51,9140,12.7,21.88,-10.94,251.62,-43.76
2021-11-23,Alabama,Perry,0.0,0,0,0.0,1419,40.0,2.82,15525.16,437.64,15.53,9140,12.7,32.82,-21.88,295.38,-32.82
2021-11-22,Alabama,Perry,10.94,1,0,0.0,1419,40.0,2.82,15525.16,437.64,15.53,9140,12.7,54.7,10.94,328.2,0.0
2021-11-21,Alabama,Perry,0.0,0,0,0.0,1418,40.0,2.82,15514.22,437.64,15.51,9140,12.7,43.76,0.0,328.2,0.0
2021-11-20,Alabama,Perry,0.0,0,0,0.0,1418,40.0,2.82,15514.22,437.64,15.51,9140,12.7,43.76,10.94,328.2,-54.7
2021-11-19,Alabama,Perry,10.94,1,0,0.0,1418,40.0,2.82,15514.22,437.64,15.51,9140,12.7,32.82,10.94,382.9,10.94
2021-11-18,Alabama,Perry,10.94,1,0,0.0,1417,40.0,2.82,15503.28,437.64,15.5,9140,12.7,21.88,21.88,371.96,21.88
2021-11-17,Alabama,Perry,0.0,0,0,0.0,1416,40.0,2.82,15492.34,437.64,15.49,9140,12.7,0.0,-10.94,350.08,-21.88
2021-11-16,Alabama,Perry,21.88,2,0,0.0,1416,40.0,2.82,15492.34,437.64,15.49,9140,12.7,10.94,21.88,371.96,0.0
2021-11-15,Alabama,Perry,0.0,0,0,0.0,1414,40.0,2.83,15470.46,437.64,15.47,9140,12.7,-10.94,0.0,371.96,0.0
2021-11-14,Alabama,Perry,0.0,0,0,0.0,1414,40.0,2.83,15470.46,437.64,15.47,9140,12.7,-10.94,-10.94,371.96,0.0
2021-11-13,Alabama,Perry,-10.94,-1,0,0.0,1414,40.0,2.83,15470.46,437.64,15.47,9140,12.7,0.0,-10.94,371.96,-10.94
2021-11-12,Alabama,Perry,0.0,0,0,0.0,1415,40.0,2.83,15481.4,437.64,15.48,9140,12.7,10.94,10.94,382.9,-10.94
2021-11-11,Alabama,Perry,-10.94,-1,0,0.0,1415,40.0,2.83,15481.4,437.64,15.48,9140,12.7,0.0,-43.76,393.84,0.0
2021-11-10,Alabama,Perry,10.94,1,0,0.0,1416,40.0,2.82,15492.34,437.64,15.49,9140,12.7,43.76,0.0,393.84,-54.71
2021-11-09,Alabama,Perry,0.0,0,0,0.0,1415,40.0,2.83,15481.4,437.64,15.48,9140,12.7,43.76,-21.88,448.55,0.0
2021-11-08,Alabama,Perry,0.0,0,0,0.0,1415,40.0,2.83,15481.4,437.64,15.48,9140,12.7,65.64,0.0,448.55,-10.94
2021-11-07,Alabama,Perry,10.94,1,0,0.0,1415,40.0,2.83,15481.4,437.64,15.48,9140,12.7,65.64,0.0,459.49,10.94
2021-11-06,Alabama,Perry,0.0,0,0,0.0,1414,40.0,2.83,15470.46,437.64,15.47,9140,12.7,65.64,-43.76,448.55,-10.94
2021-11-05,Alabama,Perry,-10.94,-1,0,0.0,1414,40.0,2.83,15470.46,437.64,15.47,9140,12.7,109.4,-65.64,459.49,-21.88
2021-11-04,Alabama,Perry,32.82,3,0,0.0,1415,40.0,2.83,15481.4,437.64,15.48,9140,12.7,175.04,-10.94,481.37,10.94
2021-11-03,Alabama,Perry,10.94,1,0,0.0,1412,40.0,2.83,15448.58,437.64,15.45,9140,12.7,185.98,-21.88,470.43,10.94
2021-11-02,Alabama,Perry,21.88,2,0,0.0,1411,40.0,2.83,15437.64,437.64,15.44,9140,12.7,207.86,-10.94,459.49,10.94
2021-11-01,Alabama,Perry,0.0,0,0,0.0,1409,40.0,2.84,15415.75,437.64,15.42,9140,12.7,218.8,-10.94,448.55,0.0
2021-10-31,Alabama,Perry,10.94,1,0,0.0,1409,40.0,2.84,15415.75,437.64,15.42,9140,12.7,229.74,10.94,448.55,10.94
2021-10-30,Alabama,Perry,43.76,4,0,0.0,1408,40.0,2.84,15404.81,437.64,15.4,9140,12.7,218.8,-10.94,437.61,43.76
2021-10-29,Alabama,Perry,54.7,5,0,0.0,1404,40.0,2.85,15361.05,437.64,15.36,9140,12.7,229.74,54.7,393.85,43.76
2021-10-28,Alabama,Perry,43.76,4,0,0.0,1399,40.0,2.86,15306.35,437.64,15.31,9140,12.7,175.04,54.7,350.09,32.82
2021-10-27,Alabama,Perry,32.82,3,0,0.0,1395,40.0,2.87,15262.58,437.64,15.26,9140,12.7,120.34,10.94,317.27,32.82
2021-10-26,Alabama,Perry,32.82,3,0,0.0,1392,40.0,2.87,15229.76,437.64,15.23,9140,12.7,109.4,10.94,284.45,21.88
2021-10-25,Alabama,Perry,10.94,1,0,0.0,1389,40.0,2.88,15196.94,437.64,15.2,9140,12.7,98.46,10.94,262.57,10.94
2021-10-24,Alabama,Perry,0.0,0,0,0.0,1388,40.0,2.88,15186.0,437.64,15.19,9140,12.7,87.52,0.0,251.63,-10.94
2021-10-23,Alabama,Perry,54.7,5,0,0.0,1388,40.0,2.88,15186.0,437.64,15.19,9140,12.7,87.52,54.7,262.57,43.76
2021-10-22,Alabama,Perry,0.0,0,0,0.0,1383,40.0,2.89,15131.29,437.64,15.13,9140,12.7,32.82,-10.94,218.81,0.0
2021-10-21,Alabama,Perry,-10.94,-1,0,0.0,1383,40.0,2.89,15131.29,437.64,15.13,9140,12.7,43.76,0.0,218.81,-43.76
2021-10-20,Alabama,Perry,21.88,2,0,0.0,1384,40.0,2.89,15142.23,437.64,15.14,9140,12.7,43.76,-43.77,262.57,-21.88
2021-10-19,Alabama,Perry,21.88,2,0,0.0,1382,40.0,2.89,15120.35,437.64,15.12,9140,12.7,87.53,21.88,284.45,-43.77
2021-10-18,Alabama,Perry,0.0,0,0,0.0,1380,40.0,2.9,15098.47,437.64,15.1,9140,12.7,65.65,-10.94,328.22,-21.88
2021-10-17,Alabama,Perry,0.0,0,0,0.0,1380,40.0,2.9,15098.47,437.64,15.1,9140,12.7,76.59,0.0,350.1,-65.65
2021-10-16,Alabama,Perry,0.0,0,0,0.0,1380,40.0,2.9,15098.47,437.64,15.1,9140,12.7,76.59,-10.94,415.75,-21.88
2021-10-15,Alabama,Perry,10.94,1,0,0.0,1380,40.0,2.9,15098.47,437.64,15.1,9140,12.7,87.53,0.0,437.63,-87.53
2021-10-14,Alabama,Perry,-10.94,-1,1,10.94,1379,40.0,2.9,15087.53,437.64,15.09,9140,12.7,87.53,-32.82,525.16,-87.53
2021-10-13,Alabama,Perry,65.65,6,0,0.0,1380,39.0,2.83,15098.47,426.7,15.1,9140,12.7,120.35,65.65,612.69,43.77
2021-10-12,Alabama,Perry,0.0,0,0,0.0,1374,39.0,2.84,15032.82,426.7,15.03,9140,12.7,54.7,-10.94,568.92,-21.88
2021-10-11,Alabama,Perry,10.94,1,0,0.0,1374,39.0,2.84,15032.82,426.7,15.03,9140,12.7,65.64,10.94,590.8,-32.82
2021-10-10,Alabama,Perry,0.0,0,0,0.0,1373,39.0,2.84,15021.88,426.7,15.02,9140,12.7,54.7,0.0,623.62,-10.94
2021-10-09,Alabama,Perry,10.94,1,0,0.0,1373,39.0,2.84,15021.88,426.7,15.02,9140,12.7,54.7,10.94,634.56,-65.65
2021-10-08,Alabama,Perry,10.94,1,0,0.0,1372,39.0,2.84,15010.94,426.7,15.01,9140,12.7,43.76,0.0,700.21,-65.65
2021-10-07,Alabama,Perry,21.88,2,0,0.0,1371,39.0,2.84,15000.0,426.7,15.0,9140,12.7,43.76,10.94,765.86,-10.94
2021-10-06,Alabama,Perry,0.0,0,1,10.94,1369,39.0,2.85,14978.12,426.7,14.98,9140,12.7,32.82,0.0,776.8,-43.76
2021-10-05,Alabama,Perry,10.94,1,0,0.0,1369,38.0,2.78,14978.12,415.75,14.98,9140,12.7,32.82,0.0,820.56,-65.65
2021-10-04,Alabama,Perry,0.0,0,0,0.0,1368,38.0,2.78,14967.18,415.75,14.97,9140,12.7,32.82,0.0,886.21,-10.94
2021-10-03,Alabama,Perry,0.0,0,0,0.0,1368,38.0,2.78,14967.18,415.75,14.97,9140,12.7,32.82,-10.94,897.15,-98.47
2021-10-02,Alabama,Perry,0.0,0,1,10.94,1368,38.0,2.78,14967.18,415.75,14.97,9140,12.7,43.76,-10.94,995.62,-76.59
2021-10-01,Alabama,Perry,10.94,1,0,0.0,1368,37.0,2.7,14967.18,404.81,14.97,9140,12.7,54.7,10.94,1072.21,-76.59
2021-09-30,Alabama,Perry,10.94,1,0,0.0,1367,37.0,2.71,14956.24,404.81,14.96,9140,12.7,43.76,-21.88,1148.8,-109.41
2021-09-29,Alabama,Perry,0.0,0,0,0.0,1366,37.0,2.71,14945.3,404.81,14.95,9140,12.7,65.64,-43.76,1258.21,-65.65
2021-09-28,Alabama,Perry,10.94,1,0,0.0,1366,37.0,2.71,14945.3,404.81,14.95,9140,12.7,109.4,-54.71,1323.86,-21.88
2021-09-27,Alabama,Perry,0.0,0,0,0.0,1365,37.0,2.71,14934.35,404.81,14.93,9140,12.7,164.11,-21.88,1345.74,-32.82
2021-09-26,Alabama,Perry,10.94,1,0,0.0,1365,37.0,2.71,14934.35,404.81,14.93,9140,12.7,185.99,-54.71,1378.56,-65.65
2021-09-25,Alabama,Perry,10.94,1,1,10.94,1364,37.0,2.71,14923.41,404.81,14.92,9140,12.7,240.7,-10.94,1444.21,-87.53
2021-09-24,Alabama,Perry,0.0,0,0,0.0,1363,36.0,2.64,14912.47,393.87,14.91,9140,12.7,251.64,-98.47,1531.74,-153.17
2021-09-23,Alabama,Perry,32.82,3,0,0.0,1363,36.0,2.64,14912.47,393.87,14.91,9140,12.7,350.11,-43.77,1684.91,-109.41
2021-09-22,Alabama,Perry,43.76,4,1,10.94,1360,36.0,2.65,14879.65,393.87,14.88,9140,12.7,393.88,21.88,1794.32,43.76
2021-09-21,Alabama,Perry,65.65,6,0,0.0,1356,35.0,2.58,14835.89,382.93,14.84,9140,12.7,372.0,43.77,1750.56,65.65
2021-09-20,Alabama,Perry,21.88,2,0,0.0,1350,35.0,2.59,14770.24,382.93,14.77,9140,12.7,328.23,-21.88,1684.91,-43.77
2021-09-19,Alabama,Perry,65.65,6,0,0.0,1348,35.0,2.6,14748.36,382.93,14.75,9140,12.7,350.11,54.71,1728.68,10.95
2021-09-18,Alabama,Perry,21.88,2,0,0.0,1342,35.0,2.61,14682.71,382.93,14.68,9140,12.7,295.4,-54.71,1717.73,-54.71
2021-09-17,Alabama,Perry,98.47,9,3,32.82,1340,35.0,2.61,14660.83,382.93,14.66,9140,12.7,350.11,21.88,1772.44,43.77
2021-09-16,Alabama,Perry,76.59,7,2,21.88,1331,32.0,2.4,14562.36,350.11,14.56,9140,12.7,328.23,43.77,1728.67,0.0
2021-09-15,Alabama,Perry,21.88,2,0,0.0,1324,30.0,2.27,14485.78,328.23,14.49,9140,12.7,284.46,-21.88,1728.67,-32.82
2021-09-14,Alabama,Perry,21.88,2,0,0.0,1322,30.0,2.27,14463.89,328.23,14.46,9140,12.7,306.34,-54.71,1761.49,-21.88
2021-09-13,Alabama,Perry,43.76,4,0,0.0,1320,30.0,2.27,14442.01,328.23,14.44,9140,12.7,361.05,32.82,1783.37,-21.89
2021-09-12,Alabama,Perry,10.94,1,0,0.0,1316,30.0,2.28,14398.25,328.23,14.4,9140,12.7,328.23,-87.53,1805.26,-21.88
2021-09-11,Alabama,Perry,76.59,7,0,0.0,1315,30.0,2.28,14387.31,328.23,14.39,9140,12.7,415.76,0.0,1827.14,76.59
2021-09-10,Alabama,Perry,76.59,7,0,0.0,1308,30.0,2.29,14310.72,328.23,14.31,9140,12.7,415.76,-10.94,1750.55,-21.88
2021-09-09,Alabama,Perry,32.82,3,0,0.0,1301,30.0,2.31,14234.14,328.23,14.23,9140,12.7,426.7,-87.53,1772.43,10.94
2021-09-08,Alabama,Perry,43.76,4,0,0.0,1298,30.0,2.31,14201.31,328.23,14.2,9140,12.7,514.23,-21.89,1761.49,0.0
2021-09-07,Alabama,Perry,76.59,7,0,0.0,1294,30.0,2.32,14157.55,328.23,14.16,9140,12.7,536.12,43.77,1761.49,21.89
2021-09-06,Alabama,Perry,10.94,1,0,0.0,1287,30.0,2.33,14080.96,328.23,14.08,9140,12.7,492.35,-21.88,1739.6,-32.82
2021-09-05,Alabama,Perry,98.47,9,0,0.0,1286,30.0,2.33,14070.02,328.23,14.07,9140,12.7,514.23,21.88,1772.42,98.47
2021-09-04,Alabama,Perry,76.59,7,0,0.0,1277,30.0,2.35,13971.55,328.23,13.97,9140,12.7,492.35,-21.88,1673.95,-10.94
2021-09-03,Alabama,Perry,87.53,8,2,21.88,1270,30.0,2.36,13894.97,328.23,13.89,9140,12.7,514.23,-65.64,1684.89,65.65
2021-09-02,Alabama,Perry,120.35,11,0,0.0,1262,28.0,2.22,13807.44,306.35,13.81,9140,12.7,579.87,-21.88,1619.24,98.47
2021-09-01,Alabama,Perry,65.65,6,0,0.0,1251,28.0,2.24,13687.09,306.35,13.69,9140,12.7,601.75,65.65,1520.77,65.65
2021-08-31,Alabama,Perry,32.82,3,0,0.0,1245,28.0,2.25,13621.44,306.35,13.62,9140,12.7,536.1,32.82,1455.12,-10.94
2021-08-30,Alabama,Perry,32.82,3,0,0.0,1242,28.0,2.25,13588.62,306.35,13.59,9140,12.7,503.28,-32.83,1466.06,0.0
2021-08-29,Alabama,Perry,76.59,7,0,0.0,1239,28.0,2.26,13555.8,306.35,13.56,9140,12.7,536.11,21.89,1466.06,54.71
2021-08-28,Alabama,Perry,98.47,9,0,0.0,1232,28.0,2.27,13479.21,306.35,13.48,9140,12.7,514.22,21.88,1411.35,87.53
2021-08-27,Alabama,Perry,153.17,14,0,0.0,1223,28.0,2.29,13380.74,306.35,13.38,9140,12.7,492.34,98.47,1323.82,153.17
2021-08-26,Alabama,Perry,142.23,13,0,0.0,1209,28.0,2.32,13227.57,306.35,13.23,9140,12.7,393.87,65.64,1170.65,109.41
2021-08-25,Alabama,Perry,0.0,0,0,0.0,1196,28.0,2.34,13085.34,306.35,13.09,9140,12.7,328.23,-54.7,1061.24,0.0
2021-08-24,Alabama,Perry,0.0,0,0,0.0,1196,28.0,2.34,13085.34,306.35,13.09,9140,12.7,382.93,-43.76,1061.24,0.0
2021-08-23,Alabama,Perry,65.65,6,0,0.0,1196,28.0,2.34,13085.34,306.35,13.09,9140,12.7,426.69,0.0,1061.24,65.65
2021-08-22,Alabama,Perry,54.7,5,0,0.0,1190,28.0,2.35,13019.69,306.35,13.02,9140,12.7,426.69,21.88,995.59,32.82
2021-08-21,Alabama,Perry,76.59,7,0,0.0,1185,28.0,2.36,12964.99,306.35,12.96,9140,12.7,404.81,76.59,962.77,76.59
2021-08-20,Alabama,Perry,54.7,5,0,0.0,1178,28.0,2.38,12888.4,306.35,12.89,9140,12.7,328.22,-43.77,886.18,43.76
2021-08-19,Alabama,Perry,76.59,7,0,0.0,1173,28.0,2.39,12833.7,306.35,12.83,9140,12.7,371.99,54.71,842.42,65.65
2021-08-18,Alabama,Perry,54.7,5,0,0.0,1166,28.0,2.4,12757.11,306.35,12.76,9140,12.7,317.28,10.94,776.77,54.7
2021-08-17,Alabama,Perry,43.76,4,0,0.0,1161,28.0,2.41,12702.41,306.35,12.7,9140,12.7,306.34,-10.94,722.07,43.76
2021-08-16,Alabama,Perry,65.65,6,0,0.0,1157,28.0,2.42,12658.64,306.35,12.66,9140,12.7,317.28,21.89,678.31,65.65
2021-08-15,Alabama,Perry,32.82,3,0,0.0,1151,28.0,2.43,12593.0,306.35,12.59,9140,12.7,295.39,32.82,612.66,32.82
2021-08-14,Alabama,Perry,0.0,0,0,0.0,1148,28.0,2.44,12560.18,306.35,12.56,9140,12.7,262.57,-87.53,579.84,-21.88
2021-08-13,Alabama,Perry,98.47,9,0,0.0,1148,28.0,2.44,12560.18,306.35,12.56,9140,12.7,350.1,76.59,601.72,98.47
2021-08-12,Alabama,Perry,21.88,2,0,0.0,1139,28.0,2.46,12461.71,306.35,12.46,9140,12.7,273.51,0.0,503.25,10.94
2021-08-11,Alabama,Perry,43.76,4,0,0.0,1137,28.0,2.46,12439.82,306.35,12.44,9140,12.7,273.51,43.76,492.31,21.88
2021-08-10,Alabama,Perry,54.7,5,0,0.0,1133,28.0,2.47,12396.06,306.35,12.4,9140,12.7,229.75,10.94,470.43,54.7
2021-08-09,Alabama,Perry,43.76,4,0,0.0,1128,28.0,2.48,12341.36,306.35,12.34,9140,12.7,218.81,10.94,415.73,43.76
2021-08-08,Alabama,Perry,0.0,0,0,0.0,1124,28.0,2.49,12297.59,306.35,12.3,9140,12.7,207.87,-21.88,371.97,0.0
2021-08-07,Alabama,Perry,87.53,8,0,0.0,1124,28.0,2.49,12297.59,306.35,12.3,9140,12.7,229.75,76.59,371.97,87.53
2021-08-06,Alabama,Perry,21.88,2,0,0.0,1116,28.0,2.51,12210.07,306.35,12.21,9140,12.7,153.16,21.88,284.44,10.94
2021-08-05,Alabama,Perry,21.88,2,0,0.0,1114,28.0,2.51,12188.18,306.35,12.19,9140,12.7,131.28,-10.94,273.5,21.88
2021-08-04,Alabama,Perry,0.0,0,0,0.0,1112,28.0,2.52,12166.3,306.35,12.17,9140,12.7,142.22,0.0,251.62,-10.94
2021-08-03,Alabama,Perry,43.76,4,0,0.0,1112,28.0,2.52,12166.3,306.35,12.17,9140,12.7,142.22,43.76,262.56,43.76
2021-08-02,Alabama,Perry,32.82,3,0,0.0,1108,28.0,2.53,12122.54,306.35,12.12,9140,12.7,98.46,32.82,218.8,32.82
2021-08-01,Alabama,Perry,21.88,2,0,0.0,1105,28.0,2.53,12089.72,306.35,12.09,9140,12.7,65.64,0.0,185.98,21.88
2021-07-31,Alabama,Perry,10.94,1,0,0.0,1103,28.0,2.54,12067.83,306.35,12.07,9140,12.7,65.64,10.94,164.1,10.94
2021-07-30,Alabama,Perry,0.0,0,0,0.0,1102,28.0,2.54,12056.89,306.35,12.06,9140,12.7,54.7,-10.94,153.16,-10.94
2021-07-29,Alabama,Perry,32.82,3,0,0.0,1102,28.0,2.54,12056.89,306.35,12.06,9140,12.7,65.64,21.88,164.1,32.82
2021-07-28,Alabama,Perry,0.0,0,0,0.0,1099,28.0,2.55,12024.07,306.35,12.02,9140,12.7,43.76,0.0,131.28,-10.94
2021-07-27,Alabama,Perry,0.0,0,0,0.0,1099,28.0,2.55,12024.07,306.35,12.02,9140,12.7,43.76,0.0,142.22,0.0
2021-07-26,Alabama,Perry,0.0,0,0,0.0,1099,28.0,2.55,12024.07,306.35,12.02,9140,12.7,43.76,0.0,142.22,0.0
2021-07-25,Alabama,Perry,21.88,2,0,0.0,1099,28.0,2.55,12024.07,306.35,12.02,9140,12.7,43.76,21.88,142.22,21.88
2021-07-24,Alabama,Perry,0.0,0,0,0.0,1097,28.0,2.55,12002.19,306.35,12.0,9140,12.7,21.88,-21.88,120.34,0.0
2021-07-23,Alabama,Perry,10.94,1,0,0.0,1097,28.0,2.55,12002.19,306.35,12.0,9140,12.7,43.76,10.94,120.34,32.82
2021-07-22,Alabama,Perry,10.94,1,0,0.0,1096,28.0,2.55,11991.25,306.35,11.99,9140,12.7,32.82,0.0,87.52,10.94
2021-07-21,Alabama,Perry,0.0,0,0,0.0,1095,28.0,2.56,11980.31,306.35,11.98,9140,12.7,32.82,-21.88,76.58,-21.88
2021-07-20,Alabama,Perry,0.0,0,0,0.0,1095,28.0,2.56,11980.31,306.35,11.98,9140,12.7,54.7,0.0,98.46,0.0
2021-07-19,Alabama,Perry,0.0,0,0,0.0,1095,28.0,2.56,11980.31,306.35,11.98,9140,12.7,54.7,0.0,98.46,0.0
2021-07-18,Alabama,Perry,0.0,0,0,0.0,1095,28.0,2.56,11980.31,306.35,11.98,9140,12.7,54.7,0.0,98.46,0.0
2021-07-17,Alabama,Perry,21.88,2,0,0.0,1095,28.0,2.56,11980.31,306.35,11.98,9140,12.7,54.7,21.88,98.46,21.88
2021-07-16,Alabama,Perry,0.0,0,0,0.0,1093,28.0,2.56,11958.42,306.35,11.96,9140,12.7,32.82,-10.94,76.58,0.0
2021-07-15,Alabama,Perry,10.94,1,0,0.0,1093,28.0,2.56,11958.42,306.35,11.96,9140,12.7,43.76,10.94,76.58,10.94
2021-07-14,Alabama,Perry,21.88,2,0,0.0,1092,28.0,2.56,11947.48,306.35,11.95,9140,12.7,32.82,10.94,65.64,32.82
2021-07-13,Alabama,Perry,0.0,0,0,0.0,1090,28.0,2.57,11925.6,306.35,11.93,9140,12.7,21.88,0.0,32.82,0.0
2021-07-12,Alabama,Perry,0.0,0,0,0.0,1090,28.0,2.57,11925.6,306.35,11.93,9140,12.7,21.88,0.0,32.82,0.0
2021-07-11,Alabama,Perry,0.0,0,0,0.0,1090,28.0,2.57,11925.6,306.35,11.93,9140,12.7,21.88,0.0,32.82,0.0
2021-07-10,Alabama,Perry,0.0,0,0,0.0,1090,28.0,2.57,11925.6,306.35,11.93,9140,12.7,21.88,0.0,32.82,0.0
2021-07-09,Alabama,Perry,10.94,1,0,0.0,1090,28.0,2.57,11925.6,306.35,11.93,9140,12.7,21.88,0.0,32.82,10.94
2021-07-08,Alabama,Perry,0.0,0,0,0.0,1089,28.0,2.57,11914.66,306.35,11.91,9140,12.7,21.88,0.0,21.88,0.0
2021-07-07,Alabama,Perry,10.94,1,0,0.0,1089,28.0,2.57,11914.66,306.35,11.91,9140,12.7,21.88,0.0,21.88,10.94
2021-07-06,Alabama,Perry,0.0,0,0,0.0,1088,28.0,2.57,11903.72,306.35,11.9,9140,12.7,21.88,0.0,10.94,0.0
2021-07-05,Alabama,Perry,0.0,0,0,0.0,1088,28.0,2.57,11903.72,306.35,11.9,9140,12.7,21.88,0.0,10.94,-21.88
2021-07-04,Alabama,Perry,0.0,0,0,0.0,1088,28.0,2.57,11903.72,306.35,11.9,9140,12.7,21.88,0.0,32.82,0.0
2021-07-03,Alabama,Perry,0.0,0,0,0.0,1088,28.0,2.57,11903.72,306.35,11.9,9140,12.7,21.88,0.0,32.82,0.0
2021-07-02,Alabama,Perry,10.94,1,1,10.94,1088,28.0,2.57,11903.72,306.35,11.9,9140,12.7,21.88,32.82,32.82,10.94
2021-07-01,Alabama,Perry,0.0,0,0,0.0,1087,27.0,2.48,11892.78,295.4,11.89,9140,12.7,-10.94,0.0,21.88,-10.94
2021-06-30,Alabama,Perry,10.94,1,1,10.94,1087,27.0,2.48,11892.78,295.4,11.89,9140,12.7,-10.94,-10.94,32.82,0.0
2021-06-29,Alabama,Perry,0.0,0,0,0.0,1086,26.0,2.39,11881.84,284.46,11.88,9140,12.7,0.0,0.0,32.82,-21.88
2021-06-28,Alabama,Perry,0.0,0,0,0.0,1086,26.0,2.39,11881.84,284.46,11.88,9140,12.7,0.0,0.0,54.7,0.0
2021-06-27,Alabama,Perry,0.0,0,0,0.0,1086,26.0,2.39,11881.84,284.46,11.88,9140,12.7,0.0,0.0,54.7,0.0
2021-06-26,Alabama,Perry,0.0,0,0,0.0,1086,26.0,2.39,11881.84,284.46,11.88,9140,12.7,0.0,0.0,54.7,0.0
2021-06-25,Alabama,Perry,-21.88,-2,0,0.0,1086,26.0,2.39,11881.84,284.46,11.88,9140,12.7,0.0,-21.88,54.7,-21.88
2021-06-24,Alabama,Perry,0.0,0,0,0.0,1088,26.0,2.39,11903.72,284.46,11.9,9140,12.7,21.88,0.0,76.58,0.0
2021-06-23,Alabama,Perry,21.88,2,0,0.0,1088,26.0,2.39,11903.72,284.46,11.9,9140,12.7,21.88,32.82,76.58,32.82
2021-06-22,Alabama,Perry,0.0,0,0,0.0,1086,26.0,2.39,11881.84,284.46,11.88,9140,12.7,-10.94,0.0,43.76,-10.94
2021-06-21,Alabama,Perry,0.0,0,0,0.0,1086,26.0,2.39,11881.84,284.46,11.88,9140,12.7,-10.94,0.0,54.7,0.0
2021-06-20,Alabama,Perry,0.0,0,0,0.0,1086,26.0,2.39,11881.84,284.46,11.88,9140,12.7,-10.94,0.0,54.7,-10.94
2021-06-19,Alabama,Perry,0.0,0,0,0.0,1086,26.0,2.39,11881.84,284.46,11.88,9140,12.7,-10.94,0.0,65.64,0.0
2021-06-18,Alabama,Perry,0.0,0,0,0.0,1086,26.0,2.39,11881.84,284.46,11.88,9140,12.7,-10.94,0.0,65.64,-10.94
2021-06-17,Alabama,Perry,0.0,0,0,0.0,1086,26.0,2.39,11881.84,284.46,11.88,9140,12.7,-10.94,0.0,76.58,-10.94
2021-06-16,Alabama,Perry,-10.94,-1,0,0.0,1086,26.0,2.39,11881.84,284.46,11.88,9140,12.7,-10.94,-10.94,87.52,-10.94
2021-06-15,Alabama,Perry,0.0,0,0,0.0,1087,26.0,2.39,11892.78,284.46,11.89,9140,12.7,0.0,0.0,98.46,0.0
2021-06-14,Alabama,Perry,0.0,0,0,0.0,1087,26.0,2.39,11892.78,284.46,11.89,9140,12.7,0.0,-21.88,98.46,0.0
2021-06-13,Alabama,Perry,0.0,0,0,0.0,1087,26.0,2.39,11892.78,284.46,11.89,9140,12.7,21.88,0.0,98.46,0.0
2021-06-12,Alabama,Perry,0.0,0,0,0.0,1087,26.0,2.39,11892.78,284.46,11.89,9140,12.7,21.88,0.0,98.46,0.0
2021-06-11,Alabama,Perry,0.0,0,0,0.0,1087,26.0,2.39,11892.78,284.46,11.89,9140,12.7,21.88,0.0,98.46,0.0
2021-06-10,Alabama,Perry,0.0,0,0,0.0,1087,26.0,2.39,11892.78,284.46,11.89,9140,12.7,21.88,-10.94,98.46,0.0
2021-06-09,Alabama,Perry,0.0,0,0,0.0,1087,26.0,2.39,11892.78,284.46,11.89,9140,12.7,32.82,-10.94,98.46,-10.94
2021-06-08,Alabama,Perry,0.0,0,0,0.0,1087,26.0,2.39,11892.78,284.46,11.89,9140,12.7,43.76,-21.88,109.4,0.0
2021-06-07,Alabama,Perry,21.88,2,0,0.0,1087,26.0,2.39,11892.78,284.46,11.89,9140,12.7,65.64,21.88,109.4,21.88
2021-06-06,Alabama,Perry,0.0,0,0,0.0,1085,26.0,2.4,11870.9,284.46,11.87,9140,12.7,43.76,0.0,87.52,-21.88
2021-06-05,Alabama,Perry,0.0,0,0,0.0,1085,26.0,2.4,11870.9,284.46,11.87,9140,12.7,43.76,0.0,109.4,0.0
2021-06-04,Alabama,Perry,0.0,0,0,0.0,1085,26.0,2.4,11870.9,284.46,11.87,9140,12.7,43.76,0.0,109.4,0.0
2021-06-03,Alabama,Perry,10.94,1,0,0.0,1085,26.0,2.4,11870.9,284.46,11.87,9140,12.7,43.76,10.94,109.4,10.94
2021-06-02,Alabama,Perry,10.94,1,0,0.0,1084,26.0,2.4,11859.96,284.46,11.86,9140,12.7,32.82,21.88,98.46,10.94
2021-06-01,Alabama,Perry,21.88,2,0,0.0,1083,26.0,2.4,11849.02,284.46,11.85,9140,12.7,10.94,10.94,87.52,21.88
2021-05-31,Alabama,Perry,0.0,0,0,0.0,1081,26.0,2.41,11827.13,284.46,11.83,9140,12.7,0.0,0.0,65.64,0.0
2021-05-30,Alabama,Perry,0.0,0,0,0.0,1081,26.0,2.41,11827.13,284.46,11.83,9140,12.7,0.0,-10.94,65.64,0.0
2021-05-29,Alabama,Perry,0.0,0,0,0.0,1081,26.0,2.41,11827.13,284.46,11.83,9140,12.7,10.94,0.0,65.64,0.0
2021-05-28,Alabama,Perry,0.0,0,0,0.0,1081,26.0,2.41,11827.13,284.46,11.83,9140,12.7,10.94,-10.94,65.64,0.0
2021-05-27,Alabama,Perry,0.0,0,0,0.0,1081,26.0,2.41,11827.13,284.46,11.83,9140,12.7,21.88,-10.94,65.64,10.94
2021-05-26,Alabama,Perry,-10.94,-1,0,0.0,1081,26.0,2.41,11827.13,284.46,11.83,9140,12.7,32.82,-10.94,54.7,-10.94
2021-05-25,Alabama,Perry,10.94,1,0,0.0,1082,26.0,2.4,11838.07,284.46,11.84,9140,12.7,43.76,10.94,65.64,0.0
2021-05-24,Alabama,Perry,0.0,0,0,0.0,1081,26.0,2.41,11827.13,284.46,11.83,9140,12.7,32.82,0.0,65.64,0.0
2021-05-23,Alabama,Perry,10.94,1,0,0.0,1081,26.0,2.41,11827.13,284.46,11.83,9140,12.7,32.82,10.94,65.64,10.94
2021-05-22,Alabama,Perry,0.0,0,0,0.0,1080,26.0,2.41,11816.19,284.46,11.82,9140,12.7,21.88,0.0,54.7,21.88
2021-05-21,Alabama,Perry,10.94,1,0,0.0,1080,26.0,2.41,11816.19,284.46,11.82,9140,12.7,21.88,10.94,32.82,10.94
2021-05-20,Alabama,Perry,10.94,1,0,0.0,1079,26.0,2.41,11805.25,284.46,11.81,9140,12.7,10.94,10.94,21.88,0.0
2021-05-19,Alabama,Perry,0.0,0,0,0.0,1078,26.0,2.41,11794.31,284.46,11.79,9140,12.7,0.0,-10.94,21.88,10.94
2021-05-18,Alabama,Perry,0.0,0,0,0.0,1078,26.0,2.41,11794.31,284.46,11.79,9140,12.7,10.94,0.0,10.94,0.0
2021-05-17,Alabama,Perry,0.0,0,0,0.0,1078,26.0,2.41,11794.31,284.46,11.79,9140,12.7,10.94,0.0,10.94,-10.94
2021-05-16,Alabama,Perry,0.0,0,0,0.0,1078,26.0,2.41,11794.31,284.46,11.79,9140,12.7,10.94,-21.88,21.88,0.0
2021-05-15,Alabama,Perry,0.0,0,0,0.0,1078,26.0,2.41,11794.31,284.46,11.79,9140,12.7,32.82,0.0,21.88,0.0
2021-05-14,Alabama,Perry,0.0,0,0,0.0,1078,26.0,2.41,11794.31,284.46,11.79,9140,12.7,32.82,0.0,21.88,0.0
2021-05-13,Alabama,Perry,0.0,0,0,0.0,1078,26.0,2.41,11794.31,284.46,11.79,9140,12.7,32.82,0.0,21.88,0.0
2021-05-12,Alabama,Perry,10.94,1,0,0.0,1078,26.0,2.41,11794.31,284.46,11.79,9140,12.7,32.82,10.94,21.88,43.76
2021-05-11,Alabama,Perry,0.0,0,0,0.0,1077,26.0,2.41,11783.37,284.46,11.78,9140,12.7,21.88,0.0,-21.88,0.0
2021-05-10,Alabama,Perry,0.0,0,0,0.0,1077,26.0,2.41,11783.37,284.46,11.78,9140,12.7,21.88,0.0,-21.88,0.0
2021-05-09,Alabama,Perry,21.88,2,0,0.0,1077,26.0,2.41,11783.37,284.46,11.78,9140,12.7,21.88,21.88,-21.88,21.88
2021-05-08,Alabama,Perry,0.0,0,0,0.0,1075,26.0,2.42,11761.49,284.46,11.76,9140,12.7,0.0,0.0,-43.76,0.0
2021-05-07,Alabama,Perry,0.0,0,0,0.0,1075,26.0,2.42,11761.49,284.46,11.76,9140,12.7,0.0,0.0,-43.76,0.0
2021-05-06,Alabama,Perry,0.0,0,0,0.0,1075,26.0,2.42,11761.49,284.46,11.76,9140,12.7,0.0,10.94,-43.76,21.88
2021-05-05,Alabama,Perry,0.0,0,0,0.0,1075,26.0,2.42,11761.49,284.46,11.76,9140,12.7,-10.94,0.0,-65.64,21.88
2021-05-04,Alabama,Perry,0.0,0,0,0.0,1075,26.0,2.42,11761.49,284.46,11.76,9140,12.7,-10.94,-10.94,-87.52,-10.94
2021-05-03,Alabama,Perry,0.0,0,0,0.0,1075,26.0,2.42,11761.49,284.46,11.76,9140,12.7,0.0,0.0,-76.58,0.0
2021-05-02,Alabama,Perry,0.0,0,0,0.0,1075,26.0,2.42,11761.49,284.46,11.76,9140,12.7,0.0,0.0,-76.58,0.0
2021-05-01,Alabama,Perry,0.0,0,0,0.0,1075,26.0,2.42,11761.49,284.46,11.76,9140,12.7,0.0,21.88,-76.58,10.94
2021-04-30,Alabama,Perry,0.0,0,0,0.0,1075,26.0,2.42,11761.49,284.46,11.76,9140,12.7,-21.88,0.0,-87.52,-32.82
2021-04-29,Alabama,Perry,-10.94,-1,0,0.0,1075,26.0,2.42,11761.49,284.46,11.76,9140,12.7,-21.88,-21.88,-54.7,-21.88
2021-04-28,Alabama,Perry,0.0,0,0,0.0,1076,26.0,2.42,11772.43,284.46,11.77,9140,12.7,0.0,10.94,-32.82,-10.94
2021-04-27,Alabama,Perry,10.94,1,0,0.0,1076,26.0,2.42,11772.43,284.46,11.77,9140,12.7,-10.94,10.94,-21.88,10.94
2021-04-26,Alabama,Perry,0.0,0,0,0.0,1075,26.0,2.42,11761.49,284.46,11.76,9140,12.7,-21.88,-10.94,-32.82,0.0
2021-04-25,Alabama,Perry,0.0,0,0,0.0,1075,26.0,2.42,11761.49,284.46,11.76,9140,12.7,-10.94,0.0,-32.82,-10.94
2021-04-24,Alabama,Perry,-21.88,-2,0,0.0,1075,26.0,2.42,11761.49,284.46,11.76,9140,12.7,-10.94,-21.88,-21.88,-21.88
2021-04-23,Alabama,Perry,0.0,0,0,0.0,1077,26.0,2.41,11783.37,284.46,11.78,9140,12.7,10.94,0.0,-0.0,0.0
2021-04-22,Alabama,Perry,10.94,1,0,0.0,1077,26.0,2.41,11783.37,284.46,11.78,9140,12.7,10.94,10.94,-0.0,10.94
2021-04-21,Alabama,Perry,-10.94,-1,0,0.0,1076,26.0,2.42,11772.43,284.46,11.77,9140,12.7,0.0,21.88,-10.94,-10.94
2021-04-20,Alabama,Perry,0.0,0,0,0.0,1077,26.0,2.41,11783.37,284.46,11.78,9140,12.7,-21.88,0.0,-0.0,0.0
2021-04-19,Alabama,Perry,10.94,1,0,0.0,1077,26.0,2.41,11783.37,284.46,11.78,9140,12.7,-21.88,10.94,-0.0,10.94
2021-04-18,Alabama,Perry,0.0,0,0,0.0,1076,26.0,2.42,11772.43,284.46,11.77,9140,12.7,-32.82,0.0,-10.94,0.0
2021-04-17,Alabama,Perry,0.0,0,0,0.0,1076,26.0,2.42,11772.43,284.46,11.77,9140,12.7,-32.82,0.0,-10.94,0.0
2021-04-16,Alabama,Perry,0.0,0,0,0.0,1076,26.0,2.42,11772.43,284.46,11.77,9140,12.7,-32.82,0.0,-10.94,0.0
2021-04-15,Alabama,Perry,0.0,0,0,0.0,1076,26.0,2.42,11772.43,284.46,11.77,9140,12.7,-32.82,21.88,-10.94,-10.94
2021-04-14,Alabama,Perry,-32.82,-3,0,0.0,1076,26.0,2.42,11772.43,284.46,11.77,9140,12.7,-54.7,-10.94,-0.0,-54.7
2021-04-13,Alabama,Perry,0.0,0,0,0.0,1079,26.0,2.41,11805.25,284.46,11.81,9140,12.7,-43.76,-10.94,54.7,10.94
2021-04-12,Alabama,Perry,0.0,0,0,0.0,1079,26.0,2.41,11805.25,284.46,11.81,9140,12.7,-32.82,0.0,43.76,-43.76
2021-04-11,Alabama,Perry,0.0,0,0,0.0,1079,26.0,2.41,11805.25,284.46,11.81,9140,12.7,-32.82,0.0,87.52,0.0
2021-04-10,Alabama,Perry,0.0,0,0,0.0,1079,26.0,2.41,11805.25,284.46,11.81,9140,12.7,-32.82,10.94,87.52,0.0
2021-04-09,Alabama,Perry,0.0,0,0,0.0,1079,26.0,2.41,11805.25,284.46,11.81,9140,12.7,-43.76,-32.82,87.52,10.94
2021-04-08,Alabama,Perry,-21.88,-2,0,0.0,1079,26.0,2.41,11805.25,284.46,11.81,9140,12.7,-10.94,-32.82,76.58,-32.82
2021-04-07,Alabama,Perry,-21.88,-2,-1,-10.94,1081,26.0,2.41,11827.13,284.46,11.83,9140,12.7,21.88,-32.82,109.4,-87.53
2021-04-06,Alabama,Perry,10.94,1,0,0.0,1083,27.0,2.49,11849.02,295.4,11.85,9140,12.7,54.7,10.94,196.93,0.0
2021-04-05,Alabama,Perry,0.0,0,0,0.0,1082,27.0,2.5,11838.07,295.4,11.84,9140,12.7,43.76,0.0,196.93,0.0
2021-04-04,Alabama,Perry,0.0,0,0,0.0,1082,27.0,2.5,11838.07,295.4,11.84,9140,12.7,43.76,-10.94,196.93,0.0
2021-04-03,Alabama,Perry,-10.94,-1,0,0.0,1082,27.0,2.5,11838.07,295.4,11.84,9140,12.7,54.7,-10.94,196.93,-32.82
2021-04-02,Alabama,Perry,32.82,3,0,0.0,1083,27.0,2.49,11849.02,295.4,11.85,9140,12.7,65.64,32.82,229.75,21.88
2021-04-01,Alabama,Perry,10.94,1,0,0.0,1080,27.0,2.5,11816.19,295.4,11.82,9140,12.7,32.82,10.94,207.87,-10.94
2021-03-31,Alabama,Perry,10.94,1,0,0.0,1079,27.0,2.5,11805.25,295.4,11.81,9140,12.7,21.88,10.94,218.81,0.0
2021-03-30,Alabama,Perry,0.0,0,0,0.0,1078,27.0,2.5,11794.31,295.4,11.79,9140,12.7,10.94,0.0,218.81,-21.88
2021-03-29,Alabama,Perry,0.0,0,0,0.0,1078,27.0,2.5,11794.31,295.4,11.79,9140,12.7,10.94,0.0,240.69,-10.94
2021-03-28,Alabama,Perry,10.94,1,0,0.0,1078,27.0,2.5,11794.31,295.4,11.79,9140,12.7,10.94,10.94,251.63,10.94
2021-03-27,Alabama,Perry,0.0,0,0,0.0,1077,27.0,2.51,11783.37,295.4,11.78,9140,12.7,0.0,0.0,240.69,-10.94
2021-03-26,Alabama,Perry,0.0,0,0,0.0,1077,27.0,2.51,11783.37,295.4,11.78,9140,12.7,0.0,0.0,251.63,-10.94
2021-03-25,Alabama,Perry,0.0,0,0,0.0,1077,27.0,2.51,11783.37,295.4,11.78,9140,12.7,0.0,-10.94,262.57,0.0
2021-03-24,Alabama,Perry,0.0,0,0,0.0,1077,27.0,2.51,11783.37,295.4,11.78,9140,12.7,10.94,-21.88,262.57,-43.76
2021-03-23,Alabama,Perry,0.0,0,0,0.0,1077,27.0,2.51,11783.37,295.4,11.78,9140,12.7,32.82,10.94,306.33,-43.76
2021-03-22,Alabama,Perry,0.0,0,0,0.0,1077,27.0,2.51,11783.37,295.4,11.78,9140,12.7,21.88,-43.76,350.09,0.0
2021-03-21,Alabama,Perry,0.0,0,0,0.0,1077,27.0,2.51,11783.37,295.4,11.78,9140,12.7,65.64,0.0,350.09,0.0
2021-03-20,Alabama,Perry,0.0,0,0,0.0,1077,27.0,2.51,11783.37,295.4,11.78,9140,12.7,65.64,0.0,350.09,0.0
2021-03-19,Alabama,Perry,0.0,0,0,0.0,1077,27.0,2.51,11783.37,295.4,11.78,9140,12.7,65.64,10.94,350.09,0.0
2021-03-18,Alabama,Perry,10.94,1,0,0.0,1077,27.0,2.51,11783.37,295.4,11.78,9140,12.7,54.7,0.0,350.09,21.88
2021-03-17,Alabama,Perry,21.88,2,0,0.0,1076,27.0,2.51,11772.43,295.4,11.77,9140,12.7,54.7,-43.77,328.21,10.94
2021-03-16,Alabama,Perry,-10.94,-1,0,0.0,1074,27.0,2.51,11750.55,295.4,11.75,9140,12.7,98.47,-21.88,317.27,-43.76
2021-03-15,Alabama,Perry,43.76,4,0,0.0,1075,27.0,2.51,11761.49,295.4,11.76,9140,12.7,120.35,43.76,361.03,43.76
2021-03-14,Alabama,Perry,0.0,0,0,0.0,1071,27.0,2.52,11717.72,295.4,11.72,9140,12.7,76.59,0.0,317.27,0.0
2021-03-13,Alabama,Perry,0.0,0,0,0.0,1071,27.0,2.52,11717.72,295.4,11.72,9140,12.7,76.59,-21.88,317.27,-32.82
2021-03-12,Alabama,Perry,-10.94,-1,0,0.0,1071,27.0,2.52,11717.72,295.4,11.72,9140,12.7,98.47,-21.88,350.09,-10.94
2021-03-11,Alabama,Perry,10.94,1,0,0.0,1072,27.0,2.52,11728.67,295.4,11.73,9140,12.7,120.35,-10.94,361.03,-21.88
2021-03-10,Alabama,Perry,65.65,6,0,0.0,1071,27.0,2.52,11717.72,295.4,11.72,9140,12.7,131.29,54.71,382.91,65.65
2021-03-09,Alabama,Perry,10.94,1,0,0.0,1065,27.0,2.54,11652.08,295.4,11.65,9140,12.7,76.58,-10.94,317.26,109.41
2021-03-08,Alabama,Perry,0.0,0,0,0.0,1064,27.0,2.54,11641.14,295.4,11.64,9140,12.7,87.52,-10.94,207.85,54.7
2021-03-07,Alabama,Perry,0.0,0,0,0.0,1064,27.0,2.54,11641.14,295.4,11.64,9140,12.7,98.46,0.0,153.15,87.53
2021-03-06,Alabama,Perry,21.88,2,0,0.0,1064,27.0,2.54,11641.14,295.4,11.64,9140,12.7,98.46,10.94,65.62,-240.7
2021-03-05,Alabama,Perry,10.94,1,0,0.0,1062,27.0,2.54,11619.26,295.4,11.62,9140,12.7,87.52,0.0,306.32,32.82
2021-03-04,Alabama,Perry,21.88,2,0,0.0,1061,27.0,2.54,11608.32,295.4,11.61,9140,12.7,87.52,21.88,273.5,10.94
2021-03-03,Alabama,Perry,10.94,1,0,0.0,1059,27.0,2.55,11586.43,295.4,11.59,9140,12.7,65.64,-32.82,262.56,164.11
2021-03-02,Alabama,Perry,21.88,2,0,0.0,1058,27.0,2.55,11575.49,295.4,11.58,9140,12.7,98.46,-21.88,98.45,-196.94
2021-03-01,Alabama,Perry,10.94,1,0,0.0,1056,27.0,2.56,11553.61,295.4,11.55,9140,12.7,120.34,10.94,295.39,-10.94
2021-02-28,Alabama,Perry,0.0,0,0,0.0,1055,27.0,2.56,11542.67,295.4,11.54,9140,12.7,109.4,0.0,306.33,-109.41
2021-02-27,Alabama,Perry,10.94,1,0,0.0,1055,27.0,2.56,11542.67,295.4,11.54,9140,12.7,109.4,10.94,415.74,10.94
2021-02-26,Alabama,Perry,10.94,1,0,0.0,1054,27.0,2.56,11531.73,295.4,11.53,9140,12.7,98.46,10.94,404.8,-10.94
2021-02-25,Alabama,Perry,0.0,0,0,0.0,1053,27.0,2.56,11520.79,295.4,11.52,9140,12.7,87.52,10.94,415.74,-76.59
2021-02-24,Alabama,Perry,43.76,4,0,0.0,1053,27.0,2.56,11520.79,295.4,11.52,9140,12.7,76.58,32.82,492.33,10.94
2021-02-23,Alabama,Perry,43.76,4,0,0.0,1049,27.0,2.57,11477.02,295.4,11.48,9140,12.7,43.76,10.94,481.39,43.76
2021-02-22,Alabama,Perry,0.0,0,0,0.0,1045,27.0,2.58,11433.26,295.4,11.43,9140,12.7,32.82,0.0,437.63,-54.7
2021-02-21,Alabama,Perry,0.0,0,0,0.0,1045,27.0,2.58,11433.26,295.4,11.43,9140,12.7,32.82,0.0,492.33,-10.94
2021-02-20,Alabama,Perry,0.0,0,0,0.0,1045,27.0,2.58,11433.26,295.4,11.43,9140,12.7,32.82,-32.82,503.27,-87.53
2021-02-19,Alabama,Perry,0.0,0,0,0.0,1045,27.0,2.58,11433.26,295.4,11.43,9140,12.7,65.64,0.0,590.8,0.0
2021-02-18,Alabama,Perry,-10.94,-1,1,10.94,1045,27.0,2.58,11433.26,295.4,11.43,9140,12.7,65.64,-43.76,590.8,-21.88
2021-02-17,Alabama,Perry,10.94,1,0,0.0,1046,26.0,2.49,11444.2,284.46,11.44,9140,12.7,109.4,10.94,612.68,-76.59
2021-02-16,Alabama,Perry,32.82,3,0,0.0,1045,26.0,2.49,11433.26,284.46,11.43,9140,12.7,98.46,131.29,689.27,-21.88
2021-02-15,Alabama,Perry,0.0,0,0,0.0,1042,26.0,2.5,11400.44,284.46,11.4,9140,12.7,-32.83,54.7,711.15,-32.82
2021-02-14,Alabama,Perry,0.0,0,0,0.0,1042,26.0,2.5,11400.44,284.46,11.4,9140,12.7,-87.53,87.53,743.97,-54.7
2021-02-13,Alabama,Perry,32.82,3,0,0.0,1042,26.0,2.5,11400.44,284.46,11.4,9140,12.7,-175.06,-229.76,798.67,-131.29
2021-02-12,Alabama,Perry,0.0,0,1,10.94,1039,26.0,2.5,11367.61,284.46,11.37,9140,12.7,54.7,21.88,929.96,-43.76
2021-02-11,Alabama,Perry,32.82,3,0,0.0,1039,25.0,2.41,11367.61,273.52,11.37,9140,12.7,32.82,21.88,973.72,-87.53
2021-02-10,Alabama,Perry,0.0,0,1,10.94,1036,25.0,2.41,11334.79,273.52,11.33,9140,12.7,10.94,153.17,1061.25,-98.47
2021-02-09,Alabama,Perry,-98.47,-9,0,0.0,1036,24.0,2.32,11334.79,262.58,11.33,9140,12.7,-142.23,-317.29,1159.72,-54.71
2021-02-08,Alabama,Perry,-54.7,-5,1,10.94,1045,24.0,2.3,11433.26,262.58,11.43,9140,12.7,175.06,-76.58,1214.43,-98.46
2021-02-07,Alabama,Perry,-87.53,-8,0,0.0,1050,23.0,2.19,11487.96,251.64,11.49,9140,12.7,251.64,-196.94,1312.89,-142.23
2021-02-06,Alabama,Perry,262.58,24,1,10.94,1058,23.0,2.17,11575.49,251.64,11.58,9140,12.7,448.58,262.58,1455.12,142.23
2021-02-05,Alabama,Perry,-21.88,-2,0,0.0,1034,22.0,2.13,11312.91,240.7,11.31,9140,12.7,186.0,-43.76,1312.89,-109.41
2021-02-04,Alabama,Perry,10.94,1,0,0.0,1036,22.0,2.12,11334.79,240.7,11.33,9140,12.7,229.76,-65.65,1422.3,-65.65
2021-02-03,Alabama,Perry,-153.17,-14,2,21.88,1035,22.0,2.13,11323.85,240.7,11.32,9140,12.7,295.41,-185.99,1487.95,-251.64
2021-02-02,Alabama,Perry,218.82,20,0,0.0,1049,20.0,1.91,11477.02,218.82,11.48,9140,12.7,481.4,218.82,1739.59,186.0
2021-02-01,Alabama,Perry,21.88,2,0,0.0,1029,20.0,1.94,11258.21,218.82,11.26,9140,12.7,262.58,-32.82,1553.59,21.88
2021-01-31,Alabama,Perry,109.41,10,1,10.94,1027,20.0,1.95,11236.32,218.82,11.24,9140,12.7,295.4,98.47,1531.71,65.65
2021-01-30,Alabama,Perry,0.0,0,0,0.0,1017,19.0,1.87,11126.91,207.88,11.13,9140,12.7,196.93,-87.53,1466.06,-43.76
2021-01-29,Alabama,Perry,21.88,2,0,0.0,1017,19.0,1.87,11126.91,207.88,11.13,9140,12.7,284.46,21.88,1509.82,-109.41
2021-01-28,Alabama,Perry,76.59,7,0,0.0,1015,19.0,1.87,11105.03,207.88,11.11,9140,12.7,262.58,65.65,1619.23,-76.58
2021-01-27,Alabama,Perry,32.82,3,1,10.94,1008,19.0,1.88,11028.45,207.88,11.03,9140,12.7,196.93,-54.71,1695.81,-87.53
2021-01-26,Alabama,Perry,0.0,0,0,0.0,1005,18.0,1.79,10995.62,196.94,11.0,9140,12.7,251.64,-54.7,1783.34,-65.65
2021-01-25,Alabama,Perry,54.7,5,0,0.0,1005,18.0,1.79,10995.62,196.94,11.0,9140,12.7,306.34,21.88,1848.99,-43.77
2021-01-24,Alabama,Perry,10.94,1,0,0.0,1000,18.0,1.8,10940.92,196.94,10.94,9140,12.7,284.46,-43.76,1892.76,-21.88
2021-01-23,Alabama,Perry,87.53,8,0,0.0,999,18.0,1.8,10929.98,196.94,10.93,9140,12.7,328.22,-76.58,1914.64,76.59
2021-01-22,Alabama,Perry,0.0,0,0,0.0,991,18.0,1.82,10842.45,196.94,10.84,9140,12.7,404.8,-43.76,1838.05,-54.7
2021-01-21,Alabama,Perry,10.94,1,-1,-10.94,991,18.0,1.82,10842.45,196.94,10.84,9140,12.7,448.56,-109.41,1892.75,-98.47
2021-01-20,Alabama,Perry,87.53,8,0,0.0,990,19.0,1.92,10831.51,207.88,10.83,9140,12.7,557.97,-10.94,1991.22,-10.94
2021-01-19,Alabama,Perry,54.7,5,0,0.0,982,19.0,1.93,10743.98,207.88,10.74,9140,12.7,568.91,98.46,2002.16,10.94
2021-01-18,Alabama,Perry,32.82,3,0,0.0,977,19.0,1.94,10689.28,207.88,10.69,9140,12.7,470.45,-10.94,1991.22,-21.88
2021-01-17,Alabama,Perry,54.7,5,0,0.0,974,19.0,1.95,10656.46,207.88,10.66,9140,12.7,481.39,0.0,2013.1,10.94
2021-01-16,Alabama,Perry,164.11,15,0,0.0,969,19.0,1.96,10601.75,207.88,10.6,9140,12.7,481.39,43.76,2002.16,54.7
2021-01-15,Alabama,Perry,43.76,4,0,0.0,954,19.0,1.99,10437.64,207.88,10.44,9140,12.7,437.63,-43.77,1947.46,-32.83
2021-01-14,Alabama,Perry,120.35,11,0,0.0,950,19.0,2.0,10393.87,207.88,10.39,9140,12.7,481.4,43.76,1980.29,-32.82
2021-01-13,Alabama,Perry,98.47,9,0,0.0,939,19.0,2.02,10273.52,207.88,10.27,9140,12.7,437.64,0.0,2013.11,32.82
2021-01-12,Alabama,Perry,-43.76,-4,0,0.0,930,19.0,2.04,10175.05,207.88,10.18,9140,12.7,437.64,-76.58,1980.29,-65.64
2021-01-11,Alabama,Perry,43.76,4,0,0.0,934,19.0,2.03,10218.82,207.88,10.22,9140,12.7,514.22,43.76,2045.93,21.88
2021-01-10,Alabama,Perry,54.7,5,0,0.0,930,19.0,2.04,10175.05,207.88,10.18,9140,12.7,470.46,10.94,2024.05,-21.89
2021-01-09,Alabama,Perry,120.35,11,0,0.0,925,19.0,2.05,10120.35,207.88,10.12,9140,12.7,459.52,76.59,2045.94,76.59
2021-01-08,Alabama,Perry,87.53,8,0,0.0,914,19.0,2.08,10000.0,207.88,10.0,9140,12.7,382.93,-43.76,1969.35,32.83
2021-01-07,Alabama,Perry,76.59,7,8,87.53,906,19.0,2.1,9912.47,207.88,9.91,9140,12.7,426.69,-76.58,1936.52,-43.76
2021-01-06,Alabama,Perry,98.47,9,1,10.94,899,11.0,1.22,9835.89,120.35,9.84,9140,12.7,503.27,-21.88,1980.28,54.71
2021-01-05,Alabama,Perry,32.82,3,0,0.0,890,10.0,1.12,9737.42,109.41,9.74,9140,12.7,525.15,-32.83,1925.57,-32.83
2021-01-04,Alabama,Perry,0.0,0,0,0.0,887,10.0,1.13,9704.6,109.41,9.7,9140,12.7,557.98,-98.47,1958.4,-10.94
2021-01-03,Alabama,Perry,43.76,4,0,0.0,887,10.0,1.13,9704.6,109.41,9.7,9140,12.7,656.45,10.94,1969.34,32.82
2021-01-02,Alabama,Perry,43.76,4,0,0.0,883,10.0,1.13,9660.83,109.41,9.66,9140,12.7,645.51,32.82,1936.52,10.94
2021-01-01,Alabama,Perry,131.29,12,0,0.0,879,10.0,1.14,9617.07,109.41,9.62,9140,12.7,612.69,76.59,1925.58,76.59
2020-12-31,Alabama,Perry,153.17,14,1,10.94,867,10.0,1.15,9485.78,109.41,9.49,9140,12.7,536.1,43.76,1848.99,87.52
2020-12-30,Alabama,Perry,120.35,11,0,0.0,853,9.0,1.06,9332.6,98.47,9.33,9140,12.7,492.34,21.88,1761.47,109.41
2020-12-29,Alabama,Perry,65.65,6,0,0.0,842,9.0,1.07,9212.25,98.47,9.21,9140,12.7,470.46,21.89,1652.06,54.71
2020-12-28,Alabama,Perry,98.47,9,0,0.0,836,9.0,1.08,9146.61,98.47,9.15,9140,12.7,448.57,43.77,1597.35,87.53
2020-12-27,Alabama,Perry,32.82,3,0,0.0,827,9.0,1.09,9048.14,98.47,9.05,9140,12.7,404.8,-10.94,1509.82,21.88
2020-12-26,Alabama,Perry,10.94,1,0,0.0,824,9.0,1.09,9015.32,98.47,9.02,9140,12.7,415.74,-98.47,1487.94,-32.82
2020-12-25,Alabama,Perry,54.7,5,0,0.0,823,9.0,1.09,9004.38,98.47,9.0,9140,12.7,514.21,-21.89,1520.76,43.76
2020-12-24,Alabama,Perry,109.41,10,0,0.0,818,9.0,1.1,8949.67,98.47,8.95,9140,12.7,536.1,-43.76,1477.0,21.88
2020-12-23,Alabama,Perry,98.47,9,0,0.0,808,9.0,1.11,8840.26,98.47,8.84,9140,12.7,579.86,32.82,1455.12,65.65
2020-12-22,Alabama,Perry,43.76,4,0,0.0,799,9.0,1.13,8741.79,98.47,8.74,9140,12.7,547.04,21.88,1389.47,0.0
2020-12-21,Alabama,Perry,54.7,5,0,0.0,795,9.0,1.13,8698.03,98.47,8.7,9140,12.7,525.16,32.82,1389.47,54.7
2020-12-20,Alabama,Perry,43.76,4,0,0.0,790,9.0,1.14,8643.33,98.47,8.64,9140,12.7,492.34,-32.83,1334.77,21.88
2020-12-19,Alabama,Perry,109.41,10,0,0.0,786,9.0,1.15,8599.56,98.47,8.6,9140,12.7,525.17,65.65,1312.89,0.0
2020-12-18,Alabama,Perry,76.59,7,0,0.0,776,9.0,1.16,8490.15,98.47,8.49,9140,12.7,459.52,21.89,1312.89,21.89
2020-12-17,Alabama,Perry,153.17,14,0,0.0,769,9.0,1.17,8413.57,98.47,8.41,9140,12.7,437.63,32.82,1291.0,87.52
2020-12-16,Alabama,Perry,65.65,6,0,0.0,755,9.0,1.19,8260.39,98.47,8.26,9140,12.7,404.81,21.89,1203.48,32.83
2020-12-15,Alabama,Perry,21.88,2,0,0.0,749,9.0,1.2,8194.75,98.47,8.19,9140,12.7,382.92,-43.77,1170.65,10.94
2020-12-14,Alabama,Perry,21.88,2,0,0.0,747,9.0,1.2,8172.87,98.47,8.17,9140,12.7,426.69,10.94,1159.71,0.0
2020-12-13,Alabama,Perry,76.59,7,0,0.0,745,9.0,1.21,8150.98,98.47,8.15,9140,12.7,415.75,65.65,1159.71,76.59
2020-12-12,Alabama,Perry,43.76,4,0,0.0,738,9.0,1.22,8074.4,98.47,8.07,9140,12.7,350.1,10.94,1083.12,-10.94
2020-12-11,Alabama,Perry,54.7,5,0,0.0,734,9.0,1.23,8030.63,98.47,8.03,9140,12.7,339.16,0.0,1094.06,21.88
2020-12-10,Alabama,Perry,120.35,11,0,0.0,729,9.0,1.23,7975.93,98.47,7.98,9140,12.7,339.16,54.7,1072.18,65.65
2020-12-09,Alabama,Perry,43.76,4,2,21.88,718,9.0,1.25,7855.58,98.47,7.86,9140,12.7,284.46,32.82,1006.53,43.76
2020-12-08,Alabama,Perry,65.65,6,0,0.0,714,7.0,0.98,7811.82,76.59,7.81,9140,12.7,251.64,54.71,962.77,-10.94
2020-12-07,Alabama,Perry,10.94,1,0,0.0,708,7.0,0.99,7746.17,76.59,7.75,9140,12.7,196.93,0.0,973.71,0.0
2020-12-06,Alabama,Perry,10.94,1,0,0.0,707,7.0,0.99,7735.23,76.59,7.74,9140,12.7,196.93,0.0,973.71,10.94
2020-12-05,Alabama,Perry,32.82,3,0,0.0,706,7.0,0.99,7724.29,76.59,7.72,9140,12.7,196.93,-10.94,962.77,0.0
2020-12-04,Alabama,Perry,54.7,5,0,0.0,703,7.0,1.0,7691.47,76.59,7.69,9140,12.7,207.87,43.76,962.77,43.76
2020-12-03,Alabama,Perry,65.65,6,0,0.0,698,7.0,1.0,7636.76,76.59,7.64,9140,12.7,164.11,-21.88,919.01,10.95
2020-12-02,Alabama,Perry,10.94,1,1,10.94,692,7.0,1.01,7571.12,76.59,7.57,9140,12.7,185.99,-21.88,908.06,-21.88
2020-12-01,Alabama,Perry,10.94,1,0,0.0,691,6.0,0.87,7560.18,65.65,7.56,9140,12.7,207.87,-32.82,929.94,10.94
2020-11-30,Alabama,Perry,10.94,1,0,0.0,690,6.0,0.87,7549.23,65.65,7.55,9140,12.7,240.69,10.94,919.0,10.94
2020-11-29,Alabama,Perry,10.94,1,0,0.0,689,6.0,0.87,7538.29,65.65,7.54,9140,12.7,229.75,-10.94,908.06,-10.94
2020-11-28,Alabama,Perry,43.76,4,0,0.0,688,6.0,0.87,7527.35,65.65,7.53,9140,12.7,240.69,-65.65,919.0,21.88
2020-11-27,Alabama,Perry,10.94,1,0,0.0,684,6.0,0.88,7483.59,65.65,7.48,9140,12.7,306.34,-43.76,897.12,-21.88
2020-11-26,Alabama,Perry,87.53,8,0,0.0,683,6.0,0.88,7472.65,65.65,7.47,9140,12.7,350.1,21.88,919.0,54.71
2020-11-25,Alabama,Perry,32.82,3,0,0.0,675,6.0,0.89,7385.12,65.65,7.39,9140,12.7,328.22,0.0,864.29,21.88
2020-11-24,Alabama,Perry,43.76,4,0,0.0,672,6.0,0.89,7352.3,65.65,7.35,9140,12.7,328.22,32.82,842.41,21.88
2020-11-23,Alabama,Perry,0.0,0,0,0.0,668,6.0,0.9,7308.53,65.65,7.31,9140,12.7,295.4,-21.88,820.53,-10.94
2020-11-22,Alabama,Perry,21.88,2,0,0.0,668,6.0,0.9,7308.53,65.65,7.31,9140,12.7,317.28,21.88,831.47,-10.94
2020-11-21,Alabama,Perry,109.41,10,0,0.0,666,6.0,0.9,7286.65,65.65,7.29,9140,12.7,295.4,54.71,842.41,65.65
2020-11-20,Alabama,Perry,54.7,5,0,0.0,656,6.0,0.91,7177.24,65.65,7.18,9140,12.7,240.69,21.88,776.76,32.82
2020-11-19,Alabama,Perry,65.65,6,0,0.0,651,6.0,0.92,7122.54,65.65,7.12,9140,12.7,218.81,10.95,743.94,43.77
2020-11-18,Alabama,Perry,32.82,3,0,0.0,645,6.0,0.93,7056.89,65.65,7.06,9140,12.7,207.86,32.82,700.17,21.88
2020-11-17,Alabama,Perry,10.94,1,0,0.0,642,6.0,0.93,7024.07,65.65,7.02,9140,12.7,175.04,-65.65,678.29,0.0
2020-11-16,Alabama,Perry,21.88,2,0,0.0,641,6.0,0.94,7013.13,65.65,7.01,9140,12.7,240.69,10.94,678.29,21.88
2020-11-15,Alabama,Perry,0.0,0,0,0.0,639,6.0,0.94,6991.25,65.65,6.99,9140,12.7,229.75,0.0,656.41,-21.88
2020-11-14,Alabama,Perry,54.7,5,0,0.0,639,6.0,0.94,6991.25,65.65,6.99,9140,12.7,229.75,21.88,678.29,43.76
2020-11-13,Alabama,Perry,32.82,3,0,0.0,634,6.0,0.95,6936.54,65.65,6.94,9140,12.7,207.87,21.88,634.53,43.76
2020-11-12,Alabama,Perry,54.7,5,0,0.0,631,6.0,0.95,6903.72,65.65,6.9,9140,12.7,185.99,0.0,590.77,32.82
2020-11-11,Alabama,Perry,0.0,0,0,0.0,626,6.0,0.96,6849.02,65.65,6.85,9140,12.7,185.99,-32.82,557.95,0.0
2020-11-10,Alabama,Perry,76.59,7,0,0.0,626,6.0,0.96,6849.02,65.65,6.85,9140,12.7,218.81,76.59,557.95,43.77
2020-11-09,Alabama,Perry,10.94,1,0,0.0,619,6.0,0.97,6772.43,65.65,6.77,9140,12.7,142.22,10.94,514.18,0.0
2020-11-08,Alabama,Perry,0.0,0,0,0.0,618,6.0,0.97,6761.49,65.65,6.76,9140,12.7,131.28,-21.88,514.18,-54.7
2020-11-07,Alabama,Perry,32.82,3,0,0.0,618,6.0,0.97,6761.49,65.65,6.76,9140,12.7,153.16,10.94,568.88,21.88
2020-11-06,Alabama,Perry,10.94,1,0,0.0,615,6.0,0.98,6728.67,65.65,6.73,9140,12.7,142.22,-21.88,547.0,-186.0
2020-11-05,Alabama,Perry,54.7,5,0,0.0,614,6.0,0.98,6717.72,65.65,6.72,9140,12.7,164.1,21.88,733.0,43.76
2020-11-04,Alabama,Perry,32.82,3,0,0.0,609,6.0,0.99,6663.02,65.65,6.66,9140,12.7,142.22,21.88,689.24,10.94
2020-11-03,Alabama,Perry,0.0,0,0,0.0,606,6.0,0.99,6630.2,65.65,6.63,9140,12.7,120.34,-21.88,678.3,0.0
2020-11-02,Alabama,Perry,0.0,0,0,0.0,606,6.0,0.99,6630.2,65.65,6.63,9140,12.7,142.22,-10.94,678.3,0.0
2020-11-01,Alabama,Perry,21.88,2,0,0.0,606,6.0,0.99,6630.2,65.65,6.63,9140,12.7,153.16,-10.94,678.3,10.94
2020-10-31,Alabama,Perry,21.88,2,0,0.0,604,6.0,0.99,6608.32,65.65,6.61,9140,12.7,164.1,-21.88,667.36,21.88
2020-10-30,Alabama,Perry,32.82,3,0,0.0,602,6.0,1.0,6586.43,65.65,6.59,9140,12.7,185.98,10.94,645.48,32.82
2020-10-29,Alabama,Perry,32.82,3,0,0.0,599,6.0,1.0,6553.61,65.65,6.55,9140,12.7,175.04,10.94,612.66,32.82
2020-10-28,Alabama,Perry,10.94,1,0,0.0,596,6.0,1.01,6520.79,65.65,6.52,9140,12.7,164.1,0.0,579.84,0.0
2020-10-27,Alabama,Perry,21.88,2,0,0.0,595,6.0,1.01,6509.85,65.65,6.51,9140,12.7,164.1,10.94,579.84,21.88
2020-10-26,Alabama,Perry,10.94,1,0,0.0,593,6.0,1.01,6487.96,65.65,6.49,9140,12.7,153.16,10.94,557.96,0.0
2020-10-25,Alabama,Perry,32.82,3,0,0.0,592,6.0,1.01,6477.02,65.65,6.48,9140,12.7,142.22,10.94,557.96,32.82
2020-10-24,Alabama,Perry,43.76,4,0,0.0,589,6.0,1.02,6444.2,65.65,6.44,9140,12.7,131.28,32.82,525.14,43.76
2020-10-23,Alabama,Perry,21.88,2,0,0.0,585,6.0,1.03,6400.44,65.65,6.4,9140,12.7,98.46,32.82,481.38,10.94
2020-10-22,Alabama,Perry,21.88,2,0,0.0,583,6.0,1.03,6378.56,65.65,6.38,9140,12.7,65.64,0.0,470.44,10.94
2020-10-21,Alabama,Perry,10.94,1,0,0.0,581,6.0,1.03,6356.67,65.65,6.36,9140,12.7,65.64,10.94,459.5,10.94
2020-10-20,Alabama,Perry,10.94,1,0,0.0,580,6.0,1.03,6345.73,65.65,6.35,9140,12.7,54.7,-21.88,448.56,0.0
2020-10-19,Alabama,Perry,0.0,0,0,0.0,579,6.0,1.04,6334.79,65.65,6.33,9140,12.7,76.58,-10.94,448.56,-10.94
2020-10-18,Alabama,Perry,21.88,2,0,0.0,579,6.0,1.04,6334.79,65.65,6.33,9140,12.7,87.52,-32.82,459.5,21.88
2020-10-17,Alabama,Perry,10.94,1,0,0.0,577,6.0,1.04,6312.91,65.65,6.31,9140,12.7,120.34,0.0,437.62,0.0
2020-10-16,Alabama,Perry,-10.94,-1,0,0.0,576,6.0,1.04,6301.97,65.65,6.3,9140,12.7,120.34,-207.88,437.62,-21.88
2020-10-15,Alabama,Perry,21.88,2,0,0.0,577,6.0,1.04,6312.91,65.65,6.31,9140,12.7,328.22,10.94,459.5,32.82
2020-10-14,Alabama,Perry,0.0,0,0,0.0,575,6.0,1.04,6291.03,65.65,6.29,9140,12.7,317.28,-21.88,426.68,0.0
2020-10-13,Alabama,Perry,32.82,3,0,0.0,575,6.0,1.04,6291.03,65.65,6.29,9140,12.7,339.16,32.82,426.68,54.7
2020-10-12,Alabama,Perry,10.94,1,0,0.0,572,6.0,1.05,6258.21,65.65,6.26,9140,12.7,306.34,10.94,371.98,-10.94
2020-10-11,Alabama,Perry,54.7,5,0,0.0,571,6.0,1.05,6247.26,65.65,6.25,9140,12.7,295.4,43.76,382.92,32.82
2020-10-10,Alabama,Perry,10.94,1,0,0.0,566,6.0,1.06,6192.56,65.65,6.19,9140,12.7,251.64,10.94,350.1,-21.88
2020-10-09,Alabama,Perry,196.94,18,0,0.0,565,6.0,1.06,6181.62,65.65,6.18,9140,12.7,240.7,196.94,371.98,186.0
2020-10-08,Alabama,Perry,10.94,1,0,0.0,547,6.0,1.1,5984.68,65.65,5.98,9140,12.7,43.76,10.94,185.98,-10.94
2020-10-07,Alabama,Perry,21.88,2,0,0.0,546,6.0,1.1,5973.74,65.65,5.97,9140,12.7,32.82,10.94,196.92,10.94
2020-10-06,Alabama,Perry,0.0,0,0,0.0,544,6.0,1.1,5951.86,65.65,5.95,9140,12.7,21.88,0.0,185.98,0.0
2020-10-05,Alabama,Perry,0.0,0,0,0.0,544,6.0,1.1,5951.86,65.65,5.95,9140,12.7,21.88,-10.94,185.98,0.0
2020-10-04,Alabama,Perry,10.94,1,0,0.0,544,6.0,1.1,5951.86,65.65,5.95,9140,12.7,32.82,10.94,185.98,-21.88
2020-10-03,Alabama,Perry,0.0,0,0,0.0,543,6.0,1.1,5940.92,65.65,5.94,9140,12.7,21.88,0.0,207.86,-10.94
2020-10-02,Alabama,Perry,0.0,0,0,0.0,543,6.0,1.1,5940.92,65.65,5.94,9140,12.7,21.88,-10.94,218.8,0.0
2020-10-01,Alabama,Perry,0.0,0,0,0.0,543,6.0,1.1,5940.92,65.65,5.94,9140,12.7,32.82,-10.94,218.8,-21.88
2020-09-30,Alabama,Perry,10.94,1,0,0.0,543,6.0,1.1,5940.92,65.65,5.94,9140,12.7,43.76,10.94,240.68,-10.94
2020-09-29,Alabama,Perry,0.0,0,0,0.0,542,6.0,1.11,5929.98,65.65,5.93,9140,12.7,32.82,-10.94,251.62,-21.88
2020-09-28,Alabama,Perry,10.94,1,0,0.0,542,6.0,1.11,5929.98,65.65,5.93,9140,12.7,43.76,0.0,273.5,0.0
2020-09-27,Alabama,Perry,0.0,0,0,0.0,541,6.0,1.11,5919.04,65.65,5.92,9140,12.7,43.76,0.0,273.5,0.0
2020-09-26,Alabama,Perry,0.0,0,0,0.0,541,6.0,1.11,5919.04,65.65,5.92,9140,12.7,43.76,-10.94,273.5,10.94
2020-09-25,Alabama,Perry,10.94,1,-1,-10.94,541,6.0,1.11,5919.04,65.65,5.92,9140,12.7,54.7,0.0,262.56,-32.82
2020-09-24,Alabama,Perry,10.94,1,1,10.94,540,7.0,1.3,5908.1,76.59,5.91,9140,12.7,54.7,21.88,295.38,-10.94
2020-09-23,Alabama,Perry,0.0,0,0,0.0,539,6.0,1.11,5897.16,65.65,5.9,9140,12.7,32.82,0.0,306.32,-21.88
2020-09-22,Alabama,Perry,10.94,1,0,0.0,539,6.0,1.11,5897.16,65.65,5.9,9140,12.7,32.82,32.82,328.2,-10.94
2020-09-21,Alabama,Perry,10.94,1,0,0.0,538,6.0,1.12,5886.21,65.65,5.89,9140,12.7,-0.0,-10.94,339.14,10.94
2020-09-20,Alabama,Perry,0.0,0,0,0.0,537,6.0,1.12,5875.27,65.65,5.88,9140,12.7,10.94,-21.88,328.2,-43.76
2020-09-19,Alabama,Perry,10.94,1,0,0.0,537,6.0,1.12,5875.27,65.65,5.88,9140,12.7,32.82,-21.88,371.96,-32.82
2020-09-18,Alabama,Perry,10.94,1,0,0.0,536,6.0,1.12,5864.33,65.65,5.86,9140,12.7,54.7,0.0,404.78,-43.76
2020-09-17,Alabama,Perry,-10.94,-1,0,0.0,535,6.0,1.12,5853.39,65.65,5.85,9140,12.7,54.7,-32.82,448.54,0.0
2020-09-16,Alabama,Perry,0.0,0,0,0.0,536,6.0,1.12,5864.33,65.65,5.86,9140,12.7,87.52,-10.94,448.54,-10.94
2020-09-15,Alabama,Perry,-21.88,-2,1,10.94,536,6.0,1.12,5864.33,65.65,5.86,9140,12.7,98.46,-21.88,459.48,-54.7
2020-09-14,Alabama,Perry,21.88,2,0,0.0,538,5.0,0.93,5886.21,54.7,5.89,9140,12.7,120.34,21.88,514.18,10.94
2020-09-13,Alabama,Perry,21.88,2,0,0.0,536,5.0,0.93,5864.33,54.7,5.86,9140,12.7,98.46,-10.94,503.24,-21.88
2020-09-12,Alabama,Perry,32.82,3,0,0.0,534,5.0,0.94,5842.45,54.7,5.84,9140,12.7,109.4,21.88,525.12,0.0
2020-09-11,Alabama,Perry,10.94,1,0,0.0,531,5.0,0.94,5809.63,54.7,5.81,9140,12.7,87.52,10.94,525.12,-32.82
2020-09-10,Alabama,Perry,21.88,2,0,0.0,530,5.0,0.94,5798.69,54.7,5.8,9140,12.7,76.58,0.0,557.94,0.0
2020-09-09,Alabama,Perry,10.94,1,0,0.0,528,5.0,0.95,5776.81,54.7,5.78,9140,12.7,76.58,-10.94,557.94,-10.94
2020-09-08,Alabama,Perry,0.0,0,0,0.0,527,5.0,0.95,5765.86,54.7,5.77,9140,12.7,87.52,-21.88,568.88,0.0
2020-09-07,Alabama,Perry,0.0,0,0,0.0,527,5.0,0.95,5765.86,54.7,5.77,9140,12.7,109.4,-10.94,568.88,-32.82
2020-09-06,Alabama,Perry,32.82,3,0,0.0,527,5.0,0.95,5765.86,54.7,5.77,9140,12.7,120.34,32.82,601.7,10.94
2020-09-05,Alabama,Perry,10.94,1,0,0.0,524,5.0,0.95,5733.04,54.7,5.73,9140,12.7,87.52,21.88,590.76,-43.76
2020-09-04,Alabama,Perry,0.0,0,0,0.0,523,5.0,0.96,5722.1,54.7,5.72,9140,12.7,65.64,-43.76,634.52,-10.94
2020-09-03,Alabama,Perry,21.88,2,0,0.0,523,5.0,0.96,5722.1,54.7,5.72,9140,12.7,109.4,0.0,645.46,-43.77
2020-09-02,Alabama,Perry,21.88,2,0,0.0,521,5.0,0.96,5700.22,54.7,5.7,9140,12.7,109.4,0.0,689.23,10.94
2020-09-01,Alabama,Perry,21.88,2,0,0.0,519,5.0,0.96,5678.34,54.7,5.68,9140,12.7,109.4,0.0,678.29,-32.82
2020-08-31,Alabama,Perry,10.94,1,0,0.0,517,5.0,0.97,5656.46,54.7,5.66,9140,12.7,109.4,10.94,711.11,0.0
2020-08-30,Alabama,Perry,0.0,0,0,0.0,516,5.0,0.97,5645.51,54.7,5.65,9140,12.7,98.46,-43.76,711.11,-98.47
2020-08-29,Alabama,Perry,-10.94,-1,0,0.0,516,5.0,0.97,5645.51,54.7,5.65,9140,12.7,142.22,-54.7,809.58,-32.82
2020-08-28,Alabama,Perry,43.76,4,1,10.94,517,5.0,0.97,5656.46,54.7,5.66,9140,12.7,196.92,-10.94,842.4,-43.77
2020-08-27,Alabama,Perry,21.88,2,0,0.0,513,4.0,0.78,5612.69,43.76,5.61,9140,12.7,207.86,32.82,886.17,-65.65
2020-08-26,Alabama,Perry,21.88,2,0,0.0,511,4.0,0.78,5590.81,43.76,5.59,9140,12.7,175.04,10.94,951.82,-43.77
2020-08-25,Alabama,Perry,21.88,2,0,0.0,509,4.0,0.79,5568.93,43.76,5.57,9140,12.7,164.1,-10.94,995.59,-87.53
2020-08-24,Alabama,Perry,0.0,0,0,0.0,507,4.0,0.79,5547.05,43.76,5.55,9140,12.7,175.04,-10.94,1083.12,-65.65
2020-08-23,Alabama,Perry,43.76,4,0,0.0,507,4.0,0.79,5547.05,43.76,5.55,9140,12.7,185.98,0.0,1148.77,-10.94
2020-08-22,Alabama,Perry,43.76,4,0,0.0,503,4.0,0.8,5503.28,43.76,5.5,9140,12.7,185.98,10.94,1159.71,-87.53
2020-08-21,Alabama,Perry,54.7,5,0,0.0,499,4.0,0.8,5459.52,43.76,5.46,9140,12.7,175.04,10.94,1247.24,-43.77
2020-08-20,Alabama,Perry,-10.94,-1,0,0.0,494,4.0,0.81,5404.81,43.76,5.4,9140,12.7,164.1,-32.82,1291.01,-164.11
2020-08-19,Alabama,Perry,10.94,1,0,0.0,495,4.0,0.81,5415.75,43.76,5.42,9140,12.7,196.92,-10.94,1455.12,-131.29
2020-08-18,Alabama,Perry,32.82,3,0,0.0,494,4.0,0.81,5404.81,43.76,5.4,9140,12.7,207.86,32.82,1586.41,-32.83
2020-08-17,Alabama,Perry,10.94,1,0,0.0,491,4.0,0.81,5371.99,43.76,5.37,9140,12.7,175.04,-21.88,1619.24,-153.17
2020-08-16,Alabama,Perry,43.76,4,0,0.0,490,4.0,0.82,5361.05,43.76,5.36,9140,12.7,196.92,21.88,1772.41,-65.65
2020-08-15,Alabama,Perry,32.82,3,0,0.0,486,4.0,0.82,5317.29,43.76,5.32,9140,12.7,175.04,-21.88,1838.06,-196.94
2020-08-14,Alabama,Perry,43.76,4,0,0.0,483,4.0,0.83,5284.46,43.76,5.28,9140,12.7,196.92,32.82,2035.0,-131.29
2020-08-13,Alabama,Perry,21.88,2,0,0.0,479,4.0,0.84,5240.7,43.76,5.24,9140,12.7,164.1,-43.77,2166.29,-65.65
2020-08-12,Alabama,Perry,21.88,2,0,0.0,477,4.0,0.84,5218.82,43.76,5.22,9140,12.7,207.87,10.94,2231.94,-65.65
2020-08-11,Alabama,Perry,0.0,0,0,0.0,475,4.0,0.84,5196.94,43.76,5.2,9140,12.7,196.93,-54.7,2297.59,-87.53
2020-08-10,Alabama,Perry,32.82,3,0,0.0,475,4.0,0.84,5196.94,43.76,5.2,9140,12.7,251.63,21.88,2385.12,-32.83
2020-08-09,Alabama,Perry,21.88,2,0,0.0,472,4.0,0.85,5164.11,43.76,5.16,9140,12.7,229.75,-76.59,2417.95,-142.23
2020-08-08,Alabama,Perry,54.7,5,0,0.0,470,4.0,0.85,5142.23,43.76,5.14,9140,12.7,306.34,32.82,2560.18,-76.59
2020-08-07,Alabama,Perry,10.94,1,0,0.0,465,4.0,0.86,5087.53,43.76,5.09,9140,12.7,273.52,-76.59,2636.77,-153.17
2020-08-06,Alabama,Perry,65.65,6,0,0.0,464,4.0,0.86,5076.59,43.76,5.08,9140,12.7,350.11,-21.88,2789.94,-262.58
2020-08-05,Alabama,Perry,10.94,1,0,0.0,458,4.0,0.87,5010.94,43.76,5.01,9140,12.7,371.99,-54.71,3052.52,10.94
2020-08-04,Alabama,Perry,54.7,5,0,0.0,457,4.0,0.88,5000.0,43.76,5.0,9140,12.7,426.7,-54.71,3041.58,54.7
2020-08-03,Alabama,Perry,10.94,1,0,0.0,452,4.0,0.88,4945.3,43.76,4.95,9140,12.7,481.41,-54.71,2986.88,-10.94
2020-08-02,Alabama,Perry,98.47,9,1,10.94,451,4.0,0.89,4934.35,43.76,4.93,9140,12.7,536.12,43.77,2997.82,21.88
2020-08-01,Alabama,Perry,21.88,2,0,0.0,442,3.0,0.68,4835.89,32.82,4.84,9140,12.7,492.35,-109.41,2975.94,-65.65
2020-07-31,Alabama,Perry,87.53,8,0,0.0,440,3.0,0.68,4814.0,32.82,4.81,9140,12.7,601.76,-10.94,3041.59,0.0
2020-07-30,Alabama,Perry,87.53,8,0,0.0,432,3.0,0.69,4726.48,32.82,4.73,9140,12.7,612.7,-65.64,3041.59,-10.94
2020-07-29,Alabama,Perry,65.65,6,0,0.0,424,3.0,0.71,4638.95,32.82,4.64,9140,12.7,678.34,-76.58,3052.53,-43.76
2020-07-28,Alabama,Perry,109.41,10,0,0.0,418,3.0,0.72,4573.3,32.82,4.57,9140,12.7,754.92,43.76,3096.29,76.59
2020-07-27,Alabama,Perry,65.65,6,0,0.0,408,3.0,0.74,4463.89,32.82,4.46,9140,12.7,711.16,-98.46,3019.7,-98.46
2020-07-26,Alabama,Perry,54.7,5,0,0.0,402,3.0,0.75,4398.25,32.82,4.4,9140,12.7,809.62,-54.71,3118.16,-21.89
2020-07-25,Alabama,Perry,131.29,12,0,0.0,397,3.0,0.76,4343.54,32.82,4.34,9140,12.7,864.33,-98.47,3140.05,65.64
2020-07-24,Alabama,Perry,98.47,9,0,0.0,385,3.0,0.78,4212.25,32.82,4.21,9140,12.7,962.8,-76.58,3074.41,76.59
2020-07-23,Alabama,Perry,153.17,14,0,0.0,376,3.0,0.8,4113.79,32.82,4.11,9140,12.7,1039.38,65.64,2997.82,87.52
2020-07-22,Alabama,Perry,142.23,13,0,0.0,362,3.0,0.83,3960.61,32.82,3.96,9140,12.7,973.74,54.7,2910.3,87.53
2020-07-21,Alabama,Perry,65.65,6,0,0.0,349,3.0,0.86,3818.38,32.82,3.82,9140,12.7,919.04,-21.88,2822.77,32.83
2020-07-20,Alabama,Perry,164.11,15,0,0.0,343,3.0,0.87,3752.74,32.82,3.75,9140,12.7,940.92,98.46,2789.94,153.17
2020-07-19,Alabama,Perry,109.41,10,0,0.0,328,3.0,0.91,3588.62,32.82,3.59,9140,12.7,842.46,-54.7,2636.77,98.47
2020-07-18,Alabama,Perry,229.76,21,0,0.0,318,3.0,0.94,3479.21,32.82,3.48,9140,12.7,897.16,98.47,2538.3,229.76
2020-07-17,Alabama,Perry,175.05,16,0,0.0,297,3.0,1.01,3249.45,32.82,3.25,9140,12.7,798.69,10.94,2308.54,153.17
2020-07-16,Alabama,Perry,87.53,8,1,10.94,281,3.0,1.07,3074.4,32.82,3.07,9140,12.7,787.75,-240.7,2155.37,32.83
2020-07-15,Alabama,Perry,87.53,8,0,0.0,273,2.0,0.73,2986.87,21.88,2.99,9140,12.7,1028.45,87.53,2122.54,87.53
2020-07-14,Alabama,Perry,87.53,8,0,0.0,265,2.0,0.75,2899.34,21.88,2.9,9140,12.7,940.92,87.53,2035.01,43.77
2020-07-13,Alabama,Perry,65.65,6,0,0.0,257,2.0,0.78,2811.82,21.88,2.81,9140,12.7,853.39,43.77,1991.24,54.71
2020-07-12,Alabama,Perry,164.11,15,0,0.0,251,2.0,0.8,2746.17,21.88,2.75,9140,12.7,809.62,87.52,1936.53,98.46
2020-07-11,Alabama,Perry,131.29,12,0,0.0,236,2.0,0.85,2582.06,21.88,2.58,9140,12.7,722.1,43.76,1838.07,65.64
2020-07-10,Alabama,Perry,164.11,15,1,10.94,224,2.0,0.89,2450.77,21.88,2.45,9140,12.7,678.34,76.58,1772.43,98.46
2020-07-09,Alabama,Perry,328.23,30,0,0.0,209,1.0,0.48,2286.65,10.94,2.29,9140,12.7,601.76,229.76,1673.97,306.35
2020-07-08,Alabama,Perry,0.0,0,0,0.0,179,1.0,0.56,1958.42,10.94,1.96,9140,12.7,372.0,-109.41,1367.62,-21.88
2020-07-07,Alabama,Perry,0.0,0,0,0.0,179,1.0,0.56,1958.42,10.94,1.96,9140,12.7,481.41,-32.82,1389.5,-21.88
2020-07-06,Alabama,Perry,21.88,2,0,0.0,179,1.0,0.56,1958.42,10.94,1.96,9140,12.7,514.23,-142.23,1411.38,-10.94
2020-07-05,Alabama,Perry,76.59,7,0,0.0,177,1.0,0.56,1936.54,10.94,1.94,9140,12.7,656.46,0.0,1422.32,65.65
2020-07-04,Alabama,Perry,87.53,8,0,0.0,170,1.0,0.59,1859.96,10.94,1.86,9140,12.7,656.46,21.88,1356.67,54.71
2020-07-03,Alabama,Perry,87.53,8,0,0.0,162,1.0,0.62,1772.43,10.94,1.77,9140,12.7,634.58,65.65,1301.96,87.53
2020-07-02,Alabama,Perry,98.47,9,0,0.0,154,1.0,0.65,1684.9,10.94,1.68,9140,12.7,568.93,32.82,1214.43,87.53
2020-07-01,Alabama,Perry,109.41,10,1,10.94,145,1.0,0.69,1586.43,10.94,1.59,9140,12.7,536.11,54.71,1126.9,109.41
2020-06-30,Alabama,Perry,32.82,3,0,0.0,135,0.0,0.0,1477.02,0.0,1.48,9140,12.7,481.4,0.0,1017.49,32.82
2020-06-29,Alabama,Perry,164.11,15,0,0.0,132,0.0,0.0,1444.2,0.0,1.44,9140,12.7,481.4,153.17,984.67,131.29
2020-06-28,Alabama,Perry,76.59,7,0,0.0,117,0.0,0.0,1280.09,0.0,1.28,9140,12.7,328.23,65.65,853.38,54.71
2020-06-27,Alabama,Perry,65.65,6,0,0.0,110,0.0,0.0,1203.5,0.0,1.2,9140,12.7,262.58,65.65,798.67,43.77
2020-06-26,Alabama,Perry,21.88,2,0,0.0,104,0.0,0.0,1137.86,0.0,1.14,9140,12.7,196.93,0.0,754.9,21.88
2020-06-25,Alabama,Perry,65.65,6,0,0.0,102,0.0,0.0,1115.97,0.0,1.12,9140,12.7,196.93,10.95,733.02,76.59
2020-06-24,Alabama,Perry,54.7,5,0,0.0,96,0.0,0.0,1050.33,0.0,1.05,9140,12.7,185.98,54.7,656.43,54.7
2020-06-23,Alabama,Perry,32.82,3,0,0.0,91,0.0,0.0,995.62,0.0,1.0,9140,12.7,131.28,-10.94,601.73,21.88
2020-06-22,Alabama,Perry,10.94,1,0,0.0,88,0.0,0.0,962.8,0.0,0.96,9140,12.7,142.22,0.0,579.85,-32.82
2020-06-21,Alabama,Perry,10.94,1,0,0.0,87,0.0,0.0,951.86,0.0,0.95,9140,12.7,142.22,-54.71,612.67,0.0
2020-06-20,Alabama,Perry,0.0,0,0,0.0,86,0.0,0.0,940.92,0.0,0.94,9140,12.7,196.93,-65.65,612.67,-21.88
2020-06-19,Alabama,Perry,21.88,2,0,0.0,86,0.0,0.0,940.92,0.0,0.94,9140,12.7,262.58,-43.77,634.55,0.0
2020-06-18,Alabama,Perry,54.7,5,0,0.0,84,0.0,0.0,919.04,0.0,0.92,9140,12.7,306.35,32.82,634.55,21.88
2020-06-17,Alabama,Perry,0.0,0,0,0.0,79,0.0,0.0,864.33,0.0,0.86,9140,12.7,273.53,-21.88,612.67,-10.94
2020-06-16,Alabama,Perry,43.76,4,0,0.0,79,0.0,0.0,864.33,0.0,0.86,9140,12.7,295.41,21.88,623.61,32.82
2020-06-15,Alabama,Perry,10.94,1,0,0.0,75,0.0,0.0,820.57,0.0,0.82,9140,12.7,273.53,-21.88,590.79,0.0
2020-06-14,Alabama,Perry,65.65,6,0,0.0,74,0.0,0.0,809.63,0.0,0.81,9140,12.7,295.41,54.71,590.79,65.65
2020-06-13,Alabama,Perry,65.65,6,0,0.0,68,0.0,0.0,743.98,0.0,0.74,9140,12.7,240.7,32.83,525.14,65.65
2020-06-12,Alabama,Perry,65.65,6,0,0.0,62,0.0,0.0,678.34,0.0,0.68,9140,12.7,207.87,65.65,459.49,54.71
2020-06-11,Alabama,Perry,21.88,2,0,0.0,56,0.0,0.0,612.69,0.0,0.61,9140,12.7,142.22,10.94,404.78,21.88
2020-06-10,Alabama,Perry,21.88,2,0,0.0,54,0.0,0.0,590.81,0.0,0.59,9140,12.7,131.28,21.88,382.9,21.88
2020-06-09,Alabama,Perry,21.88,2,0,0.0,52,0.0,0.0,568.93,0.0,0.57,9140,12.7,109.4,21.88,361.02,21.88
2020-06-08,Alabama,Perry,32.82,3,0,0.0,50,0.0,0.0,547.05,0.0,0.55,9140,12.7,87.52,0.0,339.14,32.82
2020-06-07,Alabama,Perry,10.94,1,0,0.0,47,0.0,0.0,514.22,0.0,0.51,9140,12.7,87.52,-10.94,306.32,10.94
2020-06-06,Alabama,Perry,32.82,3,0,0.0,46,0.0,0.0,503.28,0.0,0.5,9140,12.7,98.46,10.94,295.38,21.88
2020-06-05,Alabama,Perry,0.0,0,0,0.0,43,0.0,0.0,470.46,0.0,0.47,9140,12.7,87.52,0.0,273.5,0.0
2020-06-04,Alabama,Perry,10.94,1,0,0.0,43,0.0,0.0,470.46,0.0,0.47,9140,12.7,87.52,21.88,273.5,-10.94
2020-06-03,Alabama,Perry,0.0,0,0,0.0,42,0.0,0.0,459.52,0.0,0.46,9140,12.7,65.64,0.0,284.44,0.0
2020-06-02,Alabama,Perry,0.0,0,0,0.0,42,0.0,0.0,459.52,0.0,0.46,9140,12.7,65.64,-10.94,284.44,0.0
2020-06-01,Alabama,Perry,32.82,3,0,0.0,42,0.0,0.0,459.52,0.0,0.46,9140,12.7,76.58,-10.94,284.44,21.88
2020-05-31,Alabama,Perry,21.88,2,0,0.0,39,0.0,0.0,426.7,0.0,0.43,9140,12.7,87.52,10.94,262.56,-32.82
2020-05-30,Alabama,Perry,21.88,2,0,0.0,37,0.0,0.0,404.81,0.0,0.4,9140,12.7,76.58,0.0,295.38,21.88
2020-05-29,Alabama,Perry,0.0,0,0,0.0,35,0.0,0.0,382.93,0.0,0.38,9140,12.7,76.58,-21.88,273.5,-10.94
2020-05-28,Alabama,Perry,-10.94,-1,0,0.0,35,0.0,0.0,382.93,0.0,0.38,9140,12.7,98.46,-43.76,284.44,-10.94
2020-05-27,Alabama,Perry,0.0,0,0,0.0,36,0.0,0.0,393.87,0.0,0.39,9140,12.7,142.22,-10.94,295.38,0.0
2020-05-26,Alabama,Perry,10.94,1,0,0.0,36,0.0,0.0,393.87,0.0,0.39,9140,12.7,153.16,0.0,295.38,10.94
2020-05-25,Alabama,Perry,43.76,4,0,0.0,35,0.0,0.0,382.93,0.0,0.38,9140,12.7,153.16,32.82,284.44,43.76
2020-05-24,Alabama,Perry,10.94,1,0,0.0,31,0.0,0.0,339.17,0.0,0.34,9140,12.7,120.34,10.94,240.68,10.94
2020-05-23,Alabama,Perry,21.88,2,0,0.0,30,0.0,0.0,328.23,0.0,0.33,9140,12.7,109.4,21.88,229.74,21.88
2020-05-22,Alabama,Perry,21.88,2,0,0.0,28,0.0,0.0,306.35,0.0,0.31,9140,12.7,87.52,10.94,207.86,21.88
2020-05-21,Alabama,Perry,32.82,3,0,0.0,26,0.0,0.0,284.46,0.0,0.28,9140,12.7,76.58,32.82,185.98,32.82
2020-05-20,Alabama,Perry,10.94,1,0,0.0,23,0.0,0.0,251.64,0.0,0.25,9140,12.7,43.76,10.94,153.16,10.94
2020-05-19,Alabama,Perry,10.94,1,0,0.0,22,0.0,0.0,240.7,0.0,0.24,9140,12.7,32.82,10.94,142.22,10.94
2020-05-18,Alabama,Perry,10.94,1,0,0.0,21,0.0,0.0,229.76,0.0,0.23,9140,12.7,21.88,10.94,131.28,10.94
2020-05-17,Alabama,Perry,0.0,0,0,0.0,20,0.0,0.0,218.82,0.0,0.22,9140,12.7,10.94,0.0,120.34,0.0
2020-05-16,Alabama,Perry,0.0,0,0,0.0,20,0.0,0.0,218.82,0.0,0.22,9140,12.7,10.94,-10.94,120.34,0.0
2020-05-15,Alabama,Perry,10.94,1,0,0.0,20,0.0,0.0,218.82,0.0,0.22,9140,12.7,21.88,10.94,120.34,0.0
2020-05-14,Alabama,Perry,0.0,0,0,0.0,19,0.0,0.0,207.88,0.0,0.21,9140,12.7,10.94,-21.88,120.34,-10.94
2020-05-13,Alabama,Perry,0.0,0,0,0.0,19,0.0,0.0,207.88,0.0,0.21,9140,12.7,32.82,0.0,131.28,0.0
2020-05-12,Alabama,Perry,0.0,0,0,0.0,19,0.0,0.0,207.88,0.0,0.21,9140,12.7,32.82,0.0,131.28,-10.94
2020-05-11,Alabama,Perry,0.0,0,0,0.0,19,0.0,0.0,207.88,0.0,0.21,9140,12.7,32.82,-10.94,142.22,0.0
2020-05-10,Alabama,Perry,0.0,0,0,0.0,19,0.0,0.0,207.88,0.0,0.21,9140,12.7,43.76,-54.7,142.22,-21.88
2020-05-09,Alabama,Perry,10.94,1,0,0.0,19,0.0,0.0,207.88,0.0,0.21,9140,12.7,98.46,10.94,164.1,0.0
2020-05-08,Alabama,Perry,0.0,0,0,0.0,18,0.0,0.0,196.94,0.0,0.2,9140,12.7,87.52,-10.94,164.1,-10.94
2020-05-07,Alabama,Perry,21.88,2,0,0.0,18,0.0,0.0,196.94,0.0,0.2,9140,12.7,98.46,21.88,175.04,21.88
2020-05-06,Alabama,Perry,0.0,0,0,0.0,16,0.0,0.0,175.05,0.0,0.18,9140,12.7,76.58,0.0,153.16,0.0
2020-05-05,Alabama,Perry,0.0,0,0,0.0,16,0.0,0.0,175.05,0.0,0.18,9140,12.7,76.58,0.0,153.16,0.0
2020-05-04,Alabama,Perry,10.94,1,0,0.0,16,0.0,0.0,175.05,0.0,0.18,9140,12.7,76.58,10.94,153.16,10.94
2020-05-03,Alabama,Perry,54.7,5,0,0.0,15,0.0,0.0,164.11,0.0,0.16,9140,12.7,65.64,54.7,142.22,54.7
2020-05-02,Alabama,Perry,0.0,0,0,0.0,10,0.0,0.0,109.41,0.0,0.11,9140,12.7,10.94,0.0,87.52,0.0
2020-05-01,Alabama,Perry,10.94,1,0,0.0,10,0.0,0.0,109.41,0.0,0.11,9140,12.7,10.94,10.94,87.52,10.94
2020-04-30,Alabama,Perry,0.0,0,0,0.0,9,0.0,0.0,98.47,0.0,0.1,9140,12.7,0.0,0.0,76.58,0.0
2020-04-29,Alabama,Perry,0.0,0,0,0.0,9,0.0,0.0,98.47,0.0,0.1,9140,12.7,0.0,0.0,76.58,0.0
2020-04-28,Alabama,Perry,0.0,0,0,0.0,9,0.0,0.0,98.47,0.0,0.1,9140,12.7,0.0,0.0,76.58,0.0
2020-04-27,Alabama,Perry,0.0,0,0,0.0,9,0.0,0.0,98.47,0.0,0.1,9140,12.7,0.0,0.0,76.58,0.0
2020-04-26,Alabama,Perry,0.0,0,0,0.0,9,0.0,0.0,98.47,0.0,0.1,9140,12.7,0.0,0.0,76.58,0.0
2020-04-25,Alabama,Perry,0.0,0,0,0.0,9,0.0,0.0,98.47,0.0,0.1,9140,12.7,0.0,0.0,76.58,0.0
2020-04-24,Alabama,Perry,0.0,0,0,0.0,9,0.0,0.0,98.47,0.0,0.1,9140,12.7,0.0,-10.94,76.58,0.0
2020-04-23,Alabama,Perry,0.0,0,0,0.0,9,0.0,0.0,98.47,0.0,0.1,9140,12.7,10.94,-10.94,76.58,0.0
2020-04-22,Alabama,Perry,0.0,0,0,0.0,9,0.0,0.0,98.47,0.0,0.1,9140,12.7,21.88,0.0,76.58,0.0
2020-04-21,Alabama,Perry,0.0,0,0,0.0,9,0.0,0.0,98.47,0.0,0.1,9140,12.7,21.88,-10.94,76.58,0.0
2020-04-20,Alabama,Perry,0.0,0,0,0.0,9,0.0,0.0,98.47,0.0,0.1,9140,12.7,32.82,0.0,76.58,0.0
2020-04-19,Alabama,Perry,0.0,0,0,0.0,9,0.0,0.0,98.47,0.0,0.1,9140,12.7,32.82,-21.88,76.58,0.0
2020-04-18,Alabama,Perry,0.0,0,0,0.0,9,0.0,0.0,98.47,0.0,0.1,9140,12.7,54.7,-10.94,76.58,0.0
2020-04-17,Alabama,Perry,10.94,1,0,0.0,9,0.0,0.0,98.47,0.0,0.1,9140,12.7,65.64,0.0,76.58,10.94
2020-04-16,Alabama,Perry,10.94,1,0,0.0,8,0.0,0.0,87.53,0.0,0.09,9140,12.7,65.64,10.94,65.64,10.94
2020-04-15,Alabama,Perry,0.0,0,0,0.0,7,0.0,0.0,76.59,0.0,0.08,9140,12.7,54.7,0.0,54.7,0.0
2020-04-14,Alabama,Perry,10.94,1,0,0.0,7,0.0,0.0,76.59,0.0,0.08,9140,12.7,54.7,10.94,54.7,10.94
2020-04-13,Alabama,Perry,0.0,0,0,0.0,6,0.0,0.0,65.65,0.0,0.07,9140,12.7,43.76,0.0,43.76,0.0
2020-04-12,Alabama,Perry,21.88,2,0,0.0,6,0.0,0.0,65.65,0.0,0.07,9140,12.7,43.76,21.88,43.76,21.88
2020-04-11,Alabama,Perry,10.94,1,0,0.0,4,0.0,0.0,43.76,0.0,0.04,9140,12.7,21.88,10.94,21.88,10.94
2020-04-10,Alabama,Perry,10.94,1,0,0.0,3,0.0,0.0,32.82,0.0,0.03,9140,12.7,10.94,10.94,10.94,10.94
2020-04-09,Alabama,Perry,0.0,0,0,0.0,2,0.0,0.0,21.88,0.0,0.02,9140,12.7,0.0,0.0,0.0,0.0
