Date,Region,New_Cases,Total_Cases,New_Deaths,Total_Deaths,New_Cases_Rate,New_Deaths_Rate,Total_Cases_Rate,Total_Deaths_Rate,Infected(%),CFR(%),Population
2020-07-10,Victoria,163,3560,1,23,2.45,0.02,53.53,0.35,0.05,0.65,6651074
2020-07-09,Victoria,299,3397,0,22,4.5,0.0,51.07,0.33,0.05,0.65,6651074
2020-07-08,Victoria,156,3098,0,22,2.35,0.0,46.58,0.33,0.05,0.71,6651074
2020-07-07,Victoria,118,2942,0,22,1.77,0.0,44.23,0.33,0.04,0.75,6651074
2020-07-06,Victoria,164,2824,0,22,2.47,0.0,42.46,0.33,0.04,0.78,6651074
2020-07-05,Victoria,124,2660,2,22,1.86,0.03,39.99,0.33,0.04,0.83,6651074
2020-07-04,Victoria,168,2536,0,20,2.53,0.0,38.13,0.3,0.04,0.79,6651074
2020-07-03,Victoria,0,2368,0,20,0.0,0.0,35.6,0.3,0.04,0.84,6651074
2020-07-02,Victoria,65,2368,0,20,0.98,0.0,35.6,0.3,0.04,0.84,6651074
2020-07-01,Victoria,72,2303,0,20,1.08,0.0,34.63,0.3,0.03,0.87,6651074
2020-06-30,Victoria,72,2231,0,20,1.08,0.0,33.54,0.3,0.03,0.9,6651074
2020-06-29,Victoria,60,2159,0,20,0.9,0.0,32.46,0.3,0.03,0.93,6651074
2020-06-28,Victoria,71,2099,0,20,1.07,0.0,31.56,0.3,0.03,0.95,6651074
2020-06-27,Victoria,81,2028,0,20,1.22,0.0,30.49,0.3,0.03,0.99,6651074
2020-06-26,Victoria,0,1947,0,20,0.0,0.0,29.27,0.3,0.03,1.03,6651074
2020-06-25,Victoria,30,1947,0,20,0.45,0.0,29.27,0.3,0.03,1.03,6651074
2020-06-24,Victoria,33,1917,0,20,0.5,0.0,28.82,0.3,0.03,1.04,6651074
2020-06-23,Victoria,20,1884,1,20,0.3,0.02,28.33,0.3,0.03,1.06,6651074
2020-06-22,Victoria,17,1864,0,19,0.26,0.0,28.03,0.29,0.03,1.02,6651074
2020-06-21,Victoria,11,1847,0,19,0.17,0.0,27.77,0.29,0.03,1.03,6651074
2020-06-20,Victoria,44,1836,0,19,0.66,0.0,27.6,0.29,0.03,1.03,6651074
2020-06-19,Victoria,0,1792,0,19,0.0,0.0,26.94,0.29,0.03,1.06,6651074
2020-06-18,Victoria,12,1792,0,19,0.18,0.0,26.94,0.29,0.03,1.06,6651074
2020-06-17,Victoria,18,1780,0,19,0.27,0.0,26.76,0.29,0.03,1.07,6651074
2020-06-16,Victoria,21,1762,0,19,0.32,0.0,26.49,0.29,0.03,1.08,6651074
2020-06-15,Victoria,9,1741,0,19,0.14,0.0,26.18,0.29,0.03,1.09,6651074
2020-06-14,Victoria,12,1732,0,19,0.18,0.0,26.04,0.29,0.03,1.1,6651074
2020-06-13,Victoria,17,1720,0,19,0.26,0.0,25.86,0.29,0.03,1.1,6651074
2020-06-12,Victoria,0,1703,0,19,0.0,0.0,25.6,0.29,0.03,1.12,6651074
2020-06-11,Victoria,4,1703,0,19,0.06,0.0,25.6,0.29,0.03,1.12,6651074
2020-06-10,Victoria,8,1699,0,19,0.12,0.0,25.54,0.29,0.03,1.12,6651074
2020-06-09,Victoria,4,1691,0,19,0.06,0.0,25.42,0.29,0.03,1.12,6651074
2020-06-08,Victoria,0,1687,0,19,0.0,0.0,25.36,0.29,0.03,1.13,6651074
2020-06-07,Victoria,2,1687,0,19,0.03,0.0,25.36,0.29,0.03,1.13,6651074
2020-06-06,Victoria,4,1685,0,19,0.06,0.0,25.33,0.29,0.03,1.13,6651074
2020-06-05,Victoria,0,1681,0,19,0.0,0.0,25.27,0.29,0.03,1.13,6651074
2020-06-04,Victoria,3,1681,0,19,0.05,0.0,25.27,0.29,0.03,1.13,6651074
2020-06-03,Victoria,8,1678,0,19,0.12,0.0,25.23,0.29,0.03,1.13,6651074
2020-06-02,Victoria,7,1670,0,19,0.11,0.0,25.11,0.29,0.03,1.14,6651074
2020-06-01,Victoria,10,1663,0,19,0.15,0.0,25.0,0.29,0.03,1.14,6651074
2020-05-31,Victoria,4,1653,0,19,0.06,0.0,24.85,0.29,0.02,1.15,6651074
2020-05-30,Victoria,4,1649,0,19,0.06,0.0,24.79,0.29,0.02,1.15,6651074
2020-05-29,Victoria,11,1645,0,19,0.17,0.0,24.73,0.29,0.02,1.16,6651074
2020-05-28,Victoria,6,1634,0,19,0.09,0.0,24.57,0.29,0.02,1.16,6651074
2020-05-27,Victoria,10,1628,0,19,0.15,0.0,24.48,0.29,0.02,1.17,6651074
2020-05-26,Victoria,8,1618,0,19,0.12,0.0,24.33,0.29,0.02,1.17,6651074
2020-05-25,Victoria,5,1610,0,19,0.08,0.0,24.21,0.29,0.02,1.18,6651074
2020-05-24,Victoria,2,1605,0,19,0.03,0.0,24.13,0.29,0.02,1.18,6651074
2020-05-23,Victoria,10,1603,1,19,0.15,0.02,24.1,0.29,0.02,1.19,6651074
2020-05-22,Victoria,0,1593,0,18,0.0,0.0,23.95,0.27,0.02,1.13,6651074
2020-05-21,Victoria,12,1593,0,18,0.18,0.0,23.95,0.27,0.02,1.13,6651074
2020-05-20,Victoria,8,1581,0,18,0.12,0.0,23.77,0.27,0.02,1.14,6651074
2020-05-19,Victoria,0,1573,0,18,0.0,0.0,23.65,0.27,0.02,1.14,6651074
2020-05-18,Victoria,9,1573,0,18,0.14,0.0,23.65,0.27,0.02,1.14,6651074
2020-05-17,Victoria,6,1564,0,18,0.09,0.0,23.51,0.27,0.02,1.15,6651074
2020-05-16,Victoria,7,1558,0,18,0.11,0.0,23.42,0.27,0.02,1.16,6651074
2020-05-15,Victoria,11,1551,0,18,0.17,0.0,23.32,0.27,0.02,1.16,6651074
2020-05-14,Victoria,19,1540,0,18,0.29,0.0,23.15,0.27,0.02,1.17,6651074
2020-05-13,Victoria,7,1521,0,18,0.11,0.0,22.87,0.27,0.02,1.18,6651074
2020-05-12,Victoria,3,1514,0,18,0.05,0.0,22.76,0.27,0.02,1.19,6651074
2020-05-11,Victoria,15,1511,0,18,0.23,0.0,22.72,0.27,0.02,1.19,6651074
2020-05-10,Victoria,9,1496,0,18,0.14,0.0,22.49,0.27,0.02,1.2,6651074
2020-05-09,Victoria,19,1487,0,18,0.29,0.0,22.36,0.27,0.02,1.21,6651074
2020-05-08,Victoria,1,1468,0,18,0.02,0.0,22.07,0.27,0.02,1.23,6651074
2020-05-07,Victoria,13,1467,0,18,0.2,0.0,22.06,0.27,0.02,1.23,6651074
2020-05-06,Victoria,14,1454,0,18,0.21,0.0,21.86,0.27,0.02,1.24,6651074
2020-05-05,Victoria,17,1440,0,18,0.26,0.0,21.65,0.27,0.02,1.25,6651074
2020-05-04,Victoria,17,1423,0,18,0.26,0.0,21.4,0.27,0.02,1.26,6651074
2020-05-03,Victoria,22,1406,0,18,0.33,0.0,21.14,0.27,0.02,1.28,6651074
2020-05-02,Victoria,13,1384,0,18,0.2,0.0,20.81,0.27,0.02,1.3,6651074
2020-05-01,Victoria,7,1371,0,18,0.11,0.0,20.61,0.27,0.02,1.31,6651074
2020-04-30,Victoria,3,1364,0,18,0.05,0.0,20.51,0.27,0.02,1.32,6651074
2020-04-29,Victoria,7,1361,0,18,0.11,0.0,20.46,0.27,0.02,1.32,6651074
2020-04-28,Victoria,5,1354,1,18,0.08,0.02,20.36,0.27,0.02,1.33,6651074
2020-04-27,Victoria,0,1349,0,17,0.0,0.0,20.28,0.26,0.02,1.26,6651074
2020-04-26,Victoria,3,1349,1,17,0.05,0.02,20.28,0.26,0.02,1.26,6651074
2020-04-25,Victoria,3,1346,0,16,0.05,0.0,20.24,0.24,0.02,1.19,6651074
2020-04-24,Victoria,6,1343,0,16,0.09,0.0,20.19,0.24,0.02,1.19,6651074
2020-04-23,Victoria,1,1337,2,16,0.02,0.03,20.1,0.24,0.02,1.2,6651074
2020-04-22,Victoria,0,1336,0,14,0.0,0.0,20.09,0.21,0.02,1.05,6651074
2020-04-21,Victoria,7,1336,0,14,0.11,0.0,20.09,0.21,0.02,1.05,6651074
2020-04-20,Victoria,1,1329,0,14,0.02,0.0,19.98,0.21,0.02,1.05,6651074
2020-04-19,Victoria,9,1328,0,14,0.14,0.0,19.97,0.21,0.02,1.05,6651074
2020-04-18,Victoria,17,1319,0,14,0.26,0.0,19.83,0.21,0.02,1.06,6651074
2020-04-17,Victoria,3,1302,0,14,0.05,0.0,19.58,0.21,0.02,1.08,6651074
2020-04-16,Victoria,0,1299,0,14,0.0,0.0,19.53,0.21,0.02,1.08,6651074
2020-04-15,Victoria,8,1299,0,14,0.12,0.0,19.53,0.21,0.02,1.08,6651074
2020-04-14,Victoria,10,1291,0,14,0.15,0.0,19.41,0.21,0.02,1.08,6651074
2020-04-13,Victoria,13,1281,0,14,0.2,0.0,19.26,0.21,0.02,1.09,6651074
2020-04-12,Victoria,3,1268,0,14,0.05,0.0,19.06,0.21,0.02,1.1,6651074
2020-04-11,Victoria,24,1265,1,14,0.36,0.02,19.02,0.21,0.02,1.11,6651074
2020-04-10,Victoria,13,1241,1,13,0.2,0.02,18.66,0.2,0.02,1.05,6651074
2020-04-09,Victoria,16,1228,0,12,0.24,0.0,18.46,0.18,0.02,0.98,6651074
2020-04-08,Victoria,21,1212,1,12,0.32,0.02,18.22,0.18,0.02,0.99,6651074
2020-04-07,Victoria,33,1191,1,11,0.5,0.02,17.91,0.17,0.02,0.92,6651074
2020-04-06,Victoria,23,1158,2,10,0.35,0.03,17.41,0.15,0.02,0.86,6651074
2020-04-05,Victoria,20,1135,0,8,0.3,0.0,17.06,0.12,0.02,0.7,6651074
2020-04-04,Victoria,30,1115,1,8,0.45,0.02,16.76,0.12,0.02,0.72,6651074
2020-04-03,Victoria,49,1085,2,7,0.74,0.03,16.31,0.11,0.02,0.65,6651074
2020-04-02,Victoria,68,1036,1,5,1.02,0.02,15.58,0.08,0.02,0.48,6651074
2020-04-01,Victoria,51,968,0,4,0.77,0.0,14.55,0.06,0.01,0.41,6651074
2020-03-31,Victoria,96,917,0,4,1.44,0.0,13.79,0.06,0.01,0.44,6651074
2020-03-30,Victoria,52,821,0,4,0.78,0.0,12.34,0.06,0.01,0.49,6651074
2020-03-29,Victoria,84,769,1,4,1.26,0.02,11.56,0.06,0.01,0.52,6651074
2020-03-28,Victoria,111,685,0,3,1.67,0.0,10.3,0.05,0.01,0.44,6651074
2020-03-27,Victoria,54,574,0,3,0.81,0.0,8.63,0.05,0.01,0.52,6651074
2020-03-26,Victoria,54,520,3,3,0.81,0.05,7.82,0.05,0.01,0.58,6651074
2020-03-25,Victoria,55,466,0,0,0.83,0.0,7.01,0.0,0.01,0.0,6651074
2020-03-24,Victoria,56,411,0,0,0.84,0.0,6.18,0.0,0.01,0.0,6651074
2020-03-23,Victoria,0,355,0,0,0.0,0.0,5.34,0.0,0.01,0.0,6651074
2020-03-22,Victoria,126,355,0,0,1.89,0.0,5.34,0.0,0.01,0.0,6651074
2020-03-21,Victoria,108,229,0,0,1.62,0.0,3.44,0.0,0.0,0.0,6651074
2020-03-20,Victoria,0,121,0,0,0.0,0.0,1.82,0.0,0.0,0.0,6651074
2020-03-19,Victoria,0,121,0,0,0.0,0.0,1.82,0.0,0.0,0.0,6651074
2020-03-18,Victoria,27,121,0,0,0.41,0.0,1.82,0.0,0.0,0.0,6651074
2020-03-17,Victoria,23,94,0,0,0.35,0.0,1.41,0.0,0.0,0.0,6651074
2020-03-16,Victoria,14,71,0,0,0.21,0.0,1.07,0.0,0.0,0.0,6651074
2020-03-15,Victoria,8,57,0,0,0.12,0.0,0.86,0.0,0.0,0.0,6651074
2020-03-14,Victoria,13,49,0,0,0.2,0.0,0.74,0.0,0.0,0.0,6651074
2020-03-13,Victoria,15,36,0,0,0.23,0.0,0.54,0.0,0.0,0.0,6651074
2020-03-12,Victoria,0,21,0,0,0.0,0.0,0.32,0.0,0.0,0.0,6651074
2020-03-11,Victoria,3,21,0,0,0.05,0.0,0.32,0.0,0.0,0.0,6651074
2020-03-10,Victoria,3,18,0,0,0.05,0.0,0.27,0.0,0.0,0.0,6651074
2020-03-09,Victoria,4,15,0,0,0.06,0.0,0.23,0.0,0.0,0.0,6651074
2020-03-08,Victoria,0,11,0,0,0.0,0.0,0.17,0.0,0.0,0.0,6651074
2020-03-07,Victoria,1,11,0,0,0.02,0.0,0.17,0.0,0.0,0.0,6651074
2020-03-06,Victoria,0,10,0,0,0.0,0.0,0.15,0.0,0.0,0.0,6651074
2020-03-05,Victoria,0,10,0,0,0.0,0.0,0.15,0.0,0.0,0.0,6651074
2020-03-04,Victoria,1,10,0,0,0.02,0.0,0.15,0.0,0.0,0.0,6651074
2020-03-03,Victoria,0,9,0,0,0.0,0.0,0.14,0.0,0.0,0.0,6651074
2020-03-02,Victoria,2,9,0,0,0.03,0.0,0.14,0.0,0.0,0.0,6651074
2020-03-01,Victoria,0,7,0,0,0.0,0.0,0.11,0.0,0.0,0.0,6651074
2020-02-29,Victoria,3,7,0,0,0.05,0.0,0.11,0.0,0.0,0.0,6651074
2020-02-28,Victoria,0,4,0,0,0.0,0.0,0.06,0.0,0.0,0.0,6651074
2020-02-27,Victoria,0,4,0,0,0.0,0.0,0.06,0.0,0.0,0.0,6651074
2020-02-26,Victoria,0,4,0,0,0.0,0.0,0.06,0.0,0.0,0.0,6651074
2020-02-25,Victoria,0,4,0,0,0.0,0.0,0.06,0.0,0.0,0.0,6651074
2020-02-24,Victoria,0,4,0,0,0.0,0.0,0.06,0.0,0.0,0.0,6651074
2020-02-23,Victoria,0,4,0,0,0.0,0.0,0.06,0.0,0.0,0.0,6651074
2020-02-22,Victoria,0,4,0,0,0.0,0.0,0.06,0.0,0.0,0.0,6651074
2020-02-21,Victoria,0,4,0,0,0.0,0.0,0.06,0.0,0.0,0.0,6651074
2020-02-20,Victoria,0,4,0,0,0.0,0.0,0.06,0.0,0.0,0.0,6651074
2020-02-19,Victoria,0,4,0,0,0.0,0.0,0.06,0.0,0.0,0.0,6651074
2020-02-18,Victoria,0,4,0,0,0.0,0.0,0.06,0.0,0.0,0.0,6651074
2020-02-17,Victoria,0,4,0,0,0.0,0.0,0.06,0.0,0.0,0.0,6651074
2020-02-16,Victoria,0,4,0,0,0.0,0.0,0.06,0.0,0.0,0.0,6651074
2020-02-15,Victoria,0,4,0,0,0.0,0.0,0.06,0.0,0.0,0.0,6651074
2020-02-14,Victoria,0,4,0,0,0.0,0.0,0.06,0.0,0.0,0.0,6651074
2020-02-13,Victoria,0,4,0,0,0.0,0.0,0.06,0.0,0.0,0.0,6651074
2020-02-12,Victoria,0,4,0,0,0.0,0.0,0.06,0.0,0.0,0.0,6651074
2020-02-11,Victoria,0,4,0,0,0.0,0.0,0.06,0.0,0.0,0.0,6651074
2020-02-10,Victoria,0,4,0,0,0.0,0.0,0.06,0.0,0.0,0.0,6651074
2020-02-09,Victoria,0,4,0,0,0.0,0.0,0.06,0.0,0.0,0.0,6651074
2020-02-08,Victoria,0,4,0,0,0.0,0.0,0.06,0.0,0.0,0.0,6651074
2020-02-07,Victoria,0,4,0,0,0.0,0.0,0.06,0.0,0.0,0.0,6651074
2020-02-06,Victoria,0,4,0,0,0.0,0.0,0.06,0.0,0.0,0.0,6651074
2020-02-05,Victoria,0,4,0,0,0.0,0.0,0.06,0.0,0.0,0.0,6651074
2020-02-04,Victoria,0,4,0,0,0.0,0.0,0.06,0.0,0.0,0.0,6651074
2020-02-03,Victoria,0,4,0,0,0.0,0.0,0.06,0.0,0.0,0.0,6651074
2020-02-02,Victoria,0,4,0,0,0.0,0.0,0.06,0.0,0.0,0.0,6651074
2020-02-01,Victoria,1,4,0,0,0.02,0.0,0.06,0.0,0.0,0.0,6651074
2020-01-31,Victoria,1,3,0,0,0.02,0.0,0.05,0.0,0.0,0.0,6651074
2020-01-30,Victoria,1,2,0,0,0.02,0.0,0.03,0.0,0.0,0.0,6651074
2020-01-29,Victoria,0,1,0,0,0.0,0.0,0.02,0.0,0.0,0.0,6651074
2020-01-28,Victoria,0,1,0,0,0.0,0.0,0.02,0.0,0.0,0.0,6651074
2020-01-27,Victoria,0,1,0,0,0.0,0.0,0.02,0.0,0.0,0.0,6651074
2020-01-26,Victoria,1,1,0,0,0.02,0.0,0.02,0.0,0.0,0.0,6651074
2020-01-25,Victoria,0,0,0,0,0.0,0.0,0.0,0.0,0.0,0.0,6651074
2020-01-24,Victoria,0,0,0,0,0.0,0.0,0.0,0.0,0.0,0.0,6651074
2020-01-23,Victoria,0,0,0,0,0.0,0.0,0.0,0.0,0.0,0.0,6651074
2020-01-22,Victoria,0,0,0,0,0.0,0.0,0.0,0.0,0.0,0.0,6651074
