date,state,county,new_cases_100k,new_cases,new_deaths,new_deaths_100k,total_cases,total_deaths,cfr%,total_cases_100k,total_deaths_100k,%infected,population,pop_density
2020-08-13,Nevada,Clark,21.87,488,27,1.21,50569,869,1.72,2265.99,38.94,2.27,2231647,282.79
2020-08-12,Nevada,Clark,19.49,435,14,0.63,50081,842,1.68,2244.13,37.73,2.24,2231647,282.79
2020-08-11,Nevada,Clark,22.18,495,17,0.76,49646,828,1.67,2224.63,37.1,2.22,2231647,282.79
2020-08-10,Nevada,Clark,30.69,685,4,0.18,49151,811,1.65,2202.45,36.34,2.2,2231647,282.79
2020-08-09,Nevada,Clark,32.58,727,8,0.36,48466,807,1.67,2171.76,36.16,2.17,2231647,282.79
2020-08-08,Nevada,Clark,33.56,749,29,1.3,47739,799,1.67,2139.18,35.8,2.14,2231647,282.79
2020-08-07,Nevada,Clark,36.07,805,18,0.81,46990,770,1.64,2105.62,34.5,2.11,2231647,282.79
2020-08-06,Nevada,Clark,27.87,622,8,0.36,46185,752,1.63,2069.55,33.7,2.07,2231647,282.79
2020-08-05,Nevada,Clark,25.36,566,28,1.25,45563,744,1.63,2041.68,33.34,2.04,2231647,282.79
2020-08-04,Nevada,Clark,41.72,931,14,0.63,44997,716,1.59,2016.31,32.08,2.02,2231647,282.79
2020-08-03,Nevada,Clark,41.18,919,14,0.63,44066,702,1.59,1974.6,31.46,1.97,2231647,282.79
2020-08-02,Nevada,Clark,43.91,980,0,0.0,43147,688,1.59,1933.42,30.83,1.93,2231647,282.79
2020-08-01,Nevada,Clark,41.31,922,1,0.04,42167,688,1.63,1889.5,30.83,1.89,2231647,282.79
2020-07-31,Nevada,Clark,47.14,1052,23,1.03,41245,687,1.67,1848.19,30.78,1.85,2231647,282.79
2020-07-30,Nevada,Clark,38.0,848,19,0.85,40193,664,1.65,1801.05,29.75,1.8,2231647,282.79
2020-07-29,Nevada,Clark,36.34,811,19,0.85,39345,645,1.64,1763.05,28.9,1.76,2231647,282.79
2020-07-28,Nevada,Clark,46.69,1042,20,0.9,38534,626,1.62,1726.71,28.05,1.73,2231647,282.79
2020-07-27,Nevada,Clark,40.28,899,5,0.22,37492,606,1.62,1680.01,27.15,1.68,2231647,282.79
2020-07-26,Nevada,Clark,36.16,807,0,0.0,36593,601,1.64,1639.73,26.93,1.64,2231647,282.79
2020-07-25,Nevada,Clark,35.22,786,9,0.4,35786,601,1.68,1603.57,26.93,1.6,2231647,282.79
2020-07-24,Nevada,Clark,35.44,791,12,0.54,35000,592,1.69,1568.35,26.53,1.57,2231647,282.79
2020-07-23,Nevada,Clark,51.62,1152,3,0.13,34209,580,1.7,1532.9,25.99,1.53,2231647,282.79
2020-07-22,Nevada,Clark,46.24,1032,24,1.08,33057,577,1.75,1481.28,25.86,1.48,2231647,282.79
2020-07-21,Nevada,Clark,31.95,713,26,1.17,32025,553,1.73,1435.04,24.78,1.44,2231647,282.79
2020-07-20,Nevada,Clark,39.43,880,0,0.0,31312,527,1.68,1403.09,23.61,1.4,2231647,282.79
2020-07-19,Nevada,Clark,50.55,1128,0,0.0,30432,527,1.73,1363.66,23.61,1.36,2231647,282.79
2020-07-18,Nevada,Clark,49.96,1115,9,0.4,29304,527,1.8,1313.11,23.61,1.31,2231647,282.79
2020-07-17,Nevada,Clark,56.59,1263,11,0.49,28189,518,1.84,1263.15,23.21,1.26,2231647,282.79
2020-07-16,Nevada,Clark,58.93,1315,5,0.22,26926,507,1.88,1206.55,22.72,1.21,2231647,282.79
2020-07-15,Nevada,Clark,35.27,787,4,0.18,25611,502,1.96,1147.63,22.49,1.15,2231647,282.79
2020-07-14,Nevada,Clark,45.75,1021,15,0.67,24824,498,2.01,1112.36,22.32,1.11,2231647,282.79
2020-07-13,Nevada,Clark,33.83,755,0,0.0,23803,483,2.03,1066.61,21.64,1.07,2231647,282.79
2020-07-12,Nevada,Clark,34.15,762,0,0.0,23048,483,2.1,1032.78,21.64,1.03,2231647,282.79
2020-07-11,Nevada,Clark,37.51,837,10,0.45,22286,483,2.17,998.63,21.64,1.0,2231647,282.79
2020-07-10,Nevada,Clark,37.06,827,5,0.22,21449,473,2.21,961.13,21.2,0.96,2231647,282.79
2020-07-09,Nevada,Clark,22.23,496,14,0.63,20622,468,2.27,924.07,20.97,0.92,2231647,282.79
2020-07-08,Nevada,Clark,21.15,472,4,0.18,20126,454,2.26,901.85,20.34,0.9,2231647,282.79
2020-07-07,Nevada,Clark,37.46,836,11,0.49,19654,450,2.29,880.69,20.16,0.88,2231647,282.79
2020-07-06,Nevada,Clark,16.85,376,0,0.0,18818,439,2.33,843.23,19.67,0.84,2231647,282.79
2020-07-05,Nevada,Clark,32.94,735,4,0.18,18442,439,2.38,826.39,19.67,0.83,2231647,282.79
2020-07-04,Nevada,Clark,30.43,679,0,0.0,17707,435,2.46,793.45,19.49,0.79,2231647,282.79
2020-07-03,Nevada,Clark,38.0,848,3,0.13,17028,435,2.55,763.02,19.49,0.76,2231647,282.79
2020-07-02,Nevada,Clark,25.81,576,12,0.54,16180,432,2.67,725.03,19.36,0.73,2231647,282.79
2020-07-01,Nevada,Clark,22.81,509,4,0.18,15604,420,2.69,699.21,18.82,0.7,2231647,282.79
2020-06-30,Nevada,Clark,21.87,488,2,0.09,15095,416,2.76,676.41,18.64,0.68,2231647,282.79
2020-06-29,Nevada,Clark,31.23,697,4,0.18,14607,414,2.83,654.54,18.55,0.65,2231647,282.79
2020-06-28,Nevada,Clark,32.98,736,0,0.0,13910,410,2.95,623.31,18.37,0.62,2231647,282.79
2020-06-27,Nevada,Clark,43.47,970,2,0.09,13174,410,3.11,590.33,18.37,0.59,2231647,282.79
2020-06-26,Nevada,Clark,14.61,326,3,0.13,12204,408,3.34,546.86,18.28,0.55,2231647,282.79
2020-06-25,Nevada,Clark,17.79,397,1,0.04,11878,405,3.41,532.25,18.15,0.53,2231647,282.79
2020-06-24,Nevada,Clark,13.22,295,2,0.09,11481,404,3.52,514.46,18.1,0.51,2231647,282.79
2020-06-23,Nevada,Clark,18.46,412,2,0.09,11186,402,3.59,501.24,18.01,0.5,2231647,282.79
2020-06-22,Nevada,Clark,12.91,288,2,0.09,10774,400,3.71,482.78,17.92,0.48,2231647,282.79
2020-06-21,Nevada,Clark,10.17,227,1,0.04,10486,398,3.8,469.88,17.83,0.47,2231647,282.79
2020-06-20,Nevada,Clark,18.24,407,7,0.31,10259,397,3.87,459.71,17.79,0.46,2231647,282.79
2020-06-19,Nevada,Clark,14.2,317,3,0.13,9852,390,3.96,441.47,17.48,0.44,2231647,282.79
2020-06-18,Nevada,Clark,9.72,217,1,0.04,9535,387,4.06,427.26,17.34,0.43,2231647,282.79
2020-06-17,Nevada,Clark,7.21,161,6,0.27,9318,386,4.14,417.54,17.3,0.42,2231647,282.79
2020-06-16,Nevada,Clark,15.33,342,1,0.04,9157,380,4.15,410.32,17.03,0.41,2231647,282.79
2020-06-15,Nevada,Clark,3.58,80,1,0.04,8815,379,4.3,395.0,16.98,0.39,2231647,282.79
2020-06-14,Nevada,Clark,8.02,179,1,0.04,8735,378,4.33,391.41,16.94,0.39,2231647,282.79
2020-06-13,Nevada,Clark,10.84,242,0,0.0,8556,377,4.41,383.39,16.89,0.38,2231647,282.79
2020-06-12,Nevada,Clark,9.59,214,2,0.09,8314,377,4.53,372.55,16.89,0.37,2231647,282.79
2020-06-11,Nevada,Clark,8.29,185,8,0.36,8100,375,4.63,362.96,16.8,0.36,2231647,282.79
2020-06-10,Nevada,Clark,4.97,111,2,0.09,7915,367,4.64,354.67,16.45,0.35,2231647,282.79
2020-06-09,Nevada,Clark,9.5,212,2,0.09,7804,365,4.68,349.7,16.36,0.35,2231647,282.79
2020-06-08,Nevada,Clark,4.88,109,4,0.18,7592,363,4.78,340.2,16.27,0.34,2231647,282.79
2020-06-07,Nevada,Clark,6.81,152,1,0.04,7483,359,4.8,335.31,16.09,0.34,2231647,282.79
2020-06-06,Nevada,Clark,6.5,145,1,0.04,7331,358,4.88,328.5,16.04,0.33,2231647,282.79
2020-06-05,Nevada,Clark,5.83,130,2,0.09,7186,357,4.97,322.0,16.0,0.32,2231647,282.79
2020-06-04,Nevada,Clark,5.96,133,0,0.0,7056,355,5.03,316.18,15.91,0.32,2231647,282.79
2020-06-03,Nevada,Clark,3.5,78,9,0.4,6923,355,5.13,310.22,15.91,0.31,2231647,282.79
2020-06-02,Nevada,Clark,5.65,126,0,0.0,6845,346,5.05,306.72,15.5,0.31,2231647,282.79
2020-06-01,Nevada,Clark,2.78,62,0,0.0,6719,346,5.15,301.08,15.5,0.3,2231647,282.79
2020-05-31,Nevada,Clark,3.5,78,2,0.09,6657,346,5.2,298.3,15.5,0.3,2231647,282.79
2020-05-30,Nevada,Clark,5.47,122,1,0.04,6579,344,5.23,294.8,15.41,0.29,2231647,282.79
2020-05-29,Nevada,Clark,4.71,105,1,0.04,6457,343,5.31,289.34,15.37,0.29,2231647,282.79
2020-05-28,Nevada,Clark,2.91,65,6,0.27,6352,342,5.38,284.63,15.33,0.28,2231647,282.79
2020-05-27,Nevada,Clark,2.73,61,5,0.22,6287,336,5.34,281.72,15.06,0.28,2231647,282.79
2020-05-26,Nevada,Clark,1.97,44,0,0.0,6226,331,5.32,278.99,14.83,0.28,2231647,282.79
2020-05-25,Nevada,Clark,1.88,42,0,0.0,6182,331,5.35,277.02,14.83,0.28,2231647,282.79
2020-05-24,Nevada,Clark,4.12,92,2,0.09,6140,331,5.39,275.13,14.83,0.28,2231647,282.79
2020-05-23,Nevada,Clark,10.44,233,7,0.31,6048,329,5.44,271.01,14.74,0.27,2231647,282.79
2020-05-22,Nevada,Clark,3.63,81,2,0.09,5815,322,5.54,260.57,14.43,0.26,2231647,282.79
2020-05-21,Nevada,Clark,3.76,84,6,0.27,5734,320,5.58,256.94,14.34,0.26,2231647,282.79
2020-05-20,Nevada,Clark,5.11,114,10,0.45,5650,314,5.56,253.18,14.07,0.25,2231647,282.79
2020-05-19,Nevada,Clark,3.27,73,8,0.36,5536,304,5.49,248.07,13.62,0.25,2231647,282.79
2020-05-18,Nevada,Clark,4.35,97,0,0.0,5463,296,5.42,244.8,13.26,0.24,2231647,282.79
2020-05-17,Nevada,Clark,3.05,68,3,0.13,5366,296,5.52,240.45,13.26,0.24,2231647,282.79
2020-05-16,Nevada,Clark,2.82,63,2,0.09,5298,293,5.53,237.4,13.13,0.24,2231647,282.79
2020-05-15,Nevada,Clark,4.08,91,9,0.4,5235,291,5.56,234.58,13.04,0.23,2231647,282.79
2020-05-14,Nevada,Clark,4.44,99,7,0.31,5144,282,5.48,230.5,12.64,0.23,2231647,282.79
2020-05-13,Nevada,Clark,7.89,176,8,0.36,5045,275,5.45,226.07,12.32,0.23,2231647,282.79
2020-05-12,Nevada,Clark,4.79,107,7,0.31,4869,267,5.48,218.18,11.96,0.22,2231647,282.79
2020-05-11,Nevada,Clark,0.54,12,0,0.0,4762,260,5.46,213.39,11.65,0.21,2231647,282.79
2020-05-10,Nevada,Clark,2.06,46,4,0.18,4750,260,5.47,212.85,11.65,0.21,2231647,282.79
2020-05-09,Nevada,Clark,3.94,88,3,0.13,4704,256,5.44,210.79,11.47,0.21,2231647,282.79
2020-05-08,Nevada,Clark,1.93,43,8,0.36,4616,253,5.48,206.84,11.34,0.21,2231647,282.79
2020-05-07,Nevada,Clark,4.48,100,7,0.31,4573,245,5.36,204.92,10.98,0.2,2231647,282.79
2020-05-06,Nevada,Clark,2.78,62,12,0.54,4473,238,5.32,200.43,10.66,0.2,2231647,282.79
2020-05-05,Nevada,Clark,0.0,0,3,0.13,4411,226,5.12,197.66,10.13,0.2,2231647,282.79
2020-05-04,Nevada,Clark,6.14,137,5,0.22,4411,223,5.06,197.66,9.99,0.2,2231647,282.79
2020-05-03,Nevada,Clark,2.2,49,3,0.13,4274,218,5.1,191.52,9.77,0.19,2231647,282.79
2020-05-02,Nevada,Clark,4.79,107,9,0.4,4225,215,5.09,189.32,9.63,0.19,2231647,282.79
2020-05-01,Nevada,Clark,6.23,139,4,0.18,4118,206,5.0,184.53,9.23,0.18,2231647,282.79
2020-04-30,Nevada,Clark,3.94,88,6,0.27,3979,202,5.08,178.3,9.05,0.18,2231647,282.79
2020-04-29,Nevada,Clark,4.39,98,10,0.45,3891,196,5.04,174.36,8.78,0.17,2231647,282.79
2020-04-28,Nevada,Clark,3.41,76,12,0.54,3793,186,4.9,169.96,8.33,0.17,2231647,282.79
2020-04-27,Nevada,Clark,2.33,52,0,0.0,3717,174,4.68,166.56,7.8,0.17,2231647,282.79
2020-04-26,Nevada,Clark,4.26,95,0,0.0,3665,174,4.75,164.23,7.8,0.16,2231647,282.79
2020-04-25,Nevada,Clark,5.69,127,6,0.27,3570,174,4.87,159.97,7.8,0.16,2231647,282.79
2020-04-24,Nevada,Clark,5.78,129,5,0.22,3443,168,4.88,154.28,7.53,0.15,2231647,282.79
2020-04-23,Nevada,Clark,4.3,96,13,0.58,3314,163,4.92,148.5,7.3,0.15,2231647,282.79
2020-04-22,Nevada,Clark,5.33,119,9,0.4,3218,150,4.66,144.2,6.72,0.14,2231647,282.79
2020-04-21,Nevada,Clark,4.53,101,4,0.18,3099,141,4.55,138.87,6.32,0.14,2231647,282.79
2020-04-20,Nevada,Clark,2.6,58,0,0.0,2998,137,4.57,134.34,6.14,0.13,2231647,282.79
2020-04-19,Nevada,Clark,2.6,58,4,0.18,2940,137,4.66,131.74,6.14,0.13,2231647,282.79
2020-04-18,Nevada,Clark,6.45,144,9,0.4,2882,133,4.61,129.14,5.96,0.13,2231647,282.79
2020-04-17,Nevada,Clark,5.06,113,3,0.13,2738,124,4.53,122.69,5.56,0.12,2231647,282.79
2020-04-16,Nevada,Clark,2.96,66,6,0.27,2625,121,4.61,117.63,5.42,0.12,2231647,282.79
2020-04-15,Nevada,Clark,2.24,50,9,0.4,2559,115,4.49,114.67,5.15,0.11,2231647,282.79
2020-04-14,Nevada,Clark,2.91,65,5,0.22,2509,106,4.22,112.43,4.75,0.11,2231647,282.79
2020-04-13,Nevada,Clark,5.38,120,1,0.04,2444,101,4.13,109.52,4.53,0.11,2231647,282.79
2020-04-12,Nevada,Clark,2.96,66,4,0.18,2324,100,4.3,104.14,4.48,0.1,2231647,282.79
2020-04-11,Nevada,Clark,5.11,114,21,0.94,2258,96,4.25,101.18,4.3,0.1,2231647,282.79
2020-04-10,Nevada,Clark,6.05,135,4,0.18,2144,75,3.5,96.07,3.36,0.1,2231647,282.79
2020-04-09,Nevada,Clark,5.87,131,6,0.27,2009,71,3.53,90.02,3.18,0.09,2231647,282.79
2020-04-08,Nevada,Clark,6.45,144,11,0.49,1878,65,3.46,84.15,2.91,0.08,2231647,282.79
2020-04-07,Nevada,Clark,5.65,126,13,0.58,1734,54,3.11,77.7,2.42,0.08,2231647,282.79
2020-04-06,Nevada,Clark,3.99,89,0,0.0,1608,41,2.55,72.05,1.84,0.07,2231647,282.79
2020-04-05,Nevada,Clark,4.53,101,0,0.0,1519,41,2.7,68.07,1.84,0.07,2231647,282.79
2020-04-04,Nevada,Clark,6.23,139,2,0.09,1418,41,2.89,63.54,1.84,0.06,2231647,282.79
2020-04-03,Nevada,Clark,6.9,154,5,0.22,1279,39,3.05,57.31,1.75,0.06,2231647,282.79
2020-04-02,Nevada,Clark,7.35,164,6,0.27,1125,34,3.02,50.41,1.52,0.05,2231647,282.79
2020-04-01,Nevada,Clark,4.12,92,5,0.22,961,28,2.91,43.06,1.25,0.04,2231647,282.79
2020-03-31,Nevada,Clark,5.2,116,8,0.36,869,23,2.65,38.94,1.03,0.04,2231647,282.79
2020-03-30,Nevada,Clark,10.08,225,1,0.04,753,15,1.99,33.74,0.67,0.03,2231647,282.79
2020-03-29,Nevada,Clark,0.0,0,0,0.0,528,14,2.65,23.66,0.63,0.02,2231647,282.79
2020-03-28,Nevada,Clark,3.81,85,4,0.18,528,14,2.65,23.66,0.63,0.02,2231647,282.79
2020-03-27,Nevada,Clark,4.17,93,0,0.0,443,10,2.26,19.85,0.45,0.02,2231647,282.79
2020-03-26,Nevada,Clark,4.53,101,4,0.18,350,10,2.86,15.68,0.45,0.02,2231647,282.79
2020-03-25,Nevada,Clark,0.0,0,0,0.0,249,6,2.41,11.16,0.27,0.01,2231647,282.79
2020-03-24,Nevada,Clark,4.39,98,2,0.09,249,6,2.41,11.16,0.27,0.01,2231647,282.79
2020-03-23,Nevada,Clark,1.12,25,2,0.09,151,4,2.65,6.77,0.18,0.01,2231647,282.79
2020-03-22,Nevada,Clark,0.0,0,0,0.0,126,2,1.59,5.65,0.09,0.01,2231647,282.79
2020-03-21,Nevada,Clark,0.0,0,0,0.0,126,2,1.59,5.65,0.09,0.01,2231647,282.79
2020-03-20,Nevada,Clark,2.33,52,1,0.04,126,2,1.59,5.65,0.09,0.01,2231647,282.79
2020-03-19,Nevada,Clark,0.22,5,0,0.0,74,1,1.35,3.32,0.04,0.0,2231647,282.79
2020-03-18,Nevada,Clark,1.21,27,0,0.0,69,1,1.45,3.09,0.04,0.0,2231647,282.79
2020-03-17,Nevada,Clark,0.31,7,0,0.0,42,1,2.38,1.88,0.04,0.0,2231647,282.79
2020-03-16,Nevada,Clark,0.85,19,1,0.04,35,1,2.86,1.57,0.04,0.0,2231647,282.79
2020-03-15,Nevada,Clark,0.0,0,0,0.0,16,0,0.0,0.72,0.0,0.0,2231647,282.79
2020-03-14,Nevada,Clark,0.0,0,0,0.0,16,0,0.0,0.72,0.0,0.0,2231647,282.79
2020-03-13,Nevada,Clark,0.36,8,0,0.0,16,0,0.0,0.72,0.0,0.0,2231647,282.79
2020-03-12,Nevada,Clark,0.13,3,0,0.0,8,0,0.0,0.36,0.0,0.0,2231647,282.79
2020-03-11,Nevada,Clark,0.13,3,0,0.0,5,0,0.0,0.22,0.0,0.0,2231647,282.79
2020-03-10,Nevada,Clark,0.0,0,0,0.0,2,0,0.0,0.09,0.0,0.0,2231647,282.79
2020-03-09,Nevada,Clark,0.0,0,0,0.0,2,0,0.0,0.09,0.0,0.0,2231647,282.79
2020-03-08,Nevada,Clark,0.04,1,0,0.0,2,0,0.0,0.09,0.0,0.0,2231647,282.79
2020-03-07,Nevada,Clark,0.0,0,0,0.0,1,0,0.0,0.04,0.0,0.0,2231647,282.79
2020-03-06,Nevada,Clark,0.0,0,0,0.0,1,0,0.0,0.04,0.0,0.0,2231647,282.79
2020-03-05,Nevada,Clark,0.0,0,0,0.0,1,0,0.0,0.04,0.0,0.0,2231647,282.79
