date,state,city,1day_cases_100k,new_cases,new_deaths,new_deaths_100k,total_cases,total_deaths,cfr%,total_cases_100k,total_deaths_100k,%infected,population,7day_cases_100k,7day_cases_change,28day_cases_100k,28day_cases_change
2020-08-21,Espírito Santo,Nova Venécia,31.93,16,0,0.0,884,25,2.83,1764.12,49.89,1.76,50110,147.67,-7.98,614.63,23.95
2020-08-20,Espírito Santo,Nova Venécia,35.92,18,0,0.0,868,25,2.88,1732.19,49.89,1.73,50110,155.65,9.98,590.68,23.95
2020-08-19,Espírito Santo,Nova Venécia,29.93,15,0,0.0,850,25,2.94,1696.27,49.89,1.7,50110,145.67,19.95,566.73,19.95
2020-08-18,Espírito Santo,Nova Venécia,11.97,6,1,2.0,835,25,2.99,1666.33,49.89,1.67,50110,125.72,-17.96,546.78,-11.98
2020-08-17,Espírito Santo,Nova Venécia,25.94,13,0,0.0,829,24,2.9,1654.36,47.89,1.65,50110,143.68,-23.95,558.76,-2.0
2020-08-16,Espírito Santo,Nova Venécia,2.0,1,0,0.0,816,24,2.94,1628.42,47.89,1.63,50110,167.63,-11.97,560.76,-1.99
2020-08-15,Espírito Santo,Nova Venécia,9.98,5,0,0.0,815,24,2.94,1626.42,47.89,1.63,50110,179.6,-3.99,562.75,7.98
2020-08-14,Espírito Santo,Nova Venécia,39.91,20,0,0.0,810,24,2.96,1616.44,47.89,1.62,50110,183.59,-3.99,554.77,23.95
2020-08-13,Espírito Santo,Nova Venécia,25.94,13,0,0.0,790,24,3.04,1576.53,47.89,1.58,50110,187.58,15.96,530.82,11.97
2020-08-12,Espírito Santo,Nova Venécia,9.98,5,0,0.0,777,24,3.09,1550.59,47.89,1.55,50110,171.62,-19.95,518.85,-1.99
2020-08-11,Espírito Santo,Nova Venécia,29.93,15,0,0.0,772,24,3.11,1540.61,47.89,1.54,50110,191.57,-4.0,520.84,9.97
2020-08-10,Espírito Santo,Nova Venécia,49.89,25,0,0.0,757,24,3.17,1510.68,47.89,1.51,50110,195.57,31.93,510.87,39.91
2020-08-09,Espírito Santo,Nova Venécia,13.97,7,0,0.0,732,24,3.28,1460.79,47.89,1.46,50110,163.64,2.0,470.96,7.98
2020-08-08,Espírito Santo,Nova Venécia,13.97,7,1,2.0,725,24,3.31,1446.82,47.89,1.45,50110,161.64,9.98,462.98,3.99
2020-08-07,Espírito Santo,Nova Venécia,43.9,22,0,0.0,718,23,3.2,1432.85,45.9,1.43,50110,151.66,15.96,458.99,5.98
2020-08-06,Espírito Santo,Nova Venécia,9.98,5,0,0.0,696,23,3.3,1388.94,45.9,1.39,50110,135.7,-9.98,453.01,25.94
2020-08-05,Espírito Santo,Nova Venécia,29.93,15,1,2.0,691,23,3.33,1378.97,45.9,1.38,50110,145.68,-4.0,427.07,-5.99
2020-08-04,Espírito Santo,Nova Venécia,33.93,17,0,0.0,676,22,3.25,1349.03,43.9,1.35,50110,149.68,25.95,433.06,-37.91
2020-08-03,Espírito Santo,Nova Venécia,17.96,9,1,2.0,659,22,3.34,1315.11,43.9,1.32,50110,123.73,-3.99,470.97,2.0
2020-08-02,Espírito Santo,Nova Venécia,11.97,6,0,0.0,650,21,3.23,1297.15,41.91,1.3,50110,127.72,7.98,468.97,-17.96
2020-08-01,Espírito Santo,Nova Venécia,3.99,2,0,0.0,644,21,3.26,1285.17,41.91,1.29,50110,119.74,-11.97,486.93,-37.92
2020-07-31,Espírito Santo,Nova Venécia,27.94,14,2,3.99,642,21,3.27,1281.18,41.91,1.28,50110,131.71,19.96,524.85,-3.99
2020-07-30,Espírito Santo,Nova Venécia,19.96,10,0,0.0,628,19,3.03,1253.24,37.92,1.25,50110,111.75,7.99,528.84,-19.95
2020-07-29,Espírito Santo,Nova Venécia,33.93,17,1,2.0,618,19,3.07,1233.29,37.92,1.23,50110,103.76,23.95,548.79,0.0
2020-07-28,Espírito Santo,Nova Venécia,7.98,4,0,0.0,601,18,3.0,1199.36,35.92,1.2,50110,79.81,-15.97,548.79,-43.91
2020-07-27,Espírito Santo,Nova Venécia,21.95,11,0,0.0,597,18,3.02,1191.38,35.92,1.19,50110,95.78,-5.99,592.7,-9.98
2020-07-26,Espírito Santo,Nova Venécia,3.99,2,0,0.0,586,18,3.07,1169.43,35.92,1.17,50110,101.77,0.0,602.68,-11.97
2020-07-25,Espírito Santo,Nova Venécia,15.96,8,0,0.0,584,18,3.08,1165.44,35.92,1.17,50110,101.77,13.96,614.65,-23.95
2020-07-24,Espírito Santo,Nova Venécia,7.98,4,1,2.0,576,18,3.12,1149.47,35.92,1.15,50110,87.81,-7.98,638.6,-41.91
2020-07-23,Espírito Santo,Nova Venécia,11.97,6,0,0.0,572,17,2.97,1141.49,33.93,1.14,50110,95.79,-2.0,680.51,-35.92
2020-07-22,Espírito Santo,Nova Venécia,9.98,5,0,0.0,566,17,3.0,1129.52,33.93,1.13,50110,97.79,-1.99,716.43,-17.96
2020-07-21,Espírito Santo,Nova Venécia,23.95,12,1,2.0,561,17,3.03,1119.54,33.93,1.12,50110,99.78,3.99,734.39,21.95
2020-07-20,Espírito Santo,Nova Venécia,27.94,14,0,0.0,549,16,2.91,1095.59,31.93,1.1,50110,95.79,17.96,712.44,3.99
2020-07-19,Espírito Santo,Nova Venécia,3.99,2,1,2.0,535,16,2.99,1067.65,31.93,1.07,50110,77.83,-2.0,708.45,-19.96
2020-07-18,Espírito Santo,Nova Venécia,2.0,1,0,0.0,533,15,2.81,1063.66,29.93,1.06,50110,79.83,-7.98,728.41,-13.96
2020-07-17,Espírito Santo,Nova Venécia,15.96,8,0,0.0,532,15,2.82,1061.66,29.93,1.06,50110,87.81,-21.96,742.37,-7.99
2020-07-16,Espírito Santo,Nova Venécia,13.97,7,1,2.0,524,15,2.86,1045.7,29.93,1.05,50110,109.77,29.93,750.36,-33.92
2020-07-15,Espírito Santo,Nova Venécia,11.97,6,0,0.0,517,14,2.71,1031.73,27.94,1.03,50110,79.84,-23.95,784.28,-2.0
2020-07-14,Espírito Santo,Nova Venécia,19.96,10,0,0.0,511,14,2.74,1019.76,27.94,1.02,50110,103.79,-51.88,786.28,15.97
2020-07-13,Espírito Santo,Nova Venécia,9.98,5,0,0.0,501,14,2.79,999.8,27.94,1.0,50110,155.67,-5.98,770.31,9.98
2020-07-12,Espírito Santo,Nova Venécia,5.99,3,0,0.0,496,14,2.82,989.82,27.94,0.99,50110,161.65,-23.94,760.33,-11.97
2020-07-11,Espírito Santo,Nova Venécia,9.98,5,0,0.0,493,14,2.84,983.84,27.94,0.98,50110,185.59,-31.93,772.3,2.0
2020-07-10,Espírito Santo,Nova Venécia,37.92,19,0,0.0,488,14,2.87,973.86,27.94,0.97,50110,217.52,5.99,770.3,3.99
2020-07-09,Espírito Santo,Nova Venécia,-15.96,-8,0,0.0,469,14,2.99,935.94,27.94,0.94,50110,211.53,-55.87,766.31,-31.92
2020-07-08,Espírito Santo,Nova Venécia,35.92,18,0,0.0,477,14,2.94,951.91,27.94,0.95,50110,267.4,1.99,798.23,17.96
2020-07-07,Espírito Santo,Nova Venécia,71.84,36,0,0.0,459,14,3.05,915.98,27.94,0.92,50110,265.41,19.95,780.27,63.86
2020-07-06,Espírito Santo,Nova Venécia,15.96,8,0,0.0,423,14,3.31,844.14,27.94,0.84,50110,245.46,-15.97,716.41,11.97
2020-07-05,Espírito Santo,Nova Venécia,29.93,15,0,0.0,415,14,3.37,828.18,27.94,0.83,50110,261.43,13.97,704.44,11.97
2020-07-03,Espírito Santo,Nova Venécia,41.91,21,0,0.0,400,14,3.5,798.24,27.94,0.8,50110,247.46,2.0,692.47,29.94
2020-07-02,Espírito Santo,Nova Venécia,31.93,16,1,2.0,379,14,3.69,756.34,27.94,0.76,50110,245.46,-17.96,662.53,29.93
2020-07-01,Espírito Santo,Nova Venécia,39.91,20,2,3.99,363,13,3.58,724.41,25.94,0.72,50110,263.42,-7.98,632.6,25.94
2020-06-30,Espírito Santo,Nova Venécia,33.93,17,1,2.0,343,11,3.21,684.49,21.95,0.68,50110,271.4,5.99,606.66,17.97
2020-06-29,Espírito Santo,Nova Venécia,51.89,26,0,0.0,326,10,3.07,650.57,19.96,0.65,50110,265.41,49.89,588.69,51.89
2020-06-28,Espírito Santo,Nova Venécia,31.93,16,0,0.0,300,10,3.33,598.68,19.96,0.6,50110,215.52,7.98,536.8,31.93
2020-06-26,Espírito Santo,Nova Venécia,15.96,8,1,2.0,284,10,3.52,566.75,19.96,0.57,50110,207.54,-7.99,504.87,5.98
2020-06-25,Espírito Santo,Nova Venécia,39.91,20,0,0.0,276,9,3.26,550.79,17.96,0.55,50110,215.53,23.95,498.89,35.92
2020-06-24,Espírito Santo,Nova Venécia,49.89,25,0,0.0,256,9,3.52,510.88,17.96,0.51,50110,191.58,25.94,462.97,47.89
2020-06-23,Espírito Santo,Nova Venécia,47.89,24,0,0.0,231,9,3.9,460.99,17.96,0.46,50110,165.64,0.0,415.08,37.91
2020-06-22,Espírito Santo,Nova Venécia,27.94,14,1,2.0,207,9,4.35,413.09,17.96,0.41,50110,165.64,13.97,377.17,23.95
2020-06-21,Espírito Santo,Nova Venécia,2.0,1,1,2.0,193,8,4.15,385.15,15.96,0.39,50110,151.67,-1.99,353.22,2.0
2020-06-20,Espírito Santo,Nova Venécia,23.95,12,1,2.0,192,7,3.65,383.16,13.97,0.38,50110,153.66,23.95,351.22,23.95
2020-06-19,Espírito Santo,Nova Venécia,23.95,12,0,0.0,180,6,3.33,359.21,11.97,0.36,50110,129.71,5.99,327.27,17.96
2020-06-18,Espírito Santo,Nova Venécia,15.96,8,0,0.0,168,6,3.57,335.26,11.97,0.34,50110,123.72,7.98,309.31,13.96
2020-06-17,Espírito Santo,Nova Venécia,23.95,12,1,2.0,160,6,3.75,319.3,11.97,0.32,50110,115.74,-9.98,295.35,21.95
2020-06-16,Espírito Santo,Nova Venécia,47.89,24,0,0.0,148,5,3.38,295.35,9.98,0.3,50110,125.72,31.93,273.4,47.89
2020-06-15,Espírito Santo,Nova Venécia,13.97,7,0,0.0,124,5,4.03,247.46,9.98,0.25,50110,93.79,-3.99,225.51,11.97
2020-06-14,Espírito Santo,Nova Venécia,3.99,2,0,0.0,117,5,4.27,233.49,9.98,0.23,50110,97.78,-3.99,213.54,3.99
2020-06-13,Espírito Santo,Nova Venécia,0.0,0,1,2.0,115,5,4.35,229.5,9.98,0.23,50110,101.77,-3.99,209.55,-2.0
2020-06-12,Espírito Santo,Nova Venécia,17.96,9,0,0.0,115,4,3.48,229.5,7.98,0.23,50110,105.76,0.0,211.55,17.96
2020-06-11,Espírito Santo,Nova Venécia,7.98,4,0,0.0,106,4,3.77,211.53,7.98,0.21,50110,105.76,-3.99,193.59,5.98
2020-06-10,Espírito Santo,Nova Venécia,33.93,17,0,0.0,102,4,3.92,203.55,7.98,0.2,50110,109.75,31.93,187.61,33.93
2020-06-09,Espírito Santo,Nova Venécia,15.96,8,2,3.99,85,4,4.71,169.63,7.98,0.17,50110,77.82,1.99,153.68,11.97
2020-06-08,Espírito Santo,Nova Venécia,17.96,9,0,0.0,77,2,2.6,153.66,3.99,0.15,50110,75.83,2.0,141.71,17.96
2020-06-07,Espírito Santo,Nova Venécia,7.98,4,0,0.0,68,2,2.94,135.7,3.99,0.14,50110,73.83,7.98,123.75,7.98
2020-06-06,Espírito Santo,Nova Venécia,3.99,2,0,0.0,64,2,3.12,127.72,3.99,0.13,50110,65.85,3.99,115.77,1.99
2020-06-05,Espírito Santo,Nova Venécia,17.96,9,0,0.0,62,2,3.23,123.73,3.99,0.12,50110,61.86,7.98,113.78,17.96
2020-06-04,Espírito Santo,Nova Venécia,11.97,6,0,0.0,53,2,3.77,105.77,3.99,0.11,50110,53.88,7.98,95.82,11.97
2020-06-03,Espírito Santo,Nova Venécia,2.0,1,0,0.0,47,2,4.26,93.79,3.99,0.09,50110,45.9,0.0,83.85,2.0
2020-06-02,Espírito Santo,Nova Venécia,13.97,7,0,0.0,46,2,4.35,91.8,3.99,0.09,50110,45.9,3.99,81.85,13.97
2020-06-01,Espírito Santo,Nova Venécia,15.96,8,0,0.0,39,2,5.13,77.83,3.99,0.08,50110,41.91,11.97,67.88,15.96
2020-05-31,Espírito Santo,Nova Venécia,0.0,0,1,2.0,31,2,6.45,61.86,3.99,0.06,50110,29.94,0.0,51.92,0.0
2020-05-30,Espírito Santo,Nova Venécia,0.0,0,0,0.0,31,1,3.23,61.86,2.0,0.06,50110,29.94,0.0,51.92,0.0
2020-05-29,Espírito Santo,Nova Venécia,9.98,5,0,0.0,31,1,3.23,61.86,2.0,0.06,50110,29.94,3.99,51.92,9.98
2020-05-28,Espírito Santo,Nova Venécia,3.99,2,0,0.0,26,1,3.85,51.89,2.0,0.05,50110,25.95,1.99,41.94,3.99
2020-05-27,Espírito Santo,Nova Venécia,2.0,1,0,0.0,24,1,4.17,47.89,2.0,0.05,50110,23.96,0.0,37.95,2.0
2020-05-26,Espírito Santo,Nova Venécia,9.98,5,0,0.0,23,1,4.35,45.9,2.0,0.05,50110,23.96,9.98,35.95,7.98
2020-05-25,Espírito Santo,Nova Venécia,3.99,2,0,0.0,18,1,5.56,35.92,2.0,0.04,50110,13.98,1.99,27.97,3.99
2020-05-24,Espírito Santo,Nova Venécia,0.0,0,0,0.0,16,1,6.25,31.93,2.0,0.03,50110,11.99,0.0,23.98,0.0
2020-05-23,Espírito Santo,Nova Venécia,0.0,0,0,0.0,16,1,6.25,31.93,2.0,0.03,50110,11.99,-2.0,23.98,0.0
2020-05-22,Espírito Santo,Nova Venécia,5.99,3,0,0.0,16,1,6.25,31.93,2.0,0.03,50110,13.99,5.99,23.98,5.99
2020-05-21,Espírito Santo,Nova Venécia,2.0,1,0,0.0,13,1,7.69,25.94,2.0,0.03,50110,8.0,0.0,17.99,0.0
2020-05-20,Espírito Santo,Nova Venécia,2.0,1,0,0.0,12,1,8.33,23.95,2.0,0.02,50110,8.0,2.0,17.99,2.0
2020-05-19,Espírito Santo,Nova Venécia,0.0,0,0,0.0,11,1,9.09,21.95,2.0,0.02,50110,6.0,-3.99,15.99,0.0
2020-05-18,Espírito Santo,Nova Venécia,2.0,1,0,0.0,11,1,9.09,21.95,2.0,0.02,50110,9.99,2.0,15.99,2.0
2020-05-17,Espírito Santo,Nova Venécia,0.0,0,0,0.0,10,1,10.0,19.96,2.0,0.02,50110,7.99,0.0,13.99,0.0
2020-05-16,Espírito Santo,Nova Venécia,2.0,1,0,0.0,10,1,10.0,19.96,2.0,0.02,50110,7.99,0.0,13.99,2.0
2020-05-15,Espírito Santo,Nova Venécia,0.0,0,0,0.0,9,1,11.11,17.96,2.0,0.02,50110,7.99,0.0,11.99,0.0
2020-05-14,Espírito Santo,Nova Venécia,2.0,1,0,0.0,9,1,11.11,17.96,2.0,0.02,50110,7.99,2.0,11.99,2.0
2020-05-13,Espírito Santo,Nova Venécia,0.0,0,0,0.0,8,1,12.5,15.96,2.0,0.02,50110,5.99,0.0,9.99,-2.0
2020-05-12,Espírito Santo,Nova Venécia,3.99,2,0,0.0,8,1,12.5,15.96,2.0,0.02,50110,5.99,3.99,11.99,3.99
2020-05-11,Espírito Santo,Nova Venécia,0.0,0,0,0.0,6,1,16.67,11.97,2.0,0.01,50110,2.0,0.0,8.0,0.0
2020-05-10,Espírito Santo,Nova Venécia,0.0,0,0,0.0,6,1,16.67,11.97,2.0,0.01,50110,2.0,0.0,8.0,0.0
2020-05-09,Espírito Santo,Nova Venécia,2.0,1,0,0.0,6,1,16.67,11.97,2.0,0.01,50110,2.0,2.0,8.0,0.0
2020-05-08,Espírito Santo,Nova Venécia,0.0,0,0,0.0,5,1,20.0,9.98,2.0,0.01,50110,0.0,0.0,8.0,0.0
2020-05-07,Espírito Santo,Nova Venécia,0.0,0,0,0.0,5,1,20.0,9.98,2.0,0.01,50110,0.0,0.0,8.0,0.0
2020-05-06,Espírito Santo,Nova Venécia,0.0,0,0,0.0,5,1,20.0,9.98,2.0,0.01,50110,0.0,0.0,8.0,0.0
2020-05-05,Espírito Santo,Nova Venécia,0.0,0,0,0.0,5,1,20.0,9.98,2.0,0.01,50110,0.0,-2.0,8.0,0.0
2020-05-04,Espírito Santo,Nova Venécia,0.0,0,0,0.0,5,1,20.0,9.98,2.0,0.01,50110,2.0,0.0,8.0,0.0
2020-05-03,Espírito Santo,Nova Venécia,0.0,0,0,0.0,5,1,20.0,9.98,2.0,0.01,50110,2.0,0.0,8.0,0.0
2020-05-02,Espírito Santo,Nova Venécia,0.0,0,0,0.0,5,1,20.0,9.98,2.0,0.01,50110,2.0,0.0,8.0,0.0
2020-05-01,Espírito Santo,Nova Venécia,0.0,0,0,0.0,5,1,20.0,9.98,2.0,0.01,50110,2.0,0.0,8.0,0.0
2020-04-30,Espírito Santo,Nova Venécia,0.0,0,1,2.0,5,1,20.0,9.98,2.0,0.01,50110,2.0,-2.0,8.0,0.0
2020-04-29,Espírito Santo,Nova Venécia,0.0,0,0,0.0,5,0,0.0,9.98,0.0,0.01,50110,4.0,0.0,8.0,0.0
2020-04-28,Espírito Santo,Nova Venécia,2.0,1,0,0.0,5,0,0.0,9.98,0.0,0.01,50110,4.0,2.0,8.0,2.0
2020-04-27,Espírito Santo,Nova Venécia,0.0,0,0,0.0,4,0,0.0,7.98,0.0,0.01,50110,2.0,0.0,6.0,0.0
2020-04-26,Espírito Santo,Nova Venécia,0.0,0,0,0.0,4,0,0.0,7.98,0.0,0.01,50110,2.0,0.0,6.0,0.0
2020-04-25,Espírito Santo,Nova Venécia,0.0,0,0,0.0,4,0,0.0,7.98,0.0,0.01,50110,2.0,0.0,6.0,0.0
2020-04-24,Espírito Santo,Nova Venécia,0.0,0,0,0.0,4,0,0.0,7.98,0.0,0.01,50110,2.0,0.0,6.0,0.0
2020-04-23,Espírito Santo,Nova Venécia,2.0,1,0,0.0,4,0,0.0,7.98,0.0,0.01,50110,2.0,2.0,6.0,2.0
2020-04-22,Espírito Santo,Nova Venécia,0.0,0,0,0.0,3,0,0.0,5.99,0.0,0.01,50110,0.0,-2.0,4.0,0.0
2020-04-21,Espírito Santo,Nova Venécia,0.0,0,0,0.0,3,0,0.0,5.99,0.0,0.01,50110,2.0,0.0,4.0,0.0
2020-04-20,Espírito Santo,Nova Venécia,0.0,0,0,0.0,3,0,0.0,5.99,0.0,0.01,50110,2.0,0.0,4.0,0.0
2020-04-19,Espírito Santo,Nova Venécia,0.0,0,0,0.0,3,0,0.0,5.99,0.0,0.01,50110,2.0,0.0,4.0,0.0
2020-04-18,Espírito Santo,Nova Venécia,0.0,0,0,0.0,3,0,0.0,5.99,0.0,0.01,50110,2.0,-2.0,4.0,0.0
2020-04-17,Espírito Santo,Nova Venécia,0.0,0,0,0.0,3,0,0.0,5.99,0.0,0.01,50110,4.0,0.0,4.0,0.0
2020-04-16,Espírito Santo,Nova Venécia,0.0,0,0,0.0,3,0,0.0,5.99,0.0,0.01,50110,4.0,0.0,4.0,0.0
2020-04-15,Espírito Santo,Nova Venécia,2.0,1,0,0.0,3,0,0.0,5.99,0.0,0.01,50110,4.0,2.0,4.0,2.0
2020-04-14,Espírito Santo,Nova Venécia,0.0,0,0,0.0,2,0,0.0,3.99,0.0,0.0,50110,2.0,0.0,2.0,0.0
2020-04-13,Espírito Santo,Nova Venécia,0.0,0,0,0.0,2,0,0.0,3.99,0.0,0.0,50110,2.0,0.0,2.0,0.0
2020-04-12,Espírito Santo,Nova Venécia,0.0,0,0,0.0,2,0,0.0,3.99,0.0,0.0,50110,2.0,0.0,2.0,0.0
2020-04-11,Espírito Santo,Nova Venécia,2.0,1,0,0.0,2,0,0.0,3.99,0.0,0.0,50110,2.0,2.0,2.0,2.0
2020-04-10,Espírito Santo,Nova Venécia,0.0,0,0,0.0,1,0,0.0,2.0,0.0,0.0,50110,0.0,0.0,0.0,0.0
2020-04-09,Espírito Santo,Nova Venécia,0.0,0,0,0.0,1,0,0.0,2.0,0.0,0.0,50110,0.0,0.0,0.0,0.0
2020-04-08,Espírito Santo,Nova Venécia,0.0,0,0,0.0,1,0,0.0,2.0,0.0,0.0,50110,0.0,0.0,0.0,0.0
2020-04-07,Espírito Santo,Nova Venécia,0.0,0,0,0.0,1,0,0.0,2.0,0.0,0.0,50110,0.0,0.0,0.0,0.0
