date,state,city,new_cases_100k,new_cases,new_deaths,new_deaths_100k,total_cases,total_deaths,cfr%,total_cases_100k,total_deaths_100k,%infected,population
2020-07-17,Espírito Santo,Sooretama,99.77,30,0.0,0.0,426,7,1.64,1416.69,23.28,1.42,30070
2020-07-15,Espírito Santo,Sooretama,23.28,7,0.0,0.0,396,7,1.77,1316.93,23.28,1.32,30070
2020-07-14,Espírito Santo,Sooretama,23.28,7,1.0,3.33,389,7,1.8,1293.65,23.28,1.29,30070
2020-07-13,Espírito Santo,Sooretama,26.6,8,0.0,0.0,382,6,1.57,1270.37,19.95,1.27,30070
2020-07-12,Espírito Santo,Sooretama,19.95,6,0.0,0.0,374,6,1.6,1243.76,19.95,1.24,30070
2020-07-11,Espírito Santo,Sooretama,89.79,27,0.0,0.0,368,6,1.63,1223.81,19.95,1.22,30070
2020-07-10,Espírito Santo,Sooretama,53.21,16,0.0,0.0,341,6,1.76,1134.02,19.95,1.13,30070
2020-07-09,Espírito Santo,Sooretama,19.95,6,0.0,0.0,325,6,1.85,1080.81,19.95,1.08,30070
2020-07-08,Espírito Santo,Sooretama,69.84,21,0.0,0.0,319,6,1.88,1060.86,19.95,1.06,30070
2020-07-07,Espírito Santo,Sooretama,69.84,21,0.0,0.0,298,6,2.01,991.02,19.95,0.99,30070
2020-07-06,Espírito Santo,Sooretama,36.58,11,0.0,0.0,277,6,2.17,921.18,19.95,0.92,30070
2020-07-05,Espírito Santo,Sooretama,16.63,5,0.0,0.0,266,6,2.26,884.6,19.95,0.88,30070
2020-07-03,Espírito Santo,Sooretama,19.95,6,-1.0,-3.33,261,6,2.3,867.97,19.95,0.87,30070
2020-07-02,Espírito Santo,Sooretama,33.26,10,0.0,0.0,255,7,2.75,848.02,23.28,0.85,30070
2020-07-01,Espírito Santo,Sooretama,36.58,11,1.0,3.33,245,7,2.86,814.77,23.28,0.81,30070
2020-06-30,Espírito Santo,Sooretama,33.26,10,0.0,0.0,234,6,2.56,778.18,19.95,0.78,30070
2020-06-29,Espírito Santo,Sooretama,29.93,9,1.0,3.33,224,6,2.68,744.93,19.95,0.74,30070
2020-06-28,Espírito Santo,Sooretama,103.09,31,0.0,0.0,215,5,2.33,715.0,16.63,0.71,30070
2020-06-26,Espírito Santo,Sooretama,53.21,16,1.0,3.33,184,5,2.72,611.91,16.63,0.61,30070
2020-06-25,Espírito Santo,Sooretama,66.51,20,0.0,0.0,168,4,2.38,558.7,13.3,0.56,30070
2020-06-24,Espírito Santo,Sooretama,16.63,5,0.0,0.0,148,4,2.7,492.18,13.3,0.49,30070
2020-06-23,Espírito Santo,Sooretama,29.93,9,0.0,0.0,143,4,2.8,475.56,13.3,0.48,30070
2020-06-22,Espírito Santo,Sooretama,13.3,4,0.0,0.0,134,4,2.99,445.63,13.3,0.45,30070
2020-06-21,Espírito Santo,Sooretama,9.98,3,0.0,0.0,130,4,3.08,432.32,13.3,0.43,30070
2020-06-20,Espírito Santo,Sooretama,19.95,6,0.0,0.0,127,4,3.15,422.35,13.3,0.42,30070
2020-06-19,Espírito Santo,Sooretama,19.95,6,0.0,0.0,121,4,3.31,402.39,13.3,0.4,30070
2020-06-18,Espírito Santo,Sooretama,16.63,5,0.0,0.0,115,4,3.48,382.44,13.3,0.38,30070
2020-06-17,Espírito Santo,Sooretama,33.26,10,0.0,0.0,110,4,3.64,365.81,13.3,0.37,30070
2020-06-16,Espírito Santo,Sooretama,3.33,1,1.0,3.33,100,4,4.0,332.56,13.3,0.33,30070
2020-06-15,Espírito Santo,Sooretama,29.93,9,0.0,0.0,99,3,3.03,329.23,9.98,0.33,30070
2020-06-14,Espírito Santo,Sooretama,9.98,3,0.0,0.0,90,3,3.33,299.3,9.98,0.3,30070
2020-06-13,Espírito Santo,Sooretama,13.3,4,1.0,3.33,87,3,3.45,289.32,9.98,0.29,30070
2020-06-12,Espírito Santo,Sooretama,19.95,6,0.0,0.0,83,2,2.41,276.02,6.65,0.28,30070
2020-06-11,Espírito Santo,Sooretama,16.63,5,0.0,0.0,77,2,2.6,256.07,6.65,0.26,30070
2020-06-10,Espírito Santo,Sooretama,9.98,3,0.0,0.0,72,2,2.78,239.44,6.65,0.24,30070
2020-06-09,Espírito Santo,Sooretama,26.6,8,0.0,0.0,69,2,2.9,229.46,6.65,0.23,30070
2020-06-08,Espírito Santo,Sooretama,29.93,9,0.0,0.0,61,2,3.28,202.86,6.65,0.2,30070
2020-06-07,Espírito Santo,Sooretama,-3.33,-1,0.0,0.0,52,2,3.85,172.93,6.65,0.17,30070
2020-06-06,Espírito Santo,Sooretama,16.63,5,0.0,0.0,53,2,3.77,176.26,6.65,0.18,30070
2020-06-05,Espírito Santo,Sooretama,3.33,1,0.0,0.0,48,2,4.17,159.63,6.65,0.16,30070
2020-06-04,Espírito Santo,Sooretama,13.3,4,0.0,0.0,47,2,4.26,156.3,6.65,0.16,30070
2020-06-03,Espírito Santo,Sooretama,9.98,3,0.0,0.0,43,2,4.65,143.0,6.65,0.14,30070
2020-06-02,Espírito Santo,Sooretama,0.0,0,0.0,0.0,40,2,5.0,133.02,6.65,0.13,30070
2020-06-01,Espírito Santo,Sooretama,6.65,2,0.0,0.0,40,2,5.0,133.02,6.65,0.13,30070
2020-05-31,Espírito Santo,Sooretama,19.95,6,0.0,0.0,38,2,5.26,126.37,6.65,0.13,30070
2020-05-30,Espírito Santo,Sooretama,9.98,3,1.0,3.33,32,2,6.25,106.42,6.65,0.11,30070
2020-05-29,Espírito Santo,Sooretama,19.95,6,0.0,0.0,29,1,3.45,96.44,3.33,0.1,30070
2020-05-28,Espírito Santo,Sooretama,13.3,4,0.0,0.0,23,1,4.35,76.49,3.33,0.08,30070
2020-05-27,Espírito Santo,Sooretama,0.0,0,0.0,0.0,19,1,5.26,63.19,3.33,0.06,30070
2020-05-26,Espírito Santo,Sooretama,3.33,1,0.0,0.0,19,1,5.26,63.19,3.33,0.06,30070
2020-05-25,Espírito Santo,Sooretama,3.33,1,0.0,0.0,18,1,5.56,59.86,3.33,0.06,30070
2020-05-24,Espírito Santo,Sooretama,0.0,0,0.0,0.0,17,1,5.88,56.53,3.33,0.06,30070
2020-05-23,Espírito Santo,Sooretama,3.33,1,0.0,0.0,17,1,5.88,56.53,3.33,0.06,30070
2020-05-22,Espírito Santo,Sooretama,13.3,4,0.0,0.0,16,1,6.25,53.21,3.33,0.05,30070
2020-05-21,Espírito Santo,Sooretama,0.0,0,0.0,0.0,12,1,8.33,39.91,3.33,0.04,30070
2020-05-20,Espírito Santo,Sooretama,9.98,3,0.0,0.0,12,1,8.33,39.91,3.33,0.04,30070
2020-05-19,Espírito Santo,Sooretama,0.0,0,0.0,0.0,9,1,11.11,29.93,3.33,0.03,30070
2020-05-18,Espírito Santo,Sooretama,0.0,0,0.0,0.0,9,1,11.11,29.93,3.33,0.03,30070
2020-05-17,Espírito Santo,Sooretama,0.0,0,0.0,0.0,9,1,11.11,29.93,3.33,0.03,30070
2020-05-16,Espírito Santo,Sooretama,0.0,0,0.0,0.0,9,1,11.11,29.93,3.33,0.03,30070
2020-05-15,Espírito Santo,Sooretama,3.33,1,0.0,0.0,9,1,11.11,29.93,3.33,0.03,30070
2020-05-14,Espírito Santo,Sooretama,0.0,0,0.0,0.0,8,1,12.5,26.6,3.33,0.03,30070
2020-05-13,Espírito Santo,Sooretama,0.0,0,0.0,0.0,8,1,12.5,26.6,3.33,0.03,30070
2020-05-12,Espírito Santo,Sooretama,0.0,0,0.0,0.0,8,1,12.5,26.6,3.33,0.03,30070
2020-05-11,Espírito Santo,Sooretama,0.0,0,0.0,0.0,8,1,12.5,26.6,3.33,0.03,30070
2020-05-10,Espírito Santo,Sooretama,0.0,0,0.0,0.0,8,1,12.5,26.6,3.33,0.03,30070
2020-05-09,Espírito Santo,Sooretama,0.0,0,0.0,0.0,8,1,12.5,26.6,3.33,0.03,30070
2020-05-08,Espírito Santo,Sooretama,0.0,0,0.0,0.0,8,1,12.5,26.6,3.33,0.03,30070
2020-05-07,Espírito Santo,Sooretama,0.0,0,0.0,0.0,8,1,12.5,26.6,3.33,0.03,30070
2020-05-06,Espírito Santo,Sooretama,0.0,0,0.0,0.0,8,1,12.5,26.6,3.33,0.03,30070
2020-05-05,Espírito Santo,Sooretama,13.3,4,1.0,3.33,8,1,12.5,26.6,3.33,0.03,30070
2020-05-04,Espírito Santo,Sooretama,0.0,0,0.0,0.0,4,0,0.0,13.3,0.0,0.01,30070
2020-05-03,Espírito Santo,Sooretama,0.0,0,0.0,0.0,4,0,0.0,13.3,0.0,0.01,30070
2020-05-02,Espírito Santo,Sooretama,0.0,0,0.0,0.0,4,0,0.0,13.3,0.0,0.01,30070
2020-05-01,Espírito Santo,Sooretama,3.33,1,0.0,0.0,4,0,0.0,13.3,0.0,0.01,30070
2020-04-30,Espírito Santo,Sooretama,0.0,0,0.0,0.0,3,0,0.0,9.98,0.0,0.01,30070
2020-04-29,Espírito Santo,Sooretama,3.33,1,0.0,0.0,3,0,0.0,9.98,0.0,0.01,30070
2020-04-28,Espírito Santo,Sooretama,0.0,0,0.0,0.0,2,0,0.0,6.65,0.0,0.01,30070
2020-04-27,Espírito Santo,Sooretama,0.0,0,0.0,0.0,2,0,0.0,6.65,0.0,0.01,30070
2020-04-26,Espírito Santo,Sooretama,0.0,0,0.0,0.0,2,0,0.0,6.65,0.0,0.01,30070
2020-04-25,Espírito Santo,Sooretama,0.0,0,0.0,0.0,2,0,0.0,6.65,0.0,0.01,30070
2020-04-24,Espírito Santo,Sooretama,0.0,0,0.0,0.0,2,0,0.0,6.65,0.0,0.01,30070
2020-04-23,Espírito Santo,Sooretama,0.0,0,0.0,0.0,2,0,0.0,6.65,0.0,0.01,30070
2020-04-22,Espírito Santo,Sooretama,0.0,0,0.0,0.0,2,0,0.0,6.65,0.0,0.01,30070
2020-04-21,Espírito Santo,Sooretama,0.0,0,0.0,0.0,2,0,0.0,6.65,0.0,0.01,30070
2020-04-20,Espírito Santo,Sooretama,0.0,0,0.0,0.0,2,0,0.0,6.65,0.0,0.01,30070
2020-04-19,Espírito Santo,Sooretama,0.0,0,0.0,0.0,2,0,0.0,6.65,0.0,0.01,30070
2020-04-18,Espírito Santo,Sooretama,0.0,0,0.0,0.0,2,0,0.0,6.65,0.0,0.01,30070
2020-04-17,Espírito Santo,Sooretama,0.0,0,0.0,0.0,2,0,0.0,6.65,0.0,0.01,30070
2020-04-16,Espírito Santo,Sooretama,0.0,0,0.0,0.0,2,0,0.0,6.65,0.0,0.01,30070
2020-04-15,Espírito Santo,Sooretama,0.0,0,0.0,0.0,2,0,0.0,6.65,0.0,0.01,30070
2020-04-14,Espírito Santo,Sooretama,0.0,0,0.0,0.0,2,0,0.0,6.65,0.0,0.01,30070
2020-04-13,Espírito Santo,Sooretama,0.0,0,0.0,0.0,2,0,0.0,6.65,0.0,0.01,30070
2020-04-12,Espírito Santo,Sooretama,0.0,0,0.0,0.0,2,0,0.0,6.65,0.0,0.01,30070
2020-04-11,Espírito Santo,Sooretama,0.0,0,0.0,0.0,2,0,0.0,6.65,0.0,0.01,30070
2020-04-10,Espírito Santo,Sooretama,0.0,0,0.0,0.0,2,0,0.0,6.65,0.0,0.01,30070
2020-04-09,Espírito Santo,Sooretama,0.0,0,0.0,0.0,2,0,0.0,6.65,0.0,0.01,30070
2020-04-08,Espírito Santo,Sooretama,0.0,0,0.0,0.0,2,0,0.0,6.65,0.0,0.01,30070
2020-04-07,Espírito Santo,Sooretama,0.0,0,0.0,0.0,2,0,0.0,6.65,0.0,0.01,30070
2020-04-06,Espírito Santo,Sooretama,0.0,0,0.0,0.0,2,0,0.0,6.65,0.0,0.01,30070
2020-04-05,Espírito Santo,Sooretama,0.0,0,0.0,0.0,2,0,0.0,6.65,0.0,0.01,30070
2020-04-04,Espírito Santo,Sooretama,0.0,0,0.0,0.0,2,0,0.0,6.65,0.0,0.01,30070
2020-04-03,Espírito Santo,Sooretama,0.0,0,0.0,0.0,2,0,0.0,6.65,0.0,0.01,30070
2020-04-02,Espírito Santo,Sooretama,6.65,2,0.0,0.0,2,0,0.0,6.65,0.0,0.01,30070
