date,state,county,new_cases_100k,new_cases,new_deaths,new_deaths_100k,total_cases,total_deaths,cfr%,total_cases_100k,total_deaths_100k,%infected,population,pop_density
2020-07-15,Virginia,James City,13.09,10,0,0.0,388,16,4.12,507.87,20.94,0.51,76397,536.63
2020-07-14,Virginia,James City,22.25,17,0,0.0,378,16,4.23,494.78,20.94,0.49,76397,536.63
2020-07-13,Virginia,James City,26.18,20,0,0.0,361,16,4.43,472.53,20.94,0.47,76397,536.63
2020-07-12,Virginia,James City,6.54,5,0,0.0,341,16,4.69,446.35,20.94,0.45,76397,536.63
2020-07-11,Virginia,James City,5.24,4,0,0.0,336,16,4.76,439.81,20.94,0.44,76397,536.63
2020-07-10,Virginia,James City,11.78,9,0,0.0,332,16,4.82,434.57,20.94,0.43,76397,536.63
2020-07-09,Virginia,James City,13.09,10,0,0.0,323,16,4.95,422.79,20.94,0.42,76397,536.63
2020-07-08,Virginia,James City,9.16,7,1,1.31,313,16,5.11,409.7,20.94,0.41,76397,536.63
2020-07-07,Virginia,James City,11.78,9,0,0.0,306,15,4.9,400.54,19.63,0.4,76397,536.63
2020-07-06,Virginia,James City,5.24,4,0,0.0,297,15,5.05,388.76,19.63,0.39,76397,536.63
2020-07-05,Virginia,James City,18.33,14,0,0.0,293,15,5.12,383.52,19.63,0.38,76397,536.63
2020-07-04,Virginia,James City,11.78,9,0,0.0,279,15,5.38,365.2,19.63,0.37,76397,536.63
2020-07-03,Virginia,James City,2.62,2,0,0.0,270,15,5.56,353.42,19.63,0.35,76397,536.63
2020-07-02,Virginia,James City,3.93,3,0,0.0,268,15,5.6,350.8,19.63,0.35,76397,536.63
2020-07-01,Virginia,James City,2.62,2,0,0.0,265,15,5.66,346.87,19.63,0.35,76397,536.63
2020-06-30,Virginia,James City,6.54,5,0,0.0,263,15,5.7,344.25,19.63,0.34,76397,536.63
2020-06-29,Virginia,James City,5.24,4,0,0.0,258,15,5.81,337.71,19.63,0.34,76397,536.63
2020-06-28,Virginia,James City,2.62,2,0,0.0,254,15,5.91,332.47,19.63,0.33,76397,536.63
2020-06-27,Virginia,James City,1.31,1,0,0.0,252,15,5.95,329.86,19.63,0.33,76397,536.63
2020-06-26,Virginia,James City,3.93,3,0,0.0,251,15,5.98,328.55,19.63,0.33,76397,536.63
2020-06-25,Virginia,James City,1.31,1,0,0.0,248,15,6.05,324.62,19.63,0.32,76397,536.63
2020-06-24,Virginia,James City,2.62,2,0,0.0,247,15,6.07,323.31,19.63,0.32,76397,536.63
2020-06-23,Virginia,James City,0.0,0,0,0.0,245,15,6.12,320.69,19.63,0.32,76397,536.63
2020-06-22,Virginia,James City,3.93,3,0,0.0,245,15,6.12,320.69,19.63,0.32,76397,536.63
2020-06-21,Virginia,James City,3.93,3,0,0.0,242,15,6.2,316.77,19.63,0.32,76397,536.63
2020-06-20,Virginia,James City,1.31,1,0,0.0,239,15,6.28,312.84,19.63,0.31,76397,536.63
2020-06-19,Virginia,James City,1.31,1,0,0.0,238,15,6.3,311.53,19.63,0.31,76397,536.63
2020-06-18,Virginia,James City,1.31,1,0,0.0,237,15,6.33,310.22,19.63,0.31,76397,536.63
2020-06-17,Virginia,James City,0.0,0,0,0.0,236,15,6.36,308.91,19.63,0.31,76397,536.63
2020-06-16,Virginia,James City,3.93,3,0,0.0,236,15,6.36,308.91,19.63,0.31,76397,536.63
2020-06-15,Virginia,James City,0.0,0,0,0.0,233,15,6.44,304.99,19.63,0.3,76397,536.63
2020-06-14,Virginia,James City,2.62,2,0,0.0,233,15,6.44,304.99,19.63,0.3,76397,536.63
2020-06-13,Virginia,James City,1.31,1,0,0.0,231,15,6.49,302.37,19.63,0.3,76397,536.63
2020-06-12,Virginia,James City,6.54,5,0,0.0,230,15,6.52,301.06,19.63,0.3,76397,536.63
2020-06-11,Virginia,James City,1.31,1,0,0.0,225,15,6.67,294.51,19.63,0.29,76397,536.63
2020-06-10,Virginia,James City,0.0,0,0,0.0,224,15,6.7,293.21,19.63,0.29,76397,536.63
2020-06-09,Virginia,James City,9.16,7,0,0.0,224,15,6.7,293.21,19.63,0.29,76397,536.63
2020-06-08,Virginia,James City,1.31,1,0,0.0,217,15,6.91,284.04,19.63,0.28,76397,536.63
2020-06-07,Virginia,James City,6.54,5,0,0.0,216,15,6.94,282.73,19.63,0.28,76397,536.63
2020-06-06,Virginia,James City,0.0,0,0,0.0,211,15,7.11,276.19,19.63,0.28,76397,536.63
2020-06-05,Virginia,James City,0.0,0,0,0.0,211,15,7.11,276.19,19.63,0.28,76397,536.63
2020-06-04,Virginia,James City,0.0,0,0,0.0,211,15,7.11,276.19,19.63,0.28,76397,536.63
2020-06-03,Virginia,James City,1.31,1,0,0.0,211,15,7.11,276.19,19.63,0.28,76397,536.63
2020-06-02,Virginia,James City,5.24,4,0,0.0,210,15,7.14,274.88,19.63,0.27,76397,536.63
2020-06-01,Virginia,James City,1.31,1,0,0.0,206,15,7.28,269.64,19.63,0.27,76397,536.63
2020-05-31,Virginia,James City,3.93,3,0,0.0,205,15,7.32,268.34,19.63,0.27,76397,536.63
2020-05-30,Virginia,James City,0.0,0,0,0.0,202,15,7.43,264.41,19.63,0.26,76397,536.63
2020-05-29,Virginia,James City,0.0,0,0,0.0,202,15,7.43,264.41,19.63,0.26,76397,536.63
2020-05-28,Virginia,James City,2.62,2,-1,-1.31,202,15,7.43,264.41,19.63,0.26,76397,536.63
2020-05-27,Virginia,James City,0.0,0,0,0.0,200,16,8.0,261.79,20.94,0.26,76397,536.63
2020-05-26,Virginia,James City,3.93,3,0,0.0,200,16,8.0,261.79,20.94,0.26,76397,536.63
2020-05-25,Virginia,James City,1.31,1,0,0.0,197,16,8.12,257.86,20.94,0.26,76397,536.63
2020-05-24,Virginia,James City,5.24,4,0,0.0,196,16,8.16,256.55,20.94,0.26,76397,536.63
2020-05-23,Virginia,James City,1.31,1,0,0.0,192,16,8.33,251.32,20.94,0.25,76397,536.63
2020-05-22,Virginia,James City,2.62,2,1,1.31,191,16,8.38,250.01,20.94,0.25,76397,536.63
2020-05-21,Virginia,James City,0.0,0,0,0.0,189,15,7.94,247.39,19.63,0.25,76397,536.63
2020-05-20,Virginia,James City,0.0,0,0,0.0,189,15,7.94,247.39,19.63,0.25,76397,536.63
2020-05-19,Virginia,James City,2.62,2,0,0.0,189,15,7.94,247.39,19.63,0.25,76397,536.63
2020-05-18,Virginia,James City,1.31,1,0,0.0,187,15,8.02,244.77,19.63,0.24,76397,536.63
2020-05-17,Virginia,James City,9.16,7,0,0.0,186,15,8.06,243.47,19.63,0.24,76397,536.63
2020-05-16,Virginia,James City,0.0,0,0,0.0,179,15,8.38,234.3,19.63,0.23,76397,536.63
2020-05-15,Virginia,James City,6.54,5,0,0.0,179,15,8.38,234.3,19.63,0.23,76397,536.63
2020-05-14,Virginia,James City,0.0,0,0,0.0,174,15,8.62,227.76,19.63,0.23,76397,536.63
2020-05-13,Virginia,James City,0.0,0,0,0.0,174,15,8.62,227.76,19.63,0.23,76397,536.63
2020-05-12,Virginia,James City,1.31,1,0,0.0,174,15,8.62,227.76,19.63,0.23,76397,536.63
2020-05-11,Virginia,James City,0.0,0,0,0.0,173,15,8.67,226.45,19.63,0.23,76397,536.63
2020-05-10,Virginia,James City,5.24,4,0,0.0,173,15,8.67,226.45,19.63,0.23,76397,536.63
2020-05-09,Virginia,James City,-1.31,-1,0,0.0,169,15,8.88,221.21,19.63,0.22,76397,536.63
2020-05-08,Virginia,James City,3.93,3,0,0.0,170,15,8.82,222.52,19.63,0.22,76397,536.63
2020-05-07,Virginia,James City,1.31,1,1,1.31,167,15,8.98,218.59,19.63,0.22,76397,536.63
2020-05-06,Virginia,James City,0.0,0,0,0.0,166,14,8.43,217.29,18.33,0.22,76397,536.63
2020-05-05,Virginia,James City,-1.31,-1,1,1.31,166,14,8.43,217.29,18.33,0.22,76397,536.63
2020-05-04,Virginia,James City,5.24,4,0,0.0,167,13,7.78,218.59,17.02,0.22,76397,536.63
2020-05-03,Virginia,James City,2.62,2,0,0.0,163,13,7.98,213.36,17.02,0.21,76397,536.63
2020-05-02,Virginia,James City,1.31,1,1,1.31,161,13,8.07,210.74,17.02,0.21,76397,536.63
2020-05-01,Virginia,James City,2.62,2,0,0.0,160,12,7.5,209.43,15.71,0.21,76397,536.63
2020-04-30,Virginia,James City,3.93,3,0,0.0,158,12,7.59,206.81,15.71,0.21,76397,536.63
2020-04-29,Virginia,James City,0.0,0,0,0.0,155,12,7.74,202.89,15.71,0.2,76397,536.63
2020-04-28,Virginia,James City,1.31,1,0,0.0,155,12,7.74,202.89,15.71,0.2,76397,536.63
2020-04-27,Virginia,James City,1.31,1,0,0.0,154,12,7.79,201.58,15.71,0.2,76397,536.63
2020-04-26,Virginia,James City,2.62,2,0,0.0,153,12,7.84,200.27,15.71,0.2,76397,536.63
2020-04-25,Virginia,James City,1.31,1,0,0.0,151,12,7.95,197.65,15.71,0.2,76397,536.63
2020-04-24,Virginia,James City,1.31,1,0,0.0,150,12,8.0,196.34,15.71,0.2,76397,536.63
2020-04-23,Virginia,James City,2.62,2,0,0.0,149,12,8.05,195.03,15.71,0.2,76397,536.63
2020-04-22,Virginia,James City,1.31,1,0,0.0,147,12,8.16,192.42,15.71,0.19,76397,536.63
2020-04-21,Virginia,James City,6.54,5,9,11.78,146,12,8.22,191.11,15.71,0.19,76397,536.63
2020-04-20,Virginia,James City,0.0,0,0,0.0,141,3,2.13,184.56,3.93,0.18,76397,536.63
2020-04-19,Virginia,James City,2.62,2,0,0.0,141,3,2.13,184.56,3.93,0.18,76397,536.63
2020-04-18,Virginia,James City,1.31,1,0,0.0,139,3,2.16,181.94,3.93,0.18,76397,536.63
2020-04-17,Virginia,James City,3.93,3,0,0.0,138,3,2.17,180.64,3.93,0.18,76397,536.63
2020-04-16,Virginia,James City,3.93,3,0,0.0,135,3,2.22,176.71,3.93,0.18,76397,536.63
2020-04-15,Virginia,James City,5.24,4,0,0.0,132,3,2.27,172.78,3.93,0.17,76397,536.63
2020-04-14,Virginia,James City,2.62,2,0,0.0,128,3,2.34,167.55,3.93,0.17,76397,536.63
2020-04-13,Virginia,James City,0.0,0,0,0.0,126,3,2.38,164.93,3.93,0.16,76397,536.63
2020-04-12,Virginia,James City,0.0,0,0,0.0,126,3,2.38,164.93,3.93,0.16,76397,536.63
2020-04-11,Virginia,James City,1.31,1,0,0.0,126,3,2.38,164.93,3.93,0.16,76397,536.63
2020-04-10,Virginia,James City,2.62,2,0,0.0,125,3,2.4,163.62,3.93,0.16,76397,536.63
2020-04-09,Virginia,James City,1.31,1,0,0.0,123,3,2.44,161.0,3.93,0.16,76397,536.63
2020-04-08,Virginia,James City,3.93,3,0,0.0,122,3,2.46,159.69,3.93,0.16,76397,536.63
2020-04-07,Virginia,James City,1.31,1,0,0.0,119,3,2.52,155.77,3.93,0.16,76397,536.63
2020-04-06,Virginia,James City,1.31,1,0,0.0,118,3,2.54,154.46,3.93,0.15,76397,536.63
2020-04-05,Virginia,James City,7.85,6,0,0.0,117,3,2.56,153.15,3.93,0.15,76397,536.63
2020-04-04,Virginia,James City,9.16,7,0,0.0,111,3,2.7,145.29,3.93,0.15,76397,536.63
2020-04-03,Virginia,James City,9.16,7,0,0.0,104,3,2.88,136.13,3.93,0.14,76397,536.63
2020-04-02,Virginia,James City,2.62,2,0,0.0,97,3,3.09,126.97,3.93,0.13,76397,536.63
2020-04-01,Virginia,James City,7.85,6,0,0.0,95,3,3.16,124.35,3.93,0.12,76397,536.63
2020-03-31,Virginia,James City,20.94,16,0,0.0,89,3,3.37,116.5,3.93,0.12,76397,536.63
2020-03-30,Virginia,James City,3.93,3,0,0.0,73,3,4.11,95.55,3.93,0.1,76397,536.63
2020-03-29,Virginia,James City,6.54,5,0,0.0,70,3,4.29,91.63,3.93,0.09,76397,536.63
2020-03-28,Virginia,James City,13.09,10,0,0.0,65,3,4.62,85.08,3.93,0.09,76397,536.63
2020-03-27,Virginia,James City,7.85,6,0,0.0,55,3,5.45,71.99,3.93,0.07,76397,536.63
2020-03-26,Virginia,James City,10.47,8,0,0.0,49,3,6.12,64.14,3.93,0.06,76397,536.63
2020-03-25,Virginia,James City,5.24,4,0,0.0,41,3,7.32,53.67,3.93,0.05,76397,536.63
2020-03-24,Virginia,James City,3.93,3,0,0.0,37,3,8.11,48.43,3.93,0.05,76397,536.63
2020-03-23,Virginia,James City,2.62,2,0,0.0,34,3,8.82,44.5,3.93,0.04,76397,536.63
2020-03-22,Virginia,James City,15.71,12,1,1.31,32,3,9.38,41.89,3.93,0.04,76397,536.63
2020-03-21,Virginia,James City,1.31,1,0,0.0,20,2,10.0,26.18,2.62,0.03,76397,536.63
2020-03-20,Virginia,James City,6.54,5,0,0.0,19,2,10.53,24.87,2.62,0.02,76397,536.63
2020-03-19,Virginia,James City,1.31,1,0,0.0,14,2,14.29,18.33,2.62,0.02,76397,536.63
2020-03-18,Virginia,James City,1.31,1,0,0.0,13,2,15.38,17.02,2.62,0.02,76397,536.63
2020-03-17,Virginia,James City,2.62,2,1,1.31,12,2,16.67,15.71,2.62,0.02,76397,536.63
2020-03-16,Virginia,James City,1.31,1,0,0.0,10,1,10.0,13.09,1.31,0.01,76397,536.63
2020-03-15,Virginia,James City,0.0,0,0,0.0,9,1,11.11,11.78,1.31,0.01,76397,536.63
2020-03-14,Virginia,James City,1.31,1,1,1.31,9,1,11.11,11.78,1.31,0.01,76397,536.63
2020-03-13,Virginia,James City,6.54,5,0,0.0,8,0,0.0,10.47,0.0,0.01,76397,536.63
2020-03-12,Virginia,James City,0.0,0,0,0.0,3,0,0.0,3.93,0.0,0.0,76397,536.63
