date,state,district,1day_cases_100k,new_cases,new_deaths,new_deaths_100k,total_cases,total_deaths,cfr%,total_cases_100k,total_deaths_100k,%infected,population,7day_cases_100k,7day_cases_change,28day_cases_100k,28day_cases_change
2020-09-23,Assam,Dibrugarh,12.05,160,0,0.0,8981,59,0.66,676.41,4.44,0.68,1327748,24.7,-1.81,242.72,0.6
2020-09-22,Assam,Dibrugarh,12.65,168,1,0.08,8821,59,0.67,664.36,4.44,0.66,1327748,26.51,-2.49,242.12,3.91
2020-09-21,Assam,Dibrugarh,0.0,0,2,0.15,8653,58,0.67,651.7,4.37,0.65,1327748,29.0,-13.78,238.21,-10.77
2020-09-20,Assam,Dibrugarh,0.0,0,3,0.23,8653,56,0.65,651.7,4.22,0.65,1327748,42.78,0.0,248.98,0.0
2020-09-19,Assam,Dibrugarh,0.0,0,0,0.0,8653,53,0.61,651.7,3.99,0.65,1327748,42.78,-10.09,248.98,0.0
2020-09-18,Assam,Dibrugarh,0.0,0,0,0.0,8653,53,0.61,651.7,3.99,0.65,1327748,52.87,-12.95,248.98,-11.3
2020-09-17,Assam,Dibrugarh,0.0,0,0,0.0,8653,53,0.61,651.7,3.99,0.65,1327748,65.82,-14.99,260.28,0.0
2020-09-16,Assam,Dibrugarh,13.86,184,0,0.0,8653,53,0.61,651.7,3.99,0.65,1327748,80.81,1.06,260.28,0.76
2020-09-15,Assam,Dibrugarh,15.14,201,0,0.0,8469,53,0.63,637.85,3.99,0.64,1327748,79.75,3.09,259.52,-4.97
2020-09-14,Assam,Dibrugarh,13.78,183,0,0.0,8268,53,0.64,622.71,3.99,0.62,1327748,76.66,-2.79,264.49,-3.17
2020-09-13,Assam,Dibrugarh,0.0,0,0,0.0,8085,53,0.66,608.93,3.99,0.61,1327748,79.45,-8.13,267.66,-10.02
2020-09-12,Assam,Dibrugarh,10.09,134,0,0.0,8085,53,0.66,608.93,3.99,0.61,1327748,87.58,10.09,277.68,10.09
2020-09-11,Assam,Dibrugarh,12.95,172,0,0.0,7951,53,0.67,598.83,3.99,0.6,1327748,77.49,1.58,267.59,-6.93
2020-09-10,Assam,Dibrugarh,14.99,199,0,0.0,7779,53,0.68,585.88,3.99,0.59,1327748,75.91,0.08,274.52,-0.6
2020-09-09,Assam,Dibrugarh,12.8,170,0,0.0,7580,53,0.7,570.89,3.99,0.57,1327748,75.83,-3.24,275.12,-60.63
2020-09-08,Assam,Dibrugarh,12.05,160,2,0.15,7410,53,0.72,558.09,3.99,0.56,1327748,79.07,0.23,335.75,-7.46
2020-09-07,Assam,Dibrugarh,16.57,220,0,0.0,7250,51,0.7,546.04,3.84,0.55,1327748,78.84,16.57,343.21,-2.26
2020-09-06,Assam,Dibrugarh,8.13,108,0,0.0,7030,51,0.73,529.47,3.84,0.53,1327748,62.27,8.13,345.47,8.13
2020-09-05,Assam,Dibrugarh,0.0,0,0,0.0,6922,51,0.74,521.33,3.84,0.52,1327748,54.14,-13.33,337.34,-10.69
2020-09-04,Assam,Dibrugarh,11.37,151,2,0.15,6922,51,0.74,521.33,3.84,0.52,1327748,67.47,0.9,348.03,11.37
2020-09-03,Assam,Dibrugarh,14.91,198,2,0.15,6771,49,0.72,509.96,3.69,0.51,1327748,66.57,5.19,336.66,5.27
2020-09-02,Assam,Dibrugarh,16.04,213,3,0.23,6573,47,0.72,495.05,3.54,0.5,1327748,61.38,4.59,331.39,2.71
2020-09-01,Assam,Dibrugarh,11.82,157,1,0.08,6360,44,0.69,479.01,3.31,0.48,1327748,56.79,3.08,328.68,-11.9
2020-08-31,Assam,Dibrugarh,0.0,0,5,0.38,6203,43,0.69,467.18,3.24,0.47,1327748,53.71,-10.77,340.58,-21.24
2020-08-30,Assam,Dibrugarh,0.0,0,0,0.0,6203,38,0.61,467.18,2.86,0.47,1327748,64.48,0.0,361.82,0.0
2020-08-29,Assam,Dibrugarh,13.33,177,1,0.08,6203,38,0.61,467.18,2.86,0.47,1327748,64.48,13.33,361.82,3.09
2020-08-28,Assam,Dibrugarh,10.47,139,2,0.15,6026,37,0.61,453.85,2.79,0.45,1327748,51.15,-0.83,358.73,1.66
2020-08-27,Assam,Dibrugarh,9.72,129,1,0.08,5887,35,0.59,443.38,2.64,0.44,1327748,51.98,9.72,357.07,9.72
2020-08-26,Assam,Dibrugarh,11.45,152,0,0.0,5758,34,0.59,433.67,2.56,0.43,1327748,42.26,-1.65,347.35,11.45
2020-08-25,Assam,Dibrugarh,8.74,116,0,0.0,5606,34,0.61,422.22,2.56,0.42,1327748,43.91,-11.37,335.9,8.74
2020-08-24,Assam,Dibrugarh,10.77,143,1,0.08,5490,34,0.62,413.48,2.56,0.41,1327748,55.28,-6.18,327.16,10.77
2020-08-23,Assam,Dibrugarh,0.0,0,2,0.15,5347,33,0.62,402.71,2.49,0.4,1327748,61.46,-10.02,316.39,-39.69
2020-08-22,Assam,Dibrugarh,0.0,0,2,0.15,5347,31,0.58,402.71,2.33,0.4,1327748,71.48,0.0,356.08,0.0
2020-08-21,Assam,Dibrugarh,11.3,150,1,0.08,5347,29,0.54,402.71,2.18,0.4,1327748,71.48,-8.58,356.08,11.3
2020-08-20,Assam,Dibrugarh,0.0,0,2,0.15,5197,28,0.54,391.41,2.11,0.39,1327748,80.06,-15.59,344.78,0.0
2020-08-19,Assam,Dibrugarh,13.1,174,1,0.08,5197,26,0.5,391.41,1.96,0.39,1327748,95.65,-60.33,344.78,13.1
2020-08-18,Assam,Dibrugarh,20.11,267,0,0.0,5023,25,0.5,378.31,1.88,0.38,1327748,155.98,0.6,331.68,20.11
2020-08-17,Assam,Dibrugarh,16.95,225,1,0.08,4756,25,0.53,358.2,1.88,0.36,1327748,155.38,-1.88,311.57,16.95
2020-08-16,Assam,Dibrugarh,10.02,133,2,0.15,4531,24,0.53,341.25,1.81,0.34,1327748,157.26,10.02,294.62,-11.44
2020-08-15,Assam,Dibrugarh,0.0,0,2,0.15,4398,22,0.5,331.24,1.66,0.33,1327748,147.24,-10.69,306.06,0.0
2020-08-14,Assam,Dibrugarh,19.88,264,0,0.0,4398,20,0.45,331.24,1.51,0.33,1327748,157.93,19.88,306.06,19.88
2020-08-13,Assam,Dibrugarh,15.59,207,3,0.23,4134,20,0.48,311.35,1.51,0.31,1327748,138.05,5.95,286.18,15.59
2020-08-12,Assam,Dibrugarh,73.43,975,3,0.23,3927,17,0.43,295.76,1.28,0.3,1327748,132.1,60.1,270.59,73.43
2020-08-11,Assam,Dibrugarh,19.51,259,1,0.08,2952,14,0.47,222.33,1.05,0.22,1327748,72.0,-4.21,197.16,19.51
2020-08-10,Assam,Dibrugarh,18.83,250,1,0.08,2693,13,0.48,202.82,0.98,0.2,1327748,76.21,-2.41,177.65,-0.53
2020-08-09,Assam,Dibrugarh,0.0,0,1,0.08,2443,12,0.49,184.0,0.9,0.18,1327748,78.62,0.0,178.18,0.0
2020-08-08,Assam,Dibrugarh,10.69,142,1,0.08,2443,11,0.45,184.0,0.83,0.18,1327748,78.62,0.45,178.18,10.69
2020-08-07,Assam,Dibrugarh,0.0,0,1,0.08,2301,10,0.43,173.3,0.75,0.17,1327748,78.17,-8.81,167.49,0.0
2020-08-06,Assam,Dibrugarh,9.64,128,1,0.08,2301,9,0.39,173.3,0.68,0.17,1327748,86.98,9.64,167.49,9.64
2020-08-05,Assam,Dibrugarh,13.33,177,1,0.08,2173,8,0.37,163.66,0.6,0.16,1327748,77.34,13.33,157.85,13.33
2020-08-04,Assam,Dibrugarh,23.72,315,2,0.15,1996,7,0.35,150.33,0.53,0.15,1327748,64.01,23.72,144.52,23.72
2020-08-03,Assam,Dibrugarh,21.24,282,1,0.08,1681,5,0.3,126.61,0.38,0.13,1327748,40.29,21.24,120.8,21.24
2020-08-02,Assam,Dibrugarh,0.0,0,0,0.0,1399,4,0.29,105.37,0.3,0.11,1327748,19.05,-39.69,99.56,0.0
2020-08-01,Assam,Dibrugarh,10.24,136,0,0.0,1399,4,0.29,105.37,0.3,0.11,1327748,58.74,10.24,99.56,10.24
2020-07-31,Assam,Dibrugarh,8.81,117,1,0.08,1263,4,0.32,95.12,0.3,0.1,1327748,48.5,8.81,89.32,8.81
2020-07-30,Assam,Dibrugarh,0.0,0,0,0.0,1146,3,0.26,86.31,0.23,0.09,1327748,39.69,0.0,80.51,0.0
2020-07-29,Assam,Dibrugarh,0.0,0,0,0.0,1146,3,0.26,86.31,0.23,0.09,1327748,39.69,0.0,80.51,0.0
2020-07-28,Assam,Dibrugarh,0.0,0,0,0.0,1146,3,0.26,86.31,0.23,0.09,1327748,39.69,0.0,80.51,0.0
2020-07-27,Assam,Dibrugarh,0.0,0,1,0.08,1146,3,0.26,86.31,0.23,0.09,1327748,39.69,0.0,80.51,0.0
2020-07-26,Assam,Dibrugarh,39.69,527,1,0.08,1146,2,0.17,86.31,0.15,0.09,1327748,39.69,18.23,80.51,39.69
2020-07-25,Assam,Dibrugarh,0.0,0,0,0.0,619,1,0.16,46.62,0.08,0.05,1327748,21.46,0.0,40.82,0.0
2020-07-24,Assam,Dibrugarh,0.0,0,0,0.0,619,1,0.16,46.62,0.08,0.05,1327748,21.46,0.0,40.82,0.0
2020-07-23,Assam,Dibrugarh,0.0,0,0,0.0,619,1,0.16,46.62,0.08,0.05,1327748,21.46,0.0,40.82,-0.38
2020-07-22,Assam,Dibrugarh,0.0,0,0,0.0,619,1,0.16,46.62,0.08,0.05,1327748,21.46,0.0,41.2,0.0
2020-07-21,Assam,Dibrugarh,0.0,0,1,0.08,619,1,0.16,46.62,0.08,0.05,1327748,21.46,0.0,41.2,0.0
2020-07-20,Assam,Dibrugarh,0.0,0,0,0.0,619,0,0.0,46.62,0.0,0.05,1327748,21.46,-19.36,41.2,0.0
2020-07-19,Assam,Dibrugarh,21.46,285,-1,-0.08,619,0,0.0,46.62,0.0,0.05,1327748,40.82,21.46,41.2,21.46
2020-07-18,Assam,Dibrugarh,0.0,0,0,0.0,334,1,0.3,25.16,0.08,0.03,1327748,19.36,0.0,19.74,0.0
2020-07-17,Assam,Dibrugarh,0.0,0,0,0.0,334,1,0.3,25.16,0.08,0.03,1327748,19.36,0.0,19.74,0.0
2020-07-16,Assam,Dibrugarh,0.0,0,0,0.0,334,1,0.3,25.16,0.08,0.03,1327748,19.36,0.0,19.74,-0.68
2020-07-15,Assam,Dibrugarh,0.0,0,0,0.0,334,1,0.3,25.16,0.08,0.03,1327748,19.36,0.0,20.42,-0.45
2020-07-14,Assam,Dibrugarh,0.0,0,0,0.0,334,1,0.3,25.16,0.08,0.03,1327748,19.36,0.0,20.87,0.0
2020-07-13,Assam,Dibrugarh,19.36,257,1,0.08,334,1,0.3,25.16,0.08,0.03,1327748,19.36,19.36,20.87,19.28
2020-07-12,Assam,Dibrugarh,0.0,0,0,0.0,77,0,0.0,5.8,0.0,0.01,1327748,0.0,0.0,1.59,0.0
2020-07-11,Assam,Dibrugarh,0.0,0,0,0.0,77,0,0.0,5.8,0.0,0.01,1327748,0.0,0.0,1.59,0.0
2020-07-10,Assam,Dibrugarh,0.0,0,0,0.0,77,0,0.0,5.8,0.0,0.01,1327748,0.0,0.0,1.59,0.0
2020-07-09,Assam,Dibrugarh,0.0,0,0,0.0,77,0,0.0,5.8,0.0,0.01,1327748,0.0,0.0,1.59,-0.08
2020-07-08,Assam,Dibrugarh,0.0,0,0,0.0,77,0,0.0,5.8,0.0,0.01,1327748,0.0,0.0,1.67,0.0
2020-07-07,Assam,Dibrugarh,0.0,0,0,0.0,77,0,0.0,5.8,0.0,0.01,1327748,0.0,0.0,1.67,-0.23
2020-07-06,Assam,Dibrugarh,0.0,0,0,0.0,77,0,0.0,5.8,0.0,0.01,1327748,0.0,0.0,1.9,-0.15
2020-07-05,Assam,Dibrugarh,0.0,0,0,0.0,77,0,0.0,5.8,0.0,0.01,1327748,0.0,0.0,2.05,0.0
2020-07-04,Assam,Dibrugarh,0.0,0,0,0.0,77,0,0.0,5.8,0.0,0.01,1327748,0.0,0.0,2.05,-0.6
2020-07-03,Assam,Dibrugarh,0.0,0,0,0.0,77,0,0.0,5.8,0.0,0.01,1327748,0.0,0.0,2.65,0.0
2020-07-02,Assam,Dibrugarh,0.0,0,0,0.0,77,0,0.0,5.8,0.0,0.01,1327748,0.0,-0.38,2.65,0.0
2020-07-01,Assam,Dibrugarh,0.0,0,0,0.0,77,0,0.0,5.8,0.0,0.01,1327748,0.38,0.0,2.65,-0.75
2020-06-30,Assam,Dibrugarh,0.0,0,0,0.0,77,0,0.0,5.8,0.0,0.01,1327748,0.38,0.0,3.4,0.0
2020-06-29,Assam,Dibrugarh,0.0,0,0,0.0,77,0,0.0,5.8,0.0,0.01,1327748,0.38,0.0,3.4,-1.05
2020-06-28,Assam,Dibrugarh,0.0,0,0,0.0,77,0,0.0,5.8,0.0,0.01,1327748,0.38,0.0,4.45,0.0
2020-06-27,Assam,Dibrugarh,0.0,0,0,0.0,77,0,0.0,5.8,0.0,0.01,1327748,0.38,0.0,4.45,-0.98
2020-06-26,Assam,Dibrugarh,0.0,0,0,0.0,77,0,0.0,5.8,0.0,0.01,1327748,0.38,0.0,5.43,0.08
2020-06-25,Assam,Dibrugarh,0.38,5,0,0.0,77,0,0.0,5.8,0.0,0.01,1327748,0.38,-0.3,5.35,0.0
2020-06-24,Assam,Dibrugarh,0.0,0,0,0.0,72,0,0.0,5.42,0.0,0.01,1327748,0.68,-0.45,5.35,0.0
2020-06-23,Assam,Dibrugarh,0.0,0,0,0.0,72,0,0.0,5.42,0.0,0.01,1327748,1.13,0.0,5.35,0.0
2020-06-22,Assam,Dibrugarh,0.0,0,0,0.0,72,0,0.0,5.42,0.0,0.01,1327748,1.13,-0.08,5.35,0.0
2020-06-21,Assam,Dibrugarh,0.0,0,0,0.0,72,0,0.0,5.42,0.0,0.01,1327748,1.21,0.0,5.35,0.0
2020-06-20,Assam,Dibrugarh,0.0,0,0,0.0,72,0,0.0,5.42,0.0,0.01,1327748,1.21,0.0,5.35,0.0
2020-06-19,Assam,Dibrugarh,0.0,0,0,0.0,72,0,0.0,5.42,0.0,0.01,1327748,1.21,0.0,5.35,0.0
2020-06-18,Assam,Dibrugarh,0.68,9,0,0.0,72,0,0.0,5.42,0.0,0.01,1327748,1.21,0.6,5.35,0.68
2020-06-17,Assam,Dibrugarh,0.45,6,0,0.0,63,0,0.0,4.74,0.0,0.0,1327748,0.61,0.45,4.67,0.45
2020-06-16,Assam,Dibrugarh,0.0,0,0,0.0,57,0,0.0,4.29,0.0,0.0,1327748,0.16,-0.23,4.22,0.0
2020-06-15,Assam,Dibrugarh,0.08,1,0,0.0,57,0,0.0,4.29,0.0,0.0,1327748,0.39,-0.07,4.22,0.08
2020-06-14,Assam,Dibrugarh,0.0,0,0,0.0,56,0,0.0,4.22,0.0,0.0,1327748,0.46,0.0,4.14,0.0
2020-06-13,Assam,Dibrugarh,0.0,0,0,0.0,56,0,0.0,4.22,0.0,0.0,1327748,0.46,-0.6,4.14,0.0
2020-06-12,Assam,Dibrugarh,0.0,0,0,0.0,56,0,0.0,4.22,0.0,0.0,1327748,1.06,0.0,4.14,0.0
2020-06-11,Assam,Dibrugarh,0.08,1,0,0.0,56,0,0.0,4.22,0.0,0.0,1327748,1.06,0.08,4.14,0.08
2020-06-10,Assam,Dibrugarh,0.0,0,0,0.0,55,0,0.0,4.14,0.0,0.0,1327748,0.98,-0.75,4.06,0.0
2020-06-09,Assam,Dibrugarh,0.23,3,0,0.0,55,0,0.0,4.14,0.0,0.0,1327748,1.73,0.23,4.06,0.23
2020-06-08,Assam,Dibrugarh,0.15,2,0,0.0,52,0,0.0,3.92,0.0,0.0,1327748,1.5,-0.9,3.83,0.15
2020-06-07,Assam,Dibrugarh,0.0,0,0,0.0,50,0,0.0,3.77,0.0,0.0,1327748,2.4,0.0,3.68,0.0
2020-06-06,Assam,Dibrugarh,0.6,8,0,0.0,50,0,0.0,3.77,0.0,0.0,1327748,2.4,-0.38,3.68,0.6
2020-06-05,Assam,Dibrugarh,0.0,0,0,0.0,42,0,0.0,3.16,0.0,0.0,1327748,2.78,0.08,3.08,0.0
2020-06-04,Assam,Dibrugarh,0.0,0,0,0.0,42,0,0.0,3.16,0.0,0.0,1327748,2.7,-0.38,3.08,0.0
2020-06-03,Assam,Dibrugarh,0.75,10,0,0.0,42,0,0.0,3.16,0.0,0.0,1327748,3.08,0.75,3.08,0.75
2020-06-02,Assam,Dibrugarh,0.0,0,0,0.0,32,0,0.0,2.41,0.0,0.0,1327748,2.33,0.0,2.33,0.0
2020-06-01,Assam,Dibrugarh,1.05,14,0,0.0,32,0,0.0,2.41,0.0,0.0,1327748,2.33,1.05,2.33,1.05
2020-05-31,Assam,Dibrugarh,0.0,0,0,0.0,18,0,0.0,1.36,0.0,0.0,1327748,1.28,0.0,1.28,0.0
2020-05-30,Assam,Dibrugarh,0.98,13,0,0.0,18,0,0.0,1.36,0.0,0.0,1327748,1.28,0.98,1.28,0.98
2020-05-29,Assam,Dibrugarh,-0.08,-1,0,0.0,5,0,0.0,0.38,0.0,0.0,1327748,0.3,-0.08,0.3,-0.08
2020-05-28,Assam,Dibrugarh,0.38,5,0,0.0,6,0,0.0,0.45,0.0,0.0,1327748,0.38,0.38,0.38,0.38
2020-05-27,Assam,Dibrugarh,0.0,0,0,0.0,1,0,0.0,0.08,0.0,0.0,1327748,0.0,0.0,0.0,0.0
2020-05-26,Assam,Dibrugarh,0.0,0,0,0.0,1,0,0.0,0.08,0.0,0.0,1327748,0.0,0.0,0.0,0.0
2020-05-25,Assam,Dibrugarh,0.0,0,0,0.0,1,0,0.0,0.08,0.0,0.0,1327748,0.0,0.0,0.0,0.0
2020-05-24,Assam,Dibrugarh,0.0,0,0,0.0,1,0,0.0,0.08,0.0,0.0,1327748,0.0,0.0,0.0,0.0
2020-05-23,Assam,Dibrugarh,0.0,0,0,0.0,1,0,0.0,0.08,0.0,0.0,1327748,0.0,0.0,0.0,0.0
2020-05-22,Assam,Dibrugarh,0.0,0,0,0.0,1,0,0.0,0.08,0.0,0.0,1327748,0.0,0.0,0.0,0.0
2020-05-21,Assam,Dibrugarh,0.0,0,0,0.0,1,0,0.0,0.08,0.0,0.0,1327748,0.0,0.0,0.0,0.0
