date,state,county,new_cases_100k,new_cases,new_deaths,new_deaths_100k,total_cases,total_deaths,cfr%,total_cases_100k,total_deaths_100k,%infected,population,pop_density
2020-07-16,Maryland,Caroline,9.01,3,0,0.0,350,3,0.86,1050.92,9.01,1.05,33304,104.26
2020-07-15,Maryland,Caroline,6.01,2,0,0.0,347,3,0.86,1041.92,9.01,1.04,33304,104.26
2020-07-14,Maryland,Caroline,27.02,9,0,0.0,345,3,0.87,1035.91,9.01,1.04,33304,104.26
2020-07-13,Maryland,Caroline,0.0,0,0,0.0,336,3,0.89,1008.89,9.01,1.01,33304,104.26
2020-07-12,Maryland,Caroline,6.01,2,0,0.0,336,3,0.89,1008.89,9.01,1.01,33304,104.26
2020-07-11,Maryland,Caroline,6.01,2,0,0.0,334,3,0.9,1002.88,9.01,1.0,33304,104.26
2020-07-10,Maryland,Caroline,9.01,3,0,0.0,332,3,0.9,996.88,9.01,1.0,33304,104.26
2020-07-09,Maryland,Caroline,12.01,4,0,0.0,329,3,0.91,987.87,9.01,0.99,33304,104.26
2020-07-08,Maryland,Caroline,6.01,2,0,0.0,325,3,0.92,975.86,9.01,0.98,33304,104.26
2020-07-07,Maryland,Caroline,3.0,1,0,0.0,323,3,0.93,969.85,9.01,0.97,33304,104.26
2020-07-06,Maryland,Caroline,0.0,0,0,0.0,322,3,0.93,966.85,9.01,0.97,33304,104.26
2020-07-05,Maryland,Caroline,0.0,0,0,0.0,322,3,0.93,966.85,9.01,0.97,33304,104.26
2020-07-04,Maryland,Caroline,3.0,1,0,0.0,322,3,0.93,966.85,9.01,0.97,33304,104.26
2020-07-03,Maryland,Caroline,0.0,0,0,0.0,321,3,0.93,963.85,9.01,0.96,33304,104.26
2020-07-02,Maryland,Caroline,3.0,1,0,0.0,321,3,0.93,963.85,9.01,0.96,33304,104.26
2020-07-01,Maryland,Caroline,3.0,1,0,0.0,320,3,0.94,960.85,9.01,0.96,33304,104.26
2020-06-30,Maryland,Caroline,3.0,1,0,0.0,319,3,0.94,957.84,9.01,0.96,33304,104.26
2020-06-29,Maryland,Caroline,9.01,3,0,0.0,318,3,0.94,954.84,9.01,0.95,33304,104.26
2020-06-28,Maryland,Caroline,0.0,0,0,0.0,315,3,0.95,945.83,9.01,0.95,33304,104.26
2020-06-27,Maryland,Caroline,18.02,6,0,0.0,315,3,0.95,945.83,9.01,0.95,33304,104.26
2020-06-26,Maryland,Caroline,21.02,7,0,0.0,309,3,0.97,927.82,9.01,0.93,33304,104.26
2020-06-25,Maryland,Caroline,15.01,5,0,0.0,302,3,0.99,906.8,9.01,0.91,33304,104.26
2020-06-24,Maryland,Caroline,3.0,1,0,0.0,297,3,1.01,891.78,9.01,0.89,33304,104.26
2020-06-23,Maryland,Caroline,6.01,2,1,3.0,296,3,1.01,888.78,9.01,0.89,33304,104.26
2020-06-22,Maryland,Caroline,0.0,0,0,0.0,294,2,0.68,882.78,6.01,0.88,33304,104.26
2020-06-21,Maryland,Caroline,12.01,4,0,0.0,294,2,0.68,882.78,6.01,0.88,33304,104.26
2020-06-20,Maryland,Caroline,6.01,2,0,0.0,290,2,0.69,870.77,6.01,0.87,33304,104.26
2020-06-19,Maryland,Caroline,9.01,3,0,0.0,288,2,0.69,864.76,6.01,0.86,33304,104.26
2020-06-18,Maryland,Caroline,3.0,1,0,0.0,285,2,0.7,855.75,6.01,0.86,33304,104.26
2020-06-17,Maryland,Caroline,0.0,0,0,0.0,284,2,0.7,852.75,6.01,0.85,33304,104.26
2020-06-16,Maryland,Caroline,3.0,1,0,0.0,284,2,0.7,852.75,6.01,0.85,33304,104.26
2020-06-15,Maryland,Caroline,0.0,0,0,0.0,283,2,0.71,849.75,6.01,0.85,33304,104.26
2020-06-14,Maryland,Caroline,3.0,1,0,0.0,283,2,0.71,849.75,6.01,0.85,33304,104.26
2020-06-13,Maryland,Caroline,9.01,3,0,0.0,282,2,0.71,846.75,6.01,0.85,33304,104.26
2020-06-12,Maryland,Caroline,3.0,1,0,0.0,279,2,0.72,837.74,6.01,0.84,33304,104.26
2020-06-11,Maryland,Caroline,6.01,2,0,0.0,278,2,0.72,834.73,6.01,0.83,33304,104.26
2020-06-10,Maryland,Caroline,9.01,3,1,3.0,276,2,0.72,828.73,6.01,0.83,33304,104.26
2020-06-09,Maryland,Caroline,3.0,1,0,0.0,273,1,0.37,819.72,3.0,0.82,33304,104.26
2020-06-08,Maryland,Caroline,0.0,0,0,0.0,272,1,0.37,816.72,3.0,0.82,33304,104.26
2020-06-07,Maryland,Caroline,6.01,2,0,0.0,272,1,0.37,816.72,3.0,0.82,33304,104.26
2020-06-06,Maryland,Caroline,6.01,2,0,0.0,270,1,0.37,810.71,3.0,0.81,33304,104.26
2020-06-05,Maryland,Caroline,0.0,0,0,0.0,268,1,0.37,804.71,3.0,0.8,33304,104.26
2020-06-04,Maryland,Caroline,9.01,3,0,0.0,268,1,0.37,804.71,3.0,0.8,33304,104.26
2020-06-03,Maryland,Caroline,6.01,2,0,0.0,265,1,0.38,795.7,3.0,0.8,33304,104.26
2020-06-02,Maryland,Caroline,9.01,3,0,0.0,263,1,0.38,789.69,3.0,0.79,33304,104.26
2020-06-01,Maryland,Caroline,3.0,1,0,0.0,260,1,0.38,780.69,3.0,0.78,33304,104.26
2020-05-31,Maryland,Caroline,18.02,6,1,3.0,259,1,0.39,777.68,3.0,0.78,33304,104.26
2020-05-30,Maryland,Caroline,15.01,5,0,0.0,253,0,0.0,759.67,0.0,0.76,33304,104.26
2020-05-29,Maryland,Caroline,9.01,3,0,0.0,248,0,0.0,744.66,0.0,0.74,33304,104.26
2020-05-28,Maryland,Caroline,6.01,2,0,0.0,245,0,0.0,735.65,0.0,0.74,33304,104.26
2020-05-27,Maryland,Caroline,0.0,0,0,0.0,243,0,0.0,729.64,0.0,0.73,33304,104.26
2020-05-26,Maryland,Caroline,6.01,2,0,0.0,243,0,0.0,729.64,0.0,0.73,33304,104.26
2020-05-25,Maryland,Caroline,3.0,1,0,0.0,241,0,0.0,723.64,0.0,0.72,33304,104.26
2020-05-24,Maryland,Caroline,27.02,9,0,0.0,240,0,0.0,720.63,0.0,0.72,33304,104.26
2020-05-23,Maryland,Caroline,24.02,8,0,0.0,231,0,0.0,693.61,0.0,0.69,33304,104.26
2020-05-22,Maryland,Caroline,21.02,7,0,0.0,223,0,0.0,669.59,0.0,0.67,33304,104.26
2020-05-21,Maryland,Caroline,18.02,6,0,0.0,216,0,0.0,648.57,0.0,0.65,33304,104.26
2020-05-20,Maryland,Caroline,6.01,2,0,0.0,210,0,0.0,630.55,0.0,0.63,33304,104.26
2020-05-19,Maryland,Caroline,24.02,8,0,0.0,208,0,0.0,624.55,0.0,0.62,33304,104.26
2020-05-18,Maryland,Caroline,27.02,9,0,0.0,200,0,0.0,600.53,0.0,0.6,33304,104.26
2020-05-17,Maryland,Caroline,-27.02,-9,0,0.0,191,0,0.0,573.5,0.0,0.57,33304,104.26
2020-05-16,Maryland,Caroline,30.03,10,0,0.0,200,0,0.0,600.53,0.0,0.6,33304,104.26
2020-05-15,Maryland,Caroline,21.02,7,0,0.0,190,0,0.0,570.5,0.0,0.57,33304,104.26
2020-05-14,Maryland,Caroline,18.02,6,0,0.0,183,0,0.0,549.48,0.0,0.55,33304,104.26
2020-05-13,Maryland,Caroline,9.01,3,0,0.0,177,0,0.0,531.47,0.0,0.53,33304,104.26
2020-05-12,Maryland,Caroline,21.02,7,0,0.0,174,0,0.0,522.46,0.0,0.52,33304,104.26
2020-05-11,Maryland,Caroline,102.09,34,0,0.0,167,0,0.0,501.44,0.0,0.5,33304,104.26
2020-05-10,Maryland,Caroline,69.06,23,0,0.0,133,0,0.0,399.35,0.0,0.4,33304,104.26
2020-05-09,Maryland,Caroline,9.01,3,0,0.0,110,0,0.0,330.29,0.0,0.33,33304,104.26
2020-05-08,Maryland,Caroline,6.01,2,0,0.0,107,0,0.0,321.28,0.0,0.32,33304,104.26
2020-05-07,Maryland,Caroline,12.01,4,0,0.0,105,0,0.0,315.28,0.0,0.32,33304,104.26
2020-05-06,Maryland,Caroline,6.01,2,0,0.0,101,0,0.0,303.27,0.0,0.3,33304,104.26
2020-05-05,Maryland,Caroline,3.0,1,0,0.0,99,0,0.0,297.26,0.0,0.3,33304,104.26
2020-05-04,Maryland,Caroline,9.01,3,0,0.0,98,0,0.0,294.26,0.0,0.29,33304,104.26
2020-05-03,Maryland,Caroline,48.04,16,0,0.0,95,0,0.0,285.25,0.0,0.29,33304,104.26
2020-05-02,Maryland,Caroline,15.01,5,0,0.0,79,0,0.0,237.21,0.0,0.24,33304,104.26
2020-05-01,Maryland,Caroline,9.01,3,0,0.0,74,0,0.0,222.2,0.0,0.22,33304,104.26
2020-04-30,Maryland,Caroline,6.01,2,0,0.0,71,0,0.0,213.19,0.0,0.21,33304,104.26
2020-04-29,Maryland,Caroline,0.0,0,0,0.0,69,0,0.0,207.18,0.0,0.21,33304,104.26
2020-04-28,Maryland,Caroline,3.0,1,0,0.0,69,0,0.0,207.18,0.0,0.21,33304,104.26
2020-04-27,Maryland,Caroline,15.01,5,0,0.0,68,0,0.0,204.18,0.0,0.2,33304,104.26
2020-04-26,Maryland,Caroline,6.01,2,0,0.0,63,0,0.0,189.17,0.0,0.19,33304,104.26
2020-04-25,Maryland,Caroline,18.02,6,0,0.0,61,0,0.0,183.16,0.0,0.18,33304,104.26
2020-04-24,Maryland,Caroline,15.01,5,0,0.0,55,0,0.0,165.15,0.0,0.17,33304,104.26
2020-04-23,Maryland,Caroline,27.02,9,0,0.0,50,0,0.0,150.13,0.0,0.15,33304,104.26
2020-04-22,Maryland,Caroline,0.0,0,0,0.0,41,0,0.0,123.11,0.0,0.12,33304,104.26
2020-04-21,Maryland,Caroline,6.01,2,0,0.0,41,0,0.0,123.11,0.0,0.12,33304,104.26
2020-04-20,Maryland,Caroline,18.02,6,0,0.0,39,0,0.0,117.1,0.0,0.12,33304,104.26
2020-04-19,Maryland,Caroline,0.0,0,0,0.0,33,0,0.0,99.09,0.0,0.1,33304,104.26
2020-04-18,Maryland,Caroline,15.01,5,0,0.0,33,0,0.0,99.09,0.0,0.1,33304,104.26
2020-04-17,Maryland,Caroline,15.01,5,0,0.0,28,0,0.0,84.07,0.0,0.08,33304,104.26
2020-04-16,Maryland,Caroline,3.0,1,0,0.0,23,0,0.0,69.06,0.0,0.07,33304,104.26
2020-04-15,Maryland,Caroline,3.0,1,0,0.0,22,0,0.0,66.06,0.0,0.07,33304,104.26
2020-04-14,Maryland,Caroline,0.0,0,0,0.0,21,0,0.0,63.06,0.0,0.06,33304,104.26
2020-04-13,Maryland,Caroline,12.01,4,0,0.0,21,0,0.0,63.06,0.0,0.06,33304,104.26
2020-04-12,Maryland,Caroline,6.01,2,0,0.0,17,0,0.0,51.04,0.0,0.05,33304,104.26
2020-04-11,Maryland,Caroline,9.01,3,0,0.0,15,0,0.0,45.04,0.0,0.05,33304,104.26
2020-04-10,Maryland,Caroline,0.0,0,0,0.0,12,0,0.0,36.03,0.0,0.04,33304,104.26
2020-04-09,Maryland,Caroline,3.0,1,0,0.0,12,0,0.0,36.03,0.0,0.04,33304,104.26
2020-04-08,Maryland,Caroline,0.0,0,0,0.0,11,0,0.0,33.03,0.0,0.03,33304,104.26
2020-04-07,Maryland,Caroline,15.01,5,0,0.0,11,0,0.0,33.03,0.0,0.03,33304,104.26
2020-04-06,Maryland,Caroline,6.01,2,0,0.0,6,0,0.0,18.02,0.0,0.02,33304,104.26
2020-04-05,Maryland,Caroline,0.0,0,0,0.0,4,0,0.0,12.01,0.0,0.01,33304,104.26
2020-04-04,Maryland,Caroline,0.0,0,0,0.0,4,0,0.0,12.01,0.0,0.01,33304,104.26
2020-04-03,Maryland,Caroline,0.0,0,0,0.0,4,0,0.0,12.01,0.0,0.01,33304,104.26
2020-04-02,Maryland,Caroline,0.0,0,0,0.0,4,0,0.0,12.01,0.0,0.01,33304,104.26
2020-04-01,Maryland,Caroline,0.0,0,0,0.0,4,0,0.0,12.01,0.0,0.01,33304,104.26
2020-03-31,Maryland,Caroline,0.0,0,0,0.0,4,0,0.0,12.01,0.0,0.01,33304,104.26
2020-03-30,Maryland,Caroline,3.0,1,0,0.0,4,0,0.0,12.01,0.0,0.01,33304,104.26
2020-03-29,Maryland,Caroline,6.01,2,0,0.0,3,0,0.0,9.01,0.0,0.01,33304,104.26
2020-03-28,Maryland,Caroline,0.0,0,0,0.0,1,0,0.0,3.0,0.0,0.0,33304,104.26
2020-03-27,Maryland,Caroline,0.0,0,0,0.0,1,0,0.0,3.0,0.0,0.0,33304,104.26
2020-03-26,Maryland,Caroline,0.0,0,0,0.0,1,0,0.0,3.0,0.0,0.0,33304,104.26
2020-03-25,Maryland,Caroline,0.0,0,0,0.0,1,0,0.0,3.0,0.0,0.0,33304,104.26
2020-03-24,Maryland,Caroline,0.0,0,0,0.0,1,0,0.0,3.0,0.0,0.0,33304,104.26
2020-03-23,Maryland,Caroline,0.0,0,0,0.0,1,0,0.0,3.0,0.0,0.0,33304,104.26
2020-03-22,Maryland,Caroline,0.0,0,0,0.0,1,0,0.0,3.0,0.0,0.0,33304,104.26
2020-03-21,Maryland,Caroline,0.0,0,0,0.0,1,0,0.0,3.0,0.0,0.0,33304,104.26
