date,state,county,new_cases_100k,new_cases,new_deaths,new_deaths_100k,total_cases,total_deaths,cfr%,total_cases_100k,total_deaths_100k,%infected,population,pop_density
2020-08-20,Maryland,Howard,7.12,23,0,0.0,4154,117,2.82,1285.29,36.2,1.29,323196,1287.92
2020-08-19,Maryland,Howard,4.33,14,0,0.0,4131,117,2.83,1278.17,36.2,1.28,323196,1287.92
2020-08-18,Maryland,Howard,6.81,22,1,0.31,4117,117,2.84,1273.84,36.2,1.27,323196,1287.92
2020-08-17,Maryland,Howard,5.57,18,0,0.0,4095,116,2.83,1267.03,35.89,1.27,323196,1287.92
2020-08-16,Maryland,Howard,9.59,31,1,0.31,4077,116,2.85,1261.46,35.89,1.26,323196,1287.92
2020-08-15,Maryland,Howard,9.59,31,0,0.0,4046,115,2.84,1251.87,35.58,1.25,323196,1287.92
2020-08-14,Maryland,Howard,13.0,42,3,0.93,4015,115,2.86,1242.28,35.58,1.24,323196,1287.92
2020-08-13,Maryland,Howard,8.04,26,0,0.0,3973,112,2.82,1229.29,34.65,1.23,323196,1287.92
2020-08-12,Maryland,Howard,8.66,28,0,0.0,3947,112,2.84,1221.24,34.65,1.22,323196,1287.92
2020-08-11,Maryland,Howard,9.9,32,0,0.0,3919,112,2.86,1212.58,34.65,1.21,323196,1287.92
2020-08-10,Maryland,Howard,10.83,35,2,0.62,3887,112,2.88,1202.68,34.65,1.2,323196,1287.92
2020-08-09,Maryland,Howard,11.14,36,0,0.0,3852,110,2.86,1191.85,34.04,1.19,323196,1287.92
2020-08-08,Maryland,Howard,9.59,31,4,1.24,3816,110,2.88,1180.71,34.04,1.18,323196,1287.92
2020-08-07,Maryland,Howard,15.47,50,0,0.0,3785,106,2.8,1171.12,32.8,1.17,323196,1287.92
2020-08-06,Maryland,Howard,3.71,12,0,0.0,3735,106,2.84,1155.65,32.8,1.16,323196,1287.92
2020-08-05,Maryland,Howard,8.35,27,0,0.0,3723,106,2.85,1151.93,32.8,1.15,323196,1287.92
2020-08-04,Maryland,Howard,9.28,30,0,0.0,3696,106,2.87,1143.58,32.8,1.14,323196,1287.92
2020-08-03,Maryland,Howard,11.76,38,0,0.0,3666,106,2.89,1134.3,32.8,1.13,323196,1287.92
2020-08-02,Maryland,Howard,16.09,52,0,0.0,3628,106,2.92,1122.54,32.8,1.12,323196,1287.92
2020-08-01,Maryland,Howard,12.38,40,0,0.0,3576,106,2.96,1106.45,32.8,1.11,323196,1287.92
2020-07-31,Maryland,Howard,17.95,58,1,0.31,3536,106,3.0,1094.07,32.8,1.09,323196,1287.92
2020-07-30,Maryland,Howard,9.59,31,3,0.93,3478,105,3.02,1076.13,32.49,1.08,323196,1287.92
2020-07-29,Maryland,Howard,9.59,31,0,0.0,3447,102,2.96,1066.54,31.56,1.07,323196,1287.92
2020-07-28,Maryland,Howard,11.45,37,0,0.0,3416,102,2.99,1056.94,31.56,1.06,323196,1287.92
2020-07-27,Maryland,Howard,14.23,46,0,0.0,3379,102,3.02,1045.5,31.56,1.05,323196,1287.92
2020-07-26,Maryland,Howard,4.33,14,0,0.0,3333,102,3.06,1031.26,31.56,1.03,323196,1287.92
2020-07-25,Maryland,Howard,13.0,42,2,0.62,3319,102,3.07,1026.93,31.56,1.03,323196,1287.92
2020-07-24,Maryland,Howard,8.97,29,0,0.0,3277,100,3.05,1013.94,30.94,1.01,323196,1287.92
2020-07-23,Maryland,Howard,13.61,44,1,0.31,3248,100,3.08,1004.96,30.94,1.0,323196,1287.92
2020-07-22,Maryland,Howard,6.5,21,0,0.0,3204,99,3.09,991.35,30.63,0.99,323196,1287.92
2020-07-21,Maryland,Howard,15.16,49,1,0.31,3183,99,3.11,984.85,30.63,0.98,323196,1287.92
2020-07-20,Maryland,Howard,9.59,31,0,0.0,3134,98,3.13,969.69,30.32,0.97,323196,1287.92
2020-07-19,Maryland,Howard,17.64,57,0,0.0,3103,98,3.16,960.1,30.32,0.96,323196,1287.92
2020-07-18,Maryland,Howard,17.64,57,1,0.31,3046,98,3.22,942.46,30.32,0.94,323196,1287.92
2020-07-17,Maryland,Howard,8.04,26,0,0.0,2989,97,3.25,924.83,30.01,0.92,323196,1287.92
2020-07-16,Maryland,Howard,10.83,35,0,0.0,2963,97,3.27,916.78,30.01,0.92,323196,1287.92
2020-07-15,Maryland,Howard,9.59,31,1,0.31,2928,97,3.31,905.95,30.01,0.91,323196,1287.92
2020-07-14,Maryland,Howard,12.69,41,0,0.0,2897,96,3.31,896.36,29.7,0.9,323196,1287.92
2020-07-13,Maryland,Howard,7.74,25,1,0.31,2856,96,3.36,883.67,29.7,0.88,323196,1287.92
2020-07-12,Maryland,Howard,9.9,32,0,0.0,2831,95,3.36,875.94,29.39,0.88,323196,1287.92
2020-07-11,Maryland,Howard,7.12,23,0,0.0,2799,95,3.39,866.04,29.39,0.87,323196,1287.92
2020-07-10,Maryland,Howard,5.88,19,3,0.93,2776,95,3.42,858.92,29.39,0.86,323196,1287.92
2020-07-09,Maryland,Howard,8.66,28,-1,-0.31,2757,92,3.34,853.04,28.47,0.85,323196,1287.92
2020-07-08,Maryland,Howard,11.76,38,0,0.0,2729,93,3.41,844.38,28.78,0.84,323196,1287.92
2020-07-07,Maryland,Howard,5.88,19,2,0.62,2691,93,3.46,832.62,28.78,0.83,323196,1287.92
2020-07-06,Maryland,Howard,4.64,15,0,0.0,2672,91,3.41,826.74,28.16,0.83,323196,1287.92
2020-07-05,Maryland,Howard,4.33,14,0,0.0,2657,91,3.42,822.1,28.16,0.82,323196,1287.92
2020-07-04,Maryland,Howard,6.19,20,0,0.0,2643,91,3.44,817.77,28.16,0.82,323196,1287.92
2020-07-03,Maryland,Howard,4.95,16,2,0.62,2623,91,3.47,811.58,28.16,0.81,323196,1287.92
2020-07-02,Maryland,Howard,10.52,34,0,0.0,2607,89,3.41,806.63,27.54,0.81,323196,1287.92
2020-07-01,Maryland,Howard,9.28,30,5,1.55,2573,89,3.46,796.11,27.54,0.8,323196,1287.92
2020-06-30,Maryland,Howard,3.4,11,-1,-0.31,2543,84,3.3,786.83,25.99,0.79,323196,1287.92
2020-06-29,Maryland,Howard,8.04,26,0,0.0,2532,85,3.36,783.43,26.3,0.78,323196,1287.92
2020-06-28,Maryland,Howard,3.4,11,0,0.0,2506,85,3.39,775.38,26.3,0.78,323196,1287.92
2020-06-27,Maryland,Howard,6.19,20,1,0.31,2495,85,3.41,771.98,26.3,0.77,323196,1287.92
2020-06-26,Maryland,Howard,5.26,17,1,0.31,2475,84,3.39,765.79,25.99,0.77,323196,1287.92
2020-06-25,Maryland,Howard,5.26,17,2,0.62,2458,83,3.38,760.53,25.68,0.76,323196,1287.92
2020-06-24,Maryland,Howard,4.02,13,1,0.31,2441,81,3.32,755.27,25.06,0.76,323196,1287.92
2020-06-23,Maryland,Howard,-4.02,-13,0,0.0,2428,80,3.29,751.25,24.75,0.75,323196,1287.92
2020-06-22,Maryland,Howard,4.02,13,0,0.0,2441,80,3.28,755.27,24.75,0.76,323196,1287.92
2020-06-21,Maryland,Howard,4.33,14,0,0.0,2428,80,3.29,751.25,24.75,0.75,323196,1287.92
2020-06-20,Maryland,Howard,8.35,27,1,0.31,2414,80,3.31,746.92,24.75,0.75,323196,1287.92
2020-06-19,Maryland,Howard,10.52,34,0,0.0,2387,79,3.31,738.56,24.44,0.74,323196,1287.92
2020-06-18,Maryland,Howard,1.55,5,2,0.62,2353,79,3.36,728.04,24.44,0.73,323196,1287.92
2020-06-17,Maryland,Howard,4.95,16,1,0.31,2348,77,3.28,726.49,23.82,0.73,323196,1287.92
2020-06-16,Maryland,Howard,-7.12,-23,1,0.31,2332,76,3.26,721.54,23.52,0.72,323196,1287.92
2020-06-15,Maryland,Howard,4.64,15,1,0.31,2355,75,3.18,728.66,23.21,0.73,323196,1287.92
2020-06-14,Maryland,Howard,-11.14,-36,1,0.31,2340,74,3.16,724.02,22.9,0.72,323196,1287.92
2020-06-13,Maryland,Howard,12.07,39,0,0.0,2376,73,3.07,735.16,22.59,0.74,323196,1287.92
2020-06-12,Maryland,Howard,6.5,21,0,0.0,2337,73,3.12,723.09,22.59,0.72,323196,1287.92
2020-06-11,Maryland,Howard,28.16,91,0,0.0,2316,73,3.15,716.59,22.59,0.72,323196,1287.92
2020-06-10,Maryland,Howard,8.97,29,2,0.62,2225,73,3.28,688.44,22.59,0.69,323196,1287.92
2020-06-09,Maryland,Howard,10.83,35,3,0.93,2196,71,3.23,679.46,21.97,0.68,323196,1287.92
2020-06-08,Maryland,Howard,9.59,31,1,0.31,2161,68,3.15,668.63,21.04,0.67,323196,1287.92
2020-06-07,Maryland,Howard,9.59,31,2,0.62,2130,67,3.15,659.04,20.73,0.66,323196,1287.92
2020-06-06,Maryland,Howard,6.19,20,0,0.0,2099,65,3.1,649.45,20.11,0.65,323196,1287.92
2020-06-05,Maryland,Howard,12.69,41,0,0.0,2079,65,3.13,643.26,20.11,0.64,323196,1287.92
2020-06-04,Maryland,Howard,8.97,29,4,1.24,2038,65,3.19,630.58,20.11,0.63,323196,1287.92
2020-06-03,Maryland,Howard,8.97,29,0,0.0,2009,61,3.04,621.6,18.87,0.62,323196,1287.92
2020-06-02,Maryland,Howard,9.59,31,0,0.0,1980,61,3.08,612.63,18.87,0.61,323196,1287.92
2020-06-01,Maryland,Howard,5.26,17,3,0.93,1949,61,3.13,603.04,18.87,0.6,323196,1287.92
2020-05-31,Maryland,Howard,7.12,23,0,0.0,1932,58,3.0,597.78,17.95,0.6,323196,1287.92
2020-05-30,Maryland,Howard,11.45,37,0,0.0,1909,58,3.04,590.66,17.95,0.59,323196,1287.92
2020-05-29,Maryland,Howard,16.4,53,2,0.62,1872,58,3.1,579.22,17.95,0.58,323196,1287.92
2020-05-28,Maryland,Howard,17.02,55,2,0.62,1819,56,3.08,562.82,17.33,0.56,323196,1287.92
2020-05-27,Maryland,Howard,8.66,28,1,0.31,1764,54,3.06,545.8,16.71,0.55,323196,1287.92
2020-05-26,Maryland,Howard,4.95,16,1,0.31,1736,53,3.05,537.14,16.4,0.54,323196,1287.92
2020-05-25,Maryland,Howard,15.16,49,0,0.0,1720,52,3.02,532.18,16.09,0.53,323196,1287.92
2020-05-24,Maryland,Howard,8.97,29,0,0.0,1671,52,3.11,517.02,16.09,0.52,323196,1287.92
2020-05-23,Maryland,Howard,16.09,52,2,0.62,1642,52,3.17,508.05,16.09,0.51,323196,1287.92
2020-05-22,Maryland,Howard,11.76,38,1,0.31,1590,50,3.14,491.96,15.47,0.49,323196,1287.92
2020-05-21,Maryland,Howard,16.71,54,-1,-0.31,1552,49,3.16,480.2,15.16,0.48,323196,1287.92
2020-05-20,Maryland,Howard,9.28,30,1,0.31,1498,50,3.34,463.5,15.47,0.46,323196,1287.92
2020-05-19,Maryland,Howard,15.16,49,4,1.24,1468,49,3.34,454.21,15.16,0.45,323196,1287.92
2020-05-18,Maryland,Howard,12.07,39,2,0.62,1419,45,3.17,439.05,13.92,0.44,323196,1287.92
2020-05-17,Maryland,Howard,8.04,26,0,0.0,1380,43,3.12,426.99,13.3,0.43,323196,1287.92
2020-05-16,Maryland,Howard,12.07,39,3,0.93,1354,43,3.18,418.94,13.3,0.42,323196,1287.92
2020-05-15,Maryland,Howard,8.66,28,0,0.0,1315,40,3.04,406.87,12.38,0.41,323196,1287.92
2020-05-14,Maryland,Howard,8.35,27,2,0.62,1287,40,3.11,398.21,12.38,0.4,323196,1287.92
2020-05-13,Maryland,Howard,7.74,25,3,0.93,1260,38,3.02,389.86,11.76,0.39,323196,1287.92
2020-05-12,Maryland,Howard,3.4,11,4,1.24,1235,35,2.83,382.12,10.83,0.38,323196,1287.92
2020-05-11,Maryland,Howard,5.57,18,2,0.62,1224,31,2.53,378.72,9.59,0.38,323196,1287.92
2020-05-10,Maryland,Howard,10.83,35,0,0.0,1206,29,2.4,373.15,8.97,0.37,323196,1287.92
2020-05-09,Maryland,Howard,9.9,32,2,0.62,1171,29,2.48,362.32,8.97,0.36,323196,1287.92
2020-05-08,Maryland,Howard,12.38,40,0,0.0,1139,27,2.37,352.42,8.35,0.35,323196,1287.92
2020-05-07,Maryland,Howard,11.45,37,2,0.62,1099,27,2.46,340.04,8.35,0.34,323196,1287.92
2020-05-06,Maryland,Howard,15.78,51,2,0.62,1062,25,2.35,328.59,7.74,0.33,323196,1287.92
2020-05-05,Maryland,Howard,5.57,18,1,0.31,1011,23,2.27,312.81,7.12,0.31,323196,1287.92
2020-05-04,Maryland,Howard,7.12,23,2,0.62,993,22,2.22,307.24,6.81,0.31,323196,1287.92
2020-05-03,Maryland,Howard,11.76,38,0,0.0,970,20,2.06,300.13,6.19,0.3,323196,1287.92
2020-05-02,Maryland,Howard,10.83,35,1,0.31,932,20,2.15,288.37,6.19,0.29,323196,1287.92
2020-05-01,Maryland,Howard,9.28,30,0,0.0,897,19,2.12,277.54,5.88,0.28,323196,1287.92
2020-04-30,Maryland,Howard,10.83,35,0,0.0,867,19,2.19,268.26,5.88,0.27,323196,1287.92
2020-04-29,Maryland,Howard,8.97,29,1,0.31,832,19,2.28,257.43,5.88,0.26,323196,1287.92
2020-04-28,Maryland,Howard,7.43,24,1,0.31,803,18,2.24,248.46,5.57,0.25,323196,1287.92
2020-04-27,Maryland,Howard,21.97,71,1,0.31,779,17,2.18,241.03,5.26,0.24,323196,1287.92
2020-04-26,Maryland,Howard,6.5,21,0,0.0,708,16,2.26,219.06,4.95,0.22,323196,1287.92
2020-04-25,Maryland,Howard,13.61,44,1,0.31,687,16,2.33,212.56,4.95,0.21,323196,1287.92
2020-04-24,Maryland,Howard,7.43,24,0,0.0,643,15,2.33,198.95,4.64,0.2,323196,1287.92
2020-04-23,Maryland,Howard,8.04,26,1,0.31,619,15,2.42,191.52,4.64,0.19,323196,1287.92
2020-04-22,Maryland,Howard,8.35,27,1,0.31,593,14,2.36,183.48,4.33,0.18,323196,1287.92
2020-04-21,Maryland,Howard,8.35,27,0,0.0,566,13,2.3,175.13,4.02,0.18,323196,1287.92
2020-04-20,Maryland,Howard,7.12,23,1,0.31,539,13,2.41,166.77,4.02,0.17,323196,1287.92
2020-04-19,Maryland,Howard,1.86,6,0,0.0,516,12,2.33,159.66,3.71,0.16,323196,1287.92
2020-04-18,Maryland,Howard,10.52,34,1,0.31,510,12,2.35,157.8,3.71,0.16,323196,1287.92
2020-04-17,Maryland,Howard,7.43,24,0,0.0,476,11,2.31,147.28,3.4,0.15,323196,1287.92
2020-04-16,Maryland,Howard,8.35,27,1,0.31,452,11,2.43,139.85,3.4,0.14,323196,1287.92
2020-04-15,Maryland,Howard,6.81,22,1,0.31,425,10,2.35,131.5,3.09,0.13,323196,1287.92
2020-04-14,Maryland,Howard,5.26,17,1,0.31,403,9,2.23,124.69,2.78,0.12,323196,1287.92
2020-04-13,Maryland,Howard,4.64,15,2,0.62,386,8,2.07,119.43,2.48,0.12,323196,1287.92
2020-04-12,Maryland,Howard,6.19,20,0,0.0,371,6,1.62,114.79,1.86,0.11,323196,1287.92
2020-04-11,Maryland,Howard,9.9,32,1,0.31,351,6,1.71,108.6,1.86,0.11,323196,1287.92
2020-04-10,Maryland,Howard,6.19,20,1,0.31,319,5,1.57,98.7,1.55,0.1,323196,1287.92
2020-04-09,Maryland,Howard,7.74,25,1,0.31,299,4,1.34,92.51,1.24,0.09,323196,1287.92
2020-04-08,Maryland,Howard,11.76,38,0,0.0,274,3,1.09,84.78,0.93,0.08,323196,1287.92
2020-04-07,Maryland,Howard,6.81,22,0,0.0,236,3,1.27,73.02,0.93,0.07,323196,1287.92
2020-04-06,Maryland,Howard,4.64,15,0,0.0,214,3,1.4,66.21,0.93,0.07,323196,1287.92
2020-04-05,Maryland,Howard,5.88,19,0,0.0,199,3,1.51,61.57,0.93,0.06,323196,1287.92
2020-04-04,Maryland,Howard,4.33,14,1,0.31,180,3,1.67,55.69,0.93,0.06,323196,1287.92
2020-04-03,Maryland,Howard,4.33,14,0,0.0,166,2,1.2,51.36,0.62,0.05,323196,1287.92
2020-04-02,Maryland,Howard,3.09,10,0,0.0,152,2,1.32,47.03,0.62,0.05,323196,1287.92
2020-04-01,Maryland,Howard,7.74,25,0,0.0,142,2,1.41,43.94,0.62,0.04,323196,1287.92
2020-03-31,Maryland,Howard,6.5,21,1,0.31,117,2,1.71,36.2,0.62,0.04,323196,1287.92
2020-03-30,Maryland,Howard,4.64,15,1,0.31,96,1,1.04,29.7,0.31,0.03,323196,1287.92
2020-03-29,Maryland,Howard,2.48,8,0,0.0,81,0,0.0,25.06,0.0,0.03,323196,1287.92
2020-03-28,Maryland,Howard,3.4,11,0,0.0,73,0,0.0,22.59,0.0,0.02,323196,1287.92
2020-03-27,Maryland,Howard,4.02,13,0,0.0,62,0,0.0,19.18,0.0,0.02,323196,1287.92
2020-03-26,Maryland,Howard,4.33,14,0,0.0,49,0,0.0,15.16,0.0,0.02,323196,1287.92
2020-03-25,Maryland,Howard,1.55,5,0,0.0,35,0,0.0,10.83,0.0,0.01,323196,1287.92
2020-03-24,Maryland,Howard,1.24,4,0,0.0,30,0,0.0,9.28,0.0,0.01,323196,1287.92
2020-03-23,Maryland,Howard,0.62,2,0,0.0,26,0,0.0,8.04,0.0,0.01,323196,1287.92
2020-03-22,Maryland,Howard,1.55,5,0,0.0,24,0,0.0,7.43,0.0,0.01,323196,1287.92
2020-03-21,Maryland,Howard,0.31,1,0,0.0,19,0,0.0,5.88,0.0,0.01,323196,1287.92
2020-03-20,Maryland,Howard,0.62,2,0,0.0,18,0,0.0,5.57,0.0,0.01,323196,1287.92
2020-03-19,Maryland,Howard,2.48,8,0,0.0,16,0,0.0,4.95,0.0,0.0,323196,1287.92
2020-03-18,Maryland,Howard,1.55,5,0,0.0,8,0,0.0,2.48,0.0,0.0,323196,1287.92
2020-03-17,Maryland,Howard,0.62,2,0,0.0,3,0,0.0,0.93,0.0,0.0,323196,1287.92
2020-03-16,Maryland,Howard,0.0,0,0,0.0,1,0,0.0,0.31,0.0,0.0,323196,1287.92
2020-03-15,Maryland,Howard,0.0,0,0,0.0,1,0,0.0,0.31,0.0,0.0,323196,1287.92
