date,state,county,new_cases_100k,new_cases,new_deaths,new_deaths_100k,total_cases,total_deaths,cfr%,total_cases_100k,total_deaths_100k,%infected,population,pop_density
2020-08-01,Nebraska,Gage,0.0,0,0,0.0,81,4,4.94,376.87,18.61,0.38,21493,25.24
2020-07-31,Nebraska,Gage,13.96,3,0,0.0,81,4,4.94,376.87,18.61,0.38,21493,25.24
2020-07-30,Nebraska,Gage,4.65,1,0,0.0,78,4,5.13,362.91,18.61,0.36,21493,25.24
2020-07-29,Nebraska,Gage,4.65,1,0,0.0,77,4,5.19,358.26,18.61,0.36,21493,25.24
2020-07-28,Nebraska,Gage,9.31,2,0,0.0,76,4,5.26,353.6,18.61,0.35,21493,25.24
2020-07-27,Nebraska,Gage,0.0,0,0,0.0,74,4,5.41,344.3,18.61,0.34,21493,25.24
2020-07-26,Nebraska,Gage,0.0,0,0,0.0,74,4,5.41,344.3,18.61,0.34,21493,25.24
2020-07-25,Nebraska,Gage,9.31,2,0,0.0,74,4,5.41,344.3,18.61,0.34,21493,25.24
2020-07-24,Nebraska,Gage,0.0,0,0,0.0,72,4,5.56,334.99,18.61,0.33,21493,25.24
2020-07-23,Nebraska,Gage,4.65,1,0,0.0,72,4,5.56,334.99,18.61,0.33,21493,25.24
2020-07-22,Nebraska,Gage,4.65,1,0,0.0,71,4,5.63,330.34,18.61,0.33,21493,25.24
2020-07-21,Nebraska,Gage,0.0,0,0,0.0,70,4,5.71,325.69,18.61,0.33,21493,25.24
2020-07-20,Nebraska,Gage,0.0,0,0,0.0,70,4,5.71,325.69,18.61,0.33,21493,25.24
2020-07-19,Nebraska,Gage,0.0,0,0,0.0,70,4,5.71,325.69,18.61,0.33,21493,25.24
2020-07-18,Nebraska,Gage,4.65,1,0,0.0,70,4,5.71,325.69,18.61,0.33,21493,25.24
2020-07-17,Nebraska,Gage,0.0,0,0,0.0,69,4,5.8,321.03,18.61,0.32,21493,25.24
2020-07-16,Nebraska,Gage,0.0,0,0,0.0,69,4,5.8,321.03,18.61,0.32,21493,25.24
2020-07-15,Nebraska,Gage,9.31,2,0,0.0,69,4,5.8,321.03,18.61,0.32,21493,25.24
2020-07-14,Nebraska,Gage,9.31,2,0,0.0,67,4,5.97,311.73,18.61,0.31,21493,25.24
2020-07-13,Nebraska,Gage,9.31,2,0,0.0,65,4,6.15,302.42,18.61,0.3,21493,25.24
2020-07-12,Nebraska,Gage,4.65,1,0,0.0,63,4,6.35,293.12,18.61,0.29,21493,25.24
2020-07-11,Nebraska,Gage,4.65,1,0,0.0,62,4,6.45,288.47,18.61,0.29,21493,25.24
2020-07-10,Nebraska,Gage,0.0,0,0,0.0,61,4,6.56,283.81,18.61,0.28,21493,25.24
2020-07-09,Nebraska,Gage,9.31,2,0,0.0,61,4,6.56,283.81,18.61,0.28,21493,25.24
2020-07-08,Nebraska,Gage,4.65,1,0,0.0,59,4,6.78,274.51,18.61,0.27,21493,25.24
2020-07-07,Nebraska,Gage,0.0,0,0,0.0,58,4,6.9,269.86,18.61,0.27,21493,25.24
2020-07-06,Nebraska,Gage,9.31,2,0,0.0,58,4,6.9,269.86,18.61,0.27,21493,25.24
2020-07-05,Nebraska,Gage,0.0,0,0,0.0,56,4,7.14,260.55,18.61,0.26,21493,25.24
2020-07-04,Nebraska,Gage,4.65,1,0,0.0,56,4,7.14,260.55,18.61,0.26,21493,25.24
2020-07-03,Nebraska,Gage,4.65,1,0,0.0,55,4,7.27,255.9,18.61,0.26,21493,25.24
2020-07-02,Nebraska,Gage,9.31,2,0,0.0,54,4,7.41,251.24,18.61,0.25,21493,25.24
2020-07-01,Nebraska,Gage,0.0,0,0,0.0,52,4,7.69,241.94,18.61,0.24,21493,25.24
2020-06-30,Nebraska,Gage,13.96,3,0,0.0,52,4,7.69,241.94,18.61,0.24,21493,25.24
2020-06-29,Nebraska,Gage,-4.65,-1,0,0.0,49,4,8.16,227.98,18.61,0.23,21493,25.24
2020-06-28,Nebraska,Gage,0.0,0,0,0.0,50,4,8.0,232.63,18.61,0.23,21493,25.24
2020-06-27,Nebraska,Gage,0.0,0,0,0.0,50,4,8.0,232.63,18.61,0.23,21493,25.24
2020-06-26,Nebraska,Gage,9.31,2,0,0.0,50,4,8.0,232.63,18.61,0.23,21493,25.24
2020-06-25,Nebraska,Gage,4.65,1,0,0.0,48,4,8.33,223.33,18.61,0.22,21493,25.24
2020-06-24,Nebraska,Gage,0.0,0,0,0.0,47,4,8.51,218.68,18.61,0.22,21493,25.24
2020-06-23,Nebraska,Gage,0.0,0,0,0.0,47,4,8.51,218.68,18.61,0.22,21493,25.24
2020-06-22,Nebraska,Gage,0.0,0,0,0.0,47,4,8.51,218.68,18.61,0.22,21493,25.24
2020-06-21,Nebraska,Gage,0.0,0,0,0.0,47,4,8.51,218.68,18.61,0.22,21493,25.24
2020-06-20,Nebraska,Gage,4.65,1,0,0.0,47,4,8.51,218.68,18.61,0.22,21493,25.24
2020-06-19,Nebraska,Gage,0.0,0,0,0.0,46,4,8.7,214.02,18.61,0.21,21493,25.24
2020-06-18,Nebraska,Gage,0.0,0,0,0.0,46,4,8.7,214.02,18.61,0.21,21493,25.24
2020-06-17,Nebraska,Gage,4.65,1,0,0.0,46,4,8.7,214.02,18.61,0.21,21493,25.24
2020-06-16,Nebraska,Gage,0.0,0,0,0.0,45,4,8.89,209.37,18.61,0.21,21493,25.24
2020-06-15,Nebraska,Gage,0.0,0,0,0.0,45,4,8.89,209.37,18.61,0.21,21493,25.24
2020-06-14,Nebraska,Gage,0.0,0,0,0.0,45,4,8.89,209.37,18.61,0.21,21493,25.24
2020-06-13,Nebraska,Gage,0.0,0,0,0.0,45,4,8.89,209.37,18.61,0.21,21493,25.24
2020-06-12,Nebraska,Gage,0.0,0,0,0.0,45,4,8.89,209.37,18.61,0.21,21493,25.24
2020-06-11,Nebraska,Gage,0.0,0,0,0.0,45,4,8.89,209.37,18.61,0.21,21493,25.24
2020-06-10,Nebraska,Gage,0.0,0,0,0.0,45,4,8.89,209.37,18.61,0.21,21493,25.24
2020-06-09,Nebraska,Gage,0.0,0,0,0.0,45,4,8.89,209.37,18.61,0.21,21493,25.24
2020-06-08,Nebraska,Gage,0.0,0,0,0.0,45,4,8.89,209.37,18.61,0.21,21493,25.24
2020-06-07,Nebraska,Gage,0.0,0,0,0.0,45,4,8.89,209.37,18.61,0.21,21493,25.24
2020-06-06,Nebraska,Gage,0.0,0,0,0.0,45,4,8.89,209.37,18.61,0.21,21493,25.24
2020-06-05,Nebraska,Gage,0.0,0,0,0.0,45,4,8.89,209.37,18.61,0.21,21493,25.24
2020-06-04,Nebraska,Gage,0.0,0,0,0.0,45,4,8.89,209.37,18.61,0.21,21493,25.24
2020-06-03,Nebraska,Gage,0.0,0,0,0.0,45,4,8.89,209.37,18.61,0.21,21493,25.24
2020-06-02,Nebraska,Gage,0.0,0,0,0.0,45,4,8.89,209.37,18.61,0.21,21493,25.24
2020-06-01,Nebraska,Gage,0.0,0,0,0.0,45,4,8.89,209.37,18.61,0.21,21493,25.24
2020-05-31,Nebraska,Gage,0.0,0,0,0.0,45,4,8.89,209.37,18.61,0.21,21493,25.24
2020-05-30,Nebraska,Gage,0.0,0,0,0.0,45,4,8.89,209.37,18.61,0.21,21493,25.24
2020-05-29,Nebraska,Gage,4.65,1,0,0.0,45,4,8.89,209.37,18.61,0.21,21493,25.24
2020-05-28,Nebraska,Gage,0.0,0,0,0.0,44,4,9.09,204.72,18.61,0.2,21493,25.24
2020-05-27,Nebraska,Gage,0.0,0,0,0.0,44,4,9.09,204.72,18.61,0.2,21493,25.24
2020-05-26,Nebraska,Gage,0.0,0,0,0.0,44,4,9.09,204.72,18.61,0.2,21493,25.24
2020-05-25,Nebraska,Gage,0.0,0,0,0.0,44,4,9.09,204.72,18.61,0.2,21493,25.24
2020-05-24,Nebraska,Gage,0.0,0,0,0.0,44,4,9.09,204.72,18.61,0.2,21493,25.24
2020-05-23,Nebraska,Gage,0.0,0,0,0.0,44,4,9.09,204.72,18.61,0.2,21493,25.24
2020-05-22,Nebraska,Gage,0.0,0,0,0.0,44,4,9.09,204.72,18.61,0.2,21493,25.24
2020-05-21,Nebraska,Gage,4.65,1,0,0.0,44,4,9.09,204.72,18.61,0.2,21493,25.24
2020-05-20,Nebraska,Gage,0.0,0,0,0.0,43,4,9.3,200.07,18.61,0.2,21493,25.24
2020-05-19,Nebraska,Gage,4.65,1,0,0.0,43,4,9.3,200.07,18.61,0.2,21493,25.24
2020-05-18,Nebraska,Gage,4.65,1,0,0.0,42,4,9.52,195.41,18.61,0.2,21493,25.24
2020-05-17,Nebraska,Gage,-4.65,-1,0,0.0,41,4,9.76,190.76,18.61,0.19,21493,25.24
2020-05-16,Nebraska,Gage,0.0,0,0,0.0,42,4,9.52,195.41,18.61,0.2,21493,25.24
2020-05-15,Nebraska,Gage,4.65,1,0,0.0,42,4,9.52,195.41,18.61,0.2,21493,25.24
2020-05-14,Nebraska,Gage,0.0,0,0,0.0,41,4,9.76,190.76,18.61,0.19,21493,25.24
2020-05-13,Nebraska,Gage,0.0,0,0,0.0,41,4,9.76,190.76,18.61,0.19,21493,25.24
2020-05-12,Nebraska,Gage,0.0,0,1,4.65,41,4,9.76,190.76,18.61,0.19,21493,25.24
2020-05-11,Nebraska,Gage,0.0,0,0,0.0,41,3,7.32,190.76,13.96,0.19,21493,25.24
2020-05-10,Nebraska,Gage,4.65,1,0,0.0,41,3,7.32,190.76,13.96,0.19,21493,25.24
2020-05-09,Nebraska,Gage,0.0,0,0,0.0,40,3,7.5,186.11,13.96,0.19,21493,25.24
2020-05-08,Nebraska,Gage,0.0,0,0,0.0,40,3,7.5,186.11,13.96,0.19,21493,25.24
2020-05-07,Nebraska,Gage,4.65,1,1,4.65,40,3,7.5,186.11,13.96,0.19,21493,25.24
2020-05-06,Nebraska,Gage,0.0,0,0,0.0,39,2,5.13,181.45,9.31,0.18,21493,25.24
2020-05-05,Nebraska,Gage,0.0,0,0,0.0,39,2,5.13,181.45,9.31,0.18,21493,25.24
2020-05-04,Nebraska,Gage,4.65,1,0,0.0,39,2,5.13,181.45,9.31,0.18,21493,25.24
2020-05-03,Nebraska,Gage,0.0,0,0,0.0,38,2,5.26,176.8,9.31,0.18,21493,25.24
2020-05-02,Nebraska,Gage,0.0,0,0,0.0,38,2,5.26,176.8,9.31,0.18,21493,25.24
2020-05-01,Nebraska,Gage,9.31,2,0,0.0,38,2,5.26,176.8,9.31,0.18,21493,25.24
2020-04-30,Nebraska,Gage,4.65,1,0,0.0,36,2,5.56,167.5,9.31,0.17,21493,25.24
2020-04-29,Nebraska,Gage,9.31,2,0,0.0,35,2,5.71,162.84,9.31,0.16,21493,25.24
2020-04-28,Nebraska,Gage,0.0,0,0,0.0,33,2,6.06,153.54,9.31,0.15,21493,25.24
2020-04-27,Nebraska,Gage,18.61,4,0,0.0,33,2,6.06,153.54,9.31,0.15,21493,25.24
2020-04-26,Nebraska,Gage,0.0,0,0,0.0,29,2,6.9,134.93,9.31,0.13,21493,25.24
2020-04-25,Nebraska,Gage,0.0,0,0,0.0,29,2,6.9,134.93,9.31,0.13,21493,25.24
2020-04-24,Nebraska,Gage,4.65,1,0,0.0,29,2,6.9,134.93,9.31,0.13,21493,25.24
2020-04-23,Nebraska,Gage,0.0,0,0,0.0,28,2,7.14,130.27,9.31,0.13,21493,25.24
2020-04-22,Nebraska,Gage,0.0,0,0,0.0,28,2,7.14,130.27,9.31,0.13,21493,25.24
2020-04-21,Nebraska,Gage,0.0,0,0,0.0,28,2,7.14,130.27,9.31,0.13,21493,25.24
2020-04-20,Nebraska,Gage,0.0,0,0,0.0,28,2,7.14,130.27,9.31,0.13,21493,25.24
2020-04-19,Nebraska,Gage,0.0,0,0,0.0,28,2,7.14,130.27,9.31,0.13,21493,25.24
2020-04-18,Nebraska,Gage,4.65,1,0,0.0,28,2,7.14,130.27,9.31,0.13,21493,25.24
2020-04-17,Nebraska,Gage,4.65,1,0,0.0,27,2,7.41,125.62,9.31,0.13,21493,25.24
2020-04-16,Nebraska,Gage,0.0,0,1,4.65,26,2,7.69,120.97,9.31,0.12,21493,25.24
2020-04-15,Nebraska,Gage,0.0,0,0,0.0,26,1,3.85,120.97,4.65,0.12,21493,25.24
2020-04-14,Nebraska,Gage,0.0,0,0,0.0,26,1,3.85,120.97,4.65,0.12,21493,25.24
2020-04-13,Nebraska,Gage,0.0,0,0,0.0,26,1,3.85,120.97,4.65,0.12,21493,25.24
2020-04-12,Nebraska,Gage,4.65,1,0,0.0,26,1,3.85,120.97,4.65,0.12,21493,25.24
2020-04-11,Nebraska,Gage,0.0,0,0,0.0,25,1,4.0,116.32,4.65,0.12,21493,25.24
2020-04-10,Nebraska,Gage,4.65,1,0,0.0,25,1,4.0,116.32,4.65,0.12,21493,25.24
2020-04-09,Nebraska,Gage,4.65,1,0,0.0,24,1,4.17,111.66,4.65,0.11,21493,25.24
2020-04-08,Nebraska,Gage,0.0,0,0,0.0,23,1,4.35,107.01,4.65,0.11,21493,25.24
2020-04-07,Nebraska,Gage,65.14,14,0,0.0,23,1,4.35,107.01,4.65,0.11,21493,25.24
2020-04-06,Nebraska,Gage,0.0,0,0,0.0,9,1,11.11,41.87,4.65,0.04,21493,25.24
2020-04-05,Nebraska,Gage,32.57,7,0,0.0,9,1,11.11,41.87,4.65,0.04,21493,25.24
2020-04-04,Nebraska,Gage,0.0,0,0,0.0,2,1,50.0,9.31,4.65,0.01,21493,25.24
2020-04-03,Nebraska,Gage,4.65,1,0,0.0,2,1,50.0,9.31,4.65,0.01,21493,25.24
2020-04-02,Nebraska,Gage,0.0,0,0,0.0,1,1,100.0,4.65,4.65,0.0,21493,25.24
