date,state,county,new_cases_100k,new_cases,new_deaths,new_deaths_100k,total_cases,total_deaths,cfr%,total_cases_100k,total_deaths_100k,%infected,population,pop_density
2020-08-20,Nebraska,Kearney,76.41,5,0,0.0,93,0,0.0,1421.15,0.0,1.42,6544,12.68
2020-08-19,Nebraska,Kearney,137.53,9,0,0.0,88,0,0.0,1344.74,0.0,1.34,6544,12.68
2020-08-18,Nebraska,Kearney,-76.41,-5,0,0.0,79,0,0.0,1207.21,0.0,1.21,6544,12.68
2020-08-17,Nebraska,Kearney,15.28,1,0,0.0,84,0,0.0,1283.62,0.0,1.28,6544,12.68
2020-08-16,Nebraska,Kearney,15.28,1,0,0.0,83,0,0.0,1268.34,0.0,1.27,6544,12.68
2020-08-15,Nebraska,Kearney,15.28,1,0,0.0,82,0,0.0,1253.06,0.0,1.25,6544,12.68
2020-08-14,Nebraska,Kearney,213.94,14,0,0.0,81,0,0.0,1237.78,0.0,1.24,6544,12.68
2020-08-13,Nebraska,Kearney,76.41,5,0,0.0,67,0,0.0,1023.84,0.0,1.02,6544,12.68
2020-08-12,Nebraska,Kearney,61.12,4,0,0.0,62,0,0.0,947.43,0.0,0.95,6544,12.68
2020-08-11,Nebraska,Kearney,76.41,5,0,0.0,58,0,0.0,886.31,0.0,0.89,6544,12.68
2020-08-10,Nebraska,Kearney,15.28,1,0,0.0,53,0,0.0,809.9,0.0,0.81,6544,12.68
2020-08-09,Nebraska,Kearney,15.28,1,0,0.0,52,0,0.0,794.62,0.0,0.79,6544,12.68
2020-08-08,Nebraska,Kearney,15.28,1,0,0.0,51,0,0.0,779.34,0.0,0.78,6544,12.68
2020-08-07,Nebraska,Kearney,15.28,1,0,0.0,50,0,0.0,764.06,0.0,0.76,6544,12.68
2020-08-06,Nebraska,Kearney,91.69,6,0,0.0,49,0,0.0,748.78,0.0,0.75,6544,12.68
2020-08-05,Nebraska,Kearney,137.53,9,0,0.0,43,0,0.0,657.09,0.0,0.66,6544,12.68
2020-08-04,Nebraska,Kearney,0.0,0,0,0.0,34,0,0.0,519.56,0.0,0.52,6544,12.68
2020-08-03,Nebraska,Kearney,0.0,0,0,0.0,34,0,0.0,519.56,0.0,0.52,6544,12.68
2020-08-02,Nebraska,Kearney,76.41,5,0,0.0,34,0,0.0,519.56,0.0,0.52,6544,12.68
2020-08-01,Nebraska,Kearney,15.28,1,0,0.0,29,0,0.0,443.15,0.0,0.44,6544,12.68
2020-07-31,Nebraska,Kearney,45.84,3,0,0.0,28,0,0.0,427.87,0.0,0.43,6544,12.68
2020-07-30,Nebraska,Kearney,30.56,2,0,0.0,25,0,0.0,382.03,0.0,0.38,6544,12.68
2020-07-29,Nebraska,Kearney,15.28,1,0,0.0,23,0,0.0,351.47,0.0,0.35,6544,12.68
2020-07-28,Nebraska,Kearney,30.56,2,0,0.0,22,0,0.0,336.19,0.0,0.34,6544,12.68
2020-07-27,Nebraska,Kearney,15.28,1,0,0.0,20,0,0.0,305.62,0.0,0.31,6544,12.68
2020-07-26,Nebraska,Kearney,-15.28,-1,0,0.0,19,0,0.0,290.34,0.0,0.29,6544,12.68
2020-07-25,Nebraska,Kearney,0.0,0,0,0.0,20,0,0.0,305.62,0.0,0.31,6544,12.68
2020-07-24,Nebraska,Kearney,0.0,0,0,0.0,20,0,0.0,305.62,0.0,0.31,6544,12.68
2020-07-23,Nebraska,Kearney,0.0,0,0,0.0,20,0,0.0,305.62,0.0,0.31,6544,12.68
2020-07-22,Nebraska,Kearney,0.0,0,0,0.0,20,0,0.0,305.62,0.0,0.31,6544,12.68
2020-07-21,Nebraska,Kearney,30.56,2,0,0.0,20,0,0.0,305.62,0.0,0.31,6544,12.68
2020-07-20,Nebraska,Kearney,0.0,0,0,0.0,18,0,0.0,275.06,0.0,0.28,6544,12.68
2020-07-19,Nebraska,Kearney,0.0,0,0,0.0,18,0,0.0,275.06,0.0,0.28,6544,12.68
2020-07-18,Nebraska,Kearney,0.0,0,0,0.0,18,0,0.0,275.06,0.0,0.28,6544,12.68
2020-07-17,Nebraska,Kearney,0.0,0,0,0.0,18,0,0.0,275.06,0.0,0.28,6544,12.68
2020-07-16,Nebraska,Kearney,0.0,0,0,0.0,18,0,0.0,275.06,0.0,0.28,6544,12.68
2020-07-15,Nebraska,Kearney,0.0,0,0,0.0,18,0,0.0,275.06,0.0,0.28,6544,12.68
2020-07-14,Nebraska,Kearney,0.0,0,0,0.0,18,0,0.0,275.06,0.0,0.28,6544,12.68
2020-07-13,Nebraska,Kearney,0.0,0,0,0.0,18,0,0.0,275.06,0.0,0.28,6544,12.68
2020-07-12,Nebraska,Kearney,0.0,0,0,0.0,18,0,0.0,275.06,0.0,0.28,6544,12.68
2020-07-11,Nebraska,Kearney,0.0,0,0,0.0,18,0,0.0,275.06,0.0,0.28,6544,12.68
2020-07-10,Nebraska,Kearney,0.0,0,0,0.0,18,0,0.0,275.06,0.0,0.28,6544,12.68
2020-07-09,Nebraska,Kearney,15.28,1,0,0.0,18,0,0.0,275.06,0.0,0.28,6544,12.68
2020-07-08,Nebraska,Kearney,0.0,0,0,0.0,17,0,0.0,259.78,0.0,0.26,6544,12.68
2020-07-07,Nebraska,Kearney,0.0,0,0,0.0,17,0,0.0,259.78,0.0,0.26,6544,12.68
2020-07-06,Nebraska,Kearney,15.28,1,0,0.0,17,0,0.0,259.78,0.0,0.26,6544,12.68
2020-07-05,Nebraska,Kearney,0.0,0,0,0.0,16,0,0.0,244.5,0.0,0.24,6544,12.68
2020-07-04,Nebraska,Kearney,15.28,1,0,0.0,16,0,0.0,244.5,0.0,0.24,6544,12.68
2020-07-03,Nebraska,Kearney,0.0,0,0,0.0,15,0,0.0,229.22,0.0,0.23,6544,12.68
2020-07-02,Nebraska,Kearney,15.28,1,0,0.0,15,0,0.0,229.22,0.0,0.23,6544,12.68
2020-07-01,Nebraska,Kearney,15.28,1,0,0.0,14,0,0.0,213.94,0.0,0.21,6544,12.68
2020-06-30,Nebraska,Kearney,0.0,0,0,0.0,13,0,0.0,198.66,0.0,0.2,6544,12.68
2020-06-29,Nebraska,Kearney,0.0,0,0,0.0,13,0,0.0,198.66,0.0,0.2,6544,12.68
2020-06-28,Nebraska,Kearney,0.0,0,0,0.0,13,0,0.0,198.66,0.0,0.2,6544,12.68
2020-06-27,Nebraska,Kearney,0.0,0,0,0.0,13,0,0.0,198.66,0.0,0.2,6544,12.68
2020-06-26,Nebraska,Kearney,0.0,0,0,0.0,13,0,0.0,198.66,0.0,0.2,6544,12.68
2020-06-25,Nebraska,Kearney,0.0,0,0,0.0,13,0,0.0,198.66,0.0,0.2,6544,12.68
2020-06-24,Nebraska,Kearney,0.0,0,0,0.0,13,0,0.0,198.66,0.0,0.2,6544,12.68
2020-06-23,Nebraska,Kearney,0.0,0,0,0.0,13,0,0.0,198.66,0.0,0.2,6544,12.68
2020-06-22,Nebraska,Kearney,15.28,1,0,0.0,13,0,0.0,198.66,0.0,0.2,6544,12.68
2020-06-21,Nebraska,Kearney,0.0,0,0,0.0,12,0,0.0,183.37,0.0,0.18,6544,12.68
2020-06-20,Nebraska,Kearney,0.0,0,0,0.0,12,0,0.0,183.37,0.0,0.18,6544,12.68
2020-06-19,Nebraska,Kearney,0.0,0,0,0.0,12,0,0.0,183.37,0.0,0.18,6544,12.68
2020-06-18,Nebraska,Kearney,0.0,0,0,0.0,12,0,0.0,183.37,0.0,0.18,6544,12.68
2020-06-17,Nebraska,Kearney,0.0,0,0,0.0,12,0,0.0,183.37,0.0,0.18,6544,12.68
2020-06-16,Nebraska,Kearney,0.0,0,0,0.0,12,0,0.0,183.37,0.0,0.18,6544,12.68
2020-06-15,Nebraska,Kearney,0.0,0,0,0.0,12,0,0.0,183.37,0.0,0.18,6544,12.68
2020-06-14,Nebraska,Kearney,0.0,0,0,0.0,12,0,0.0,183.37,0.0,0.18,6544,12.68
2020-06-13,Nebraska,Kearney,0.0,0,0,0.0,12,0,0.0,183.37,0.0,0.18,6544,12.68
2020-06-12,Nebraska,Kearney,0.0,0,0,0.0,12,0,0.0,183.37,0.0,0.18,6544,12.68
2020-06-11,Nebraska,Kearney,0.0,0,0,0.0,12,0,0.0,183.37,0.0,0.18,6544,12.68
2020-06-10,Nebraska,Kearney,0.0,0,0,0.0,12,0,0.0,183.37,0.0,0.18,6544,12.68
2020-06-09,Nebraska,Kearney,0.0,0,0,0.0,12,0,0.0,183.37,0.0,0.18,6544,12.68
2020-06-08,Nebraska,Kearney,0.0,0,0,0.0,12,0,0.0,183.37,0.0,0.18,6544,12.68
2020-06-07,Nebraska,Kearney,0.0,0,0,0.0,12,0,0.0,183.37,0.0,0.18,6544,12.68
2020-06-06,Nebraska,Kearney,0.0,0,0,0.0,12,0,0.0,183.37,0.0,0.18,6544,12.68
2020-06-05,Nebraska,Kearney,0.0,0,0,0.0,12,0,0.0,183.37,0.0,0.18,6544,12.68
2020-06-04,Nebraska,Kearney,15.28,1,0,0.0,12,0,0.0,183.37,0.0,0.18,6544,12.68
2020-06-03,Nebraska,Kearney,0.0,0,0,0.0,11,0,0.0,168.09,0.0,0.17,6544,12.68
2020-06-02,Nebraska,Kearney,0.0,0,0,0.0,11,0,0.0,168.09,0.0,0.17,6544,12.68
2020-06-01,Nebraska,Kearney,0.0,0,0,0.0,11,0,0.0,168.09,0.0,0.17,6544,12.68
2020-05-31,Nebraska,Kearney,0.0,0,0,0.0,11,0,0.0,168.09,0.0,0.17,6544,12.68
2020-05-30,Nebraska,Kearney,0.0,0,0,0.0,11,0,0.0,168.09,0.0,0.17,6544,12.68
2020-05-29,Nebraska,Kearney,0.0,0,0,0.0,11,0,0.0,168.09,0.0,0.17,6544,12.68
2020-05-28,Nebraska,Kearney,0.0,0,0,0.0,11,0,0.0,168.09,0.0,0.17,6544,12.68
2020-05-27,Nebraska,Kearney,-15.28,-1,0,0.0,11,0,0.0,168.09,0.0,0.17,6544,12.68
2020-05-26,Nebraska,Kearney,0.0,0,0,0.0,12,0,0.0,183.37,0.0,0.18,6544,12.68
2020-05-25,Nebraska,Kearney,15.28,1,0,0.0,12,0,0.0,183.37,0.0,0.18,6544,12.68
2020-05-24,Nebraska,Kearney,0.0,0,0,0.0,11,0,0.0,168.09,0.0,0.17,6544,12.68
2020-05-23,Nebraska,Kearney,0.0,0,0,0.0,11,0,0.0,168.09,0.0,0.17,6544,12.68
2020-05-22,Nebraska,Kearney,0.0,0,0,0.0,11,0,0.0,168.09,0.0,0.17,6544,12.68
2020-05-21,Nebraska,Kearney,0.0,0,0,0.0,11,0,0.0,168.09,0.0,0.17,6544,12.68
2020-05-20,Nebraska,Kearney,0.0,0,0,0.0,11,0,0.0,168.09,0.0,0.17,6544,12.68
2020-05-19,Nebraska,Kearney,0.0,0,0,0.0,11,0,0.0,168.09,0.0,0.17,6544,12.68
2020-05-18,Nebraska,Kearney,0.0,0,0,0.0,11,0,0.0,168.09,0.0,0.17,6544,12.68
2020-05-17,Nebraska,Kearney,0.0,0,0,0.0,11,0,0.0,168.09,0.0,0.17,6544,12.68
2020-05-16,Nebraska,Kearney,15.28,1,0,0.0,11,0,0.0,168.09,0.0,0.17,6544,12.68
2020-05-15,Nebraska,Kearney,0.0,0,0,0.0,10,0,0.0,152.81,0.0,0.15,6544,12.68
2020-05-14,Nebraska,Kearney,15.28,1,0,0.0,10,0,0.0,152.81,0.0,0.15,6544,12.68
2020-05-13,Nebraska,Kearney,0.0,0,0,0.0,9,0,0.0,137.53,0.0,0.14,6544,12.68
2020-05-12,Nebraska,Kearney,30.56,2,0,0.0,9,0,0.0,137.53,0.0,0.14,6544,12.68
2020-05-11,Nebraska,Kearney,0.0,0,0,0.0,7,0,0.0,106.97,0.0,0.11,6544,12.68
2020-05-10,Nebraska,Kearney,0.0,0,0,0.0,7,0,0.0,106.97,0.0,0.11,6544,12.68
2020-05-09,Nebraska,Kearney,0.0,0,0,0.0,7,0,0.0,106.97,0.0,0.11,6544,12.68
2020-05-08,Nebraska,Kearney,0.0,0,0,0.0,7,0,0.0,106.97,0.0,0.11,6544,12.68
2020-05-07,Nebraska,Kearney,15.28,1,0,0.0,7,0,0.0,106.97,0.0,0.11,6544,12.68
2020-05-06,Nebraska,Kearney,15.28,1,0,0.0,6,0,0.0,91.69,0.0,0.09,6544,12.68
2020-05-05,Nebraska,Kearney,0.0,0,0,0.0,5,0,0.0,76.41,0.0,0.08,6544,12.68
2020-05-04,Nebraska,Kearney,15.28,1,0,0.0,5,0,0.0,76.41,0.0,0.08,6544,12.68
2020-05-03,Nebraska,Kearney,0.0,0,0,0.0,4,0,0.0,61.12,0.0,0.06,6544,12.68
2020-05-02,Nebraska,Kearney,0.0,0,0,0.0,4,0,0.0,61.12,0.0,0.06,6544,12.68
2020-05-01,Nebraska,Kearney,0.0,0,0,0.0,4,0,0.0,61.12,0.0,0.06,6544,12.68
2020-04-30,Nebraska,Kearney,0.0,0,0,0.0,4,0,0.0,61.12,0.0,0.06,6544,12.68
2020-04-29,Nebraska,Kearney,0.0,0,0,0.0,4,0,0.0,61.12,0.0,0.06,6544,12.68
2020-04-28,Nebraska,Kearney,0.0,0,0,0.0,4,0,0.0,61.12,0.0,0.06,6544,12.68
2020-04-27,Nebraska,Kearney,0.0,0,0,0.0,4,0,0.0,61.12,0.0,0.06,6544,12.68
2020-04-26,Nebraska,Kearney,0.0,0,0,0.0,4,0,0.0,61.12,0.0,0.06,6544,12.68
2020-04-25,Nebraska,Kearney,0.0,0,0,0.0,4,0,0.0,61.12,0.0,0.06,6544,12.68
2020-04-24,Nebraska,Kearney,0.0,0,0,0.0,4,0,0.0,61.12,0.0,0.06,6544,12.68
2020-04-23,Nebraska,Kearney,0.0,0,0,0.0,4,0,0.0,61.12,0.0,0.06,6544,12.68
2020-04-22,Nebraska,Kearney,0.0,0,0,0.0,4,0,0.0,61.12,0.0,0.06,6544,12.68
2020-04-21,Nebraska,Kearney,0.0,0,0,0.0,4,0,0.0,61.12,0.0,0.06,6544,12.68
2020-04-20,Nebraska,Kearney,0.0,0,0,0.0,4,0,0.0,61.12,0.0,0.06,6544,12.68
2020-04-19,Nebraska,Kearney,15.28,1,0,0.0,4,0,0.0,61.12,0.0,0.06,6544,12.68
2020-04-18,Nebraska,Kearney,0.0,0,0,0.0,3,0,0.0,45.84,0.0,0.05,6544,12.68
2020-04-17,Nebraska,Kearney,0.0,0,0,0.0,3,0,0.0,45.84,0.0,0.05,6544,12.68
2020-04-16,Nebraska,Kearney,0.0,0,0,0.0,3,0,0.0,45.84,0.0,0.05,6544,12.68
2020-04-15,Nebraska,Kearney,0.0,0,0,0.0,3,0,0.0,45.84,0.0,0.05,6544,12.68
2020-04-14,Nebraska,Kearney,0.0,0,0,0.0,3,0,0.0,45.84,0.0,0.05,6544,12.68
2020-04-13,Nebraska,Kearney,0.0,0,0,0.0,3,0,0.0,45.84,0.0,0.05,6544,12.68
2020-04-12,Nebraska,Kearney,0.0,0,0,0.0,3,0,0.0,45.84,0.0,0.05,6544,12.68
2020-04-11,Nebraska,Kearney,0.0,0,0,0.0,3,0,0.0,45.84,0.0,0.05,6544,12.68
2020-04-10,Nebraska,Kearney,0.0,0,0,0.0,3,0,0.0,45.84,0.0,0.05,6544,12.68
2020-04-09,Nebraska,Kearney,0.0,0,0,0.0,3,0,0.0,45.84,0.0,0.05,6544,12.68
2020-04-08,Nebraska,Kearney,15.28,1,0,0.0,3,0,0.0,45.84,0.0,0.05,6544,12.68
2020-04-07,Nebraska,Kearney,0.0,0,0,0.0,2,0,0.0,30.56,0.0,0.03,6544,12.68
2020-04-06,Nebraska,Kearney,0.0,0,0,0.0,2,0,0.0,30.56,0.0,0.03,6544,12.68
2020-04-05,Nebraska,Kearney,15.28,1,0,0.0,2,0,0.0,30.56,0.0,0.03,6544,12.68
2020-04-04,Nebraska,Kearney,0.0,0,0,0.0,1,0,0.0,15.28,0.0,0.02,6544,12.68
2020-04-03,Nebraska,Kearney,-15.28,-1,0,0.0,1,0,0.0,15.28,0.0,0.02,6544,12.68
2020-04-02,Nebraska,Kearney,15.28,1,0,0.0,2,0,0.0,30.56,0.0,0.03,6544,12.68
2020-04-01,Nebraska,Kearney,0.0,0,0,0.0,1,0,0.0,15.28,0.0,0.02,6544,12.68
2020-03-31,Nebraska,Kearney,0.0,0,0,0.0,1,0,0.0,15.28,0.0,0.02,6544,12.68
2020-03-30,Nebraska,Kearney,0.0,0,0,0.0,1,0,0.0,15.28,0.0,0.02,6544,12.68
2020-03-29,Nebraska,Kearney,0.0,0,0,0.0,1,0,0.0,15.28,0.0,0.02,6544,12.68
2020-03-28,Nebraska,Kearney,0.0,0,0,0.0,1,0,0.0,15.28,0.0,0.02,6544,12.68
2020-03-27,Nebraska,Kearney,0.0,0,0,0.0,1,0,0.0,15.28,0.0,0.02,6544,12.68
2020-03-26,Nebraska,Kearney,0.0,0,0,0.0,1,0,0.0,15.28,0.0,0.02,6544,12.68
