date,state,county,1day_cases_100k,new_cases,new_deaths,new_deaths_100k,total_cases,total_deaths,cfr%,total_cases_100k,total_deaths_100k,%infected,population,pop_density,7day_cases_100k,7day_cases_change,28day_cases_100k,28day_cases_change
2020-12-08,Nebraska,Keya Paha,123.46,1,0,0.0,26,0.0,0.0,3209.88,0.0,3.21,810,1.05,493.84,123.46,1975.32,123.46
2020-12-07,Nebraska,Keya Paha,123.46,1,0,0.0,25,0.0,0.0,3086.42,0.0,3.09,810,1.05,370.38,123.46,1851.86,123.46
2020-12-06,Nebraska,Keya Paha,0.0,0,0,0.0,24,0.0,0.0,2962.96,0.0,2.96,810,1.05,246.92,0.0,1728.4,0.0
2020-12-05,Nebraska,Keya Paha,0.0,0,0,0.0,24,0.0,0.0,2962.96,0.0,2.96,810,1.05,246.92,-123.46,1728.4,0.0
2020-12-04,Nebraska,Keya Paha,123.46,1,0,0.0,24,0.0,0.0,2962.96,0.0,2.96,810,1.05,370.38,0.0,1728.4,123.46
2020-12-03,Nebraska,Keya Paha,123.46,1,0,0.0,23,0.0,0.0,2839.51,0.0,2.84,810,1.05,370.38,246.92,1604.94,123.46
2020-12-02,Nebraska,Keya Paha,0.0,0,0,0.0,22,0.0,0.0,2716.05,0.0,2.72,810,1.05,123.46,-246.91,1481.48,-123.46
2020-12-01,Nebraska,Keya Paha,0.0,0,0,0.0,22,0.0,0.0,2716.05,0.0,2.72,810,1.05,370.37,-123.46,1604.94,0.0
2020-11-30,Nebraska,Keya Paha,0.0,0,0,0.0,22,0.0,0.0,2716.05,0.0,2.72,810,1.05,493.83,0.0,1604.94,0.0
2020-11-29,Nebraska,Keya Paha,0.0,0,0,0.0,22,0.0,0.0,2716.05,0.0,2.72,810,1.05,493.83,-123.46,1604.94,0.0
2020-11-28,Nebraska,Keya Paha,123.46,1,0,0.0,22,0.0,0.0,2716.05,0.0,2.72,810,1.05,617.29,123.46,1604.94,123.46
2020-11-27,Nebraska,Keya Paha,123.46,1,0,0.0,21,0.0,0.0,2592.59,0.0,2.59,810,1.05,493.83,123.46,1481.48,123.46
2020-11-26,Nebraska,Keya Paha,-123.46,-1,0,0.0,20,0.0,0.0,2469.14,0.0,2.47,810,1.05,370.37,-123.46,1358.02,-123.46
2020-11-25,Nebraska,Keya Paha,246.91,2,0,0.0,21,0.0,0.0,2592.59,0.0,2.59,810,1.05,493.83,246.91,1481.48,246.91
2020-11-24,Nebraska,Keya Paha,123.46,1,0,0.0,19,0.0,0.0,2345.68,0.0,2.35,810,1.05,246.92,123.46,1234.57,123.46
2020-11-23,Nebraska,Keya Paha,0.0,0,0,0.0,18,0.0,0.0,2222.22,0.0,2.22,810,1.05,123.46,0.0,1111.11,0.0
2020-11-22,Nebraska,Keya Paha,123.46,1,0,0.0,18,0.0,0.0,2222.22,0.0,2.22,810,1.05,123.46,123.46,1111.11,123.46
2020-11-21,Nebraska,Keya Paha,0.0,0,0,0.0,17,0.0,0.0,2098.77,0.0,2.1,810,1.05,0.0,-246.91,987.65,0.0
2020-11-20,Nebraska,Keya Paha,0.0,0,0,0.0,17,0.0,0.0,2098.77,0.0,2.1,810,1.05,246.91,-246.91,987.65,0.0
2020-11-19,Nebraska,Keya Paha,0.0,0,0,0.0,17,0.0,0.0,2098.77,0.0,2.1,810,1.05,493.82,-123.46,987.65,0.0
2020-11-18,Nebraska,Keya Paha,0.0,0,0,0.0,17,0.0,0.0,2098.77,0.0,2.1,810,1.05,617.28,-246.91,987.65,-123.46
2020-11-17,Nebraska,Keya Paha,0.0,0,0,0.0,17,0.0,0.0,2098.77,0.0,2.1,810,1.05,864.19,0.0,1111.11,0.0
2020-11-16,Nebraska,Keya Paha,0.0,0,0,0.0,17,0.0,0.0,2098.77,0.0,2.1,810,1.05,864.19,0.0,1111.11,0.0
2020-11-15,Nebraska,Keya Paha,0.0,0,0,0.0,17,0.0,0.0,2098.77,0.0,2.1,810,1.05,864.19,0.0,1111.11,0.0
2020-11-14,Nebraska,Keya Paha,246.91,2,0,0.0,17,0.0,0.0,2098.77,0.0,2.1,810,1.05,864.19,246.91,1111.11,246.91
2020-11-13,Nebraska,Keya Paha,246.91,2,0,0.0,15,0.0,0.0,1851.85,0.0,1.85,810,1.05,617.28,246.91,864.2,246.91
2020-11-12,Nebraska,Keya Paha,123.46,1,0,0.0,13,0.0,0.0,1604.94,0.0,1.6,810,1.05,370.37,123.46,617.29,123.46
2020-11-11,Nebraska,Keya Paha,246.91,2,0,0.0,12,0.0,0.0,1481.48,0.0,1.48,810,1.05,246.91,123.45,493.83,246.91
2020-11-10,Nebraska,Keya Paha,0.0,0,0,0.0,10,0.0,0.0,1234.57,0.0,1.23,810,1.05,123.46,0.0,246.92,0.0
2020-11-09,Nebraska,Keya Paha,0.0,0,0,0.0,10,0.0,0.0,1234.57,0.0,1.23,810,1.05,123.46,0.0,246.92,0.0
2020-11-08,Nebraska,Keya Paha,0.0,0,0,0.0,10,0.0,0.0,1234.57,0.0,1.23,810,1.05,123.46,0.0,246.92,-123.46
2020-11-07,Nebraska,Keya Paha,0.0,0,0,0.0,10,0.0,0.0,1234.57,0.0,1.23,810,1.05,123.46,0.0,370.38,-246.91
2020-11-06,Nebraska,Keya Paha,0.0,0,0,0.0,10,0.0,0.0,1234.57,0.0,1.23,810,1.05,123.46,0.0,617.29,0.0
2020-11-05,Nebraska,Keya Paha,0.0,0,0,0.0,10,0.0,0.0,1234.57,0.0,1.23,810,1.05,123.46,0.0,617.29,0.0
2020-11-04,Nebraska,Keya Paha,123.46,1,0,0.0,10,0.0,0.0,1234.57,0.0,1.23,810,1.05,123.46,123.46,617.29,123.46
2020-11-03,Nebraska,Keya Paha,0.0,0,0,0.0,9,0.0,0.0,1111.11,0.0,1.11,810,1.05,0.0,0.0,493.83,0.0
2020-11-02,Nebraska,Keya Paha,0.0,0,0,0.0,9,0.0,0.0,1111.11,0.0,1.11,810,1.05,0.0,0.0,493.83,0.0
2020-11-01,Nebraska,Keya Paha,0.0,0,0,0.0,9,0.0,0.0,1111.11,0.0,1.11,810,1.05,0.0,0.0,493.83,0.0
2020-10-31,Nebraska,Keya Paha,0.0,0,0,0.0,9,0.0,0.0,1111.11,0.0,1.11,810,1.05,0.0,0.0,493.83,0.0
2020-10-30,Nebraska,Keya Paha,0.0,0,0,0.0,9,0.0,0.0,1111.11,0.0,1.11,810,1.05,0.0,0.0,493.83,0.0
2020-10-29,Nebraska,Keya Paha,0.0,0,0,0.0,9,0.0,0.0,1111.11,0.0,1.11,810,1.05,0.0,0.0,493.83,0.0
2020-10-28,Nebraska,Keya Paha,0.0,0,0,0.0,9,0.0,0.0,1111.11,0.0,1.11,810,1.05,0.0,-123.46,493.83,0.0
2020-10-27,Nebraska,Keya Paha,0.0,0,0,0.0,9,0.0,0.0,1111.11,0.0,1.11,810,1.05,123.46,0.0,493.83,0.0
2020-10-26,Nebraska,Keya Paha,0.0,0,0,0.0,9,0.0,0.0,1111.11,0.0,1.11,810,1.05,123.46,0.0,493.83,0.0
2020-10-25,Nebraska,Keya Paha,0.0,0,0,0.0,9,0.0,0.0,1111.11,0.0,1.11,810,1.05,123.46,0.0,493.83,0.0
2020-10-24,Nebraska,Keya Paha,0.0,0,0,0.0,9,0.0,0.0,1111.11,0.0,1.11,810,1.05,123.46,0.0,493.83,0.0
2020-10-23,Nebraska,Keya Paha,0.0,0,0,0.0,9,0.0,0.0,1111.11,0.0,1.11,810,1.05,123.46,0.0,493.83,0.0
2020-10-22,Nebraska,Keya Paha,0.0,0,0,0.0,9,0.0,0.0,1111.11,0.0,1.11,810,1.05,123.46,0.0,493.83,-123.46
2020-10-21,Nebraska,Keya Paha,123.46,1,0,0.0,9,0.0,0.0,1111.11,0.0,1.11,810,1.05,123.46,123.46,617.29,123.46
2020-10-20,Nebraska,Keya Paha,0.0,0,0,0.0,8,0.0,0.0,987.65,0.0,0.99,810,1.05,0.0,0.0,493.83,0.0
2020-10-19,Nebraska,Keya Paha,0.0,0,0,0.0,8,0.0,0.0,987.65,0.0,0.99,810,1.05,0.0,0.0,493.83,0.0
2020-10-18,Nebraska,Keya Paha,0.0,0,0,0.0,8,0.0,0.0,987.65,0.0,0.99,810,1.05,0.0,-123.46,493.83,0.0
2020-10-17,Nebraska,Keya Paha,0.0,0,0,0.0,8,0.0,0.0,987.65,0.0,0.99,810,1.05,123.46,-246.91,493.83,0.0
2020-10-16,Nebraska,Keya Paha,0.0,0,0,0.0,8,0.0,0.0,987.65,0.0,0.99,810,1.05,370.37,0.0,493.83,0.0
2020-10-15,Nebraska,Keya Paha,0.0,0,0,0.0,8,0.0,0.0,987.65,0.0,0.99,810,1.05,370.37,0.0,493.83,-123.46
2020-10-14,Nebraska,Keya Paha,0.0,0,0,0.0,8,0.0,0.0,987.65,0.0,0.99,810,1.05,370.37,0.0,617.29,0.0
2020-10-13,Nebraska,Keya Paha,0.0,0,0,0.0,8,0.0,0.0,987.65,0.0,0.99,810,1.05,370.37,0.0,617.29,-123.46
2020-10-12,Nebraska,Keya Paha,0.0,0,0,0.0,8,0.0,0.0,987.65,0.0,0.99,810,1.05,370.37,0.0,740.75,0.0
2020-10-11,Nebraska,Keya Paha,123.46,1,0,0.0,8,0.0,0.0,987.65,0.0,0.99,810,1.05,370.37,123.46,740.75,123.46
2020-10-10,Nebraska,Keya Paha,246.91,2,0,0.0,7,0.0,0.0,864.2,0.0,0.86,810,1.05,246.91,246.91,617.29,123.45
2020-10-09,Nebraska,Keya Paha,0.0,0,0,0.0,5,0.0,0.0,617.28,0.0,0.62,810,1.05,0.0,0.0,493.84,123.46
2020-10-08,Nebraska,Keya Paha,0.0,0,0,0.0,5,0.0,0.0,617.28,0.0,0.62,810,1.05,0.0,0.0,370.38,-123.46
2020-10-07,Nebraska,Keya Paha,0.0,0,0,0.0,5,0.0,0.0,617.28,0.0,0.62,810,1.05,0.0,0.0,493.84,0.0
2020-10-06,Nebraska,Keya Paha,0.0,0,0,0.0,5,0.0,0.0,617.28,0.0,0.62,810,1.05,0.0,0.0,493.84,0.0
2020-10-05,Nebraska,Keya Paha,0.0,0,0,0.0,5,0.0,0.0,617.28,0.0,0.62,810,1.05,0.0,0.0,493.84,0.0
2020-10-04,Nebraska,Keya Paha,0.0,0,0,0.0,5,0.0,0.0,617.28,0.0,0.62,810,1.05,0.0,0.0,493.84,0.0
2020-10-03,Nebraska,Keya Paha,0.0,0,0,0.0,5,0.0,0.0,617.28,0.0,0.62,810,1.05,0.0,0.0,493.84,0.0
2020-10-02,Nebraska,Keya Paha,0.0,0,0,0.0,5,0.0,0.0,617.28,0.0,0.62,810,1.05,0.0,0.0,493.84,0.0
2020-10-01,Nebraska,Keya Paha,0.0,0,0,0.0,5,0.0,0.0,617.28,0.0,0.62,810,1.05,0.0,-123.46,493.84,0.0
2020-09-30,Nebraska,Keya Paha,0.0,0,0,0.0,5,0.0,0.0,617.28,0.0,0.62,810,1.05,123.46,0.0,493.84,0.0
2020-09-29,Nebraska,Keya Paha,0.0,0,0,0.0,5,0.0,0.0,617.28,0.0,0.62,810,1.05,123.46,0.0,493.84,0.0
2020-09-28,Nebraska,Keya Paha,0.0,0,0,0.0,5,0.0,0.0,617.28,0.0,0.62,810,1.05,123.46,0.0,493.84,0.0
2020-09-27,Nebraska,Keya Paha,0.0,0,0,0.0,5,0.0,0.0,617.28,0.0,0.62,810,1.05,123.46,0.0,493.84,0.0
2020-09-26,Nebraska,Keya Paha,0.0,0,0,0.0,5,0.0,0.0,617.28,0.0,0.62,810,1.05,123.46,0.0,493.84,0.0
2020-09-25,Nebraska,Keya Paha,0.0,0,0,0.0,5,0.0,0.0,617.28,0.0,0.62,810,1.05,123.46,0.0,493.84,0.0
2020-09-24,Nebraska,Keya Paha,123.46,1,0,0.0,5,0.0,0.0,617.28,0.0,0.62,810,1.05,123.46,0.0,493.84,123.46
2020-09-23,Nebraska,Keya Paha,0.0,0,0,0.0,4,0.0,0.0,493.83,0.0,0.49,810,1.05,123.46,0.0,370.38,370.37
2020-09-22,Nebraska,Keya Paha,0.0,0,0,0.0,4,0.0,0.0,493.83,0.0,0.49,810,1.05,123.46,-123.46,0.01,0.0
2020-09-21,Nebraska,Keya Paha,0.0,0,0,0.0,4,0.0,0.0,493.83,0.0,0.49,810,1.05,246.92,0.0,0.01,0.0
2020-09-20,Nebraska,Keya Paha,0.0,0,0,0.0,4,0.0,0.0,493.83,0.0,0.49,810,1.05,246.92,0.0,0.01,0.0
2020-09-19,Nebraska,Keya Paha,0.0,0,0,0.0,4,0.0,0.0,493.83,0.0,0.49,810,1.05,246.92,-123.46,0.01,0.0
2020-09-18,Nebraska,Keya Paha,0.0,0,0,0.0,4,0.0,0.0,493.83,0.0,0.49,810,1.05,370.38,123.46,0.01,0.0
2020-09-17,Nebraska,Keya Paha,123.46,1,0,0.0,4,0.0,0.0,493.83,0.0,0.49,810,1.05,246.92,0.0,0.01,123.46
2020-09-16,Nebraska,Keya Paha,0.0,0,0,0.0,3,0.0,0.0,370.37,0.0,0.37,810,1.05,246.92,0.0,-123.45,0.0
2020-09-15,Nebraska,Keya Paha,123.46,1,0,0.0,3,0.0,0.0,370.37,0.0,0.37,810,1.05,246.92,123.46,-123.45,123.46
2020-09-14,Nebraska,Keya Paha,0.0,0,0,0.0,2,0.0,0.0,246.91,0.0,0.25,810,1.05,123.46,0.0,-246.91,0.0
2020-09-13,Nebraska,Keya Paha,0.0,0,0,0.0,2,0.0,0.0,246.91,0.0,0.25,810,1.05,123.46,0.0,-246.91,0.0
2020-09-12,Nebraska,Keya Paha,123.46,1,0,0.0,2,0.0,0.0,246.91,0.0,0.25,810,1.05,123.46,123.46,-246.91,123.46
2020-09-11,Nebraska,Keya Paha,-123.46,-1,0,0.0,1,0.0,0.0,123.46,0.0,0.12,810,1.05,0.0,-123.46,-370.37,-123.46
2020-09-10,Nebraska,Keya Paha,123.46,1,0,0.0,2,0.0,0.0,246.91,0.0,0.25,810,1.05,123.46,123.46,-246.91,123.46
2020-09-09,Nebraska,Keya Paha,0.0,0,0,0.0,1,0.0,0.0,123.46,0.0,0.12,810,1.05,0.0,0.0,-370.37,0.0
2020-09-08,Nebraska,Keya Paha,0.0,0,0,0.0,1,0.0,0.0,123.46,0.0,0.12,810,1.05,0.0,0.0,-370.37,0.0
2020-09-07,Nebraska,Keya Paha,0.0,0,0,0.0,1,0.0,0.0,123.46,0.0,0.12,810,1.05,0.0,0.0,-370.37,0.0
2020-09-06,Nebraska,Keya Paha,0.0,0,0,0.0,1,0.0,0.0,123.46,0.0,0.12,810,1.05,0.0,0.0,-370.37,0.0
2020-09-05,Nebraska,Keya Paha,0.0,0,0,0.0,1,0.0,0.0,123.46,0.0,0.12,810,1.05,0.0,0.0,-370.37,0.0
2020-09-04,Nebraska,Keya Paha,0.0,0,0,0.0,1,0.0,0.0,123.46,0.0,0.12,810,1.05,0.0,0.0,-370.37,0.0
2020-09-03,Nebraska,Keya Paha,0.0,0,0,0.0,1,0.0,0.0,123.46,0.0,0.12,810,1.05,0.0,0.0,-370.37,0.0
2020-09-02,Nebraska,Keya Paha,0.0,0,0,0.0,1,0.0,0.0,123.46,0.0,0.12,810,1.05,0.0,370.37,-370.37,0.0
2020-09-01,Nebraska,Keya Paha,0.0,0,0,0.0,1,0.0,0.0,123.46,0.0,0.12,810,1.05,-370.37,0.0,-370.37,0.0
2020-08-31,Nebraska,Keya Paha,0.0,0,0,0.0,1,0.0,0.0,123.46,0.0,0.12,810,1.05,-370.37,0.0,-370.37,0.0
2020-08-30,Nebraska,Keya Paha,0.0,0,0,0.0,1,0.0,0.0,123.46,0.0,0.12,810,1.05,-370.37,0.0,-370.37,0.0
2020-08-29,Nebraska,Keya Paha,0.0,0,0,0.0,1,0.0,0.0,123.46,0.0,0.12,810,1.05,-370.37,0.0,-370.37,0.0
2020-08-28,Nebraska,Keya Paha,0.0,0,0,0.0,1,0.0,0.0,123.46,0.0,0.12,810,1.05,-370.37,0.0,-370.37,0.0
2020-08-27,Nebraska,Keya Paha,0.0,0,0,0.0,1,0.0,0.0,123.46,0.0,0.12,810,1.05,-370.37,0.0,-370.37,0.0
2020-08-26,Nebraska,Keya Paha,-370.37,-3,0,0.0,1,0.0,0.0,123.46,0.0,0.12,810,1.05,-370.37,-370.37,-370.37,-370.37
2020-08-18,Nebraska,Keya Paha,0.0,0,0,0.0,4,0.0,0.0,493.83,0.0,0.49,810,1.05,0.0,0.0,0.0,0.0
