date,state,district,1day_cases_100k,new_cases,new_deaths,new_deaths_100k,total_cases,total_deaths,cfr%,total_cases_100k,total_deaths_100k,%infected,population,7day_cases_100k,7day_cases_change,28day_cases_100k,28day_cases_change
2020-09-12,Arunachal_Pradesh,Tirap,2.68,3,0,0.0,222,0,0.0,198.22,0.0,0.2,111997,11.61,-3.57,128.59,1.79
2020-09-11,Arunachal_Pradesh,Tirap,0.0,0,0,0.0,219,0,0.0,195.54,0.0,0.2,111997,15.18,-1.79,126.8,-0.89
2020-09-10,Arunachal_Pradesh,Tirap,1.79,2,0,0.0,219,0,0.0,195.54,0.0,0.2,111997,16.97,-31.25,127.69,-2.67
2020-09-09,Arunachal_Pradesh,Tirap,2.68,3,0,0.0,217,0,0.0,193.76,0.0,0.19,111997,48.22,-22.32,130.36,2.68
2020-09-08,Arunachal_Pradesh,Tirap,0.89,1,0,0.0,214,0,0.0,191.08,0.0,0.19,111997,70.54,-1.79,127.68,0.89
2020-09-07,Arunachal_Pradesh,Tirap,0.0,0,0,0.0,213,0,0.0,190.18,0.0,0.19,111997,72.33,-1.79,126.79,0.0
2020-09-06,Arunachal_Pradesh,Tirap,3.57,4,0,0.0,213,0,0.0,190.18,0.0,0.19,111997,74.12,-4.47,126.79,0.89
2020-09-05,Arunachal_Pradesh,Tirap,6.25,7,0,0.0,209,0,0.0,186.61,0.0,0.19,111997,78.59,-0.89,125.9,1.79
2020-09-04,Arunachal_Pradesh,Tirap,1.79,2,0,0.0,202,0,0.0,180.36,0.0,0.18,111997,79.48,0.0,124.11,1.79
2020-09-03,Arunachal_Pradesh,Tirap,33.04,37,0,0.0,200,0,0.0,178.58,0.0,0.18,111997,79.48,28.58,122.32,32.15
2020-09-02,Arunachal_Pradesh,Tirap,25.0,28,0,0.0,163,0,0.0,145.54,0.0,0.15,111997,50.9,16.96,90.17,23.21
2020-09-01,Arunachal_Pradesh,Tirap,2.68,3,0,0.0,135,0,0.0,120.54,0.0,0.12,111997,33.94,0.89,66.96,0.89
2020-08-31,Arunachal_Pradesh,Tirap,1.79,2,0,0.0,132,0,0.0,117.86,0.0,0.12,111997,33.05,0.0,66.07,1.79
2020-08-30,Arunachal_Pradesh,Tirap,8.04,9,0,0.0,130,0,0.0,116.07,0.0,0.12,111997,33.05,7.15,64.28,8.04
2020-08-29,Arunachal_Pradesh,Tirap,7.14,8,0,0.0,121,0,0.0,108.04,0.0,0.11,111997,25.9,7.14,56.24,0.0
2020-08-28,Arunachal_Pradesh,Tirap,1.79,2,0,0.0,113,0,0.0,100.9,0.0,0.1,111997,18.76,1.79,56.24,0.9
2020-08-27,Arunachal_Pradesh,Tirap,4.46,5,0,0.0,111,0,0.0,99.11,0.0,0.1,111997,16.97,4.46,55.34,3.57
2020-08-26,Arunachal_Pradesh,Tirap,8.04,9,0,0.0,106,0,0.0,94.65,0.0,0.09,111997,12.51,3.58,51.77,2.68
2020-08-25,Arunachal_Pradesh,Tirap,1.79,2,0,0.0,97,0,0.0,86.61,0.0,0.09,111997,8.93,-5.35,49.09,-5.35
2020-08-24,Arunachal_Pradesh,Tirap,1.79,2,0,0.0,95,0,0.0,84.82,0.0,0.08,111997,14.28,0.9,54.44,-1.78
2020-08-23,Arunachal_Pradesh,Tirap,0.89,1,0,0.0,93,0,0.0,83.04,0.0,0.08,111997,13.38,0.89,56.22,0.89
2020-08-22,Arunachal_Pradesh,Tirap,0.0,0,0,0.0,92,0,0.0,82.15,0.0,0.08,111997,12.49,-0.89,55.33,-5.36
2020-08-21,Arunachal_Pradesh,Tirap,0.0,0,0,0.0,92,0,0.0,82.15,0.0,0.08,111997,13.38,-0.89,60.69,-4.46
2020-08-20,Arunachal_Pradesh,Tirap,0.0,0,0,0.0,92,0,0.0,82.15,0.0,0.08,111997,14.27,-4.46,65.15,0.0
2020-08-19,Arunachal_Pradesh,Tirap,4.46,5,0,0.0,92,0,0.0,82.15,0.0,0.08,111997,18.73,4.46,65.15,-7.15
2020-08-18,Arunachal_Pradesh,Tirap,7.14,8,0,0.0,87,0,0.0,77.68,0.0,0.08,111997,14.27,7.14,72.3,7.14
2020-08-17,Arunachal_Pradesh,Tirap,0.89,1,0,0.0,79,0,0.0,70.54,0.0,0.07,111997,7.13,0.89,65.16,0.89
2020-08-16,Arunachal_Pradesh,Tirap,0.0,0,0,0.0,78,0,0.0,69.64,0.0,0.07,111997,6.24,-2.68,64.27,0.0
2020-08-15,Arunachal_Pradesh,Tirap,0.89,1,0,0.0,78,0,0.0,69.64,0.0,0.07,111997,8.92,-3.57,64.27,0.89
2020-08-14,Arunachal_Pradesh,Tirap,0.89,1,0,0.0,77,0,0.0,68.75,0.0,0.07,111997,12.49,0.89,63.38,0.89
2020-08-13,Arunachal_Pradesh,Tirap,4.46,5,0,0.0,76,0,0.0,67.86,0.0,0.07,111997,11.6,3.57,62.49,4.46
2020-08-12,Arunachal_Pradesh,Tirap,0.0,0,0,0.0,71,0,0.0,63.39,0.0,0.06,111997,8.03,-1.79,58.03,0.0
2020-08-11,Arunachal_Pradesh,Tirap,0.0,0,0,0.0,71,0,0.0,63.39,0.0,0.06,111997,9.82,-1.79,58.03,-0.89
2020-08-10,Arunachal_Pradesh,Tirap,0.0,0,0,0.0,71,0,0.0,63.39,0.0,0.06,111997,11.61,0.0,58.92,0.0
2020-08-09,Arunachal_Pradesh,Tirap,2.68,3,0,0.0,71,0,0.0,63.39,0.0,0.06,111997,11.61,2.68,58.92,2.68
2020-08-08,Arunachal_Pradesh,Tirap,4.46,5,0,0.0,68,0,0.0,60.72,0.0,0.06,111997,8.93,-2.68,56.24,4.46
2020-08-07,Arunachal_Pradesh,Tirap,0.0,0,0,0.0,63,0,0.0,56.25,0.0,0.06,111997,11.61,-0.89,51.78,0.0
2020-08-06,Arunachal_Pradesh,Tirap,0.89,1,0,0.0,63,0,0.0,56.25,0.0,0.06,111997,12.5,0.0,51.78,0.89
2020-08-05,Arunachal_Pradesh,Tirap,1.79,2,0,0.0,62,0,0.0,55.36,0.0,0.06,111997,12.5,-3.57,50.89,1.79
2020-08-04,Arunachal_Pradesh,Tirap,1.79,2,0,0.0,60,0,0.0,53.57,0.0,0.05,111997,16.07,-5.35,49.1,1.79
2020-08-03,Arunachal_Pradesh,Tirap,0.0,0,0,0.0,58,0,0.0,51.79,0.0,0.05,111997,21.42,-3.57,47.31,0.0
2020-08-02,Arunachal_Pradesh,Tirap,0.0,0,0,0.0,58,0,0.0,51.79,0.0,0.05,111997,24.99,0.0,47.31,0.0
2020-08-01,Arunachal_Pradesh,Tirap,7.14,8,0,0.0,58,0,0.0,51.79,0.0,0.05,111997,24.99,1.78,47.31,5.35
2020-07-31,Arunachal_Pradesh,Tirap,0.89,1,0,0.0,50,0,0.0,44.64,0.0,0.04,111997,23.21,-3.57,41.96,0.89
2020-07-30,Arunachal_Pradesh,Tirap,0.89,1,0,0.0,49,0,0.0,43.75,0.0,0.04,111997,26.78,0.89,41.07,0.89
2020-07-29,Arunachal_Pradesh,Tirap,5.36,6,0,0.0,48,0,0.0,42.86,0.0,0.04,111997,25.89,-6.25,40.18,5.36
2020-07-28,Arunachal_Pradesh,Tirap,7.14,8,0,0.0,42,0,0.0,37.5,0.0,0.04,111997,32.14,7.14,34.82,7.14
2020-07-27,Arunachal_Pradesh,Tirap,3.57,4,0,0.0,34,0,0.0,30.36,0.0,0.03,111997,25.0,3.57,27.68,3.57
2020-07-26,Arunachal_Pradesh,Tirap,0.0,0,0,0.0,30,0,0.0,26.79,0.0,0.03,111997,21.43,0.0,24.11,0.0
2020-07-25,Arunachal_Pradesh,Tirap,5.36,6,0,0.0,30,0,0.0,26.79,0.0,0.03,111997,21.43,5.36,24.11,5.36
2020-07-24,Arunachal_Pradesh,Tirap,4.46,5,0,0.0,24,0,0.0,21.43,0.0,0.02,111997,16.07,4.46,18.75,4.46
2020-07-23,Arunachal_Pradesh,Tirap,0.0,0,0,0.0,19,0,0.0,16.96,0.0,0.02,111997,11.61,0.0,14.29,0.0
2020-07-22,Arunachal_Pradesh,Tirap,11.61,13,0,0.0,19,0,0.0,16.96,0.0,0.02,111997,11.61,11.61,14.29,11.61
2020-07-21,Arunachal_Pradesh,Tirap,0.0,0,0,0.0,6,0,0.0,5.36,0.0,0.01,111997,0.0,-0.89,2.68,0.0
2020-07-20,Arunachal_Pradesh,Tirap,0.0,0,0,0.0,6,0,0.0,5.36,0.0,0.01,111997,0.89,0.0,2.68,0.0
2020-07-19,Arunachal_Pradesh,Tirap,0.0,0,0,0.0,6,0,0.0,5.36,0.0,0.01,111997,0.89,0.0,2.68,0.0
2020-07-18,Arunachal_Pradesh,Tirap,0.0,0,0,0.0,6,0,0.0,5.36,0.0,0.01,111997,0.89,0.0,2.68,0.0
2020-07-17,Arunachal_Pradesh,Tirap,0.0,0,0,0.0,6,0,0.0,5.36,0.0,0.01,111997,0.89,0.0,2.68,0.0
2020-07-16,Arunachal_Pradesh,Tirap,0.0,0,0,0.0,6,0,0.0,5.36,0.0,0.01,111997,0.89,0.0,2.68,0.0
2020-07-15,Arunachal_Pradesh,Tirap,0.0,0,0,0.0,6,0,0.0,5.36,0.0,0.01,111997,0.89,0.0,2.68,-0.89
2020-07-14,Arunachal_Pradesh,Tirap,0.89,1,0,0.0,6,0,0.0,5.36,0.0,0.01,111997,0.89,0.89,3.57,0.89
2020-07-13,Arunachal_Pradesh,Tirap,0.0,0,0,0.0,5,0,0.0,4.46,0.0,0.0,111997,0.0,0.0,2.68,-0.89
2020-07-12,Arunachal_Pradesh,Tirap,0.0,0,0,0.0,5,0,0.0,4.46,0.0,0.0,111997,0.0,0.0,3.57,0.0
2020-07-11,Arunachal_Pradesh,Tirap,0.0,0,0,0.0,5,0,0.0,4.46,0.0,0.0,111997,0.0,-1.79,3.57,0.0
2020-07-10,Arunachal_Pradesh,Tirap,0.0,0,0,0.0,5,0,0.0,4.46,0.0,0.0,111997,1.79,0.0,3.57,0.0
2020-07-09,Arunachal_Pradesh,Tirap,0.0,0,0,0.0,5,0,0.0,4.46,0.0,0.0,111997,1.79,0.0,3.57,0.0
2020-07-08,Arunachal_Pradesh,Tirap,0.0,0,0,0.0,5,0,0.0,4.46,0.0,0.0,111997,1.79,0.0,3.57,0.0
2020-07-07,Arunachal_Pradesh,Tirap,0.0,0,0,0.0,5,0,0.0,4.46,0.0,0.0,111997,1.79,0.0,3.57,0.0
2020-07-06,Arunachal_Pradesh,Tirap,0.0,0,0,0.0,5,0,0.0,4.46,0.0,0.0,111997,1.79,0.0,3.57,-0.89
2020-07-05,Arunachal_Pradesh,Tirap,0.0,0,0,0.0,5,0,0.0,4.46,0.0,0.0,111997,1.79,0.0,4.46,0.0
2020-07-04,Arunachal_Pradesh,Tirap,1.79,2,0,0.0,5,0,0.0,4.46,0.0,0.0,111997,1.79,1.79,4.46,1.79
2020-07-03,Arunachal_Pradesh,Tirap,0.0,0,0,0.0,3,0,0.0,2.68,0.0,0.0,111997,0.0,0.0,2.67,0.0
2020-07-02,Arunachal_Pradesh,Tirap,0.0,0,0,0.0,3,0,0.0,2.68,0.0,0.0,111997,0.0,0.0,2.67,0.0
2020-07-01,Arunachal_Pradesh,Tirap,0.0,0,0,0.0,3,0,0.0,2.68,0.0,0.0,111997,0.0,0.0,2.67,0.0
2020-06-30,Arunachal_Pradesh,Tirap,0.0,0,0,0.0,3,0,0.0,2.68,0.0,0.0,111997,0.0,0.0,2.67,0.0
2020-06-29,Arunachal_Pradesh,Tirap,0.0,0,0,0.0,3,0,0.0,2.68,0.0,0.0,111997,0.0,0.0,2.67,0.0
2020-06-28,Arunachal_Pradesh,Tirap,0.0,0,0,0.0,3,0,0.0,2.68,0.0,0.0,111997,0.0,0.0,2.67,0.0
2020-06-27,Arunachal_Pradesh,Tirap,0.0,0,0,0.0,3,0,0.0,2.68,0.0,0.0,111997,0.0,0.0,2.67,0.0
2020-06-26,Arunachal_Pradesh,Tirap,0.0,0,0,0.0,3,0,0.0,2.68,0.0,0.0,111997,0.0,0.0,2.67,0.0
2020-06-25,Arunachal_Pradesh,Tirap,0.0,0,0,0.0,3,0,0.0,2.68,0.0,0.0,111997,0.0,0.0,2.67,0.0
2020-06-24,Arunachal_Pradesh,Tirap,0.0,0,0,0.0,3,0,0.0,2.68,0.0,0.0,111997,0.0,-0.89,2.67,0.0
2020-06-23,Arunachal_Pradesh,Tirap,0.0,0,0,0.0,3,0,0.0,2.68,0.0,0.0,111997,0.89,0.0,2.67,0.0
2020-06-22,Arunachal_Pradesh,Tirap,0.0,0,0,0.0,3,0,0.0,2.68,0.0,0.0,111997,0.89,-0.89,2.67,0.0
2020-06-21,Arunachal_Pradesh,Tirap,0.0,0,0,0.0,3,0,0.0,2.68,0.0,0.0,111997,1.78,0.0,2.67,0.0
2020-06-20,Arunachal_Pradesh,Tirap,0.0,0,0,0.0,3,0,0.0,2.68,0.0,0.0,111997,1.78,0.0,2.67,0.0
2020-06-19,Arunachal_Pradesh,Tirap,0.0,0,0,0.0,3,0,0.0,2.68,0.0,0.0,111997,1.78,0.0,2.67,0.0
2020-06-18,Arunachal_Pradesh,Tirap,0.0,0,0,0.0,3,0,0.0,2.68,0.0,0.0,111997,1.78,0.0,2.67,0.0
2020-06-17,Arunachal_Pradesh,Tirap,0.89,1,0,0.0,3,0,0.0,2.68,0.0,0.0,111997,1.78,0.89,2.67,0.89
2020-06-16,Arunachal_Pradesh,Tirap,0.0,0,0,0.0,2,0,0.0,1.79,0.0,0.0,111997,0.89,0.0,1.78,0.0
2020-06-15,Arunachal_Pradesh,Tirap,0.89,1,0,0.0,2,0,0.0,1.79,0.0,0.0,111997,0.89,0.0,1.78,0.89
2020-06-14,Arunachal_Pradesh,Tirap,0.0,0,0,0.0,1,0,0.0,0.89,0.0,0.0,111997,0.89,0.0,0.89,0.0
2020-06-13,Arunachal_Pradesh,Tirap,0.0,0,0,0.0,1,0,0.0,0.89,0.0,0.0,111997,0.89,0.0,0.89,0.0
2020-06-12,Arunachal_Pradesh,Tirap,0.0,0,0,0.0,1,0,0.0,0.89,0.0,0.0,111997,0.89,0.0,0.89,0.0
2020-06-11,Arunachal_Pradesh,Tirap,0.0,0,0,0.0,1,0,0.0,0.89,0.0,0.0,111997,0.89,0.0,0.89,0.0
2020-06-10,Arunachal_Pradesh,Tirap,0.0,0,0,0.0,1,0,0.0,0.89,0.0,0.0,111997,0.89,0.0,0.89,0.0
2020-06-09,Arunachal_Pradesh,Tirap,0.0,0,0,0.0,1,0,0.0,0.89,0.0,0.0,111997,0.89,0.0,0.89,0.0
2020-06-08,Arunachal_Pradesh,Tirap,0.89,1,0,0.0,1,0,0.0,0.89,0.0,0.0,111997,0.89,0.89,0.89,0.89
2020-06-07,Arunachal_Pradesh,Tirap,0.0,0,0,0.0,0,0,0.0,0.0,0.0,0.0,111997,0.0,0.0,0.0,0.0
2020-06-06,Arunachal_Pradesh,Tirap,0.0,0,0,0.0,0,0,0.0,0.0,0.0,0.0,111997,0.0,0.0,0.0,0.0
2020-06-05,Arunachal_Pradesh,Tirap,0.0,0,0,0.0,0,0,0.0,0.0,0.0,0.0,111997,0.0,0.0,0.0,0.0
2020-06-04,Arunachal_Pradesh,Tirap,0.0,0,0,0.0,0,0,0.0,0.0,0.0,0.0,111997,0.0,0.0,0.0,0.0
2020-06-03,Arunachal_Pradesh,Tirap,0.0,0,0,0.0,0,0,0.0,0.0,0.0,0.0,111997,0.0,0.0,0.0,0.0
2020-06-02,Arunachal_Pradesh,Tirap,0.0,0,0,0.0,0,0,0.0,0.0,0.0,0.0,111997,0.0,0.0,0.0,0.0
2020-06-01,Arunachal_Pradesh,Tirap,0.0,0,0,0.0,0,0,0.0,0.0,0.0,0.0,111997,0.0,0.0,0.0,0.0
