date,state,city,1day_cases_100k,new_cases,new_deaths,new_deaths_100k,total_cases,total_deaths,cfr%,total_cases_100k,total_deaths_100k,%infected,population,7day_cases_100k,7day_cases_change,28day_cases_100k,28day_cases_change
2020-08-27,Paraná,Chopinzinho,0.0,0,0,0.0,53,2,3.77,275.27,10.39,0.28,19254,51.93,-10.39,155.78,0.0
2020-08-26,Paraná,Chopinzinho,20.77,4,0,0.0,53,2,3.77,275.27,10.39,0.28,19254,62.32,20.77,155.78,20.77
2020-08-25,Paraná,Chopinzinho,10.39,2,0,0.0,49,2,4.08,254.49,10.39,0.25,19254,41.55,0.0,135.01,10.39
2020-08-24,Paraná,Chopinzinho,5.19,1,0,0.0,47,2,4.26,244.11,10.39,0.24,19254,41.55,5.19,124.62,5.19
2020-08-23,Paraná,Chopinzinho,0.0,0,0,0.0,46,2,4.35,238.91,10.39,0.24,19254,36.36,0.0,119.43,0.0
2020-08-22,Paraná,Chopinzinho,0.0,0,0,0.0,46,2,4.35,238.91,10.39,0.24,19254,36.36,-5.19,119.43,0.0
2020-08-21,Paraná,Chopinzinho,15.58,3,0,0.0,46,2,4.35,238.91,10.39,0.24,19254,41.55,15.58,119.43,10.39
2020-08-20,Paraná,Chopinzinho,10.39,2,0,0.0,43,2,4.65,223.33,10.39,0.22,19254,25.97,5.2,109.04,10.39
2020-08-19,Paraná,Chopinzinho,0.0,0,0,0.0,41,2,4.88,212.94,10.39,0.21,19254,20.77,-20.77,98.65,0.0
2020-08-18,Paraná,Chopinzinho,10.39,2,0,0.0,41,2,4.88,212.94,10.39,0.21,19254,41.54,5.2,98.65,10.39
2020-08-17,Paraná,Chopinzinho,0.0,0,0,0.0,39,2,5.13,202.56,10.39,0.2,19254,36.34,-5.19,88.26,0.0
2020-08-16,Paraná,Chopinzinho,0.0,0,0,0.0,39,2,5.13,202.56,10.39,0.2,19254,41.53,-5.19,88.26,-15.58
2020-08-15,Paraná,Chopinzinho,5.19,1,0,0.0,39,2,5.13,202.56,10.39,0.2,19254,46.72,5.19,103.84,5.19
2020-08-14,Paraná,Chopinzinho,0.0,0,0,0.0,38,2,5.26,197.36,10.39,0.2,19254,41.53,-10.39,98.65,0.0
2020-08-13,Paraná,Chopinzinho,5.19,1,0,0.0,38,2,5.26,197.36,10.39,0.2,19254,51.92,5.19,98.65,-5.2
2020-08-12,Paraná,Chopinzinho,20.77,4,0,0.0,37,2,5.41,192.17,10.39,0.19,19254,46.73,15.58,103.85,20.77
2020-08-11,Paraná,Chopinzinho,5.19,1,0,0.0,33,2,6.06,171.39,10.39,0.17,19254,31.15,5.19,83.08,5.19
2020-08-10,Paraná,Chopinzinho,5.19,1,0,0.0,32,2,6.25,166.2,10.39,0.17,19254,25.96,5.19,77.89,5.19
2020-08-09,Paraná,Chopinzinho,5.19,1,0,0.0,31,2,6.45,161.01,10.39,0.16,19254,20.77,0.0,72.7,0.0
2020-08-08,Paraná,Chopinzinho,0.0,0,0,0.0,30,2,6.67,155.81,10.39,0.16,19254,20.77,-5.19,72.7,0.0
2020-08-07,Paraná,Chopinzinho,10.39,2,1,5.19,30,2,6.67,155.81,10.39,0.16,19254,25.96,0.0,72.7,10.39
2020-08-05,Paraná,Chopinzinho,0.0,0,0,0.0,28,1,3.57,145.42,5.19,0.15,19254,25.96,0.0,62.31,0.0
2020-08-04,Paraná,Chopinzinho,5.19,1,0,0.0,28,1,3.57,145.42,5.19,0.15,19254,25.96,5.19,62.31,5.19
2020-08-03,Paraná,Chopinzinho,0.0,0,0,0.0,27,1,3.7,140.23,5.19,0.14,19254,20.77,0.0,57.12,0.0
2020-08-02,Paraná,Chopinzinho,0.0,0,0,0.0,27,1,3.7,140.23,5.19,0.14,19254,20.77,0.0,57.12,0.0
2020-08-01,Paraná,Chopinzinho,5.19,1,0,0.0,27,1,3.7,140.23,5.19,0.14,19254,20.77,5.19,57.12,5.19
2020-07-31,Paraná,Chopinzinho,5.19,1,0,0.0,26,1,3.85,135.04,5.19,0.14,19254,15.58,5.19,51.93,10.38
2020-07-30,Paraná,Chopinzinho,10.39,2,0,0.0,25,1,4.0,129.84,5.19,0.13,19254,10.39,5.2,41.55,0.0
2020-07-29,Paraná,Chopinzinho,0.0,0,0,0.0,23,1,4.35,119.46,5.19,0.12,19254,5.19,0.0,41.55,-5.19
2020-07-28,Paraná,Chopinzinho,0.0,0,0,0.0,23,1,4.35,119.46,5.19,0.12,19254,5.19,0.0,46.74,0.0
2020-07-27,Paraná,Chopinzinho,0.0,0,0,0.0,23,1,4.35,119.46,5.19,0.12,19254,5.19,0.0,46.74,0.0
2020-07-26,Paraná,Chopinzinho,0.0,0,0,0.0,23,1,4.35,119.46,5.19,0.12,19254,5.19,0.0,46.74,0.0
2020-07-25,Paraná,Chopinzinho,0.0,0,0,0.0,23,1,4.35,119.46,5.19,0.12,19254,5.19,-15.58,46.74,0.0
2020-07-24,Paraná,Chopinzinho,0.0,0,0,0.0,23,1,4.35,119.46,5.19,0.12,19254,20.77,0.0,46.74,-5.19
2020-07-23,Paraná,Chopinzinho,5.19,1,0,0.0,23,1,4.35,119.46,5.19,0.12,19254,20.77,5.19,51.93,5.19
2020-07-22,Paraná,Chopinzinho,0.0,0,0,0.0,22,1,4.55,114.26,5.19,0.11,19254,15.58,-10.39,46.74,-5.19
2020-07-21,Paraná,Chopinzinho,0.0,0,0,0.0,22,1,4.55,114.26,5.19,0.11,19254,25.97,0.0,51.93,-10.39
2020-07-20,Paraná,Chopinzinho,0.0,0,0,0.0,22,1,4.55,114.26,5.19,0.11,19254,25.97,0.0,62.32,0.0
2020-07-19,Paraná,Chopinzinho,0.0,0,0,0.0,22,1,4.55,114.26,5.19,0.11,19254,25.97,0.0,62.32,0.0
2020-07-18,Paraná,Chopinzinho,15.58,3,0,0.0,22,1,4.55,114.26,5.19,0.11,19254,25.97,10.39,62.32,15.58
2020-07-17,Paraná,Chopinzinho,0.0,0,0,0.0,19,1,5.26,98.68,5.19,0.1,19254,15.58,0.0,46.74,0.0
2020-07-16,Paraná,Chopinzinho,0.0,0,0,0.0,19,1,5.26,98.68,5.19,0.1,19254,15.58,0.0,46.74,-5.19
2020-07-15,Paraná,Chopinzinho,10.39,2,0,0.0,19,1,5.26,98.68,5.19,0.1,19254,15.58,10.39,51.93,10.39
2020-07-14,Paraná,Chopinzinho,0.0,0,0,0.0,17,1,5.88,88.29,5.19,0.09,19254,5.19,0.0,41.54,0.0
2020-07-13,Paraná,Chopinzinho,0.0,0,0,0.0,17,1,5.88,88.29,5.19,0.09,19254,5.19,0.0,41.54,0.0
2020-07-12,Paraná,Chopinzinho,0.0,0,0,0.0,17,1,5.88,88.29,5.19,0.09,19254,5.19,0.0,41.54,0.0
2020-07-11,Paraná,Chopinzinho,5.19,1,0,0.0,17,1,5.88,88.29,5.19,0.09,19254,5.19,5.19,41.54,5.19
2020-07-10,Paraná,Chopinzinho,0.0,0,0,0.0,16,1,6.25,83.1,5.19,0.08,19254,-0.0,5.19,36.35,0.0
2020-07-09,Paraná,Chopinzinho,0.0,0,0,0.0,16,1,6.25,83.1,5.19,0.08,19254,-5.19,-10.39,36.35,-10.39
2020-07-08,Paraná,Chopinzinho,0.0,0,0,0.0,16,1,6.25,83.1,5.19,0.08,19254,5.2,-5.19,46.74,0.0
2020-07-07,Paraná,Chopinzinho,0.0,0,0,0.0,16,1,6.25,83.1,5.19,0.08,19254,10.39,0.0,46.74,-5.19
2020-07-06,Paraná,Chopinzinho,0.0,0,0,0.0,16,1,6.25,83.1,5.19,0.08,19254,10.39,0.0,51.93,0.0
2020-07-05,Paraná,Chopinzinho,0.0,0,0,0.0,16,1,6.25,83.1,5.19,0.08,19254,10.39,0.0,51.93,0.0
2020-07-04,Paraná,Chopinzinho,0.0,0,0,0.0,16,1,6.25,83.1,5.19,0.08,19254,10.39,0.0,51.93,-5.19
2020-07-03,Paraná,Chopinzinho,-5.19,-1,0,0.0,16,1,6.25,83.1,5.19,0.08,19254,10.39,-10.38,57.12,-5.19
2020-07-02,Paraná,Chopinzinho,10.39,2,1,5.19,17,1,5.88,88.29,5.19,0.09,19254,20.77,10.39,62.31,10.39
2020-07-01,Paraná,Chopinzinho,5.19,1,0,0.0,15,0,0.0,77.91,0.0,0.08,19254,10.38,0.0,51.92,5.19
2020-06-30,Paraná,Chopinzinho,0.0,0,0,0.0,14,0,0.0,72.71,0.0,0.07,19254,10.38,-10.39,46.73,-5.19
2020-06-29,Paraná,Chopinzinho,0.0,0,0,0.0,14,0,0.0,72.71,0.0,0.07,19254,20.77,0.0,51.92,-5.19
2020-06-28,Paraná,Chopinzinho,0.0,0,0,0.0,14,0,0.0,72.71,0.0,0.07,19254,20.77,0.0,57.11,0.0
2020-06-27,Paraná,Chopinzinho,0.0,0,0,0.0,14,0,0.0,72.71,0.0,0.07,19254,20.77,0.0,57.11,0.0
2020-06-26,Paraná,Chopinzinho,5.19,1,0,0.0,14,0,0.0,72.71,0.0,0.07,19254,20.77,5.19,57.11,5.19
2020-06-25,Paraná,Chopinzinho,0.0,0,0,0.0,13,0,0.0,67.52,0.0,0.07,19254,15.58,-5.19,51.92,0.0
2020-06-24,Paraná,Chopinzinho,5.19,1,0,0.0,13,0,0.0,67.52,0.0,0.07,19254,20.77,5.19,51.92,5.19
2020-06-23,Paraná,Chopinzinho,10.39,2,0,0.0,12,0,0.0,62.32,0.0,0.06,19254,15.58,10.39,46.73,10.39
2020-06-22,Paraná,Chopinzinho,0.0,0,0,0.0,10,0,0.0,51.94,0.0,0.05,19254,5.19,0.0,36.34,0.0
2020-06-21,Paraná,Chopinzinho,0.0,0,0,0.0,10,0,0.0,51.94,0.0,0.05,19254,5.19,0.0,36.34,0.0
2020-06-20,Paraná,Chopinzinho,0.0,0,0,0.0,10,0,0.0,51.94,0.0,0.05,19254,5.19,0.0,36.34,0.0
2020-06-19,Paraná,Chopinzinho,0.0,0,0,0.0,10,0,0.0,51.94,0.0,0.05,19254,5.19,0.0,36.34,-5.19
2020-06-18,Paraná,Chopinzinho,5.19,1,0,0.0,10,0,0.0,51.94,0.0,0.05,19254,5.19,-5.2,41.53,5.19
2020-06-17,Paraná,Chopinzinho,0.0,0,0,0.0,9,0,0.0,46.74,0.0,0.05,19254,10.39,0.0,36.34,0.0
2020-06-16,Paraná,Chopinzinho,0.0,0,0,0.0,9,0,0.0,46.74,0.0,0.05,19254,10.39,-5.19,36.34,-5.19
2020-06-15,Paraná,Chopinzinho,0.0,0,0,0.0,9,0,0.0,46.74,0.0,0.05,19254,15.58,0.0,41.53,0.0
2020-06-14,Paraná,Chopinzinho,0.0,0,0,0.0,9,0,0.0,46.74,0.0,0.05,19254,15.58,0.0,41.53,0.0
2020-06-13,Paraná,Chopinzinho,0.0,0,0,0.0,9,0,0.0,46.74,0.0,0.05,19254,15.58,-5.19,41.53,0.0
2020-06-12,Paraná,Chopinzinho,0.0,0,0,0.0,9,0,0.0,46.74,0.0,0.05,19254,20.77,0.0,41.53,0.0
2020-06-11,Paraná,Chopinzinho,10.39,2,0,0.0,9,0,0.0,46.74,0.0,0.05,19254,20.77,10.39,41.53,10.39
2020-06-10,Paraná,Chopinzinho,0.0,0,0,0.0,7,0,0.0,36.36,0.0,0.04,19254,10.38,0.0,31.14,0.0
2020-06-09,Paraná,Chopinzinho,5.19,1,0,0.0,7,0,0.0,36.36,0.0,0.04,19254,10.38,0.0,31.14,5.19
2020-06-08,Paraná,Chopinzinho,0.0,0,0,0.0,6,0,0.0,31.16,0.0,0.03,19254,10.38,-5.19,25.95,0.0
2020-06-07,Paraná,Chopinzinho,0.0,0,0,0.0,6,0,0.0,31.16,0.0,0.03,19254,15.57,0.0,25.95,0.0
2020-06-06,Paraná,Chopinzinho,5.19,1,0,0.0,6,0,0.0,31.16,0.0,0.03,19254,15.57,5.19,25.95,5.19
2020-06-05,Paraná,Chopinzinho,0.0,0,0,0.0,5,0,0.0,25.97,0.0,0.03,19254,10.38,0.0,20.76,0.0
2020-06-04,Paraná,Chopinzinho,0.0,0,0,0.0,5,0,0.0,25.97,0.0,0.03,19254,10.38,0.0,20.76,0.0
2020-06-03,Paraná,Chopinzinho,0.0,0,0,0.0,5,0,0.0,25.97,0.0,0.03,19254,10.38,0.0,20.76,0.0
2020-06-02,Paraná,Chopinzinho,5.19,1,0,0.0,5,0,0.0,25.97,0.0,0.03,19254,10.38,5.19,20.76,5.19
2020-06-01,Paraná,Chopinzinho,5.19,1,0,0.0,4,0,0.0,20.77,0.0,0.02,19254,5.19,5.19,15.57,5.19
2020-05-31,Paraná,Chopinzinho,0.0,0,0,0.0,3,0,0.0,15.58,0.0,0.02,19254,0.0,0.0,10.38,0.0
2020-05-30,Paraná,Chopinzinho,0.0,0,0,0.0,3,0,0.0,15.58,0.0,0.02,19254,0.0,0.0,10.38,0.0
2020-05-29,Paraná,Chopinzinho,0.0,0,0,0.0,3,0,0.0,15.58,0.0,0.02,19254,0.0,-5.19,10.38,0.0
2020-05-28,Paraná,Chopinzinho,0.0,0,0,0.0,3,0,0.0,15.58,0.0,0.02,19254,5.19,0.0,10.38,0.0
2020-05-27,Paraná,Chopinzinho,0.0,0,0,0.0,3,0,0.0,15.58,0.0,0.02,19254,5.19,0.0,10.38,0.0
2020-05-26,Paraná,Chopinzinho,0.0,0,0,0.0,3,0,0.0,15.58,0.0,0.02,19254,5.19,-5.19,10.38,0.0
2020-05-25,Paraná,Chopinzinho,0.0,0,0,0.0,3,0,0.0,15.58,0.0,0.02,19254,10.38,0.0,10.38,0.0
2020-05-24,Paraná,Chopinzinho,0.0,0,0,0.0,3,0,0.0,15.58,0.0,0.02,19254,10.38,0.0,10.38,0.0
2020-05-23,Paraná,Chopinzinho,0.0,0,0,0.0,3,0,0.0,15.58,0.0,0.02,19254,10.38,0.0,10.38,0.0
2020-05-22,Paraná,Chopinzinho,5.19,1,0,0.0,3,0,0.0,15.58,0.0,0.02,19254,10.38,5.19,10.38,5.19
2020-05-21,Paraná,Chopinzinho,0.0,0,0,0.0,2,0,0.0,10.39,0.0,0.01,19254,5.19,0.0,5.19,0.0
2020-05-20,Paraná,Chopinzinho,0.0,0,0,0.0,2,0,0.0,10.39,0.0,0.01,19254,5.19,0.0,5.19,0.0
2020-05-19,Paraná,Chopinzinho,5.19,1,0,0.0,2,0,0.0,10.39,0.0,0.01,19254,5.19,5.19,5.19,5.19
2020-05-18,Paraná,Chopinzinho,0.0,0,0,0.0,1,0,0.0,5.19,0.0,0.01,19254,0.0,0.0,0.0,0.0
2020-05-17,Paraná,Chopinzinho,0.0,0,0,0.0,1,0,0.0,5.19,0.0,0.01,19254,0.0,0.0,0.0,0.0
2020-05-16,Paraná,Chopinzinho,0.0,0,0,0.0,1,0,0.0,5.19,0.0,0.01,19254,0.0,0.0,0.0,0.0
2020-05-15,Paraná,Chopinzinho,0.0,0,0,0.0,1,0,0.0,5.19,0.0,0.01,19254,0.0,0.0,0.0,0.0
2020-05-14,Paraná,Chopinzinho,0.0,0,0,0.0,1,0,0.0,5.19,0.0,0.01,19254,0.0,0.0,0.0,0.0
2020-05-13,Paraná,Chopinzinho,0.0,0,0,0.0,1,0,0.0,5.19,0.0,0.01,19254,0.0,0.0,0.0,0.0
2020-05-12,Paraná,Chopinzinho,0.0,0,0,0.0,1,0,0.0,5.19,0.0,0.01,19254,0.0,0.0,0.0,0.0
2020-05-11,Paraná,Chopinzinho,0.0,0,0,0.0,1,0,0.0,5.19,0.0,0.01,19254,0.0,0.0,0.0,0.0
2020-05-10,Paraná,Chopinzinho,0.0,0,0,0.0,1,0,0.0,5.19,0.0,0.01,19254,0.0,0.0,0.0,0.0
2020-05-09,Paraná,Chopinzinho,0.0,0,0,0.0,1,0,0.0,5.19,0.0,0.01,19254,0.0,0.0,0.0,0.0
2020-05-08,Paraná,Chopinzinho,0.0,0,0,0.0,1,0,0.0,5.19,0.0,0.01,19254,0.0,0.0,0.0,0.0
2020-05-07,Paraná,Chopinzinho,0.0,0,0,0.0,1,0,0.0,5.19,0.0,0.01,19254,0.0,0.0,0.0,0.0
2020-05-06,Paraná,Chopinzinho,0.0,0,0,0.0,1,0,0.0,5.19,0.0,0.01,19254,0.0,0.0,0.0,0.0
2020-05-05,Paraná,Chopinzinho,0.0,0,0,0.0,1,0,0.0,5.19,0.0,0.01,19254,0.0,0.0,0.0,0.0
2020-05-04,Paraná,Chopinzinho,0.0,0,0,0.0,1,0,0.0,5.19,0.0,0.01,19254,0.0,0.0,0.0,0.0
2020-05-03,Paraná,Chopinzinho,0.0,0,0,0.0,1,0,0.0,5.19,0.0,0.01,19254,0.0,0.0,0.0,0.0
2020-05-02,Paraná,Chopinzinho,0.0,0,0,0.0,1,0,0.0,5.19,0.0,0.01,19254,0.0,0.0,0.0,0.0
2020-05-01,Paraná,Chopinzinho,0.0,0,0,0.0,1,0,0.0,5.19,0.0,0.01,19254,0.0,0.0,0.0,0.0
2020-04-30,Paraná,Chopinzinho,0.0,0,0,0.0,1,0,0.0,5.19,0.0,0.01,19254,0.0,0.0,0.0,0.0
2020-04-29,Paraná,Chopinzinho,0.0,0,0,0.0,1,0,0.0,5.19,0.0,0.01,19254,0.0,0.0,0.0,0.0
2020-04-28,Paraná,Chopinzinho,0.0,0,0,0.0,1,0,0.0,5.19,0.0,0.01,19254,0.0,0.0,0.0,0.0
2020-04-27,Paraná,Chopinzinho,0.0,0,0,0.0,1,0,0.0,5.19,0.0,0.01,19254,0.0,0.0,0.0,0.0
2020-04-26,Paraná,Chopinzinho,0.0,0,0,0.0,1,0,0.0,5.19,0.0,0.01,19254,0.0,0.0,0.0,0.0
2020-04-25,Paraná,Chopinzinho,0.0,0,0,0.0,1,0,0.0,5.19,0.0,0.01,19254,0.0,0.0,0.0,0.0
2020-04-24,Paraná,Chopinzinho,0.0,0,0,0.0,1,0,0.0,5.19,0.0,0.01,19254,0.0,0.0,0.0,0.0
2020-04-23,Paraná,Chopinzinho,0.0,0,0,0.0,1,0,0.0,5.19,0.0,0.01,19254,0.0,0.0,0.0,0.0
2020-04-22,Paraná,Chopinzinho,0.0,0,0,0.0,1,0,0.0,5.19,0.0,0.01,19254,0.0,0.0,0.0,0.0
2020-04-21,Paraná,Chopinzinho,0.0,0,0,0.0,1,0,0.0,5.19,0.0,0.01,19254,0.0,0.0,0.0,0.0
2020-04-20,Paraná,Chopinzinho,0.0,0,0,0.0,1,0,0.0,5.19,0.0,0.01,19254,0.0,0.0,0.0,0.0
2020-04-19,Paraná,Chopinzinho,0.0,0,0,0.0,1,0,0.0,5.19,0.0,0.01,19254,0.0,0.0,0.0,0.0
2020-04-18,Paraná,Chopinzinho,0.0,0,0,0.0,1,0,0.0,5.19,0.0,0.01,19254,0.0,0.0,0.0,0.0
2020-04-17,Paraná,Chopinzinho,0.0,0,0,0.0,1,0,0.0,5.19,0.0,0.01,19254,0.0,0.0,0.0,0.0
2020-04-16,Paraná,Chopinzinho,0.0,0,0,0.0,1,0,0.0,5.19,0.0,0.01,19254,0.0,0.0,0.0,0.0
2020-04-15,Paraná,Chopinzinho,0.0,0,0,0.0,1,0,0.0,5.19,0.0,0.01,19254,0.0,0.0,0.0,0.0
2020-04-14,Paraná,Chopinzinho,0.0,0,0,0.0,1,0,0.0,5.19,0.0,0.01,19254,0.0,0.0,0.0,0.0
2020-04-13,Paraná,Chopinzinho,0.0,0,0,0.0,1,0,0.0,5.19,0.0,0.01,19254,0.0,0.0,0.0,0.0
2020-04-12,Paraná,Chopinzinho,0.0,0,0,0.0,1,0,0.0,5.19,0.0,0.01,19254,0.0,0.0,0.0,0.0
2020-04-11,Paraná,Chopinzinho,0.0,0,0,0.0,1,0,0.0,5.19,0.0,0.01,19254,0.0,0.0,0.0,0.0
2020-04-10,Paraná,Chopinzinho,0.0,0,0,0.0,1,0,0.0,5.19,0.0,0.01,19254,0.0,0.0,0.0,0.0
2020-04-09,Paraná,Chopinzinho,0.0,0,0,0.0,1,0,0.0,5.19,0.0,0.01,19254,0.0,0.0,0.0,0.0
2020-04-08,Paraná,Chopinzinho,0.0,0,0,0.0,1,0,0.0,5.19,0.0,0.01,19254,0.0,0.0,0.0,0.0
2020-04-07,Paraná,Chopinzinho,0.0,0,0,0.0,1,0,0.0,5.19,0.0,0.01,19254,0.0,0.0,0.0,0.0
2020-04-06,Paraná,Chopinzinho,0.0,0,0,0.0,1,0,0.0,5.19,0.0,0.01,19254,0.0,0.0,0.0,0.0
2020-04-05,Paraná,Chopinzinho,0.0,0,0,0.0,1,0,0.0,5.19,0.0,0.01,19254,0.0,0.0,0.0,0.0
2020-04-04,Paraná,Chopinzinho,0.0,0,0,0.0,1,0,0.0,5.19,0.0,0.01,19254,0.0,0.0,0.0,0.0
