date,state,city,1day_cases_100k,new_cases,new_deaths,new_deaths_100k,total_cases,total_deaths,cfr%,total_cases_100k,total_deaths_100k,%infected,population,7day_cases_100k,7day_cases_change,28day_cases_100k,28day_cases_change
2020-09-09,Paraná,Ibiporã,9.16,5,0,0.0,921,7,0.76,1688.11,12.83,1.69,54558,175.96,-16.5,835.8,-14.67
2020-09-08,Paraná,Ibiporã,16.5,9,1,1.83,916,7,0.76,1678.95,12.83,1.68,54558,192.46,-56.82,850.47,-20.16
2020-09-06,Paraná,Ibiporã,42.16,23,0,0.0,907,6,0.66,1662.45,11.0,1.66,54558,249.28,25.66,870.63,-43.99
2020-09-05,Paraná,Ibiporã,32.99,18,0,0.0,884,6,0.68,1620.29,11.0,1.62,54558,223.62,-7.33,914.62,0.0
2020-09-04,Paraná,Ibiporã,20.16,11,0,0.0,866,6,0.69,1587.3,11.0,1.59,54558,230.95,0.0,914.62,-32.99
2020-09-03,Paraná,Ibiporã,34.83,19,0,0.0,855,6,0.7,1567.14,11.0,1.57,54558,230.95,27.5,947.61,25.67
2020-09-02,Paraná,Ibiporã,20.16,11,1,1.83,836,6,0.72,1532.31,11.0,1.53,54558,203.45,12.83,921.94,-32.99
2020-09-01,Paraná,Ibiporã,25.66,14,0,0.0,825,5,0.61,1512.15,9.16,1.51,54558,190.62,-5.5,954.93,-7.33
2020-08-31,Paraná,Ibiporã,73.32,40,2,3.67,811,5,0.62,1486.49,9.16,1.49,54558,196.12,11.0,962.26,69.65
2020-08-28,Paraná,Ibiporã,16.5,9,0,0.0,771,3,0.39,1413.17,5.5,1.41,54558,185.12,-10.99,892.61,-3.66
2020-08-27,Paraná,Ibiporã,40.32,22,0,0.0,762,3,0.39,1396.68,5.5,1.4,54558,196.11,-22.0,896.27,20.16
2020-08-26,Paraná,Ibiporã,20.16,11,1,1.83,740,3,0.41,1356.35,5.5,1.36,54558,218.11,16.49,876.11,-3.67
2020-08-25,Paraná,Ibiporã,7.33,4,0,0.0,729,2,0.27,1336.19,3.67,1.34,54558,201.62,-9.17,879.78,-31.16
2020-08-24,Paraná,Ibiporã,7.33,4,0,0.0,725,2,0.28,1328.86,3.67,1.33,54558,210.79,-51.32,910.94,7.33
2020-08-23,Paraná,Ibiporã,31.16,17,0,0.0,721,2,0.28,1321.53,3.67,1.32,54558,262.11,12.83,903.61,27.49
2020-08-22,Paraná,Ibiporã,62.32,34,0,0.0,704,2,0.28,1290.37,3.67,1.29,54558,249.28,47.66,876.12,36.66
2020-08-21,Paraná,Ibiporã,27.49,15,0,0.0,670,2,0.3,1228.05,3.67,1.23,54558,201.62,25.66,839.46,21.99
2020-08-20,Paraná,Ibiporã,62.32,34,0,0.0,655,2,0.31,1200.56,3.67,1.2,54558,175.96,-3.66,817.47,34.83
2020-08-19,Paraná,Ibiporã,3.67,2,0,0.0,621,2,0.32,1138.24,3.67,1.14,54558,179.62,-29.32,782.64,-60.48
2020-08-18,Paraná,Ibiporã,16.5,9,0,0.0,619,2,0.32,1134.57,3.67,1.13,54558,208.94,-56.82,843.12,14.67
2020-08-17,Paraná,Ibiporã,58.65,32,0,0.0,610,2,0.33,1118.08,3.67,1.12,54558,265.76,58.65,828.45,43.99
2020-08-16,Paraná,Ibiporã,18.33,10,0,0.0,578,2,0.35,1059.42,3.67,1.06,54558,207.11,-5.5,784.46,-7.33
2020-08-15,Paraná,Ibiporã,14.66,8,0,0.0,568,2,0.35,1041.09,3.67,1.04,54558,212.61,-22.0,791.79,-1.84
2020-08-14,Paraná,Ibiporã,1.83,1,0,0.0,560,2,0.36,1026.43,3.67,1.03,54558,234.61,-84.32,793.63,-29.33
2020-08-13,Paraná,Ibiporã,65.98,36,0,0.0,559,2,0.36,1024.6,3.67,1.02,54558,318.93,32.99,822.96,60.48
2020-08-12,Paraná,Ibiporã,32.99,18,0,0.0,523,2,0.38,958.61,3.67,0.96,54558,285.94,-20.16,762.48,23.83
2020-08-11,Paraná,Ibiporã,73.32,40,0,0.0,505,2,0.4,925.62,3.67,0.93,54558,306.1,64.16,738.65,64.16
2020-08-10,Paraná,Ibiporã,0.0,0,0,0.0,465,2,0.43,852.3,3.67,0.85,54558,241.94,-53.15,674.49,-7.33
2020-08-09,Paraná,Ibiporã,23.83,13,0,0.0,465,2,0.43,852.3,3.67,0.85,54558,295.09,-9.16,681.82,3.67
2020-08-08,Paraná,Ibiporã,36.66,20,0,0.0,452,2,0.44,828.48,3.67,0.83,54558,304.25,32.99,678.15,27.5
2020-08-07,Paraná,Ibiporã,86.15,47,0,0.0,432,2,0.46,791.82,3.67,0.79,54558,271.26,65.99,650.65,80.65
2020-08-05,Paraná,Ibiporã,32.99,18,0,0.0,385,2,0.52,705.67,3.67,0.71,54558,205.27,12.83,570.0,31.16
2020-08-04,Paraná,Ibiporã,53.15,29,0,0.0,367,2,0.54,672.68,3.67,0.67,54558,192.44,29.32,538.84,45.82
2020-08-03,Paraná,Ibiporã,9.16,5,0,0.0,338,2,0.59,619.52,3.67,0.62,54558,163.12,-29.33,493.02,0.0
2020-08-02,Paraná,Ibiporã,53.15,29,0,0.0,333,2,0.6,610.36,3.67,0.61,54558,192.45,53.15,493.02,47.65
2020-08-01,Paraná,Ibiporã,32.99,18,0,0.0,304,2,0.66,557.21,3.67,0.56,54558,139.3,29.32,445.37,20.16
2020-07-31,Paraná,Ibiporã,3.67,2,0,0.0,286,2,0.7,524.21,3.67,0.52,54558,109.98,-21.99,425.21,-1.83
2020-07-30,Paraná,Ibiporã,20.16,11,0,0.0,284,2,0.7,520.55,3.67,0.52,54558,131.97,14.66,427.04,18.33
2020-07-29,Paraná,Ibiporã,20.16,11,0,0.0,273,2,0.73,500.38,3.67,0.5,54558,117.31,-7.33,408.71,20.16
2020-07-28,Paraná,Ibiporã,23.83,13,0,0.0,262,2,0.76,480.22,3.67,0.48,54558,124.64,-40.32,388.55,20.16
2020-07-27,Paraná,Ibiporã,38.49,21,0,0.0,249,2,0.8,456.4,3.67,0.46,54558,164.96,36.66,368.39,38.49
2020-07-26,Paraná,Ibiporã,0.0,0,0,0.0,228,2,0.88,417.9,3.67,0.42,54558,128.3,-14.66,329.9,-3.67
2020-07-25,Paraná,Ibiporã,3.67,2,0,0.0,228,2,0.88,417.9,3.67,0.42,54558,142.96,-21.99,333.57,0.0
2020-07-24,Paraná,Ibiporã,25.66,14,0,0.0,226,2,0.88,414.24,3.67,0.41,54558,164.95,9.16,333.57,23.83
2020-07-23,Paraná,Ibiporã,5.5,3,0,0.0,212,2,0.94,388.58,3.67,0.39,54558,155.79,-25.66,309.74,3.67
2020-07-22,Paraná,Ibiporã,27.49,15,0,0.0,209,2,0.96,383.08,3.67,0.38,54558,181.45,21.99,306.07,16.49
2020-07-21,Paraná,Ibiporã,64.15,35,0,0.0,194,2,1.03,355.58,3.67,0.36,54558,159.46,54.99,289.58,62.32
2020-07-20,Paraná,Ibiporã,1.83,1,0,0.0,159,2,1.26,291.43,3.67,0.29,54558,104.47,-7.33,227.26,1.83
2020-07-19,Paraná,Ibiporã,14.66,8,0,0.0,158,2,1.27,289.6,3.67,0.29,54558,111.8,7.33,225.43,12.83
2020-07-18,Paraná,Ibiporã,25.66,14,0,0.0,150,2,1.33,274.94,3.67,0.27,54558,104.47,5.5,212.6,25.66
2020-07-17,Paraná,Ibiporã,16.5,9,0,0.0,136,2,1.47,249.28,3.67,0.25,54558,98.97,7.34,186.94,16.5
2020-07-16,Paraná,Ibiporã,31.16,17,0,0.0,127,2,1.57,232.78,3.67,0.23,54558,91.63,25.66,170.44,31.16
2020-07-15,Paraná,Ibiporã,5.5,3,0,0.0,110,2,1.82,201.62,3.67,0.2,54558,65.97,3.67,139.28,5.5
2020-07-14,Paraná,Ibiporã,9.16,5,0,0.0,107,2,1.87,196.12,3.67,0.2,54558,62.3,1.83,133.78,7.33
2020-07-13,Paraná,Ibiporã,9.16,5,0,0.0,102,2,1.96,186.96,3.67,0.19,54558,60.47,0.0,126.45,9.16
2020-07-12,Paraná,Ibiporã,7.33,4,0,0.0,97,2,2.06,177.79,3.67,0.18,54558,60.47,1.83,117.29,7.33
2020-07-11,Paraná,Ibiporã,20.16,11,0,0.0,93,2,2.15,170.46,3.67,0.17,54558,58.64,7.33,109.96,11.0
2020-07-10,Paraná,Ibiporã,9.16,5,0,0.0,82,2,2.44,150.3,3.67,0.15,54558,51.31,3.66,98.96,7.33
2020-07-09,Paraná,Ibiporã,5.5,3,0,0.0,77,2,2.6,141.13,3.67,0.14,54558,47.65,3.67,91.63,3.67
2020-07-08,Paraná,Ibiporã,1.83,1,0,0.0,74,2,2.7,135.64,3.67,0.14,54558,43.98,1.83,87.96,-1.84
2020-07-07,Paraná,Ibiporã,7.33,4,1,1.83,73,2,2.74,133.8,3.67,0.13,54558,42.15,3.66,89.8,3.66
2020-07-06,Paraná,Ibiporã,9.16,5,0,0.0,69,1,1.45,126.47,1.83,0.13,54558,38.49,9.16,86.14,9.16
2020-07-05,Paraná,Ibiporã,5.5,3,0,0.0,64,1,1.56,117.31,1.83,0.12,54558,29.33,1.83,76.98,5.5
2020-07-04,Paraná,Ibiporã,12.83,7,0,0.0,61,1,1.64,111.81,1.83,0.11,54558,27.5,9.16,71.48,12.83
2020-07-03,Paraná,Ibiporã,5.5,3,0,0.0,54,1,1.85,98.98,1.83,0.1,54558,18.34,3.67,58.65,5.5
2020-07-02,Paraná,Ibiporã,1.83,1,0,0.0,51,1,1.96,93.48,1.83,0.09,54558,14.67,0.0,53.15,-3.67
2020-07-01,Paraná,Ibiporã,0.0,0,0,0.0,50,1,2.0,91.65,1.83,0.09,54558,14.67,-11.0,56.82,0.0
2020-06-30,Paraná,Ibiporã,3.67,2,0,0.0,50,1,2.0,91.65,1.83,0.09,54558,25.67,1.84,56.82,3.67
2020-06-29,Paraná,Ibiporã,0.0,0,0,0.0,48,1,2.08,87.98,1.83,0.09,54558,23.83,0.0,53.15,-1.83
2020-06-28,Paraná,Ibiporã,3.67,2,0,0.0,48,1,2.08,87.98,1.83,0.09,54558,23.83,1.84,54.98,1.84
2020-06-27,Paraná,Ibiporã,3.67,2,0,0.0,46,1,2.17,84.31,1.83,0.08,54558,21.99,3.67,53.14,-5.49
2020-06-26,Paraná,Ibiporã,1.83,1,0,0.0,44,1,2.27,80.65,1.83,0.08,54558,18.32,1.83,58.63,-1.84
2020-06-25,Paraná,Ibiporã,1.83,1,0,0.0,43,1,2.33,78.82,1.83,0.08,54558,16.49,1.83,60.47,1.83
2020-06-24,Paraná,Ibiporã,11.0,6,0,0.0,42,1,2.38,76.98,1.83,0.08,54558,14.66,11.0,58.64,11.0
2020-06-23,Paraná,Ibiporã,1.83,1,0,0.0,36,1,2.78,65.98,1.83,0.07,54558,3.66,0.0,47.64,1.83
2020-06-22,Paraná,Ibiporã,0.0,0,0,0.0,35,1,2.86,64.15,1.83,0.06,54558,3.66,0.0,45.81,-3.67
2020-06-21,Paraná,Ibiporã,1.83,1,0,0.0,35,1,2.86,64.15,1.83,0.06,54558,3.66,1.83,49.48,0.0
2020-06-20,Paraná,Ibiporã,0.0,0,0,0.0,34,1,2.94,62.32,1.83,0.06,54558,1.83,-9.16,49.48,-1.83
2020-06-19,Paraná,Ibiporã,0.0,0,0,0.0,34,1,2.94,62.32,1.83,0.06,54558,10.99,-1.83,51.31,-5.5
2020-06-18,Paraná,Ibiporã,0.0,0,0,0.0,34,1,2.94,62.32,1.83,0.06,54558,12.82,-1.83,56.81,0.0
2020-06-17,Paraná,Ibiporã,0.0,0,0,0.0,34,1,2.94,62.32,1.83,0.06,54558,14.65,-3.67,56.81,0.0
2020-06-16,Paraná,Ibiporã,1.83,1,0,0.0,34,1,2.94,62.32,1.83,0.06,54558,18.32,-1.84,56.81,0.0
2020-06-15,Paraná,Ibiporã,0.0,0,0,0.0,33,1,3.03,60.49,1.83,0.06,54558,20.16,0.0,56.81,0.0
2020-06-14,Paraná,Ibiporã,0.0,0,0,0.0,33,1,3.03,60.49,1.83,0.06,54558,20.16,0.0,56.81,0.0
2020-06-13,Paraná,Ibiporã,9.16,5,0,0.0,33,1,3.03,60.49,1.83,0.06,54558,20.16,9.16,56.81,9.16
2020-06-12,Paraná,Ibiporã,1.83,1,0,0.0,28,1,3.57,51.32,1.83,0.05,54558,11.0,1.83,47.65,1.83
2020-06-11,Paraná,Ibiporã,1.83,1,0,0.0,27,1,3.7,49.49,1.83,0.05,54558,9.17,-3.67,45.82,1.83
2020-06-10,Paraná,Ibiporã,3.67,2,0,0.0,26,1,3.85,47.66,1.83,0.05,54558,12.84,3.67,43.99,3.67
2020-06-09,Paraná,Ibiporã,3.67,2,0,0.0,24,1,4.17,43.99,1.83,0.04,54558,9.17,3.67,40.32,3.67
2020-06-08,Paraná,Ibiporã,0.0,0,0,0.0,22,1,4.55,40.32,1.83,0.04,54558,5.5,-1.83,36.65,0.0
2020-06-07,Paraná,Ibiporã,0.0,0,0,0.0,22,1,4.55,40.32,1.83,0.04,54558,7.33,-1.83,36.65,0.0
2020-06-06,Paraná,Ibiporã,0.0,0,0,0.0,22,1,4.55,40.32,1.83,0.04,54558,9.16,-9.16,36.65,0.0
2020-06-05,Paraná,Ibiporã,0.0,0,1,1.83,22,1,4.55,40.32,1.83,0.04,54558,18.32,-3.67,36.65,0.0
2020-06-04,Paraná,Ibiporã,5.5,3,0,0.0,22,0,0.0,40.32,0.0,0.04,54558,21.99,5.5,36.65,5.5
2020-06-03,Paraná,Ibiporã,0.0,0,0,0.0,19,0,0.0,34.83,0.0,0.03,54558,16.49,0.0,31.15,0.0
2020-06-02,Paraná,Ibiporã,0.0,0,0,0.0,19,0,0.0,34.83,0.0,0.03,54558,16.49,0.0,31.15,0.0
2020-06-01,Paraná,Ibiporã,1.83,1,0,0.0,19,0,0.0,34.83,0.0,0.03,54558,16.49,-1.84,31.15,1.83
2020-05-31,Paraná,Ibiporã,1.83,1,0,0.0,18,0,0.0,32.99,0.0,0.03,54558,18.33,0.0,29.32,1.83
2020-05-30,Paraná,Ibiporã,9.16,5,0,0.0,17,0,0.0,31.16,0.0,0.03,54558,18.33,7.33,27.49,7.33
2020-05-29,Paraná,Ibiporã,3.67,2,0,0.0,12,0,0.0,21.99,0.0,0.02,54558,11.0,-1.83,20.16,3.67
2020-05-28,Paraná,Ibiporã,0.0,0,0,0.0,10,0,0.0,18.33,0.0,0.02,54558,12.83,0.0,16.49,0.0
2020-05-27,Paraná,Ibiporã,0.0,0,0,0.0,10,0,0.0,18.33,0.0,0.02,54558,12.83,0.0,16.49,0.0
2020-05-26,Paraná,Ibiporã,0.0,0,0,0.0,10,0,0.0,18.33,0.0,0.02,54558,12.83,-1.83,16.49,0.0
2020-05-25,Paraná,Ibiporã,3.67,2,0,0.0,10,0,0.0,18.33,0.0,0.02,54558,14.66,3.67,16.49,3.67
2020-05-24,Paraná,Ibiporã,1.83,1,0,0.0,8,0,0.0,14.66,0.0,0.01,54558,10.99,1.83,12.82,1.83
2020-05-23,Paraná,Ibiporã,1.83,1,0,0.0,7,0,0.0,12.83,0.0,0.01,54558,9.16,1.83,10.99,1.83
2020-05-22,Paraná,Ibiporã,5.5,3,0,0.0,6,0,0.0,11.0,0.0,0.01,54558,7.33,5.5,9.16,5.5
2020-05-21,Paraná,Ibiporã,0.0,0,0,0.0,3,0,0.0,5.5,0.0,0.01,54558,1.83,0.0,3.66,0.0
2020-05-20,Paraná,Ibiporã,0.0,0,0,0.0,3,0,0.0,5.5,0.0,0.01,54558,1.83,0.0,3.66,0.0
2020-05-19,Paraná,Ibiporã,1.83,1,0,0.0,3,0,0.0,5.5,0.0,0.01,54558,1.83,1.83,3.66,1.83
2020-05-18,Paraná,Ibiporã,0.0,0,0,0.0,2,0,0.0,3.67,0.0,0.0,54558,0.0,0.0,1.83,0.0
2020-05-17,Paraná,Ibiporã,0.0,0,0,0.0,2,0,0.0,3.67,0.0,0.0,54558,0.0,0.0,1.83,0.0
2020-05-16,Paraná,Ibiporã,0.0,0,0,0.0,2,0,0.0,3.67,0.0,0.0,54558,0.0,0.0,1.83,0.0
2020-05-15,Paraná,Ibiporã,0.0,0,0,0.0,2,0,0.0,3.67,0.0,0.0,54558,0.0,0.0,1.83,0.0
2020-05-14,Paraná,Ibiporã,0.0,0,0,0.0,2,0,0.0,3.67,0.0,0.0,54558,0.0,0.0,1.83,0.0
2020-05-13,Paraná,Ibiporã,0.0,0,0,0.0,2,0,0.0,3.67,0.0,0.0,54558,0.0,0.0,1.83,0.0
2020-05-12,Paraná,Ibiporã,0.0,0,0,0.0,2,0,0.0,3.67,0.0,0.0,54558,0.0,0.0,1.83,0.0
2020-05-11,Paraná,Ibiporã,0.0,0,0,0.0,2,0,0.0,3.67,0.0,0.0,54558,0.0,0.0,1.83,0.0
2020-05-10,Paraná,Ibiporã,0.0,0,0,0.0,2,0,0.0,3.67,0.0,0.0,54558,0.0,0.0,1.83,0.0
2020-05-09,Paraná,Ibiporã,0.0,0,0,0.0,2,0,0.0,3.67,0.0,0.0,54558,0.0,-1.83,1.83,0.0
2020-05-08,Paraná,Ibiporã,0.0,0,0,0.0,2,0,0.0,3.67,0.0,0.0,54558,1.83,0.0,1.83,0.0
2020-05-07,Paraná,Ibiporã,0.0,0,0,0.0,2,0,0.0,3.67,0.0,0.0,54558,1.83,0.0,1.83,0.0
2020-05-06,Paraná,Ibiporã,0.0,0,0,0.0,2,0,0.0,3.67,0.0,0.0,54558,1.83,0.0,1.83,0.0
2020-05-05,Paraná,Ibiporã,0.0,0,0,0.0,2,0,0.0,3.67,0.0,0.0,54558,1.83,0.0,1.83,0.0
2020-05-04,Paraná,Ibiporã,0.0,0,0,0.0,2,0,0.0,3.67,0.0,0.0,54558,1.83,0.0,1.83,0.0
2020-05-03,Paraná,Ibiporã,0.0,0,0,0.0,2,0,0.0,3.67,0.0,0.0,54558,1.83,0.0,1.83,0.0
2020-05-02,Paraná,Ibiporã,1.83,1,0,0.0,2,0,0.0,3.67,0.0,0.0,54558,1.83,1.83,1.83,1.83
2020-05-01,Paraná,Ibiporã,0.0,0,0,0.0,1,0,0.0,1.83,0.0,0.0,54558,0.0,0.0,0.0,0.0
2020-04-30,Paraná,Ibiporã,0.0,0,0,0.0,1,0,0.0,1.83,0.0,0.0,54558,0.0,0.0,0.0,0.0
2020-04-29,Paraná,Ibiporã,0.0,0,0,0.0,1,0,0.0,1.83,0.0,0.0,54558,0.0,0.0,0.0,0.0
2020-04-28,Paraná,Ibiporã,0.0,0,0,0.0,1,0,0.0,1.83,0.0,0.0,54558,0.0,0.0,0.0,0.0
2020-04-27,Paraná,Ibiporã,0.0,0,0,0.0,1,0,0.0,1.83,0.0,0.0,54558,0.0,0.0,0.0,0.0
2020-04-26,Paraná,Ibiporã,0.0,0,0,0.0,1,0,0.0,1.83,0.0,0.0,54558,0.0,0.0,0.0,0.0
2020-04-25,Paraná,Ibiporã,0.0,0,0,0.0,1,0,0.0,1.83,0.0,0.0,54558,0.0,0.0,0.0,0.0
2020-04-24,Paraná,Ibiporã,0.0,0,0,0.0,1,0,0.0,1.83,0.0,0.0,54558,0.0,0.0,0.0,0.0
2020-04-23,Paraná,Ibiporã,0.0,0,0,0.0,1,0,0.0,1.83,0.0,0.0,54558,0.0,0.0,0.0,0.0
2020-04-22,Paraná,Ibiporã,0.0,0,0,0.0,1,0,0.0,1.83,0.0,0.0,54558,0.0,0.0,0.0,0.0
2020-04-21,Paraná,Ibiporã,0.0,0,0,0.0,1,0,0.0,1.83,0.0,0.0,54558,0.0,0.0,0.0,0.0
2020-04-20,Paraná,Ibiporã,0.0,0,0,0.0,1,0,0.0,1.83,0.0,0.0,54558,0.0,0.0,0.0,0.0
