date,state,city,1day_cases_100k,new_cases,new_deaths,new_deaths_100k,total_cases,total_deaths,cfr%,total_cases_100k,total_deaths_100k,%infected,population,7day_cases_100k,7day_cases_change,28day_cases_100k,28day_cases_change
2020-10-05,Paraná,Quinta do Sol,0.0,0,0,0.0,101,5,4.95,2208.62,109.34,2.21,4573,65.61,0.0,153.08,0.0
2020-10-04,Paraná,Quinta do Sol,0.0,0,0,0.0,101,5,4.95,2208.62,109.34,2.21,4573,65.61,0.0,153.08,0.0
2020-10-03,Paraná,Quinta do Sol,0.0,0,0,0.0,101,5,4.95,2208.62,109.34,2.21,4573,65.61,0.0,153.08,0.0
2020-10-02,Paraná,Quinta do Sol,21.87,1,0,0.0,101,5,4.95,2208.62,109.34,2.21,4573,65.61,0.0,153.08,21.87
2020-09-30,Paraná,Quinta do Sol,0.0,0,0,0.0,100,5,5.0,2186.75,109.34,2.19,4573,65.61,0.0,131.21,0.0
2020-09-29,Paraná,Quinta do Sol,21.87,1,0,0.0,100,5,5.0,2186.75,109.34,2.19,4573,65.61,21.87,131.21,-43.73
2020-09-28,Paraná,Quinta do Sol,21.87,1,0,0.0,99,5,5.05,2164.88,109.34,2.16,4573,43.74,0.0,174.94,21.87
2020-09-26,Paraná,Quinta do Sol,0.0,0,0,0.0,98,5,5.1,2143.01,109.34,2.14,4573,43.74,0.0,153.07,-43.73
2020-09-25,Paraná,Quinta do Sol,0.0,0,0,0.0,98,5,5.1,2143.01,109.34,2.14,4573,43.74,0.0,196.8,0.0
2020-09-24,Paraná,Quinta do Sol,0.0,0,0,0.0,98,5,5.1,2143.01,109.34,2.14,4573,43.74,0.0,196.8,-21.87
2020-09-23,Paraná,Quinta do Sol,21.87,1,0,0.0,98,5,5.1,2143.01,109.34,2.14,4573,43.74,21.87,218.67,0.0
2020-09-22,Paraná,Quinta do Sol,0.0,0,0,0.0,97,5,5.15,2121.15,109.34,2.12,4573,21.87,0.0,218.67,-21.87
2020-09-21,Paraná,Quinta do Sol,0.0,0,0,0.0,97,5,5.15,2121.15,109.34,2.12,4573,21.87,0.0,240.54,0.0
2020-09-20,Paraná,Quinta do Sol,21.87,1,0,0.0,97,5,5.15,2121.15,109.34,2.12,4573,21.87,21.87,240.54,0.0
2020-09-19,Paraná,Quinta do Sol,0.0,0,0,0.0,96,5,5.21,2099.28,109.34,2.1,4573,0.0,0.0,240.54,-43.73
2020-09-18,Paraná,Quinta do Sol,0.0,0,0,0.0,96,5,5.21,2099.28,109.34,2.1,4573,0.0,0.0,284.27,-21.87
2020-09-17,Paraná,Quinta do Sol,0.0,0,0,0.0,96,5,5.21,2099.28,109.34,2.1,4573,0.0,0.0,306.14,-43.73
2020-09-16,Paraná,Quinta do Sol,0.0,0,0,0.0,96,5,5.21,2099.28,109.34,2.1,4573,0.0,0.0,349.87,-65.6
2020-09-15,Paraná,Quinta do Sol,0.0,0,0,0.0,96,5,5.21,2099.28,109.34,2.1,4573,0.0,-43.73,415.47,-43.73
2020-09-14,Paraná,Quinta do Sol,0.0,0,0,0.0,96,5,5.21,2099.28,109.34,2.1,4573,43.73,0.0,459.2,-196.81
2020-09-13,Paraná,Quinta do Sol,0.0,0,0,0.0,96,5,5.21,2099.28,109.34,2.1,4573,43.73,0.0,656.01,-153.07
2020-09-12,Paraná,Quinta do Sol,0.0,0,0,0.0,96,5,5.21,2099.28,109.34,2.1,4573,43.73,0.0,809.08,0.0
2020-09-11,Paraná,Quinta do Sol,0.0,0,0,0.0,96,5,5.21,2099.28,109.34,2.1,4573,43.73,0.0,809.08,0.0
2020-09-10,Paraná,Quinta do Sol,0.0,0,0,0.0,96,5,5.21,2099.28,109.34,2.1,4573,43.73,0.0,809.08,-65.6
2020-09-09,Paraná,Quinta do Sol,0.0,0,1,21.87,96,5,5.21,2099.28,109.34,2.1,4573,43.73,0.0,874.68,0.0
2020-09-08,Paraná,Quinta do Sol,43.73,2,0,0.0,96,4,4.17,2099.28,87.47,2.1,4573,43.73,43.73,874.68,43.73
2020-09-07,Paraná,Quinta do Sol,0.0,0,0,0.0,94,4,4.26,2055.54,87.47,2.06,4573,0.0,-65.6,830.95,0.0
2020-09-06,Paraná,Quinta do Sol,0.0,0,0,0.0,94,4,4.26,2055.54,87.47,2.06,4573,65.6,0.0,830.95,-43.73
2020-09-05,Paraná,Quinta do Sol,0.0,0,0,0.0,94,4,4.26,2055.54,87.47,2.06,4573,65.6,-43.73,874.68,-21.87
2020-09-04,Paraná,Quinta do Sol,0.0,0,0,0.0,94,4,4.26,2055.54,87.47,2.06,4573,109.33,0.0,896.55,-43.73
2020-09-03,Paraná,Quinta do Sol,0.0,0,0,0.0,94,4,4.26,2055.54,87.47,2.06,4573,109.33,-21.87,940.28,0.0
2020-09-02,Paraná,Quinta do Sol,0.0,0,0,0.0,94,4,4.26,2055.54,87.47,2.06,4573,131.2,-21.87,940.28,-87.47
2020-09-01,Paraná,Quinta do Sol,0.0,0,0,0.0,94,4,4.26,2055.54,87.47,2.06,4573,153.07,-21.87,1027.75,-196.81
2020-08-31,Paraná,Quinta do Sol,65.6,3,0,0.0,94,4,4.26,2055.54,87.47,2.06,4573,174.94,65.6,1224.56,65.6
2020-08-28,Paraná,Quinta do Sol,0.0,0,0,0.0,91,4,4.4,1989.94,87.47,1.99,4573,109.34,-21.87,1158.96,0.0
2020-08-27,Paraná,Quinta do Sol,43.73,2,0,0.0,91,4,4.4,1989.94,87.47,1.99,4573,131.21,0.0,1158.96,-21.87
2020-08-26,Paraná,Quinta do Sol,0.0,0,0,0.0,89,4,4.49,1946.21,87.47,1.95,4573,131.21,-21.87,1180.83,0.0
2020-08-25,Paraná,Quinta do Sol,21.87,1,0,0.0,89,4,4.49,1946.21,87.47,1.95,4573,153.08,-21.86,1180.83,-21.86
2020-08-24,Paraná,Quinta do Sol,21.87,1,0,0.0,88,4,4.55,1924.34,87.47,1.92,4573,174.94,-43.73,1202.69,21.87
2020-08-23,Paraná,Quinta do Sol,21.87,1,0,0.0,87,4,4.6,1902.47,87.47,1.9,4573,218.67,-21.86,1180.82,21.87
2020-08-22,Paraná,Quinta do Sol,0.0,0,0,0.0,86,4,4.65,1880.6,87.47,1.88,4573,240.53,-196.81,1158.95,-21.87
2020-08-21,Paraná,Quinta do Sol,21.87,1,0,0.0,86,4,4.65,1880.6,87.47,1.88,4573,437.34,-131.2,1180.82,21.87
2020-08-20,Paraná,Quinta do Sol,43.73,2,0,0.0,85,4,4.71,1858.74,87.47,1.86,4573,568.54,43.73,1158.95,43.73
2020-08-19,Paraná,Quinta do Sol,21.87,1,1,21.87,83,4,4.82,1815.0,87.47,1.82,4573,524.81,21.87,1115.22,21.87
2020-08-18,Paraná,Quinta do Sol,43.73,2,0,0.0,82,3,3.66,1793.13,65.6,1.79,4573,502.94,-21.87,1093.35,-21.87
2020-08-17,Paraná,Quinta do Sol,65.6,3,0,0.0,80,3,3.75,1749.4,65.6,1.75,4573,524.81,65.6,1115.22,65.6
2020-08-16,Paraná,Quinta do Sol,43.73,2,0,0.0,77,3,3.9,1683.8,65.6,1.68,4573,459.21,43.73,1049.62,-65.61
2020-08-15,Paraná,Quinta do Sol,196.81,9,0,0.0,75,3,4.0,1640.06,65.6,1.64,4573,415.48,196.81,1115.23,0.0
2020-08-14,Paraná,Quinta do Sol,153.07,7,0,0.0,66,3,4.55,1443.25,65.6,1.44,4573,218.67,109.34,1115.23,153.07
2020-08-13,Paraná,Quinta do Sol,0.0,0,0,0.0,59,3,5.08,1290.18,65.6,1.29,4573,109.33,-21.87,962.16,0.0
2020-08-12,Paraná,Quinta do Sol,0.0,0,1,21.87,59,3,5.08,1290.18,65.6,1.29,4573,131.2,-43.73,962.16,-43.73
2020-08-11,Paraná,Quinta do Sol,65.6,3,0,0.0,59,2,3.39,1290.18,43.73,1.29,4573,174.93,65.6,1005.89,-87.47
2020-08-10,Paraná,Quinta do Sol,0.0,0,0,0.0,56,2,3.57,1224.58,43.73,1.22,4573,109.33,-87.47,1093.36,-21.87
2020-08-09,Paraná,Quinta do Sol,0.0,0,0,0.0,56,2,3.57,1224.58,43.73,1.22,4573,196.8,-196.81,1115.23,0.0
2020-08-08,Paraná,Quinta do Sol,0.0,0,0,0.0,56,2,3.57,1224.58,43.73,1.22,4573,393.61,0.0,1115.23,-43.73
2020-08-07,Paraná,Quinta do Sol,43.73,2,1,21.87,56,2,3.57,1224.58,43.73,1.22,4573,393.61,43.73,1158.96,43.73
2020-08-05,Paraná,Quinta do Sol,21.87,1,0,0.0,54,1,1.85,1180.84,21.87,1.18,4573,349.88,-43.73,1115.23,21.87
2020-08-04,Paraná,Quinta do Sol,43.73,2,1,21.87,53,1,1.89,1158.98,21.87,1.16,4573,393.61,43.73,1093.36,43.73
2020-08-03,Paraná,Quinta do Sol,0.0,0,0,0.0,51,0,0.0,1115.24,0.0,1.12,4573,349.88,-43.73,1049.63,-21.87
2020-08-02,Paraná,Quinta do Sol,87.47,4,0,0.0,51,0,0.0,1115.24,0.0,1.12,4573,393.61,87.47,1071.5,87.47
2020-08-01,Paraná,Quinta do Sol,196.81,9,0,0.0,47,0,0.0,1027.77,0.0,1.03,4573,306.14,196.81,984.03,196.81
2020-07-31,Paraná,Quinta do Sol,0.0,0,0,0.0,38,0,0.0,830.96,0.0,0.83,4573,109.33,-21.87,787.22,0.0
2020-07-30,Paraná,Quinta do Sol,0.0,0,0,0.0,38,0,0.0,830.96,0.0,0.83,4573,131.2,0.0,787.22,0.0
2020-07-29,Paraná,Quinta do Sol,65.6,3,0,0.0,38,0,0.0,830.96,0.0,0.83,4573,131.2,65.6,787.22,65.6
2020-07-28,Paraná,Quinta do Sol,0.0,0,0,0.0,35,0,0.0,765.36,0.0,0.77,4573,65.6,0.0,721.62,0.0
2020-07-27,Paraná,Quinta do Sol,43.73,2,0,0.0,35,0,0.0,765.36,0.0,0.77,4573,65.6,-21.87,721.62,43.73
2020-07-26,Paraná,Quinta do Sol,0.0,0,0,0.0,33,0,0.0,721.63,0.0,0.72,4573,87.47,0.0,677.89,0.0
2020-07-25,Paraná,Quinta do Sol,0.0,0,0,0.0,33,0,0.0,721.63,0.0,0.72,4573,87.47,-109.34,677.89,-21.87
2020-07-24,Paraná,Quinta do Sol,21.87,1,0,0.0,33,0,0.0,721.63,0.0,0.72,4573,196.81,-174.94,699.76,21.87
2020-07-23,Paraná,Quinta do Sol,0.0,0,0,0.0,32,0,0.0,699.76,0.0,0.7,4573,371.75,0.0,677.89,0.0
2020-07-22,Paraná,Quinta do Sol,0.0,0,0,0.0,32,0,0.0,699.76,0.0,0.7,4573,371.75,0.0,677.89,0.0
2020-07-21,Paraná,Quinta do Sol,0.0,0,0,0.0,32,0,0.0,699.76,0.0,0.7,4573,371.75,-43.73,677.89,0.0
2020-07-20,Paraná,Quinta do Sol,65.6,3,0,0.0,32,0,0.0,699.76,0.0,0.7,4573,415.48,-87.47,677.89,65.6
2020-07-19,Paraná,Quinta do Sol,0.0,0,0,0.0,29,0,0.0,634.16,0.0,0.63,4573,502.95,-21.87,612.29,0.0
2020-07-18,Paraná,Quinta do Sol,109.34,5,0,0.0,29,0,0.0,634.16,0.0,0.63,4573,524.82,109.34,612.29,109.34
2020-07-17,Paraná,Quinta do Sol,196.81,9,0,0.0,24,0,0.0,524.82,0.0,0.52,4573,415.48,153.08,502.95,196.81
2020-07-16,Paraná,Quinta do Sol,0.0,0,0,0.0,15,0,0.0,328.01,0.0,0.33,4573,262.4,0.0,306.14,0.0
2020-07-15,Paraná,Quinta do Sol,0.0,0,0,0.0,15,0,0.0,328.01,0.0,0.33,4573,262.4,0.0,306.14,0.0
2020-07-14,Paraná,Quinta do Sol,43.73,2,0,0.0,15,0,0.0,328.01,0.0,0.33,4573,262.4,43.73,306.14,43.73
2020-07-13,Paraná,Quinta do Sol,153.07,7,0,0.0,13,0,0.0,284.28,0.0,0.28,4573,218.67,131.2,262.41,153.07
2020-07-12,Paraná,Quinta do Sol,21.87,1,0,0.0,6,0,0.0,131.2,0.0,0.13,4573,87.47,21.87,109.34,21.87
2020-07-11,Paraná,Quinta do Sol,0.0,0,0,0.0,5,0,0.0,109.34,0.0,0.11,4573,65.6,0.0,87.47,0.0
2020-07-10,Paraná,Quinta do Sol,43.73,2,0,0.0,5,0,0.0,109.34,0.0,0.11,4573,65.6,43.73,87.47,43.73
2020-07-09,Paraná,Quinta do Sol,0.0,0,0,0.0,3,0,0.0,65.6,0.0,0.07,4573,21.87,0.0,43.74,0.0
2020-07-08,Paraná,Quinta do Sol,0.0,0,0,0.0,3,0,0.0,65.6,0.0,0.07,4573,21.87,0.0,43.74,0.0
2020-07-07,Paraná,Quinta do Sol,0.0,0,0,0.0,3,0,0.0,65.6,0.0,0.07,4573,21.87,0.0,43.74,0.0
2020-07-06,Paraná,Quinta do Sol,21.87,1,0,0.0,3,0,0.0,65.6,0.0,0.07,4573,21.87,21.87,43.74,21.87
2020-07-05,Paraná,Quinta do Sol,0.0,0,0,0.0,2,0,0.0,43.73,0.0,0.04,4573,0.0,0.0,21.87,0.0
2020-07-04,Paraná,Quinta do Sol,0.0,0,0,0.0,2,0,0.0,43.73,0.0,0.04,4573,0.0,-21.87,21.87,0.0
2020-07-03,Paraná,Quinta do Sol,0.0,0,0,0.0,2,0,0.0,43.73,0.0,0.04,4573,21.87,0.0,21.87,0.0
2020-07-02,Paraná,Quinta do Sol,0.0,0,0,0.0,2,0,0.0,43.73,0.0,0.04,4573,21.87,0.0,21.87,0.0
2020-07-01,Paraná,Quinta do Sol,0.0,0,0,0.0,2,0,0.0,43.73,0.0,0.04,4573,21.87,0.0,21.87,0.0
2020-06-30,Paraná,Quinta do Sol,0.0,0,0,0.0,2,0,0.0,43.73,0.0,0.04,4573,21.87,0.0,21.87,0.0
2020-06-29,Paraná,Quinta do Sol,0.0,0,0,0.0,2,0,0.0,43.73,0.0,0.04,4573,21.87,0.0,21.87,0.0
2020-06-28,Paraná,Quinta do Sol,0.0,0,0,0.0,2,0,0.0,43.73,0.0,0.04,4573,21.87,0.0,21.87,0.0
2020-06-27,Paraná,Quinta do Sol,21.87,1,0,0.0,2,0,0.0,43.73,0.0,0.04,4573,21.87,21.87,21.87,21.87
2020-06-26,Paraná,Quinta do Sol,0.0,0,0,0.0,1,0,0.0,21.87,0.0,0.02,4573,0.0,0.0,0.0,0.0
2020-06-25,Paraná,Quinta do Sol,0.0,0,0,0.0,1,0,0.0,21.87,0.0,0.02,4573,0.0,0.0,0.0,0.0
2020-06-24,Paraná,Quinta do Sol,0.0,0,0,0.0,1,0,0.0,21.87,0.0,0.02,4573,0.0,0.0,0.0,0.0
2020-06-23,Paraná,Quinta do Sol,0.0,0,0,0.0,1,0,0.0,21.87,0.0,0.02,4573,0.0,0.0,0.0,0.0
2020-06-22,Paraná,Quinta do Sol,0.0,0,0,0.0,1,0,0.0,21.87,0.0,0.02,4573,0.0,0.0,0.0,0.0
2020-06-21,Paraná,Quinta do Sol,0.0,0,0,0.0,1,0,0.0,21.87,0.0,0.02,4573,0.0,0.0,0.0,0.0
2020-06-20,Paraná,Quinta do Sol,0.0,0,0,0.0,1,0,0.0,21.87,0.0,0.02,4573,0.0,0.0,0.0,0.0
