date,state,city,1day_cases_100k,new_cases,new_deaths,new_deaths_100k,total_cases,total_deaths,cfr%,total_cases_100k,total_deaths_100k,%infected,population,7day_cases_100k,7day_cases_change,28day_cases_100k,28day_cases_change
2020-09-12,Paraná,Sapopema,0.0,0,0,0.0,40,3,7.5,593.82,44.54,0.59,6736,59.39,-14.85,74.24,0.0
2020-09-11,Paraná,Sapopema,14.85,1,0,0.0,40,3,7.5,593.82,44.54,0.59,6736,74.24,14.85,74.24,0.0
2020-09-10,Paraná,Sapopema,0.0,0,0,0.0,39,3,7.69,578.98,44.54,0.58,6736,59.39,0.0,74.24,-29.69
2020-09-09,Paraná,Sapopema,0.0,0,0,0.0,39,3,7.69,578.98,44.54,0.58,6736,59.39,0.0,103.93,0.0
2020-09-08,Paraná,Sapopema,44.54,3,0,0.0,39,3,7.69,578.98,44.54,0.58,6736,59.39,44.54,103.93,44.54
2020-09-07,Paraná,Sapopema,0.0,0,0,0.0,36,3,8.33,534.44,44.54,0.53,6736,14.85,0.0,59.39,0.0
2020-09-06,Paraná,Sapopema,0.0,0,0,0.0,36,3,8.33,534.44,44.54,0.53,6736,14.85,0.0,59.39,0.0
2020-09-05,Paraná,Sapopema,14.85,1,0,0.0,36,3,8.33,534.44,44.54,0.53,6736,14.85,14.85,59.39,14.85
2020-09-04,Paraná,Sapopema,0.0,0,0,0.0,35,3,8.57,519.6,44.54,0.52,6736,0.0,0.0,44.54,0.0
2020-09-03,Paraná,Sapopema,0.0,0,0,0.0,35,3,8.57,519.6,44.54,0.52,6736,0.0,0.0,44.54,-14.85
2020-09-02,Paraná,Sapopema,0.0,0,0,0.0,35,3,8.57,519.6,44.54,0.52,6736,0.0,0.0,59.39,0.0
2020-09-01,Paraná,Sapopema,0.0,0,0,0.0,35,3,8.57,519.6,44.54,0.52,6736,0.0,0.0,59.39,0.0
2020-08-31,Paraná,Sapopema,0.0,0,0,0.0,35,3,8.57,519.6,44.54,0.52,6736,0.0,0.0,59.39,0.0
2020-08-28,Paraná,Sapopema,0.0,0,0,0.0,35,3,8.57,519.6,44.54,0.52,6736,0.0,0.0,59.39,0.0
2020-08-27,Paraná,Sapopema,0.0,0,0,0.0,35,3,8.57,519.6,44.54,0.52,6736,0.0,0.0,59.39,0.0
2020-08-26,Paraná,Sapopema,0.0,0,0,0.0,35,3,8.57,519.6,44.54,0.52,6736,0.0,0.0,59.39,0.0
2020-08-25,Paraná,Sapopema,0.0,0,0,0.0,35,3,8.57,519.6,44.54,0.52,6736,0.0,0.0,59.39,0.0
2020-08-24,Paraná,Sapopema,0.0,0,0,0.0,35,3,8.57,519.6,44.54,0.52,6736,0.0,0.0,59.39,0.0
2020-08-23,Paraná,Sapopema,0.0,0,0,0.0,35,3,8.57,519.6,44.54,0.52,6736,0.0,0.0,59.39,0.0
2020-08-22,Paraná,Sapopema,0.0,0,0,0.0,35,3,8.57,519.6,44.54,0.52,6736,0.0,0.0,59.39,0.0
2020-08-21,Paraná,Sapopema,0.0,0,0,0.0,35,3,8.57,519.6,44.54,0.52,6736,0.0,0.0,59.39,0.0
2020-08-20,Paraná,Sapopema,0.0,0,0,0.0,35,3,8.57,519.6,44.54,0.52,6736,0.0,0.0,59.39,0.0
2020-08-19,Paraná,Sapopema,0.0,0,0,0.0,35,3,8.57,519.6,44.54,0.52,6736,0.0,-14.85,59.39,0.0
2020-08-18,Paraná,Sapopema,0.0,0,0,0.0,35,3,8.57,519.6,44.54,0.52,6736,14.85,-29.69,59.39,0.0
2020-08-17,Paraná,Sapopema,0.0,0,0,0.0,35,3,8.57,519.6,44.54,0.52,6736,44.54,0.0,59.39,0.0
2020-08-16,Paraná,Sapopema,0.0,0,0,0.0,35,3,8.57,519.6,44.54,0.52,6736,44.54,0.0,59.39,0.0
2020-08-15,Paraná,Sapopema,0.0,0,0,0.0,35,3,8.57,519.6,44.54,0.52,6736,44.54,0.0,59.39,0.0
2020-08-14,Paraná,Sapopema,0.0,0,0,0.0,35,3,8.57,519.6,44.54,0.52,6736,44.54,0.0,59.39,0.0
2020-08-13,Paraná,Sapopema,0.0,0,0,0.0,35,3,8.57,519.6,44.54,0.52,6736,44.54,0.0,59.39,0.0
2020-08-12,Paraná,Sapopema,14.85,1,0,0.0,35,3,8.57,519.6,44.54,0.52,6736,44.54,14.85,59.39,14.85
2020-08-11,Paraná,Sapopema,29.69,2,0,0.0,34,3,8.82,504.75,44.54,0.5,6736,29.69,14.84,44.54,29.69
2020-08-10,Paraná,Sapopema,0.0,0,0,0.0,32,3,9.38,475.06,44.54,0.48,6736,14.85,0.0,14.85,-44.54
2020-08-09,Paraná,Sapopema,0.0,0,0,0.0,32,3,9.38,475.06,44.54,0.48,6736,14.85,0.0,59.39,0.0
2020-08-08,Paraná,Sapopema,0.0,0,0,0.0,32,3,9.38,475.06,44.54,0.48,6736,14.85,0.0,59.39,0.0
2020-08-07,Paraná,Sapopema,0.0,0,0,0.0,32,3,9.38,475.06,44.54,0.48,6736,14.85,0.0,59.39,0.0
2020-08-05,Paraná,Sapopema,0.0,0,0,0.0,32,3,9.38,475.06,44.54,0.48,6736,14.85,0.0,59.39,-14.85
2020-08-04,Paraná,Sapopema,0.0,0,0,0.0,32,3,9.38,475.06,44.54,0.48,6736,14.85,0.0,74.24,0.0
2020-08-03,Paraná,Sapopema,14.85,1,0,0.0,32,3,9.38,475.06,44.54,0.48,6736,14.85,14.85,74.24,14.85
2020-08-02,Paraná,Sapopema,0.0,0,0,0.0,31,3,9.68,460.21,44.54,0.46,6736,0.0,0.0,59.39,0.0
2020-08-01,Paraná,Sapopema,0.0,0,0,0.0,31,3,9.68,460.21,44.54,0.46,6736,0.0,0.0,59.39,0.0
2020-07-31,Paraná,Sapopema,0.0,0,0,0.0,31,3,9.68,460.21,44.54,0.46,6736,0.0,0.0,59.39,0.0
2020-07-30,Paraná,Sapopema,0.0,0,0,0.0,31,3,9.68,460.21,44.54,0.46,6736,0.0,0.0,59.39,0.0
2020-07-29,Paraná,Sapopema,0.0,0,0,0.0,31,3,9.68,460.21,44.54,0.46,6736,0.0,0.0,59.39,-14.85
2020-07-28,Paraná,Sapopema,0.0,0,0,0.0,31,3,9.68,460.21,44.54,0.46,6736,0.0,0.0,74.24,-14.85
2020-07-27,Paraná,Sapopema,0.0,0,0,0.0,31,3,9.68,460.21,44.54,0.46,6736,0.0,0.0,89.09,0.0
2020-07-26,Paraná,Sapopema,0.0,0,0,0.0,31,3,9.68,460.21,44.54,0.46,6736,0.0,0.0,89.09,-14.85
2020-07-25,Paraná,Sapopema,0.0,0,0,0.0,31,3,9.68,460.21,44.54,0.46,6736,0.0,0.0,103.94,0.0
2020-07-24,Paraná,Sapopema,0.0,0,0,0.0,31,3,9.68,460.21,44.54,0.46,6736,0.0,0.0,103.94,0.0
2020-07-23,Paraná,Sapopema,0.0,0,0,0.0,31,3,9.68,460.21,44.54,0.46,6736,0.0,0.0,103.94,0.0
2020-07-22,Paraná,Sapopema,0.0,0,0,0.0,31,3,9.68,460.21,44.54,0.46,6736,0.0,0.0,103.94,-14.85
2020-07-21,Paraná,Sapopema,0.0,0,0,0.0,31,3,9.68,460.21,44.54,0.46,6736,0.0,0.0,118.79,0.0
2020-07-20,Paraná,Sapopema,0.0,0,0,0.0,31,3,9.68,460.21,44.54,0.46,6736,0.0,0.0,118.79,0.0
2020-07-19,Paraná,Sapopema,0.0,0,0,0.0,31,3,9.68,460.21,44.54,0.46,6736,0.0,-44.54,118.79,0.0
2020-07-18,Paraná,Sapopema,0.0,0,0,0.0,31,3,9.68,460.21,44.54,0.46,6736,44.54,0.0,118.79,-14.85
2020-07-17,Paraná,Sapopema,0.0,0,0,0.0,31,3,9.68,460.21,44.54,0.46,6736,44.54,0.0,133.64,-29.69
2020-07-16,Paraná,Sapopema,0.0,0,0,0.0,31,3,9.68,460.21,44.54,0.46,6736,44.54,0.0,163.33,0.0
2020-07-15,Paraná,Sapopema,0.0,0,0,0.0,31,3,9.68,460.21,44.54,0.46,6736,44.54,-14.85,163.33,0.0
2020-07-14,Paraná,Sapopema,0.0,0,0,0.0,31,3,9.68,460.21,44.54,0.46,6736,59.39,0.0,163.33,0.0
2020-07-13,Paraná,Sapopema,0.0,0,0,0.0,31,3,9.68,460.21,44.54,0.46,6736,59.39,0.0,163.33,0.0
2020-07-12,Paraná,Sapopema,44.54,3,1,14.85,31,3,9.68,460.21,44.54,0.46,6736,59.39,44.54,163.33,44.54
2020-07-11,Paraná,Sapopema,0.0,0,0,0.0,28,2,7.14,415.68,29.69,0.42,6736,14.85,0.0,118.79,0.0
2020-07-10,Paraná,Sapopema,0.0,0,0,0.0,28,2,7.14,415.68,29.69,0.42,6736,14.85,0.0,118.79,-29.69
2020-07-09,Paraná,Sapopema,0.0,0,0,0.0,28,2,7.14,415.68,29.69,0.42,6736,14.85,0.0,148.48,0.0
2020-07-08,Paraná,Sapopema,14.85,1,0,0.0,28,2,7.14,415.68,29.69,0.42,6736,14.85,0.0,148.48,14.85
2020-07-07,Paraná,Sapopema,0.0,0,0,0.0,27,2,7.41,400.83,29.69,0.4,6736,14.85,-14.85,133.63,0.0
2020-07-06,Paraná,Sapopema,0.0,0,0,0.0,27,2,7.41,400.83,29.69,0.4,6736,29.7,0.0,133.63,0.0
2020-07-05,Paraná,Sapopema,0.0,0,0,0.0,27,2,7.41,400.83,29.69,0.4,6736,29.7,-14.85,133.63,0.0
2020-07-04,Paraná,Sapopema,0.0,0,0,0.0,27,2,7.41,400.83,29.69,0.4,6736,44.55,0.0,133.63,0.0
2020-07-03,Paraná,Sapopema,0.0,0,0,0.0,27,2,7.41,400.83,29.69,0.4,6736,44.55,0.0,133.63,-14.85
2020-07-02,Paraná,Sapopema,0.0,0,0,0.0,27,2,7.41,400.83,29.69,0.4,6736,44.55,0.0,148.48,0.0
2020-07-01,Paraná,Sapopema,14.85,1,0,0.0,27,2,7.41,400.83,29.69,0.4,6736,44.55,0.0,148.48,14.85
2020-06-30,Paraná,Sapopema,14.85,1,0,0.0,26,2,7.69,385.99,29.69,0.39,6736,44.55,14.85,133.63,14.85
2020-06-29,Paraná,Sapopema,0.0,0,0,0.0,25,2,8.0,371.14,29.69,0.37,6736,29.7,0.0,118.78,0.0
2020-06-28,Paraná,Sapopema,14.85,1,0,0.0,25,2,8.0,371.14,29.69,0.37,6736,29.7,14.85,118.78,0.0
2020-06-27,Paraná,Sapopema,0.0,0,0,0.0,24,2,8.33,356.29,29.69,0.36,6736,14.85,-14.85,118.78,0.0
2020-06-26,Paraná,Sapopema,0.0,0,0,0.0,24,2,8.33,356.29,29.69,0.36,6736,29.7,-29.69,118.78,0.0
2020-06-25,Paraná,Sapopema,0.0,0,0,0.0,24,2,8.33,356.29,29.69,0.36,6736,59.39,0.0,118.78,-14.85
2020-06-24,Paraná,Sapopema,14.85,1,1,14.85,24,2,8.33,356.29,29.69,0.36,6736,59.39,14.85,133.63,-59.38
2020-06-23,Paraná,Sapopema,0.0,0,0,0.0,23,1,4.35,341.45,14.85,0.34,6736,44.54,0.0,193.01,-44.54
2020-06-22,Paraná,Sapopema,0.0,0,0,0.0,23,1,4.35,341.45,14.85,0.34,6736,44.54,0.0,237.55,-29.69
2020-06-21,Paraná,Sapopema,0.0,0,0,0.0,23,1,4.35,341.45,14.85,0.34,6736,44.54,0.0,267.24,-44.54
2020-06-20,Paraná,Sapopema,14.85,1,0,0.0,23,1,4.35,341.45,14.85,0.34,6736,44.54,14.85,311.78,0.0
2020-06-19,Paraná,Sapopema,29.69,2,0,0.0,22,1,4.55,326.6,14.85,0.33,6736,29.69,0.0,311.78,29.69
2020-06-18,Paraná,Sapopema,0.0,0,0,0.0,20,1,5.0,296.91,14.85,0.3,6736,29.69,0.0,282.09,0.0
2020-06-17,Paraná,Sapopema,0.0,0,0,0.0,20,1,5.0,296.91,14.85,0.3,6736,29.69,0.0,282.09,0.0
2020-06-16,Paraná,Sapopema,0.0,0,0,0.0,20,1,5.0,296.91,14.85,0.3,6736,29.69,0.0,282.09,0.0
2020-06-15,Paraná,Sapopema,0.0,0,0,0.0,20,1,5.0,296.91,14.85,0.3,6736,29.69,0.0,282.09,0.0
2020-06-14,Paraná,Sapopema,0.0,0,0,0.0,20,1,5.0,296.91,14.85,0.3,6736,29.69,0.0,282.09,0.0
2020-06-13,Paraná,Sapopema,0.0,0,0,0.0,20,1,5.0,296.91,14.85,0.3,6736,29.69,0.0,282.09,0.0
2020-06-12,Paraná,Sapopema,29.69,2,0,0.0,20,1,5.0,296.91,14.85,0.3,6736,29.69,14.84,282.09,29.69
2020-06-11,Paraná,Sapopema,0.0,0,0,0.0,18,1,5.56,267.22,14.85,0.27,6736,14.85,0.0,252.4,0.0
2020-06-10,Paraná,Sapopema,0.0,0,0,0.0,18,1,5.56,267.22,14.85,0.27,6736,14.85,0.0,252.4,0.0
2020-06-09,Paraná,Sapopema,0.0,0,0,0.0,18,1,5.56,267.22,14.85,0.27,6736,14.85,0.0,252.4,0.0
2020-06-08,Paraná,Sapopema,0.0,0,0,0.0,18,1,5.56,267.22,14.85,0.27,6736,14.85,0.0,252.4,0.0
2020-06-07,Paraná,Sapopema,0.0,0,0,0.0,18,1,5.56,267.22,14.85,0.27,6736,14.85,-14.85,252.4,0.0
2020-06-06,Paraná,Sapopema,0.0,0,0,0.0,18,1,5.56,267.22,14.85,0.27,6736,29.7,0.0,252.4,0.0
2020-06-05,Paraná,Sapopema,14.85,1,0,0.0,18,1,5.56,267.22,14.85,0.27,6736,29.7,14.85,252.4,14.85
2020-06-04,Paraná,Sapopema,0.0,0,0,0.0,17,1,5.88,252.38,14.85,0.25,6736,14.85,-14.85,237.55,0.0
2020-06-03,Paraná,Sapopema,0.0,0,0,0.0,17,1,5.88,252.38,14.85,0.25,6736,29.7,-74.23,237.55,0.0
2020-06-02,Paraná,Sapopema,0.0,0,0,0.0,17,1,5.88,252.38,14.85,0.25,6736,103.93,-44.54,237.55,0.0
2020-06-01,Paraná,Sapopema,0.0,0,0,0.0,17,1,5.88,252.38,14.85,0.25,6736,148.47,-29.69,237.55,0.0
2020-05-31,Paraná,Sapopema,14.85,1,0,0.0,17,1,5.88,252.38,14.85,0.25,6736,178.16,-29.69,237.55,14.85
2020-05-30,Paraná,Sapopema,0.0,0,0,0.0,16,1,6.25,237.53,14.85,0.24,6736,207.85,-14.85,222.7,0.0
2020-05-29,Paraná,Sapopema,0.0,0,0,0.0,16,1,6.25,237.53,14.85,0.24,6736,222.7,0.0,222.7,0.0
2020-05-28,Paraná,Sapopema,14.85,1,0,0.0,16,1,6.25,237.53,14.85,0.24,6736,222.7,14.85,222.7,14.85
2020-05-27,Paraná,Sapopema,74.23,5,0,0.0,15,1,6.67,222.68,14.85,0.22,6736,207.85,74.23,207.85,74.23
2020-05-26,Paraná,Sapopema,44.54,3,0,0.0,10,1,10.0,148.46,14.85,0.15,6736,133.62,44.54,133.62,44.54
2020-05-25,Paraná,Sapopema,29.69,2,0,0.0,7,1,14.29,103.92,14.85,0.1,6736,89.08,29.69,89.08,29.69
2020-05-24,Paraná,Sapopema,44.54,3,0,0.0,5,1,20.0,74.23,14.85,0.07,6736,59.39,44.54,59.39,44.54
2020-05-23,Paraná,Sapopema,14.85,1,1,14.85,2,1,50.0,29.69,14.85,0.03,6736,14.85,14.85,14.85,14.85
2020-05-22,Paraná,Sapopema,0.0,0,0,0.0,1,0,0.0,14.85,0.0,0.01,6736,0.0,0.0,0.0,0.0
2020-05-21,Paraná,Sapopema,0.0,0,0,0.0,1,0,0.0,14.85,0.0,0.01,6736,0.0,0.0,0.0,0.0
