date,state,district,1day_cases_100k,new_cases,new_deaths,new_deaths_100k,total_cases,total_deaths,cfr%,total_cases_100k,total_deaths_100k,%infected,population,7day_cases_100k,7day_cases_change,28day_cases_100k,28day_cases_change
2020-09-06,Madhya_Pradesh,Morena,0.31,6,0,0.0,2158,15,0.7,109.81,0.76,0.11,1965137,4.69,-0.2,19.82,-0.66
2020-09-05,Madhya_Pradesh,Morena,1.02,20,0,0.0,2152,15,0.7,109.51,0.76,0.11,1965137,4.89,0.15,20.48,-0.61
2020-09-04,Madhya_Pradesh,Morena,0.76,15,0,0.0,2132,15,0.7,108.49,0.76,0.11,1965137,4.74,0.1,21.09,-0.46
2020-09-03,Madhya_Pradesh,Morena,0.41,8,0,0.0,2117,15,0.71,107.73,0.76,0.11,1965137,4.64,-0.46,21.55,0.21
2020-09-02,Madhya_Pradesh,Morena,0.46,9,2,0.1,2109,15,0.71,107.32,0.76,0.11,1965137,5.1,-0.15,21.34,0.26
2020-09-01,Madhya_Pradesh,Morena,1.07,21,0,0.0,2100,13,0.62,106.86,0.66,0.11,1965137,5.25,0.2,21.08,-1.12
2020-08-31,Madhya_Pradesh,Morena,0.66,13,0,0.0,2079,13,0.63,105.79,0.66,0.11,1965137,5.05,0.41,22.2,-0.15
2020-08-30,Madhya_Pradesh,Morena,0.51,10,0,0.0,2066,13,0.63,105.13,0.66,0.11,1965137,4.64,-0.61,22.35,-1.42
2020-08-29,Madhya_Pradesh,Morena,0.87,17,0,0.0,2056,13,0.63,104.62,0.66,0.1,1965137,5.25,0.0,23.77,0.06
2020-08-28,Madhya_Pradesh,Morena,0.66,13,0,0.0,2039,13,0.64,103.76,0.66,0.1,1965137,5.25,0.15,23.71,0.35
2020-08-27,Madhya_Pradesh,Morena,0.87,17,0,0.0,2026,13,0.64,103.1,0.66,0.1,1965137,5.1,0.11,23.36,0.26
2020-08-26,Madhya_Pradesh,Morena,0.61,12,1,0.05,2009,13,0.65,102.23,0.66,0.1,1965137,4.99,-0.05,23.1,-0.61
2020-08-25,Madhya_Pradesh,Morena,0.87,17,0,0.0,1997,12,0.6,101.62,0.61,0.1,1965137,5.04,0.72,23.71,0.26
2020-08-24,Madhya_Pradesh,Morena,0.25,5,1,0.05,1980,12,0.61,100.76,0.61,0.1,1965137,4.32,-0.06,23.45,-0.72
2020-08-23,Madhya_Pradesh,Morena,1.12,22,0,0.0,1975,11,0.56,100.5,0.56,0.1,1965137,4.38,0.61,24.17,0.0
2020-08-22,Madhya_Pradesh,Morena,0.87,17,0,0.0,1953,11,0.56,99.38,0.56,0.1,1965137,3.77,0.41,24.17,-0.1
2020-08-21,Madhya_Pradesh,Morena,0.51,10,0,0.0,1936,11,0.57,98.52,0.56,0.1,1965137,3.36,-0.66,24.27,-1.98
2020-08-20,Madhya_Pradesh,Morena,0.76,15,0,0.0,1926,11,0.57,98.01,0.56,0.1,1965137,4.02,-0.41,26.25,0.3
2020-08-19,Madhya_Pradesh,Morena,0.66,13,0,0.0,1911,11,0.58,97.25,0.56,0.1,1965137,4.43,0.15,25.95,0.3
2020-08-18,Madhya_Pradesh,Morena,0.15,3,0,0.0,1898,11,0.58,96.58,0.56,0.1,1965137,4.28,-0.21,25.65,-3.0
2020-08-17,Madhya_Pradesh,Morena,0.31,6,0,0.0,1895,11,0.58,96.43,0.56,0.1,1965137,4.49,-1.62,28.65,-0.35
2020-08-16,Madhya_Pradesh,Morena,0.51,10,0,0.0,1889,11,0.58,96.13,0.56,0.1,1965137,6.11,-0.46,29.0,-4.73
2020-08-15,Madhya_Pradesh,Morena,0.46,9,0,0.0,1879,11,0.59,95.62,0.56,0.1,1965137,6.57,-1.17,33.73,-1.02
2020-08-14,Madhya_Pradesh,Morena,1.17,23,0,0.0,1870,11,0.59,95.16,0.56,0.1,1965137,7.74,-0.05,34.75,1.17
2020-08-13,Madhya_Pradesh,Morena,1.17,23,0,0.0,1847,11,0.6,93.99,0.56,0.09,1965137,7.79,0.97,33.58,-1.12
2020-08-12,Madhya_Pradesh,Morena,0.51,10,0,0.0,1824,11,0.6,92.82,0.56,0.09,1965137,6.82,0.31,34.7,-2.95
2020-08-11,Madhya_Pradesh,Morena,0.36,7,0,0.0,1814,11,0.61,92.31,0.56,0.09,1965137,6.51,-1.83,37.65,-4.63
2020-08-10,Madhya_Pradesh,Morena,1.93,38,0,0.0,1807,11,0.61,91.95,0.56,0.09,1965137,8.34,1.12,42.28,0.35
2020-08-09,Madhya_Pradesh,Morena,0.97,19,2,0.1,1769,11,0.62,90.02,0.56,0.09,1965137,7.22,-0.96,41.93,0.97
2020-08-08,Madhya_Pradesh,Morena,1.63,32,0,0.0,1750,9,0.51,89.05,0.46,0.09,1965137,8.18,0.82,40.96,-3.51
2020-08-07,Madhya_Pradesh,Morena,1.22,24,0,0.0,1718,9,0.52,87.42,0.46,0.09,1965137,7.36,0.91,44.47,1.07
2020-08-06,Madhya_Pradesh,Morena,0.2,4,0,0.0,1694,9,0.53,86.2,0.46,0.09,1965137,6.45,-0.41,43.4,-0.21
2020-08-05,Madhya_Pradesh,Morena,0.2,4,0,0.0,1690,9,0.53,86.0,0.46,0.09,1965137,6.86,-1.02,43.61,-5.65
2020-08-04,Madhya_Pradesh,Morena,2.19,43,0,0.0,1686,9,0.53,85.8,0.46,0.09,1965137,7.88,1.58,49.26,0.36
2020-08-03,Madhya_Pradesh,Morena,0.81,16,0,0.0,1643,9,0.55,83.61,0.46,0.08,1965137,6.3,-0.16,48.9,-0.61
2020-08-02,Madhya_Pradesh,Morena,1.93,38,0,0.0,1627,9,0.55,82.79,0.46,0.08,1965137,6.46,0.81,49.51,0.1
2020-08-01,Madhya_Pradesh,Morena,0.81,16,0,0.0,1589,9,0.57,80.86,0.46,0.08,1965137,5.65,-0.16,49.41,-3.16
2020-07-31,Madhya_Pradesh,Morena,0.31,6,0,0.0,1573,9,0.57,80.05,0.46,0.08,1965137,5.81,-2.18,52.57,0.21
2020-07-30,Madhya_Pradesh,Morena,0.61,12,0,0.0,1567,9,0.57,79.74,0.46,0.08,1965137,7.99,0.15,52.36,-2.29
2020-07-29,Madhya_Pradesh,Morena,1.22,24,0,0.0,1555,9,0.58,79.13,0.46,0.08,1965137,7.84,0.86,54.65,-2.49
2020-07-28,Madhya_Pradesh,Morena,0.61,12,0,0.0,1531,9,0.59,77.91,0.46,0.08,1965137,6.98,-2.54,57.14,-2.39
2020-07-27,Madhya_Pradesh,Morena,0.97,19,0,0.0,1519,9,0.59,77.3,0.46,0.08,1965137,9.52,0.31,59.53,-0.25
2020-07-26,Madhya_Pradesh,Morena,1.12,22,0,0.0,1500,9,0.6,76.33,0.46,0.08,1965137,9.21,-4.12,59.78,-1.27
2020-07-25,Madhya_Pradesh,Morena,0.97,19,0,0.0,1478,9,0.61,75.21,0.46,0.08,1965137,13.33,-0.51,61.05,0.05
2020-07-24,Madhya_Pradesh,Morena,2.49,49,1,0.05,1459,9,0.62,74.24,0.46,0.07,1965137,13.84,2.49,61.0,0.66
2020-07-23,Madhya_Pradesh,Morena,0.46,9,0,0.0,1410,8,0.57,71.75,0.41,0.07,1965137,11.35,-1.83,60.34,-0.05
2020-07-22,Madhya_Pradesh,Morena,0.36,7,0,0.0,1401,8,0.57,71.29,0.41,0.07,1965137,13.18,-3.1,60.39,-0.61
2020-07-21,Madhya_Pradesh,Morena,3.15,62,1,0.05,1394,8,0.57,70.94,0.41,0.07,1965137,16.28,-1.84,61.0,1.98
2020-07-20,Madhya_Pradesh,Morena,0.66,13,2,0.1,1332,7,0.53,67.78,0.36,0.07,1965137,18.12,-0.92,59.02,0.1
2020-07-19,Madhya_Pradesh,Morena,5.24,103,0,0.0,1319,5,0.38,67.12,0.25,0.07,1965137,19.04,5.24,58.92,5.04
2020-07-18,Madhya_Pradesh,Morena,1.48,29,0,0.0,1216,5,0.41,61.88,0.25,0.06,1965137,13.8,-3.66,53.88,1.23
2020-07-17,Madhya_Pradesh,Morena,0.0,0,0,0.0,1187,5,0.42,60.4,0.25,0.06,1965137,17.46,-0.15,52.65,0.0
2020-07-16,Madhya_Pradesh,Morena,2.29,45,0,0.0,1187,5,0.42,60.4,0.25,0.06,1965137,17.61,1.88,52.65,2.09
2020-07-15,Madhya_Pradesh,Morena,3.46,68,0,0.0,1142,5,0.44,58.11,0.25,0.06,1965137,15.73,-2.39,50.56,3.46
2020-07-14,Madhya_Pradesh,Morena,4.99,98,0,0.0,1074,5,0.47,54.65,0.25,0.05,1965137,18.12,3.16,47.1,4.99
2020-07-13,Madhya_Pradesh,Morena,1.58,31,0,0.0,976,5,0.51,49.67,0.25,0.05,1965137,14.96,0.16,42.11,1.48
2020-07-12,Madhya_Pradesh,Morena,0.0,0,0,0.0,945,5,0.53,48.09,0.25,0.05,1965137,14.8,-1.83,40.63,-0.2
2020-07-11,Madhya_Pradesh,Morena,5.14,101,0,0.0,945,5,0.53,48.09,0.25,0.05,1965137,16.63,1.17,40.83,5.04
2020-07-10,Madhya_Pradesh,Morena,0.15,3,0,0.0,844,5,0.59,42.95,0.25,0.04,1965137,15.46,0.05,35.79,0.1
2020-07-09,Madhya_Pradesh,Morena,0.41,8,0,0.0,841,5,0.59,42.8,0.25,0.04,1965137,15.41,-2.49,35.69,0.1
2020-07-08,Madhya_Pradesh,Morena,5.85,115,0,0.0,833,5,0.6,42.39,0.25,0.04,1965137,17.9,2.14,35.59,5.75
2020-07-07,Madhya_Pradesh,Morena,1.83,36,0,0.0,718,5,0.7,36.54,0.25,0.04,1965137,15.76,-1.17,29.84,1.58
2020-07-06,Madhya_Pradesh,Morena,1.42,28,0,0.0,682,5,0.73,34.7,0.25,0.03,1965137,16.93,0.2,28.26,0.96
2020-07-05,Madhya_Pradesh,Morena,1.83,36,0,0.0,654,5,0.76,33.28,0.25,0.03,1965137,16.73,-0.56,27.3,1.32
2020-07-04,Madhya_Pradesh,Morena,3.97,78,0,0.0,618,5,0.81,31.45,0.25,0.03,1965137,17.29,3.05,25.98,3.92
2020-07-03,Madhya_Pradesh,Morena,0.1,2,0,0.0,540,5,0.93,27.48,0.25,0.03,1965137,14.24,-1.73,22.06,-0.31
2020-07-02,Madhya_Pradesh,Morena,2.9,57,1,0.05,538,5,0.93,27.38,0.25,0.03,1965137,15.97,2.39,22.37,2.75
2020-07-01,Madhya_Pradesh,Morena,3.71,73,1,0.05,481,4,0.83,24.48,0.2,0.02,1965137,13.58,2.74,19.62,3.61
2020-06-30,Madhya_Pradesh,Morena,3.0,59,0,0.0,408,3,0.74,20.76,0.15,0.02,1965137,10.84,1.83,16.01,3.0
2020-06-29,Madhya_Pradesh,Morena,1.22,24,0,0.0,349,3,0.86,17.76,0.15,0.02,1965137,9.01,0.66,13.01,1.22
2020-06-28,Madhya_Pradesh,Morena,2.39,47,2,0.1,325,3,0.92,16.54,0.15,0.02,1965137,8.35,2.19,11.79,2.39
2020-06-27,Madhya_Pradesh,Morena,0.92,18,0,0.0,278,1,0.36,14.15,0.05,0.01,1965137,6.16,0.67,9.4,0.72
2020-06-26,Madhya_Pradesh,Morena,1.83,36,0,0.0,260,1,0.38,13.23,0.05,0.01,1965137,5.49,1.83,8.68,1.78
2020-06-25,Madhya_Pradesh,Morena,0.51,10,0,0.0,224,1,0.45,11.4,0.05,0.01,1965137,3.66,0.31,6.9,0.51
2020-06-24,Madhya_Pradesh,Morena,0.97,19,0,0.0,214,1,0.47,10.89,0.05,0.01,1965137,3.35,0.97,6.39,0.82
2020-06-23,Madhya_Pradesh,Morena,1.17,23,0,0.0,195,1,0.51,9.92,0.05,0.01,1965137,2.38,1.17,5.57,1.07
2020-06-22,Madhya_Pradesh,Morena,0.56,11,0,0.0,172,1,0.58,8.75,0.05,0.01,1965137,1.21,0.46,4.5,-0.05
2020-06-21,Madhya_Pradesh,Morena,0.2,4,0,0.0,161,1,0.62,8.19,0.05,0.01,1965137,0.75,0.0,4.55,0.0
2020-06-20,Madhya_Pradesh,Morena,0.25,5,0,0.0,157,1,0.64,7.99,0.05,0.01,1965137,0.75,0.15,4.55,0.25
2020-06-19,Madhya_Pradesh,Morena,0.0,0,0,0.0,152,1,0.66,7.73,0.05,0.01,1965137,0.6,-0.05,4.3,-0.46
2020-06-18,Madhya_Pradesh,Morena,0.2,4,0,0.0,152,1,0.66,7.73,0.05,0.01,1965137,0.65,-0.11,4.76,-0.51
2020-06-17,Madhya_Pradesh,Morena,0.0,0,0,0.0,148,1,0.68,7.53,0.05,0.01,1965137,0.76,-0.1,5.27,-0.31
2020-06-16,Madhya_Pradesh,Morena,0.0,0,0,0.0,148,1,0.68,7.53,0.05,0.01,1965137,0.86,-0.25,5.58,-0.2
2020-06-15,Madhya_Pradesh,Morena,0.1,2,0,0.0,148,1,0.68,7.53,0.05,0.01,1965137,1.11,-0.36,5.78,-0.15
2020-06-14,Madhya_Pradesh,Morena,0.2,4,0,0.0,146,1,0.68,7.43,0.05,0.01,1965137,1.47,-0.31,5.93,0.05
2020-06-13,Madhya_Pradesh,Morena,0.1,2,0,0.0,142,1,0.7,7.23,0.05,0.01,1965137,1.78,0.05,5.88,0.05
2020-06-12,Madhya_Pradesh,Morena,0.05,1,0,0.0,140,1,0.71,7.12,0.05,0.01,1965137,1.73,-0.36,5.83,0.05
2020-06-11,Madhya_Pradesh,Morena,0.31,6,0,0.0,139,1,0.72,7.07,0.05,0.01,1965137,2.09,0.16,5.78,0.31
2020-06-10,Madhya_Pradesh,Morena,0.1,2,0,0.0,133,1,0.75,6.77,0.05,0.01,1965137,1.93,0.0,5.47,0.1
2020-06-09,Madhya_Pradesh,Morena,0.25,5,0,0.0,131,1,0.76,6.67,0.05,0.01,1965137,1.93,0.25,5.37,0.1
2020-06-08,Madhya_Pradesh,Morena,0.46,9,0,0.0,126,1,0.79,6.41,0.05,0.01,1965137,1.68,0.46,5.27,0.46
2020-06-07,Madhya_Pradesh,Morena,0.51,10,0,0.0,117,1,0.85,5.95,0.05,0.01,1965137,1.22,0.51,4.81,0.51
2020-06-06,Madhya_Pradesh,Morena,0.05,1,0,0.0,107,1,0.93,5.44,0.05,0.01,1965137,0.71,-0.15,4.3,0.05
2020-06-05,Madhya_Pradesh,Morena,0.41,8,0,0.0,106,1,0.94,5.39,0.05,0.01,1965137,0.86,0.36,4.25,0.41
2020-06-04,Madhya_Pradesh,Morena,0.15,3,0,0.0,98,1,1.02,4.99,0.05,0.0,1965137,0.5,0.15,3.84,-0.1
2020-06-03,Madhya_Pradesh,Morena,0.1,2,0,0.0,95,1,1.05,4.83,0.05,0.0,1965137,0.35,-0.05,3.94,0.1
2020-06-02,Madhya_Pradesh,Morena,0.0,0,0,0.0,93,1,1.08,4.73,0.05,0.0,1965137,0.4,-0.1,3.84,0.0
2020-06-01,Madhya_Pradesh,Morena,0.0,0,0,0.0,93,1,1.08,4.73,0.05,0.0,1965137,0.5,-0.61,3.84,-0.05
2020-05-31,Madhya_Pradesh,Morena,0.0,0,0,0.0,93,1,1.08,4.73,0.05,0.0,1965137,1.11,-0.2,3.89,0.0
2020-05-30,Madhya_Pradesh,Morena,0.2,4,0,0.0,93,1,1.08,4.73,0.05,0.0,1965137,1.31,0.2,3.89,0.1
2020-05-29,Madhya_Pradesh,Morena,0.05,1,1,0.05,89,1,1.12,4.53,0.05,0.0,1965137,1.11,-0.41,3.79,0.0
2020-05-28,Madhya_Pradesh,Morena,0.0,0,0,0.0,88,0,0.0,4.48,0.0,0.0,1965137,1.52,-0.71,3.79,0.0
2020-05-27,Madhya_Pradesh,Morena,0.15,3,0,0.0,88,0,0.0,4.48,0.0,0.0,1965137,2.23,-0.16,3.79,0.15
2020-05-26,Madhya_Pradesh,Morena,0.1,2,0,0.0,85,0,0.0,4.33,0.0,0.0,1965137,2.39,-0.1,3.64,0.1
2020-05-25,Madhya_Pradesh,Morena,0.61,12,0,0.0,83,0,0.0,4.22,0.0,0.0,1965137,2.49,0.36,3.54,0.61
2020-05-24,Madhya_Pradesh,Morena,0.2,4,0,0.0,71,0,0.0,3.61,0.0,0.0,1965137,2.13,0.05,2.93,0.2
2020-05-23,Madhya_Pradesh,Morena,0.0,0,0,0.0,67,0,0.0,3.41,0.0,0.0,1965137,2.08,-0.05,2.73,0.0
2020-05-22,Madhya_Pradesh,Morena,0.46,9,0,0.0,67,0,0.0,3.41,0.0,0.0,1965137,2.13,0.46,2.73,0.46
2020-05-21,Madhya_Pradesh,Morena,0.71,14,0,0.0,58,0,0.0,2.95,0.0,0.0,1965137,1.67,0.71,2.27,0.71
2020-05-20,Madhya_Pradesh,Morena,0.31,6,0,0.0,44,0,0.0,2.24,0.0,0.0,1965137,0.96,0.31,1.56,0.31
2020-05-19,Madhya_Pradesh,Morena,0.2,4,0,0.0,38,0,0.0,1.93,0.0,0.0,1965137,0.65,0.05,1.25,0.2
2020-05-18,Madhya_Pradesh,Morena,0.25,5,0,0.0,34,0,0.0,1.73,0.0,0.0,1965137,0.6,0.25,1.05,0.25
2020-05-17,Madhya_Pradesh,Morena,0.15,3,0,0.0,29,0,0.0,1.48,0.0,0.0,1965137,0.35,0.15,0.8,0.15
2020-05-16,Madhya_Pradesh,Morena,0.05,1,0,0.0,26,0,0.0,1.32,0.0,0.0,1965137,0.2,0.05,0.65,0.05
2020-05-15,Madhya_Pradesh,Morena,0.0,0,0,0.0,25,0,0.0,1.27,0.0,0.0,1965137,0.15,0.0,0.6,0.0
2020-05-14,Madhya_Pradesh,Morena,0.0,0,0,0.0,25,0,0.0,1.27,0.0,0.0,1965137,0.15,-0.25,0.6,0.0
2020-05-13,Madhya_Pradesh,Morena,0.0,0,0,0.0,25,0,0.0,1.27,0.0,0.0,1965137,0.4,0.0,0.6,0.0
2020-05-12,Madhya_Pradesh,Morena,0.15,3,0,0.0,25,0,0.0,1.27,0.0,0.0,1965137,0.4,0.15,0.6,0.15
2020-05-11,Madhya_Pradesh,Morena,0.0,0,0,0.0,22,0,0.0,1.12,0.0,0.0,1965137,0.25,-0.05,0.45,0.0
2020-05-10,Madhya_Pradesh,Morena,0.0,0,0,0.0,22,0,0.0,1.12,0.0,0.0,1965137,0.3,0.0,0.45,0.0
2020-05-09,Madhya_Pradesh,Morena,0.0,0,0,0.0,22,0,0.0,1.12,0.0,0.0,1965137,0.3,-0.1,0.45,0.0
2020-05-08,Madhya_Pradesh,Morena,0.0,0,0,0.0,22,0,0.0,1.12,0.0,0.0,1965137,0.4,-0.05,0.45,0.0
2020-05-07,Madhya_Pradesh,Morena,0.25,5,0,0.0,22,0,0.0,1.12,0.0,0.0,1965137,0.45,0.25,0.45,0.25
2020-05-06,Madhya_Pradesh,Morena,0.0,0,0,0.0,17,0,0.0,0.87,0.0,0.0,1965137,0.2,0.0,0.2,0.0
2020-05-05,Madhya_Pradesh,Morena,0.0,0,0,0.0,17,0,0.0,0.87,0.0,0.0,1965137,0.2,0.0,0.2,0.0
2020-05-04,Madhya_Pradesh,Morena,0.05,1,0,0.0,17,0,0.0,0.87,0.0,0.0,1965137,0.2,0.05,0.2,0.05
2020-05-03,Madhya_Pradesh,Morena,0.0,0,0,0.0,16,0,0.0,0.81,0.0,0.0,1965137,0.15,0.0,0.15,0.0
2020-05-02,Madhya_Pradesh,Morena,0.1,2,0,0.0,16,0,0.0,0.81,0.0,0.0,1965137,0.15,0.1,0.15,0.1
2020-05-01,Madhya_Pradesh,Morena,0.05,1,0,0.0,14,0,0.0,0.71,0.0,0.0,1965137,0.05,0.05,0.05,0.05
2020-04-30,Madhya_Pradesh,Morena,0.0,0,0,0.0,13,0,0.0,0.66,0.0,0.0,1965137,0.0,0.0,0.0,0.0
2020-04-29,Madhya_Pradesh,Morena,0.0,0,0,0.0,13,0,0.0,0.66,0.0,0.0,1965137,0.0,0.0,0.0,0.0
2020-04-28,Madhya_Pradesh,Morena,0.0,0,0,0.0,13,0,0.0,0.66,0.0,0.0,1965137,0.0,0.0,0.0,0.0
2020-04-27,Madhya_Pradesh,Morena,0.0,0,0,0.0,13,0,0.0,0.66,0.0,0.0,1965137,0.0,0.0,0.0,0.0
2020-04-26,Madhya_Pradesh,Morena,0.0,0,0,0.0,13,0,0.0,0.66,0.0,0.0,1965137,0.0,0.0,0.0,0.0
