date,state,district,1day_cases_100k,new_cases,new_deaths,new_deaths_100k,total_cases,total_deaths,cfr%,total_cases_100k,total_deaths_100k,%infected,population,7day_cases_100k,7day_cases_change,28day_cases_100k,28day_cases_change
2021-05-23,Lakshadweep,Lakshadweep,299.35,193,0,0.0,6611,24,0.36,10253.9,37.22,10.25,64473,2860.11,117.88,6956.4,44.98
2021-05-22,Lakshadweep,Lakshadweep,491.68,317,2,3.1,6418,24,0.37,9954.55,37.22,9.95,64473,2742.23,364.49,6911.42,248.17
2021-05-21,Lakshadweep,Lakshadweep,535.11,345,2,3.1,6101,22,0.36,9462.88,34.12,9.46,64473,2377.74,266.78,6663.25,327.27
2021-05-20,Lakshadweep,Lakshadweep,449.8,290,2,3.1,5756,20,0.35,8927.77,31.02,8.93,64473,2110.96,150.45,6335.98,224.9
2021-05-19,Lakshadweep,Lakshadweep,393.96,254,3,4.65,5466,18,0.33,8477.97,27.92,8.48,64473,1960.51,215.59,6111.08,97.71
2021-05-18,Lakshadweep,Lakshadweep,350.53,226,1,1.55,5212,15,0.29,8084.0,23.27,8.08,64473,1744.92,187.67,6013.37,268.33
2021-05-17,Lakshadweep,Lakshadweep,339.68,219,0,0.0,4986,14,0.28,7733.47,21.71,7.73,64473,1557.25,183.03,5745.04,158.21
2021-05-16,Lakshadweep,Lakshadweep,181.47,117,1,1.55,4767,14,0.29,7393.79,21.71,7.39,64473,1374.22,-12.41,5586.83,4.65
2021-05-15,Lakshadweep,Lakshadweep,127.19,82,0,0.0,4650,13,0.28,7212.32,20.16,7.21,64473,1386.63,-69.79,5582.18,-37.22
2021-05-14,Lakshadweep,Lakshadweep,268.33,173,0,0.0,4568,13,0.28,7085.14,20.16,7.09,64473,1456.42,111.68,5619.4,200.08
2021-05-13,Lakshadweep,Lakshadweep,299.35,193,2,3.1,4395,13,0.3,6816.81,20.16,6.82,64473,1344.74,63.59,5419.32,212.49
2021-05-12,Lakshadweep,Lakshadweep,178.37,115,1,1.55,4202,11,0.26,6517.46,17.06,6.52,64473,1281.15,-18.61,5206.83,161.31
2021-05-11,Lakshadweep,Lakshadweep,162.86,105,0,0.0,4087,10,0.24,6339.09,15.51,6.34,64473,1299.76,-99.27,5045.52,130.29
2021-05-10,Lakshadweep,Lakshadweep,156.65,101,1,1.55,3982,10,0.25,6176.23,15.51,6.18,64473,1399.03,48.08,4915.23,134.94
2021-05-09,Lakshadweep,Lakshadweep,193.88,125,0,0.0,3881,9,0.23,6019.57,13.96,6.02,64473,1350.95,58.94,4780.29,186.12
2021-05-08,Lakshadweep,Lakshadweep,196.98,127,0,0.0,3756,9,0.24,5825.69,13.96,5.83,64473,1292.01,-44.98,4594.17,181.47
2021-05-07,Lakshadweep,Lakshadweep,156.65,101,1,1.55,3629,9,0.25,5628.71,13.96,5.63,64473,1336.99,-6.21,4412.7,147.34
2021-05-06,Lakshadweep,Lakshadweep,235.76,152,1,1.55,3528,8,0.23,5472.06,12.41,5.47,64473,1343.2,-9.3,4265.36,223.35
2021-05-05,Lakshadweep,Lakshadweep,196.98,127,1,1.55,3376,7,0.21,5236.3,10.86,5.24,64473,1352.5,37.22,4042.01,167.51
2021-05-04,Lakshadweep,Lakshadweep,262.13,169,0,0.0,3249,6,0.18,5039.32,9.31,5.04,64473,1315.28,23.27,3874.5,251.27
2021-05-03,Lakshadweep,Lakshadweep,108.57,70,2,3.1,3080,6,0.19,4777.19,9.31,4.78,64473,1292.01,-79.11,3623.23,103.92
2021-05-02,Lakshadweep,Lakshadweep,134.94,87,0,0.0,3010,4,0.13,4668.62,6.2,4.67,64473,1371.12,-119.43,3519.31,133.39
2021-05-01,Lakshadweep,Lakshadweep,241.96,156,0,0.0,2923,4,0.14,4533.68,6.2,4.53,64473,1490.55,-1.55,3385.92,231.1
2021-04-30,Lakshadweep,Lakshadweep,162.86,105,0,0.0,2767,4,0.14,4291.72,6.2,4.29,64473,1492.1,-44.98,3154.82,152.0
2021-04-29,Lakshadweep,Lakshadweep,245.06,158,3,4.65,2662,4,0.15,4128.86,6.2,4.13,64473,1537.08,20.16,3002.82,240.41
2021-04-28,Lakshadweep,Lakshadweep,159.76,103,0,0.0,2504,1,0.04,3883.8,1.55,3.88,64473,1516.92,-136.49,2762.41,152.0
2021-04-27,Lakshadweep,Lakshadweep,238.86,154,0,0.0,2401,1,0.04,3724.04,1.55,3.72,64473,1653.41,156.66,2610.41,234.21
2021-04-26,Lakshadweep,Lakshadweep,187.68,121,0,0.0,2247,1,0.04,3485.18,1.55,3.49,64473,1496.75,6.21,2376.2,187.68
2021-04-25,Lakshadweep,Lakshadweep,254.37,164,0,0.0,2126,1,0.05,3297.5,1.55,3.3,64473,1490.54,77.55,2188.52,252.82
2021-04-24,Lakshadweep,Lakshadweep,243.51,157,0,0.0,1962,1,0.05,3043.13,1.55,3.04,64473,1412.99,79.1,1935.7,243.51
2021-04-23,Lakshadweep,Lakshadweep,207.84,134,0,0.0,1805,1,0.06,2799.62,1.55,2.8,64473,1333.89,139.59,1692.19,198.53
2021-04-22,Lakshadweep,Lakshadweep,224.9,145,0,0.0,1671,1,0.06,2591.78,1.55,2.59,64473,1194.3,138.04,1493.66,210.94
2021-04-21,Lakshadweep,Lakshadweep,296.25,191,0,0.0,1526,1,0.07,2366.88,1.55,2.37,64473,1056.26,279.19,1282.72,293.15
2021-04-20,Lakshadweep,Lakshadweep,82.2,53,0,0.0,1335,1,0.07,2070.63,1.55,2.07,64473,777.07,49.63,989.57,72.89
2021-04-19,Lakshadweep,Lakshadweep,181.47,117,0,0.0,1282,1,0.08,1988.43,1.55,1.99,64473,727.44,159.76,916.68,142.69
2021-04-18,Lakshadweep,Lakshadweep,176.82,114,0,0.0,1165,1,0.09,1806.96,1.55,1.81,64473,567.68,169.06,773.99,148.9
2021-04-17,Lakshadweep,Lakshadweep,164.41,106,0,0.0,1051,1,0.1,1630.14,1.55,1.63,64473,398.62,148.9,625.09,164.41
2021-04-16,Lakshadweep,Lakshadweep,68.25,44,0,0.0,945,1,0.11,1465.73,1.55,1.47,64473,249.72,58.94,460.68,63.6
2021-04-15,Lakshadweep,Lakshadweep,86.86,56,0,0.0,901,1,0.11,1397.48,1.55,1.4,64473,190.78,74.45,397.08,79.1
2021-04-14,Lakshadweep,Lakshadweep,17.06,11,0,0.0,845,1,0.12,1310.63,1.55,1.31,64473,116.33,-12.41,317.98,-4.65
2021-04-13,Lakshadweep,Lakshadweep,32.57,21,0,0.0,834,1,0.12,1293.56,1.55,1.29,64473,128.74,21.71,322.63,3.1
2021-04-12,Lakshadweep,Lakshadweep,21.71,14,0,0.0,813,1,0.12,1260.99,1.55,1.26,64473,107.03,17.06,319.53,18.61
2021-04-11,Lakshadweep,Lakshadweep,7.76,5,0,0.0,799,1,0.13,1239.28,1.55,1.24,64473,89.97,6.21,300.92,6.21
2021-04-10,Lakshadweep,Lakshadweep,15.51,10,0,0.0,794,1,0.13,1231.52,1.55,1.23,64473,83.76,4.65,294.71,-9.31
2021-04-09,Lakshadweep,Lakshadweep,9.31,6,0,0.0,784,1,0.13,1216.01,1.55,1.22,64473,79.11,-1.55,304.02,-18.61
2021-04-08,Lakshadweep,Lakshadweep,12.41,8,0,0.0,778,1,0.13,1206.71,1.55,1.21,64473,80.66,7.76,322.63,-57.39
2021-04-07,Lakshadweep,Lakshadweep,29.47,19,0,0.0,770,1,0.13,1194.3,1.55,1.19,64473,72.9,21.71,380.02,6.2
2021-04-06,Lakshadweep,Lakshadweep,10.86,7,0,0.0,751,1,0.13,1164.83,1.55,1.16,64473,51.19,6.21,373.82,-12.41
2021-04-05,Lakshadweep,Lakshadweep,4.65,3,0,0.0,744,1,0.13,1153.97,1.55,1.15,64473,44.98,4.65,386.23,-7.76
2021-04-04,Lakshadweep,Lakshadweep,1.55,1,0,0.0,741,1,0.13,1149.32,1.55,1.15,64473,40.33,0.0,393.99,-18.61
2021-04-03,Lakshadweep,Lakshadweep,10.86,7,0,0.0,740,1,0.14,1147.77,1.55,1.15,64473,40.33,10.86,412.6,3.1
2021-04-02,Lakshadweep,Lakshadweep,10.86,7,0,0.0,733,1,0.14,1136.91,1.55,1.14,64473,29.47,1.55,409.5,-55.83
2021-04-01,Lakshadweep,Lakshadweep,4.65,3,0,0.0,726,1,0.14,1126.05,1.55,1.13,64473,27.92,-9.31,465.33,-13.96
2021-03-31,Lakshadweep,Lakshadweep,7.76,5,0,0.0,723,1,0.14,1121.4,1.55,1.12,64473,37.23,4.66,479.29,-3.1
2021-03-30,Lakshadweep,Lakshadweep,4.65,3,0,0.0,718,1,0.14,1113.64,1.55,1.11,64473,32.57,-4.66,482.39,-10.86
2021-03-29,Lakshadweep,Lakshadweep,0.0,0,0,0.0,715,1,0.14,1108.99,1.55,1.11,64473,37.23,-38.78,493.25,-23.27
2021-03-28,Lakshadweep,Lakshadweep,1.55,1,0,0.0,715,1,0.14,1108.99,1.55,1.11,64473,76.01,-26.37,516.52,-34.12
2021-03-27,Lakshadweep,Lakshadweep,0.0,0,0,0.0,714,1,0.14,1107.44,1.55,1.11,64473,102.38,0.0,550.64,-40.33
2021-03-26,Lakshadweep,Lakshadweep,9.31,6,0,0.0,714,1,0.14,1107.44,1.55,1.11,64473,102.38,4.66,590.97,6.21
2021-03-25,Lakshadweep,Lakshadweep,13.96,9,0,0.0,708,1,0.14,1098.13,1.55,1.1,64473,97.72,6.2,584.76,0.0
2021-03-24,Lakshadweep,Lakshadweep,3.1,2,0,0.0,699,1,0.14,1084.17,1.55,1.08,64473,91.52,-18.61,584.76,-6.21
2021-03-23,Lakshadweep,Lakshadweep,9.31,6,0,0.0,697,1,0.14,1081.07,1.55,1.08,64473,110.13,-20.16,590.97,-23.26
2021-03-22,Lakshadweep,Lakshadweep,38.78,25,0,0.0,691,1,0.14,1071.77,1.55,1.07,64473,130.29,35.68,614.23,15.51
2021-03-21,Lakshadweep,Lakshadweep,27.92,18,0,0.0,666,1,0.15,1032.99,1.55,1.03,64473,94.61,26.37,598.72,23.27
2021-03-20,Lakshadweep,Lakshadweep,0.0,0,0,0.0,648,1,0.15,1005.07,1.55,1.01,64473,68.24,-24.82,575.45,-7.76
2021-03-19,Lakshadweep,Lakshadweep,4.65,3,0,0.0,648,1,0.15,1005.07,1.55,1.01,64473,93.06,-23.27,583.21,-9.31
2021-03-18,Lakshadweep,Lakshadweep,7.76,5,0,0.0,645,1,0.16,1000.42,1.55,1.0,64473,116.33,-62.04,592.52,4.66
2021-03-17,Lakshadweep,Lakshadweep,21.71,14,0,0.0,640,1,0.16,992.66,1.55,0.99,64473,178.37,-1.56,587.86,6.2
2021-03-16,Lakshadweep,Lakshadweep,29.47,19,0,0.0,626,1,0.16,970.95,1.55,0.97,64473,179.93,6.2,581.66,3.1
2021-03-15,Lakshadweep,Lakshadweep,3.1,2,0,0.0,607,1,0.16,941.48,1.55,0.94,64473,173.73,-9.31,578.56,1.55
2021-03-14,Lakshadweep,Lakshadweep,1.55,1,0,0.0,605,1,0.17,938.38,1.55,0.94,64473,183.04,-18.61,577.01,-12.41
2021-03-13,Lakshadweep,Lakshadweep,24.82,16,0,0.0,604,1,0.17,936.83,1.55,0.94,64473,201.65,17.06,589.42,-31.02
2021-03-12,Lakshadweep,Lakshadweep,27.92,18,0,0.0,588,1,0.17,912.01,1.55,0.91,64473,184.59,-38.77,620.44,26.37
2021-03-11,Lakshadweep,Lakshadweep,69.8,45,0,0.0,570,1,0.18,884.09,1.55,0.88,64473,223.36,51.19,594.07,60.49
2021-03-10,Lakshadweep,Lakshadweep,23.27,15,0,0.0,525,1,0.19,814.29,1.55,0.81,64473,172.17,12.41,533.58,0.0
2021-03-09,Lakshadweep,Lakshadweep,23.27,15,0,0.0,510,1,0.2,791.03,1.55,0.79,64473,159.76,7.76,533.58,4.66
2021-03-08,Lakshadweep,Lakshadweep,12.41,8,0,0.0,495,1,0.2,767.76,1.55,0.77,64473,152.0,-10.86,528.92,10.86
2021-03-07,Lakshadweep,Lakshadweep,20.16,13,0,0.0,487,1,0.21,755.35,1.55,0.76,64473,162.86,-15.51,518.06,17.06
2021-03-06,Lakshadweep,Lakshadweep,7.76,5,0,0.0,474,1,0.21,735.19,1.55,0.74,64473,178.37,-32.57,501.0,-7.75
2021-03-05,Lakshadweep,Lakshadweep,66.69,43,0,0.0,469,1,0.21,727.44,1.55,0.73,64473,210.94,63.59,508.75,43.42
2021-03-04,Lakshadweep,Lakshadweep,18.61,12,0,0.0,426,1,0.23,660.74,1.55,0.66,64473,147.35,4.65,465.33,12.41
2021-03-03,Lakshadweep,Lakshadweep,10.86,7,0,0.0,414,1,0.24,642.13,1.55,0.64,64473,142.7,1.55,452.92,6.21
2021-03-02,Lakshadweep,Lakshadweep,15.51,10,0,0.0,407,1,0.25,631.27,1.55,0.63,64473,141.15,-17.06,446.71,-15.51
2021-03-01,Lakshadweep,Lakshadweep,23.27,15,0,0.0,397,1,0.25,615.76,1.55,0.62,64473,158.21,0.0,462.22,4.66
2021-02-28,Lakshadweep,Lakshadweep,35.67,23,0,0.0,382,1,0.26,592.5,1.55,0.59,64473,158.21,31.02,457.56,23.26
2021-02-27,Lakshadweep,Lakshadweep,40.33,26,0,0.0,359,1,0.28,556.82,1.55,0.56,64473,127.19,32.57,434.3,26.37
2021-02-26,Lakshadweep,Lakshadweep,3.1,2,0,0.0,333,1,0.3,516.5,1.55,0.52,64473,94.62,-10.86,407.93,1.55
2021-02-25,Lakshadweep,Lakshadweep,13.96,9,1,1.55,331,1,0.3,513.39,1.55,0.51,64473,105.48,10.86,406.38,13.96
2021-02-24,Lakshadweep,Lakshadweep,9.31,6,0,0.0,322,0,0.0,499.43,0.0,0.5,64473,94.62,-6.2,392.42,9.31
2021-02-23,Lakshadweep,Lakshadweep,32.57,21,0,0.0,316,0,0.0,490.13,0.0,0.49,64473,100.82,6.2,383.11,29.47
2021-02-22,Lakshadweep,Lakshadweep,23.27,15,0,0.0,295,0,0.0,457.56,0.0,0.46,64473,94.62,21.72,353.64,7.76
2021-02-21,Lakshadweep,Lakshadweep,4.65,3,0,0.0,280,0,0.0,434.29,0.0,0.43,64473,72.9,-9.31,345.88,4.65
2021-02-20,Lakshadweep,Lakshadweep,7.76,5,0,0.0,277,0,0.0,429.64,0.0,0.43,64473,82.21,-48.08,341.23,-3.1
2021-02-19,Lakshadweep,Lakshadweep,13.96,9,0,0.0,272,0,0.0,421.88,0.0,0.42,64473,130.29,12.41,344.33,10.86
2021-02-18,Lakshadweep,Lakshadweep,3.1,2,0,0.0,263,0,0.0,407.92,0.0,0.41,64473,117.88,-6.21,333.47,-24.82
2021-02-17,Lakshadweep,Lakshadweep,15.51,10,0,0.0,261,0,0.0,404.82,0.0,0.4,64473,124.09,-7.76,358.29,1.55
2021-02-16,Lakshadweep,Lakshadweep,26.37,17,0,0.0,251,0,0.0,389.31,0.0,0.39,64473,131.85,7.76,356.74,15.51
2021-02-15,Lakshadweep,Lakshadweep,1.55,1,0,0.0,234,0,0.0,362.94,0.0,0.36,64473,124.09,0.0,341.23,-9.31
2021-02-14,Lakshadweep,Lakshadweep,13.96,9,0,0.0,233,0,0.0,361.39,0.0,0.36,64473,124.09,10.86,350.54,13.96
2021-02-13,Lakshadweep,Lakshadweep,55.84,36,0,0.0,224,0,0.0,347.43,0.0,0.35,64473,113.23,40.33,336.58,55.84
2021-02-12,Lakshadweep,Lakshadweep,1.55,1,0,0.0,188,0,0.0,291.59,0.0,0.29,64473,72.9,-21.72,280.74,1.55
2021-02-11,Lakshadweep,Lakshadweep,9.31,6,0,0.0,187,0,0.0,290.04,0.0,0.29,64473,94.62,3.11,279.19,9.31
2021-02-10,Lakshadweep,Lakshadweep,23.27,15,0,0.0,181,0,0.0,280.74,0.0,0.28,64473,91.51,18.62,269.88,23.27
2021-02-09,Lakshadweep,Lakshadweep,18.61,12,0,0.0,166,0,0.0,257.47,0.0,0.26,64473,72.89,-12.41,246.61,18.61
2021-02-08,Lakshadweep,Lakshadweep,1.55,1,0,0.0,154,0,0.0,238.86,0.0,0.24,64473,85.3,-17.06,228.0,1.55
2021-02-07,Lakshadweep,Lakshadweep,3.1,2,0,0.0,153,0,0.0,237.31,0.0,0.24,64473,102.36,-9.31,226.45,3.1
2021-02-06,Lakshadweep,Lakshadweep,15.51,10,0,0.0,151,0,0.0,234.21,0.0,0.23,64473,111.67,1.55,223.35,15.51
2021-02-05,Lakshadweep,Lakshadweep,23.27,15,0,0.0,141,0,0.0,218.7,0.0,0.22,64473,110.12,21.72,207.84,23.27
2021-02-04,Lakshadweep,Lakshadweep,6.2,4,0,0.0,126,0,0.0,195.43,0.0,0.2,64473,88.4,6.2,184.57,6.2
2021-02-03,Lakshadweep,Lakshadweep,4.65,3,0,0.0,122,0,0.0,189.23,0.0,0.19,64473,82.2,4.65,178.37,4.65
2021-02-02,Lakshadweep,Lakshadweep,31.02,20,0,0.0,119,0,0.0,184.57,0.0,0.18,64473,77.55,27.92,173.72,31.02
2021-02-01,Lakshadweep,Lakshadweep,18.61,12,0,0.0,99,0,0.0,153.55,0.0,0.15,64473,49.63,3.1,142.7,18.61
2021-01-31,Lakshadweep,Lakshadweep,12.41,8,0,0.0,87,0,0.0,134.94,0.0,0.13,64473,46.53,12.41,124.09,12.41
2021-01-30,Lakshadweep,Lakshadweep,13.96,9,0,0.0,79,0,0.0,122.53,0.0,0.12,64473,34.12,3.1,111.68,13.96
2021-01-29,Lakshadweep,Lakshadweep,1.55,1,0,0.0,70,0,0.0,108.57,0.0,0.11,64473,31.02,-1.55,97.72,1.55
2021-01-28,Lakshadweep,Lakshadweep,0.0,0,0,0.0,69,0,0.0,107.02,0.0,0.11,64473,32.57,-27.92,96.17,0.0
2021-01-27,Lakshadweep,Lakshadweep,0.0,0,0,0.0,69,0,0.0,107.02,0.0,0.11,64473,60.49,-13.96,96.17,0.0
2021-01-26,Lakshadweep,Lakshadweep,3.1,2,0,0.0,69,0,0.0,107.02,0.0,0.11,64473,74.45,-7.76,96.17,3.1
2021-01-25,Lakshadweep,Lakshadweep,15.51,10,0,0.0,67,0,0.0,103.92,0.0,0.1,64473,82.21,4.65,93.07,15.51
2021-01-24,Lakshadweep,Lakshadweep,0.0,0,0,0.0,57,0,0.0,88.41,0.0,0.09,64473,77.56,0.0,77.56,0.0
2021-01-23,Lakshadweep,Lakshadweep,10.86,7,0,0.0,57,0,0.0,88.41,0.0,0.09,64473,77.56,10.86,77.56,10.86
2021-01-22,Lakshadweep,Lakshadweep,3.1,2,0,0.0,50,0,0.0,77.55,0.0,0.08,64473,66.7,3.1,66.7,3.1
2021-01-21,Lakshadweep,Lakshadweep,27.92,18,0,0.0,48,0,0.0,74.45,0.0,0.07,64473,63.6,27.92,63.6,27.92
2021-01-20,Lakshadweep,Lakshadweep,13.96,9,0,0.0,30,0,0.0,46.53,0.0,0.05,64473,35.68,13.96,35.68,13.96
2021-01-19,Lakshadweep,Lakshadweep,10.86,7,0,0.0,21,0,0.0,32.57,0.0,0.03,64473,21.72,10.86,21.72,10.86
2021-01-18,Lakshadweep,Lakshadweep,10.86,7,0,0.0,14,0,0.0,21.71,0.0,0.02,64473,10.86,10.86,10.86,10.86
