date,state,district,1day_cases_100k,new_cases,new_deaths,new_deaths_100k,total_cases,total_deaths,cfr%,total_cases_100k,total_deaths_100k,%infected,population,7day_cases_100k,7day_cases_change,28day_cases_100k,28day_cases_change
2020-09-10,Maharashtra,Jalna,4.7,92,9,0.46,5595,161,2.88,285.68,8.22,0.29,1958483,47.09,-0.25,140.01,0.56
2020-09-09,Maharashtra,Jalna,11.13,218,1,0.05,5503,152,2.76,280.98,7.76,0.28,1958483,47.34,4.24,139.45,6.23
2020-09-08,Maharashtra,Jalna,6.03,118,1,0.05,5285,151,2.86,269.85,7.71,0.27,1958483,43.1,1.18,133.22,-0.91
2020-09-07,Maharashtra,Jalna,4.95,97,1,0.05,5167,150,2.9,263.83,7.66,0.26,1958483,41.92,0.2,134.13,0.87
2020-09-06,Maharashtra,Jalna,7.51,147,2,0.1,5070,149,2.94,258.87,7.61,0.26,1958483,41.72,4.09,133.26,1.89
2020-09-05,Maharashtra,Jalna,5.77,113,3,0.15,4923,147,2.99,251.37,7.51,0.25,1958483,37.63,2.04,131.37,-4.54
2020-09-04,Maharashtra,Jalna,7.0,137,3,0.15,4810,144,2.99,245.6,7.35,0.25,1958483,35.59,3.89,135.91,3.89
2020-09-03,Maharashtra,Jalna,4.95,97,4,0.2,4673,141,3.02,238.6,7.2,0.24,1958483,31.7,2.75,132.02,1.58
2020-09-02,Maharashtra,Jalna,6.89,135,2,0.1,4576,137,2.99,233.65,7.0,0.23,1958483,28.95,3.78,130.44,6.33
2020-09-01,Maharashtra,Jalna,4.85,95,3,0.15,4441,135,3.04,226.76,6.89,0.23,1958483,25.17,3.22,124.11,4.8
2020-08-31,Maharashtra,Jalna,4.75,93,2,0.1,4346,132,3.04,221.91,6.74,0.22,1958483,21.95,3.07,119.31,3.78
2020-08-30,Maharashtra,Jalna,3.42,67,0,0.0,4253,130,3.06,217.16,6.64,0.22,1958483,18.88,-1.18,115.53,1.99
2020-08-29,Maharashtra,Jalna,3.73,73,2,0.1,4186,130,3.11,213.74,6.64,0.21,1958483,20.06,0.67,113.54,2.61
2020-08-28,Maharashtra,Jalna,3.11,61,1,0.05,4113,128,3.11,210.01,6.54,0.21,1958483,19.39,-0.72,110.93,1.73
2020-08-27,Maharashtra,Jalna,2.2,43,4,0.2,4052,127,3.13,206.89,6.48,0.21,1958483,20.11,-5.92,109.2,-0.35
2020-08-26,Maharashtra,Jalna,3.11,61,0,0.0,4009,123,3.07,204.7,6.28,0.2,1958483,26.03,-4.55,109.55,2.24
2020-08-25,Maharashtra,Jalna,1.63,32,1,0.05,3948,123,3.12,201.58,6.28,0.2,1958483,30.58,-1.59,107.31,-1.18
2020-08-24,Maharashtra,Jalna,1.68,33,1,0.05,3916,122,3.12,199.95,6.23,0.2,1958483,32.17,-8.84,108.49,0.2
2020-08-23,Maharashtra,Jalna,4.6,90,3,0.15,3883,121,3.12,198.27,6.18,0.2,1958483,41.01,0.62,108.29,2.35
2020-08-22,Maharashtra,Jalna,3.06,60,2,0.1,3793,118,3.11,193.67,6.03,0.19,1958483,40.39,0.4,105.94,-2.45
2020-08-21,Maharashtra,Jalna,3.83,75,2,0.1,3733,116,3.11,190.61,5.92,0.19,1958483,39.99,-1.12,108.39,2.2
2020-08-20,Maharashtra,Jalna,8.12,159,0,0.0,3658,114,3.12,186.78,5.82,0.19,1958483,41.11,3.98,106.19,7.76
2020-08-19,Maharashtra,Jalna,7.66,150,0,0.0,3499,114,3.26,178.66,5.82,0.18,1958483,37.13,2.76,98.43,4.85
2020-08-18,Maharashtra,Jalna,3.22,63,0,0.0,3349,114,3.4,171.0,5.82,0.17,1958483,34.37,-3.72,93.58,0.41
2020-08-17,Maharashtra,Jalna,10.52,206,1,0.05,3286,114,3.47,167.78,5.82,0.17,1958483,38.09,6.44,93.17,5.67
2020-08-16,Maharashtra,Jalna,3.98,78,0,0.0,3080,113,3.67,157.26,5.77,0.16,1958483,31.65,-1.64,87.5,0.51
2020-08-15,Maharashtra,Jalna,2.66,52,10,0.51,3002,113,3.76,153.28,5.77,0.15,1958483,33.29,-7.65,86.99,-0.91
2020-08-14,Maharashtra,Jalna,4.95,97,1,0.05,2950,103,3.49,150.63,5.26,0.15,1958483,40.94,1.84,87.9,0.76
2020-08-13,Maharashtra,Jalna,4.14,81,2,0.1,2853,102,3.58,145.67,5.21,0.15,1958483,39.1,0.77,87.14,1.23
2020-08-12,Maharashtra,Jalna,4.9,96,3,0.15,2772,100,3.61,141.54,5.11,0.14,1958483,38.33,4.34,85.91,4.64
2020-08-11,Maharashtra,Jalna,6.94,136,2,0.1,2676,97,3.62,136.64,4.95,0.14,1958483,33.99,6.89,81.27,6.89
2020-08-10,Maharashtra,Jalna,4.08,80,9,0.46,2540,95,3.74,129.69,4.85,0.13,1958483,27.1,3.11,74.38,-1.03
2020-08-09,Maharashtra,Jalna,5.62,110,1,0.05,2460,86,3.5,125.61,4.39,0.13,1958483,23.99,4.19,75.41,1.69
2020-08-08,Maharashtra,Jalna,10.31,202,6,0.31,2350,85,3.62,119.99,4.34,0.12,1958483,19.8,9.19,73.72,8.98
2020-08-07,Maharashtra,Jalna,3.11,61,0,0.0,2148,79,3.68,109.68,4.03,0.11,1958483,10.61,1.73,64.74,1.68
2020-08-06,Maharashtra,Jalna,3.37,66,0,0.0,2087,79,3.79,106.56,4.03,0.11,1958483,8.88,0.82,63.06,3.01
2020-08-05,Maharashtra,Jalna,0.56,11,1,0.05,2021,79,3.91,103.19,4.03,0.1,1958483,8.06,-0.31,60.05,-0.1
2020-08-04,Maharashtra,Jalna,0.05,1,0,0.0,2010,78,3.88,102.63,3.98,0.1,1958483,8.37,-2.76,60.15,-3.73
2020-08-03,Maharashtra,Jalna,0.97,19,1,0.05,2009,78,3.88,102.58,3.98,0.1,1958483,11.13,-0.51,63.88,-1.02
2020-08-02,Maharashtra,Jalna,1.43,28,2,0.1,1990,77,3.87,101.61,3.93,0.1,1958483,11.64,-0.82,64.9,-0.41
2020-08-01,Maharashtra,Jalna,1.12,22,1,0.05,1962,75,3.82,100.18,3.83,0.1,1958483,12.46,-4.39,65.31,-2.15
2020-07-31,Maharashtra,Jalna,1.38,27,1,0.05,1940,74,3.81,99.06,3.78,0.1,1958483,16.85,-0.25,67.46,1.07
2020-07-30,Maharashtra,Jalna,2.55,50,0,0.0,1913,73,3.82,97.68,3.73,0.1,1958483,17.1,2.19,66.39,1.02
2020-07-29,Maharashtra,Jalna,0.87,17,4,0.2,1863,73,3.92,95.12,3.73,0.1,1958483,14.91,-1.94,65.37,-0.71
2020-07-28,Maharashtra,Jalna,2.81,55,1,0.05,1846,69,3.74,94.26,3.52,0.09,1958483,16.85,0.0,66.08,1.94
2020-07-27,Maharashtra,Jalna,1.48,29,0,0.0,1791,68,3.8,91.45,3.47,0.09,1958483,16.85,-3.37,64.14,-0.92
2020-07-26,Maharashtra,Jalna,2.25,44,1,0.05,1762,68,3.86,89.97,3.47,0.09,1958483,20.22,-1.22,65.06,1.33
2020-07-25,Maharashtra,Jalna,5.51,108,3,0.15,1718,67,3.9,87.72,3.42,0.09,1958483,21.44,1.94,63.73,2.85
2020-07-24,Maharashtra,Jalna,1.63,32,3,0.15,1610,64,3.98,82.21,3.27,0.08,1958483,19.5,-2.56,60.88,1.27
2020-07-23,Maharashtra,Jalna,0.36,7,3,0.15,1578,61,3.87,80.57,3.11,0.08,1958483,22.06,-2.55,59.61,-0.46
2020-07-22,Maharashtra,Jalna,2.81,55,1,0.05,1571,58,3.69,80.22,2.96,0.08,1958483,24.61,2.55,60.07,2.81
2020-07-21,Maharashtra,Jalna,2.81,55,1,0.05,1516,57,3.76,77.41,2.91,0.08,1958483,22.06,2.76,57.26,1.64
2020-07-20,Maharashtra,Jalna,4.85,95,1,0.05,1461,56,3.83,74.6,2.86,0.07,1958483,19.3,-0.26,55.62,4.49
2020-07-19,Maharashtra,Jalna,3.47,68,1,0.05,1366,55,4.03,69.75,2.81,0.07,1958483,19.56,-0.46,51.13,3.21
2020-07-18,Maharashtra,Jalna,3.57,70,0,0.0,1298,54,4.16,66.28,2.76,0.07,1958483,20.02,2.24,47.92,1.89
2020-07-17,Maharashtra,Jalna,4.19,82,4,0.2,1228,54,4.4,62.7,2.76,0.06,1958483,17.78,2.76,46.03,3.78
2020-07-16,Maharashtra,Jalna,2.91,57,0,0.0,1146,50,4.36,58.51,2.55,0.06,1958483,15.02,2.55,42.25,2.65
2020-07-15,Maharashtra,Jalna,0.26,5,3,0.15,1089,50,4.59,55.6,2.55,0.06,1958483,12.47,-0.4,39.6,-0.71
2020-07-14,Maharashtra,Jalna,0.05,1,0,0.0,1084,47,4.34,55.35,2.4,0.06,1958483,12.87,-3.73,40.31,-0.72
2020-07-13,Maharashtra,Jalna,5.11,100,0,0.0,1083,47,4.34,55.3,2.4,0.06,1958483,16.6,3.12,41.03,4.7
2020-07-12,Maharashtra,Jalna,3.93,77,3,0.15,983,47,4.78,50.19,2.4,0.05,1958483,13.48,2.09,36.33,3.22
2020-07-11,Maharashtra,Jalna,1.33,26,8,0.41,906,44,4.86,46.26,2.25,0.05,1958483,11.39,-1.94,33.11,0.92
2020-07-10,Maharashtra,Jalna,1.43,28,1,0.05,880,36,4.09,44.93,1.84,0.04,1958483,13.33,1.12,32.19,0.15
2020-07-09,Maharashtra,Jalna,0.36,7,1,0.05,852,35,4.11,43.5,1.79,0.04,1958483,12.21,-1.17,32.04,0.36
2020-07-08,Maharashtra,Jalna,0.66,13,3,0.15,845,34,4.02,43.15,1.74,0.04,1958483,13.38,-0.92,31.68,-0.16
2020-07-07,Maharashtra,Jalna,3.78,74,2,0.1,832,31,3.73,42.48,1.58,0.04,1958483,14.3,2.91,31.84,3.73
2020-07-06,Maharashtra,Jalna,1.99,39,5,0.26,758,29,3.83,38.7,1.48,0.04,1958483,11.39,-0.41,28.11,0.97
2020-07-05,Maharashtra,Jalna,1.84,36,0,0.0,719,24,3.34,36.71,1.23,0.04,1958483,11.8,0.92,27.14,1.28
2020-07-04,Maharashtra,Jalna,3.27,64,0,0.0,683,24,3.51,34.87,1.23,0.03,1958483,10.88,0.61,25.86,2.91
2020-07-03,Maharashtra,Jalna,0.31,6,5,0.26,619,24,3.88,31.61,1.23,0.03,1958483,10.27,-0.05,22.95,-0.25
2020-07-02,Maharashtra,Jalna,1.53,30,2,0.1,613,19,3.1,31.3,0.97,0.03,1958483,10.32,0.71,23.2,1.27
2020-07-01,Maharashtra,Jalna,1.58,31,3,0.15,583,17,2.92,29.77,0.87,0.03,1958483,9.61,1.58,21.93,0.35
2020-06-30,Maharashtra,Jalna,0.87,17,0,0.0,552,14,2.54,28.19,0.71,0.03,1958483,8.03,-0.3,21.58,0.82
2020-06-29,Maharashtra,Jalna,2.4,47,0,0.0,535,14,2.62,27.32,0.71,0.03,1958483,8.33,2.04,20.76,2.2
2020-06-28,Maharashtra,Jalna,0.92,18,1,0.05,488,14,2.87,24.92,0.71,0.02,1958483,6.29,0.66,18.56,0.61
2020-06-27,Maharashtra,Jalna,2.66,52,1,0.05,470,13,2.77,24.0,0.66,0.02,1958483,5.63,0.98,17.95,2.56
2020-06-26,Maharashtra,Jalna,0.36,7,0,0.0,418,12,2.87,21.34,0.61,0.02,1958483,4.65,-0.05,15.39,-1.17
2020-06-25,Maharashtra,Jalna,0.82,16,0,0.0,411,12,2.92,20.99,0.61,0.02,1958483,4.7,0.56,16.56,0.41
2020-06-24,Maharashtra,Jalna,0.0,0,1,0.05,395,12,3.04,20.17,0.61,0.02,1958483,4.14,-0.97,16.15,-0.31
2020-06-23,Maharashtra,Jalna,1.17,23,0,0.0,395,11,2.78,20.17,0.56,0.02,1958483,5.11,0.4,16.46,0.66
2020-06-22,Maharashtra,Jalna,0.36,7,0,0.0,372,11,2.96,18.99,0.56,0.02,1958483,4.71,-0.05,15.8,0.0
2020-06-21,Maharashtra,Jalna,0.26,5,0,0.0,365,11,3.01,18.64,0.56,0.02,1958483,4.76,-0.45,15.8,0.16
2020-06-20,Maharashtra,Jalna,1.68,33,-1,-0.05,360,11,3.06,18.38,0.56,0.02,1958483,5.21,1.27,15.64,1.27
2020-06-19,Maharashtra,Jalna,0.41,8,0,0.0,327,12,3.67,16.7,0.61,0.02,1958483,3.94,-0.87,14.37,0.26
2020-06-18,Maharashtra,Jalna,0.26,5,0,0.0,319,12,3.76,16.29,0.61,0.02,1958483,4.81,0.26,14.11,0.0
2020-06-17,Maharashtra,Jalna,0.97,19,0,0.0,314,12,3.82,16.03,0.61,0.02,1958483,4.55,0.15,14.11,0.97
2020-06-16,Maharashtra,Jalna,0.77,15,4,0.2,295,12,4.07,15.06,0.61,0.02,1958483,4.4,0.72,13.14,0.67
2020-06-15,Maharashtra,Jalna,0.41,8,2,0.1,280,8,2.86,14.3,0.41,0.01,1958483,3.68,-0.61,12.47,0.0
2020-06-14,Maharashtra,Jalna,0.71,14,0,0.0,272,6,2.21,13.89,0.31,0.01,1958483,4.29,0.15,12.47,0.35
2020-06-13,Maharashtra,Jalna,0.41,8,0,0.0,258,6,2.33,13.17,0.31,0.01,1958483,4.14,0.05,12.12,0.41
2020-06-12,Maharashtra,Jalna,1.28,25,0,0.0,250,6,2.4,12.76,0.31,0.01,1958483,4.09,0.72,11.71,1.23
2020-06-11,Maharashtra,Jalna,0.0,0,1,0.05,225,6,2.67,11.49,0.31,0.01,1958483,3.37,-0.26,10.48,-0.2
2020-06-10,Maharashtra,Jalna,0.82,16,0,0.0,225,5,2.22,11.49,0.26,0.01,1958483,3.63,-0.41,10.68,0.82
2020-06-09,Maharashtra,Jalna,0.05,1,0,0.0,209,5,2.39,10.67,0.26,0.01,1958483,4.04,0.0,9.86,-0.05
2020-06-08,Maharashtra,Jalna,1.02,20,1,0.05,208,5,2.4,10.62,0.26,0.01,1958483,4.04,0.82,9.91,0.92
2020-06-07,Maharashtra,Jalna,0.56,11,1,0.05,188,4,2.13,9.6,0.2,0.01,1958483,3.22,0.25,8.99,0.56
2020-06-06,Maharashtra,Jalna,0.36,7,0,0.0,177,3,1.69,9.04,0.15,0.01,1958483,2.97,0.26,8.43,0.36
2020-06-05,Maharashtra,Jalna,0.56,11,0,0.0,170,3,1.76,8.68,0.15,0.01,1958483,2.71,-0.97,8.07,0.36
2020-06-04,Maharashtra,Jalna,0.26,5,1,0.05,159,3,1.89,8.12,0.15,0.01,1958483,3.68,-0.15,7.71,0.26
2020-06-03,Maharashtra,Jalna,1.23,24,1,0.05,154,2,1.3,7.86,0.1,0.01,1958483,3.83,0.92,7.45,1.23
2020-06-02,Maharashtra,Jalna,0.05,1,0,0.0,130,1,0.77,6.64,0.05,0.01,1958483,2.91,-0.46,6.22,0.05
2020-06-01,Maharashtra,Jalna,0.2,4,1,0.05,129,1,0.78,6.59,0.05,0.01,1958483,3.37,-0.16,6.17,0.2
2020-05-31,Maharashtra,Jalna,0.31,6,0,0.0,125,0,0.0,6.38,0.0,0.01,1958483,3.53,0.21,5.97,0.31
2020-05-30,Maharashtra,Jalna,0.1,2,0,0.0,119,0,0.0,6.08,0.0,0.01,1958483,3.32,-0.31,5.66,-0.16
2020-05-29,Maharashtra,Jalna,1.53,30,0,0.0,117,0,0.0,5.97,0.0,0.01,1958483,3.63,1.38,5.82,1.48
2020-05-28,Maharashtra,Jalna,0.41,8,0,0.0,87,0,0.0,4.44,0.0,0.0,1958483,2.25,0.15,4.34,0.41
2020-05-27,Maharashtra,Jalna,0.31,6,0,0.0,79,0,0.0,4.03,0.0,0.0,1958483,2.1,0.31,3.93,0.31
2020-05-26,Maharashtra,Jalna,0.51,10,0,0.0,73,0,0.0,3.73,0.0,0.0,1958483,1.79,0.41,3.62,0.51
2020-05-25,Maharashtra,Jalna,0.36,7,0,0.0,63,0,0.0,3.22,0.0,0.0,1958483,1.38,-0.05,3.11,0.36
2020-05-24,Maharashtra,Jalna,0.1,2,0,0.0,56,0,0.0,2.86,0.0,0.0,1958483,1.43,-0.26,2.75,0.1
2020-05-23,Maharashtra,Jalna,0.41,8,0,0.0,54,0,0.0,2.76,0.0,0.0,1958483,1.69,0.41,2.65,0.41
2020-05-22,Maharashtra,Jalna,0.15,3,0,0.0,46,0,0.0,2.35,0.0,0.0,1958483,1.28,0.1,2.24,0.15
2020-05-21,Maharashtra,Jalna,0.26,5,0,0.0,43,0,0.0,2.2,0.0,0.0,1958483,1.18,0.06,2.09,0.26
2020-05-20,Maharashtra,Jalna,0.0,0,0,0.0,38,0,0.0,1.94,0.0,0.0,1958483,1.12,0.0,1.83,0.0
2020-05-19,Maharashtra,Jalna,0.1,2,0,0.0,38,0,0.0,1.94,0.0,0.0,1958483,1.12,0.0,1.83,0.1
2020-05-18,Maharashtra,Jalna,0.41,8,0,0.0,36,0,0.0,1.84,0.0,0.0,1958483,1.12,0.31,1.73,0.41
2020-05-17,Maharashtra,Jalna,0.36,7,0,0.0,28,0,0.0,1.43,0.0,0.0,1958483,0.81,0.36,1.32,0.36
2020-05-16,Maharashtra,Jalna,0.0,0,0,0.0,21,0,0.0,1.07,0.0,0.0,1958483,0.45,0.0,0.96,0.0
2020-05-15,Maharashtra,Jalna,0.05,1,0,0.0,21,0,0.0,1.07,0.0,0.0,1958483,0.45,-0.15,0.96,0.05
2020-05-14,Maharashtra,Jalna,0.2,4,0,0.0,20,0,0.0,1.02,0.0,0.0,1958483,0.6,0.2,0.91,0.2
2020-05-13,Maharashtra,Jalna,0.0,0,0,0.0,16,0,0.0,0.82,0.0,0.0,1958483,0.4,0.0,0.71,0.0
2020-05-12,Maharashtra,Jalna,0.1,2,0,0.0,16,0,0.0,0.82,0.0,0.0,1958483,0.4,0.1,0.71,0.1
2020-05-11,Maharashtra,Jalna,0.1,2,0,0.0,14,0,0.0,0.71,0.0,0.0,1958483,0.3,0.1,0.61,0.1
2020-05-10,Maharashtra,Jalna,0.0,0,0,0.0,12,0,0.0,0.61,0.0,0.0,1958483,0.2,0.0,0.51,0.0
2020-05-09,Maharashtra,Jalna,0.0,0,0,0.0,12,0,0.0,0.61,0.0,0.0,1958483,0.2,-0.26,0.51,0.0
2020-05-08,Maharashtra,Jalna,0.2,4,0,0.0,12,0,0.0,0.61,0.0,0.0,1958483,0.46,0.15,0.51,0.2
2020-05-07,Maharashtra,Jalna,0.0,0,0,0.0,8,0,0.0,0.41,0.0,0.0,1958483,0.31,0.0,0.31,0.0
2020-05-06,Maharashtra,Jalna,0.0,0,0,0.0,8,0,0.0,0.41,0.0,0.0,1958483,0.31,0.0,0.31,0.0
2020-05-05,Maharashtra,Jalna,0.0,0,0,0.0,8,0,0.0,0.41,0.0,0.0,1958483,0.31,0.0,0.31,0.0
2020-05-04,Maharashtra,Jalna,0.0,0,0,0.0,8,0,0.0,0.41,0.0,0.0,1958483,0.31,0.0,0.31,0.0
2020-05-03,Maharashtra,Jalna,0.0,0,0,0.0,8,0,0.0,0.41,0.0,0.0,1958483,0.31,0.0,0.31,0.0
2020-05-02,Maharashtra,Jalna,0.26,5,0,0.0,8,0,0.0,0.41,0.0,0.0,1958483,0.31,0.26,0.31,0.26
2020-05-01,Maharashtra,Jalna,0.05,1,0,0.0,3,0,0.0,0.15,0.0,0.0,1958483,0.05,0.05,0.05,0.05
2020-04-30,Maharashtra,Jalna,0.0,0,0,0.0,2,0,0.0,0.1,0.0,0.0,1958483,0.0,0.0,0.0,0.0
2020-04-29,Maharashtra,Jalna,0.0,0,0,0.0,2,0,0.0,0.1,0.0,0.0,1958483,0.0,0.0,0.0,0.0
2020-04-28,Maharashtra,Jalna,0.0,0,0,0.0,2,0,0.0,0.1,0.0,0.0,1958483,0.0,0.0,0.0,0.0
2020-04-27,Maharashtra,Jalna,0.0,0,0,0.0,2,0,0.0,0.1,0.0,0.0,1958483,0.0,0.0,0.0,0.0
2020-04-26,Maharashtra,Jalna,0.0,0,0,0.0,2,0,0.0,0.1,0.0,0.0,1958483,0.0,0.0,0.0,0.0
