date,state,city,new_cases_100k,new_cases,new_deaths,new_deaths_100k,total_cases,total_deaths,cfr%,total_cases_100k,total_deaths_100k,%infected,population
2020-07-18,Amazonas,Amaturá,43.34,5,0.0,0.0,480,8,1.67,4160.89,69.35,4.16,11536
2020-07-17,Amazonas,Amaturá,8.67,1,0.0,0.0,475,8,1.68,4117.55,69.35,4.12,11536
2020-07-16,Amazonas,Amaturá,17.34,2,0.0,0.0,474,8,1.69,4108.88,69.35,4.11,11536
2020-07-15,Amazonas,Amaturá,34.67,4,0.0,0.0,472,8,1.69,4091.54,69.35,4.09,11536
2020-07-14,Amazonas,Amaturá,34.67,4,0.0,0.0,468,8,1.71,4056.87,69.35,4.06,11536
2020-07-13,Amazonas,Amaturá,0.0,0,0.0,0.0,464,8,1.72,4022.19,69.35,4.02,11536
2020-07-12,Amazonas,Amaturá,0.0,0,0.0,0.0,464,8,1.72,4022.19,69.35,4.02,11536
2020-07-11,Amazonas,Amaturá,69.35,8,0.0,0.0,464,8,1.72,4022.19,69.35,4.02,11536
2020-07-10,Amazonas,Amaturá,26.01,3,0.0,0.0,456,8,1.75,3952.84,69.35,3.95,11536
2020-07-09,Amazonas,Amaturá,43.34,5,0.0,0.0,453,8,1.77,3926.84,69.35,3.93,11536
2020-07-08,Amazonas,Amaturá,34.67,4,0.0,0.0,448,8,1.79,3883.5,69.35,3.88,11536
2020-07-07,Amazonas,Amaturá,17.34,2,0.0,0.0,444,8,1.8,3848.82,69.35,3.85,11536
2020-07-06,Amazonas,Amaturá,0.0,0,0.0,0.0,442,8,1.81,3831.48,69.35,3.83,11536
2020-07-05,Amazonas,Amaturá,8.67,1,0.0,0.0,442,8,1.81,3831.48,69.35,3.83,11536
2020-07-04,Amazonas,Amaturá,86.69,10,0.0,0.0,441,8,1.81,3822.82,69.35,3.82,11536
2020-07-03,Amazonas,Amaturá,17.34,2,0.0,0.0,431,8,1.86,3736.13,69.35,3.74,11536
2020-07-02,Amazonas,Amaturá,121.36,14,0.0,0.0,429,8,1.86,3718.79,69.35,3.72,11536
2020-07-01,Amazonas,Amaturá,0.0,0,0.0,0.0,415,8,1.93,3597.43,69.35,3.6,11536
2020-06-30,Amazonas,Amaturá,52.01,6,0.0,0.0,415,8,1.93,3597.43,69.35,3.6,11536
2020-06-29,Amazonas,Amaturá,0.0,0,0.0,0.0,409,8,1.96,3545.42,69.35,3.55,11536
2020-06-28,Amazonas,Amaturá,86.69,10,0.0,0.0,409,8,1.96,3545.42,69.35,3.55,11536
2020-06-27,Amazonas,Amaturá,95.35,11,0.0,0.0,399,8,2.01,3458.74,69.35,3.46,11536
2020-06-26,Amazonas,Amaturá,112.69,13,0.0,0.0,388,8,2.06,3363.38,69.35,3.36,11536
2020-06-25,Amazonas,Amaturá,43.34,5,0.0,0.0,375,8,2.13,3250.69,69.35,3.25,11536
2020-06-24,Amazonas,Amaturá,52.01,6,0.0,0.0,370,8,2.16,3207.35,69.35,3.21,11536
2020-06-23,Amazonas,Amaturá,8.67,1,0.0,0.0,364,8,2.2,3155.34,69.35,3.16,11536
2020-06-22,Amazonas,Amaturá,0.0,0,0.0,0.0,363,8,2.2,3146.67,69.35,3.15,11536
2020-06-21,Amazonas,Amaturá,8.67,1,0.0,0.0,363,8,2.2,3146.67,69.35,3.15,11536
2020-06-20,Amazonas,Amaturá,8.67,1,0.0,0.0,362,8,2.21,3138.0,69.35,3.14,11536
2020-06-19,Amazonas,Amaturá,8.67,1,0.0,0.0,361,8,2.22,3129.33,69.35,3.13,11536
2020-06-18,Amazonas,Amaturá,26.01,3,0.0,0.0,360,8,2.22,3120.67,69.35,3.12,11536
2020-06-17,Amazonas,Amaturá,0.0,0,0.0,0.0,357,8,2.24,3094.66,69.35,3.09,11536
2020-06-16,Amazonas,Amaturá,52.01,6,0.0,0.0,357,8,2.24,3094.66,69.35,3.09,11536
2020-06-15,Amazonas,Amaturá,0.0,0,0.0,0.0,351,8,2.28,3042.65,69.35,3.04,11536
2020-06-14,Amazonas,Amaturá,34.67,4,0.0,0.0,351,8,2.28,3042.65,69.35,3.04,11536
2020-06-13,Amazonas,Amaturá,26.01,3,0.0,0.0,347,8,2.31,3007.98,69.35,3.01,11536
2020-06-12,Amazonas,Amaturá,8.67,1,0.0,0.0,344,8,2.33,2981.97,69.35,2.98,11536
2020-06-11,Amazonas,Amaturá,8.67,1,0.0,0.0,343,8,2.33,2973.3,69.35,2.97,11536
2020-06-10,Amazonas,Amaturá,52.01,6,0.0,0.0,342,8,2.34,2964.63,69.35,2.96,11536
2020-06-09,Amazonas,Amaturá,17.34,2,0.0,0.0,336,8,2.38,2912.62,69.35,2.91,11536
2020-06-08,Amazonas,Amaturá,0.0,0,0.0,0.0,334,8,2.4,2895.28,69.35,2.9,11536
2020-06-07,Amazonas,Amaturá,26.01,3,0.0,0.0,334,8,2.4,2895.28,69.35,2.9,11536
2020-06-06,Amazonas,Amaturá,17.34,2,0.0,0.0,331,8,2.42,2869.28,69.35,2.87,11536
2020-06-05,Amazonas,Amaturá,26.01,3,0.0,0.0,329,8,2.43,2851.94,69.35,2.85,11536
2020-06-04,Amazonas,Amaturá,43.34,5,0.0,0.0,326,8,2.45,2825.94,69.35,2.83,11536
2020-06-03,Amazonas,Amaturá,34.67,4,0.0,0.0,321,8,2.49,2782.59,69.35,2.78,11536
2020-06-02,Amazonas,Amaturá,69.35,8,0.0,0.0,317,8,2.52,2747.92,69.35,2.75,11536
2020-06-01,Amazonas,Amaturá,78.02,9,2.0,17.34,309,8,2.59,2678.57,69.35,2.68,11536
2020-05-31,Amazonas,Amaturá,173.37,20,0.0,0.0,300,6,2.0,2600.55,52.01,2.6,11536
2020-05-30,Amazonas,Amaturá,60.68,7,0.0,0.0,280,6,2.14,2427.18,52.01,2.43,11536
2020-05-29,Amazonas,Amaturá,268.72,31,0.0,0.0,273,6,2.2,2366.5,52.01,2.37,11536
2020-05-28,Amazonas,Amaturá,95.35,11,0.0,0.0,242,6,2.48,2097.78,52.01,2.1,11536
2020-05-27,Amazonas,Amaturá,147.36,17,0.0,0.0,231,6,2.6,2002.43,52.01,2.0,11536
2020-05-26,Amazonas,Amaturá,164.7,19,0.0,0.0,214,6,2.8,1855.06,52.01,1.86,11536
2020-05-25,Amazonas,Amaturá,0.0,0,0.0,0.0,195,6,3.08,1690.36,52.01,1.69,11536
2020-05-24,Amazonas,Amaturá,0.0,0,0.0,0.0,195,6,3.08,1690.36,52.01,1.69,11536
2020-05-23,Amazonas,Amaturá,104.02,12,0.0,0.0,195,6,3.08,1690.36,52.01,1.69,11536
2020-05-22,Amazonas,Amaturá,0.0,0,0.0,0.0,183,6,3.28,1586.34,52.01,1.59,11536
2020-05-21,Amazonas,Amaturá,26.01,3,1.0,8.67,183,6,3.28,1586.34,52.01,1.59,11536
2020-05-20,Amazonas,Amaturá,52.01,6,0.0,0.0,180,5,2.78,1560.33,43.34,1.56,11536
2020-05-19,Amazonas,Amaturá,8.67,1,0.0,0.0,174,5,2.87,1508.32,43.34,1.51,11536
2020-05-18,Amazonas,Amaturá,26.01,3,1.0,8.67,173,5,2.89,1499.65,43.34,1.5,11536
2020-05-17,Amazonas,Amaturá,17.34,2,0.0,0.0,170,4,2.35,1473.65,34.67,1.47,11536
2020-05-16,Amazonas,Amaturá,43.34,5,0.0,0.0,168,4,2.38,1456.31,34.67,1.46,11536
2020-05-15,Amazonas,Amaturá,78.02,9,0.0,0.0,163,4,2.45,1412.97,34.67,1.41,11536
2020-05-14,Amazonas,Amaturá,182.04,21,1.0,8.67,154,4,2.6,1334.95,34.67,1.33,11536
2020-05-13,Amazonas,Amaturá,164.7,19,0.0,0.0,133,3,2.26,1152.91,26.01,1.15,11536
2020-05-12,Amazonas,Amaturá,138.7,16,0.0,0.0,114,3,2.63,988.21,26.01,0.99,11536
2020-05-11,Amazonas,Amaturá,78.02,9,1.0,8.67,98,3,3.06,849.51,26.01,0.85,11536
2020-05-10,Amazonas,Amaturá,17.34,2,0.0,0.0,89,2,2.25,771.5,17.34,0.77,11536
2020-05-09,Amazonas,Amaturá,164.7,19,0.0,0.0,87,2,2.3,754.16,17.34,0.75,11536
2020-05-08,Amazonas,Amaturá,26.01,3,1.0,8.67,68,2,2.94,589.46,17.34,0.59,11536
2020-05-07,Amazonas,Amaturá,17.34,2,0.0,0.0,65,1,1.54,563.45,8.67,0.56,11536
2020-05-06,Amazonas,Amaturá,242.72,28,0.0,0.0,63,1,1.59,546.12,8.67,0.55,11536
2020-05-05,Amazonas,Amaturá,43.34,5,0.0,0.0,35,1,2.86,303.4,8.67,0.3,11536
2020-05-04,Amazonas,Amaturá,43.34,5,0.0,0.0,30,1,3.33,260.06,8.67,0.26,11536
2020-05-03,Amazonas,Amaturá,0.0,0,1.0,8.67,25,1,4.0,216.71,8.67,0.22,11536
2020-05-02,Amazonas,Amaturá,0.0,0,0.0,0.0,25,0,0.0,216.71,0.0,0.22,11536
2020-05-01,Amazonas,Amaturá,0.0,0,0.0,0.0,25,0,0.0,216.71,0.0,0.22,11536
2020-04-30,Amazonas,Amaturá,0.0,0,0.0,0.0,25,0,0.0,216.71,0.0,0.22,11536
2020-04-29,Amazonas,Amaturá,43.34,5,0.0,0.0,25,0,0.0,216.71,0.0,0.22,11536
2020-04-28,Amazonas,Amaturá,8.67,1,0.0,0.0,20,0,0.0,173.37,0.0,0.17,11536
2020-04-27,Amazonas,Amaturá,0.0,0,0.0,0.0,19,0,0.0,164.7,0.0,0.16,11536
2020-04-26,Amazonas,Amaturá,43.34,5,0.0,0.0,19,0,0.0,164.7,0.0,0.16,11536
2020-04-25,Amazonas,Amaturá,17.34,2,0.0,0.0,14,0,0.0,121.36,0.0,0.12,11536
2020-04-24,Amazonas,Amaturá,104.02,12,0.0,0.0,12,0,0.0,104.02,0.0,0.1,11536
