date,state,city,1day_cases_100k,new_cases,new_deaths,new_deaths_100k,total_cases,total_deaths,cfr%,total_cases_100k,total_deaths_100k,%infected,population,7day_cases_100k,7day_cases_change,28day_cases_100k,28day_cases_change
2020-08-27,Amazonas,Caapiranga,15.29,2,1,7.64,285,7,2.46,2178.73,53.51,2.18,13081,53.51,15.29,420.41,15.29
2020-08-26,Amazonas,Caapiranga,15.29,2,0,0.0,283,6,2.12,2163.44,45.87,2.16,13081,38.22,7.65,405.12,7.65
2020-08-25,Amazonas,Caapiranga,0.0,0,0,0.0,281,6,2.14,2148.15,45.87,2.15,13081,30.57,-38.22,397.47,-22.93
2020-08-24,Amazonas,Caapiranga,15.29,2,0,0.0,281,6,2.14,2148.15,45.87,2.15,13081,68.79,15.29,420.4,15.29
2020-08-23,Amazonas,Caapiranga,0.0,0,0,0.0,279,6,2.15,2132.86,45.87,2.13,13081,53.5,0.0,405.11,-15.29
2020-08-22,Amazonas,Caapiranga,0.0,0,0,0.0,279,6,2.15,2132.86,45.87,2.13,13081,53.5,-22.93,420.4,0.0
2020-08-21,Amazonas,Caapiranga,7.64,1,0,0.0,279,6,2.15,2132.86,45.87,2.13,13081,76.43,7.64,420.4,-53.52
2020-08-20,Amazonas,Caapiranga,0.0,0,0,0.0,278,6,2.16,2125.22,45.87,2.13,13081,68.79,-15.29,473.92,0.0
2020-08-19,Amazonas,Caapiranga,7.64,1,0,0.0,278,6,2.16,2125.22,45.87,2.13,13081,84.08,7.64,473.92,-15.29
2020-08-18,Amazonas,Caapiranga,38.22,5,0,0.0,277,6,2.17,2117.58,45.87,2.12,13081,76.44,30.58,489.21,-198.76
2020-08-17,Amazonas,Caapiranga,0.0,0,0,0.0,272,6,2.21,2079.35,45.87,2.08,13081,45.86,-7.64,687.97,0.0
2020-08-16,Amazonas,Caapiranga,0.0,0,0,0.0,272,6,2.21,2079.35,45.87,2.08,13081,53.5,0.0,687.97,-7.64
2020-08-15,Amazonas,Caapiranga,22.93,3,0,0.0,272,6,2.21,2079.35,45.87,2.08,13081,53.5,0.0,695.61,15.29
2020-08-14,Amazonas,Caapiranga,0.0,0,0,0.0,269,6,2.23,2056.42,45.87,2.06,13081,53.5,-15.29,680.32,-15.29
2020-08-13,Amazonas,Caapiranga,15.29,2,0,0.0,269,6,2.23,2056.42,45.87,2.06,13081,68.79,0.0,695.61,-7.64
2020-08-12,Amazonas,Caapiranga,0.0,0,0,0.0,267,6,2.25,2041.13,45.87,2.04,13081,68.79,-122.31,703.25,-22.93
2020-08-11,Amazonas,Caapiranga,7.64,1,0,0.0,267,6,2.25,2041.13,45.87,2.04,13081,191.1,0.0,726.18,-30.58
2020-08-10,Amazonas,Caapiranga,7.64,1,1,7.64,266,6,2.26,2033.48,45.87,2.03,13081,191.1,0.0,756.76,7.64
2020-08-09,Amazonas,Caapiranga,0.0,0,0,0.0,265,5,1.89,2025.84,38.22,2.03,13081,191.1,0.0,749.12,0.0
2020-08-08,Amazonas,Caapiranga,22.93,3,0,0.0,265,5,1.89,2025.84,38.22,2.03,13081,191.1,-15.29,749.12,22.93
2020-08-07,Amazonas,Caapiranga,15.29,2,0,0.0,262,5,1.91,2002.9,38.22,2.0,13081,206.39,-22.93,726.19,-7.64
2020-08-06,Amazonas,Caapiranga,15.29,2,0,0.0,260,5,1.92,1987.62,38.22,1.99,13081,229.32,15.29,733.83,0.0
2020-08-05,Amazonas,Caapiranga,122.31,16,0,0.0,258,5,1.94,1972.33,38.22,1.97,13081,214.03,114.67,733.83,91.73
2020-08-04,Amazonas,Caapiranga,7.64,1,0,0.0,242,5,2.07,1850.01,38.22,1.85,13081,99.36,-15.29,642.1,0.0
2020-08-03,Amazonas,Caapiranga,7.64,1,0,0.0,241,5,2.07,1842.37,38.22,1.84,13081,114.65,7.64,642.1,7.64
2020-08-02,Amazonas,Caapiranga,0.0,0,0,0.0,240,5,2.08,1834.72,38.22,1.83,13081,107.01,-15.29,634.46,0.0
2020-08-01,Amazonas,Caapiranga,38.22,5,0,0.0,240,5,2.08,1834.72,38.22,1.83,13081,122.3,38.22,634.46,15.29
2020-07-31,Amazonas,Caapiranga,38.22,5,1,7.64,235,5,2.13,1796.5,38.22,1.8,13081,84.08,-22.94,619.17,22.93
2020-07-30,Amazonas,Caapiranga,0.0,0,0,0.0,230,4,1.74,1758.28,30.58,1.76,13081,107.02,0.0,596.24,-15.29
2020-07-29,Amazonas,Caapiranga,7.64,1,0,0.0,230,4,1.74,1758.28,30.58,1.76,13081,107.02,-15.29,611.53,-7.65
2020-07-28,Amazonas,Caapiranga,22.93,3,0,0.0,229,4,1.75,1750.63,30.58,1.75,13081,122.31,-214.05,619.18,7.64
2020-07-27,Amazonas,Caapiranga,0.0,0,0,0.0,226,4,1.77,1727.7,30.58,1.73,13081,336.36,0.0,611.54,0.0
2020-07-26,Amazonas,Caapiranga,15.29,2,0,0.0,226,4,1.77,1727.7,30.58,1.73,13081,336.36,7.65,611.54,15.29
2020-07-25,Amazonas,Caapiranga,0.0,0,0,0.0,224,4,1.79,1712.41,30.58,1.71,13081,328.71,-7.64,596.25,-15.29
2020-07-24,Amazonas,Caapiranga,61.16,8,0,0.0,224,4,1.79,1712.41,30.58,1.71,13081,336.35,45.87,611.54,30.58
2020-07-23,Amazonas,Caapiranga,0.0,0,0,0.0,216,4,1.85,1651.25,30.58,1.65,13081,290.48,-22.93,580.96,0.0
2020-07-22,Amazonas,Caapiranga,22.93,3,0,0.0,216,4,1.85,1651.25,30.58,1.65,13081,313.41,0.0,580.96,7.64
2020-07-21,Amazonas,Caapiranga,236.98,31,0,0.0,213,4,1.88,1628.32,30.58,1.63,13081,313.41,198.76,573.32,229.34
2020-07-20,Amazonas,Caapiranga,0.0,0,0,0.0,182,4,2.2,1391.33,30.58,1.39,13081,114.65,0.0,343.98,-7.64
2020-07-19,Amazonas,Caapiranga,7.64,1,0,0.0,182,4,2.2,1391.33,30.58,1.39,13081,114.65,7.64,351.62,0.0
2020-07-18,Amazonas,Caapiranga,7.64,1,0,0.0,181,4,2.21,1383.69,30.58,1.38,13081,107.01,7.64,351.62,7.64
2020-07-17,Amazonas,Caapiranga,15.29,2,0,0.0,180,4,2.22,1376.04,30.58,1.38,13081,99.37,-7.64,343.98,15.29
2020-07-16,Amazonas,Caapiranga,22.93,3,0,0.0,178,4,2.25,1360.75,30.58,1.36,13081,107.01,7.64,328.69,15.29
2020-07-15,Amazonas,Caapiranga,22.93,3,0,0.0,175,4,2.29,1337.82,30.58,1.34,13081,99.37,-7.65,313.4,22.93
2020-07-14,Amazonas,Caapiranga,38.22,5,0,0.0,172,4,2.33,1314.88,30.58,1.31,13081,107.02,30.58,290.47,0.0
2020-07-13,Amazonas,Caapiranga,0.0,0,0,0.0,167,4,2.4,1276.66,30.58,1.28,13081,76.44,0.0,290.47,0.0
2020-07-12,Amazonas,Caapiranga,0.0,0,0,0.0,167,4,2.4,1276.66,30.58,1.28,13081,76.44,0.0,290.47,0.0
2020-07-11,Amazonas,Caapiranga,0.0,0,0,0.0,167,4,2.4,1276.66,30.58,1.28,13081,76.44,-22.93,290.47,-22.93
2020-07-10,Amazonas,Caapiranga,22.93,3,0,0.0,167,4,2.4,1276.66,30.58,1.28,13081,99.37,7.64,313.4,7.64
2020-07-09,Amazonas,Caapiranga,15.29,2,0,0.0,164,4,2.44,1253.73,30.58,1.25,13081,91.73,0.0,305.76,15.29
2020-07-08,Amazonas,Caapiranga,30.58,4,0,0.0,162,4,2.47,1238.44,30.58,1.24,13081,91.73,15.29,290.47,30.58
2020-07-07,Amazonas,Caapiranga,7.64,1,0,0.0,158,4,2.53,1207.86,30.58,1.21,13081,76.44,-7.65,259.89,-22.94
2020-07-06,Amazonas,Caapiranga,0.0,0,0,0.0,157,4,2.55,1200.21,30.58,1.2,13081,84.09,0.0,282.83,-84.09
2020-07-05,Amazonas,Caapiranga,0.0,0,0,0.0,157,4,2.55,1200.21,30.58,1.2,13081,84.09,0.0,366.92,-7.64
2020-07-04,Amazonas,Caapiranga,22.93,3,0,0.0,157,4,2.55,1200.21,30.58,1.2,13081,84.09,7.64,374.56,15.29
2020-07-03,Amazonas,Caapiranga,15.29,2,0,0.0,154,4,2.6,1177.28,30.58,1.18,13081,76.45,-15.29,359.27,-7.64
2020-07-02,Amazonas,Caapiranga,15.29,2,0,0.0,152,4,2.63,1161.99,30.58,1.16,13081,91.74,15.29,366.91,-61.16
2020-07-01,Amazonas,Caapiranga,15.29,2,0,0.0,150,4,2.67,1146.7,30.58,1.15,13081,76.45,0.0,428.07,-38.22
2020-06-30,Amazonas,Caapiranga,15.29,2,0,0.0,148,4,2.7,1131.41,30.58,1.13,13081,76.45,7.65,466.29,0.0
2020-06-29,Amazonas,Caapiranga,0.0,0,0,0.0,146,4,2.74,1116.12,30.58,1.12,13081,68.8,-7.64,466.29,-15.29
2020-06-28,Amazonas,Caapiranga,0.0,0,0,0.0,146,4,2.74,1116.12,30.58,1.12,13081,76.44,-7.64,481.58,0.0
2020-06-27,Amazonas,Caapiranga,15.29,2,0,0.0,146,4,2.74,1116.12,30.58,1.12,13081,84.08,15.29,481.58,0.0
2020-06-26,Amazonas,Caapiranga,30.58,4,0,0.0,144,4,2.78,1100.83,30.58,1.1,13081,68.79,30.58,481.58,15.29
2020-06-25,Amazonas,Caapiranga,0.0,0,0,0.0,140,4,2.86,1070.25,30.58,1.07,13081,38.21,-7.64,466.29,-30.58
2020-06-24,Amazonas,Caapiranga,15.29,2,0,0.0,140,4,2.86,1070.25,30.58,1.07,13081,45.85,15.29,496.87,-15.29
2020-06-23,Amazonas,Caapiranga,7.64,1,0,0.0,138,4,2.9,1054.97,30.58,1.05,13081,30.56,-30.58,512.16,-61.16
2020-06-22,Amazonas,Caapiranga,7.64,1,0,0.0,137,4,2.92,1047.32,30.58,1.05,13081,61.14,7.64,573.32,466.32
2020-06-21,Amazonas,Caapiranga,7.64,1,0,0.0,136,4,2.94,1039.68,30.58,1.04,13081,53.5,7.64,107.0,-466.33
2020-06-20,Amazonas,Caapiranga,0.0,0,0,0.0,135,4,2.96,1032.03,30.58,1.03,13081,45.86,-22.93,573.33,-22.93
2020-06-19,Amazonas,Caapiranga,0.0,0,0,0.0,135,4,2.96,1032.03,30.58,1.03,13081,68.79,-15.29,596.26,-15.29
2020-06-18,Amazonas,Caapiranga,7.64,1,1,7.64,135,4,2.96,1032.03,30.58,1.03,13081,84.08,7.64,611.55,-84.1
2020-06-17,Amazonas,Caapiranga,0.0,0,0,0.0,134,3,2.24,1024.39,22.93,1.02,13081,76.44,0.0,695.65,0.0
2020-06-16,Amazonas,Caapiranga,38.22,5,0,0.0,134,3,2.24,1024.39,22.93,1.02,13081,76.44,7.64,695.65,-107.03
2020-06-15,Amazonas,Caapiranga,0.0,0,1,7.64,129,3,2.33,986.16,22.93,0.99,13081,68.8,-84.09,802.68,-53.51
2020-06-14,Amazonas,Caapiranga,0.0,0,0,0.0,129,2,1.55,986.16,15.29,0.99,13081,152.89,-7.64,856.19,-7.64
2020-06-13,Amazonas,Caapiranga,22.93,3,0,0.0,129,2,1.55,986.16,15.29,0.99,13081,160.53,15.29,863.83,-7.65
2020-06-12,Amazonas,Caapiranga,15.29,2,0,0.0,126,2,1.59,963.23,15.29,0.96,13081,145.24,-7.64,871.48,15.29
2020-06-11,Amazonas,Caapiranga,0.0,0,0,0.0,124,2,1.61,947.94,15.29,0.95,13081,152.88,-76.45,856.19,-7.64
2020-06-10,Amazonas,Caapiranga,0.0,0,0,0.0,124,2,1.61,947.94,15.29,0.95,13081,229.33,-53.51,863.83,0.0
2020-06-09,Amazonas,Caapiranga,30.58,4,0,0.0,124,2,1.61,947.94,15.29,0.95,13081,282.84,15.29,863.83,30.58
2020-06-08,Amazonas,Caapiranga,84.09,11,0,0.0,120,2,1.67,917.36,15.29,0.92,13081,267.55,68.8,833.25,76.45
2020-06-07,Amazonas,Caapiranga,7.64,1,0,0.0,109,2,1.83,833.27,15.29,0.83,13081,198.75,7.64,756.8,7.64
2020-06-06,Amazonas,Caapiranga,7.64,1,0,0.0,108,2,1.85,825.62,15.29,0.83,13081,191.11,-7.65,749.16,-7.65
2020-06-05,Amazonas,Caapiranga,22.93,3,0,0.0,107,2,1.87,817.98,15.29,0.82,13081,198.76,7.64,756.81,22.93
2020-06-04,Amazonas,Caapiranga,76.45,10,0,0.0,104,2,1.92,795.05,15.29,0.8,13081,191.12,45.87,733.88,68.81
2020-06-03,Amazonas,Caapiranga,53.51,7,0,0.0,94,2,2.13,718.6,15.29,0.72,13081,145.25,22.93,665.07,53.51
2020-06-02,Amazonas,Caapiranga,15.29,2,0,0.0,87,2,2.3,665.09,15.29,0.67,13081,122.32,-53.51,611.56,7.65
2020-06-01,Amazonas,Caapiranga,15.29,2,0,0.0,85,2,2.35,649.8,15.29,0.65,13081,175.83,473.97,603.91,7.65
2020-05-31,Amazonas,Caapiranga,0.0,0,0,0.0,83,2,2.41,634.51,15.29,0.63,13081,-298.14,-473.97,596.26,0.0
2020-05-30,Amazonas,Caapiranga,15.29,2,0,0.0,83,2,2.41,634.51,15.29,0.63,13081,175.83,-7.64,596.26,0.0
2020-05-29,Amazonas,Caapiranga,15.29,2,0,0.0,81,2,2.47,619.22,15.29,0.62,13081,183.47,0.0,596.26,15.29
2020-05-28,Amazonas,Caapiranga,30.58,4,0,0.0,79,2,2.53,603.93,15.29,0.6,13081,183.47,-61.16,580.97,30.58
2020-05-27,Amazonas,Caapiranga,30.58,4,0,0.0,75,2,2.67,573.35,15.29,0.57,13081,244.63,30.58,550.39,30.58
2020-05-26,Amazonas,Caapiranga,68.8,9,0,0.0,71,2,2.82,542.77,15.29,0.54,13081,214.05,-76.45,519.81,53.51
2020-05-25,Amazonas,Caapiranga,-458.68,-60,-2,-15.29,62,2,3.23,473.97,15.29,0.47,13081,290.5,-512.19,466.3,-458.68
2020-05-24,Amazonas,Caapiranga,473.97,62,2,15.29,122,4,3.28,932.65,30.58,0.93,13081,802.69,466.33,924.98,473.97
2020-05-23,Amazonas,Caapiranga,22.93,3,1,7.64,60,2,3.33,458.68,15.29,0.46,13081,336.36,-7.65,451.01,22.93
2020-05-22,Amazonas,Caapiranga,15.29,2,0,0.0,57,1,1.75,435.75,7.64,0.44,13081,344.01,15.29,428.08,15.29
2020-05-21,Amazonas,Caapiranga,91.74,12,0,0.0,55,1,1.82,420.46,7.64,0.42,13081,328.72,84.1,412.79,91.74
2020-05-20,Amazonas,Caapiranga,0.0,0,0,0.0,43,1,2.33,328.72,7.64,0.33,13081,244.62,0.0,321.05,0.0
2020-05-19,Amazonas,Caapiranga,145.25,19,0,0.0,43,1,2.33,328.72,7.64,0.33,13081,244.62,145.25,321.05,145.25
2020-05-18,Amazonas,Caapiranga,53.51,7,0,0.0,24,1,4.17,183.47,7.64,0.18,13081,99.37,45.87,175.8,53.51
2020-05-17,Amazonas,Caapiranga,7.64,1,0,0.0,17,1,5.88,129.96,7.64,0.13,13081,53.5,7.64,122.29,7.64
2020-05-16,Amazonas,Caapiranga,30.58,4,0,0.0,16,1,6.25,122.31,7.64,0.12,13081,45.86,15.29,114.65,30.58
2020-05-15,Amazonas,Caapiranga,0.0,0,0,0.0,12,1,8.33,91.74,7.64,0.09,13081,30.57,0.0,84.07,0.0
2020-05-14,Amazonas,Caapiranga,7.64,1,0,0.0,12,1,8.33,91.74,7.64,0.09,13081,30.57,0.0,84.07,7.64
2020-05-13,Amazonas,Caapiranga,0.0,0,0,0.0,11,1,9.09,84.09,7.64,0.08,13081,30.57,0.0,76.43,0.0
2020-05-12,Amazonas,Caapiranga,0.0,0,0,0.0,11,1,9.09,84.09,7.64,0.08,13081,30.57,-7.64,76.43,0.0
2020-05-11,Amazonas,Caapiranga,7.64,1,1,7.64,11,1,9.09,84.09,7.64,0.08,13081,38.21,0.0,76.43,7.64
2020-05-10,Amazonas,Caapiranga,0.0,0,0,0.0,10,0,0.0,76.45,0.0,0.08,13081,38.21,0.0,68.79,0.0
2020-05-09,Amazonas,Caapiranga,15.29,2,0,0.0,10,0,0.0,76.45,0.0,0.08,13081,38.21,0.0,68.79,15.29
2020-05-08,Amazonas,Caapiranga,0.0,0,0,0.0,8,0,0.0,61.16,0.0,0.06,13081,38.21,0.0,53.5,0.0
2020-05-07,Amazonas,Caapiranga,7.64,1,0,0.0,8,0,0.0,61.16,0.0,0.06,13081,38.21,7.64,53.5,7.64
2020-05-06,Amazonas,Caapiranga,0.0,0,0,0.0,7,0,0.0,53.51,0.0,0.05,13081,30.57,0.0,45.86,0.0
2020-05-05,Amazonas,Caapiranga,7.64,1,0,0.0,7,0,0.0,53.51,0.0,0.05,13081,30.57,-7.65,45.86,7.64
2020-05-04,Amazonas,Caapiranga,7.64,1,0,0.0,6,0,0.0,45.87,0.0,0.05,13081,38.22,7.64,38.22,7.64
2020-05-03,Amazonas,Caapiranga,0.0,0,0,0.0,5,0,0.0,38.22,0.0,0.04,13081,30.58,0.0,30.58,0.0
2020-05-02,Amazonas,Caapiranga,15.29,2,0,0.0,5,0,0.0,38.22,0.0,0.04,13081,30.58,15.29,30.58,15.29
2020-05-01,Amazonas,Caapiranga,0.0,0,0,0.0,3,0,0.0,22.93,0.0,0.02,13081,15.29,0.0,15.29,0.0
2020-04-30,Amazonas,Caapiranga,0.0,0,0,0.0,3,0,0.0,22.93,0.0,0.02,13081,15.29,0.0,15.29,0.0
2020-04-29,Amazonas,Caapiranga,0.0,0,0,0.0,3,0,0.0,22.93,0.0,0.02,13081,15.29,0.0,15.29,0.0
2020-04-28,Amazonas,Caapiranga,15.29,2,0,0.0,3,0,0.0,22.93,0.0,0.02,13081,15.29,15.29,15.29,15.29
2020-04-27,Amazonas,Caapiranga,0.0,0,0,0.0,1,0,0.0,7.64,0.0,0.01,13081,0.0,0.0,0.0,0.0
2020-04-26,Amazonas,Caapiranga,0.0,0,0,0.0,1,0,0.0,7.64,0.0,0.01,13081,0.0,0.0,0.0,0.0
2020-04-25,Amazonas,Caapiranga,0.0,0,0,0.0,1,0,0.0,7.64,0.0,0.01,13081,0.0,0.0,0.0,0.0
2020-04-24,Amazonas,Caapiranga,0.0,0,0,0.0,1,0,0.0,7.64,0.0,0.01,13081,0.0,0.0,0.0,0.0
