date,state,city,1day_cases_100k,new_cases,new_deaths,new_deaths_100k,total_cases,total_deaths,cfr%,total_cases_100k,total_deaths_100k,%infected,population,7day_cases_100k,7day_cases_change,28day_cases_100k,28day_cases_change
2020-08-22,Amazonas,Presidente Figueiredo,13.78,5,0,0.0,1960,24,1.22,5402.57,66.15,5.4,36279,121.28,5.51,443.78,-11.03
2020-08-21,Amazonas,Presidente Figueiredo,52.37,19,0,0.0,1955,24,1.23,5388.79,66.15,5.39,36279,115.77,46.86,454.81,2.75
2020-08-20,Amazonas,Presidente Figueiredo,11.03,4,0,0.0,1936,24,1.24,5336.42,66.15,5.34,36279,68.91,-24.8,452.06,-212.24
2020-08-19,Amazonas,Presidente Figueiredo,22.05,8,0,0.0,1932,24,1.24,5325.39,66.15,5.33,36279,93.71,-8.27,664.3,22.05
2020-08-18,Amazonas,Presidente Figueiredo,8.27,3,0,0.0,1924,24,1.25,5303.34,66.15,5.3,36279,101.98,0.0,642.25,-68.91
2020-08-17,Amazonas,Presidente Figueiredo,0.0,0,0,0.0,1921,24,1.25,5295.07,66.15,5.3,36279,101.98,-5.51,711.16,-93.72
2020-08-16,Amazonas,Presidente Figueiredo,13.78,5,1,2.76,1921,24,1.25,5295.07,66.15,5.3,36279,107.49,-5.51,804.88,0.0
2020-08-15,Amazonas,Presidente Figueiredo,8.27,3,0,0.0,1916,23,1.2,5281.29,63.4,5.28,36279,113.0,-8.27,804.88,-118.53
2020-08-14,Amazonas,Presidente Figueiredo,5.51,2,0,0.0,1913,23,1.2,5273.02,63.4,5.27,36279,121.27,-19.3,923.41,-77.18
2020-08-13,Amazonas,Presidente Figueiredo,35.83,13,0,0.0,1911,23,1.2,5267.51,63.4,5.27,36279,140.57,24.8,1000.59,-63.4
2020-08-12,Amazonas,Presidente Figueiredo,30.32,11,0,0.0,1898,23,1.21,5231.68,63.4,5.23,36279,115.77,0.0,1063.99,-71.67
2020-08-11,Amazonas,Presidente Figueiredo,8.27,3,0,0.0,1887,23,1.22,5201.36,63.4,5.2,36279,115.77,-11.02,1135.66,-237.05
2020-08-10,Amazonas,Presidente Figueiredo,5.51,2,1,2.76,1884,23,1.22,5193.09,63.4,5.19,36279,126.79,-19.3,1372.71,-55.13
2020-08-09,Amazonas,Presidente Figueiredo,19.29,7,0,0.0,1882,22,1.17,5187.57,60.64,5.19,36279,146.09,8.26,1427.84,0.0
2020-08-08,Amazonas,Presidente Figueiredo,16.54,6,0,0.0,1875,22,1.17,5168.28,60.64,5.17,36279,137.83,13.78,1427.84,-16.54
2020-08-07,Amazonas,Presidente Figueiredo,24.81,9,1,2.76,1869,22,1.18,5151.74,60.64,5.15,36279,124.05,19.3,1444.38,-46.86
2020-08-06,Amazonas,Presidente Figueiredo,11.03,4,0,0.0,1860,21,1.13,5126.93,57.88,5.13,36279,104.75,11.03,1491.24,-146.09
2020-08-05,Amazonas,Presidente Figueiredo,30.32,11,1,2.76,1856,21,1.13,5115.91,57.88,5.12,36279,93.72,0.0,1637.33,11.03
2020-08-04,Amazonas,Presidente Figueiredo,19.29,7,0,0.0,1845,20,1.08,5085.59,55.13,5.09,36279,93.72,-11.03,1626.3,-140.58
2020-08-03,Amazonas,Presidente Figueiredo,24.81,9,0,0.0,1838,20,1.09,5066.29,55.13,5.07,36279,104.75,24.81,1766.88,-16.54
2020-08-02,Amazonas,Presidente Figueiredo,11.03,4,0,0.0,1829,20,1.09,5041.48,55.13,5.04,36279,79.94,8.27,1783.42,-71.66
2020-08-01,Amazonas,Presidente Figueiredo,2.76,1,0,0.0,1825,20,1.1,5030.46,55.13,5.03,36279,71.67,-22.05,1855.08,-77.18
2020-07-31,Amazonas,Presidente Figueiredo,5.51,2,0,0.0,1824,20,1.1,5027.7,55.13,5.03,36279,93.72,-44.11,1932.26,-22.05
2020-07-30,Amazonas,Presidente Figueiredo,0.0,0,0,0.0,1822,20,1.1,5022.19,55.13,5.02,36279,137.83,-223.27,1954.31,-52.37
2020-07-29,Amazonas,Presidente Figueiredo,30.32,11,0,0.0,1822,20,1.1,5022.19,55.13,5.02,36279,361.1,30.32,2006.68,-38.59
2020-07-28,Amazonas,Presidente Figueiredo,30.32,11,0,0.0,1811,20,1.1,4991.87,55.13,4.99,36279,330.78,-46.86,2045.27,-129.55
2020-07-27,Amazonas,Presidente Figueiredo,0.0,0,0,0.0,1800,20,1.11,4961.55,55.13,4.96,36279,377.64,-93.72,2174.82,-63.4
2020-07-26,Amazonas,Presidente Figueiredo,2.76,1,0,0.0,1800,20,1.11,4961.55,55.13,4.96,36279,471.36,-11.02,2238.22,-49.61
2020-07-25,Amazonas,Presidente Figueiredo,24.81,9,0,0.0,1799,20,1.11,4958.79,55.13,4.96,36279,482.38,-101.99,2287.83,13.78
2020-07-24,Amazonas,Presidente Figueiredo,49.62,18,0,0.0,1790,20,1.12,4933.98,55.13,4.93,36279,584.37,-33.07,2274.05,0.0
2020-07-23,Amazonas,Presidente Figueiredo,223.27,81,0,0.0,1772,20,1.13,4884.37,55.13,4.88,36279,617.44,124.04,2274.05,220.51
2020-07-22,Amazonas,Presidente Figueiredo,0.0,0,0,0.0,1691,20,1.18,4661.1,55.13,4.66,36279,493.4,-101.99,2053.54,-201.22
2020-07-21,Amazonas,Presidente Figueiredo,77.18,28,0,0.0,1691,20,1.18,4661.1,55.13,4.66,36279,595.39,-168.14,2254.76,46.86
2020-07-20,Amazonas,Presidente Figueiredo,93.72,34,0,0.0,1663,20,1.2,4583.92,55.13,4.58,36279,763.53,33.08,2207.9,82.69
2020-07-19,Amazonas,Presidente Figueiredo,13.78,5,0,0.0,1629,20,1.23,4490.2,55.13,4.49,36279,730.45,-5.51,2125.21,-90.96
2020-07-18,Amazonas,Presidente Figueiredo,126.8,46,0,0.0,1624,20,1.23,4476.42,55.13,4.48,36279,735.96,93.72,2216.17,35.84
2020-07-17,Amazonas,Presidente Figueiredo,82.69,30,0,0.0,1578,20,1.27,4349.62,55.13,4.35,36279,642.24,11.02,2180.33,27.56
2020-07-16,Amazonas,Presidente Figueiredo,99.23,36,0,0.0,1548,20,1.29,4266.93,55.13,4.27,36279,631.22,-57.89,2152.77,-2.76
2020-07-15,Amazonas,Presidente Figueiredo,101.99,37,0,0.0,1512,20,1.32,4167.7,55.13,4.17,36279,689.11,82.7,2155.53,52.37
2020-07-14,Amazonas,Presidente Figueiredo,245.32,89,0,0.0,1475,20,1.36,4065.71,55.13,4.07,36279,606.41,85.45,2103.16,206.73
2020-07-13,Amazonas,Presidente Figueiredo,60.64,22,0,0.0,1386,20,1.44,3820.39,55.13,3.82,36279,520.96,19.29,1896.43,33.08
2020-07-12,Amazonas,Presidente Figueiredo,19.29,7,0,0.0,1364,20,1.47,3759.75,55.13,3.76,36279,501.67,-63.4,1863.35,-8.27
2020-07-11,Amazonas,Presidente Figueiredo,33.08,12,0,0.0,1357,20,1.47,3740.46,55.13,3.74,36279,565.07,-46.86,1871.62,8.27
2020-07-10,Amazonas,Presidente Figueiredo,71.67,26,0,0.0,1345,20,1.49,3707.38,55.13,3.71,36279,611.93,44.11,1863.35,63.4
2020-07-09,Amazonas,Presidente Figueiredo,157.12,57,0,0.0,1319,20,1.52,3635.71,55.13,3.64,36279,567.82,104.75,1799.95,-5.51
2020-07-08,Amazonas,Presidente Figueiredo,19.29,7,0,0.0,1262,20,1.58,3478.6,55.13,3.48,36279,463.07,-49.62,1805.46,-110.26
2020-07-07,Amazonas,Presidente Figueiredo,159.87,58,0,0.0,1255,20,1.59,3459.3,55.13,3.46,36279,512.69,0.0,1915.72,104.74
2020-07-06,Amazonas,Presidente Figueiredo,41.35,15,0,0.0,1197,20,1.67,3299.43,55.13,3.3,36279,512.69,-22.05,1810.98,35.84
2020-07-05,Amazonas,Presidente Figueiredo,82.69,30,0,0.0,1182,20,1.69,3258.08,55.13,3.26,36279,534.74,30.32,1775.14,68.91
2020-07-04,Amazonas,Presidente Figueiredo,79.94,29,0,0.0,1152,20,1.74,3175.39,55.13,3.18,36279,504.42,68.91,1706.23,38.59
2020-07-03,Amazonas,Presidente Figueiredo,27.56,10,0,0.0,1123,20,1.78,3095.45,55.13,3.1,36279,435.51,-22.06,1667.64,-19.3
2020-07-02,Amazonas,Presidente Figueiredo,52.37,19,0,0.0,1113,20,1.8,3067.89,55.13,3.07,36279,457.57,49.61,1686.94,24.81
2020-07-01,Amazonas,Presidente Figueiredo,68.91,25,0,0.0,1094,20,1.83,3015.52,55.13,3.02,36279,407.96,-132.31,1662.13,5.51
2020-06-30,Amazonas,Presidente Figueiredo,159.87,58,0,0.0,1069,20,1.87,2946.61,55.13,2.95,36279,540.27,129.55,1656.62,121.28
2020-06-29,Amazonas,Presidente Figueiredo,63.4,23,0,0.0,1011,20,1.98,2786.74,55.13,2.79,36279,410.72,52.37,1535.34,57.89
2020-06-28,Amazonas,Presidente Figueiredo,52.37,19,0,0.0,988,20,2.02,2723.34,55.13,2.72,36279,358.35,-52.37,1477.45,-49.62
2020-06-27,Amazonas,Presidente Figueiredo,11.03,4,0,0.0,969,20,2.06,2670.97,55.13,2.67,36279,410.72,-79.93,1527.07,-68.91
2020-06-26,Amazonas,Presidente Figueiredo,49.62,18,0,0.0,965,20,2.07,2659.94,55.13,2.66,36279,490.65,-5.51,1595.98,-8.26
2020-06-25,Amazonas,Presidente Figueiredo,2.76,1,0,0.0,947,20,2.11,2610.33,55.13,2.61,36279,496.16,-99.23,1604.24,-44.1
2020-06-24,Amazonas,Presidente Figueiredo,201.22,73,0,0.0,946,20,2.11,2607.57,55.13,2.61,36279,595.39,151.6,1648.34,176.41
2020-06-23,Amazonas,Presidente Figueiredo,30.32,11,0,0.0,873,20,2.29,2406.35,55.13,2.41,36279,443.79,-8.27,1471.93,8.27
2020-06-22,Amazonas,Presidente Figueiredo,11.03,4,0,0.0,862,20,2.32,2376.03,55.13,2.38,36279,452.06,-16.53,1463.66,-8.26
2020-06-21,Amazonas,Presidente Figueiredo,104.74,38,0,0.0,858,20,2.33,2365.0,55.13,2.37,36279,468.59,77.18,1471.92,90.96
2020-06-20,Amazonas,Presidente Figueiredo,90.96,33,0,0.0,820,20,2.44,2260.26,55.13,2.26,36279,391.41,66.15,1380.96,74.42
2020-06-19,Amazonas,Presidente Figueiredo,55.13,20,0,0.0,787,20,2.54,2169.3,55.13,2.17,36279,325.26,46.86,1306.54,24.81
2020-06-18,Amazonas,Presidente Figueiredo,101.99,37,0,0.0,767,20,2.61,2114.17,55.13,2.11,36279,278.4,-60.64,1281.73,49.62
2020-06-17,Amazonas,Presidente Figueiredo,49.62,18,0,0.0,730,20,2.74,2012.18,55.13,2.01,36279,339.04,-79.93,1232.11,-5.51
2020-06-16,Amazonas,Presidente Figueiredo,38.59,14,0,0.0,712,20,2.81,1962.57,55.13,1.96,36279,418.97,-16.54,1237.62,2.76
2020-06-15,Amazonas,Presidente Figueiredo,27.56,10,1,2.76,698,20,2.87,1923.98,55.13,1.92,36279,435.51,22.05,1234.86,13.78
2020-06-14,Amazonas,Presidente Figueiredo,27.56,10,0,0.0,688,19,2.76,1896.41,52.37,1.9,36279,413.46,13.78,1221.08,-19.3
2020-06-13,Amazonas,Presidente Figueiredo,24.81,9,0,0.0,678,19,2.8,1868.85,52.37,1.87,36279,399.68,-16.54,1240.38,-22.05
2020-06-12,Amazonas,Presidente Figueiredo,8.27,3,1,2.76,669,19,2.84,1844.04,52.37,1.84,36279,416.22,-38.59,1262.43,-11.02
2020-06-11,Amazonas,Presidente Figueiredo,162.63,59,1,2.76,666,18,2.7,1835.77,49.62,1.84,36279,454.81,135.07,1273.45,132.31
2020-06-10,Amazonas,Presidente Figueiredo,129.55,47,0,0.0,607,17,2.8,1673.14,46.86,1.67,36279,319.74,66.15,1141.14,85.45
2020-06-09,Amazonas,Presidente Figueiredo,55.13,20,1,2.76,560,17,3.04,1543.59,46.86,1.54,36279,253.59,16.54,1055.69,33.08
2020-06-08,Amazonas,Presidente Figueiredo,5.51,2,0,0.0,540,16,2.96,1488.46,44.1,1.49,36279,237.05,0.0,1022.61,-13.78
2020-06-07,Amazonas,Presidente Figueiredo,13.78,5,0,0.0,538,16,2.97,1482.95,44.1,1.48,36279,237.05,-88.21,1036.39,-8.27
2020-06-06,Amazonas,Presidente Figueiredo,41.35,15,0,0.0,533,16,3.0,1469.17,44.1,1.47,36279,325.26,-38.59,1044.66,5.52
2020-06-05,Amazonas,Presidente Figueiredo,46.86,17,0,0.0,518,16,3.09,1427.82,44.1,1.43,36279,363.85,-11.02,1039.14,33.08
2020-06-04,Amazonas,Presidente Figueiredo,27.56,10,0,0.0,501,16,3.19,1380.96,44.1,1.38,36279,374.87,-19.3,1006.06,-22.06
2020-06-03,Amazonas,Presidente Figueiredo,63.4,23,0,0.0,491,16,3.26,1353.4,44.1,1.35,36279,394.17,38.59,1028.12,27.57
2020-06-02,Amazonas,Presidente Figueiredo,38.59,14,0,0.0,468,16,3.42,1290.0,44.1,1.29,36279,355.58,16.54,1000.55,-19.29
2020-06-01,Amazonas,Presidente Figueiredo,5.51,2,0,0.0,454,16,3.52,1251.41,44.1,1.25,36279,339.04,-13.78,1019.84,-11.03
2020-05-31,Amazonas,Presidente Figueiredo,101.99,37,0,0.0,452,16,3.54,1245.9,44.1,1.25,36279,352.82,88.21,1030.87,79.94
2020-05-30,Amazonas,Presidente Figueiredo,79.94,29,1,2.76,415,16,3.86,1143.91,44.1,1.14,36279,264.61,63.4,950.93,52.38
2020-05-29,Amazonas,Presidente Figueiredo,57.88,21,0,0.0,386,15,3.89,1063.98,41.35,1.06,36279,201.21,27.56,898.55,35.83
2020-05-28,Amazonas,Presidente Figueiredo,46.86,17,1,2.76,365,15,4.11,1006.09,41.35,1.01,36279,173.65,-5.51,862.72,41.35
2020-05-27,Amazonas,Presidente Figueiredo,24.81,9,1,2.76,348,14,4.02,959.23,38.59,0.96,36279,179.16,-30.32,821.37,-13.78
2020-05-26,Amazonas,Presidente Figueiredo,22.05,8,1,2.76,339,13,3.83,934.42,35.83,0.93,36279,209.48,-13.78,835.15,16.54
2020-05-25,Amazonas,Presidente Figueiredo,19.29,7,0,0.0,331,12,3.63,912.37,33.08,0.91,36279,223.26,5.51,818.61,8.26
2020-05-24,Amazonas,Presidente Figueiredo,13.78,5,0,0.0,324,12,3.7,893.08,33.08,0.89,36279,217.75,-33.08,810.35,-13.78
2020-05-23,Amazonas,Presidente Figueiredo,16.54,6,0,0.0,319,12,3.76,879.3,33.08,0.88,36279,250.83,-30.32,824.13,13.78
2020-05-22,Amazonas,Presidente Figueiredo,30.32,11,1,2.76,313,12,3.83,862.76,33.08,0.86,36279,281.15,11.03,810.35,11.03
2020-05-21,Amazonas,Presidente Figueiredo,52.37,19,0,0.0,302,11,3.64,832.44,30.32,0.83,36279,270.12,22.05,799.32,52.37
2020-05-20,Amazonas,Presidente Figueiredo,55.13,20,0,0.0,283,11,3.89,780.07,30.32,0.78,36279,248.07,11.03,746.95,55.13
2020-05-19,Amazonas,Presidente Figueiredo,35.83,13,0,0.0,263,11,4.18,724.94,30.32,0.72,36279,237.04,13.78,691.82,33.07
2020-05-18,Amazonas,Presidente Figueiredo,13.78,5,0,0.0,250,11,4.4,689.1,30.32,0.69,36279,223.26,-5.51,658.75,13.78
2020-05-17,Amazonas,Presidente Figueiredo,46.86,17,0,0.0,245,11,4.49,675.32,30.32,0.68,36279,228.77,24.81,644.97,33.08
2020-05-16,Amazonas,Presidente Figueiredo,46.86,17,1,2.76,228,11,4.82,628.46,30.32,0.63,36279,203.96,11.03,611.89,46.86
2020-05-15,Amazonas,Presidente Figueiredo,19.29,7,1,2.76,211,10,4.74,581.6,27.56,0.58,36279,192.93,5.51,565.03,19.29
2020-05-14,Amazonas,Presidente Figueiredo,30.32,11,0,0.0,204,9,4.41,562.31,24.81,0.56,36279,187.42,-19.3,545.74,30.32
2020-05-13,Amazonas,Presidente Figueiredo,44.1,16,0,0.0,193,9,4.66,531.99,24.81,0.53,36279,206.72,8.27,515.42,44.1
2020-05-12,Amazonas,Presidente Figueiredo,22.05,8,2,5.51,177,9,5.08,487.89,24.81,0.49,36279,198.45,-35.83,471.32,11.02
2020-05-11,Amazonas,Presidente Figueiredo,19.29,7,0,0.0,169,7,4.14,465.83,19.29,0.47,36279,234.28,2.75,460.3,19.29
2020-05-10,Amazonas,Presidente Figueiredo,22.05,8,0,0.0,162,7,4.32,446.54,19.29,0.45,36279,231.53,0.0,441.01,19.29
2020-05-09,Amazonas,Presidente Figueiredo,35.83,13,0,0.0,154,7,4.55,424.49,19.29,0.42,36279,231.53,8.27,421.72,38.59
2020-05-08,Amazonas,Presidente Figueiredo,13.78,5,1,2.76,141,7,4.96,388.65,19.29,0.39,36279,223.26,-8.27,383.13,13.78
2020-05-07,Amazonas,Presidente Figueiredo,49.62,18,0,0.0,136,6,4.41,374.87,16.54,0.37,36279,231.53,44.11,369.35,49.62
2020-05-06,Amazonas,Presidente Figueiredo,35.83,13,2,5.51,118,6,5.08,325.26,16.54,0.33,36279,187.42,-2.76,319.73,35.83
2020-05-05,Amazonas,Presidente Figueiredo,57.88,21,2,5.51,105,4,3.81,289.42,11.03,0.29,36279,190.18,52.37,283.9,57.88
2020-05-04,Amazonas,Presidente Figueiredo,16.54,6,0,0.0,84,2,2.38,231.54,5.51,0.23,36279,137.81,5.51,226.02,16.54
2020-05-03,Amazonas,Presidente Figueiredo,22.05,8,0,0.0,78,2,2.56,215.0,5.51,0.22,36279,132.3,-5.51,209.48,22.05
2020-05-02,Amazonas,Presidente Figueiredo,27.56,10,0,0.0,70,2,2.86,192.95,5.51,0.19,36279,137.81,24.8,187.43,27.56
2020-05-01,Amazonas,Presidente Figueiredo,22.05,8,0,0.0,60,2,3.33,165.38,5.51,0.17,36279,113.01,2.76,159.87,22.05
2020-04-30,Amazonas,Presidente Figueiredo,5.51,2,0,0.0,52,2,3.85,143.33,5.51,0.14,36279,110.25,5.51,137.82,5.51
2020-04-29,Amazonas,Presidente Figueiredo,38.59,14,2,5.51,50,2,4.0,137.82,5.51,0.14,36279,104.74,38.59,132.31,38.59
2020-04-28,Amazonas,Presidente Figueiredo,5.51,2,0,0.0,36,0,0.0,99.23,0.0,0.1,36279,66.15,2.75,93.72,5.51
2020-04-27,Amazonas,Presidente Figueiredo,11.03,4,-1,-2.76,34,0,0.0,93.72,0.0,0.09,36279,63.4,11.03,88.21,11.03
2020-04-26,Amazonas,Presidente Figueiredo,27.56,10,0,0.0,30,1,3.33,82.69,2.76,0.08,36279,52.37,13.78,77.18,27.56
2020-04-25,Amazonas,Presidente Figueiredo,2.76,1,0,0.0,20,1,5.0,55.13,2.76,0.06,36279,38.59,2.76,49.62,2.76
2020-04-24,Amazonas,Presidente Figueiredo,19.29,7,0,0.0,19,1,5.26,52.37,2.76,0.05,36279,35.83,19.29,46.86,19.29
2020-04-23,Amazonas,Presidente Figueiredo,0.0,0,0,0.0,12,1,8.33,33.08,2.76,0.03,36279,16.54,0.0,27.57,0.0
2020-04-22,Amazonas,Presidente Figueiredo,0.0,0,0,0.0,12,1,8.33,33.08,2.76,0.03,36279,16.54,0.0,27.57,0.0
2020-04-21,Amazonas,Presidente Figueiredo,2.76,1,0,0.0,12,1,8.33,33.08,2.76,0.03,36279,16.54,-8.27,27.57,2.76
2020-04-20,Amazonas,Presidente Figueiredo,0.0,0,0,0.0,11,1,9.09,30.32,2.76,0.03,36279,24.81,0.0,24.81,0.0
2020-04-19,Amazonas,Presidente Figueiredo,13.78,5,0,0.0,11,1,9.09,30.32,2.76,0.03,36279,24.81,11.02,24.81,13.78
2020-04-18,Amazonas,Presidente Figueiredo,0.0,0,1,2.76,6,1,16.67,16.54,2.76,0.02,36279,13.79,2.76,11.03,0.0
2020-04-17,Amazonas,Presidente Figueiredo,0.0,0,0,0.0,6,0,0.0,16.54,0.0,0.02,36279,11.03,0.0,11.03,0.0
2020-04-16,Amazonas,Presidente Figueiredo,0.0,0,0,0.0,6,0,0.0,16.54,0.0,0.02,36279,11.03,0.0,11.03,0.0
2020-04-15,Amazonas,Presidente Figueiredo,0.0,0,0,0.0,6,0,0.0,16.54,0.0,0.02,36279,11.03,0.0,11.03,0.0
2020-04-14,Amazonas,Presidente Figueiredo,11.03,4,-1,-2.76,6,0,0.0,16.54,0.0,0.02,36279,11.03,11.03,11.03,11.03
2020-04-13,Amazonas,Presidente Figueiredo,0.0,0,0,0.0,2,1,50.0,5.51,2.76,0.01,36279,0.0,0.0,0.0,0.0
2020-04-12,Amazonas,Presidente Figueiredo,2.76,1,0,0.0,2,1,50.0,5.51,2.76,0.01,36279,0.0,2.76,0.0,2.76
2020-04-11,Amazonas,Presidente Figueiredo,-2.76,-1,0,0.0,1,1,100.0,2.76,2.76,0.0,36279,-2.76,-2.76,-2.76,-2.76
2020-04-10,Amazonas,Presidente Figueiredo,0.0,0,1,2.76,2,1,50.0,5.51,2.76,0.01,36279,0.0,0.0,0.0,0.0
2020-04-09,Amazonas,Presidente Figueiredo,0.0,0,0,0.0,2,0,0.0,5.51,0.0,0.01,36279,0.0,0.0,0.0,0.0
2020-04-08,Amazonas,Presidente Figueiredo,0.0,0,0,0.0,2,0,0.0,5.51,0.0,0.01,36279,0.0,0.0,0.0,0.0
