date,state,city,1day_cases_100k,new_cases,new_deaths,new_deaths_100k,total_cases,total_deaths,cfr%,total_cases_100k,total_deaths_100k,%infected,population,7day_cases_100k,7day_cases_change,28day_cases_100k,28day_cases_change
2020-09-10,Amazonas,Santa Isabel do Rio Negro,35.78,9,0,0.0,2081,16,0.77,8272.38,63.6,8.27,25156,270.32,-31.8,1256.18,35.78
2020-09-09,Amazonas,Santa Isabel do Rio Negro,27.83,7,0,0.0,2072,16,0.77,8236.6,63.6,8.24,25156,302.12,27.83,1220.4,-27.82
2020-09-08,Amazonas,Santa Isabel do Rio Negro,0.0,0,0,0.0,2065,16,0.77,8208.78,63.6,8.21,25156,274.29,-35.78,1248.22,-75.53
2020-09-07,Amazonas,Santa Isabel do Rio Negro,151.06,38,0,0.0,2065,16,0.77,8208.78,63.6,8.21,25156,310.07,-178.88,1323.75,75.53
2020-09-01,Amazonas,Santa Isabel do Rio Negro,55.65,14,0,0.0,2027,16,0.79,8057.72,63.6,8.06,25156,488.95,55.65,1248.22,-131.18
2020-08-31,Amazonas,Santa Isabel do Rio Negro,0.0,0,0,0.0,2013,16,0.79,8002.07,63.6,8.0,25156,433.3,0.0,1379.4,-47.7
2020-08-30,Amazonas,Santa Isabel do Rio Negro,0.0,0,0,0.0,2013,16,0.79,8002.07,63.6,8.0,25156,433.3,0.0,1427.1,0.0
2020-08-29,Amazonas,Santa Isabel do Rio Negro,67.58,17,0,0.0,2013,16,0.79,8002.07,63.6,8.0,25156,433.3,67.58,1427.1,-51.68
2020-08-28,Amazonas,Santa Isabel do Rio Negro,0.0,0,0,0.0,1996,16,0.8,7934.49,63.6,7.93,25156,365.72,0.0,1478.78,-135.16
2020-08-27,Amazonas,Santa Isabel do Rio Negro,35.78,9,0,0.0,1996,16,0.8,7934.49,63.6,7.93,25156,365.72,35.78,1613.94,-119.25
2020-08-26,Amazonas,Santa Isabel do Rio Negro,329.94,83,0,0.0,1987,16,0.81,7898.71,63.6,7.9,25156,329.94,290.19,1733.19,99.38
2020-08-25,Amazonas,Santa Isabel do Rio Negro,0.0,0,0,0.0,1904,16,0.84,7568.77,63.6,7.57,25156,39.75,-67.58,1633.81,-294.16
2020-08-24,Amazonas,Santa Isabel do Rio Negro,0.0,0,2,7.95,1904,16,0.84,7568.77,63.6,7.57,25156,107.33,0.0,1927.97,0.0
2020-08-23,Amazonas,Santa Isabel do Rio Negro,0.0,0,0,0.0,1904,14,0.74,7568.77,55.65,7.57,25156,107.33,-27.83,1927.97,0.0
2020-08-22,Amazonas,Santa Isabel do Rio Negro,0.0,0,0,0.0,1904,14,0.74,7568.77,55.65,7.57,25156,135.16,-47.7,1927.97,-274.29
2020-08-21,Amazonas,Santa Isabel do Rio Negro,0.0,0,0,0.0,1904,14,0.74,7568.77,55.65,7.57,25156,182.86,-115.28,2202.26,-250.44
2020-08-20,Amazonas,Santa Isabel do Rio Negro,0.0,0,0,0.0,1904,14,0.74,7568.77,55.65,7.57,25156,298.14,-39.75,2452.7,-282.24
2020-08-19,Amazonas,Santa Isabel do Rio Negro,39.75,10,0,0.0,1904,14,0.74,7568.77,55.65,7.57,25156,337.89,-43.73,2734.94,-218.64
2020-08-18,Amazonas,Santa Isabel do Rio Negro,67.58,17,0,0.0,1894,14,0.74,7529.02,55.65,7.53,25156,381.62,15.9,2953.58,-278.26
2020-08-17,Amazonas,Santa Isabel do Rio Negro,0.0,0,1,3.98,1877,14,0.75,7461.44,55.65,7.46,25156,365.72,-19.88,3231.84,0.0
2020-08-16,Amazonas,Santa Isabel do Rio Negro,27.83,7,0,0.0,1877,13,0.69,7461.44,51.68,7.46,25156,385.6,-31.8,3231.84,-194.78
2020-08-15,Amazonas,Santa Isabel do Rio Negro,47.7,12,0,0.0,1870,13,0.7,7433.61,51.68,7.43,25156,417.4,47.7,3426.62,47.7
2020-08-14,Amazonas,Santa Isabel do Rio Negro,115.28,29,0,0.0,1858,13,0.7,7385.91,51.68,7.39,25156,369.7,59.63,3378.92,-103.36
2020-08-13,Amazonas,Santa Isabel do Rio Negro,39.75,10,1,3.98,1829,13,0.71,7270.63,51.68,7.27,25156,310.07,-35.78,3482.28,-143.11
2020-08-12,Amazonas,Santa Isabel do Rio Negro,83.48,21,0,0.0,1819,12,0.66,7230.88,47.7,7.23,25156,345.85,7.95,3625.39,-83.48
2020-08-11,Amazonas,Santa Isabel do Rio Negro,51.68,13,0,0.0,1798,12,0.67,7147.4,47.7,7.15,25156,337.9,-135.15,3708.87,-314.04
2020-08-10,Amazonas,Santa Isabel do Rio Negro,19.88,5,0,0.0,1785,12,0.67,7095.72,47.7,7.1,25156,473.05,-27.82,4022.91,19.88
2020-08-09,Amazonas,Santa Isabel do Rio Negro,59.63,15,0,0.0,1780,12,0.67,7075.85,47.7,7.08,25156,500.87,59.63,4003.03,55.65
2020-08-08,Amazonas,Santa Isabel do Rio Negro,0.0,0,0,0.0,1765,12,0.68,7016.22,47.7,7.02,25156,441.24,-119.26,3947.38,-151.06
2020-08-07,Amazonas,Santa Isabel do Rio Negro,55.65,14,0,0.0,1765,12,0.68,7016.22,47.7,7.02,25156,560.5,-79.51,4098.44,-139.13
2020-08-06,Amazonas,Santa Isabel do Rio Negro,75.53,19,0,0.0,1751,12,0.69,6960.57,47.7,6.96,25156,640.01,-79.5,4237.57,-91.43
2020-08-05,Amazonas,Santa Isabel do Rio Negro,75.53,19,0,0.0,1732,12,0.69,6885.04,47.7,6.89,25156,719.51,-155.03,4329.0,-477.02
2020-08-04,Amazonas,Santa Isabel do Rio Negro,186.83,47,0,0.0,1713,12,0.7,6809.51,47.7,6.81,25156,874.54,-107.33,4806.02,186.83
2020-08-03,Amazonas,Santa Isabel do Rio Negro,47.7,12,0,0.0,1666,12,0.72,6622.67,47.7,6.62,25156,981.87,47.7,4619.19,27.82
2020-08-02,Amazonas,Santa Isabel do Rio Negro,0.0,0,0,0.0,1654,12,0.73,6574.97,47.7,6.57,25156,934.17,0.0,4591.37,-357.77
2020-08-01,Amazonas,Santa Isabel do Rio Negro,119.26,30,0,0.0,1654,12,0.73,6574.97,47.7,6.57,25156,934.17,-155.03,4949.14,119.26
2020-07-31,Amazonas,Santa Isabel do Rio Negro,135.16,34,0,0.0,1624,12,0.74,6455.72,47.7,6.46,25156,1089.2,-115.28,4829.88,135.16
2020-07-30,Amazonas,Santa Isabel do Rio Negro,155.03,39,0,0.0,1590,12,0.75,6320.56,47.7,6.32,25156,1204.48,-127.21,4694.72,3.97
2020-07-29,Amazonas,Santa Isabel do Rio Negro,230.56,58,0,0.0,1551,12,0.77,6165.53,47.7,6.17,25156,1331.69,-27.83,4690.75,-55.65
2020-07-28,Amazonas,Santa Isabel do Rio Negro,294.16,74,0,0.0,1493,12,0.8,5934.97,47.7,5.93,25156,1359.52,-51.68,4746.4,210.68
2020-07-27,Amazonas,Santa Isabel do Rio Negro,0.0,0,0,0.0,1419,12,0.85,5640.8,47.7,5.64,25156,1411.2,0.0,4535.72,-3.98
2020-07-26,Amazonas,Santa Isabel do Rio Negro,0.0,0,0,0.0,1419,12,0.85,5640.8,47.7,5.64,25156,1411.2,-222.61,4539.7,0.0
2020-07-25,Amazonas,Santa Isabel do Rio Negro,274.29,69,0,0.0,1419,12,0.85,5640.8,47.7,5.64,25156,1633.81,274.29,4539.7,147.08
2020-07-24,Amazonas,Santa Isabel do Rio Negro,250.44,63,0,0.0,1350,12,0.89,5366.51,47.7,5.37,25156,1359.52,31.8,4392.62,71.56
2020-07-23,Amazonas,Santa Isabel do Rio Negro,282.24,71,1,3.98,1287,12,0.93,5116.08,47.7,5.12,25156,1327.72,99.38,4321.06,214.66
2020-07-22,Amazonas,Santa Isabel do Rio Negro,258.39,65,0,0.0,1216,11,0.9,4833.84,43.73,4.83,25156,1228.34,91.43,4106.4,234.54
2020-07-21,Amazonas,Santa Isabel do Rio Negro,345.84,87,0,0.0,1151,11,0.96,4575.45,43.73,4.58,25156,1136.91,-19.88,3871.86,186.83
2020-07-20,Amazonas,Santa Isabel do Rio Negro,0.0,0,0,0.0,1064,11,1.03,4229.61,43.73,4.23,25156,1156.79,0.0,3685.03,-7.95
2020-07-19,Amazonas,Santa Isabel do Rio Negro,222.61,56,0,0.0,1064,11,1.03,4229.61,43.73,4.23,25156,1156.79,218.63,3692.98,107.33
2020-07-18,Amazonas,Santa Isabel do Rio Negro,0.0,0,0,0.0,1008,11,1.09,4007.0,43.73,4.01,25156,938.16,-151.06,3585.65,0.0
2020-07-17,Amazonas,Santa Isabel do Rio Negro,218.64,55,0,0.0,1008,11,1.09,4007.0,43.73,4.01,25156,1089.22,23.86,3585.65,135.16
2020-07-16,Amazonas,Santa Isabel do Rio Negro,182.86,46,1,3.98,953,11,1.15,3788.36,43.73,3.79,25156,1065.36,15.9,3450.49,182.86
2020-07-15,Amazonas,Santa Isabel do Rio Negro,166.96,42,0,0.0,907,10,1.1,3605.5,39.75,3.61,25156,1049.46,-385.59,3267.63,115.28
2020-07-14,Amazonas,Santa Isabel do Rio Negro,365.72,92,1,3.98,865,10,1.16,3438.54,39.75,3.44,25156,1435.05,365.72,3152.35,365.72
2020-07-13,Amazonas,Santa Isabel do Rio Negro,0.0,0,0,0.0,773,9,1.16,3072.83,35.78,3.07,25156,1069.33,-19.88,2786.63,0.0
2020-07-12,Amazonas,Santa Isabel do Rio Negro,3.98,1,0,0.0,773,9,1.16,3072.83,35.78,3.07,25156,1089.21,-353.79,2786.63,3.98
2020-07-11,Amazonas,Santa Isabel do Rio Negro,151.06,38,1,3.98,772,9,1.17,3068.85,35.78,3.07,25156,1443.0,151.06,2782.65,119.26
2020-07-10,Amazonas,Santa Isabel do Rio Negro,194.78,49,1,3.98,734,8,1.09,2917.79,31.8,2.92,25156,1291.94,194.78,2663.39,190.8
2020-07-09,Amazonas,Santa Isabel do Rio Negro,166.96,42,0,0.0,685,7,1.02,2723.01,27.83,2.72,25156,1097.16,15.9,2472.59,166.96
2020-07-08,Amazonas,Santa Isabel do Rio Negro,552.55,139,1,3.98,643,7,1.09,2556.05,27.83,2.56,25156,1081.26,266.34,2305.63,536.65
2020-07-07,Amazonas,Santa Isabel do Rio Negro,0.0,0,0,0.0,504,6,1.19,2003.5,23.85,2.0,25156,814.92,-83.48,1768.98,-31.8
2020-07-06,Amazonas,Santa Isabel do Rio Negro,19.88,5,0,0.0,504,6,1.19,2003.5,23.85,2.0,25156,898.4,15.9,1800.78,-11.92
2020-07-05,Amazonas,Santa Isabel do Rio Negro,357.77,90,0,0.0,499,6,1.2,1983.62,23.85,1.98,25156,882.5,357.77,1812.7,357.77
2020-07-04,Amazonas,Santa Isabel do Rio Negro,0.0,0,0,0.0,409,6,1.47,1625.85,23.85,1.63,25156,524.73,-127.21,1454.93,0.0
2020-07-03,Amazonas,Santa Isabel do Rio Negro,0.0,0,0,0.0,409,6,1.47,1625.85,23.85,1.63,25156,651.94,-178.88,1454.93,0.0
2020-07-02,Amazonas,Santa Isabel do Rio Negro,151.06,38,0,0.0,409,6,1.47,1625.85,23.85,1.63,25156,830.82,83.48,1454.93,143.11
2020-07-01,Amazonas,Santa Isabel do Rio Negro,286.21,72,1,3.98,371,6,1.62,1474.8,23.85,1.47,25156,747.34,262.36,1311.82,278.26
2020-06-30,Amazonas,Santa Isabel do Rio Negro,83.48,21,1,3.98,299,5,1.67,1188.58,19.88,1.19,25156,484.98,-75.53,1033.56,83.48
2020-06-29,Amazonas,Santa Isabel do Rio Negro,3.98,1,0,0.0,278,4,1.44,1105.1,15.9,1.11,25156,560.51,-3.97,950.08,3.98
2020-06-28,Amazonas,Santa Isabel do Rio Negro,0.0,0,1,3.98,277,4,1.44,1101.13,15.9,1.1,25156,564.48,-115.28,946.1,-15.9
2020-06-27,Amazonas,Santa Isabel do Rio Negro,127.21,32,1,3.98,277,3,1.08,1101.13,11.93,1.1,25156,679.76,127.21,962.0,127.21
2020-06-26,Amazonas,Santa Isabel do Rio Negro,178.88,45,0,0.0,245,2,0.82,973.92,7.95,0.97,25156,552.55,95.4,834.79,178.88
2020-06-25,Amazonas,Santa Isabel do Rio Negro,67.58,17,0,0.0,200,2,1.0,795.04,7.95,0.8,25156,457.15,67.58,655.91,39.75
2020-06-24,Amazonas,Santa Isabel do Rio Negro,23.85,6,0,0.0,183,2,1.09,727.46,7.95,0.73,25156,389.57,-27.83,616.16,23.85
2020-06-23,Amazonas,Santa Isabel do Rio Negro,159.01,40,0,0.0,177,2,1.13,703.61,7.95,0.7,25156,417.4,159.01,592.31,143.11
2020-06-22,Amazonas,Santa Isabel do Rio Negro,7.95,2,0,0.0,137,2,1.46,544.6,7.95,0.54,25156,258.39,7.95,449.2,7.95
2020-06-21,Amazonas,Santa Isabel do Rio Negro,115.28,29,0,0.0,135,2,1.48,536.65,7.95,0.54,25156,250.44,115.28,441.25,115.28
2020-06-20,Amazonas,Santa Isabel do Rio Negro,0.0,0,0,0.0,106,2,1.89,421.37,7.95,0.42,25156,135.16,-31.8,325.97,0.0
2020-06-19,Amazonas,Santa Isabel do Rio Negro,83.48,21,0,0.0,106,2,1.89,421.37,7.95,0.42,25156,166.96,79.5,325.97,43.73
2020-06-18,Amazonas,Santa Isabel do Rio Negro,0.0,0,0,0.0,85,2,2.35,337.89,7.95,0.34,25156,87.46,0.0,282.24,-27.83
2020-06-17,Amazonas,Santa Isabel do Rio Negro,51.68,13,0,0.0,85,2,2.35,337.89,7.95,0.34,25156,87.46,35.78,310.07,51.68
2020-06-16,Amazonas,Santa Isabel do Rio Negro,0.0,0,0,0.0,72,2,2.78,286.21,7.95,0.29,25156,51.68,-31.8,258.39,0.0
2020-06-15,Amazonas,Santa Isabel do Rio Negro,0.0,0,0,0.0,72,2,2.78,286.21,7.95,0.29,25156,83.48,-31.8,258.39,0.0
2020-06-14,Amazonas,Santa Isabel do Rio Negro,0.0,0,1,3.98,72,2,2.78,286.21,7.95,0.29,25156,115.28,0.0,258.39,0.0
2020-06-13,Amazonas,Santa Isabel do Rio Negro,31.8,8,0,0.0,72,1,1.39,286.21,3.98,0.29,25156,115.28,31.8,258.39,31.8
2020-06-12,Amazonas,Santa Isabel do Rio Negro,3.98,1,0,0.0,64,1,1.56,254.41,3.98,0.25,25156,83.48,3.98,226.59,3.98
2020-06-11,Amazonas,Santa Isabel do Rio Negro,0.0,0,0,0.0,63,1,1.59,250.44,3.98,0.25,25156,79.5,-7.95,222.61,0.0
2020-06-10,Amazonas,Santa Isabel do Rio Negro,15.9,4,0,0.0,63,1,1.59,250.44,3.98,0.25,25156,87.45,7.95,222.61,15.9
2020-06-09,Amazonas,Santa Isabel do Rio Negro,31.8,8,0,0.0,59,1,1.69,234.54,3.98,0.23,25156,79.5,31.8,206.71,31.8
2020-06-08,Amazonas,Santa Isabel do Rio Negro,31.8,8,0,0.0,51,1,1.96,202.73,3.98,0.2,25156,47.7,31.8,174.91,31.8
2020-06-07,Amazonas,Santa Isabel do Rio Negro,0.0,0,0,0.0,43,1,2.33,170.93,3.98,0.17,25156,15.9,-15.9,143.11,0.0
2020-06-06,Amazonas,Santa Isabel do Rio Negro,0.0,0,0,0.0,43,1,2.33,170.93,3.98,0.17,25156,31.8,0.0,143.11,0.0
2020-06-05,Amazonas,Santa Isabel do Rio Negro,0.0,0,0,0.0,43,1,2.33,170.93,3.98,0.17,25156,31.8,0.0,143.11,0.0
2020-06-04,Amazonas,Santa Isabel do Rio Negro,7.95,2,0,0.0,43,1,2.33,170.93,3.98,0.17,25156,31.8,-19.88,143.11,3.97
2020-06-03,Amazonas,Santa Isabel do Rio Negro,7.95,2,0,0.0,41,1,2.44,162.98,3.98,0.16,25156,51.68,7.95,139.14,3.97
2020-06-02,Amazonas,Santa Isabel do Rio Negro,0.0,0,0,0.0,39,1,2.56,155.03,3.98,0.16,25156,43.73,-15.9,135.17,0.0
2020-06-01,Amazonas,Santa Isabel do Rio Negro,0.0,0,0,0.0,39,1,2.56,155.03,3.98,0.16,25156,59.63,0.0,135.17,0.0
2020-05-31,Amazonas,Santa Isabel do Rio Negro,15.9,4,0,0.0,39,1,2.56,155.03,3.98,0.16,25156,59.63,15.9,135.17,11.92
2020-05-30,Amazonas,Santa Isabel do Rio Negro,0.0,0,0,0.0,35,1,2.86,139.13,3.98,0.14,25156,43.73,0.0,123.25,0.0
2020-05-29,Amazonas,Santa Isabel do Rio Negro,0.0,0,0,0.0,35,1,2.86,139.13,3.98,0.14,25156,43.73,-39.75,123.25,0.0
2020-05-28,Amazonas,Santa Isabel do Rio Negro,27.83,7,0,0.0,35,1,2.86,139.13,3.98,0.14,25156,83.48,0.0,123.25,27.83
2020-05-27,Amazonas,Santa Isabel do Rio Negro,0.0,0,0,0.0,28,1,3.57,111.31,3.98,0.11,25156,83.48,0.0,95.42,0.0
2020-05-26,Amazonas,Santa Isabel do Rio Negro,15.9,4,0,0.0,28,1,3.57,111.31,3.98,0.11,25156,83.48,15.9,95.42,15.9
2020-05-25,Amazonas,Santa Isabel do Rio Negro,0.0,0,0,0.0,24,1,4.17,95.4,3.98,0.1,25156,67.58,0.0,79.52,0.0
2020-05-24,Amazonas,Santa Isabel do Rio Negro,0.0,0,0,0.0,24,1,4.17,95.4,3.98,0.1,25156,67.58,0.0,79.52,-11.93
2020-05-23,Amazonas,Santa Isabel do Rio Negro,0.0,0,0,0.0,24,1,4.17,95.4,3.98,0.1,25156,67.58,0.0,91.45,0.0
2020-05-22,Amazonas,Santa Isabel do Rio Negro,39.75,10,0,0.0,24,1,4.17,95.4,3.98,0.1,25156,67.58,39.75,91.45,39.75
2020-05-21,Amazonas,Santa Isabel do Rio Negro,27.83,7,0,0.0,14,1,7.14,55.65,3.98,0.06,25156,27.83,27.83,51.7,27.83
2020-05-20,Amazonas,Santa Isabel do Rio Negro,0.0,0,0,0.0,7,1,14.29,27.83,3.98,0.03,25156,0.0,0.0,23.87,0.0
2020-05-19,Amazonas,Santa Isabel do Rio Negro,0.0,0,0,0.0,7,1,14.29,27.83,3.98,0.03,25156,0.0,0.0,23.87,0.0
2020-05-18,Amazonas,Santa Isabel do Rio Negro,0.0,0,0,0.0,7,1,14.29,27.83,3.98,0.03,25156,0.0,0.0,23.87,0.0
2020-05-17,Amazonas,Santa Isabel do Rio Negro,0.0,0,0,0.0,7,1,14.29,27.83,3.98,0.03,25156,0.0,0.0,23.87,0.0
2020-05-16,Amazonas,Santa Isabel do Rio Negro,0.0,0,0,0.0,7,1,14.29,27.83,3.98,0.03,25156,0.0,0.0,23.87,0.0
2020-05-15,Amazonas,Santa Isabel do Rio Negro,0.0,0,0,0.0,7,1,14.29,27.83,3.98,0.03,25156,0.0,0.0,23.87,0.0
2020-05-14,Amazonas,Santa Isabel do Rio Negro,0.0,0,0,0.0,7,1,14.29,27.83,3.98,0.03,25156,0.0,-3.98,23.87,0.0
2020-05-13,Amazonas,Santa Isabel do Rio Negro,0.0,0,1,3.98,7,1,14.29,27.83,3.98,0.03,25156,3.98,-3.98,23.87,0.0
2020-05-12,Amazonas,Santa Isabel do Rio Negro,0.0,0,0,0.0,7,0,0.0,27.83,0.0,0.03,25156,7.96,0.0,23.87,0.0
2020-05-11,Amazonas,Santa Isabel do Rio Negro,0.0,0,0,0.0,7,0,0.0,27.83,0.0,0.03,25156,7.96,0.0,23.87,0.0
2020-05-10,Amazonas,Santa Isabel do Rio Negro,0.0,0,0,0.0,7,0,0.0,27.83,0.0,0.03,25156,7.96,-3.98,23.87,0.0
2020-05-09,Amazonas,Santa Isabel do Rio Negro,0.0,0,0,0.0,7,0,0.0,27.83,0.0,0.03,25156,11.94,0.0,23.87,0.0
2020-05-08,Amazonas,Santa Isabel do Rio Negro,0.0,0,0,0.0,7,0,0.0,27.83,0.0,0.03,25156,11.94,0.0,23.87,0.0
2020-05-07,Amazonas,Santa Isabel do Rio Negro,3.98,1,0,0.0,7,0,0.0,27.83,0.0,0.03,25156,11.94,3.98,23.87,3.98
2020-05-06,Amazonas,Santa Isabel do Rio Negro,3.98,1,0,0.0,6,0,0.0,23.85,0.0,0.02,25156,7.96,3.98,19.89,3.98
2020-05-05,Amazonas,Santa Isabel do Rio Negro,0.0,0,0,0.0,5,0,0.0,19.88,0.0,0.02,25156,3.98,0.0,15.91,0.0
2020-05-04,Amazonas,Santa Isabel do Rio Negro,0.0,0,0,0.0,5,0,0.0,19.88,0.0,0.02,25156,3.98,0.0,15.91,0.0
2020-05-03,Amazonas,Santa Isabel do Rio Negro,3.98,1,0,0.0,5,0,0.0,19.88,0.0,0.02,25156,3.98,-7.95,15.91,3.98
2020-05-02,Amazonas,Santa Isabel do Rio Negro,0.0,0,0,0.0,4,0,0.0,15.9,0.0,0.02,25156,11.93,0.0,11.93,0.0
2020-05-01,Amazonas,Santa Isabel do Rio Negro,0.0,0,0,0.0,4,0,0.0,15.9,0.0,0.02,25156,11.93,0.0,11.93,0.0
2020-04-30,Amazonas,Santa Isabel do Rio Negro,0.0,0,0,0.0,4,0,0.0,15.9,0.0,0.02,25156,11.93,0.0,11.93,0.0
2020-04-29,Amazonas,Santa Isabel do Rio Negro,0.0,0,0,0.0,4,0,0.0,15.9,0.0,0.02,25156,11.93,0.0,11.93,0.0
2020-04-28,Amazonas,Santa Isabel do Rio Negro,0.0,0,0,0.0,4,0,0.0,15.9,0.0,0.02,25156,11.93,0.0,11.93,0.0
2020-04-27,Amazonas,Santa Isabel do Rio Negro,0.0,0,0,0.0,4,0,0.0,15.9,0.0,0.02,25156,11.93,0.0,11.93,0.0
2020-04-26,Amazonas,Santa Isabel do Rio Negro,11.93,3,0,0.0,4,0,0.0,15.9,0.0,0.02,25156,11.93,11.93,11.93,11.93
2020-04-25,Amazonas,Santa Isabel do Rio Negro,0.0,0,0,0.0,1,0,0.0,3.98,0.0,0.0,25156,0.0,0.0,0.0,0.0
2020-04-24,Amazonas,Santa Isabel do Rio Negro,0.0,0,0,0.0,1,0,0.0,3.98,0.0,0.0,25156,0.0,0.0,0.0,0.0
2020-04-23,Amazonas,Santa Isabel do Rio Negro,0.0,0,0,0.0,1,0,0.0,3.98,0.0,0.0,25156,0.0,0.0,0.0,0.0
2020-04-22,Amazonas,Santa Isabel do Rio Negro,0.0,0,0,0.0,1,0,0.0,3.98,0.0,0.0,25156,0.0,0.0,0.0,0.0
2020-04-21,Amazonas,Santa Isabel do Rio Negro,0.0,0,0,0.0,1,0,0.0,3.98,0.0,0.0,25156,0.0,0.0,0.0,0.0
2020-04-20,Amazonas,Santa Isabel do Rio Negro,0.0,0,0,0.0,1,0,0.0,3.98,0.0,0.0,25156,0.0,0.0,0.0,0.0
2020-04-19,Amazonas,Santa Isabel do Rio Negro,0.0,0,0,0.0,1,0,0.0,3.98,0.0,0.0,25156,0.0,0.0,0.0,0.0
2020-04-18,Amazonas,Santa Isabel do Rio Negro,0.0,0,0,0.0,1,0,0.0,3.98,0.0,0.0,25156,0.0,0.0,0.0,0.0
