date,state,county,new_cases_100k,new_cases,new_deaths,new_deaths_100k,total_cases,total_deaths,cfr%,total_cases_100k,total_deaths_100k,%infected,population,pop_density
2020-08-11,Ohio,Carroll,11.08,3,0,0.0,113,5,4.42,417.27,18.46,0.42,27081,68.63
2020-08-10,Ohio,Carroll,-3.69,-1,0,0.0,110,5,4.55,406.19,18.46,0.41,27081,68.63
2020-08-09,Ohio,Carroll,0.0,0,0,0.0,111,5,4.5,409.88,18.46,0.41,27081,68.63
2020-08-08,Ohio,Carroll,3.69,1,0,0.0,111,5,4.5,409.88,18.46,0.41,27081,68.63
2020-08-07,Ohio,Carroll,0.0,0,0,0.0,110,5,4.55,406.19,18.46,0.41,27081,68.63
2020-08-06,Ohio,Carroll,0.0,0,0,0.0,110,5,4.55,406.19,18.46,0.41,27081,68.63
2020-08-05,Ohio,Carroll,0.0,0,0,0.0,110,5,4.55,406.19,18.46,0.41,27081,68.63
2020-08-04,Ohio,Carroll,7.39,2,0,0.0,110,5,4.55,406.19,18.46,0.41,27081,68.63
2020-08-03,Ohio,Carroll,3.69,1,0,0.0,108,5,4.63,398.8,18.46,0.4,27081,68.63
2020-08-02,Ohio,Carroll,0.0,0,0,0.0,107,5,4.67,395.11,18.46,0.4,27081,68.63
2020-08-01,Ohio,Carroll,0.0,0,0,0.0,107,5,4.67,395.11,18.46,0.4,27081,68.63
2020-07-31,Ohio,Carroll,11.08,3,0,0.0,107,5,4.67,395.11,18.46,0.4,27081,68.63
2020-07-30,Ohio,Carroll,3.69,1,0,0.0,104,5,4.81,384.03,18.46,0.38,27081,68.63
2020-07-29,Ohio,Carroll,7.39,2,0,0.0,103,5,4.85,380.34,18.46,0.38,27081,68.63
2020-07-28,Ohio,Carroll,14.77,4,1,3.69,101,5,4.95,372.96,18.46,0.37,27081,68.63
2020-07-27,Ohio,Carroll,18.46,5,0,0.0,97,4,4.12,358.18,14.77,0.36,27081,68.63
2020-07-26,Ohio,Carroll,-3.69,-1,0,0.0,92,4,4.35,339.72,14.77,0.34,27081,68.63
2020-07-25,Ohio,Carroll,0.0,0,0,0.0,93,4,4.3,343.41,14.77,0.34,27081,68.63
2020-07-24,Ohio,Carroll,0.0,0,0,0.0,93,4,4.3,343.41,14.77,0.34,27081,68.63
2020-07-23,Ohio,Carroll,11.08,3,0,0.0,93,4,4.3,343.41,14.77,0.34,27081,68.63
2020-07-22,Ohio,Carroll,7.39,2,0,0.0,90,4,4.44,332.34,14.77,0.33,27081,68.63
2020-07-21,Ohio,Carroll,7.39,2,0,0.0,88,4,4.55,324.95,14.77,0.32,27081,68.63
2020-07-20,Ohio,Carroll,0.0,0,0,0.0,86,4,4.65,317.57,14.77,0.32,27081,68.63
2020-07-19,Ohio,Carroll,18.46,5,1,3.69,86,4,4.65,317.57,14.77,0.32,27081,68.63
2020-07-18,Ohio,Carroll,11.08,3,0,0.0,81,3,3.7,299.1,11.08,0.3,27081,68.63
2020-07-17,Ohio,Carroll,7.39,2,0,0.0,78,3,3.85,288.02,11.08,0.29,27081,68.63
2020-07-16,Ohio,Carroll,14.77,4,0,0.0,76,3,3.95,280.64,11.08,0.28,27081,68.63
2020-07-15,Ohio,Carroll,3.69,1,0,0.0,72,3,4.17,265.87,11.08,0.27,27081,68.63
2020-07-14,Ohio,Carroll,0.0,0,0,0.0,71,3,4.23,262.18,11.08,0.26,27081,68.63
2020-07-13,Ohio,Carroll,3.69,1,0,0.0,71,3,4.23,262.18,11.08,0.26,27081,68.63
2020-07-12,Ohio,Carroll,11.08,3,0,0.0,70,3,4.29,258.48,11.08,0.26,27081,68.63
2020-07-11,Ohio,Carroll,11.08,3,0,0.0,67,3,4.48,247.41,11.08,0.25,27081,68.63
2020-07-10,Ohio,Carroll,14.77,4,0,0.0,64,3,4.69,236.33,11.08,0.24,27081,68.63
2020-07-09,Ohio,Carroll,0.0,0,0,0.0,60,3,5.0,221.56,11.08,0.22,27081,68.63
2020-07-08,Ohio,Carroll,3.69,1,0,0.0,60,3,5.0,221.56,11.08,0.22,27081,68.63
2020-07-07,Ohio,Carroll,0.0,0,0,0.0,59,3,5.08,217.86,11.08,0.22,27081,68.63
2020-07-06,Ohio,Carroll,0.0,0,0,0.0,59,3,5.08,217.86,11.08,0.22,27081,68.63
2020-07-05,Ohio,Carroll,3.69,1,0,0.0,59,3,5.08,217.86,11.08,0.22,27081,68.63
2020-07-04,Ohio,Carroll,0.0,0,0,0.0,58,3,5.17,214.17,11.08,0.21,27081,68.63
2020-07-03,Ohio,Carroll,25.85,7,0,0.0,58,3,5.17,214.17,11.08,0.21,27081,68.63
2020-07-02,Ohio,Carroll,0.0,0,0,0.0,51,3,5.88,188.32,11.08,0.19,27081,68.63
2020-07-01,Ohio,Carroll,0.0,0,0,0.0,51,3,5.88,188.32,11.08,0.19,27081,68.63
2020-06-30,Ohio,Carroll,3.69,1,0,0.0,51,3,5.88,188.32,11.08,0.19,27081,68.63
2020-06-29,Ohio,Carroll,7.39,2,0,0.0,50,3,6.0,184.63,11.08,0.18,27081,68.63
2020-06-28,Ohio,Carroll,3.69,1,0,0.0,48,3,6.25,177.25,11.08,0.18,27081,68.63
2020-06-27,Ohio,Carroll,3.69,1,0,0.0,47,3,6.38,173.55,11.08,0.17,27081,68.63
2020-06-26,Ohio,Carroll,0.0,0,0,0.0,46,3,6.52,169.86,11.08,0.17,27081,68.63
2020-06-25,Ohio,Carroll,11.08,3,0,0.0,46,3,6.52,169.86,11.08,0.17,27081,68.63
2020-06-24,Ohio,Carroll,3.69,1,0,0.0,43,3,6.98,158.78,11.08,0.16,27081,68.63
2020-06-23,Ohio,Carroll,0.0,0,0,0.0,42,3,7.14,155.09,11.08,0.16,27081,68.63
2020-06-22,Ohio,Carroll,3.69,1,0,0.0,42,3,7.14,155.09,11.08,0.16,27081,68.63
2020-06-21,Ohio,Carroll,7.39,2,0,0.0,41,3,7.32,151.4,11.08,0.15,27081,68.63
2020-06-20,Ohio,Carroll,3.69,1,0,0.0,39,3,7.69,144.01,11.08,0.14,27081,68.63
2020-06-19,Ohio,Carroll,3.69,1,0,0.0,38,3,7.89,140.32,11.08,0.14,27081,68.63
2020-06-18,Ohio,Carroll,0.0,0,0,0.0,37,3,8.11,136.63,11.08,0.14,27081,68.63
2020-06-17,Ohio,Carroll,0.0,0,0,0.0,37,3,8.11,136.63,11.08,0.14,27081,68.63
2020-06-16,Ohio,Carroll,0.0,0,0,0.0,37,3,8.11,136.63,11.08,0.14,27081,68.63
2020-06-15,Ohio,Carroll,0.0,0,0,0.0,37,3,8.11,136.63,11.08,0.14,27081,68.63
2020-06-14,Ohio,Carroll,0.0,0,0,0.0,37,3,8.11,136.63,11.08,0.14,27081,68.63
2020-06-13,Ohio,Carroll,3.69,1,0,0.0,37,3,8.11,136.63,11.08,0.14,27081,68.63
2020-06-12,Ohio,Carroll,0.0,0,0,0.0,36,3,8.33,132.93,11.08,0.13,27081,68.63
2020-06-11,Ohio,Carroll,0.0,0,0,0.0,36,3,8.33,132.93,11.08,0.13,27081,68.63
2020-06-10,Ohio,Carroll,0.0,0,0,0.0,36,3,8.33,132.93,11.08,0.13,27081,68.63
2020-06-09,Ohio,Carroll,0.0,0,0,0.0,36,3,8.33,132.93,11.08,0.13,27081,68.63
2020-06-08,Ohio,Carroll,0.0,0,0,0.0,36,3,8.33,132.93,11.08,0.13,27081,68.63
2020-06-07,Ohio,Carroll,0.0,0,0,0.0,36,3,8.33,132.93,11.08,0.13,27081,68.63
2020-06-06,Ohio,Carroll,3.69,1,0,0.0,36,3,8.33,132.93,11.08,0.13,27081,68.63
2020-06-05,Ohio,Carroll,3.69,1,0,0.0,35,3,8.57,129.24,11.08,0.13,27081,68.63
2020-06-04,Ohio,Carroll,11.08,3,0,0.0,34,3,8.82,125.55,11.08,0.13,27081,68.63
2020-06-03,Ohio,Carroll,0.0,0,0,0.0,31,3,9.68,114.47,11.08,0.11,27081,68.63
2020-06-02,Ohio,Carroll,0.0,0,0,0.0,31,3,9.68,114.47,11.08,0.11,27081,68.63
2020-06-01,Ohio,Carroll,0.0,0,0,0.0,31,3,9.68,114.47,11.08,0.11,27081,68.63
2020-05-31,Ohio,Carroll,3.69,1,0,0.0,31,3,9.68,114.47,11.08,0.11,27081,68.63
2020-05-30,Ohio,Carroll,0.0,0,0,0.0,30,3,10.0,110.78,11.08,0.11,27081,68.63
2020-05-29,Ohio,Carroll,0.0,0,0,0.0,30,3,10.0,110.78,11.08,0.11,27081,68.63
2020-05-28,Ohio,Carroll,3.69,1,0,0.0,30,3,10.0,110.78,11.08,0.11,27081,68.63
2020-05-27,Ohio,Carroll,3.69,1,1,3.69,29,3,10.34,107.09,11.08,0.11,27081,68.63
2020-05-26,Ohio,Carroll,0.0,0,0,0.0,28,2,7.14,103.39,7.39,0.1,27081,68.63
2020-05-25,Ohio,Carroll,0.0,0,0,0.0,28,2,7.14,103.39,7.39,0.1,27081,68.63
2020-05-24,Ohio,Carroll,0.0,0,0,0.0,28,2,7.14,103.39,7.39,0.1,27081,68.63
2020-05-23,Ohio,Carroll,0.0,0,0,0.0,28,2,7.14,103.39,7.39,0.1,27081,68.63
2020-05-22,Ohio,Carroll,7.39,2,0,0.0,28,2,7.14,103.39,7.39,0.1,27081,68.63
2020-05-21,Ohio,Carroll,0.0,0,0,0.0,26,2,7.69,96.01,7.39,0.1,27081,68.63
2020-05-20,Ohio,Carroll,0.0,0,0,0.0,26,2,7.69,96.01,7.39,0.1,27081,68.63
2020-05-19,Ohio,Carroll,0.0,0,0,0.0,26,2,7.69,96.01,7.39,0.1,27081,68.63
2020-05-18,Ohio,Carroll,3.69,1,0,0.0,26,2,7.69,96.01,7.39,0.1,27081,68.63
2020-05-17,Ohio,Carroll,3.69,1,0,0.0,25,2,8.0,92.32,7.39,0.09,27081,68.63
2020-05-16,Ohio,Carroll,0.0,0,0,0.0,24,2,8.33,88.62,7.39,0.09,27081,68.63
2020-05-15,Ohio,Carroll,0.0,0,0,0.0,24,2,8.33,88.62,7.39,0.09,27081,68.63
2020-05-14,Ohio,Carroll,0.0,0,0,0.0,24,2,8.33,88.62,7.39,0.09,27081,68.63
2020-05-13,Ohio,Carroll,0.0,0,0,0.0,24,2,8.33,88.62,7.39,0.09,27081,68.63
2020-05-12,Ohio,Carroll,0.0,0,1,3.69,24,2,8.33,88.62,7.39,0.09,27081,68.63
2020-05-11,Ohio,Carroll,3.69,1,0,0.0,24,1,4.17,88.62,3.69,0.09,27081,68.63
2020-05-10,Ohio,Carroll,0.0,0,0,0.0,23,1,4.35,84.93,3.69,0.08,27081,68.63
2020-05-09,Ohio,Carroll,0.0,0,0,0.0,23,1,4.35,84.93,3.69,0.08,27081,68.63
2020-05-08,Ohio,Carroll,7.39,2,0,0.0,23,1,4.35,84.93,3.69,0.08,27081,68.63
2020-05-07,Ohio,Carroll,0.0,0,0,0.0,21,1,4.76,77.55,3.69,0.08,27081,68.63
2020-05-06,Ohio,Carroll,0.0,0,0,0.0,21,1,4.76,77.55,3.69,0.08,27081,68.63
2020-05-05,Ohio,Carroll,0.0,0,0,0.0,21,1,4.76,77.55,3.69,0.08,27081,68.63
2020-05-04,Ohio,Carroll,0.0,0,0,0.0,21,1,4.76,77.55,3.69,0.08,27081,68.63
2020-05-03,Ohio,Carroll,0.0,0,0,0.0,21,1,4.76,77.55,3.69,0.08,27081,68.63
2020-05-02,Ohio,Carroll,0.0,0,0,0.0,21,1,4.76,77.55,3.69,0.08,27081,68.63
2020-05-01,Ohio,Carroll,0.0,0,0,0.0,21,1,4.76,77.55,3.69,0.08,27081,68.63
2020-04-30,Ohio,Carroll,7.39,2,0,0.0,21,1,4.76,77.55,3.69,0.08,27081,68.63
2020-04-29,Ohio,Carroll,0.0,0,0,0.0,19,1,5.26,70.16,3.69,0.07,27081,68.63
2020-04-28,Ohio,Carroll,0.0,0,0,0.0,19,1,5.26,70.16,3.69,0.07,27081,68.63
2020-04-27,Ohio,Carroll,0.0,0,0,0.0,19,1,5.26,70.16,3.69,0.07,27081,68.63
2020-04-26,Ohio,Carroll,-3.69,-1,0,0.0,19,1,5.26,70.16,3.69,0.07,27081,68.63
2020-04-25,Ohio,Carroll,3.69,1,0,0.0,20,1,5.0,73.85,3.69,0.07,27081,68.63
2020-04-24,Ohio,Carroll,3.69,1,1,3.69,19,1,5.26,70.16,3.69,0.07,27081,68.63
2020-04-23,Ohio,Carroll,0.0,0,0,0.0,18,0,0.0,66.47,0.0,0.07,27081,68.63
2020-04-22,Ohio,Carroll,7.39,2,0,0.0,18,0,0.0,66.47,0.0,0.07,27081,68.63
2020-04-21,Ohio,Carroll,0.0,0,0,0.0,16,0,0.0,59.08,0.0,0.06,27081,68.63
2020-04-20,Ohio,Carroll,3.69,1,0,0.0,16,0,0.0,59.08,0.0,0.06,27081,68.63
2020-04-19,Ohio,Carroll,0.0,0,0,0.0,15,0,0.0,55.39,0.0,0.06,27081,68.63
2020-04-18,Ohio,Carroll,0.0,0,0,0.0,15,0,0.0,55.39,0.0,0.06,27081,68.63
2020-04-17,Ohio,Carroll,3.69,1,0,0.0,15,0,0.0,55.39,0.0,0.06,27081,68.63
2020-04-16,Ohio,Carroll,0.0,0,0,0.0,14,0,0.0,51.7,0.0,0.05,27081,68.63
2020-04-15,Ohio,Carroll,0.0,0,0,0.0,14,0,0.0,51.7,0.0,0.05,27081,68.63
2020-04-14,Ohio,Carroll,0.0,0,0,0.0,14,0,0.0,51.7,0.0,0.05,27081,68.63
2020-04-13,Ohio,Carroll,3.69,1,0,0.0,14,0,0.0,51.7,0.0,0.05,27081,68.63
2020-04-12,Ohio,Carroll,7.39,2,0,0.0,13,0,0.0,48.0,0.0,0.05,27081,68.63
2020-04-11,Ohio,Carroll,3.69,1,0,0.0,11,0,0.0,40.62,0.0,0.04,27081,68.63
2020-04-10,Ohio,Carroll,3.69,1,0,0.0,10,0,0.0,36.93,0.0,0.04,27081,68.63
2020-04-09,Ohio,Carroll,0.0,0,0,0.0,9,0,0.0,33.23,0.0,0.03,27081,68.63
2020-04-08,Ohio,Carroll,0.0,0,0,0.0,9,0,0.0,33.23,0.0,0.03,27081,68.63
2020-04-07,Ohio,Carroll,0.0,0,0,0.0,9,0,0.0,33.23,0.0,0.03,27081,68.63
2020-04-06,Ohio,Carroll,3.69,1,0,0.0,9,0,0.0,33.23,0.0,0.03,27081,68.63
2020-04-05,Ohio,Carroll,0.0,0,0,0.0,8,0,0.0,29.54,0.0,0.03,27081,68.63
2020-04-04,Ohio,Carroll,11.08,3,0,0.0,8,0,0.0,29.54,0.0,0.03,27081,68.63
2020-04-03,Ohio,Carroll,0.0,0,0,0.0,5,0,0.0,18.46,0.0,0.02,27081,68.63
2020-04-02,Ohio,Carroll,0.0,0,0,0.0,5,0,0.0,18.46,0.0,0.02,27081,68.63
2020-04-01,Ohio,Carroll,0.0,0,0,0.0,5,0,0.0,18.46,0.0,0.02,27081,68.63
2020-03-31,Ohio,Carroll,0.0,0,0,0.0,5,0,0.0,18.46,0.0,0.02,27081,68.63
2020-03-30,Ohio,Carroll,3.69,1,0,0.0,5,0,0.0,18.46,0.0,0.02,27081,68.63
2020-03-29,Ohio,Carroll,0.0,0,0,0.0,4,0,0.0,14.77,0.0,0.01,27081,68.63
2020-03-28,Ohio,Carroll,3.69,1,0,0.0,4,0,0.0,14.77,0.0,0.01,27081,68.63
2020-03-27,Ohio,Carroll,0.0,0,0,0.0,3,0,0.0,11.08,0.0,0.01,27081,68.63
2020-03-26,Ohio,Carroll,0.0,0,0,0.0,3,0,0.0,11.08,0.0,0.01,27081,68.63
2020-03-25,Ohio,Carroll,0.0,0,0,0.0,3,0,0.0,11.08,0.0,0.01,27081,68.63
2020-03-24,Ohio,Carroll,3.69,1,0,0.0,3,0,0.0,11.08,0.0,0.01,27081,68.63
2020-03-23,Ohio,Carroll,3.69,1,0,0.0,2,0,0.0,7.39,0.0,0.01,27081,68.63
2020-03-22,Ohio,Carroll,0.0,0,0,0.0,1,0,0.0,3.69,0.0,0.0,27081,68.63
