date,state,county,new_cases_100k,new_cases,new_deaths,new_deaths_100k,total_cases,total_deaths,cfr%,total_cases_100k,total_deaths_100k,%infected,population,pop_density
2020-08-07,Ohio,Cuyahoga,10.29,128,7,0.56,13269,498,3.75,1066.76,40.04,1.07,1243857,2720.69
2020-08-06,Ohio,Cuyahoga,10.45,130,4,0.32,13141,491,3.74,1056.47,39.47,1.06,1243857,2720.69
2020-08-05,Ohio,Cuyahoga,10.45,130,5,0.4,13011,487,3.74,1046.02,39.15,1.05,1243857,2720.69
2020-08-04,Ohio,Cuyahoga,10.29,128,5,0.4,12881,482,3.74,1035.57,38.75,1.04,1243857,2720.69
2020-08-03,Ohio,Cuyahoga,8.6,107,0,0.0,12753,477,3.74,1025.28,38.35,1.03,1243857,2720.69
2020-08-02,Ohio,Cuyahoga,10.29,128,2,0.16,12646,477,3.77,1016.68,38.35,1.02,1243857,2720.69
2020-08-01,Ohio,Cuyahoga,9.57,119,5,0.4,12518,475,3.79,1006.39,38.19,1.01,1243857,2720.69
2020-07-31,Ohio,Cuyahoga,15.03,187,5,0.4,12399,470,3.79,996.82,37.79,1.0,1243857,2720.69
2020-07-30,Ohio,Cuyahoga,9.97,124,0,0.0,12212,465,3.81,981.78,37.38,0.98,1243857,2720.69
2020-07-29,Ohio,Cuyahoga,12.06,150,5,0.4,12088,465,3.85,971.82,37.38,0.97,1243857,2720.69
2020-07-28,Ohio,Cuyahoga,12.06,150,6,0.48,11938,460,3.85,959.76,36.98,0.96,1243857,2720.69
2020-07-27,Ohio,Cuyahoga,7.32,91,5,0.4,11788,454,3.85,947.7,36.5,0.95,1243857,2720.69
2020-07-26,Ohio,Cuyahoga,9.08,113,0,0.0,11697,449,3.84,940.38,36.1,0.94,1243857,2720.69
2020-07-25,Ohio,Cuyahoga,14.47,180,-1,-0.08,11584,449,3.88,931.3,36.1,0.93,1243857,2720.69
2020-07-24,Ohio,Cuyahoga,15.92,198,15,1.21,11404,450,3.95,916.83,36.18,0.92,1243857,2720.69
2020-07-23,Ohio,Cuyahoga,15.36,191,3,0.24,11206,435,3.88,900.91,34.97,0.9,1243857,2720.69
2020-07-22,Ohio,Cuyahoga,15.03,187,1,0.08,11015,432,3.92,885.55,34.73,0.89,1243857,2720.69
2020-07-21,Ohio,Cuyahoga,9.25,115,7,0.56,10828,431,3.98,870.52,34.65,0.87,1243857,2720.69
2020-07-20,Ohio,Cuyahoga,12.86,160,3,0.24,10713,424,3.96,861.27,34.09,0.86,1243857,2720.69
2020-07-19,Ohio,Cuyahoga,9.25,115,7,0.56,10553,421,3.99,848.41,33.85,0.85,1243857,2720.69
2020-07-18,Ohio,Cuyahoga,17.93,223,7,0.56,10438,414,3.97,839.16,33.28,0.84,1243857,2720.69
2020-07-17,Ohio,Cuyahoga,18.49,230,1,0.08,10215,407,3.98,821.24,32.72,0.82,1243857,2720.69
2020-07-16,Ohio,Cuyahoga,16.16,201,4,0.32,9985,406,4.07,802.75,32.64,0.8,1243857,2720.69
2020-07-15,Ohio,Cuyahoga,22.11,275,2,0.16,9784,402,4.11,786.59,32.32,0.79,1243857,2720.69
2020-07-14,Ohio,Cuyahoga,12.06,150,1,0.08,9509,400,4.21,764.48,32.16,0.76,1243857,2720.69
2020-07-13,Ohio,Cuyahoga,12.14,151,0,0.0,9359,399,4.26,752.42,32.08,0.75,1243857,2720.69
2020-07-12,Ohio,Cuyahoga,18.41,229,6,0.48,9208,399,4.33,740.28,32.08,0.74,1243857,2720.69
2020-07-11,Ohio,Cuyahoga,15.52,193,0,0.0,8979,393,4.38,721.87,31.6,0.72,1243857,2720.69
2020-07-10,Ohio,Cuyahoga,21.55,268,10,0.8,8786,393,4.47,706.35,31.6,0.71,1243857,2720.69
2020-07-09,Ohio,Cuyahoga,19.38,241,0,0.0,8518,383,4.5,684.81,30.79,0.68,1243857,2720.69
2020-07-08,Ohio,Cuyahoga,18.41,229,4,0.32,8277,383,4.63,665.43,30.79,0.67,1243857,2720.69
2020-07-07,Ohio,Cuyahoga,13.27,165,6,0.48,8048,379,4.71,647.02,30.47,0.65,1243857,2720.69
2020-07-06,Ohio,Cuyahoga,12.78,159,0,0.0,7883,373,4.73,633.75,29.99,0.63,1243857,2720.69
2020-07-05,Ohio,Cuyahoga,12.3,153,1,0.08,7724,373,4.83,620.97,29.99,0.62,1243857,2720.69
2020-07-04,Ohio,Cuyahoga,14.39,179,0,0.0,7571,372,4.91,608.67,29.91,0.61,1243857,2720.69
2020-07-03,Ohio,Cuyahoga,30.47,379,6,0.48,7392,372,5.03,594.28,29.91,0.59,1243857,2720.69
2020-07-02,Ohio,Cuyahoga,0.0,0,0,0.0,7013,366,5.22,563.81,29.42,0.56,1243857,2720.69
2020-07-01,Ohio,Cuyahoga,14.63,182,2,0.16,7013,366,5.22,563.81,29.42,0.56,1243857,2720.69
2020-06-30,Ohio,Cuyahoga,11.01,137,12,0.96,6831,364,5.33,549.18,29.26,0.55,1243857,2720.69
2020-06-29,Ohio,Cuyahoga,9.89,123,1,0.08,6694,352,5.26,538.16,28.3,0.54,1243857,2720.69
2020-06-28,Ohio,Cuyahoga,11.42,142,0,0.0,6571,351,5.34,528.28,28.22,0.53,1243857,2720.69
2020-06-27,Ohio,Cuyahoga,11.42,142,4,0.32,6429,351,5.46,516.86,28.22,0.52,1243857,2720.69
2020-06-26,Ohio,Cuyahoga,14.15,176,1,0.08,6287,347,5.52,505.44,27.9,0.51,1243857,2720.69
2020-06-25,Ohio,Cuyahoga,11.82,147,3,0.24,6111,346,5.66,491.29,27.82,0.49,1243857,2720.69
2020-06-24,Ohio,Cuyahoga,11.58,144,2,0.16,5964,343,5.75,479.48,27.58,0.48,1243857,2720.69
2020-06-23,Ohio,Cuyahoga,6.91,86,2,0.16,5820,341,5.86,467.9,27.41,0.47,1243857,2720.69
2020-06-22,Ohio,Cuyahoga,8.12,101,1,0.08,5734,339,5.91,460.99,27.25,0.46,1243857,2720.69
2020-06-21,Ohio,Cuyahoga,6.27,78,2,0.16,5633,338,6.0,452.87,27.17,0.45,1243857,2720.69
2020-06-20,Ohio,Cuyahoga,5.95,74,2,0.16,5555,336,6.05,446.59,27.01,0.45,1243857,2720.69
2020-06-19,Ohio,Cuyahoga,6.19,77,7,0.56,5481,334,6.09,440.65,26.85,0.44,1243857,2720.69
2020-06-18,Ohio,Cuyahoga,5.47,68,8,0.64,5404,327,6.05,434.46,26.29,0.43,1243857,2720.69
2020-06-17,Ohio,Cuyahoga,5.23,65,1,0.08,5336,319,5.98,428.99,25.65,0.43,1243857,2720.69
2020-06-16,Ohio,Cuyahoga,4.1,51,3,0.24,5271,318,6.03,423.76,25.57,0.42,1243857,2720.69
2020-06-15,Ohio,Cuyahoga,3.62,45,4,0.32,5220,315,6.03,419.66,25.32,0.42,1243857,2720.69
2020-06-14,Ohio,Cuyahoga,2.49,31,1,0.08,5175,311,6.01,416.04,25.0,0.42,1243857,2720.69
2020-06-13,Ohio,Cuyahoga,2.57,32,6,0.48,5144,310,6.03,413.55,24.92,0.41,1243857,2720.69
2020-06-12,Ohio,Cuyahoga,4.42,55,1,0.08,5112,304,5.95,410.98,24.44,0.41,1243857,2720.69
2020-06-11,Ohio,Cuyahoga,3.7,46,5,0.4,5057,303,5.99,406.56,24.36,0.41,1243857,2720.69
2020-06-10,Ohio,Cuyahoga,5.79,72,11,0.88,5011,298,5.95,402.86,23.96,0.4,1243857,2720.69
2020-06-09,Ohio,Cuyahoga,2.33,29,4,0.32,4939,287,5.81,397.07,23.07,0.4,1243857,2720.69
2020-06-08,Ohio,Cuyahoga,4.18,52,15,1.21,4910,283,5.76,394.74,22.75,0.39,1243857,2720.69
2020-06-07,Ohio,Cuyahoga,2.49,31,3,0.24,4858,268,5.52,390.56,21.55,0.39,1243857,2720.69
2020-06-06,Ohio,Cuyahoga,3.06,38,0,0.0,4827,265,5.49,388.07,21.3,0.39,1243857,2720.69
2020-06-05,Ohio,Cuyahoga,4.58,57,6,0.48,4789,265,5.53,385.01,21.3,0.39,1243857,2720.69
2020-06-04,Ohio,Cuyahoga,5.06,63,12,0.96,4732,259,5.47,380.43,20.82,0.38,1243857,2720.69
2020-06-03,Ohio,Cuyahoga,7.07,88,2,0.16,4669,247,5.29,375.36,19.86,0.38,1243857,2720.69
2020-06-02,Ohio,Cuyahoga,5.87,73,4,0.32,4581,245,5.35,368.29,19.7,0.37,1243857,2720.69
2020-06-01,Ohio,Cuyahoga,5.15,64,15,1.21,4508,241,5.35,362.42,19.38,0.36,1243857,2720.69
2020-05-31,Ohio,Cuyahoga,6.03,75,0,0.0,4444,226,5.09,357.28,18.17,0.36,1243857,2720.69
2020-05-30,Ohio,Cuyahoga,4.1,51,0,0.0,4369,226,5.17,351.25,18.17,0.35,1243857,2720.69
2020-05-29,Ohio,Cuyahoga,8.6,107,0,0.0,4318,226,5.23,347.15,18.17,0.35,1243857,2720.69
2020-05-28,Ohio,Cuyahoga,5.95,74,2,0.16,4211,226,5.37,338.54,18.17,0.34,1243857,2720.69
2020-05-27,Ohio,Cuyahoga,6.19,77,3,0.24,4137,224,5.41,332.59,18.01,0.33,1243857,2720.69
2020-05-26,Ohio,Cuyahoga,7.8,97,4,0.32,4060,221,5.44,326.4,17.77,0.33,1243857,2720.69
2020-05-25,Ohio,Cuyahoga,2.89,36,8,0.64,3963,217,5.48,318.61,17.45,0.32,1243857,2720.69
2020-05-24,Ohio,Cuyahoga,6.11,76,2,0.16,3927,209,5.32,315.71,16.8,0.32,1243857,2720.69
2020-05-23,Ohio,Cuyahoga,7.16,89,3,0.24,3851,207,5.38,309.6,16.64,0.31,1243857,2720.69
2020-05-22,Ohio,Cuyahoga,7.64,95,2,0.16,3762,204,5.42,302.45,16.4,0.3,1243857,2720.69
2020-05-21,Ohio,Cuyahoga,12.46,155,12,0.96,3667,202,5.51,294.81,16.24,0.29,1243857,2720.69
2020-05-20,Ohio,Cuyahoga,3.94,49,7,0.56,3512,190,5.41,282.35,15.28,0.28,1243857,2720.69
2020-05-19,Ohio,Cuyahoga,4.26,53,8,0.64,3463,183,5.28,278.41,14.71,0.28,1243857,2720.69
2020-05-18,Ohio,Cuyahoga,7.16,89,2,0.16,3410,175,5.13,274.15,14.07,0.27,1243857,2720.69
2020-05-17,Ohio,Cuyahoga,7.88,98,10,0.8,3321,173,5.21,266.99,13.91,0.27,1243857,2720.69
2020-05-16,Ohio,Cuyahoga,5.39,67,1,0.08,3223,163,5.06,259.11,13.1,0.26,1243857,2720.69
2020-05-15,Ohio,Cuyahoga,7.24,90,5,0.4,3156,162,5.13,253.73,13.02,0.25,1243857,2720.69
2020-05-14,Ohio,Cuyahoga,6.99,87,4,0.32,3066,157,5.12,246.49,12.62,0.25,1243857,2720.69
2020-05-13,Ohio,Cuyahoga,5.71,71,2,0.16,2979,153,5.14,239.5,12.3,0.24,1243857,2720.69
2020-05-12,Ohio,Cuyahoga,3.78,47,4,0.32,2908,151,5.19,233.79,12.14,0.23,1243857,2720.69
2020-05-11,Ohio,Cuyahoga,5.31,66,1,0.08,2861,147,5.14,230.01,11.82,0.23,1243857,2720.69
2020-05-10,Ohio,Cuyahoga,3.22,40,1,0.08,2795,146,5.22,224.7,11.74,0.22,1243857,2720.69
2020-05-09,Ohio,Cuyahoga,6.99,87,2,0.16,2755,145,5.26,221.49,11.66,0.22,1243857,2720.69
2020-05-08,Ohio,Cuyahoga,6.19,77,7,0.56,2668,143,5.36,214.49,11.5,0.21,1243857,2720.69
2020-05-07,Ohio,Cuyahoga,3.94,49,5,0.4,2591,136,5.25,208.3,10.93,0.21,1243857,2720.69
2020-05-06,Ohio,Cuyahoga,9.17,114,3,0.24,2542,131,5.15,204.36,10.53,0.2,1243857,2720.69
2020-05-05,Ohio,Cuyahoga,2.41,30,7,0.56,2428,128,5.27,195.2,10.29,0.2,1243857,2720.69
2020-05-04,Ohio,Cuyahoga,4.82,60,1,0.08,2398,121,5.05,192.79,9.73,0.19,1243857,2720.69
2020-05-03,Ohio,Cuyahoga,2.65,33,5,0.4,2338,120,5.13,187.96,9.65,0.19,1243857,2720.69
2020-05-02,Ohio,Cuyahoga,7.07,88,0,0.0,2305,115,4.99,185.31,9.25,0.19,1243857,2720.69
2020-05-01,Ohio,Cuyahoga,7.32,91,3,0.24,2217,115,5.19,178.24,9.25,0.18,1243857,2720.69
2020-04-30,Ohio,Cuyahoga,7.72,96,2,0.16,2126,112,5.27,170.92,9.0,0.17,1243857,2720.69
2020-04-29,Ohio,Cuyahoga,3.7,46,1,0.08,2030,110,5.42,163.2,8.84,0.16,1243857,2720.69
2020-04-28,Ohio,Cuyahoga,3.7,46,13,1.05,1984,109,5.49,159.5,8.76,0.16,1243857,2720.69
2020-04-27,Ohio,Cuyahoga,2.89,36,5,0.4,1938,96,4.95,155.81,7.72,0.16,1243857,2720.69
2020-04-26,Ohio,Cuyahoga,2.81,35,0,0.0,1902,91,4.78,152.91,7.32,0.15,1243857,2720.69
2020-04-25,Ohio,Cuyahoga,4.02,50,0,0.0,1867,91,4.87,150.1,7.32,0.15,1243857,2720.69
2020-04-24,Ohio,Cuyahoga,3.94,49,8,0.64,1817,91,5.01,146.08,7.32,0.15,1243857,2720.69
2020-04-23,Ohio,Cuyahoga,4.42,55,4,0.32,1768,83,4.69,142.14,6.67,0.14,1243857,2720.69
2020-04-22,Ohio,Cuyahoga,4.82,60,15,1.21,1713,79,4.61,137.72,6.35,0.14,1243857,2720.69
2020-04-21,Ohio,Cuyahoga,6.11,76,9,0.72,1653,64,3.87,132.89,5.15,0.13,1243857,2720.69
2020-04-20,Ohio,Cuyahoga,8.92,111,2,0.16,1577,55,3.49,126.78,4.42,0.13,1243857,2720.69
2020-04-19,Ohio,Cuyahoga,1.05,13,1,0.08,1466,53,3.62,117.86,4.26,0.12,1243857,2720.69
2020-04-18,Ohio,Cuyahoga,5.63,70,4,0.32,1453,52,3.58,116.81,4.18,0.12,1243857,2720.69
2020-04-17,Ohio,Cuyahoga,4.18,52,6,0.48,1383,48,3.47,111.19,3.86,0.11,1243857,2720.69
2020-04-16,Ohio,Cuyahoga,4.02,50,3,0.24,1331,42,3.16,107.01,3.38,0.11,1243857,2720.69
2020-04-15,Ohio,Cuyahoga,3.38,42,6,0.48,1281,39,3.04,102.99,3.14,0.1,1243857,2720.69
2020-04-14,Ohio,Cuyahoga,3.38,42,9,0.72,1239,33,2.66,99.61,2.65,0.1,1243857,2720.69
2020-04-13,Ohio,Cuyahoga,3.62,45,1,0.08,1197,24,2.01,96.23,1.93,0.1,1243857,2720.69
2020-04-12,Ohio,Cuyahoga,3.14,39,1,0.08,1152,23,2.0,92.62,1.85,0.09,1243857,2720.69
2020-04-11,Ohio,Cuyahoga,4.9,61,0,0.0,1113,22,1.98,89.48,1.77,0.09,1243857,2720.69
2020-04-10,Ohio,Cuyahoga,3.06,38,-1,-0.08,1052,22,2.09,84.58,1.77,0.08,1243857,2720.69
2020-04-09,Ohio,Cuyahoga,4.34,54,0,0.0,1014,23,2.27,81.52,1.85,0.08,1243857,2720.69
2020-04-08,Ohio,Cuyahoga,3.94,49,4,0.32,960,23,2.4,77.18,1.85,0.08,1243857,2720.69
2020-04-07,Ohio,Cuyahoga,3.22,40,4,0.32,911,19,2.09,73.24,1.53,0.07,1243857,2720.69
2020-04-06,Ohio,Cuyahoga,3.62,45,1,0.08,871,15,1.72,70.02,1.21,0.07,1243857,2720.69
2020-04-05,Ohio,Cuyahoga,3.62,45,1,0.08,826,14,1.69,66.41,1.13,0.07,1243857,2720.69
2020-04-04,Ohio,Cuyahoga,0.08,1,0,0.0,781,13,1.66,62.79,1.05,0.06,1243857,2720.69
2020-04-03,Ohio,Cuyahoga,9.41,117,1,0.08,780,13,1.67,62.71,1.05,0.06,1243857,2720.69
2020-04-02,Ohio,Cuyahoga,5.95,74,3,0.24,663,12,1.81,53.3,0.96,0.05,1243857,2720.69
2020-04-01,Ohio,Cuyahoga,4.98,62,3,0.24,589,9,1.53,47.35,0.72,0.05,1243857,2720.69
2020-03-31,Ohio,Cuyahoga,2.73,34,2,0.16,527,6,1.14,42.37,0.48,0.04,1243857,2720.69
2020-03-30,Ohio,Cuyahoga,3.54,44,0,0.0,493,4,0.81,39.63,0.32,0.04,1243857,2720.69
2020-03-29,Ohio,Cuyahoga,6.35,79,1,0.08,449,4,0.89,36.1,0.32,0.04,1243857,2720.69
2020-03-28,Ohio,Cuyahoga,3.22,40,1,0.08,370,3,0.81,29.75,0.24,0.03,1243857,2720.69
2020-03-27,Ohio,Cuyahoga,5.71,71,0,0.0,330,2,0.61,26.53,0.16,0.03,1243857,2720.69
2020-03-26,Ohio,Cuyahoga,4.26,53,0,0.0,259,2,0.77,20.82,0.16,0.02,1243857,2720.69
2020-03-25,Ohio,Cuyahoga,3.14,39,0,0.0,206,2,0.97,16.56,0.16,0.02,1243857,2720.69
2020-03-24,Ohio,Cuyahoga,1.45,18,1,0.08,167,2,1.2,13.43,0.16,0.01,1243857,2720.69
2020-03-23,Ohio,Cuyahoga,1.93,24,0,0.0,149,1,0.67,11.98,0.08,0.01,1243857,2720.69
2020-03-22,Ohio,Cuyahoga,2.65,33,0,0.0,125,1,0.8,10.05,0.08,0.01,1243857,2720.69
2020-03-21,Ohio,Cuyahoga,1.85,23,1,0.08,92,1,1.09,7.4,0.08,0.01,1243857,2720.69
2020-03-20,Ohio,Cuyahoga,1.29,16,0,0.0,69,0,0.0,5.55,0.0,0.01,1243857,2720.69
2020-03-19,Ohio,Cuyahoga,1.21,15,0,0.0,53,0,0.0,4.26,0.0,0.0,1243857,2720.69
2020-03-18,Ohio,Cuyahoga,0.56,7,0,0.0,38,0,0.0,3.06,0.0,0.0,1243857,2720.69
2020-03-17,Ohio,Cuyahoga,0.56,7,0,0.0,31,0,0.0,2.49,0.0,0.0,1243857,2720.69
2020-03-16,Ohio,Cuyahoga,0.8,10,0,0.0,24,0,0.0,1.93,0.0,0.0,1243857,2720.69
2020-03-15,Ohio,Cuyahoga,0.24,3,0,0.0,14,0,0.0,1.13,0.0,0.0,1243857,2720.69
2020-03-14,Ohio,Cuyahoga,0.0,0,0,0.0,11,0,0.0,0.88,0.0,0.0,1243857,2720.69
2020-03-13,Ohio,Cuyahoga,0.64,8,0,0.0,11,0,0.0,0.88,0.0,0.0,1243857,2720.69
2020-03-12,Ohio,Cuyahoga,0.0,0,0,0.0,3,0,0.0,0.24,0.0,0.0,1243857,2720.69
2020-03-11,Ohio,Cuyahoga,0.0,0,0,0.0,3,0,0.0,0.24,0.0,0.0,1243857,2720.69
2020-03-10,Ohio,Cuyahoga,0.0,0,0,0.0,3,0,0.0,0.24,0.0,0.0,1243857,2720.69
2020-03-09,Ohio,Cuyahoga,0.0,0,0,0.0,3,0,0.0,0.24,0.0,0.0,1243857,2720.69
