date,state,district,1day_cases_100k,new_cases,new_deaths,new_deaths_100k,total_cases,total_deaths,cfr%,total_cases_100k,total_deaths_100k,%infected,population
2020-08-22,Mecklenburg-Vorpommern,Mecklenburgische Seenplatte,0.39,1,0,0.0,141,3,2.13,54.41,1.16,0.05,259130
2020-08-13,Mecklenburg-Vorpommern,Mecklenburgische Seenplatte,0.39,1,0,0.0,140,3,2.14,54.03,1.16,0.05,259130
2020-08-12,Mecklenburg-Vorpommern,Mecklenburgische Seenplatte,0.39,1,0,0.0,139,3,2.16,53.64,1.16,0.05,259130
2020-08-05,Mecklenburg-Vorpommern,Mecklenburgische Seenplatte,0.39,1,0,0.0,138,3,2.17,53.26,1.16,0.05,259130
2020-08-03,Mecklenburg-Vorpommern,Mecklenburgische Seenplatte,0.39,1,0,0.0,137,3,2.19,52.87,1.16,0.05,259130
2020-08-01,Mecklenburg-Vorpommern,Mecklenburgische Seenplatte,1.16,3,0,0.0,136,3,2.21,52.48,1.16,0.05,259130
2020-07-29,Mecklenburg-Vorpommern,Mecklenburgische Seenplatte,0.77,2,0,0.0,133,3,2.26,51.33,1.16,0.05,259130
2020-07-28,Mecklenburg-Vorpommern,Mecklenburgische Seenplatte,0.39,1,0,0.0,131,3,2.29,50.55,1.16,0.05,259130
2020-07-27,Mecklenburg-Vorpommern,Mecklenburgische Seenplatte,0.39,1,0,0.0,130,3,2.31,50.17,1.16,0.05,259130
2020-07-25,Mecklenburg-Vorpommern,Mecklenburgische Seenplatte,0.39,1,0,0.0,129,3,2.33,49.78,1.16,0.05,259130
2020-07-23,Mecklenburg-Vorpommern,Mecklenburgische Seenplatte,0.39,1,0,0.0,128,3,2.34,49.4,1.16,0.05,259130
2020-07-22,Mecklenburg-Vorpommern,Mecklenburgische Seenplatte,0.39,1,0,0.0,127,3,2.36,49.01,1.16,0.05,259130
2020-06-26,Mecklenburg-Vorpommern,Mecklenburgische Seenplatte,0.39,1,0,0.0,126,3,2.38,48.62,1.16,0.05,259130
2020-06-05,Mecklenburg-Vorpommern,Mecklenburgische Seenplatte,0.39,1,0,0.0,125,3,2.4,48.24,1.16,0.05,259130
2020-06-03,Mecklenburg-Vorpommern,Mecklenburgische Seenplatte,0.39,1,0,0.0,124,3,2.42,47.85,1.16,0.05,259130
2020-05-31,Mecklenburg-Vorpommern,Mecklenburgische Seenplatte,0.39,1,0,0.0,123,3,2.44,47.47,1.16,0.05,259130
2020-05-26,Mecklenburg-Vorpommern,Mecklenburgische Seenplatte,0.39,1,0,0.0,122,3,2.46,47.08,1.16,0.05,259130
2020-05-16,Mecklenburg-Vorpommern,Mecklenburgische Seenplatte,0.39,1,0,0.0,121,3,2.48,46.69,1.16,0.05,259130
2020-05-15,Mecklenburg-Vorpommern,Mecklenburgische Seenplatte,0.39,1,0,0.0,120,3,2.5,46.31,1.16,0.05,259130
2020-05-14,Mecklenburg-Vorpommern,Mecklenburgische Seenplatte,0.39,1,0,0.0,119,3,2.52,45.92,1.16,0.05,259130
2020-05-09,Mecklenburg-Vorpommern,Mecklenburgische Seenplatte,0.39,1,0,0.0,118,3,2.54,45.54,1.16,0.05,259130
2020-05-08,Mecklenburg-Vorpommern,Mecklenburgische Seenplatte,0.39,1,0,0.0,117,3,2.56,45.15,1.16,0.05,259130
2020-05-06,Mecklenburg-Vorpommern,Mecklenburgische Seenplatte,0.39,1,0,0.0,116,3,2.59,44.77,1.16,0.04,259130
2020-05-02,Mecklenburg-Vorpommern,Mecklenburgische Seenplatte,0.39,1,0,0.0,115,3,2.61,44.38,1.16,0.04,259130
2020-04-30,Mecklenburg-Vorpommern,Mecklenburgische Seenplatte,0.39,1,0,0.0,114,3,2.63,43.99,1.16,0.04,259130
2020-04-29,Mecklenburg-Vorpommern,Mecklenburgische Seenplatte,0.77,2,0,0.0,113,3,2.65,43.61,1.16,0.04,259130
2020-04-26,Mecklenburg-Vorpommern,Mecklenburgische Seenplatte,0.39,1,0,0.0,111,3,2.7,42.84,1.16,0.04,259130
2020-04-23,Mecklenburg-Vorpommern,Mecklenburgische Seenplatte,0.39,1,0,0.0,110,3,2.73,42.45,1.16,0.04,259130
2020-04-22,Mecklenburg-Vorpommern,Mecklenburgische Seenplatte,0.39,1,0,0.0,109,3,2.75,42.06,1.16,0.04,259130
2020-04-17,Mecklenburg-Vorpommern,Mecklenburgische Seenplatte,0.39,1,0,0.0,108,3,2.78,41.68,1.16,0.04,259130
2020-04-14,Mecklenburg-Vorpommern,Mecklenburgische Seenplatte,0.39,1,0,0.0,107,3,2.8,41.29,1.16,0.04,259130
2020-04-12,Mecklenburg-Vorpommern,Mecklenburgische Seenplatte,0.39,1,0,0.0,106,3,2.83,40.91,1.16,0.04,259130
2020-04-11,Mecklenburg-Vorpommern,Mecklenburgische Seenplatte,0.39,1,0,0.0,105,3,2.86,40.52,1.16,0.04,259130
2020-04-10,Mecklenburg-Vorpommern,Mecklenburgische Seenplatte,0.39,1,0,0.0,104,3,2.88,40.13,1.16,0.04,259130
2020-04-09,Mecklenburg-Vorpommern,Mecklenburgische Seenplatte,0.39,1,0,0.0,103,3,2.91,39.75,1.16,0.04,259130
2020-04-08,Mecklenburg-Vorpommern,Mecklenburgische Seenplatte,0.39,1,0,0.0,102,3,2.94,39.36,1.16,0.04,259130
2020-04-07,Mecklenburg-Vorpommern,Mecklenburgische Seenplatte,1.16,3,0,0.0,101,3,2.97,38.98,1.16,0.04,259130
2020-04-06,Mecklenburg-Vorpommern,Mecklenburgische Seenplatte,0.39,1,0,0.0,98,3,3.06,37.82,1.16,0.04,259130
2020-04-03,Mecklenburg-Vorpommern,Mecklenburgische Seenplatte,1.54,4,0,0.0,97,3,3.09,37.43,1.16,0.04,259130
2020-04-02,Mecklenburg-Vorpommern,Mecklenburgische Seenplatte,1.16,3,0,0.0,93,3,3.23,35.89,1.16,0.04,259130
2020-04-01,Mecklenburg-Vorpommern,Mecklenburgische Seenplatte,1.54,4,1,0.39,90,3,3.33,34.73,1.16,0.03,259130
2020-03-31,Mecklenburg-Vorpommern,Mecklenburgische Seenplatte,5.4,14,1,0.39,86,2,2.33,33.19,0.77,0.03,259130
2020-03-30,Mecklenburg-Vorpommern,Mecklenburgische Seenplatte,0.77,2,0,0.0,72,1,1.39,27.79,0.39,0.03,259130
2020-03-27,Mecklenburg-Vorpommern,Mecklenburgische Seenplatte,4.63,12,1,0.39,70,1,1.43,27.01,0.39,0.03,259130
2020-03-26,Mecklenburg-Vorpommern,Mecklenburgische Seenplatte,0.77,2,0,0.0,58,0,0.0,22.38,0.0,0.02,259130
2020-03-25,Mecklenburg-Vorpommern,Mecklenburgische Seenplatte,1.93,5,0,0.0,56,0,0.0,21.61,0.0,0.02,259130
2020-03-24,Mecklenburg-Vorpommern,Mecklenburgische Seenplatte,0.39,1,0,0.0,51,0,0.0,19.68,0.0,0.02,259130
2020-03-23,Mecklenburg-Vorpommern,Mecklenburgische Seenplatte,1.16,3,0,0.0,50,0,0.0,19.3,0.0,0.02,259130
2020-03-22,Mecklenburg-Vorpommern,Mecklenburgische Seenplatte,0.39,1,0,0.0,47,0,0.0,18.14,0.0,0.02,259130
2020-03-21,Mecklenburg-Vorpommern,Mecklenburgische Seenplatte,0.77,2,0,0.0,46,0,0.0,17.75,0.0,0.02,259130
2020-03-20,Mecklenburg-Vorpommern,Mecklenburgische Seenplatte,2.32,6,0,0.0,44,0,0.0,16.98,0.0,0.02,259130
2020-03-19,Mecklenburg-Vorpommern,Mecklenburgische Seenplatte,0.77,2,0,0.0,38,0,0.0,14.66,0.0,0.01,259130
2020-03-18,Mecklenburg-Vorpommern,Mecklenburgische Seenplatte,1.93,5,0,0.0,36,0,0.0,13.89,0.0,0.01,259130
2020-03-17,Mecklenburg-Vorpommern,Mecklenburgische Seenplatte,0.77,2,0,0.0,31,0,0.0,11.96,0.0,0.01,259130
2020-03-16,Mecklenburg-Vorpommern,Mecklenburgische Seenplatte,2.32,6,0,0.0,29,0,0.0,11.19,0.0,0.01,259130
2020-03-15,Mecklenburg-Vorpommern,Mecklenburgische Seenplatte,1.54,4,0,0.0,23,0,0.0,8.88,0.0,0.01,259130
2020-03-14,Mecklenburg-Vorpommern,Mecklenburgische Seenplatte,1.16,3,0,0.0,19,0,0.0,7.33,0.0,0.01,259130
2020-03-13,Mecklenburg-Vorpommern,Mecklenburgische Seenplatte,0.77,2,0,0.0,16,0,0.0,6.17,0.0,0.01,259130
2020-03-12,Mecklenburg-Vorpommern,Mecklenburgische Seenplatte,1.16,3,0,0.0,14,0,0.0,5.4,0.0,0.01,259130
2020-03-11,Mecklenburg-Vorpommern,Mecklenburgische Seenplatte,0.77,2,0,0.0,11,0,0.0,4.24,0.0,0.0,259130
2020-03-10,Mecklenburg-Vorpommern,Mecklenburgische Seenplatte,0.39,1,0,0.0,9,0,0.0,3.47,0.0,0.0,259130
2020-03-08,Mecklenburg-Vorpommern,Mecklenburgische Seenplatte,0.39,1,0,0.0,8,0,0.0,3.09,0.0,0.0,259130
2020-03-07,Mecklenburg-Vorpommern,Mecklenburgische Seenplatte,0.77,2,0,0.0,7,0,0.0,2.7,0.0,0.0,259130
2020-03-05,Mecklenburg-Vorpommern,Mecklenburgische Seenplatte,0.77,2,0,0.0,5,0,0.0,1.93,0.0,0.0,259130
2020-03-04,Mecklenburg-Vorpommern,Mecklenburgische Seenplatte,0.77,2,0,0.0,3,0,0.0,1.16,0.0,0.0,259130
2020-03-01,Mecklenburg-Vorpommern,Mecklenburgische Seenplatte,0.39,1,0,0.0,1,0,0.0,0.39,0.0,0.0,259130
