date,state,city,1day_cases_100k,new_cases,new_deaths,new_deaths_100k,total_cases,total_deaths,cfr%,total_cases_100k,total_deaths_100k,%infected,population,7day_cases_100k,7day_cases_change,28day_cases_100k,28day_cases_change
2020-10-02,Goiás,Bonfinópolis,0.0,0,1,10.3,272,7,2.57,2802.39,72.12,2.8,9706,133.94,0.0,772.72,-20.61
2020-10-01,Goiás,Bonfinópolis,61.82,6,0,0.0,272,6,2.21,2802.39,61.82,2.8,9706,133.94,-41.21,793.33,61.82
2020-09-30,Goiás,Bonfinópolis,0.0,0,0,0.0,266,6,2.26,2740.57,61.82,2.74,9706,175.15,-41.21,731.51,-10.3
2020-09-29,Goiás,Bonfinópolis,72.12,7,0,0.0,266,6,2.26,2740.57,61.82,2.74,9706,216.36,51.51,741.81,72.12
2020-09-28,Goiás,Bonfinópolis,0.0,0,0,0.0,259,6,2.32,2668.45,61.82,2.67,9706,164.85,-10.3,669.69,0.0
2020-09-27,Goiás,Bonfinópolis,0.0,0,0,0.0,259,6,2.32,2668.45,61.82,2.67,9706,175.15,0.0,669.69,0.0
2020-09-26,Goiás,Bonfinópolis,0.0,0,0,0.0,259,6,2.32,2668.45,61.82,2.67,9706,175.15,0.0,669.69,0.0
2020-09-25,Goiás,Bonfinópolis,0.0,0,0,0.0,259,6,2.32,2668.45,61.82,2.67,9706,175.15,0.0,669.69,0.0
2020-09-24,Goiás,Bonfinópolis,103.03,10,0,0.0,259,6,2.32,2668.45,61.82,2.67,9706,175.15,-360.6,669.69,103.03
2020-09-23,Goiás,Bonfinópolis,41.21,4,0,0.0,249,6,2.41,2565.42,61.82,2.57,9706,535.75,41.21,566.66,41.21
2020-09-22,Goiás,Bonfinópolis,20.61,2,0,0.0,245,6,2.45,2524.21,61.82,2.52,9706,494.54,20.61,525.45,20.61
2020-09-21,Goiás,Bonfinópolis,10.3,1,0,0.0,243,6,2.47,2503.61,61.82,2.5,9706,473.93,10.3,504.84,10.3
2020-09-20,Goiás,Bonfinópolis,0.0,0,0,0.0,242,6,2.48,2493.3,61.82,2.49,9706,463.63,0.0,494.54,0.0
2020-09-19,Goiás,Bonfinópolis,0.0,0,0,0.0,242,6,2.48,2493.3,61.82,2.49,9706,463.63,0.0,494.54,0.0
2020-09-18,Goiás,Bonfinópolis,0.0,0,0,0.0,242,6,2.48,2493.3,61.82,2.49,9706,463.63,-10.3,494.54,-10.3
2020-09-17,Goiás,Bonfinópolis,463.63,45,0,0.0,242,6,2.48,2493.3,61.82,2.49,9706,473.93,463.63,504.84,463.63
2020-09-16,Goiás,Bonfinópolis,0.0,0,0,0.0,197,6,3.05,2029.67,61.82,2.03,9706,10.3,0.0,41.21,0.0
2020-09-15,Goiás,Bonfinópolis,0.0,0,0,0.0,197,6,3.05,2029.67,61.82,2.03,9706,10.3,0.0,41.21,-10.3
2020-09-14,Goiás,Bonfinópolis,0.0,0,0,0.0,197,6,3.05,2029.67,61.82,2.03,9706,10.3,10.3,51.51,0.0
2020-09-13,Goiás,Bonfinópolis,0.0,0,0,0.0,197,6,3.05,2029.67,61.82,2.03,9706,0.0,0.0,51.51,0.0
2020-09-12,Goiás,Bonfinópolis,0.0,0,1,10.3,197,6,3.05,2029.67,61.82,2.03,9706,0.0,0.0,51.51,0.0
2020-09-11,Goiás,Bonfinópolis,10.3,1,0,0.0,197,5,2.54,2029.67,51.51,2.03,9706,0.0,-10.31,51.51,10.3
2020-09-10,Goiás,Bonfinópolis,0.0,0,0,0.0,196,5,2.55,2019.37,51.51,2.02,9706,10.31,0.0,41.21,-484.24
2020-09-09,Goiás,Bonfinópolis,0.0,0,0,0.0,196,5,2.55,2019.37,51.51,2.02,9706,10.31,-10.3,525.45,-20.61
2020-09-08,Goiás,Bonfinópolis,0.0,0,0,0.0,196,5,2.55,2019.37,51.51,2.02,9706,20.61,0.0,546.06,0.0
2020-09-07,Goiás,Bonfinópolis,-10.3,-1,0,0.0,196,5,2.55,2019.37,51.51,2.02,9706,20.61,-10.3,546.06,-20.6
2020-09-06,Goiás,Bonfinópolis,0.0,0,0,0.0,197,5,2.54,2029.67,51.51,2.03,9706,30.91,0.0,566.66,0.0
2020-09-05,Goiás,Bonfinópolis,0.0,0,0,0.0,197,5,2.54,2029.67,51.51,2.03,9706,30.91,0.0,566.66,0.0
2020-09-04,Goiás,Bonfinópolis,20.61,2,0,0.0,197,5,2.54,2029.67,51.51,2.03,9706,30.91,20.61,566.66,20.61
2020-09-03,Goiás,Bonfinópolis,0.0,0,0,0.0,195,5,2.56,2009.07,51.51,2.01,9706,10.3,0.0,546.05,-82.42
2020-09-02,Goiás,Bonfinópolis,10.3,1,0,0.0,195,5,2.56,2009.07,51.51,2.01,9706,10.3,10.3,628.47,10.3
2020-09-01,Goiás,Bonfinópolis,0.0,0,0,0.0,194,5,2.58,1998.76,51.51,2.0,9706,0.0,0.0,618.17,-113.33
2020-08-31,Goiás,Bonfinópolis,0.0,0,0,0.0,194,5,2.58,1998.76,51.51,2.0,9706,0.0,0.0,731.5,0.0
2020-08-30,Goiás,Bonfinópolis,0.0,0,0,0.0,194,5,2.58,1998.76,51.51,2.0,9706,0.0,0.0,731.5,0.0
2020-08-29,Goiás,Bonfinópolis,0.0,0,0,0.0,194,5,2.58,1998.76,51.51,2.0,9706,0.0,0.0,731.5,-61.82
2020-08-28,Goiás,Bonfinópolis,0.0,0,0,0.0,194,5,2.58,1998.76,51.51,2.0,9706,0.0,-10.3,793.32,0.0
2020-08-27,Goiás,Bonfinópolis,0.0,0,0,0.0,194,5,2.58,1998.76,51.51,2.0,9706,10.3,0.0,793.32,-113.33
2020-08-26,Goiás,Bonfinópolis,0.0,0,0,0.0,194,5,2.58,1998.76,51.51,2.0,9706,10.3,0.0,906.65,-10.3
2020-08-25,Goiás,Bonfinópolis,0.0,0,0,0.0,194,5,2.58,1998.76,51.51,2.0,9706,10.3,-10.3,916.95,51.51
2020-08-24,Goiás,Bonfinópolis,0.0,0,0,0.0,194,5,2.58,1998.76,51.51,2.0,9706,20.6,0.0,865.44,-61.82
2020-08-23,Goiás,Bonfinópolis,0.0,0,0,0.0,194,5,2.58,1998.76,51.51,2.0,9706,20.6,0.0,927.26,-10.3
2020-08-22,Goiás,Bonfinópolis,0.0,0,0,0.0,194,5,2.58,1998.76,51.51,2.0,9706,20.6,0.0,937.56,0.0
2020-08-21,Goiás,Bonfinópolis,10.3,1,1,10.3,194,5,2.58,1998.76,51.51,2.0,9706,20.6,10.3,937.56,-103.03
2020-08-20,Goiás,Bonfinópolis,0.0,0,0,0.0,193,4,2.07,1988.46,41.21,1.99,9706,10.3,-484.24,1040.59,-20.61
2020-08-19,Goiás,Bonfinópolis,0.0,0,0,0.0,193,4,2.07,1988.46,41.21,1.99,9706,494.54,-20.61,1061.2,-103.03
2020-08-18,Goiás,Bonfinópolis,10.3,1,0,0.0,193,4,2.07,1988.46,41.21,1.99,9706,515.15,10.3,1164.23,-41.21
2020-08-17,Goiás,Bonfinópolis,0.0,0,0,0.0,192,4,2.08,1978.16,41.21,1.98,9706,504.85,-10.3,1205.44,0.0
2020-08-16,Goiás,Bonfinópolis,0.0,0,0,0.0,192,4,2.08,1978.16,41.21,1.98,9706,515.15,0.0,1205.44,0.0
2020-08-15,Goiás,Bonfinópolis,0.0,0,0,0.0,192,4,2.08,1978.16,41.21,1.98,9706,515.15,0.0,1205.44,-10.3
2020-08-14,Goiás,Bonfinópolis,0.0,0,0,0.0,192,4,2.08,1978.16,41.21,1.98,9706,515.15,0.0,1215.74,0.0
2020-08-13,Goiás,Bonfinópolis,484.24,47,0,0.0,192,4,2.08,1978.16,41.21,1.98,9706,515.15,401.82,1215.74,504.85
2020-08-12,Goiás,Bonfinópolis,20.61,2,1,10.3,145,4,2.76,1493.92,41.21,1.49,9706,113.33,20.61,710.89,-41.21
2020-08-11,Goiás,Bonfinópolis,0.0,0,0,0.0,143,3,2.1,1473.32,30.91,1.47,9706,92.72,-113.33,752.1,-82.42
2020-08-10,Goiás,Bonfinópolis,10.3,1,0,0.0,143,3,2.1,1473.32,30.91,1.47,9706,206.05,10.3,834.52,-20.61
2020-08-09,Goiás,Bonfinópolis,0.0,0,0,0.0,142,3,2.11,1463.01,30.91,1.46,9706,195.75,0.0,855.13,0.0
2020-08-08,Goiás,Bonfinópolis,0.0,0,0,0.0,142,3,2.11,1463.01,30.91,1.46,9706,195.75,-61.82,855.13,-10.3
2020-08-07,Goiás,Bonfinópolis,0.0,0,0,0.0,142,3,2.11,1463.01,30.91,1.46,9706,257.57,0.0,865.43,0.0
2020-08-06,Goiás,Bonfinópolis,82.42,8,0,0.0,142,3,2.11,1463.01,30.91,1.46,9706,257.57,-30.91,865.43,82.42
2020-08-05,Goiás,Bonfinópolis,0.0,0,0,0.0,134,3,2.24,1380.59,30.91,1.38,9706,288.48,-10.3,783.01,-30.91
2020-08-04,Goiás,Bonfinópolis,113.33,11,0,0.0,134,3,2.24,1380.59,30.91,1.38,9706,298.78,164.84,813.92,61.82
2020-08-03,Goiás,Bonfinópolis,0.0,0,0,0.0,123,3,2.44,1267.26,30.91,1.27,9706,133.94,-61.82,752.1,-10.3
2020-08-02,Goiás,Bonfinópolis,0.0,0,0,0.0,123,3,2.44,1267.26,30.91,1.27,9706,195.76,-10.3,762.4,0.0
2020-08-01,Goiás,Bonfinópolis,61.82,6,0,0.0,123,3,2.44,1267.26,30.91,1.27,9706,206.06,61.82,762.4,61.82
2020-07-31,Goiás,Bonfinópolis,0.0,0,0,0.0,117,3,2.56,1205.44,30.91,1.21,9706,144.24,-113.33,700.58,-41.21
2020-07-30,Goiás,Bonfinópolis,113.33,11,0,0.0,117,3,2.56,1205.44,30.91,1.21,9706,257.57,92.72,741.79,113.33
2020-07-29,Goiás,Bonfinópolis,10.3,1,0,0.0,106,3,2.83,1092.11,30.91,1.09,9706,164.85,-92.73,628.46,-10.31
2020-07-28,Goiás,Bonfinópolis,-51.51,-5,0,0.0,105,3,2.86,1081.81,30.91,1.08,9706,257.58,-103.02,638.77,-329.69
2020-07-27,Goiás,Bonfinópolis,61.82,6,0,0.0,110,3,2.73,1133.32,30.91,1.13,9706,360.6,61.82,968.46,61.82
2020-07-26,Goiás,Bonfinópolis,10.3,1,1,10.3,104,3,2.88,1071.5,30.91,1.07,9706,298.78,10.3,906.64,10.3
2020-07-25,Goiás,Bonfinópolis,0.0,0,0,0.0,103,2,1.94,1061.2,20.61,1.06,9706,288.48,-10.3,896.34,0.0
2020-07-24,Goiás,Bonfinópolis,113.33,11,0,0.0,103,2,1.94,1061.2,20.61,1.06,9706,298.78,113.33,896.34,82.42
2020-07-23,Goiás,Bonfinópolis,20.61,2,0,0.0,92,2,2.17,947.87,20.61,0.95,9706,185.45,41.22,813.92,20.61
2020-07-22,Goiás,Bonfinópolis,103.03,10,0,0.0,90,2,2.22,927.26,20.61,0.93,9706,144.23,41.21,793.31,92.73
2020-07-21,Goiás,Bonfinópolis,51.51,5,0,0.0,80,2,2.5,824.23,20.61,0.82,9706,103.02,-30.91,700.58,20.6
2020-07-20,Goiás,Bonfinópolis,0.0,0,0,0.0,75,2,2.67,772.72,20.61,0.77,9706,133.93,-30.91,679.98,-10.3
2020-07-19,Goiás,Bonfinópolis,0.0,0,0,0.0,75,2,2.67,772.72,20.61,0.77,9706,164.84,0.0,690.28,0.0
2020-07-18,Goiás,Bonfinópolis,10.3,1,0,0.0,75,2,2.67,772.72,20.61,0.77,9706,164.84,0.0,690.28,10.3
2020-07-17,Goiás,Bonfinópolis,0.0,0,0,0.0,74,2,2.7,762.42,20.61,0.76,9706,164.84,0.0,679.98,0.0
2020-07-16,Goiás,Bonfinópolis,-20.61,-2,0,0.0,74,2,2.7,762.42,20.61,0.76,9706,164.84,-20.61,679.98,-20.61
2020-07-15,Goiás,Bonfinópolis,61.82,6,0,0.0,76,2,2.63,783.02,20.61,0.78,9706,185.45,30.91,700.59,61.82
2020-07-14,Goiás,Bonfinópolis,82.42,8,0,0.0,70,2,2.86,721.2,20.61,0.72,9706,154.54,30.91,638.77,82.42
2020-07-13,Goiás,Bonfinópolis,30.91,3,0,0.0,62,2,3.23,638.78,20.61,0.64,9706,123.63,20.61,556.35,30.91
2020-07-12,Goiás,Bonfinópolis,0.0,0,0,0.0,59,2,3.39,607.87,20.61,0.61,9706,103.02,0.0,525.44,0.0
2020-07-11,Goiás,Bonfinópolis,10.3,1,0,0.0,59,2,3.39,607.87,20.61,0.61,9706,103.02,10.3,525.44,10.3
2020-07-10,Goiás,Bonfinópolis,0.0,0,0,0.0,58,2,3.45,597.57,20.61,0.6,9706,92.72,-41.21,515.14,0.0
2020-07-09,Goiás,Bonfinópolis,0.0,0,0,0.0,58,2,3.45,597.57,20.61,0.6,9706,133.93,0.0,515.14,-10.3
2020-07-08,Goiás,Bonfinópolis,30.91,3,0,0.0,58,2,3.45,597.57,20.61,0.6,9706,133.93,10.3,525.44,30.91
2020-07-07,Goiás,Bonfinópolis,51.51,5,0,0.0,55,2,3.64,566.66,20.61,0.57,9706,123.63,-226.67,494.53,30.9
2020-07-06,Goiás,Bonfinópolis,10.3,1,0,0.0,50,2,4.0,515.15,20.61,0.52,9706,350.3,10.3,463.63,10.3
2020-07-05,Goiás,Bonfinópolis,0.0,0,0,0.0,49,2,4.08,504.84,20.61,0.5,9706,340.0,0.0,453.33,0.0
2020-07-04,Goiás,Bonfinópolis,0.0,0,0,0.0,49,2,4.08,504.84,20.61,0.5,9706,340.0,0.0,453.33,20.61
2020-07-03,Goiás,Bonfinópolis,41.21,4,0,0.0,49,2,4.08,504.84,20.61,0.5,9706,340.0,10.3,432.72,10.3
2020-07-02,Goiás,Bonfinópolis,0.0,0,0,0.0,45,2,4.44,463.63,20.61,0.46,9706,329.7,0.0,422.42,-10.3
2020-07-01,Goiás,Bonfinópolis,20.61,2,0,0.0,45,2,4.44,463.63,20.61,0.46,9706,329.7,10.31,432.72,10.31
2020-06-30,Goiás,Bonfinópolis,278.18,27,0,0.0,43,2,4.65,443.02,20.61,0.44,9706,319.39,247.27,422.41,278.18
2020-06-29,Goiás,Bonfinópolis,0.0,0,1,10.3,16,2,12.5,164.85,20.61,0.16,9706,72.12,-10.3,144.23,0.0
2020-06-28,Goiás,Bonfinópolis,0.0,0,0,0.0,16,1,6.25,164.85,10.3,0.16,9706,82.42,0.0,144.23,0.0
2020-06-27,Goiás,Bonfinópolis,0.0,0,0,0.0,16,1,6.25,164.85,10.3,0.16,9706,82.42,0.0,144.23,0.0
2020-06-26,Goiás,Bonfinópolis,30.91,3,1,10.3,16,1,6.25,164.85,10.3,0.16,9706,82.42,30.91,144.23,30.91
2020-06-25,Goiás,Bonfinópolis,0.0,0,0,0.0,13,0,0.0,133.94,0.0,0.13,9706,51.51,0.0,113.32,0.0
2020-06-24,Goiás,Bonfinópolis,10.3,1,0,0.0,13,0,0.0,133.94,0.0,0.13,9706,51.51,10.3,113.32,10.3
2020-06-23,Goiás,Bonfinópolis,30.91,3,0,0.0,12,0,0.0,123.63,0.0,0.12,9706,41.21,30.91,103.02,30.91
2020-06-22,Goiás,Bonfinópolis,10.3,1,0,0.0,9,0,0.0,92.73,0.0,0.09,9706,10.3,10.3,72.11,10.3
2020-06-21,Goiás,Bonfinópolis,0.0,0,0,0.0,8,0,0.0,82.42,0.0,0.08,9706,0.0,0.0,61.81,0.0
2020-06-20,Goiás,Bonfinópolis,0.0,0,0,0.0,8,0,0.0,82.42,0.0,0.08,9706,0.0,0.0,61.81,0.0
2020-06-19,Goiás,Bonfinópolis,0.0,0,0,0.0,8,0,0.0,82.42,0.0,0.08,9706,0.0,0.0,61.81,0.0
2020-06-18,Goiás,Bonfinópolis,0.0,0,0,0.0,8,0,0.0,82.42,0.0,0.08,9706,0.0,-10.3,61.81,0.0
2020-06-17,Goiás,Bonfinópolis,0.0,0,0,0.0,8,0,0.0,82.42,0.0,0.08,9706,10.3,0.0,61.81,0.0
2020-06-16,Goiás,Bonfinópolis,0.0,0,0,0.0,8,0,0.0,82.42,0.0,0.08,9706,10.3,-20.61,61.81,0.0
2020-06-15,Goiás,Bonfinópolis,0.0,0,0,0.0,8,0,0.0,82.42,0.0,0.08,9706,30.91,0.0,61.81,0.0
2020-06-14,Goiás,Bonfinópolis,0.0,0,0,0.0,8,0,0.0,82.42,0.0,0.08,9706,30.91,0.0,61.81,0.0
2020-06-13,Goiás,Bonfinópolis,0.0,0,0,0.0,8,0,0.0,82.42,0.0,0.08,9706,30.91,20.61,61.81,0.0
2020-06-12,Goiás,Bonfinópolis,0.0,0,0,0.0,8,0,0.0,82.42,0.0,0.08,9706,10.3,-30.91,61.81,0.0
2020-06-11,Goiás,Bonfinópolis,10.3,1,0,0.0,8,0,0.0,82.42,0.0,0.08,9706,41.21,0.0,61.81,10.3
2020-06-10,Goiás,Bonfinópolis,0.0,0,0,0.0,7,0,0.0,72.12,0.0,0.07,9706,41.21,-10.3,51.51,0.0
2020-06-09,Goiás,Bonfinópolis,20.61,2,0,0.0,7,0,0.0,72.12,0.0,0.07,9706,51.51,20.61,51.51,20.61
2020-06-08,Goiás,Bonfinópolis,0.0,0,0,0.0,5,0,0.0,51.51,0.0,0.05,9706,30.9,0.0,30.9,0.0
2020-06-07,Goiás,Bonfinópolis,0.0,0,0,0.0,5,0,0.0,51.51,0.0,0.05,9706,30.9,0.0,30.9,0.0
2020-06-06,Goiás,Bonfinópolis,-20.61,-2,0,0.0,5,0,0.0,51.51,0.0,0.05,9706,30.9,-20.61,30.9,-20.61
2020-06-05,Goiás,Bonfinópolis,30.91,3,0,0.0,7,0,0.0,72.12,0.0,0.07,9706,51.51,30.91,51.51,30.91
2020-06-04,Goiás,Bonfinópolis,10.3,1,0,0.0,4,0,0.0,41.21,0.0,0.04,9706,20.6,10.3,20.6,10.3
2020-06-03,Goiás,Bonfinópolis,10.3,1,0,0.0,3,0,0.0,30.91,0.0,0.03,9706,10.3,10.3,10.3,10.3
2020-06-02,Goiás,Bonfinópolis,0.0,0,0,0.0,2,0,0.0,20.61,0.0,0.02,9706,0.0,0.0,0.0,0.0
2020-06-01,Goiás,Bonfinópolis,0.0,0,0,0.0,2,0,0.0,20.61,0.0,0.02,9706,0.0,0.0,0.0,0.0
2020-05-31,Goiás,Bonfinópolis,0.0,0,0,0.0,2,0,0.0,20.61,0.0,0.02,9706,0.0,0.0,0.0,0.0
2020-05-30,Goiás,Bonfinópolis,0.0,0,0,0.0,2,0,0.0,20.61,0.0,0.02,9706,0.0,0.0,0.0,0.0
2020-05-29,Goiás,Bonfinópolis,0.0,0,0,0.0,2,0,0.0,20.61,0.0,0.02,9706,0.0,0.0,0.0,0.0
2020-05-28,Goiás,Bonfinópolis,0.0,0,0,0.0,2,0,0.0,20.61,0.0,0.02,9706,0.0,0.0,0.0,0.0
2020-05-27,Goiás,Bonfinópolis,0.0,0,0,0.0,2,0,0.0,20.61,0.0,0.02,9706,0.0,0.0,0.0,0.0
2020-05-26,Goiás,Bonfinópolis,0.0,0,0,0.0,2,0,0.0,20.61,0.0,0.02,9706,0.0,0.0,0.0,0.0
2020-05-25,Goiás,Bonfinópolis,0.0,0,0,0.0,2,0,0.0,20.61,0.0,0.02,9706,0.0,0.0,0.0,0.0
2020-05-24,Goiás,Bonfinópolis,0.0,0,0,0.0,2,0,0.0,20.61,0.0,0.02,9706,0.0,0.0,0.0,0.0
2020-05-23,Goiás,Bonfinópolis,0.0,0,0,0.0,2,0,0.0,20.61,0.0,0.02,9706,0.0,0.0,0.0,0.0
2020-05-22,Goiás,Bonfinópolis,0.0,0,0,0.0,2,0,0.0,20.61,0.0,0.02,9706,0.0,0.0,0.0,0.0
