date,state,city,1day_cases_100k,new_cases,new_deaths,new_deaths_100k,total_cases,total_deaths,cfr%,total_cases_100k,total_deaths_100k,%infected,population,7day_cases_100k,7day_cases_change,28day_cases_100k,28day_cases_change
2020-08-23,Goiás,Morrinhos,0.0,0,0,0.0,906,17,1.88,1963.76,36.85,1.96,46136,119.22,-41.18,994.91,-15.17
2020-08-22,Goiás,Morrinhos,4.34,2,2,4.34,906,17,1.88,1963.76,36.85,1.96,46136,160.4,4.34,1010.08,0.0
2020-08-21,Goiás,Morrinhos,10.84,5,0,0.0,904,15,1.66,1959.42,32.51,1.96,46136,156.06,-4.33,1010.08,6.5
2020-08-20,Goiás,Morrinhos,6.5,3,0,0.0,899,15,1.67,1948.59,32.51,1.95,46136,160.39,-60.69,1003.58,-47.69
2020-08-19,Goiás,Morrinhos,41.18,19,1,2.17,896,15,1.67,1942.08,32.51,1.94,46136,221.08,8.67,1051.27,-26.01
2020-08-18,Goiás,Morrinhos,28.18,13,0,0.0,877,14,1.6,1900.9,30.35,1.9,46136,212.41,-19.51,1077.28,-75.86
2020-08-17,Goiás,Morrinhos,28.18,13,0,0.0,864,14,1.62,1872.72,30.35,1.87,46136,231.92,-28.18,1153.14,28.18
2020-08-16,Goiás,Morrinhos,41.18,19,0,0.0,851,14,1.65,1844.55,30.35,1.84,46136,260.1,-2.17,1124.96,41.18
2020-08-15,Goiás,Morrinhos,0.0,0,0,0.0,832,14,1.68,1803.36,30.35,1.8,46136,262.27,-2.17,1083.78,0.0
2020-08-14,Goiás,Morrinhos,15.17,7,0,0.0,832,14,1.68,1803.36,30.35,1.8,46136,264.44,-101.88,1083.78,-21.68
2020-08-13,Goiás,Morrinhos,67.19,31,1,2.17,825,14,1.7,1788.19,30.35,1.79,46136,366.32,-52.02,1105.46,32.51
2020-08-12,Goiás,Morrinhos,32.51,15,1,2.17,794,13,1.64,1721.0,28.18,1.72,46136,418.34,-4.34,1072.95,-13.01
2020-08-11,Goiás,Morrinhos,47.69,22,1,2.17,779,12,1.54,1688.49,26.01,1.69,46136,422.68,0.0,1085.96,39.02
2020-08-10,Goiás,Morrinhos,56.36,26,1,2.17,757,11,1.45,1640.8,23.84,1.64,46136,422.68,54.19,1046.94,47.69
2020-08-09,Goiás,Morrinhos,43.35,20,0,0.0,731,10,1.37,1584.45,21.68,1.58,46136,368.49,45.52,999.25,43.35
2020-08-08,Goiás,Morrinhos,2.17,1,1,2.17,711,10,1.41,1541.1,21.68,1.54,46136,322.97,2.17,955.9,2.17
2020-08-07,Goiás,Morrinhos,117.05,54,0,0.0,710,9,1.27,1538.93,19.51,1.54,46136,320.8,93.21,953.73,88.87
2020-08-06,Goiás,Morrinhos,119.21,55,0,0.0,656,9,1.37,1421.88,19.51,1.42,46136,227.59,84.53,864.86,140.89
2020-08-05,Goiás,Morrinhos,36.85,17,0,0.0,601,9,1.5,1302.67,19.51,1.3,46136,143.06,-32.51,723.97,-4.33
2020-08-04,Goiás,Morrinhos,47.69,22,0,0.0,584,9,1.54,1265.82,19.51,1.27,46136,175.57,26.01,728.3,30.35
2020-08-03,Goiás,Morrinhos,2.17,1,0,0.0,562,9,1.6,1218.14,19.51,1.22,46136,149.56,-97.54,697.95,-43.35
2020-08-02,Goiás,Morrinhos,-2.17,-1,0,0.0,561,9,1.6,1215.97,19.51,1.22,46136,247.1,-17.34,741.3,-2.17
2020-08-01,Goiás,Morrinhos,0.0,0,0,0.0,562,9,1.6,1218.14,19.51,1.22,46136,264.44,-4.34,743.47,-41.18
2020-07-31,Goiás,Morrinhos,23.84,11,1,2.17,562,9,1.6,1218.14,19.51,1.22,46136,268.78,19.5,784.65,-4.34
2020-07-30,Goiás,Morrinhos,34.68,16,1,2.17,551,8,1.45,1194.3,17.34,1.19,46136,249.28,-19.51,788.99,6.5
2020-07-29,Goiás,Morrinhos,69.36,32,1,2.17,535,7,1.31,1159.62,15.17,1.16,46136,268.79,2.17,782.49,58.52
2020-07-28,Goiás,Morrinhos,21.68,10,0,0.0,503,6,1.19,1090.25,13.01,1.09,46136,266.62,-82.36,723.97,-119.21
2020-07-27,Goiás,Morrinhos,99.71,46,0,0.0,493,6,1.22,1068.58,13.01,1.07,46136,348.98,99.71,843.18,82.37
2020-07-26,Goiás,Morrinhos,15.17,7,0,0.0,447,6,1.34,968.87,13.01,0.97,46136,249.27,15.17,760.81,13.0
2020-07-25,Goiás,Morrinhos,4.34,2,0,0.0,440,6,1.36,953.7,13.01,0.95,46136,234.1,4.34,747.81,4.34
2020-07-24,Goiás,Morrinhos,4.34,2,1,2.17,438,6,1.37,949.37,13.01,0.95,46136,229.76,-32.51,743.47,-10.83
2020-07-23,Goiás,Morrinhos,54.19,25,0,0.0,436,5,1.15,945.03,10.84,0.95,46136,262.27,19.51,754.3,45.52
2020-07-22,Goiás,Morrinhos,67.19,31,0,0.0,411,5,1.22,890.84,10.84,0.89,46136,242.76,21.67,708.78,30.34
2020-07-21,Goiás,Morrinhos,104.04,48,0,0.0,380,5,1.32,823.65,10.84,0.82,46136,221.09,95.37,678.44,88.87
2020-07-20,Goiás,Morrinhos,0.0,0,0,0.0,332,5,1.51,719.61,10.84,0.72,46136,125.72,-8.67,589.57,-13.01
2020-07-19,Goiás,Morrinhos,0.0,0,0,0.0,332,5,1.51,719.61,10.84,0.72,46136,134.39,0.0,602.58,0.0
2020-07-18,Goiás,Morrinhos,0.0,0,0,0.0,332,5,1.51,719.61,10.84,0.72,46136,134.39,0.0,602.58,-15.17
2020-07-17,Goiás,Morrinhos,36.85,17,0,0.0,332,5,1.51,719.61,10.84,0.72,46136,134.39,8.67,617.75,19.51
2020-07-16,Goiás,Morrinhos,34.68,16,0,0.0,315,5,1.59,682.76,10.84,0.68,46136,125.72,56.36,598.24,34.68
2020-07-15,Goiás,Morrinhos,45.52,21,0,0.0,299,5,1.67,648.08,10.84,0.65,46136,69.36,4.34,563.56,39.02
2020-07-14,Goiás,Morrinhos,8.67,4,0,0.0,278,5,1.8,602.57,10.84,0.6,46136,65.02,-8.67,524.54,-17.34
2020-07-13,Goiás,Morrinhos,8.67,4,0,0.0,274,5,1.82,593.9,10.84,0.59,46136,73.69,-36.85,541.88,4.33
2020-07-12,Goiás,Morrinhos,0.0,0,0,0.0,270,5,1.85,585.23,10.84,0.59,46136,110.54,0.0,537.55,-2.17
2020-07-11,Goiás,Morrinhos,0.0,0,0,0.0,270,5,1.85,585.23,10.84,0.59,46136,110.54,-41.18,539.72,0.0
2020-07-10,Goiás,Morrinhos,28.18,13,1,2.17,270,5,1.85,585.23,10.84,0.59,46136,151.72,0.0,539.72,26.01
2020-07-09,Goiás,Morrinhos,-21.68,-10,0,0.0,257,4,1.56,557.05,8.67,0.56,46136,151.72,-49.86,513.71,-21.68
2020-07-08,Goiás,Morrinhos,41.18,19,0,0.0,267,4,1.5,578.72,8.67,0.58,46136,201.58,30.34,535.39,39.01
2020-07-07,Goiás,Morrinhos,17.34,8,0,0.0,248,4,1.61,537.54,8.67,0.54,46136,171.24,-123.55,496.38,17.34
2020-07-06,Goiás,Morrinhos,45.52,21,0,0.0,240,4,1.67,520.2,8.67,0.52,46136,294.79,28.18,479.04,43.35
2020-07-05,Goiás,Morrinhos,0.0,0,0,0.0,219,4,1.83,474.68,8.67,0.47,46136,266.61,-2.17,435.69,0.0
2020-07-04,Goiás,Morrinhos,41.18,19,0,0.0,219,4,1.83,474.68,8.67,0.47,46136,268.78,41.18,435.69,41.18
2020-07-03,Goiás,Morrinhos,28.18,13,1,2.17,200,4,2.0,433.5,8.67,0.43,46136,227.6,13.01,394.51,21.68
2020-07-02,Goiás,Morrinhos,28.18,13,0,0.0,187,3,1.6,405.32,6.5,0.41,46136,214.59,19.51,372.83,28.18
2020-07-01,Goiás,Morrinhos,10.84,5,0,0.0,174,3,1.72,377.15,6.5,0.38,46136,195.08,-26.01,344.65,2.17
2020-06-30,Goiás,Morrinhos,140.89,65,0,0.0,169,3,1.78,366.31,6.5,0.37,46136,221.09,125.72,342.48,140.89
2020-06-29,Goiás,Morrinhos,17.34,8,0,0.0,104,3,2.88,225.42,6.5,0.23,46136,95.37,4.33,201.59,17.34
2020-06-28,Goiás,Morrinhos,2.17,1,0,0.0,96,3,3.12,208.08,6.5,0.21,46136,91.04,2.17,184.25,2.17
2020-06-27,Goiás,Morrinhos,0.0,0,-1,-2.17,95,3,3.16,205.91,6.5,0.21,46136,88.87,-15.17,182.08,0.0
2020-06-26,Goiás,Morrinhos,15.17,7,0,0.0,95,4,4.21,205.91,8.67,0.21,46136,104.04,-2.17,182.08,2.16
2020-06-25,Goiás,Morrinhos,8.67,4,0,0.0,88,4,4.55,190.74,8.67,0.19,46136,106.21,8.67,179.92,8.67
2020-06-24,Goiás,Morrinhos,36.85,17,0,0.0,84,4,4.76,182.07,8.67,0.18,46136,97.54,30.35,171.25,36.85
2020-06-23,Goiás,Morrinhos,15.17,7,0,0.0,67,4,5.97,145.22,8.67,0.15,46136,67.19,-10.84,134.4,15.17
2020-06-22,Goiás,Morrinhos,13.01,6,0,0.0,60,4,6.67,130.05,8.67,0.13,46136,78.03,8.67,119.23,13.01
2020-06-21,Goiás,Morrinhos,0.0,0,0,0.0,54,4,7.41,117.05,8.67,0.12,46136,69.36,-2.17,106.22,0.0
2020-06-20,Goiás,Morrinhos,15.17,7,0,0.0,54,4,7.41,117.05,8.67,0.12,46136,71.53,15.17,106.22,10.83
2020-06-19,Goiás,Morrinhos,17.34,8,0,0.0,47,4,8.51,101.87,8.67,0.1,46136,56.36,15.17,95.39,13.0
2020-06-18,Goiás,Morrinhos,0.0,0,0,0.0,39,4,10.26,84.53,8.67,0.08,46136,41.19,0.0,82.39,0.0
2020-06-17,Goiás,Morrinhos,6.5,3,0,0.0,39,4,10.26,84.53,8.67,0.08,46136,41.19,4.33,82.39,6.5
2020-06-16,Goiás,Morrinhos,26.01,12,1,2.17,36,4,11.11,78.03,8.67,0.08,46136,36.86,26.01,75.89,26.01
2020-06-15,Goiás,Morrinhos,4.34,2,0,0.0,24,3,12.5,52.02,6.5,0.05,46136,10.85,2.17,49.88,4.34
2020-06-14,Goiás,Morrinhos,2.17,1,0,0.0,22,3,13.64,47.69,6.5,0.05,46136,8.68,2.17,45.54,2.17
2020-06-13,Goiás,Morrinhos,0.0,0,0,0.0,21,3,14.29,45.52,6.5,0.05,46136,6.51,0.0,43.37,0.0
2020-06-12,Goiás,Morrinhos,2.17,1,1,2.17,21,3,14.29,45.52,6.5,0.05,46136,6.51,-4.33,43.37,2.17
2020-06-11,Goiás,Morrinhos,0.0,0,0,0.0,20,2,10.0,43.35,4.34,0.04,46136,10.84,0.0,41.2,0.0
2020-06-10,Goiás,Morrinhos,2.17,1,0,0.0,20,2,10.0,43.35,4.34,0.04,46136,10.84,-6.5,41.2,2.17
2020-06-09,Goiás,Morrinhos,0.0,0,0,0.0,19,2,10.53,41.18,4.34,0.04,46136,17.34,0.0,39.03,0.0
2020-06-08,Goiás,Morrinhos,2.17,1,0,0.0,19,2,10.53,41.18,4.34,0.04,46136,17.34,2.17,39.03,2.17
2020-06-07,Goiás,Morrinhos,0.0,0,0,0.0,18,2,11.11,39.02,4.34,0.04,46136,15.17,0.0,36.86,0.0
2020-06-06,Goiás,Morrinhos,0.0,0,0,0.0,18,2,11.11,39.02,4.34,0.04,46136,15.17,0.0,36.86,0.0
2020-06-05,Goiás,Morrinhos,6.5,3,0,0.0,18,2,11.11,39.02,4.34,0.04,46136,15.17,-6.51,36.86,6.5
2020-06-04,Goiás,Morrinhos,0.0,0,0,0.0,15,2,13.33,32.51,4.34,0.03,46136,21.68,0.0,30.36,0.0
2020-06-03,Goiás,Morrinhos,8.67,4,0,0.0,15,2,13.33,32.51,4.34,0.03,46136,21.68,8.67,30.36,8.67
2020-06-02,Goiás,Morrinhos,0.0,0,1,2.17,11,2,18.18,23.84,4.34,0.02,46136,13.01,0.0,21.69,0.0
2020-06-01,Goiás,Morrinhos,0.0,0,0,0.0,11,1,9.09,23.84,2.17,0.02,46136,13.01,0.0,21.69,0.0
2020-05-31,Goiás,Morrinhos,0.0,0,0,0.0,11,1,9.09,23.84,2.17,0.02,46136,13.01,0.0,21.69,0.0
2020-05-30,Goiás,Morrinhos,0.0,0,0,0.0,11,1,9.09,23.84,2.17,0.02,46136,13.01,-4.34,21.69,0.0
2020-05-29,Goiás,Morrinhos,13.01,6,0,0.0,11,1,9.09,23.84,2.17,0.02,46136,17.35,8.67,21.69,13.01
2020-05-28,Goiás,Morrinhos,0.0,0,0,0.0,5,1,20.0,10.84,2.17,0.01,46136,8.68,0.0,8.68,-2.17
2020-05-27,Goiás,Morrinhos,0.0,0,1,2.17,5,1,20.0,10.84,2.17,0.01,46136,8.68,0.0,10.85,0.0
2020-05-26,Goiás,Morrinhos,0.0,0,0,0.0,5,0,0.0,10.84,0.0,0.01,46136,8.68,0.0,10.85,0.0
2020-05-25,Goiás,Morrinhos,0.0,0,0,0.0,5,0,0.0,10.84,0.0,0.01,46136,8.68,0.0,10.85,0.0
2020-05-24,Goiás,Morrinhos,0.0,0,0,0.0,5,0,0.0,10.84,0.0,0.01,46136,8.68,0.0,10.85,0.0
2020-05-23,Goiás,Morrinhos,4.34,2,0,0.0,5,0,0.0,10.84,0.0,0.01,46136,8.68,4.34,10.85,4.34
2020-05-22,Goiás,Morrinhos,4.34,2,0,0.0,3,0,0.0,6.5,0.0,0.01,46136,4.34,4.34,6.51,4.34
2020-05-21,Goiás,Morrinhos,0.0,0,0,0.0,1,0,0.0,2.17,0.0,0.0,46136,0.0,0.0,2.17,0.0
2020-05-20,Goiás,Morrinhos,0.0,0,0,0.0,1,0,0.0,2.17,0.0,0.0,46136,0.0,0.0,2.17,0.0
2020-05-19,Goiás,Morrinhos,0.0,0,0,0.0,1,0,0.0,2.17,0.0,0.0,46136,0.0,0.0,2.17,0.0
2020-05-18,Goiás,Morrinhos,0.0,0,0,0.0,1,0,0.0,2.17,0.0,0.0,46136,0.0,0.0,2.17,0.0
2020-05-17,Goiás,Morrinhos,0.0,0,0,0.0,1,0,0.0,2.17,0.0,0.0,46136,0.0,0.0,2.17,2.17
2020-05-16,Goiás,Morrinhos,0.0,0,0,0.0,1,0,0.0,2.17,0.0,0.0,46136,0.0,0.0,0.0,0.0
2020-05-15,Goiás,Morrinhos,0.0,0,0,0.0,1,0,0.0,2.17,0.0,0.0,46136,0.0,0.0,0.0,0.0
2020-05-14,Goiás,Morrinhos,0.0,0,0,0.0,1,0,0.0,2.17,0.0,0.0,46136,0.0,0.0,0.0,0.0
2020-05-13,Goiás,Morrinhos,0.0,0,0,0.0,1,0,0.0,2.17,0.0,0.0,46136,0.0,0.0,0.0,0.0
2020-05-12,Goiás,Morrinhos,0.0,0,0,0.0,1,0,0.0,2.17,0.0,0.0,46136,0.0,0.0,0.0,0.0
2020-05-11,Goiás,Morrinhos,0.0,0,0,0.0,1,0,0.0,2.17,0.0,0.0,46136,0.0,0.0,0.0,0.0
2020-05-08,Goiás,Morrinhos,0.0,0,0,0.0,1,0,0.0,2.17,0.0,0.0,46136,0.0,0.0,0.0,0.0
2020-05-07,Goiás,Morrinhos,0.0,0,0,0.0,1,0,0.0,2.17,0.0,0.0,46136,0.0,0.0,0.0,0.0
2020-05-05,Goiás,Morrinhos,0.0,0,0,0.0,1,0,0.0,2.17,0.0,0.0,46136,0.0,0.0,0.0,0.0
2020-05-04,Goiás,Morrinhos,0.0,0,0,0.0,1,0,0.0,2.17,0.0,0.0,46136,0.0,-2.17,0.0,0.0
2020-05-03,Goiás,Morrinhos,0.0,0,0,0.0,1,0,0.0,2.17,0.0,0.0,46136,2.17,0.0,0.0,0.0
2020-05-02,Goiás,Morrinhos,0.0,0,0,0.0,1,0,0.0,2.17,0.0,0.0,46136,2.17,0.0,0.0,0.0
2020-05-01,Goiás,Morrinhos,0.0,0,0,0.0,1,0,0.0,2.17,0.0,0.0,46136,2.17,0.0,0.0,0.0
2020-04-30,Goiás,Morrinhos,0.0,0,0,0.0,1,0,0.0,2.17,0.0,0.0,46136,2.17,0.0,0.0,0.0
2020-04-29,Goiás,Morrinhos,0.0,0,0,0.0,1,0,0.0,2.17,0.0,0.0,46136,2.17,0.0,0.0,0.0
2020-04-28,Goiás,Morrinhos,0.0,0,0,0.0,1,0,0.0,2.17,0.0,0.0,46136,2.17,0.0,0.0,0.0
2020-04-27,Goiás,Morrinhos,2.17,1,0,0.0,1,0,0.0,2.17,0.0,0.0,46136,2.17,2.17,0.0,2.17
2020-04-26,Goiás,Morrinhos,0.0,0,0,0.0,0,0,0.0,0.0,0.0,0.0,46136,0.0,0.0,-2.17,0.0
2020-04-25,Goiás,Morrinhos,0.0,0,0,0.0,0,0,0.0,0.0,0.0,0.0,46136,0.0,0.0,-2.17,0.0
2020-04-24,Goiás,Morrinhos,0.0,0,0,0.0,0,0,0.0,0.0,0.0,0.0,46136,0.0,0.0,-2.17,0.0
2020-04-23,Goiás,Morrinhos,0.0,0,0,0.0,0,0,0.0,0.0,0.0,0.0,46136,0.0,2.17,-2.17,0.0
2020-04-22,Goiás,Morrinhos,0.0,0,0,0.0,0,0,0.0,0.0,0.0,0.0,46136,-2.17,0.0,-2.17,0.0
2020-04-21,Goiás,Morrinhos,0.0,0,0,0.0,0,0,0.0,0.0,0.0,0.0,46136,-2.17,0.0,-2.17,0.0
2020-04-20,Goiás,Morrinhos,0.0,0,0,0.0,0,0,0.0,0.0,0.0,0.0,46136,-2.17,0.0,-2.17,0.0
2020-04-19,Goiás,Morrinhos,0.0,0,0,0.0,0,0,0.0,0.0,0.0,0.0,46136,-2.17,0.0,-2.17,0.0
2020-04-18,Goiás,Morrinhos,0.0,0,0,0.0,0,0,0.0,0.0,0.0,0.0,46136,-2.17,0.0,-2.17,0.0
2020-04-17,Goiás,Morrinhos,0.0,0,0,0.0,0,0,0.0,0.0,0.0,0.0,46136,-2.17,0.0,-2.17,0.0
2020-04-16,Goiás,Morrinhos,-2.17,-1,0,0.0,0,0,0.0,0.0,0.0,0.0,46136,-2.17,-2.17,-2.17,-2.17
2020-04-15,Goiás,Morrinhos,0.0,0,0,0.0,1,0,0.0,2.17,0.0,0.0,46136,0.0,0.0,0.0,0.0
2020-04-14,Goiás,Morrinhos,0.0,0,0,0.0,1,0,0.0,2.17,0.0,0.0,46136,0.0,0.0,0.0,0.0
