date,state,city,1day_cases_100k,new_cases,new_deaths,new_deaths_100k,total_cases,total_deaths,cfr%,total_cases_100k,total_deaths_100k,%infected,population,7day_cases_100k,7day_cases_change,28day_cases_100k,28day_cases_change
2020-08-28,Goiás,Rialma,45.8,5,1,9.16,324,4,1.23,2967.58,36.64,2.97,10918,595.36,-9.16,1547.94,0.0
2020-08-27,Goiás,Rialma,54.96,6,0,0.0,319,3,0.94,2921.78,27.48,2.92,10918,604.52,27.48,1547.94,45.8
2020-08-26,Goiás,Rialma,137.39,15,0,0.0,313,3,0.96,2866.83,27.48,2.87,10918,577.04,128.23,1502.14,100.75
2020-08-25,Goiás,Rialma,109.91,12,0,0.0,298,3,1.01,2729.44,27.48,2.73,10918,448.81,0.0,1401.39,-27.48
2020-08-24,Goiás,Rialma,228.98,25,1,9.16,286,3,1.05,2619.53,27.48,2.62,10918,448.81,201.5,1428.87,-91.59
2020-08-23,Goiás,Rialma,0.0,0,0,0.0,261,2,0.77,2390.55,18.32,2.39,10918,247.31,0.0,1520.46,0.0
2020-08-22,Goiás,Rialma,18.32,2,1,9.16,261,2,0.77,2390.55,18.32,2.39,10918,247.31,18.32,1520.46,9.16
2020-08-21,Goiás,Rialma,54.96,6,0,0.0,259,1,0.39,2372.23,9.16,2.37,10918,228.99,-45.79,1511.3,-311.41
2020-08-20,Goiás,Rialma,27.48,3,0,0.0,253,1,0.4,2317.27,9.16,2.32,10918,274.78,-18.32,1822.71,-9.16
2020-08-19,Goiás,Rialma,9.16,1,0,0.0,250,1,0.4,2289.8,9.16,2.29,10918,293.1,0.0,1831.87,0.0
2020-08-18,Goiás,Rialma,109.91,12,0,0.0,249,1,0.4,2280.64,9.16,2.28,10918,293.1,18.32,1831.87,100.75
2020-08-17,Goiás,Rialma,27.48,3,0,0.0,237,1,0.42,2170.73,9.16,2.17,10918,274.78,-100.75,1731.12,9.16
2020-08-16,Goiás,Rialma,0.0,0,0,0.0,234,1,0.43,2143.25,9.16,2.14,10918,375.53,0.0,1721.96,0.0
2020-08-15,Goiás,Rialma,0.0,0,0,0.0,234,1,0.43,2143.25,9.16,2.14,10918,375.53,0.0,1721.96,0.0
2020-08-14,Goiás,Rialma,100.75,11,0,0.0,234,1,0.43,2143.25,9.16,2.14,10918,375.53,-9.16,1721.96,100.75
2020-08-13,Goiás,Rialma,45.8,5,0,0.0,223,1,0.45,2042.5,9.16,2.04,10918,384.69,0.0,1621.21,45.8
2020-08-12,Goiás,Rialma,9.16,1,0,0.0,218,1,0.46,1996.7,9.16,2.0,10918,384.69,-27.48,1575.41,9.16
2020-08-11,Goiás,Rialma,91.59,10,0,0.0,217,1,0.46,1987.54,9.16,1.99,10918,412.17,-64.12,1566.25,54.95
2020-08-10,Goiás,Rialma,128.23,14,0,0.0,207,1,0.48,1895.95,9.16,1.9,10918,476.29,128.23,1511.3,128.23
2020-08-09,Goiás,Rialma,0.0,0,0,0.0,193,1,0.52,1767.72,9.16,1.77,10918,348.06,0.0,1383.07,0.0
2020-08-08,Goiás,Rialma,0.0,0,0,0.0,193,1,0.52,1767.72,9.16,1.77,10918,348.06,0.0,1383.07,0.0
2020-08-07,Goiás,Rialma,109.91,12,0,0.0,193,1,0.52,1767.72,9.16,1.77,10918,348.06,64.11,1383.07,109.91
2020-08-06,Goiás,Rialma,45.8,5,0,0.0,181,1,0.55,1657.81,9.16,1.66,10918,283.95,36.64,1273.16,45.8
2020-08-05,Goiás,Rialma,36.64,4,0,0.0,176,1,0.57,1612.02,9.16,1.61,10918,247.31,0.0,1227.36,36.64
2020-08-04,Goiás,Rialma,155.71,17,0,0.0,172,1,0.58,1575.38,9.16,1.58,10918,247.31,18.32,1190.72,100.75
2020-08-03,Goiás,Rialma,0.0,0,0,0.0,155,1,0.65,1419.67,9.16,1.42,10918,228.99,-320.57,1089.97,0.0
2020-08-02,Goiás,Rialma,0.0,0,0,0.0,155,1,0.65,1419.67,9.16,1.42,10918,549.56,0.0,1089.97,0.0
2020-08-01,Goiás,Rialma,0.0,0,0,0.0,155,1,0.65,1419.67,9.16,1.42,10918,549.56,-9.16,1089.97,0.0
2020-07-31,Goiás,Rialma,45.8,5,0,0.0,155,1,0.65,1419.67,9.16,1.42,10918,558.72,-320.57,1089.97,36.64
2020-07-30,Goiás,Rialma,9.16,1,0,0.0,150,1,0.67,1373.88,9.16,1.37,10918,879.29,-27.48,1053.33,9.16
2020-07-29,Goiás,Rialma,36.64,4,0,0.0,149,1,0.67,1364.72,9.16,1.36,10918,906.77,27.48,1044.17,36.64
2020-07-28,Goiás,Rialma,137.39,15,0,0.0,145,1,0.69,1328.08,9.16,1.33,10918,879.29,128.23,1007.53,109.91
2020-07-27,Goiás,Rialma,320.57,35,0,0.0,130,1,0.77,1190.69,9.16,1.19,10918,751.06,302.25,897.62,320.57
2020-07-26,Goiás,Rialma,0.0,0,0,0.0,95,1,1.05,870.12,9.16,0.87,10918,448.81,0.0,577.05,0.0
2020-07-25,Goiás,Rialma,9.16,1,0,0.0,95,1,1.05,870.12,9.16,0.87,10918,448.81,9.16,577.05,9.16
2020-07-24,Goiás,Rialma,366.37,40,1,9.16,94,1,1.06,860.96,9.16,0.86,10918,439.65,366.37,567.89,348.05
2020-07-23,Goiás,Rialma,36.64,4,0,0.0,54,0,0.0,494.6,0.0,0.49,10918,73.28,36.64,219.84,18.32
2020-07-22,Goiás,Rialma,9.16,1,0,0.0,50,0,0.0,457.96,0.0,0.46,10918,36.64,9.16,201.52,9.16
2020-07-21,Goiás,Rialma,9.16,1,0,0.0,49,0,0.0,448.8,0.0,0.45,10918,27.48,-27.48,192.36,-18.32
2020-07-20,Goiás,Rialma,18.32,2,0,0.0,48,0,0.0,439.64,0.0,0.44,10918,54.96,18.32,210.68,18.32
2020-07-19,Goiás,Rialma,0.0,0,0,0.0,46,0,0.0,421.32,0.0,0.42,10918,36.64,0.0,192.36,0.0
2020-07-18,Goiás,Rialma,0.0,0,0,0.0,46,0,0.0,421.32,0.0,0.42,10918,36.64,0.0,192.36,0.0
2020-07-17,Goiás,Rialma,0.0,0,0,0.0,46,0,0.0,421.32,0.0,0.42,10918,36.64,0.0,192.36,-9.16
2020-07-16,Goiás,Rialma,0.0,0,0,0.0,46,0,0.0,421.32,0.0,0.42,10918,36.64,0.0,201.52,0.0
2020-07-15,Goiás,Rialma,0.0,0,0,0.0,46,0,0.0,421.32,0.0,0.42,10918,36.64,0.0,201.52,-18.32
2020-07-14,Goiás,Rialma,36.64,4,0,0.0,46,0,0.0,421.32,0.0,0.42,10918,36.64,-18.32,219.84,36.64
2020-07-13,Goiás,Rialma,0.0,0,0,0.0,42,0,0.0,384.69,0.0,0.38,10918,54.96,0.0,183.2,-9.16
2020-07-12,Goiás,Rialma,0.0,0,0,0.0,42,0,0.0,384.69,0.0,0.38,10918,54.96,0.0,192.36,0.0
2020-07-11,Goiás,Rialma,0.0,0,0,0.0,42,0,0.0,384.69,0.0,0.38,10918,54.96,0.0,192.36,0.0
2020-07-10,Goiás,Rialma,0.0,0,0,0.0,42,0,0.0,384.69,0.0,0.38,10918,54.96,-9.16,192.36,0.0
2020-07-09,Goiás,Rialma,0.0,0,0,0.0,42,0,0.0,384.69,0.0,0.38,10918,64.12,0.0,192.36,0.0
2020-07-08,Goiás,Rialma,0.0,0,0,0.0,42,0,0.0,384.69,0.0,0.38,10918,64.12,0.0,192.36,0.0
2020-07-07,Goiás,Rialma,54.96,6,0,0.0,42,0,0.0,384.69,0.0,0.38,10918,64.12,27.48,192.36,54.96
2020-07-06,Goiás,Rialma,0.0,0,0,0.0,36,0,0.0,329.73,0.0,0.33,10918,36.64,0.0,137.4,0.0
2020-07-05,Goiás,Rialma,0.0,0,0,0.0,36,0,0.0,329.73,0.0,0.33,10918,36.64,0.0,137.4,0.0
2020-07-04,Goiás,Rialma,0.0,0,0,0.0,36,0,0.0,329.73,0.0,0.33,10918,36.64,0.0,137.4,0.0
2020-07-03,Goiás,Rialma,9.16,1,0,0.0,36,0,0.0,329.73,0.0,0.33,10918,36.64,-9.16,137.4,9.16
2020-07-02,Goiás,Rialma,0.0,0,0,0.0,35,0,0.0,320.57,0.0,0.32,10918,45.8,-18.32,128.24,-9.16
2020-07-01,Goiás,Rialma,0.0,0,0,0.0,35,0,0.0,320.57,0.0,0.32,10918,64.12,0.0,137.4,0.0
2020-06-30,Goiás,Rialma,27.48,3,0,0.0,35,0,0.0,320.57,0.0,0.32,10918,64.12,0.0,137.4,18.32
2020-06-29,Goiás,Rialma,0.0,0,0,0.0,32,0,0.0,293.09,0.0,0.29,10918,64.12,0.0,119.08,0.0
2020-06-28,Goiás,Rialma,0.0,0,0,0.0,32,0,0.0,293.09,0.0,0.29,10918,64.12,0.0,119.08,0.0
2020-06-27,Goiás,Rialma,0.0,0,0,0.0,32,0,0.0,293.09,0.0,0.29,10918,64.12,0.0,119.08,0.0
2020-06-26,Goiás,Rialma,18.32,2,0,0.0,32,0,0.0,293.09,0.0,0.29,10918,64.12,9.16,119.08,-9.16
2020-06-25,Goiás,Rialma,18.32,2,0,0.0,30,0,0.0,274.78,0.0,0.27,10918,54.96,18.32,128.24,18.32
2020-06-24,Goiás,Rialma,0.0,0,0,0.0,28,0,0.0,256.46,0.0,0.26,10918,36.64,-18.32,109.92,-27.48
2020-06-23,Goiás,Rialma,27.48,3,0,0.0,28,0,0.0,256.46,0.0,0.26,10918,54.96,27.48,137.4,18.32
2020-06-22,Goiás,Rialma,0.0,0,0,0.0,25,0,0.0,228.98,0.0,0.23,10918,27.48,-9.16,119.08,0.0
2020-06-21,Goiás,Rialma,0.0,0,0,0.0,25,0,0.0,228.98,0.0,0.23,10918,36.64,0.0,119.08,0.0
2020-06-20,Goiás,Rialma,0.0,0,0,0.0,25,0,0.0,228.98,0.0,0.23,10918,36.64,0.0,119.08,0.0
2020-06-19,Goiás,Rialma,9.16,1,0,0.0,25,0,0.0,228.98,0.0,0.23,10918,36.64,9.16,119.08,0.0
2020-06-18,Goiás,Rialma,0.0,0,0,0.0,24,0,0.0,219.82,0.0,0.22,10918,27.48,0.0,119.08,0.0
2020-06-17,Goiás,Rialma,18.32,2,0,0.0,24,0,0.0,219.82,0.0,0.22,10918,27.48,18.32,119.08,18.32
2020-06-16,Goiás,Rialma,0.0,0,0,0.0,22,0,0.0,201.5,0.0,0.2,10918,9.16,0.0,100.76,-18.32
2020-06-15,Goiás,Rialma,9.16,1,0,0.0,22,0,0.0,201.5,0.0,0.2,10918,9.16,9.16,119.08,0.0
2020-06-14,Goiás,Rialma,0.0,0,0,0.0,21,0,0.0,192.34,0.0,0.19,10918,-0.0,0.0,119.08,0.0
2020-06-13,Goiás,Rialma,0.0,0,0,0.0,21,0,0.0,192.34,0.0,0.19,10918,-0.0,0.0,119.08,0.0
2020-06-12,Goiás,Rialma,0.0,0,0,0.0,21,0,0.0,192.34,0.0,0.19,10918,-0.0,0.0,119.08,0.0
2020-06-11,Goiás,Rialma,0.0,0,0,0.0,21,0,0.0,192.34,0.0,0.19,10918,-0.0,-9.16,119.08,0.0
2020-06-10,Goiás,Rialma,0.0,0,0,0.0,21,0,0.0,192.34,0.0,0.19,10918,9.16,0.0,119.08,0.0
2020-06-09,Goiás,Rialma,0.0,0,0,0.0,21,0,0.0,192.34,0.0,0.19,10918,9.16,-9.16,119.08,0.0
2020-06-08,Goiás,Rialma,0.0,0,0,0.0,21,0,0.0,192.34,0.0,0.19,10918,18.32,0.0,119.08,0.0
2020-06-07,Goiás,Rialma,0.0,0,0,0.0,21,0,0.0,192.34,0.0,0.19,10918,18.32,0.0,119.08,0.0
2020-06-06,Goiás,Rialma,0.0,0,0,0.0,21,0,0.0,192.34,0.0,0.19,10918,18.32,0.0,119.08,-18.32
2020-06-05,Goiás,Rialma,0.0,0,0,0.0,21,0,0.0,192.34,0.0,0.19,10918,18.32,-27.48,137.4,0.0
2020-06-04,Goiás,Rialma,9.16,1,0,0.0,21,0,0.0,192.34,0.0,0.19,10918,45.8,9.16,137.4,9.16
2020-06-03,Goiás,Rialma,0.0,0,0,0.0,20,0,0.0,183.18,0.0,0.18,10918,36.64,-27.48,128.24,0.0
2020-06-02,Goiás,Rialma,9.16,1,0,0.0,20,0,0.0,183.18,0.0,0.18,10918,64.12,0.0,128.24,9.16
2020-06-01,Goiás,Rialma,0.0,0,0,0.0,19,0,0.0,174.02,0.0,0.17,10918,64.12,0.0,119.08,0.0
2020-05-31,Goiás,Rialma,0.0,0,0,0.0,19,0,0.0,174.02,0.0,0.17,10918,64.12,0.0,119.08,0.0
2020-05-30,Goiás,Rialma,0.0,0,0,0.0,19,0,0.0,174.02,0.0,0.17,10918,64.12,0.0,119.08,0.0
2020-05-29,Goiás,Rialma,27.48,3,0,0.0,19,0,0.0,174.02,0.0,0.17,10918,64.12,18.32,119.08,27.48
2020-05-28,Goiás,Rialma,0.0,0,0,0.0,16,0,0.0,146.55,0.0,0.15,10918,45.8,0.0,91.6,0.0
2020-05-27,Goiás,Rialma,27.48,3,0,0.0,16,0,0.0,146.55,0.0,0.15,10918,45.8,27.48,91.6,27.48
2020-05-26,Goiás,Rialma,9.16,1,0,0.0,13,0,0.0,119.07,0.0,0.12,10918,18.32,-9.16,64.12,9.16
2020-05-25,Goiás,Rialma,0.0,0,0,0.0,12,0,0.0,109.91,0.0,0.11,10918,27.48,-9.16,54.96,-18.32
2020-05-24,Goiás,Rialma,0.0,0,0,0.0,12,0,0.0,109.91,0.0,0.11,10918,36.64,0.0,73.28,0.0
2020-05-23,Goiás,Rialma,0.0,0,0,0.0,12,0,0.0,109.91,0.0,0.11,10918,36.64,0.0,73.28,0.0
2020-05-22,Goiás,Rialma,9.16,1,0,0.0,12,0,0.0,109.91,0.0,0.11,10918,36.64,9.16,73.28,9.16
2020-05-21,Goiás,Rialma,0.0,0,0,0.0,11,0,0.0,100.75,0.0,0.1,10918,27.48,0.0,64.12,0.0
2020-05-20,Goiás,Rialma,0.0,0,0,0.0,11,0,0.0,100.75,0.0,0.1,10918,27.48,0.0,64.12,0.0
2020-05-19,Goiás,Rialma,18.32,2,0,0.0,11,0,0.0,100.75,0.0,0.1,10918,27.48,18.32,64.12,18.32
2020-05-18,Goiás,Rialma,9.16,1,0,0.0,9,0,0.0,82.43,0.0,0.08,10918,9.16,9.16,45.8,0.0
2020-05-17,Goiás,Rialma,0.0,0,0,0.0,8,0,0.0,73.27,0.0,0.07,10918,0.0,0.0,45.8,0.0
2020-05-16,Goiás,Rialma,0.0,0,0,0.0,8,0,0.0,73.27,0.0,0.07,10918,0.0,-18.32,45.8,0.0
2020-05-15,Goiás,Rialma,0.0,0,0,0.0,8,0,0.0,73.27,0.0,0.07,10918,18.32,0.0,45.8,-9.16
2020-05-14,Goiás,Rialma,0.0,0,0,0.0,8,0,0.0,73.27,0.0,0.07,10918,18.32,0.0,54.96,0.0
2020-05-13,Goiás,Rialma,0.0,0,0,0.0,8,0,0.0,73.27,0.0,0.07,10918,18.32,0.0,54.96,0.0
2020-05-12,Goiás,Rialma,0.0,0,0,0.0,8,0,0.0,73.27,0.0,0.07,10918,18.32,0.0,54.96,0.0
2020-05-11,Goiás,Rialma,0.0,0,0,0.0,8,0,0.0,73.27,0.0,0.07,10918,18.32,0.0,54.96,0.0
2020-05-08,Goiás,Rialma,0.0,0,0,0.0,8,0,0.0,73.27,0.0,0.07,10918,18.32,0.0,54.96,0.0
2020-05-07,Goiás,Rialma,18.32,2,0,0.0,8,0,0.0,73.27,0.0,0.07,10918,18.32,18.32,54.96,18.32
2020-05-05,Goiás,Rialma,0.0,0,0,0.0,6,0,0.0,54.96,0.0,0.05,10918,0.0,0.0,36.64,0.0
2020-05-04,Goiás,Rialma,0.0,0,0,0.0,6,0,0.0,54.96,0.0,0.05,10918,0.0,0.0,36.64,0.0
2020-05-03,Goiás,Rialma,0.0,0,0,0.0,6,0,0.0,54.96,0.0,0.05,10918,0.0,0.0,36.64,0.0
2020-05-02,Goiás,Rialma,0.0,0,0,0.0,6,0,0.0,54.96,0.0,0.05,10918,0.0,0.0,36.64,0.0
2020-05-01,Goiás,Rialma,0.0,0,0,0.0,6,0,0.0,54.96,0.0,0.05,10918,0.0,-18.32,36.64,0.0
2020-04-30,Goiás,Rialma,0.0,0,0,0.0,6,0,0.0,54.96,0.0,0.05,10918,18.32,0.0,36.64,0.0
2020-04-29,Goiás,Rialma,0.0,0,0,0.0,6,0,0.0,54.96,0.0,0.05,10918,18.32,0.0,36.64,0.0
2020-04-28,Goiás,Rialma,0.0,0,0,0.0,6,0,0.0,54.96,0.0,0.05,10918,18.32,0.0,36.64,0.0
2020-04-27,Goiás,Rialma,0.0,0,0,0.0,6,0,0.0,54.96,0.0,0.05,10918,18.32,0.0,36.64,0.0
2020-04-26,Goiás,Rialma,0.0,0,0,0.0,6,0,0.0,54.96,0.0,0.05,10918,18.32,0.0,36.64,0.0
2020-04-25,Goiás,Rialma,0.0,0,0,0.0,6,0,0.0,54.96,0.0,0.05,10918,18.32,0.0,36.64,0.0
2020-04-24,Goiás,Rialma,18.32,2,0,0.0,6,0,0.0,54.96,0.0,0.05,10918,18.32,9.16,36.64,18.32
2020-04-23,Goiás,Rialma,0.0,0,0,0.0,4,0,0.0,36.64,0.0,0.04,10918,9.16,0.0,18.32,0.0
2020-04-22,Goiás,Rialma,0.0,0,0,0.0,4,0,0.0,36.64,0.0,0.04,10918,9.16,0.0,18.32,0.0
2020-04-21,Goiás,Rialma,0.0,0,0,0.0,4,0,0.0,36.64,0.0,0.04,10918,9.16,-9.16,18.32,0.0
2020-04-20,Goiás,Rialma,0.0,0,0,0.0,4,0,0.0,36.64,0.0,0.04,10918,18.32,0.0,18.32,0.0
2020-04-19,Goiás,Rialma,0.0,0,0,0.0,4,0,0.0,36.64,0.0,0.04,10918,18.32,0.0,18.32,0.0
2020-04-18,Goiás,Rialma,0.0,0,0,0.0,4,0,0.0,36.64,0.0,0.04,10918,18.32,0.0,18.32,0.0
2020-04-17,Goiás,Rialma,9.16,1,0,0.0,4,0,0.0,36.64,0.0,0.04,10918,18.32,9.16,18.32,9.16
2020-04-16,Goiás,Rialma,0.0,0,0,0.0,3,0,0.0,27.48,0.0,0.03,10918,9.16,0.0,9.16,0.0
2020-04-15,Goiás,Rialma,0.0,0,0,0.0,3,0,0.0,27.48,0.0,0.03,10918,9.16,0.0,9.16,0.0
2020-04-14,Goiás,Rialma,9.16,1,0,0.0,3,0,0.0,27.48,0.0,0.03,10918,9.16,9.16,9.16,9.16
2020-04-13,Goiás,Rialma,0.0,0,0,0.0,2,0,0.0,18.32,0.0,0.02,10918,0.0,0.0,0.0,0.0
2020-04-12,Goiás,Rialma,0.0,0,0,0.0,2,0,0.0,18.32,0.0,0.02,10918,0.0,0.0,0.0,0.0
2020-04-11,Goiás,Rialma,0.0,0,0,0.0,2,0,0.0,18.32,0.0,0.02,10918,0.0,0.0,0.0,0.0
