date,state,city,new_cases_100k,new_cases,new_deaths,new_deaths_100k,total_cases,total_deaths,cfr%,total_cases_100k,total_deaths_100k,%infected,population
2020-07-23,Goiás,Águas Lindas de Goiás,16.48,35,1,0.47,1236,57,4.61,581.81,26.83,0.58,212440
2020-07-22,Goiás,Águas Lindas de Goiás,31.07,66,1,0.47,1201,56,4.66,565.34,26.36,0.57,212440
2020-07-21,Goiás,Águas Lindas de Goiás,33.89,72,1,0.47,1135,55,4.85,534.27,25.89,0.53,212440
2020-07-20,Goiás,Águas Lindas de Goiás,0.0,0,1,0.47,1063,54,5.08,500.38,25.42,0.5,212440
2020-07-19,Goiás,Águas Lindas de Goiás,1.41,3,0,0.0,1063,53,4.99,500.38,24.95,0.5,212440
2020-07-18,Goiás,Águas Lindas de Goiás,0.94,2,2,0.94,1060,53,5.0,498.96,24.95,0.5,212440
2020-07-17,Goiás,Águas Lindas de Goiás,2.82,6,3,1.41,1058,51,4.82,498.02,24.01,0.5,212440
2020-07-16,Goiás,Águas Lindas de Goiás,6.59,14,2,0.94,1052,48,4.56,495.2,22.59,0.5,212440
2020-07-15,Goiás,Águas Lindas de Goiás,8.0,17,1,0.47,1038,46,4.43,488.61,21.65,0.49,212440
2020-07-14,Goiás,Águas Lindas de Goiás,10.36,22,6,2.82,1021,45,4.41,480.61,21.18,0.48,212440
2020-07-13,Goiás,Águas Lindas de Goiás,9.41,20,2,0.94,999,39,3.9,470.25,18.36,0.47,212440
2020-07-12,Goiás,Águas Lindas de Goiás,8.94,19,0,0.0,979,37,3.78,460.84,17.42,0.46,212440
2020-07-11,Goiás,Águas Lindas de Goiás,0.47,1,0,0.0,960,37,3.85,451.89,17.42,0.45,212440
2020-07-10,Goiás,Águas Lindas de Goiás,10.36,22,0,0.0,959,37,3.86,451.42,17.42,0.45,212440
2020-07-09,Goiás,Águas Lindas de Goiás,17.89,38,1,0.47,937,37,3.95,441.07,17.42,0.44,212440
2020-07-08,Goiás,Águas Lindas de Goiás,7.53,16,1,0.47,899,36,4.0,423.18,16.95,0.42,212440
2020-07-07,Goiás,Águas Lindas de Goiás,15.53,33,4,1.88,883,35,3.96,415.65,16.48,0.42,212440
2020-07-06,Goiás,Águas Lindas de Goiás,10.36,22,1,0.47,850,31,3.65,400.11,14.59,0.4,212440
2020-07-05,Goiás,Águas Lindas de Goiás,0.0,0,0,0.0,828,30,3.62,389.76,14.12,0.39,212440
2020-07-04,Goiás,Águas Lindas de Goiás,12.24,26,1,0.47,828,30,3.62,389.76,14.12,0.39,212440
2020-07-03,Goiás,Águas Lindas de Goiás,13.65,29,0,0.0,802,29,3.62,377.52,13.65,0.38,212440
2020-07-02,Goiás,Águas Lindas de Goiás,1.88,4,1,0.47,773,29,3.75,363.87,13.65,0.36,212440
2020-07-01,Goiás,Águas Lindas de Goiás,16.95,36,3,1.41,769,28,3.64,361.98,13.18,0.36,212440
2020-06-30,Goiás,Águas Lindas de Goiás,17.42,37,0,0.0,733,25,3.41,345.04,11.77,0.35,212440
2020-06-29,Goiás,Águas Lindas de Goiás,15.53,33,2,0.94,696,25,3.59,327.62,11.77,0.33,212440
2020-06-28,Goiás,Águas Lindas de Goiás,4.24,9,0,0.0,663,23,3.47,312.09,10.83,0.31,212440
2020-06-27,Goiás,Águas Lindas de Goiás,0.0,0,0,0.0,654,23,3.52,307.85,10.83,0.31,212440
2020-06-26,Goiás,Águas Lindas de Goiás,12.24,26,1,0.47,654,23,3.52,307.85,10.83,0.31,212440
2020-06-25,Goiás,Águas Lindas de Goiás,14.59,31,0,0.0,628,22,3.5,295.61,10.36,0.3,212440
2020-06-24,Goiás,Águas Lindas de Goiás,24.95,53,1,0.47,597,22,3.69,281.02,10.36,0.28,212440
2020-06-23,Goiás,Águas Lindas de Goiás,6.12,13,1,0.47,544,21,3.86,256.07,9.89,0.26,212440
2020-06-22,Goiás,Águas Lindas de Goiás,7.06,15,1,0.47,531,20,3.77,249.95,9.41,0.25,212440
2020-06-21,Goiás,Águas Lindas de Goiás,0.94,2,0,0.0,516,19,3.68,242.89,8.94,0.24,212440
2020-06-20,Goiás,Águas Lindas de Goiás,9.41,20,3,1.41,514,19,3.7,241.95,8.94,0.24,212440
2020-06-19,Goiás,Águas Lindas de Goiás,9.41,20,0,0.0,494,16,3.24,232.54,7.53,0.23,212440
2020-06-18,Goiás,Águas Lindas de Goiás,11.77,25,1,0.47,474,16,3.38,223.12,7.53,0.22,212440
2020-06-17,Goiás,Águas Lindas de Goiás,18.36,39,1,0.47,449,15,3.34,211.35,7.06,0.21,212440
2020-06-16,Goiás,Águas Lindas de Goiás,3.77,8,2,0.94,410,14,3.41,193.0,6.59,0.19,212440
2020-06-15,Goiás,Águas Lindas de Goiás,10.83,23,2,0.94,402,12,2.99,189.23,5.65,0.19,212440
2020-06-14,Goiás,Águas Lindas de Goiás,0.0,0,0,0.0,379,10,2.64,178.4,4.71,0.18,212440
2020-06-13,Goiás,Águas Lindas de Goiás,0.47,1,0,0.0,379,10,2.64,178.4,4.71,0.18,212440
2020-06-12,Goiás,Águas Lindas de Goiás,5.18,11,0,0.0,378,10,2.65,177.93,4.71,0.18,212440
2020-06-11,Goiás,Águas Lindas de Goiás,4.71,10,2,0.94,367,10,2.72,172.75,4.71,0.17,212440
2020-06-10,Goiás,Águas Lindas de Goiás,6.12,13,2,0.94,357,8,2.24,168.05,3.77,0.17,212440
2020-06-09,Goiás,Águas Lindas de Goiás,7.53,16,0,0.0,344,6,1.74,161.93,2.82,0.16,212440
2020-06-08,Goiás,Águas Lindas de Goiás,8.0,17,0,0.0,328,6,1.83,154.4,2.82,0.15,212440
2020-06-07,Goiás,Águas Lindas de Goiás,0.47,1,0,0.0,311,6,1.93,146.39,2.82,0.15,212440
2020-06-06,Goiás,Águas Lindas de Goiás,3.77,8,0,0.0,310,6,1.94,145.92,2.82,0.15,212440
2020-06-05,Goiás,Águas Lindas de Goiás,12.71,27,0,0.0,302,6,1.99,142.16,2.82,0.14,212440
2020-06-04,Goiás,Águas Lindas de Goiás,4.24,9,0,0.0,275,6,2.18,129.45,2.82,0.13,212440
2020-06-03,Goiás,Águas Lindas de Goiás,8.47,18,1,0.47,266,6,2.26,125.21,2.82,0.13,212440
2020-06-02,Goiás,Águas Lindas de Goiás,17.89,38,0,0.0,248,5,2.02,116.74,2.35,0.12,212440
2020-06-01,Goiás,Águas Lindas de Goiás,14.59,31,1,0.47,210,5,2.38,98.85,2.35,0.1,212440
2020-05-31,Goiás,Águas Lindas de Goiás,0.94,2,0,0.0,179,4,2.23,84.26,1.88,0.08,212440
2020-05-30,Goiás,Águas Lindas de Goiás,50.84,108,0,0.0,177,4,2.26,83.32,1.88,0.08,212440
2020-05-29,Goiás,Águas Lindas de Goiás,9.41,20,0,0.0,69,4,5.8,32.48,1.88,0.03,212440
2020-05-28,Goiás,Águas Lindas de Goiás,0.47,1,0,0.0,49,4,8.16,23.07,1.88,0.02,212440
2020-05-27,Goiás,Águas Lindas de Goiás,-0.47,-1,0,0.0,48,4,8.33,22.59,1.88,0.02,212440
2020-05-26,Goiás,Águas Lindas de Goiás,1.41,3,1,0.47,49,4,8.16,23.07,1.88,0.02,212440
2020-05-25,Goiás,Águas Lindas de Goiás,1.88,4,0,0.0,46,3,6.52,21.65,1.41,0.02,212440
2020-05-24,Goiás,Águas Lindas de Goiás,0.0,0,0,0.0,42,3,7.14,19.77,1.41,0.02,212440
2020-05-23,Goiás,Águas Lindas de Goiás,0.47,1,0,0.0,42,3,7.14,19.77,1.41,0.02,212440
2020-05-22,Goiás,Águas Lindas de Goiás,0.0,0,0,0.0,41,3,7.32,19.3,1.41,0.02,212440
2020-05-21,Goiás,Águas Lindas de Goiás,1.41,3,0,0.0,41,3,7.32,19.3,1.41,0.02,212440
2020-05-20,Goiás,Águas Lindas de Goiás,2.82,6,1,0.47,38,3,7.89,17.89,1.41,0.02,212440
2020-05-19,Goiás,Águas Lindas de Goiás,0.0,0,0,0.0,32,2,6.25,15.06,0.94,0.02,212440
2020-05-18,Goiás,Águas Lindas de Goiás,1.88,4,1,0.47,32,2,6.25,15.06,0.94,0.02,212440
2020-05-17,Goiás,Águas Lindas de Goiás,0.0,0,0,0.0,28,1,3.57,13.18,0.47,0.01,212440
2020-05-16,Goiás,Águas Lindas de Goiás,0.94,2,0,0.0,28,1,3.57,13.18,0.47,0.01,212440
2020-05-15,Goiás,Águas Lindas de Goiás,0.0,0,0,0.0,26,1,3.85,12.24,0.47,0.01,212440
2020-05-14,Goiás,Águas Lindas de Goiás,-0.47,-1,0,0.0,26,1,3.85,12.24,0.47,0.01,212440
2020-05-13,Goiás,Águas Lindas de Goiás,1.41,3,0,0.0,27,1,3.7,12.71,0.47,0.01,212440
2020-05-12,Goiás,Águas Lindas de Goiás,0.47,1,0,0.0,24,1,4.17,11.3,0.47,0.01,212440
2020-05-11,Goiás,Águas Lindas de Goiás,0.94,2,0,0.0,23,1,4.35,10.83,0.47,0.01,212440
2020-05-08,Goiás,Águas Lindas de Goiás,1.88,4,0,0.0,21,1,4.76,9.89,0.47,0.01,212440
2020-05-07,Goiás,Águas Lindas de Goiás,1.41,3,0,0.0,17,1,5.88,8.0,0.47,0.01,212440
2020-05-05,Goiás,Águas Lindas de Goiás,0.0,0,0,0.0,14,1,7.14,6.59,0.47,0.01,212440
2020-05-04,Goiás,Águas Lindas de Goiás,0.0,0,0,0.0,14,1,7.14,6.59,0.47,0.01,212440
2020-05-03,Goiás,Águas Lindas de Goiás,0.94,2,0,0.0,14,1,7.14,6.59,0.47,0.01,212440
2020-05-02,Goiás,Águas Lindas de Goiás,0.0,0,0,0.0,12,1,8.33,5.65,0.47,0.01,212440
2020-05-01,Goiás,Águas Lindas de Goiás,0.0,0,0,0.0,12,1,8.33,5.65,0.47,0.01,212440
2020-04-30,Goiás,Águas Lindas de Goiás,0.94,2,1,0.47,12,1,8.33,5.65,0.47,0.01,212440
2020-04-29,Goiás,Águas Lindas de Goiás,1.88,4,0,0.0,10,0,0.0,4.71,0.0,0.0,212440
2020-04-28,Goiás,Águas Lindas de Goiás,0.0,0,0,0.0,6,0,0.0,2.82,0.0,0.0,212440
2020-04-27,Goiás,Águas Lindas de Goiás,0.0,0,0,0.0,6,0,0.0,2.82,0.0,0.0,212440
2020-04-26,Goiás,Águas Lindas de Goiás,0.0,0,0,0.0,6,0,0.0,2.82,0.0,0.0,212440
2020-04-25,Goiás,Águas Lindas de Goiás,0.0,0,0,0.0,6,0,0.0,2.82,0.0,0.0,212440
2020-04-24,Goiás,Águas Lindas de Goiás,0.0,0,0,0.0,6,0,0.0,2.82,0.0,0.0,212440
2020-04-23,Goiás,Águas Lindas de Goiás,0.47,1,0,0.0,6,0,0.0,2.82,0.0,0.0,212440
2020-04-22,Goiás,Águas Lindas de Goiás,0.0,0,0,0.0,5,0,0.0,2.35,0.0,0.0,212440
2020-04-21,Goiás,Águas Lindas de Goiás,0.94,2,0,0.0,5,0,0.0,2.35,0.0,0.0,212440
2020-04-20,Goiás,Águas Lindas de Goiás,0.47,1,0,0.0,3,0,0.0,1.41,0.0,0.0,212440
2020-04-19,Goiás,Águas Lindas de Goiás,0.0,0,0,0.0,2,0,0.0,0.94,0.0,0.0,212440
2020-04-18,Goiás,Águas Lindas de Goiás,0.0,0,0,0.0,2,0,0.0,0.94,0.0,0.0,212440
2020-04-17,Goiás,Águas Lindas de Goiás,0.0,0,0,0.0,2,0,0.0,0.94,0.0,0.0,212440
2020-04-16,Goiás,Águas Lindas de Goiás,0.0,0,0,0.0,2,0,0.0,0.94,0.0,0.0,212440
2020-04-15,Goiás,Águas Lindas de Goiás,0.0,0,0,0.0,2,0,0.0,0.94,0.0,0.0,212440
2020-04-14,Goiás,Águas Lindas de Goiás,0.0,0,0,0.0,2,0,0.0,0.94,0.0,0.0,212440
2020-04-13,Goiás,Águas Lindas de Goiás,0.0,0,0,0.0,2,0,0.0,0.94,0.0,0.0,212440
2020-04-12,Goiás,Águas Lindas de Goiás,0.0,0,0,0.0,2,0,0.0,0.94,0.0,0.0,212440
2020-04-11,Goiás,Águas Lindas de Goiás,0.0,0,0,0.0,2,0,0.0,0.94,0.0,0.0,212440
2020-04-10,Goiás,Águas Lindas de Goiás,0.47,1,0,0.0,2,0,0.0,0.94,0.0,0.0,212440
2020-04-09,Goiás,Águas Lindas de Goiás,0.0,0,0,0.0,1,0,0.0,0.47,0.0,0.0,212440
2020-04-08,Goiás,Águas Lindas de Goiás,0.0,0,0,0.0,1,0,0.0,0.47,0.0,0.0,212440
2020-04-07,Goiás,Águas Lindas de Goiás,0.0,0,0,0.0,1,0,0.0,0.47,0.0,0.0,212440
2020-04-06,Goiás,Águas Lindas de Goiás,0.0,0,0,0.0,1,0,0.0,0.47,0.0,0.0,212440
2020-04-05,Goiás,Águas Lindas de Goiás,0.0,0,0,0.0,1,0,0.0,0.47,0.0,0.0,212440
2020-04-04,Goiás,Águas Lindas de Goiás,0.0,0,0,0.0,1,0,0.0,0.47,0.0,0.0,212440
2020-04-03,Goiás,Águas Lindas de Goiás,0.0,0,0,0.0,1,0,0.0,0.47,0.0,0.0,212440
2020-04-02,Goiás,Águas Lindas de Goiás,0.0,0,0,0.0,1,0,0.0,0.47,0.0,0.0,212440
2020-04-01,Goiás,Águas Lindas de Goiás,0.0,0,0,0.0,1,0,0.0,0.47,0.0,0.0,212440
2020-03-31,Goiás,Águas Lindas de Goiás,0.0,0,0,0.0,1,0,0.0,0.47,0.0,0.0,212440
2020-03-30,Goiás,Águas Lindas de Goiás,0.0,0,0,0.0,1,0,0.0,0.47,0.0,0.0,212440
2020-03-29,Goiás,Águas Lindas de Goiás,0.0,0,0,0.0,1,0,0.0,0.47,0.0,0.0,212440
2020-03-28,Goiás,Águas Lindas de Goiás,0.0,0,0,0.0,1,0,0.0,0.47,0.0,0.0,212440
