date,state,city,1day_cases_100k,new_cases,new_deaths,new_deaths_100k,total_cases,total_deaths,cfr%,total_cases_100k,total_deaths_100k,%infected,population,7day_cases_100k,7day_cases_change,28day_cases_100k,28day_cases_change
2020-09-24,Alagoas,Belém,0.0,0,0,0.0,55,1,1.82,1266.11,23.02,1.27,4344,69.06,0.0,92.08,0.0
2020-09-23,Alagoas,Belém,23.02,1,0,0.0,55,1,1.82,1266.11,23.02,1.27,4344,69.06,23.02,92.08,23.02
2020-09-22,Alagoas,Belém,0.0,0,0,0.0,54,1,1.85,1243.09,23.02,1.24,4344,46.04,0.0,69.06,0.0
2020-09-21,Alagoas,Belém,0.0,0,0,0.0,54,1,1.85,1243.09,23.02,1.24,4344,46.04,0.0,69.06,-23.02
2020-09-20,Alagoas,Belém,0.0,0,0,0.0,54,1,1.85,1243.09,23.02,1.24,4344,46.04,0.0,92.08,0.0
2020-09-19,Alagoas,Belém,46.04,2,0,0.0,54,1,1.85,1243.09,23.02,1.24,4344,46.04,46.04,92.08,46.04
2020-09-18,Alagoas,Belém,0.0,0,0,0.0,52,1,1.92,1197.05,23.02,1.2,4344,0.0,0.0,46.04,0.0
2020-09-17,Alagoas,Belém,0.0,0,0,0.0,52,1,1.92,1197.05,23.02,1.2,4344,0.0,0.0,46.04,0.0
2020-09-16,Alagoas,Belém,0.0,0,0,0.0,52,1,1.92,1197.05,23.02,1.2,4344,0.0,0.0,46.04,0.0
2020-09-15,Alagoas,Belém,0.0,0,0,0.0,52,1,1.92,1197.05,23.02,1.2,4344,0.0,0.0,46.04,0.0
2020-09-14,Alagoas,Belém,0.0,0,0,0.0,52,1,1.92,1197.05,23.02,1.2,4344,0.0,0.0,46.04,0.0
2020-09-13,Alagoas,Belém,0.0,0,0,0.0,52,1,1.92,1197.05,23.02,1.2,4344,0.0,0.0,46.04,0.0
2020-09-12,Alagoas,Belém,0.0,0,0,0.0,52,1,1.92,1197.05,23.02,1.2,4344,0.0,0.0,46.04,0.0
2020-09-11,Alagoas,Belém,0.0,0,0,0.0,52,1,1.92,1197.05,23.02,1.2,4344,0.0,0.0,46.04,0.0
2020-09-10,Alagoas,Belém,0.0,0,0,0.0,52,1,1.92,1197.05,23.02,1.2,4344,0.0,-23.02,46.04,-23.02
2020-09-09,Alagoas,Belém,0.0,0,0,0.0,52,1,1.92,1197.05,23.02,1.2,4344,23.02,0.0,69.06,0.0
2020-09-08,Alagoas,Belém,0.0,0,0,0.0,52,1,1.92,1197.05,23.02,1.2,4344,23.02,0.0,69.06,0.0
2020-09-07,Alagoas,Belém,0.0,0,0,0.0,52,1,1.92,1197.05,23.02,1.2,4344,23.02,0.0,69.06,0.0
2020-09-06,Alagoas,Belém,0.0,0,0,0.0,52,1,1.92,1197.05,23.02,1.2,4344,23.02,0.0,69.06,0.0
2020-09-05,Alagoas,Belém,0.0,0,0,0.0,52,1,1.92,1197.05,23.02,1.2,4344,23.02,0.0,69.06,0.0
2020-09-04,Alagoas,Belém,0.0,0,0,0.0,52,1,1.92,1197.05,23.02,1.2,4344,23.02,0.0,69.06,0.0
2020-09-03,Alagoas,Belém,23.02,1,0,0.0,52,1,1.92,1197.05,23.02,1.2,4344,23.02,23.02,69.06,23.02
2020-09-02,Alagoas,Belém,0.0,0,0,0.0,51,1,1.96,1174.03,23.02,1.17,4344,0.0,0.0,46.04,0.0
2020-09-01,Alagoas,Belém,0.0,0,0,0.0,51,1,1.96,1174.03,23.02,1.17,4344,0.0,0.0,46.04,0.0
2020-08-31,Alagoas,Belém,0.0,0,0,0.0,51,1,1.96,1174.03,23.02,1.17,4344,0.0,-23.02,46.04,23.02
2020-08-30,Alagoas,Belém,0.0,0,0,0.0,51,1,1.96,1174.03,23.02,1.17,4344,23.02,0.0,23.02,0.0
2020-08-29,Alagoas,Belém,0.0,0,0,0.0,51,1,1.96,1174.03,23.02,1.17,4344,23.02,0.0,23.02,-23.02
2020-08-28,Alagoas,Belém,0.0,0,0,0.0,51,1,1.96,1174.03,23.02,1.17,4344,23.02,0.0,46.04,-46.04
2020-08-27,Alagoas,Belém,0.0,0,0,0.0,51,1,1.96,1174.03,23.02,1.17,4344,23.02,0.0,92.08,0.0
2020-08-26,Alagoas,Belém,0.0,0,0,0.0,51,1,1.96,1174.03,23.02,1.17,4344,23.02,0.0,92.08,0.0
2020-08-25,Alagoas,Belém,0.0,0,0,0.0,51,1,1.96,1174.03,23.02,1.17,4344,23.02,0.0,92.08,-23.02
2020-08-24,Alagoas,Belém,23.02,1,0,0.0,51,1,1.96,1174.03,23.02,1.17,4344,23.02,23.02,115.1,23.02
2020-08-23,Alagoas,Belém,0.0,0,0,0.0,50,1,2.0,1151.01,23.02,1.15,4344,0.0,0.0,92.08,23.02
2020-08-22,Alagoas,Belém,0.0,0,0,0.0,50,1,2.0,1151.01,23.02,1.15,4344,0.0,0.0,69.06,-92.08
2020-08-21,Alagoas,Belém,0.0,0,0,0.0,50,1,2.0,1151.01,23.02,1.15,4344,0.0,0.0,161.14,-69.06
2020-08-20,Alagoas,Belém,0.0,0,0,0.0,50,1,2.0,1151.01,23.02,1.15,4344,0.0,-23.02,230.2,-23.02
2020-08-19,Alagoas,Belém,0.0,0,0,0.0,50,1,2.0,1151.01,23.02,1.15,4344,23.02,0.0,253.22,0.0
2020-08-18,Alagoas,Belém,0.0,0,0,0.0,50,1,2.0,1151.01,23.02,1.15,4344,23.02,0.0,253.22,0.0
2020-08-17,Alagoas,Belém,0.0,0,0,0.0,50,1,2.0,1151.01,23.02,1.15,4344,23.02,0.0,253.22,0.0
2020-08-16,Alagoas,Belém,0.0,0,0,0.0,50,1,2.0,1151.01,23.02,1.15,4344,23.02,0.0,253.22,0.0
2020-08-15,Alagoas,Belém,0.0,0,0,0.0,50,1,2.0,1151.01,23.02,1.15,4344,23.02,0.0,253.22,0.0
2020-08-14,Alagoas,Belém,0.0,0,0,0.0,50,1,2.0,1151.01,23.02,1.15,4344,23.02,0.0,253.22,0.0
2020-08-13,Alagoas,Belém,23.02,1,0,0.0,50,1,2.0,1151.01,23.02,1.15,4344,23.02,23.02,253.22,23.02
2020-08-12,Alagoas,Belém,0.0,0,0,0.0,49,1,2.04,1127.99,23.02,1.13,4344,0.0,0.0,230.2,0.0
2020-08-11,Alagoas,Belém,0.0,0,0,0.0,49,1,2.04,1127.99,23.02,1.13,4344,0.0,0.0,230.2,-69.06
2020-08-10,Alagoas,Belém,0.0,0,0,0.0,49,1,2.04,1127.99,23.02,1.13,4344,0.0,23.02,299.26,-46.04
2020-08-09,Alagoas,Belém,0.0,0,0,0.0,49,1,2.04,1127.99,23.02,1.13,4344,-23.02,0.0,345.3,0.0
2020-08-08,Alagoas,Belém,0.0,0,0,0.0,49,1,2.04,1127.99,23.02,1.13,4344,-23.02,-23.02,345.3,0.0
2020-08-07,Alagoas,Belém,0.0,0,0,0.0,49,1,2.04,1127.99,23.02,1.13,4344,0.0,-46.04,345.3,0.0
2020-08-06,Alagoas,Belém,0.0,0,0,0.0,49,1,2.04,1127.99,23.02,1.13,4344,46.04,0.0,345.3,0.0
2020-08-05,Alagoas,Belém,0.0,0,0,0.0,49,1,2.04,1127.99,23.02,1.13,4344,46.04,0.0,345.3,-115.1
2020-08-04,Alagoas,Belém,0.0,0,0,0.0,49,1,2.04,1127.99,23.02,1.13,4344,46.04,-23.02,460.4,0.0
2020-08-03,Alagoas,Belém,-23.02,-1,0,0.0,49,1,2.04,1127.99,23.02,1.13,4344,69.06,-23.02,460.4,0.0
2020-08-02,Alagoas,Belém,0.0,0,0,0.0,50,1,2.0,1151.01,23.02,1.15,4344,92.08,23.02,460.4,0.0
2020-08-01,Alagoas,Belém,23.02,1,0,0.0,50,1,2.0,1151.01,23.02,1.15,4344,69.06,-69.06,460.4,-23.02
2020-07-31,Alagoas,Belém,46.04,2,0,0.0,49,1,2.04,1127.99,23.02,1.13,4344,138.12,-23.02,483.42,46.04
2020-07-30,Alagoas,Belém,0.0,0,0,0.0,47,1,2.13,1081.95,23.02,1.08,4344,161.14,-23.02,437.38,-92.08
2020-07-29,Alagoas,Belém,0.0,0,0,0.0,47,1,2.13,1081.95,23.02,1.08,4344,184.16,0.0,529.46,-23.02
2020-07-28,Alagoas,Belém,23.02,1,0,0.0,47,1,2.13,1081.95,23.02,1.08,4344,184.16,23.02,552.48,23.02
2020-07-27,Alagoas,Belém,0.0,0,0,0.0,46,1,2.17,1058.93,23.02,1.06,4344,161.14,0.0,529.46,0.0
2020-07-26,Alagoas,Belém,-23.02,-1,0,0.0,46,1,2.17,1058.93,23.02,1.06,4344,161.14,-23.02,529.46,-23.02
2020-07-25,Alagoas,Belém,92.08,4,0,0.0,47,1,2.13,1081.95,23.02,1.08,4344,184.16,92.08,552.48,92.08
2020-07-24,Alagoas,Belém,69.06,3,0,0.0,43,1,2.33,989.87,23.02,0.99,4344,92.08,69.06,460.4,0.0
2020-07-23,Alagoas,Belém,23.02,1,0,0.0,40,1,2.5,920.81,23.02,0.92,4344,23.02,23.02,460.4,23.02
2020-07-22,Alagoas,Belém,0.0,0,0,0.0,39,1,2.56,897.79,23.02,0.9,4344,0.0,0.0,437.38,-92.08
2020-07-21,Alagoas,Belém,0.0,0,0,0.0,39,1,2.56,897.79,23.02,0.9,4344,0.0,-69.06,529.46,-161.14
2020-07-20,Alagoas,Belém,0.0,0,0,0.0,39,1,2.56,897.79,23.02,0.9,4344,69.06,-46.04,690.6,-23.02
2020-07-19,Alagoas,Belém,0.0,0,0,0.0,39,1,2.56,897.79,23.02,0.9,4344,115.1,0.0,713.62,-23.02
2020-07-18,Alagoas,Belém,0.0,0,0,0.0,39,1,2.56,897.79,23.02,0.9,4344,115.1,0.0,736.64,-23.02
2020-07-17,Alagoas,Belém,0.0,0,0,0.0,39,1,2.56,897.79,23.02,0.9,4344,115.1,0.0,759.66,0.0
2020-07-16,Alagoas,Belém,0.0,0,0,0.0,39,1,2.56,897.79,23.02,0.9,4344,115.1,0.0,759.66,0.0
2020-07-15,Alagoas,Belém,0.0,0,0,0.0,39,1,2.56,897.79,23.02,0.9,4344,115.1,-115.1,759.66,-69.06
2020-07-14,Alagoas,Belém,69.06,3,0,0.0,39,1,2.56,897.79,23.02,0.9,4344,230.2,69.06,828.72,69.06
2020-07-13,Alagoas,Belém,46.04,2,0,0.0,36,1,2.78,828.73,23.02,0.83,4344,161.14,69.06,759.66,46.04
2020-07-12,Alagoas,Belém,0.0,0,0,0.0,34,1,2.94,782.69,23.02,0.78,4344,92.08,0.0,713.62,-23.02
2020-07-11,Alagoas,Belém,0.0,0,0,0.0,34,1,2.94,782.69,23.02,0.78,4344,92.08,-46.04,736.64,0.0
2020-07-10,Alagoas,Belém,0.0,0,0,0.0,34,1,2.94,782.69,23.02,0.78,4344,138.12,0.0,736.64,0.0
2020-07-09,Alagoas,Belém,0.0,0,0,0.0,34,1,2.94,782.69,23.02,0.78,4344,138.12,-92.08,736.64,0.0
2020-07-08,Alagoas,Belém,115.1,5,0,0.0,34,1,2.94,782.69,23.02,0.78,4344,230.2,92.08,736.64,115.1
2020-07-07,Alagoas,Belém,0.0,0,0,0.0,29,1,3.45,667.59,23.02,0.67,4344,138.12,0.0,621.54,0.0
2020-07-06,Alagoas,Belém,-23.02,-1,0,0.0,29,1,3.45,667.59,23.02,0.67,4344,138.12,-23.02,621.54,-23.02
2020-07-05,Alagoas,Belém,0.0,0,0,0.0,30,1,3.33,690.61,23.02,0.69,4344,161.14,0.0,644.56,0.0
2020-07-04,Alagoas,Belém,46.04,2,0,0.0,30,1,3.33,690.61,23.02,0.69,4344,161.14,46.04,644.56,46.04
2020-07-03,Alagoas,Belém,0.0,0,0,0.0,28,1,3.57,644.57,23.02,0.64,4344,115.1,-69.06,598.52,0.0
2020-07-02,Alagoas,Belém,92.08,4,0,0.0,28,1,3.57,644.57,23.02,0.64,4344,184.16,92.08,598.52,92.08
2020-07-01,Alagoas,Belém,23.02,1,0,0.0,24,1,4.17,552.49,23.02,0.55,4344,92.08,-69.06,506.44,23.02
2020-06-30,Alagoas,Belém,0.0,0,0,0.0,23,1,4.35,529.47,23.02,0.53,4344,161.14,-161.14,483.42,0.0
2020-06-29,Alagoas,Belém,0.0,0,0,0.0,23,1,4.35,529.47,23.02,0.53,4344,322.28,-23.02,483.42,0.0
2020-06-28,Alagoas,Belém,0.0,0,0,0.0,23,1,4.35,529.47,23.02,0.53,4344,345.3,-23.02,483.42,0.0
2020-06-27,Alagoas,Belém,0.0,0,0,0.0,23,1,4.35,529.47,23.02,0.53,4344,368.32,-23.02,483.42,23.02
2020-06-26,Alagoas,Belém,69.06,3,0,0.0,23,1,4.35,529.47,23.02,0.53,4344,391.34,69.06,460.4,46.04
2020-06-25,Alagoas,Belém,0.0,0,0,0.0,20,1,5.0,460.41,23.02,0.46,4344,322.28,0.0,414.36,0.0
2020-06-24,Alagoas,Belém,92.08,4,0,0.0,20,1,5.0,460.41,23.02,0.46,4344,322.28,23.02,414.36,92.08
2020-06-23,Alagoas,Belém,161.14,7,0,0.0,16,1,6.25,368.32,23.02,0.37,4344,299.26,161.14,322.28,161.14
2020-06-22,Alagoas,Belém,23.02,1,0,0.0,9,1,11.11,207.18,23.02,0.21,4344,138.12,23.02,161.14,23.02
2020-06-21,Alagoas,Belém,23.02,1,0,0.0,8,1,12.5,184.16,23.02,0.18,4344,115.1,0.0,138.12,0.0
2020-06-20,Alagoas,Belém,23.02,1,0,0.0,7,1,14.29,161.14,23.02,0.16,4344,115.1,23.02,138.12,23.02
2020-06-19,Alagoas,Belém,0.0,0,0,0.0,6,1,16.67,138.12,23.02,0.14,4344,92.08,0.0,115.1,0.0
2020-06-18,Alagoas,Belém,0.0,0,0,0.0,6,1,16.67,138.12,23.02,0.14,4344,92.08,0.0,115.1,0.0
2020-06-17,Alagoas,Belém,69.06,3,0,0.0,6,1,16.67,138.12,23.02,0.14,4344,92.08,69.06,115.1,69.06
2020-06-16,Alagoas,Belém,0.0,0,0,0.0,3,1,33.33,69.06,23.02,0.07,4344,23.02,0.0,46.04,0.0
2020-06-15,Alagoas,Belém,0.0,0,0,0.0,3,1,33.33,69.06,23.02,0.07,4344,23.02,0.0,46.04,0.0
2020-06-14,Alagoas,Belém,23.02,1,0,0.0,3,1,33.33,69.06,23.02,0.07,4344,23.02,23.02,46.04,23.02
2020-06-13,Alagoas,Belém,0.0,0,0,0.0,2,1,50.0,46.04,23.02,0.05,4344,0.0,0.0,23.02,0.0
2020-06-12,Alagoas,Belém,0.0,0,0,0.0,2,1,50.0,46.04,23.02,0.05,4344,0.0,0.0,23.02,0.0
2020-06-11,Alagoas,Belém,0.0,0,0,0.0,2,1,50.0,46.04,23.02,0.05,4344,0.0,0.0,23.02,0.0
2020-06-10,Alagoas,Belém,0.0,0,0,0.0,2,1,50.0,46.04,23.02,0.05,4344,0.0,0.0,23.02,0.0
2020-06-09,Alagoas,Belém,0.0,0,0,0.0,2,1,50.0,46.04,23.02,0.05,4344,0.0,0.0,23.02,0.0
2020-06-08,Alagoas,Belém,0.0,0,0,0.0,2,1,50.0,46.04,23.02,0.05,4344,0.0,0.0,23.02,0.0
2020-06-07,Alagoas,Belém,0.0,0,0,0.0,2,1,50.0,46.04,23.02,0.05,4344,0.0,0.0,23.02,0.0
2020-06-06,Alagoas,Belém,0.0,0,0,0.0,2,1,50.0,46.04,23.02,0.05,4344,0.0,23.02,23.02,0.0
2020-06-05,Alagoas,Belém,0.0,0,0,0.0,2,1,50.0,46.04,23.02,0.05,4344,-23.02,-23.02,23.02,0.0
2020-06-04,Alagoas,Belém,0.0,0,0,0.0,2,1,50.0,46.04,23.02,0.05,4344,0.0,0.0,23.02,0.0
2020-06-03,Alagoas,Belém,0.0,0,0,0.0,2,1,50.0,46.04,23.02,0.05,4344,0.0,0.0,23.02,0.0
2020-06-02,Alagoas,Belém,0.0,0,0,0.0,2,1,50.0,46.04,23.02,0.05,4344,0.0,0.0,23.02,0.0
2020-06-01,Alagoas,Belém,0.0,0,0,0.0,2,1,50.0,46.04,23.02,0.05,4344,0.0,0.0,23.02,0.0
2020-05-31,Alagoas,Belém,0.0,0,0,0.0,2,1,50.0,46.04,23.02,0.05,4344,0.0,-23.02,23.02,0.0
2020-05-30,Alagoas,Belém,-23.02,-1,0,0.0,2,1,50.0,46.04,23.02,0.05,4344,23.02,-23.02,23.02,-23.02
2020-05-29,Alagoas,Belém,23.02,1,0,0.0,3,1,33.33,69.06,23.02,0.07,4344,46.04,23.02,46.04,23.02
2020-05-28,Alagoas,Belém,0.0,0,0,0.0,2,1,50.0,46.04,23.02,0.05,4344,23.02,0.0,23.02,0.0
2020-05-27,Alagoas,Belém,0.0,0,0,0.0,2,1,50.0,46.04,23.02,0.05,4344,23.02,0.0,23.02,0.0
2020-05-26,Alagoas,Belém,0.0,0,0,0.0,2,1,50.0,46.04,23.02,0.05,4344,23.02,0.0,23.02,0.0
2020-05-25,Alagoas,Belém,0.0,0,0,0.0,2,1,50.0,46.04,23.02,0.05,4344,23.02,0.0,23.02,0.0
2020-05-24,Alagoas,Belém,23.02,1,1,23.02,2,1,50.0,46.04,23.02,0.05,4344,23.02,23.02,23.02,23.02
2020-05-23,Alagoas,Belém,0.0,0,0,0.0,1,0,0.0,23.02,0.0,0.02,4344,0.0,0.0,0.0,0.0
2020-05-22,Alagoas,Belém,0.0,0,0,0.0,1,0,0.0,23.02,0.0,0.02,4344,0.0,0.0,0.0,0.0
