date,state,city,1day_cases_100k,new_cases,new_deaths,new_deaths_100k,total_cases,total_deaths,cfr%,total_cases_100k,total_deaths_100k,%infected,population,7day_cases_100k,7day_cases_change,28day_cases_100k,28day_cases_change
2020-09-19,Alagoas,Estrela de Alagoas,5.49,1,0,0.0,185,4,2.16,1016.2,21.97,1.02,18205,38.44,5.49,76.88,-10.99
2020-09-18,Alagoas,Estrela de Alagoas,27.46,5,0,0.0,184,4,2.17,1010.71,21.97,1.01,18205,32.95,16.47,87.87,21.97
2020-09-17,Alagoas,Estrela de Alagoas,5.49,1,0,0.0,179,4,2.23,983.25,21.97,0.98,18205,16.48,5.49,65.9,5.49
2020-09-16,Alagoas,Estrela de Alagoas,0.0,0,0,0.0,178,4,2.25,977.75,21.97,0.98,18205,10.99,-5.49,60.41,0.0
2020-09-15,Alagoas,Estrela de Alagoas,0.0,0,0,0.0,178,4,2.25,977.75,21.97,0.98,18205,16.48,0.0,60.41,0.0
2020-09-14,Alagoas,Estrela de Alagoas,0.0,0,0,0.0,178,4,2.25,977.75,21.97,0.98,18205,16.48,0.0,60.41,0.0
2020-09-13,Alagoas,Estrela de Alagoas,0.0,0,0,0.0,178,4,2.25,977.75,21.97,0.98,18205,16.48,0.0,60.41,-5.49
2020-09-12,Alagoas,Estrela de Alagoas,0.0,0,0,0.0,178,4,2.25,977.75,21.97,0.98,18205,16.48,0.0,65.9,-10.99
2020-09-11,Alagoas,Estrela de Alagoas,10.99,2,0,0.0,178,4,2.25,977.75,21.97,0.98,18205,16.48,10.99,76.89,10.99
2020-09-10,Alagoas,Estrela de Alagoas,0.0,0,0,0.0,176,4,2.27,966.77,21.97,0.97,18205,5.49,-5.49,65.9,-5.49
2020-09-09,Alagoas,Estrela de Alagoas,5.49,1,0,0.0,176,4,2.27,966.77,21.97,0.97,18205,10.98,0.0,71.39,0.0
2020-09-08,Alagoas,Estrela de Alagoas,0.0,0,0,0.0,175,4,2.29,961.27,21.97,0.96,18205,10.98,-5.49,71.39,0.0
2020-09-07,Alagoas,Estrela de Alagoas,0.0,0,0,0.0,175,4,2.29,961.27,21.97,0.96,18205,16.47,0.0,71.39,0.0
2020-09-06,Alagoas,Estrela de Alagoas,0.0,0,0,0.0,175,4,2.29,961.27,21.97,0.96,18205,16.47,0.0,71.39,0.0
2020-09-05,Alagoas,Estrela de Alagoas,0.0,0,0,0.0,175,4,2.29,961.27,21.97,0.96,18205,16.47,0.0,71.39,0.0
2020-09-04,Alagoas,Estrela de Alagoas,0.0,0,0,0.0,175,4,2.29,961.27,21.97,0.96,18205,16.47,0.0,71.39,0.0
2020-09-03,Alagoas,Estrela de Alagoas,5.49,1,0,0.0,175,4,2.29,961.27,21.97,0.96,18205,16.47,5.49,71.39,10.98
2020-09-02,Alagoas,Estrela de Alagoas,5.49,1,0,0.0,174,4,2.3,955.78,21.97,0.96,18205,10.98,5.49,60.41,-5.5
2020-09-01,Alagoas,Estrela de Alagoas,5.49,1,0,0.0,173,4,2.31,950.29,21.97,0.95,18205,5.49,0.0,65.91,5.49
2020-08-31,Alagoas,Estrela de Alagoas,0.0,0,0,0.0,172,4,2.33,944.8,21.97,0.94,18205,5.49,0.0,60.42,5.49
2020-08-30,Alagoas,Estrela de Alagoas,0.0,0,0,0.0,172,4,2.33,944.8,21.97,0.94,18205,5.49,0.0,54.93,-5.49
2020-08-29,Alagoas,Estrela de Alagoas,0.0,0,0,0.0,172,4,2.33,944.8,21.97,0.94,18205,5.49,-16.48,60.42,-27.46
2020-08-28,Alagoas,Estrela de Alagoas,0.0,0,0,0.0,172,4,2.33,944.8,21.97,0.94,18205,21.97,-5.49,87.88,-32.96
2020-08-27,Alagoas,Estrela de Alagoas,0.0,0,0,0.0,172,4,2.33,944.8,21.97,0.94,18205,27.46,0.0,120.84,0.0
2020-08-26,Alagoas,Estrela de Alagoas,0.0,0,0,0.0,172,4,2.33,944.8,21.97,0.94,18205,27.46,0.0,120.84,-5.49
2020-08-25,Alagoas,Estrela de Alagoas,5.49,1,0,0.0,172,4,2.33,944.8,21.97,0.94,18205,27.46,5.49,126.33,5.49
2020-08-24,Alagoas,Estrela de Alagoas,0.0,0,0,0.0,171,4,2.34,939.3,21.97,0.94,18205,21.97,0.0,120.84,-5.49
2020-08-23,Alagoas,Estrela de Alagoas,0.0,0,0,0.0,171,4,2.34,939.3,21.97,0.94,18205,21.97,-5.49,126.33,-21.97
2020-08-22,Alagoas,Estrela de Alagoas,16.48,3,0,0.0,171,4,2.34,939.3,21.97,0.94,18205,27.46,5.49,148.3,-120.84
2020-08-21,Alagoas,Estrela de Alagoas,5.49,1,0,0.0,168,4,2.38,922.82,21.97,0.92,18205,21.97,5.49,269.14,0.0
2020-08-20,Alagoas,Estrela de Alagoas,0.0,0,0,0.0,167,4,2.4,917.33,21.97,0.92,18205,16.48,-5.49,269.14,-10.99
2020-08-19,Alagoas,Estrela de Alagoas,0.0,0,0,0.0,167,4,2.4,917.33,21.97,0.92,18205,21.97,-5.49,280.13,-71.41
2020-08-18,Alagoas,Estrela de Alagoas,0.0,0,0,0.0,167,4,2.4,917.33,21.97,0.92,18205,27.46,0.0,351.54,-5.49
2020-08-17,Alagoas,Estrela de Alagoas,0.0,0,0,0.0,167,4,2.4,917.33,21.97,0.92,18205,27.46,0.0,357.03,0.0
2020-08-16,Alagoas,Estrela de Alagoas,5.49,1,0,0.0,167,4,2.4,917.33,21.97,0.92,18205,27.46,5.49,357.03,-71.41
2020-08-15,Alagoas,Estrela de Alagoas,10.99,2,0,0.0,166,4,2.41,911.84,21.97,0.91,18205,21.97,10.99,428.44,10.99
2020-08-14,Alagoas,Estrela de Alagoas,0.0,0,0,0.0,164,4,2.44,900.85,21.97,0.9,18205,10.98,0.0,417.45,-104.37
2020-08-13,Alagoas,Estrela de Alagoas,5.49,1,0,0.0,164,4,2.44,900.85,21.97,0.9,18205,10.98,10.98,521.82,5.49
2020-08-12,Alagoas,Estrela de Alagoas,5.49,1,0,0.0,163,4,2.45,895.36,21.97,0.9,18205,-0.0,-5.5,516.33,0.0
2020-08-11,Alagoas,Estrela de Alagoas,0.0,0,0,0.0,162,4,2.47,889.87,21.97,0.89,18205,5.5,0.0,516.33,0.0
2020-08-10,Alagoas,Estrela de Alagoas,0.0,0,0,0.0,162,4,2.47,889.87,21.97,0.89,18205,5.5,5.49,516.33,0.0
2020-08-09,Alagoas,Estrela de Alagoas,0.0,0,0,0.0,162,4,2.47,889.87,21.97,0.89,18205,0.01,-5.49,516.33,0.0
2020-08-08,Alagoas,Estrela de Alagoas,0.0,0,0,0.0,162,4,2.47,889.87,21.97,0.89,18205,5.5,-27.46,516.33,-98.87
2020-08-07,Alagoas,Estrela de Alagoas,0.0,0,0,0.0,162,4,2.47,889.87,21.97,0.89,18205,32.96,-32.96,615.2,0.0
2020-08-06,Alagoas,Estrela de Alagoas,-5.49,-1,0,0.0,162,4,2.47,889.87,21.97,0.89,18205,65.92,-5.49,615.2,-10.98
2020-08-05,Alagoas,Estrela de Alagoas,10.99,2,0,0.0,163,4,2.45,895.36,21.97,0.9,18205,71.41,5.5,626.18,0.0
2020-08-04,Alagoas,Estrela de Alagoas,0.0,0,0,0.0,161,4,2.48,884.37,21.97,0.88,18205,65.91,0.0,626.18,-21.97
2020-08-03,Alagoas,Estrela de Alagoas,-5.49,-1,0,0.0,161,4,2.48,884.37,21.97,0.88,18205,65.91,-10.98,648.15,-5.49
2020-08-02,Alagoas,Estrela de Alagoas,5.49,1,0,0.0,162,4,2.47,889.87,21.97,0.89,18205,76.89,-16.48,653.64,-21.97
2020-08-01,Alagoas,Estrela de Alagoas,27.46,5,0,0.0,161,4,2.48,884.37,21.97,0.88,18205,93.37,-109.86,675.61,16.47
2020-07-31,Alagoas,Estrela de Alagoas,32.96,6,0,0.0,156,4,2.56,856.91,21.97,0.86,18205,203.23,27.47,659.14,-5.49
2020-07-30,Alagoas,Estrela de Alagoas,0.0,0,0,0.0,150,4,2.67,823.95,21.97,0.82,18205,175.76,-10.99,664.63,0.0
2020-07-29,Alagoas,Estrela de Alagoas,5.49,1,0,0.0,150,4,2.67,823.95,21.97,0.82,18205,186.75,-65.92,664.63,0.0
2020-07-28,Alagoas,Estrela de Alagoas,0.0,0,0,0.0,149,4,2.68,818.46,21.97,0.82,18205,252.67,-5.49,664.63,-5.49
2020-07-27,Alagoas,Estrela de Alagoas,5.49,1,0,0.0,149,4,2.68,818.46,21.97,0.82,18205,258.16,5.49,670.12,5.49
2020-07-26,Alagoas,Estrela de Alagoas,21.97,4,0,0.0,148,4,2.7,812.96,21.97,0.81,18205,252.67,-54.93,664.63,21.97
2020-07-25,Alagoas,Estrela de Alagoas,137.32,25,0,0.0,144,4,2.78,790.99,21.97,0.79,18205,307.6,137.32,642.66,131.83
2020-07-24,Alagoas,Estrela de Alagoas,5.49,1,1,5.49,119,4,3.36,653.67,21.97,0.65,18205,170.28,-98.88,510.83,-16.48
2020-07-23,Alagoas,Estrela de Alagoas,10.99,2,0,0.0,118,3,2.54,648.17,16.48,0.65,18205,269.16,10.99,527.31,10.99
2020-07-22,Alagoas,Estrela de Alagoas,71.41,13,0,0.0,116,3,2.59,637.19,16.48,0.64,18205,258.17,65.92,516.32,54.93
2020-07-21,Alagoas,Estrela de Alagoas,5.49,1,0,0.0,103,3,2.91,565.78,16.48,0.57,18205,192.25,5.49,461.39,16.48
2020-07-20,Alagoas,Estrela de Alagoas,0.0,0,1,5.49,102,3,2.94,560.29,16.48,0.56,18205,186.76,0.0,444.91,0.0
2020-07-19,Alagoas,Estrela de Alagoas,76.9,14,0,0.0,102,2,1.96,560.29,10.99,0.56,18205,186.76,76.9,444.91,76.9
2020-07-18,Alagoas,Estrela de Alagoas,0.0,0,1,5.49,88,2,2.27,483.38,10.99,0.48,18205,109.86,-98.87,368.01,-32.96
2020-07-17,Alagoas,Estrela de Alagoas,104.37,19,0,0.0,88,1,1.14,483.38,5.49,0.48,18205,208.73,104.37,400.97,104.37
2020-07-16,Alagoas,Estrela de Alagoas,0.0,0,0,0.0,69,1,1.45,379.02,5.49,0.38,18205,104.36,-5.49,296.6,0.0
2020-07-15,Alagoas,Estrela de Alagoas,5.49,1,0,0.0,69,1,1.45,379.02,5.49,0.38,18205,109.85,-5.5,296.6,-10.99
2020-07-14,Alagoas,Estrela de Alagoas,0.0,0,0,0.0,68,1,1.47,373.52,5.49,0.37,18205,115.35,-21.97,307.59,0.0
2020-07-13,Alagoas,Estrela de Alagoas,0.0,0,0,0.0,68,1,1.47,373.52,5.49,0.37,18205,137.32,0.0,307.59,0.0
2020-07-12,Alagoas,Estrela de Alagoas,0.0,0,0,0.0,68,1,1.47,373.52,5.49,0.37,18205,137.32,-27.46,307.59,5.49
2020-07-11,Alagoas,Estrela de Alagoas,98.87,18,0,0.0,68,1,1.47,373.52,5.49,0.37,18205,164.78,87.88,302.1,93.38
2020-07-10,Alagoas,Estrela de Alagoas,0.0,0,1,5.49,50,1,2.0,274.65,5.49,0.27,18205,76.9,-38.45,208.72,-10.99
2020-07-09,Alagoas,Estrela de Alagoas,5.49,1,0,0.0,50,0,0.0,274.65,0.0,0.27,18205,115.35,5.49,219.71,5.49
2020-07-08,Alagoas,Estrela de Alagoas,10.99,2,0,0.0,49,0,0.0,269.16,0.0,0.27,18205,109.86,5.5,214.22,0.0
2020-07-07,Alagoas,Estrela de Alagoas,21.97,4,0,0.0,47,0,0.0,258.17,0.0,0.26,18205,104.36,16.48,214.22,21.97
2020-07-06,Alagoas,Estrela de Alagoas,0.0,0,0,0.0,43,0,0.0,236.2,0.0,0.24,18205,87.88,0.0,192.25,0.0
2020-07-05,Alagoas,Estrela de Alagoas,27.46,5,0,0.0,43,0,0.0,236.2,0.0,0.24,18205,87.88,27.46,192.25,27.46
2020-07-04,Alagoas,Estrela de Alagoas,10.99,2,0,0.0,38,0,0.0,208.73,0.0,0.21,18205,60.42,5.5,164.79,10.99
2020-07-03,Alagoas,Estrela de Alagoas,38.45,7,0,0.0,36,0,0.0,197.75,0.0,0.2,18205,54.92,16.48,153.8,38.45
2020-07-02,Alagoas,Estrela de Alagoas,0.0,0,0,0.0,29,0,0.0,159.3,0.0,0.16,18205,38.44,0.0,115.35,0.0
2020-07-01,Alagoas,Estrela de Alagoas,5.49,1,0,0.0,29,0,0.0,159.3,0.0,0.16,18205,38.44,-10.99,115.35,0.0
2020-06-30,Alagoas,Estrela de Alagoas,5.49,1,0,0.0,28,0,0.0,153.8,0.0,0.15,18205,49.43,16.48,115.35,-10.99
2020-06-29,Alagoas,Estrela de Alagoas,0.0,0,0,0.0,27,0,0.0,148.31,0.0,0.15,18205,32.95,0.0,126.34,0.0
2020-06-28,Alagoas,Estrela de Alagoas,0.0,0,0,0.0,27,0,0.0,148.31,0.0,0.15,18205,32.95,0.0,126.34,0.0
2020-06-27,Alagoas,Estrela de Alagoas,5.49,1,0,0.0,27,0,0.0,148.31,0.0,0.15,18205,32.95,-27.47,126.34,0.0
2020-06-26,Alagoas,Estrela de Alagoas,21.97,4,0,0.0,26,0,0.0,142.82,0.0,0.14,18205,60.42,21.97,126.34,21.97
2020-06-25,Alagoas,Estrela de Alagoas,0.0,0,0,0.0,22,0,0.0,120.85,0.0,0.12,18205,38.45,0.0,104.37,-5.49
2020-06-24,Alagoas,Estrela de Alagoas,16.48,3,0,0.0,22,0,0.0,120.85,0.0,0.12,18205,38.45,0.0,109.86,16.48
2020-06-23,Alagoas,Estrela de Alagoas,-10.99,-2,0,0.0,19,0,0.0,104.37,0.0,0.1,18205,38.45,-10.99,93.38,-16.48
2020-06-22,Alagoas,Estrela de Alagoas,0.0,0,0,0.0,21,0,0.0,115.35,0.0,0.12,18205,49.44,0.0,109.86,0.0
2020-06-21,Alagoas,Estrela de Alagoas,0.0,0,0,0.0,21,0,0.0,115.35,0.0,0.12,18205,49.44,5.49,109.86,0.0
2020-06-20,Alagoas,Estrela de Alagoas,32.96,6,0,0.0,21,0,0.0,115.35,0.0,0.12,18205,43.95,27.47,109.86,32.96
2020-06-19,Alagoas,Estrela de Alagoas,0.0,0,0,0.0,15,0,0.0,82.39,0.0,0.08,18205,16.48,-10.99,76.9,0.0
2020-06-18,Alagoas,Estrela de Alagoas,0.0,0,0,0.0,15,0,0.0,82.39,0.0,0.08,18205,27.47,0.0,76.9,0.0
2020-06-17,Alagoas,Estrela de Alagoas,16.48,3,0,0.0,15,0,0.0,82.39,0.0,0.08,18205,27.47,5.49,76.9,16.48
2020-06-16,Alagoas,Estrela de Alagoas,0.0,0,0,0.0,12,0,0.0,65.92,0.0,0.07,18205,21.98,0.0,60.42,0.0
2020-06-15,Alagoas,Estrela de Alagoas,0.0,0,0,0.0,12,0,0.0,65.92,0.0,0.07,18205,21.98,0.0,60.42,0.0
2020-06-14,Alagoas,Estrela de Alagoas,-5.49,-1,0,0.0,12,0,0.0,65.92,0.0,0.07,18205,21.98,-5.49,60.42,-5.49
2020-06-13,Alagoas,Estrela de Alagoas,5.49,1,0,0.0,13,0,0.0,71.41,0.0,0.07,18205,27.47,5.49,65.91,5.49
2020-06-12,Alagoas,Estrela de Alagoas,10.99,2,0,0.0,12,0,0.0,65.92,0.0,0.07,18205,21.98,10.99,60.42,10.99
2020-06-11,Alagoas,Estrela de Alagoas,0.0,0,0,0.0,10,0,0.0,54.93,0.0,0.05,18205,10.99,0.0,49.43,0.0
2020-06-10,Alagoas,Estrela de Alagoas,10.99,2,0,0.0,10,0,0.0,54.93,0.0,0.05,18205,10.99,5.5,49.43,10.99
2020-06-09,Alagoas,Estrela de Alagoas,0.0,0,0,0.0,8,0,0.0,43.94,0.0,0.04,18205,5.49,-16.48,38.44,0.0
2020-06-08,Alagoas,Estrela de Alagoas,0.0,0,0,0.0,8,0,0.0,43.94,0.0,0.04,18205,21.97,0.0,38.44,0.0
2020-06-07,Alagoas,Estrela de Alagoas,0.0,0,0,0.0,8,0,0.0,43.94,0.0,0.04,18205,21.97,0.0,38.44,0.0
2020-06-06,Alagoas,Estrela de Alagoas,0.0,0,0,0.0,8,0,0.0,43.94,0.0,0.04,18205,21.97,-5.49,38.44,0.0
2020-06-05,Alagoas,Estrela de Alagoas,0.0,0,0,0.0,8,0,0.0,43.94,0.0,0.04,18205,27.46,0.0,38.44,0.0
2020-06-04,Alagoas,Estrela de Alagoas,0.0,0,0,0.0,8,0,0.0,43.94,0.0,0.04,18205,27.46,-5.49,38.44,0.0
2020-06-03,Alagoas,Estrela de Alagoas,5.49,1,0,0.0,8,0,0.0,43.94,0.0,0.04,18205,32.95,5.49,38.44,5.49
2020-06-02,Alagoas,Estrela de Alagoas,16.48,3,0,0.0,7,0,0.0,38.45,0.0,0.04,18205,27.46,10.99,32.95,16.48
2020-06-01,Alagoas,Estrela de Alagoas,0.0,0,0,0.0,4,0,0.0,21.97,0.0,0.02,18205,16.47,0.0,16.47,0.0
2020-05-31,Alagoas,Estrela de Alagoas,0.0,0,0,0.0,4,0,0.0,21.97,0.0,0.02,18205,16.47,0.0,16.47,0.0
2020-05-30,Alagoas,Estrela de Alagoas,5.49,1,0,0.0,4,0,0.0,21.97,0.0,0.02,18205,16.47,5.49,16.47,5.49
2020-05-29,Alagoas,Estrela de Alagoas,0.0,0,0,0.0,3,0,0.0,16.48,0.0,0.02,18205,10.98,0.0,10.98,0.0
2020-05-28,Alagoas,Estrela de Alagoas,5.49,1,0,0.0,3,0,0.0,16.48,0.0,0.02,18205,10.98,5.49,10.98,5.49
2020-05-27,Alagoas,Estrela de Alagoas,0.0,0,0,0.0,2,0,0.0,10.99,0.0,0.01,18205,5.49,0.0,5.49,0.0
2020-05-26,Alagoas,Estrela de Alagoas,5.49,1,0,0.0,2,0,0.0,10.99,0.0,0.01,18205,5.49,5.49,5.49,5.49
2020-05-25,Alagoas,Estrela de Alagoas,0.0,0,0,0.0,1,0,0.0,5.49,0.0,0.01,18205,0.0,0.0,0.0,0.0
2020-05-24,Alagoas,Estrela de Alagoas,0.0,0,0,0.0,1,0,0.0,5.49,0.0,0.01,18205,0.0,0.0,0.0,0.0
2020-05-23,Alagoas,Estrela de Alagoas,0.0,0,0,0.0,1,0,0.0,5.49,0.0,0.01,18205,0.0,0.0,0.0,0.0
