date,state,city,1day_cases_100k,new_cases,new_deaths,new_deaths_100k,total_cases,total_deaths,cfr%,total_cases_100k,total_deaths_100k,%infected,population,7day_cases_100k,7day_cases_change,28day_cases_100k,28day_cases_change
2020-09-14,Alagoas,Monteirópolis,0.0,0,0,0.0,123,0,0.0,1718.12,0.0,1.72,7159,27.94,0.0,307.33,-41.91
2020-09-13,Alagoas,Monteirópolis,0.0,0,0,0.0,123,0,0.0,1718.12,0.0,1.72,7159,27.94,0.0,349.24,-153.65
2020-09-12,Alagoas,Monteirópolis,13.97,1,0,0.0,123,0,0.0,1718.12,0.0,1.72,7159,27.94,13.97,502.89,0.0
2020-09-11,Alagoas,Monteirópolis,0.0,0,0,0.0,122,0,0.0,1704.15,0.0,1.7,7159,13.97,0.0,502.89,-69.84
2020-09-10,Alagoas,Monteirópolis,0.0,0,0,0.0,122,0,0.0,1704.15,0.0,1.7,7159,13.97,0.0,572.73,-97.78
2020-09-09,Alagoas,Monteirópolis,0.0,0,0,0.0,122,0,0.0,1704.15,0.0,1.7,7159,13.97,0.0,670.51,-13.97
2020-09-08,Alagoas,Monteirópolis,13.97,1,0,0.0,122,0,0.0,1704.15,0.0,1.7,7159,13.97,13.97,684.48,-13.97
2020-09-07,Alagoas,Monteirópolis,0.0,0,0,0.0,121,0,0.0,1690.18,0.0,1.69,7159,0.0,-13.97,698.45,0.0
2020-09-06,Alagoas,Monteirópolis,0.0,0,0,0.0,121,0,0.0,1690.18,0.0,1.69,7159,13.97,0.0,698.45,0.0
2020-09-05,Alagoas,Monteirópolis,0.0,0,0,0.0,121,0,0.0,1690.18,0.0,1.69,7159,13.97,0.0,698.45,0.0
2020-09-04,Alagoas,Monteirópolis,0.0,0,0,0.0,121,0,0.0,1690.18,0.0,1.69,7159,13.97,-125.72,698.45,0.0
2020-09-03,Alagoas,Monteirópolis,0.0,0,0,0.0,121,0,0.0,1690.18,0.0,1.69,7159,139.69,0.0,698.45,0.0
2020-09-02,Alagoas,Monteirópolis,0.0,0,0,0.0,121,0,0.0,1690.18,0.0,1.69,7159,139.69,-27.94,698.45,0.0
2020-09-01,Alagoas,Monteirópolis,0.0,0,0,0.0,121,0,0.0,1690.18,0.0,1.69,7159,167.63,0.0,698.45,0.0
2020-08-31,Alagoas,Monteirópolis,13.97,1,0,0.0,121,0,0.0,1690.18,0.0,1.69,7159,167.63,0.0,698.45,13.97
2020-08-30,Alagoas,Monteirópolis,0.0,0,0,0.0,120,0,0.0,1676.21,0.0,1.68,7159,167.63,0.0,684.48,0.0
2020-08-29,Alagoas,Monteirópolis,0.0,0,0,0.0,120,0,0.0,1676.21,0.0,1.68,7159,167.63,-41.91,684.48,-13.97
2020-08-28,Alagoas,Monteirópolis,125.72,9,0,0.0,120,0,0.0,1676.21,0.0,1.68,7159,209.54,97.78,698.45,125.72
2020-08-27,Alagoas,Monteirópolis,0.0,0,0,0.0,111,0,0.0,1550.5,0.0,1.55,7159,111.76,-13.97,572.73,0.0
2020-08-26,Alagoas,Monteirópolis,27.94,2,0,0.0,111,0,0.0,1550.5,0.0,1.55,7159,125.73,27.94,572.73,27.94
2020-08-25,Alagoas,Monteirópolis,0.0,0,0,0.0,109,0,0.0,1522.56,0.0,1.52,7159,97.79,-13.97,544.79,-251.43
2020-08-24,Alagoas,Monteirópolis,13.97,1,0,0.0,109,0,0.0,1522.56,0.0,1.52,7159,111.76,-27.94,796.22,-13.97
2020-08-23,Alagoas,Monteirópolis,0.0,0,0,0.0,108,0,0.0,1508.59,0.0,1.51,7159,139.7,-153.65,810.19,0.0
2020-08-22,Alagoas,Monteirópolis,41.91,3,0,0.0,108,0,0.0,1508.59,0.0,1.51,7159,293.35,27.94,810.19,-41.9
2020-08-21,Alagoas,Monteirópolis,27.94,2,0,0.0,105,0,0.0,1466.69,0.0,1.47,7159,265.41,-41.9,852.09,27.94
2020-08-20,Alagoas,Monteirópolis,13.97,1,0,0.0,103,0,0.0,1438.75,0.0,1.44,7159,307.31,-83.81,824.15,13.97
2020-08-19,Alagoas,Monteirópolis,0.0,0,0,0.0,102,0,0.0,1424.78,0.0,1.42,7159,391.12,-13.97,810.18,0.0
2020-08-18,Alagoas,Monteirópolis,13.97,1,0,0.0,102,0,0.0,1424.78,0.0,1.42,7159,405.09,-13.97,810.18,-13.97
2020-08-17,Alagoas,Monteirópolis,41.91,3,0,0.0,101,0,0.0,1410.81,0.0,1.41,7159,419.06,41.91,824.15,41.91
2020-08-16,Alagoas,Monteirópolis,153.65,11,0,0.0,98,0,0.0,1368.91,0.0,1.37,7159,377.15,153.65,782.24,139.68
2020-08-15,Alagoas,Monteirópolis,13.97,1,0,0.0,87,0,0.0,1215.25,0.0,1.22,7159,223.5,13.97,642.56,13.97
2020-08-14,Alagoas,Monteirópolis,69.84,5,0,0.0,86,0,0.0,1201.29,0.0,1.2,7159,209.53,69.84,628.59,55.87
2020-08-13,Alagoas,Monteirópolis,97.78,7,0,0.0,81,0,0.0,1131.44,0.0,1.13,7159,139.69,97.78,572.72,83.81
2020-08-12,Alagoas,Monteirópolis,13.97,1,0,0.0,74,0,0.0,1033.66,0.0,1.03,7159,41.91,13.97,488.91,-13.97
2020-08-11,Alagoas,Monteirópolis,27.94,2,0,0.0,73,0,0.0,1019.7,0.0,1.02,7159,27.94,27.94,502.88,27.94
2020-08-10,Alagoas,Monteirópolis,0.0,0,0,0.0,71,0,0.0,991.76,0.0,0.99,7159,0.0,0.0,474.94,0.0
2020-08-09,Alagoas,Monteirópolis,0.0,0,0,0.0,71,0,0.0,991.76,0.0,0.99,7159,0.0,0.0,474.94,-83.81
2020-08-08,Alagoas,Monteirópolis,0.0,0,0,0.0,71,0,0.0,991.76,0.0,0.99,7159,0.0,-13.97,558.75,-13.97
2020-08-07,Alagoas,Monteirópolis,0.0,0,0,0.0,71,0,0.0,991.76,0.0,0.99,7159,13.97,0.0,572.72,0.0
2020-08-06,Alagoas,Monteirópolis,0.0,0,0,0.0,71,0,0.0,991.76,0.0,0.99,7159,13.97,0.0,572.72,0.0
2020-08-05,Alagoas,Monteirópolis,0.0,0,0,0.0,71,0,0.0,991.76,0.0,0.99,7159,13.97,0.0,572.72,0.0
2020-08-04,Alagoas,Monteirópolis,0.0,0,0,0.0,71,0,0.0,991.76,0.0,0.99,7159,13.97,-251.43,572.72,0.0
2020-08-03,Alagoas,Monteirópolis,0.0,0,0,0.0,71,0,0.0,991.76,0.0,0.99,7159,265.4,-27.94,572.72,0.0
2020-08-02,Alagoas,Monteirópolis,0.0,0,0,0.0,71,0,0.0,991.76,0.0,0.99,7159,293.34,0.0,572.72,0.0
2020-08-01,Alagoas,Monteirópolis,13.97,1,0,0.0,71,0,0.0,991.76,0.0,0.99,7159,293.34,-69.84,572.72,13.97
2020-07-31,Alagoas,Monteirópolis,0.0,0,0,0.0,70,0,0.0,977.79,0.0,0.98,7159,363.18,0.0,558.75,-27.94
2020-07-30,Alagoas,Monteirópolis,0.0,0,0,0.0,70,0,0.0,977.79,0.0,0.98,7159,363.18,0.0,586.69,0.0
2020-07-29,Alagoas,Monteirópolis,0.0,0,0,0.0,70,0,0.0,977.79,0.0,0.98,7159,363.18,0.0,586.69,0.0
2020-07-28,Alagoas,Monteirópolis,251.43,18,0,0.0,70,0,0.0,977.79,0.0,0.98,7159,363.18,223.49,586.69,251.43
2020-07-27,Alagoas,Monteirópolis,27.94,2,0,0.0,52,0,0.0,726.36,0.0,0.73,7159,139.69,27.94,335.26,13.97
2020-07-26,Alagoas,Monteirópolis,0.0,0,0,0.0,50,0,0.0,698.42,0.0,0.7,7159,111.75,-13.97,321.29,0.0
2020-07-25,Alagoas,Monteirópolis,83.81,6,0,0.0,50,0,0.0,698.42,0.0,0.7,7159,125.72,83.81,321.29,83.81
2020-07-24,Alagoas,Monteirópolis,0.0,0,0,0.0,44,0,0.0,614.61,0.0,0.61,7159,41.91,-13.97,237.48,-41.91
2020-07-23,Alagoas,Monteirópolis,0.0,0,0,0.0,44,0,0.0,614.61,0.0,0.61,7159,55.88,-13.97,279.39,0.0
2020-07-22,Alagoas,Monteirópolis,0.0,0,0,0.0,44,0,0.0,614.61,0.0,0.61,7159,69.85,-27.94,279.39,-13.97
2020-07-21,Alagoas,Monteirópolis,27.94,2,0,0.0,44,0,0.0,614.61,0.0,0.61,7159,97.79,27.94,293.36,27.94
2020-07-20,Alagoas,Monteirópolis,0.0,0,0,0.0,42,0,0.0,586.67,0.0,0.59,7159,69.85,0.0,265.42,0.0
2020-07-19,Alagoas,Monteirópolis,13.97,1,0,0.0,42,0,0.0,586.67,0.0,0.59,7159,69.85,-69.84,265.42,13.97
2020-07-18,Alagoas,Monteirópolis,0.0,0,0,0.0,41,0,0.0,572.71,0.0,0.57,7159,139.69,-13.97,251.45,0.0
2020-07-17,Alagoas,Monteirópolis,13.97,1,0,0.0,41,0,0.0,572.71,0.0,0.57,7159,153.66,13.97,251.45,-27.94
2020-07-16,Alagoas,Monteirópolis,13.97,1,0,0.0,40,0,0.0,558.74,0.0,0.56,7159,139.69,13.97,279.39,13.97
2020-07-15,Alagoas,Monteirópolis,27.94,2,0,0.0,39,0,0.0,544.77,0.0,0.54,7159,125.72,27.94,265.42,13.97
2020-07-14,Alagoas,Monteirópolis,0.0,0,0,0.0,37,0,0.0,516.83,0.0,0.52,7159,97.78,0.0,251.45,0.0
2020-07-13,Alagoas,Monteirópolis,0.0,0,0,0.0,37,0,0.0,516.83,0.0,0.52,7159,97.78,0.0,251.45,0.0
2020-07-12,Alagoas,Monteirópolis,83.81,6,0,0.0,37,0,0.0,516.83,0.0,0.52,7159,97.78,83.81,251.45,83.81
2020-07-11,Alagoas,Monteirópolis,13.97,1,0,0.0,31,0,0.0,433.02,0.0,0.43,7159,13.97,13.97,167.64,13.97
2020-07-10,Alagoas,Monteirópolis,0.0,0,0,0.0,30,0,0.0,419.05,0.0,0.42,7159,-0.0,-27.94,153.67,0.0
2020-07-09,Alagoas,Monteirópolis,0.0,0,0,0.0,30,0,0.0,419.05,0.0,0.42,7159,27.94,0.0,153.67,-13.97
2020-07-08,Alagoas,Monteirópolis,0.0,0,0,0.0,30,0,0.0,419.05,0.0,0.42,7159,27.94,0.0,167.64,-27.94
2020-07-07,Alagoas,Monteirópolis,0.0,0,0,0.0,30,0,0.0,419.05,0.0,0.42,7159,27.94,0.0,195.58,-41.91
2020-07-06,Alagoas,Monteirópolis,0.0,0,0,0.0,30,0,0.0,419.05,0.0,0.42,7159,27.94,-13.97,237.49,-13.97
2020-07-05,Alagoas,Monteirópolis,0.0,0,0,0.0,30,0,0.0,419.05,0.0,0.42,7159,41.91,0.0,251.46,0.0
2020-07-04,Alagoas,Monteirópolis,0.0,0,0,0.0,30,0,0.0,419.05,0.0,0.42,7159,41.91,0.0,251.46,0.0
2020-07-03,Alagoas,Monteirópolis,27.94,2,0,0.0,30,0,0.0,419.05,0.0,0.42,7159,41.91,-13.97,251.46,27.94
2020-07-02,Alagoas,Monteirópolis,0.0,0,0,0.0,28,0,0.0,391.12,0.0,0.39,7159,55.88,0.0,223.52,0.0
2020-07-01,Alagoas,Monteirópolis,0.0,0,0,0.0,28,0,0.0,391.12,0.0,0.39,7159,55.88,-13.97,223.52,0.0
2020-06-30,Alagoas,Monteirópolis,0.0,0,0,0.0,28,0,0.0,391.12,0.0,0.39,7159,69.85,0.0,223.52,-69.84
2020-06-29,Alagoas,Monteirópolis,13.97,1,0,0.0,28,0,0.0,391.12,0.0,0.39,7159,69.85,13.97,293.36,13.97
2020-06-28,Alagoas,Monteirópolis,0.0,0,0,0.0,27,0,0.0,377.15,0.0,0.38,7159,55.88,0.0,279.39,0.0
2020-06-27,Alagoas,Monteirópolis,0.0,0,0,0.0,27,0,0.0,377.15,0.0,0.38,7159,55.88,0.0,279.39,0.0
2020-06-26,Alagoas,Monteirópolis,41.91,3,0,0.0,27,0,0.0,377.15,0.0,0.38,7159,55.88,0.0,279.39,41.91
2020-06-25,Alagoas,Monteirópolis,0.0,0,0,0.0,24,0,0.0,335.24,0.0,0.34,7159,55.88,0.0,237.48,0.0
2020-06-24,Alagoas,Monteirópolis,13.97,1,0,0.0,24,0,0.0,335.24,0.0,0.34,7159,55.88,0.0,237.48,13.97
2020-06-23,Alagoas,Monteirópolis,0.0,0,0,0.0,23,0,0.0,321.27,0.0,0.32,7159,55.88,0.0,223.51,0.0
2020-06-22,Alagoas,Monteirópolis,0.0,0,0,0.0,23,0,0.0,321.27,0.0,0.32,7159,55.88,0.0,223.51,-41.91
2020-06-21,Alagoas,Monteirópolis,0.0,0,0,0.0,23,0,0.0,321.27,0.0,0.32,7159,55.88,0.0,265.42,0.0
2020-06-20,Alagoas,Monteirópolis,0.0,0,0,0.0,23,0,0.0,321.27,0.0,0.32,7159,55.88,0.0,265.42,0.0
2020-06-19,Alagoas,Monteirópolis,41.91,3,0,0.0,23,0,0.0,321.27,0.0,0.32,7159,55.88,41.91,265.42,41.91
2020-06-18,Alagoas,Monteirópolis,0.0,0,0,0.0,20,0,0.0,279.37,0.0,0.28,7159,13.97,-13.97,223.51,0.0
2020-06-17,Alagoas,Monteirópolis,13.97,1,0,0.0,20,0,0.0,279.37,0.0,0.28,7159,27.94,-13.97,223.51,13.97
2020-06-16,Alagoas,Monteirópolis,0.0,0,0,0.0,19,0,0.0,265.4,0.0,0.27,7159,41.91,-41.91,209.54,0.0
2020-06-15,Alagoas,Monteirópolis,0.0,0,0,0.0,19,0,0.0,265.4,0.0,0.27,7159,83.82,-13.97,209.54,0.0
2020-06-14,Alagoas,Monteirópolis,0.0,0,0,0.0,19,0,0.0,265.4,0.0,0.27,7159,97.79,0.0,209.54,0.0
2020-06-13,Alagoas,Monteirópolis,0.0,0,0,0.0,19,0,0.0,265.4,0.0,0.27,7159,97.79,0.0,209.54,-41.91
2020-06-12,Alagoas,Monteirópolis,0.0,0,0,0.0,19,0,0.0,265.4,0.0,0.27,7159,97.79,0.0,251.45,0.0
2020-06-11,Alagoas,Monteirópolis,13.97,1,0,0.0,19,0,0.0,265.4,0.0,0.27,7159,97.79,13.97,251.45,13.97
2020-06-10,Alagoas,Monteirópolis,27.94,2,0,0.0,18,0,0.0,251.43,0.0,0.25,7159,83.82,27.94,237.48,27.94
2020-06-09,Alagoas,Monteirópolis,41.91,3,0,0.0,16,0,0.0,223.49,0.0,0.22,7159,55.88,-27.93,209.54,41.91
2020-06-08,Alagoas,Monteirópolis,13.97,1,0,0.0,13,0,0.0,181.59,0.0,0.18,7159,83.81,13.97,167.63,13.97
2020-06-07,Alagoas,Monteirópolis,0.0,0,0,0.0,12,0,0.0,167.62,0.0,0.17,7159,69.84,0.0,153.66,0.0
2020-06-06,Alagoas,Monteirópolis,0.0,0,0,0.0,12,0,0.0,167.62,0.0,0.17,7159,69.84,0.0,153.66,0.0
2020-06-05,Alagoas,Monteirópolis,0.0,0,0,0.0,12,0,0.0,167.62,0.0,0.17,7159,69.84,0.0,153.66,0.0
2020-06-04,Alagoas,Monteirópolis,0.0,0,0,0.0,12,0,0.0,167.62,0.0,0.17,7159,69.84,0.0,153.66,0.0
2020-06-03,Alagoas,Monteirópolis,0.0,0,0,0.0,12,0,0.0,167.62,0.0,0.17,7159,69.84,0.0,153.66,0.0
2020-06-02,Alagoas,Monteirópolis,69.84,5,0,0.0,12,0,0.0,167.62,0.0,0.17,7159,69.84,69.84,153.66,69.84
2020-06-01,Alagoas,Monteirópolis,0.0,0,0,0.0,7,0,0.0,97.78,0.0,0.1,7159,0.0,-41.91,83.82,0.0
2020-05-31,Alagoas,Monteirópolis,0.0,0,0,0.0,7,0,0.0,97.78,0.0,0.1,7159,41.91,0.0,83.82,0.0
2020-05-30,Alagoas,Monteirópolis,0.0,0,0,0.0,7,0,0.0,97.78,0.0,0.1,7159,41.91,0.0,83.82,0.0
2020-05-29,Alagoas,Monteirópolis,0.0,0,0,0.0,7,0,0.0,97.78,0.0,0.1,7159,41.91,0.0,83.82,0.0
2020-05-28,Alagoas,Monteirópolis,0.0,0,0,0.0,7,0,0.0,97.78,0.0,0.1,7159,41.91,0.0,83.82,0.0
2020-05-27,Alagoas,Monteirópolis,0.0,0,0,0.0,7,0,0.0,97.78,0.0,0.1,7159,41.91,0.0,83.82,0.0
2020-05-26,Alagoas,Monteirópolis,0.0,0,0,0.0,7,0,0.0,97.78,0.0,0.1,7159,41.91,0.0,83.82,0.0
2020-05-25,Alagoas,Monteirópolis,41.91,3,0,0.0,7,0,0.0,97.78,0.0,0.1,7159,41.91,41.91,83.82,41.91
2020-05-24,Alagoas,Monteirópolis,0.0,0,0,0.0,4,0,0.0,55.87,0.0,0.06,7159,0.0,0.0,41.91,0.0
2020-05-23,Alagoas,Monteirópolis,0.0,0,0,0.0,4,0,0.0,55.87,0.0,0.06,7159,0.0,-41.91,41.91,0.0
2020-05-22,Alagoas,Monteirópolis,0.0,0,0,0.0,4,0,0.0,55.87,0.0,0.06,7159,41.91,0.0,41.91,0.0
2020-05-21,Alagoas,Monteirópolis,0.0,0,0,0.0,4,0,0.0,55.87,0.0,0.06,7159,41.91,0.0,41.91,0.0
2020-05-20,Alagoas,Monteirópolis,0.0,0,0,0.0,4,0,0.0,55.87,0.0,0.06,7159,41.91,0.0,41.91,0.0
2020-05-19,Alagoas,Monteirópolis,0.0,0,0,0.0,4,0,0.0,55.87,0.0,0.06,7159,41.91,0.0,41.91,0.0
2020-05-18,Alagoas,Monteirópolis,0.0,0,0,0.0,4,0,0.0,55.87,0.0,0.06,7159,41.91,0.0,41.91,0.0
2020-05-17,Alagoas,Monteirópolis,0.0,0,0,0.0,4,0,0.0,55.87,0.0,0.06,7159,41.91,0.0,41.91,0.0
2020-05-16,Alagoas,Monteirópolis,41.91,3,0,0.0,4,0,0.0,55.87,0.0,0.06,7159,41.91,41.91,41.91,41.91
2020-05-15,Alagoas,Monteirópolis,0.0,0,0,0.0,1,0,0.0,13.97,0.0,0.01,7159,0.0,0.0,0.0,0.0
2020-05-14,Alagoas,Monteirópolis,0.0,0,0,0.0,1,0,0.0,13.97,0.0,0.01,7159,0.0,0.0,0.0,0.0
