date,state,city,1day_cases_100k,new_cases,new_deaths,new_deaths_100k,total_cases,total_deaths,cfr%,total_cases_100k,total_deaths_100k,%infected,population,7day_cases_100k,7day_cases_change,28day_cases_100k,28day_cases_change
2020-09-04,Alagoas,Piaçabuçu,0.0,0,0,0.0,334,11,3.29,1873.56,61.7,1.87,17827,22.44,-22.44,134.64,-5.61
2020-09-03,Alagoas,Piaçabuçu,5.61,1,0,0.0,334,11,3.29,1873.56,61.7,1.87,17827,44.88,0.0,140.25,-5.61
2020-09-02,Alagoas,Piaçabuçu,0.0,0,0,0.0,333,11,3.3,1867.95,61.7,1.87,17827,44.88,-5.61,145.86,-5.61
2020-09-01,Alagoas,Piaçabuçu,0.0,0,0,0.0,333,11,3.3,1867.95,61.7,1.87,17827,50.49,0.0,151.47,-5.61
2020-08-31,Alagoas,Piaçabuçu,11.22,2,1,5.61,333,11,3.3,1867.95,61.7,1.87,17827,50.49,-11.22,157.08,-11.22
2020-08-30,Alagoas,Piaçabuçu,5.61,1,0,0.0,331,10,3.02,1856.73,56.09,1.86,17827,61.71,5.61,168.3,-28.05
2020-08-29,Alagoas,Piaçabuçu,0.0,0,0,0.0,330,10,3.03,1851.12,56.09,1.85,17827,56.1,0.0,196.35,-5.61
2020-08-28,Alagoas,Piaçabuçu,22.44,4,0,0.0,330,10,3.03,1851.12,56.09,1.85,17827,56.1,22.44,201.96,16.83
2020-08-27,Alagoas,Piaçabuçu,5.61,1,0,0.0,326,10,3.07,1828.69,56.09,1.83,17827,33.66,5.61,185.13,11.22
2020-08-26,Alagoas,Piaçabuçu,5.61,1,0,0.0,325,10,3.08,1823.08,56.09,1.82,17827,28.05,0.0,173.91,-28.05
2020-08-25,Alagoas,Piaçabuçu,0.0,0,0,0.0,324,10,3.09,1817.47,56.09,1.82,17827,28.05,0.0,201.96,0.0
2020-08-24,Alagoas,Piaçabuçu,22.44,4,0,0.0,324,10,3.09,1817.47,56.09,1.82,17827,28.05,22.44,201.96,-207.55
2020-08-23,Alagoas,Piaçabuçu,0.0,0,0,0.0,320,10,3.12,1795.03,56.09,1.8,17827,5.61,0.0,409.51,0.0
2020-08-22,Alagoas,Piaçabuçu,0.0,0,0,0.0,320,10,3.12,1795.03,56.09,1.8,17827,5.61,0.0,409.51,0.0
2020-08-21,Alagoas,Piaçabuçu,0.0,0,0,0.0,320,10,3.12,1795.03,56.09,1.8,17827,5.61,0.0,409.51,-16.83
2020-08-20,Alagoas,Piaçabuçu,0.0,0,0,0.0,320,10,3.12,1795.03,56.09,1.8,17827,5.61,-11.22,426.34,0.0
2020-08-19,Alagoas,Piaçabuçu,5.61,1,1,5.61,320,10,3.12,1795.03,56.09,1.8,17827,16.83,5.61,426.34,5.61
2020-08-18,Alagoas,Piaçabuçu,0.0,0,0,0.0,319,9,2.82,1789.42,50.49,1.79,17827,11.22,-39.27,420.73,5.61
2020-08-17,Alagoas,Piaçabuçu,0.0,0,0,0.0,319,9,2.82,1789.42,50.49,1.79,17827,50.49,0.0,415.12,-5.61
2020-08-16,Alagoas,Piaçabuçu,0.0,0,0,0.0,319,9,2.82,1789.42,50.49,1.79,17827,50.49,0.0,420.73,-33.66
2020-08-15,Alagoas,Piaçabuçu,0.0,0,0,0.0,319,9,2.82,1789.42,50.49,1.79,17827,50.49,0.0,454.39,0.0
2020-08-14,Alagoas,Piaçabuçu,0.0,0,0,0.0,319,9,2.82,1789.42,50.49,1.79,17827,50.49,-5.61,454.39,-5.61
2020-08-13,Alagoas,Piaçabuçu,11.22,2,0,0.0,319,9,2.82,1789.42,50.49,1.79,17827,56.1,0.0,460.0,11.22
2020-08-12,Alagoas,Piaçabuçu,0.0,0,0,0.0,317,9,2.84,1778.2,50.49,1.78,17827,56.1,-5.61,448.78,-84.14
2020-08-11,Alagoas,Piaçabuçu,39.27,7,0,0.0,317,9,2.84,1778.2,50.49,1.78,17827,61.71,33.66,532.92,39.27
2020-08-10,Alagoas,Piaçabuçu,0.0,0,0,0.0,310,9,2.9,1738.94,50.49,1.74,17827,28.05,-22.44,493.65,-11.22
2020-08-09,Alagoas,Piaçabuçu,0.0,0,0,0.0,310,9,2.9,1738.94,50.49,1.74,17827,50.49,-33.66,504.87,0.0
2020-08-08,Alagoas,Piaçabuçu,0.0,0,0,0.0,310,9,2.9,1738.94,50.49,1.74,17827,84.15,-5.61,504.87,0.0
2020-08-07,Alagoas,Piaçabuçu,5.61,1,0,0.0,310,9,2.9,1738.94,50.49,1.74,17827,89.76,0.0,504.87,-78.53
2020-08-06,Alagoas,Piaçabuçu,11.22,2,0,0.0,309,9,2.91,1733.33,50.49,1.73,17827,89.76,16.83,583.4,16.83
2020-08-05,Alagoas,Piaçabuçu,5.61,1,0,0.0,307,9,2.93,1722.11,50.49,1.72,17827,72.93,-28.05,566.57,-11.22
2020-08-04,Alagoas,Piaçabuçu,5.61,1,0,0.0,306,9,2.94,1716.5,50.49,1.72,17827,100.98,5.61,577.79,5.61
2020-08-03,Alagoas,Piaçabuçu,22.44,4,0,0.0,305,9,2.95,1710.89,50.49,1.71,17827,95.37,-207.55,572.18,22.44
2020-08-02,Alagoas,Piaçabuçu,33.66,6,0,0.0,301,9,2.99,1688.45,50.49,1.69,17827,302.92,33.66,549.74,33.66
2020-08-01,Alagoas,Piaçabuçu,5.61,1,0,0.0,295,9,3.05,1654.79,50.49,1.65,17827,269.26,5.61,516.08,-11.22
2020-07-31,Alagoas,Piaçabuçu,5.61,1,0,0.0,294,9,3.06,1649.18,50.49,1.65,17827,263.65,-11.22,527.3,0.0
2020-07-30,Alagoas,Piaçabuçu,-5.61,-1,0,0.0,293,9,3.07,1643.57,50.49,1.64,17827,274.87,-5.61,527.3,-16.83
2020-07-29,Alagoas,Piaçabuçu,33.66,6,0,0.0,294,9,3.06,1649.18,50.49,1.65,17827,280.48,33.66,544.13,22.44
2020-07-28,Alagoas,Piaçabuçu,0.0,0,1,5.61,288,9,3.12,1615.53,50.49,1.62,17827,246.82,5.61,521.69,-5.61
2020-07-27,Alagoas,Piaçabuçu,229.99,41,0,0.0,288,8,2.78,1615.53,44.88,1.62,17827,241.21,224.38,527.3,229.99
2020-07-26,Alagoas,Piaçabuçu,0.0,0,0,0.0,247,8,3.24,1385.54,44.88,1.39,17827,16.83,-33.66,297.31,0.0
2020-07-25,Alagoas,Piaçabuçu,0.0,0,0,0.0,247,8,3.24,1385.54,44.88,1.39,17827,50.49,0.0,297.31,0.0
2020-07-24,Alagoas,Piaçabuçu,16.83,3,0,0.0,247,8,3.24,1385.54,44.88,1.39,17827,50.49,11.22,297.31,16.83
2020-07-23,Alagoas,Piaçabuçu,0.0,0,0,0.0,244,8,3.28,1368.71,44.88,1.37,17827,39.27,0.0,280.48,-269.25
2020-07-22,Alagoas,Piaçabuçu,0.0,0,0,0.0,244,8,3.28,1368.71,44.88,1.37,17827,39.27,-84.14,549.73,5.61
2020-07-21,Alagoas,Piaçabuçu,-5.61,-1,0,0.0,244,8,3.28,1368.71,44.88,1.37,17827,123.41,-5.61,544.12,-5.61
2020-07-20,Alagoas,Piaçabuçu,5.61,1,0,0.0,245,8,3.27,1374.32,44.88,1.37,17827,129.02,-5.61,549.73,5.61
2020-07-19,Alagoas,Piaçabuçu,33.66,6,1,5.61,244,8,3.28,1368.71,44.88,1.37,17827,134.63,33.66,544.12,33.66
2020-07-18,Alagoas,Piaçabuçu,0.0,0,0,0.0,238,7,2.94,1335.05,39.27,1.34,17827,100.97,0.0,510.46,-11.22
2020-07-17,Alagoas,Piaçabuçu,5.61,1,1,5.61,238,7,2.94,1335.05,39.27,1.34,17827,100.97,-78.53,521.68,-5.61
2020-07-16,Alagoas,Piaçabuçu,0.0,0,0,0.0,237,6,2.53,1329.44,33.66,1.33,17827,179.5,5.61,527.29,-224.38
2020-07-15,Alagoas,Piaçabuçu,84.14,15,0,0.0,237,6,2.53,1329.44,33.66,1.33,17827,173.89,67.31,751.67,84.14
2020-07-14,Alagoas,Piaçabuçu,0.0,0,0,0.0,222,6,2.7,1245.3,33.66,1.25,17827,106.58,0.0,667.53,0.0
2020-07-13,Alagoas,Piaçabuçu,11.22,2,0,0.0,222,6,2.7,1245.3,33.66,1.25,17827,106.58,11.22,667.53,16.83
2020-07-12,Alagoas,Piaçabuçu,0.0,0,0,0.0,220,6,2.73,1234.08,33.66,1.23,17827,95.36,0.0,650.7,-5.61
2020-07-11,Alagoas,Piaçabuçu,0.0,0,1,5.61,220,6,2.73,1234.08,33.66,1.23,17827,95.36,-16.83,656.31,0.0
2020-07-10,Alagoas,Piaçabuçu,84.14,15,0,0.0,220,5,2.27,1234.08,28.05,1.23,17827,112.19,78.53,656.31,78.53
2020-07-09,Alagoas,Piaçabuçu,-5.61,-1,0,0.0,205,5,2.44,1149.94,28.05,1.15,17827,33.66,-16.83,577.78,-16.83
2020-07-08,Alagoas,Piaçabuçu,16.83,3,0,0.0,206,5,2.43,1155.55,28.05,1.16,17827,50.49,5.61,594.61,-11.22
2020-07-07,Alagoas,Piaçabuçu,0.0,0,0,0.0,203,5,2.46,1138.72,28.05,1.14,17827,44.88,-5.61,605.83,-5.61
2020-07-06,Alagoas,Piaçabuçu,0.0,0,0,0.0,203,5,2.46,1138.72,28.05,1.14,17827,50.49,0.0,611.44,-162.67
2020-07-05,Alagoas,Piaçabuçu,0.0,0,0,0.0,203,5,2.46,1138.72,28.05,1.14,17827,50.49,0.0,774.11,-145.85
2020-07-04,Alagoas,Piaçabuçu,16.83,3,0,0.0,203,5,2.46,1138.72,28.05,1.14,17827,50.49,16.83,919.96,0.0
2020-07-03,Alagoas,Piaçabuçu,5.61,1,0,0.0,200,5,2.5,1121.89,28.05,1.12,17827,33.66,5.61,919.96,-11.22
2020-07-02,Alagoas,Piaçabuçu,11.22,2,0,0.0,199,5,2.51,1116.28,28.05,1.12,17827,28.05,-258.03,931.18,5.61
2020-07-01,Alagoas,Piaçabuçu,11.22,2,1,5.61,197,5,2.54,1105.07,28.05,1.11,17827,286.08,16.83,925.57,0.0
2020-06-30,Alagoas,Piaçabuçu,5.61,1,0,0.0,195,4,2.05,1093.85,22.44,1.09,17827,269.25,5.61,925.57,-16.83
2020-06-29,Alagoas,Piaçabuçu,0.0,0,0,0.0,194,4,2.06,1088.24,22.44,1.09,17827,263.64,0.0,942.4,-11.22
2020-06-28,Alagoas,Piaçabuçu,0.0,0,0,0.0,194,4,2.06,1088.24,22.44,1.09,17827,263.64,0.0,953.62,-5.61
2020-06-27,Alagoas,Piaçabuçu,0.0,0,0,0.0,194,4,2.06,1088.24,22.44,1.09,17827,263.64,-11.22,959.23,0.0
2020-06-26,Alagoas,Piaçabuçu,0.0,0,0,0.0,194,4,2.06,1088.24,22.44,1.09,17827,274.86,-11.22,959.23,0.0
2020-06-25,Alagoas,Piaçabuçu,269.25,48,0,0.0,194,4,2.06,1088.24,22.44,1.09,17827,286.08,44.87,959.23,269.25
2020-06-24,Alagoas,Piaçabuçu,-5.61,-1,0,0.0,146,4,2.74,818.98,22.44,0.82,17827,241.21,-5.61,689.98,-11.22
2020-06-23,Alagoas,Piaçabuçu,0.0,0,0,0.0,147,4,2.72,824.59,22.44,0.82,17827,246.82,0.0,701.2,-39.27
2020-06-22,Alagoas,Piaçabuçu,0.0,0,0,0.0,147,4,2.72,824.59,22.44,0.82,17827,246.82,5.61,740.47,-11.22
2020-06-21,Alagoas,Piaçabuçu,0.0,0,0,0.0,147,4,2.72,824.59,22.44,0.82,17827,241.21,-5.61,751.69,-5.61
2020-06-20,Alagoas,Piaçabuçu,11.22,2,0,0.0,147,4,2.72,824.59,22.44,0.82,17827,246.82,11.22,757.3,11.22
2020-06-19,Alagoas,Piaçabuçu,11.22,2,0,0.0,145,4,2.76,813.37,22.44,0.81,17827,235.6,5.61,746.08,0.0
2020-06-18,Alagoas,Piaçabuçu,224.38,40,0,0.0,143,4,2.8,802.15,22.44,0.8,17827,229.99,213.16,746.08,218.77
2020-06-17,Alagoas,Piaçabuçu,0.0,0,0,0.0,103,4,3.88,577.78,22.44,0.58,17827,16.83,-28.05,527.31,-11.22
2020-06-16,Alagoas,Piaçabuçu,0.0,0,0,0.0,103,4,3.88,577.78,22.44,0.58,17827,44.88,-5.61,538.53,0.0
2020-06-15,Alagoas,Piaçabuçu,-5.61,-1,0,0.0,103,4,3.88,577.78,22.44,0.58,17827,50.49,-168.28,538.53,-5.61
2020-06-14,Alagoas,Piaçabuçu,5.61,1,0,0.0,104,4,3.85,583.38,22.44,0.58,17827,218.77,-140.24,544.14,5.61
2020-06-13,Alagoas,Piaçabuçu,0.0,0,0,0.0,103,4,3.88,577.78,22.44,0.58,17827,359.01,-16.83,538.53,0.0
2020-06-12,Alagoas,Piaçabuçu,5.61,1,0,0.0,103,4,3.88,577.78,22.44,0.58,17827,375.84,-11.22,538.53,5.61
2020-06-11,Alagoas,Piaçabuçu,11.22,2,0,0.0,102,4,3.92,572.17,22.44,0.57,17827,387.06,5.61,532.92,11.22
2020-06-10,Alagoas,Piaçabuçu,28.05,5,0,0.0,100,4,4.0,560.95,22.44,0.56,17827,381.45,16.83,521.7,28.05
2020-06-09,Alagoas,Piaçabuçu,5.61,1,0,0.0,95,4,4.21,532.9,22.44,0.53,17827,364.62,-16.83,493.65,5.61
2020-06-08,Alagoas,Piaçabuçu,162.67,29,0,0.0,94,4,4.26,527.29,22.44,0.53,17827,381.45,151.45,488.04,162.67
2020-06-07,Alagoas,Piaçabuçu,145.85,26,0,0.0,65,4,6.15,364.62,22.44,0.36,17827,230.0,140.24,325.37,145.85
2020-06-06,Alagoas,Piaçabuçu,16.83,3,0,0.0,39,4,10.26,218.77,22.44,0.22,17827,89.76,16.83,179.52,5.61
2020-06-05,Alagoas,Piaçabuçu,16.83,3,0,0.0,36,4,11.11,201.94,22.44,0.2,17827,72.93,16.83,173.91,16.83
2020-06-04,Alagoas,Piaçabuçu,5.61,1,0,0.0,33,4,12.12,185.11,22.44,0.19,17827,56.1,5.61,157.08,0.0
2020-06-03,Alagoas,Piaçabuçu,11.22,2,0,0.0,32,4,12.5,179.5,22.44,0.18,17827,50.49,5.61,157.08,11.22
2020-06-02,Alagoas,Piaçabuçu,22.44,4,0,0.0,30,4,13.33,168.28,22.44,0.17,17827,44.88,-16.83,145.86,22.44
2020-06-01,Alagoas,Piaçabuçu,11.22,2,0,0.0,26,4,15.38,145.85,22.44,0.15,17827,61.71,0.0,123.42,11.22
2020-05-31,Alagoas,Piaçabuçu,5.61,1,0,0.0,24,4,16.67,134.63,22.44,0.13,17827,61.71,0.0,112.2,5.61
2020-05-30,Alagoas,Piaçabuçu,0.0,0,0,0.0,23,4,17.39,129.02,22.44,0.13,17827,61.71,0.0,106.59,-11.22
2020-05-29,Alagoas,Piaçabuçu,0.0,0,0,0.0,23,4,17.39,129.02,22.44,0.13,17827,61.71,-11.22,117.81,0.0
2020-05-28,Alagoas,Piaçabuçu,0.0,0,1,5.61,23,4,17.39,129.02,22.44,0.13,17827,72.93,-5.61,117.81,0.0
2020-05-27,Alagoas,Piaçabuçu,5.61,1,0,0.0,23,3,13.04,129.02,16.83,0.13,17827,78.54,-5.61,117.81,5.61
2020-05-26,Alagoas,Piaçabuçu,39.27,7,0,0.0,22,3,13.64,123.41,16.83,0.12,17827,84.15,39.27,112.2,39.27
2020-05-25,Alagoas,Piaçabuçu,11.22,2,0,0.0,15,3,20.0,84.14,16.83,0.08,17827,44.88,11.22,72.93,11.22
2020-05-24,Alagoas,Piaçabuçu,5.61,1,0,0.0,13,3,23.08,72.92,16.83,0.07,17827,33.66,5.61,61.71,5.61
2020-05-23,Alagoas,Piaçabuçu,0.0,0,1,5.61,12,3,25.0,67.31,16.83,0.07,17827,28.05,0.0,56.1,0.0
2020-05-22,Alagoas,Piaçabuçu,11.22,2,0,0.0,12,2,16.67,67.31,11.22,0.07,17827,28.05,11.22,56.1,11.22
2020-05-21,Alagoas,Piaçabuçu,5.61,1,1,5.61,10,2,20.0,56.09,11.22,0.06,17827,16.83,5.61,44.88,5.61
2020-05-20,Alagoas,Piaçabuçu,11.22,2,0,0.0,9,1,11.11,50.49,5.61,0.05,17827,11.22,11.22,39.27,11.22
2020-05-19,Alagoas,Piaçabuçu,0.0,0,0,0.0,7,1,14.29,39.27,5.61,0.04,17827,0.0,0.0,28.05,0.0
2020-05-18,Alagoas,Piaçabuçu,0.0,0,0,0.0,7,1,14.29,39.27,5.61,0.04,17827,0.0,0.0,28.05,0.0
2020-05-17,Alagoas,Piaçabuçu,0.0,0,0,0.0,7,1,14.29,39.27,5.61,0.04,17827,0.0,0.0,28.05,0.0
2020-05-16,Alagoas,Piaçabuçu,0.0,0,0,0.0,7,1,14.29,39.27,5.61,0.04,17827,0.0,-11.22,28.05,0.0
2020-05-15,Alagoas,Piaçabuçu,0.0,0,0,0.0,7,1,14.29,39.27,5.61,0.04,17827,11.22,0.0,28.05,0.0
2020-05-14,Alagoas,Piaçabuçu,0.0,0,0,0.0,7,1,14.29,39.27,5.61,0.04,17827,11.22,-5.61,28.05,0.0
2020-05-13,Alagoas,Piaçabuçu,0.0,0,0,0.0,7,1,14.29,39.27,5.61,0.04,17827,16.83,0.0,28.05,0.0
2020-05-12,Alagoas,Piaçabuçu,0.0,0,0,0.0,7,1,14.29,39.27,5.61,0.04,17827,16.83,0.0,28.05,0.0
2020-05-11,Alagoas,Piaçabuçu,0.0,0,0,0.0,7,1,14.29,39.27,5.61,0.04,17827,16.83,0.0,28.05,0.0
2020-05-10,Alagoas,Piaçabuçu,0.0,0,0,0.0,7,1,14.29,39.27,5.61,0.04,17827,16.83,0.0,28.05,0.0
2020-05-09,Alagoas,Piaçabuçu,11.22,2,0,0.0,7,1,14.29,39.27,5.61,0.04,17827,16.83,0.0,28.05,11.22
2020-05-08,Alagoas,Piaçabuçu,0.0,0,0,0.0,5,1,20.0,28.05,5.61,0.03,17827,16.83,0.0,16.83,0.0
2020-05-07,Alagoas,Piaçabuçu,5.61,1,1,5.61,5,1,20.0,28.05,5.61,0.03,17827,16.83,5.61,16.83,5.61
2020-05-06,Alagoas,Piaçabuçu,0.0,0,0,0.0,4,0,0.0,22.44,0.0,0.02,17827,11.22,0.0,11.22,0.0
2020-05-05,Alagoas,Piaçabuçu,0.0,0,0,0.0,4,0,0.0,22.44,0.0,0.02,17827,11.22,0.0,11.22,0.0
2020-05-04,Alagoas,Piaçabuçu,0.0,0,0,0.0,4,0,0.0,22.44,0.0,0.02,17827,11.22,0.0,11.22,0.0
2020-05-03,Alagoas,Piaçabuçu,0.0,0,0,0.0,4,0,0.0,22.44,0.0,0.02,17827,11.22,0.0,11.22,0.0
2020-05-02,Alagoas,Piaçabuçu,11.22,2,0,0.0,4,0,0.0,22.44,0.0,0.02,17827,11.22,11.22,11.22,11.22
2020-05-01,Alagoas,Piaçabuçu,0.0,0,0,0.0,2,0,0.0,11.22,0.0,0.01,17827,0.0,0.0,0.0,0.0
2020-04-30,Alagoas,Piaçabuçu,0.0,0,0,0.0,2,0,0.0,11.22,0.0,0.01,17827,0.0,0.0,0.0,0.0
2020-04-29,Alagoas,Piaçabuçu,0.0,0,0,0.0,2,0,0.0,11.22,0.0,0.01,17827,0.0,0.0,0.0,0.0
2020-04-28,Alagoas,Piaçabuçu,0.0,0,0,0.0,2,0,0.0,11.22,0.0,0.01,17827,0.0,0.0,0.0,0.0
2020-04-27,Alagoas,Piaçabuçu,0.0,0,0,0.0,2,0,0.0,11.22,0.0,0.01,17827,0.0,0.0,0.0,0.0
2020-04-26,Alagoas,Piaçabuçu,0.0,0,0,0.0,2,0,0.0,11.22,0.0,0.01,17827,0.0,0.0,0.0,0.0
2020-04-25,Alagoas,Piaçabuçu,0.0,0,0,0.0,2,0,0.0,11.22,0.0,0.01,17827,0.0,0.0,0.0,0.0
2020-04-24,Alagoas,Piaçabuçu,0.0,0,0,0.0,2,0,0.0,11.22,0.0,0.01,17827,0.0,0.0,0.0,0.0
