date,state,city,1day_cases_100k,new_cases,new_deaths,new_deaths_100k,total_cases,total_deaths,cfr%,total_cases_100k,total_deaths_100k,%infected,population,7day_cases_100k,7day_cases_change,28day_cases_100k,28day_cases_change
2020-08-27,Alagoas,União dos Palmares,1.52,1,0,0.0,856,39,4.56,1304.66,59.44,1.3,65611,28.95,-1.53,217.93,-3.05
2020-08-26,Alagoas,União dos Palmares,16.77,11,0,0.0,855,39,4.56,1303.14,59.44,1.3,65611,30.48,16.77,220.98,6.1
2020-08-25,Alagoas,União dos Palmares,4.57,3,0,0.0,844,39,4.62,1286.37,59.44,1.29,65611,13.71,-19.82,214.88,-1.53
2020-08-24,Alagoas,União dos Palmares,3.05,2,1,1.52,841,39,4.64,1281.8,59.44,1.28,65611,33.53,-50.29,216.41,-25.91
2020-08-23,Alagoas,União dos Palmares,1.52,1,1,1.52,839,38,4.53,1278.75,57.92,1.28,65611,83.82,-12.2,242.32,-32.01
2020-08-22,Alagoas,União dos Palmares,0.0,0,0,0.0,838,37,4.42,1277.22,56.39,1.28,65611,96.02,-18.29,274.33,-1.52
2020-08-21,Alagoas,União dos Palmares,1.52,1,0,0.0,838,37,4.42,1277.22,56.39,1.28,65611,114.31,-6.1,275.85,0.0
2020-08-20,Alagoas,União dos Palmares,3.05,2,0,0.0,837,37,4.42,1275.7,56.39,1.28,65611,120.41,0.0,275.85,0.0
2020-08-19,Alagoas,União dos Palmares,0.0,0,0,0.0,835,37,4.43,1272.65,56.39,1.27,65611,120.41,-3.05,275.85,1.52
2020-08-18,Alagoas,União dos Palmares,24.39,16,0,0.0,835,37,4.43,1272.65,56.39,1.27,65611,123.46,22.87,274.33,15.25
2020-08-17,Alagoas,União dos Palmares,53.34,35,0,0.0,819,37,4.52,1248.27,56.39,1.25,65611,100.59,51.82,259.08,53.34
2020-08-16,Alagoas,União dos Palmares,13.72,9,0,0.0,784,37,4.72,1194.92,56.39,1.19,65611,48.77,13.72,205.74,9.15
2020-08-15,Alagoas,União dos Palmares,18.29,12,1,1.52,775,37,4.77,1181.2,56.39,1.18,65611,35.05,16.77,196.59,16.77
2020-08-14,Alagoas,União dos Palmares,7.62,5,0,0.0,763,36,4.72,1162.91,54.87,1.16,65611,18.28,7.62,179.82,9.14
2020-08-13,Alagoas,União dos Palmares,3.05,2,2,3.05,758,36,4.75,1155.29,54.87,1.16,65611,10.66,-6.09,170.68,-1.52
2020-08-12,Alagoas,União dos Palmares,3.05,2,0,0.0,756,34,4.5,1152.25,51.82,1.15,65611,16.75,-3.05,172.2,-35.05
2020-08-11,Alagoas,União dos Palmares,1.52,1,0,0.0,754,34,4.51,1149.2,51.82,1.15,65611,19.8,-10.67,207.25,-3.05
2020-08-10,Alagoas,União dos Palmares,1.52,1,0,0.0,753,34,4.52,1147.67,51.82,1.15,65611,30.47,-4.58,210.3,-1.53
2020-08-09,Alagoas,União dos Palmares,0.0,0,0,0.0,752,34,4.52,1146.15,51.82,1.15,65611,35.05,0.0,211.83,0.0
2020-08-08,Alagoas,União dos Palmares,1.52,1,1,1.52,752,34,4.52,1146.15,51.82,1.15,65611,35.05,-3.05,211.83,-27.44
2020-08-07,Alagoas,União dos Palmares,0.0,0,0,0.0,751,33,4.39,1144.63,50.3,1.14,65611,38.1,-19.81,239.27,-30.48
2020-08-06,Alagoas,União dos Palmares,9.14,6,0,0.0,751,33,4.39,1144.63,50.3,1.14,65611,57.91,4.57,269.75,9.14
2020-08-05,Alagoas,União dos Palmares,6.1,4,0,0.0,745,33,4.43,1135.48,50.3,1.14,65611,53.34,-4.57,260.61,-7.62
2020-08-04,Alagoas,União dos Palmares,12.19,8,0,0.0,741,33,4.45,1129.38,50.3,1.13,65611,57.91,6.09,268.23,-15.24
2020-08-03,Alagoas,União dos Palmares,6.1,4,1,1.52,733,33,4.5,1117.19,50.3,1.12,65611,51.82,-22.86,283.47,3.05
2020-08-02,Alagoas,União dos Palmares,0.0,0,2,3.05,729,32,4.39,1111.09,48.77,1.11,65611,74.68,-33.53,280.42,-1.52
2020-08-01,Alagoas,União dos Palmares,4.57,3,2,3.05,729,30,4.12,1111.09,45.72,1.11,65611,108.21,3.05,281.94,-36.58
2020-07-31,Alagoas,União dos Palmares,19.81,13,0,0.0,726,28,3.86,1106.52,42.68,1.11,65611,105.16,18.29,318.52,15.24
2020-07-30,Alagoas,União dos Palmares,4.57,3,1,1.52,713,28,3.93,1086.71,42.68,1.09,65611,86.87,1.52,303.28,4.57
2020-07-29,Alagoas,União dos Palmares,10.67,7,0,0.0,710,27,3.8,1082.14,41.15,1.08,65611,85.35,12.19,298.71,-10.67
2020-07-28,Alagoas,União dos Palmares,6.1,4,2,3.05,703,27,3.84,1071.47,41.15,1.07,65611,73.16,-3.04,309.38,-56.39
2020-07-27,Alagoas,União dos Palmares,28.96,19,0,0.0,699,25,3.58,1065.37,38.1,1.07,65611,76.2,28.96,365.77,24.39
2020-07-26,Alagoas,União dos Palmares,33.53,22,0,0.0,680,25,3.68,1036.41,38.1,1.04,65611,47.24,28.96,341.38,32.01
2020-07-25,Alagoas,União dos Palmares,1.52,1,0,0.0,658,25,3.8,1002.88,38.1,1.0,65611,18.28,0.0,309.37,-19.82
2020-07-24,Alagoas,União dos Palmares,1.52,1,0,0.0,657,25,3.81,1001.36,38.1,1.0,65611,18.28,3.04,329.19,-13.72
2020-07-23,Alagoas,União dos Palmares,3.05,2,0,0.0,656,25,3.81,999.83,38.1,1.0,65611,15.24,-1.52,342.91,-59.44
2020-07-22,Alagoas,União dos Palmares,-1.52,-1,0,0.0,654,25,3.82,996.78,38.1,1.0,65611,16.76,-39.62,402.35,-6.09
2020-07-21,Alagoas,União dos Palmares,9.14,6,0,0.0,655,25,3.82,998.31,38.1,1.0,65611,56.38,4.57,408.44,0.0
2020-07-20,Alagoas,União dos Palmares,0.0,0,0,0.0,649,25,3.85,989.16,38.1,0.99,65611,51.81,-3.05,408.44,-4.57
2020-07-19,Alagoas,União dos Palmares,4.57,3,0,0.0,649,25,3.85,989.16,38.1,0.99,65611,54.86,4.57,413.01,-18.29
2020-07-18,Alagoas,União dos Palmares,1.52,1,0,0.0,646,25,3.87,984.59,38.1,0.98,65611,50.29,-27.44,431.3,0.0
2020-07-17,Alagoas,União dos Palmares,-1.52,-1,1,1.52,645,25,3.88,983.07,38.1,0.98,65611,77.73,-32.0,431.3,-9.14
2020-07-16,Alagoas,União dos Palmares,4.57,3,0,0.0,646,24,3.72,984.59,36.58,0.98,65611,109.73,4.57,440.44,4.57
2020-07-15,Alagoas,União dos Palmares,38.1,25,1,1.52,643,24,3.73,980.02,36.58,0.98,65611,105.16,24.38,435.87,33.53
2020-07-14,Alagoas,União dos Palmares,4.57,3,0,0.0,618,23,3.72,941.92,35.06,0.94,65611,80.78,-22.86,402.34,-10.67
2020-07-13,Alagoas,União dos Palmares,3.05,2,0,0.0,615,23,3.74,937.34,35.06,0.94,65611,103.64,0.0,413.01,0.0
2020-07-12,Alagoas,União dos Palmares,0.0,0,0,0.0,613,23,3.75,934.29,35.06,0.93,65611,103.64,-1.52,413.01,-21.34
2020-07-11,Alagoas,União dos Palmares,28.96,19,0,0.0,613,23,3.75,934.29,35.06,0.93,65611,105.16,-12.19,434.35,15.24
2020-07-10,Alagoas,União dos Palmares,30.48,20,0,0.0,594,23,3.87,905.34,35.06,0.91,65611,117.35,25.91,419.11,-27.44
2020-07-09,Alagoas,União dos Palmares,0.0,0,1,1.52,574,23,4.01,874.85,35.06,0.87,65611,91.44,0.0,446.55,-36.58
2020-07-08,Alagoas,União dos Palmares,13.72,9,1,1.52,574,22,3.83,874.85,33.53,0.87,65611,91.44,-7.62,483.13,7.62
2020-07-07,Alagoas,União dos Palmares,27.43,18,2,3.05,565,21,3.72,861.14,32.01,0.86,65611,99.06,-35.06,475.51,19.81
2020-07-06,Alagoas,União dos Palmares,3.05,2,0,0.0,547,19,3.47,833.7,28.96,0.83,65611,134.12,-1.52,455.7,-3.05
2020-07-05,Alagoas,União dos Palmares,1.52,1,0,0.0,545,19,3.49,830.65,28.96,0.83,65611,135.64,0.0,458.75,-27.44
2020-07-04,Alagoas,União dos Palmares,41.15,27,0,0.0,544,19,3.49,829.13,28.96,0.83,65611,135.64,19.81,486.19,-16.77
2020-07-03,Alagoas,União dos Palmares,4.57,3,0,0.0,517,19,3.68,787.98,28.96,0.79,65611,115.83,-10.67,502.96,-4.57
2020-07-02,Alagoas,União dos Palmares,0.0,0,0,0.0,514,19,3.7,783.41,28.96,0.78,65611,126.5,-62.49,507.53,-1.52
2020-07-01,Alagoas,União dos Palmares,21.34,14,0,0.0,514,19,3.7,783.41,28.96,0.78,65611,188.99,16.77,509.05,18.29
2020-06-30,Alagoas,União dos Palmares,62.49,41,1,1.52,500,19,3.8,762.07,28.96,0.76,65611,172.22,53.35,490.76,62.49
2020-06-29,Alagoas,União dos Palmares,4.57,3,0,0.0,459,18,3.92,699.58,27.43,0.7,65611,118.87,0.0,428.27,-138.7
2020-06-28,Alagoas,União dos Palmares,1.52,1,1,1.52,456,18,3.95,695.01,27.43,0.7,65611,118.87,-21.34,566.97,-4.58
2020-06-27,Alagoas,União dos Palmares,21.34,14,0,0.0,455,17,3.74,693.48,25.91,0.69,65611,140.21,19.82,571.55,15.24
2020-06-26,Alagoas,União dos Palmares,15.24,10,0,0.0,441,17,3.85,672.14,25.91,0.67,65611,120.39,7.62,556.31,15.24
2020-06-25,Alagoas,União dos Palmares,62.49,41,0,0.0,431,17,3.94,656.9,25.91,0.66,65611,112.77,62.49,541.07,57.92
2020-06-24,Alagoas,União dos Palmares,4.57,3,0,0.0,390,17,4.36,594.41,25.91,0.59,65611,50.28,0.0,483.15,3.05
2020-06-23,Alagoas,União dos Palmares,9.14,6,0,0.0,387,17,4.39,589.84,25.91,0.59,65611,50.28,-6.1,480.1,1.52
2020-06-22,Alagoas,União dos Palmares,4.57,3,0,0.0,381,17,4.46,580.7,25.91,0.58,65611,56.38,1.52,478.58,-4.57
2020-06-21,Alagoas,União dos Palmares,22.86,15,0,0.0,378,17,4.5,576.12,25.91,0.58,65611,54.86,1.52,483.15,22.86
2020-06-20,Alagoas,União dos Palmares,1.52,1,0,0.0,363,17,4.68,553.26,25.91,0.55,65611,53.34,-12.2,460.29,-3.05
2020-06-19,Alagoas,União dos Palmares,7.62,5,0,0.0,362,17,4.7,551.74,25.91,0.55,65611,65.54,-50.3,463.34,7.62
2020-06-18,Alagoas,União dos Palmares,0.0,0,0,0.0,357,17,4.76,544.12,25.91,0.54,65611,115.84,-36.58,455.72,-4.57
2020-06-17,Alagoas,União dos Palmares,4.57,3,0,0.0,357,17,4.76,544.12,25.91,0.54,65611,152.42,-1.53,460.29,4.57
2020-06-16,Alagoas,União dos Palmares,15.24,10,0,0.0,354,17,4.8,539.54,25.91,0.54,65611,153.95,7.62,455.72,15.24
2020-06-15,Alagoas,União dos Palmares,3.05,2,0,0.0,344,17,4.94,524.3,25.91,0.52,65611,146.33,-3.05,440.48,0.0
2020-06-14,Alagoas,União dos Palmares,21.34,14,1,1.52,342,17,4.97,521.25,25.91,0.52,65611,149.38,-7.62,440.48,-9.14
2020-06-13,Alagoas,União dos Palmares,13.72,9,1,1.52,328,16,4.88,499.92,24.39,0.5,65611,157.0,-44.2,449.62,10.67
2020-06-12,Alagoas,União dos Palmares,57.92,38,0,0.0,319,15,4.7,486.2,22.86,0.49,65611,201.2,48.78,438.95,57.92
2020-06-11,Alagoas,União dos Palmares,36.58,24,1,1.52,281,15,5.34,428.28,22.86,0.43,65611,152.42,35.06,381.03,32.01
2020-06-10,Alagoas,União dos Palmares,6.1,4,0,0.0,257,14,5.45,391.7,21.34,0.39,65611,117.36,3.05,349.02,4.58
2020-06-09,Alagoas,União dos Palmares,7.62,5,0,0.0,253,14,5.53,385.61,21.34,0.39,65611,114.31,7.62,344.44,-4.57
2020-06-08,Alagoas,União dos Palmares,6.1,4,0,0.0,248,14,5.65,377.99,21.34,0.38,65611,106.69,-137.17,349.01,4.58
2020-06-07,Alagoas,União dos Palmares,28.96,19,0,0.0,244,14,5.74,371.89,21.34,0.37,65611,243.86,22.86,344.43,25.91
2020-06-06,Alagoas,União dos Palmares,57.92,38,0,0.0,225,14,6.22,342.93,21.34,0.34,65611,221.0,51.82,318.52,57.92
2020-06-05,Alagoas,União dos Palmares,9.14,6,0,0.0,187,14,7.49,285.01,21.34,0.29,65611,169.18,9.14,260.6,7.62
2020-06-04,Alagoas,União dos Palmares,1.52,1,0,0.0,181,14,7.73,275.87,21.34,0.28,65611,160.04,-3.05,252.98,-1.53
2020-06-03,Alagoas,União dos Palmares,3.05,2,1,1.52,180,14,7.78,274.34,21.34,0.27,65611,163.09,1.53,254.51,3.05
2020-06-02,Alagoas,União dos Palmares,0.0,0,0,0.0,178,13,7.3,271.3,19.81,0.27,65611,161.56,-7.62,251.46,-3.05
2020-06-01,Alagoas,União dos Palmares,143.27,94,1,1.52,178,13,7.3,271.3,19.81,0.27,65611,169.18,134.13,254.51,141.75
2020-05-31,Alagoas,União dos Palmares,6.1,4,1,1.52,84,12,14.29,128.03,18.29,0.13,65611,35.05,6.1,112.76,6.1
2020-05-30,Alagoas,União dos Palmares,6.1,4,0,0.0,80,11,13.75,121.93,16.77,0.12,65611,28.95,1.53,106.66,-1.52
2020-05-29,Alagoas,União dos Palmares,0.0,0,2,3.05,76,11,14.47,115.83,16.77,0.12,65611,27.42,0.0,108.18,0.0
2020-05-28,Alagoas,União dos Palmares,4.57,3,1,1.52,76,9,11.84,115.83,13.72,0.12,65611,27.42,0.0,108.18,4.57
2020-05-27,Alagoas,União dos Palmares,1.52,1,0,0.0,73,8,10.96,111.26,12.19,0.11,65611,27.42,1.52,103.61,-1.53
2020-05-26,Alagoas,União dos Palmares,7.62,5,0,0.0,72,8,11.11,109.74,12.19,0.11,65611,25.9,7.62,105.14,6.1
2020-05-25,Alagoas,União dos Palmares,9.14,6,0,0.0,67,8,11.94,102.12,12.19,0.1,65611,18.28,6.09,99.04,7.62
2020-05-24,Alagoas,União dos Palmares,0.0,0,0,0.0,61,8,13.11,92.97,12.19,0.09,65611,12.19,-30.48,91.42,0.0
2020-05-23,Alagoas,União dos Palmares,4.57,3,0,0.0,61,8,13.11,92.97,12.19,0.09,65611,42.67,1.52,91.42,4.57
2020-05-22,Alagoas,União dos Palmares,0.0,0,0,0.0,58,8,13.79,88.4,12.19,0.09,65611,41.15,0.0,86.85,0.0
2020-05-21,Alagoas,União dos Palmares,4.57,3,1,1.52,58,8,13.79,88.4,12.19,0.09,65611,41.15,0.0,86.85,4.57
2020-05-20,Alagoas,União dos Palmares,0.0,0,-1,-1.52,55,7,12.73,83.83,10.67,0.08,65611,41.15,-1.52,82.28,0.0
2020-05-19,Alagoas,União dos Palmares,0.0,0,1,1.52,55,8,14.55,83.83,12.19,0.08,65611,42.67,-12.19,82.28,0.0
2020-05-18,Alagoas,União dos Palmares,3.05,2,0,0.0,55,7,12.73,83.83,10.67,0.08,65611,54.86,1.53,82.28,3.05
2020-05-17,Alagoas,União dos Palmares,30.48,20,3,4.57,53,7,13.21,80.78,10.67,0.08,65611,53.33,27.43,79.23,30.48
2020-05-16,Alagoas,União dos Palmares,3.05,2,0,0.0,33,4,12.12,50.3,6.1,0.05,65611,25.9,3.05,48.75,3.05
2020-05-15,Alagoas,União dos Palmares,0.0,0,1,1.52,31,4,12.9,47.25,6.1,0.05,65611,22.85,-1.52,45.7,0.0
2020-05-14,Alagoas,União dos Palmares,4.57,3,0,0.0,31,3,9.68,47.25,4.57,0.05,65611,24.37,1.52,45.7,4.57
2020-05-13,Alagoas,União dos Palmares,1.52,1,0,0.0,28,3,10.71,42.68,4.57,0.04,65611,22.85,1.52,41.13,1.52
2020-05-12,Alagoas,União dos Palmares,12.19,8,0,0.0,27,3,11.11,41.15,4.57,0.04,65611,21.33,9.14,39.61,12.19
2020-05-11,Alagoas,União dos Palmares,1.52,1,0,0.0,19,3,15.79,28.96,4.57,0.03,65611,12.19,0.0,27.42,1.52
2020-05-10,Alagoas,União dos Palmares,3.05,2,1,1.52,18,3,16.67,27.43,4.57,0.03,65611,12.19,3.05,25.9,3.05
2020-05-09,Alagoas,União dos Palmares,0.0,0,1,1.52,16,2,12.5,24.39,3.05,0.02,65611,9.14,-7.62,22.85,0.0
2020-05-08,Alagoas,União dos Palmares,1.52,1,0,0.0,16,1,6.25,24.39,1.52,0.02,65611,16.76,1.52,22.85,1.52
2020-05-07,Alagoas,União dos Palmares,3.05,2,0,0.0,15,1,6.67,22.86,1.52,0.02,65611,15.24,3.05,21.33,3.05
2020-05-06,Alagoas,União dos Palmares,0.0,0,0,0.0,13,1,7.69,19.81,1.52,0.02,65611,12.19,-3.05,18.28,0.0
2020-05-05,Alagoas,União dos Palmares,3.05,2,0,0.0,13,1,7.69,19.81,1.52,0.02,65611,15.24,1.53,18.28,3.05
2020-05-04,Alagoas,União dos Palmares,1.52,1,0,0.0,11,1,9.09,16.77,1.52,0.02,65611,13.71,0.0,15.23,1.52
2020-05-03,Alagoas,União dos Palmares,0.0,0,0,0.0,10,1,10.0,15.24,1.52,0.02,65611,13.71,0.0,13.71,0.0
2020-05-02,Alagoas,União dos Palmares,7.62,5,1,1.52,10,1,10.0,15.24,1.52,0.02,65611,13.71,7.62,13.71,7.62
2020-05-01,Alagoas,União dos Palmares,0.0,0,0,0.0,5,0,0.0,7.62,0.0,0.01,65611,6.09,0.0,6.09,0.0
2020-04-30,Alagoas,União dos Palmares,0.0,0,0,0.0,5,0,0.0,7.62,0.0,0.01,65611,6.09,0.0,6.09,0.0
2020-04-29,Alagoas,União dos Palmares,3.05,2,0,0.0,5,0,0.0,7.62,0.0,0.01,65611,6.09,3.05,6.09,3.05
2020-04-28,Alagoas,União dos Palmares,1.52,1,0,0.0,3,0,0.0,4.57,0.0,0.0,65611,3.04,1.52,3.04,1.52
2020-04-27,Alagoas,União dos Palmares,1.52,1,0,0.0,2,0,0.0,3.05,0.0,0.0,65611,1.52,1.52,1.52,1.52
2020-04-26,Alagoas,União dos Palmares,0.0,0,0,0.0,1,0,0.0,1.52,0.0,0.0,65611,0.0,0.0,0.0,0.0
2020-04-25,Alagoas,União dos Palmares,0.0,0,0,0.0,1,0,0.0,1.52,0.0,0.0,65611,0.0,0.0,0.0,0.0
2020-04-24,Alagoas,União dos Palmares,0.0,0,0,0.0,1,0,0.0,1.52,0.0,0.0,65611,0.0,0.0,0.0,0.0
2020-04-23,Alagoas,União dos Palmares,0.0,0,0,0.0,1,0,0.0,1.52,0.0,0.0,65611,0.0,0.0,0.0,0.0
2020-04-22,Alagoas,União dos Palmares,0.0,0,0,0.0,1,0,0.0,1.52,0.0,0.0,65611,0.0,0.0,0.0,0.0
2020-04-21,Alagoas,União dos Palmares,0.0,0,0,0.0,1,0,0.0,1.52,0.0,0.0,65611,0.0,0.0,0.0,0.0
2020-04-20,Alagoas,União dos Palmares,0.0,0,0,0.0,1,0,0.0,1.52,0.0,0.0,65611,0.0,0.0,0.0,0.0
2020-04-19,Alagoas,União dos Palmares,0.0,0,0,0.0,1,0,0.0,1.52,0.0,0.0,65611,0.0,0.0,0.0,0.0
2020-04-18,Alagoas,União dos Palmares,0.0,0,0,0.0,1,0,0.0,1.52,0.0,0.0,65611,0.0,0.0,0.0,0.0
2020-04-17,Alagoas,União dos Palmares,0.0,0,0,0.0,1,0,0.0,1.52,0.0,0.0,65611,0.0,0.0,0.0,0.0
2020-04-16,Alagoas,União dos Palmares,0.0,0,0,0.0,1,0,0.0,1.52,0.0,0.0,65611,0.0,0.0,0.0,0.0
