date,state,county,new_cases_100k,new_cases,new_deaths,new_deaths_100k,total_cases,total_deaths,cfr%,total_cases_100k,total_deaths_100k,%infected,population,pop_density
2020-08-02,Louisiana,Franklin,203.41,41,1,4.96,826,17,2.06,4098.04,84.34,4.1,20156,32.27
2020-08-01,Louisiana,Franklin,0.0,0,0,0.0,785,16,2.04,3894.62,79.38,3.89,20156,32.27
2020-07-31,Louisiana,Franklin,128.99,26,0,0.0,785,16,2.04,3894.62,79.38,3.89,20156,32.27
2020-07-30,Louisiana,Franklin,69.46,14,0,0.0,759,16,2.11,3765.63,79.38,3.77,20156,32.27
2020-07-29,Louisiana,Franklin,69.46,14,0,0.0,745,16,2.15,3696.17,79.38,3.7,20156,32.27
2020-07-28,Louisiana,Franklin,9.92,2,0,0.0,731,16,2.19,3626.71,79.38,3.63,20156,32.27
2020-07-27,Louisiana,Franklin,49.61,10,0,0.0,729,16,2.19,3616.79,79.38,3.62,20156,32.27
2020-07-26,Louisiana,Franklin,188.53,38,0,0.0,719,16,2.23,3567.18,79.38,3.57,20156,32.27
2020-07-25,Louisiana,Franklin,0.0,0,0,0.0,681,16,2.35,3378.65,79.38,3.38,20156,32.27
2020-07-24,Louisiana,Franklin,59.54,12,0,0.0,681,16,2.35,3378.65,79.38,3.38,20156,32.27
2020-07-23,Louisiana,Franklin,99.23,20,0,0.0,669,16,2.39,3319.11,79.38,3.32,20156,32.27
2020-07-22,Louisiana,Franklin,39.69,8,1,4.96,649,16,2.47,3219.88,79.38,3.22,20156,32.27
2020-07-21,Louisiana,Franklin,34.73,7,1,4.96,641,15,2.34,3180.19,74.42,3.18,20156,32.27
2020-07-20,Louisiana,Franklin,29.77,6,0,0.0,634,14,2.21,3145.47,69.46,3.15,20156,32.27
2020-07-19,Louisiana,Franklin,89.3,18,0,0.0,628,14,2.23,3115.7,69.46,3.12,20156,32.27
2020-07-18,Louisiana,Franklin,0.0,0,0,0.0,610,14,2.3,3026.39,69.46,3.03,20156,32.27
2020-07-17,Louisiana,Franklin,74.42,15,0,0.0,610,14,2.3,3026.39,69.46,3.03,20156,32.27
2020-07-16,Louisiana,Franklin,74.42,15,0,0.0,595,14,2.35,2951.97,69.46,2.95,20156,32.27
2020-07-15,Louisiana,Franklin,24.81,5,0,0.0,580,14,2.41,2877.56,69.46,2.88,20156,32.27
2020-07-14,Louisiana,Franklin,34.73,7,0,0.0,575,14,2.43,2852.75,69.46,2.85,20156,32.27
2020-07-13,Louisiana,Franklin,49.61,10,0,0.0,568,14,2.46,2818.02,69.46,2.82,20156,32.27
2020-07-12,Louisiana,Franklin,19.85,4,0,0.0,558,14,2.51,2768.41,69.46,2.77,20156,32.27
2020-07-11,Louisiana,Franklin,79.38,16,0,0.0,554,14,2.53,2748.56,69.46,2.75,20156,32.27
2020-07-10,Louisiana,Franklin,54.57,11,0,0.0,538,14,2.6,2669.18,69.46,2.67,20156,32.27
2020-07-09,Louisiana,Franklin,94.26,19,0,0.0,527,14,2.66,2614.61,69.46,2.61,20156,32.27
2020-07-08,Louisiana,Franklin,29.77,6,0,0.0,508,14,2.76,2520.34,69.46,2.52,20156,32.27
2020-07-07,Louisiana,Franklin,4.96,1,0,0.0,502,14,2.79,2490.57,69.46,2.49,20156,32.27
2020-07-06,Louisiana,Franklin,0.0,0,0,0.0,501,14,2.79,2485.61,69.46,2.49,20156,32.27
2020-07-05,Louisiana,Franklin,89.3,18,0,0.0,501,14,2.79,2485.61,69.46,2.49,20156,32.27
2020-07-04,Louisiana,Franklin,0.0,0,0,0.0,483,14,2.9,2396.31,69.46,2.4,20156,32.27
2020-07-03,Louisiana,Franklin,39.69,8,0,0.0,483,14,2.9,2396.31,69.46,2.4,20156,32.27
2020-07-02,Louisiana,Franklin,19.85,4,0,0.0,475,14,2.95,2356.62,69.46,2.36,20156,32.27
2020-07-01,Louisiana,Franklin,19.85,4,0,0.0,471,14,2.97,2336.77,69.46,2.34,20156,32.27
2020-06-30,Louisiana,Franklin,-4.96,-1,0,0.0,467,14,3.0,2316.93,69.46,2.32,20156,32.27
2020-06-29,Louisiana,Franklin,19.85,4,0,0.0,468,14,2.99,2321.89,69.46,2.32,20156,32.27
2020-06-28,Louisiana,Franklin,44.65,9,0,0.0,464,14,3.02,2302.04,69.46,2.3,20156,32.27
2020-06-27,Louisiana,Franklin,0.0,0,0,0.0,455,14,3.08,2257.39,69.46,2.26,20156,32.27
2020-06-26,Louisiana,Franklin,34.73,7,0,0.0,455,14,3.08,2257.39,69.46,2.26,20156,32.27
2020-06-25,Louisiana,Franklin,4.96,1,0,0.0,448,14,3.12,2222.66,69.46,2.22,20156,32.27
2020-06-24,Louisiana,Franklin,19.85,4,0,0.0,447,14,3.13,2217.7,69.46,2.22,20156,32.27
2020-06-23,Louisiana,Franklin,109.15,22,0,0.0,443,14,3.16,2197.86,69.46,2.2,20156,32.27
2020-06-22,Louisiana,Franklin,24.81,5,0,0.0,421,14,3.33,2088.71,69.46,2.09,20156,32.27
2020-06-21,Louisiana,Franklin,9.92,2,0,0.0,416,14,3.37,2063.9,69.46,2.06,20156,32.27
2020-06-20,Louisiana,Franklin,9.92,2,0,0.0,414,14,3.38,2053.98,69.46,2.05,20156,32.27
2020-06-19,Louisiana,Franklin,-133.96,-27,0,0.0,412,14,3.4,2044.06,69.46,2.04,20156,32.27
2020-06-18,Louisiana,Franklin,0.0,0,0,0.0,439,14,3.19,2178.01,69.46,2.18,20156,32.27
2020-06-17,Louisiana,Franklin,69.46,14,0,0.0,439,14,3.19,2178.01,69.46,2.18,20156,32.27
2020-06-16,Louisiana,Franklin,4.96,1,1,4.96,425,14,3.29,2108.55,69.46,2.11,20156,32.27
2020-06-15,Louisiana,Franklin,44.65,9,0,0.0,424,13,3.07,2103.59,64.5,2.1,20156,32.27
2020-06-14,Louisiana,Franklin,0.0,0,0,0.0,415,13,3.13,2058.94,64.5,2.06,20156,32.27
2020-06-13,Louisiana,Franklin,99.23,20,0,0.0,415,13,3.13,2058.94,64.5,2.06,20156,32.27
2020-06-12,Louisiana,Franklin,0.0,0,0,0.0,395,13,3.29,1959.71,64.5,1.96,20156,32.27
2020-06-11,Louisiana,Franklin,19.85,4,1,4.96,395,13,3.29,1959.71,64.5,1.96,20156,32.27
2020-06-10,Louisiana,Franklin,4.96,1,0,0.0,391,12,3.07,1939.87,59.54,1.94,20156,32.27
2020-06-09,Louisiana,Franklin,4.96,1,0,0.0,390,12,3.08,1934.91,59.54,1.93,20156,32.27
2020-06-08,Louisiana,Franklin,14.88,3,0,0.0,389,12,3.08,1929.95,59.54,1.93,20156,32.27
2020-06-07,Louisiana,Franklin,9.92,2,0,0.0,386,12,3.11,1915.06,59.54,1.92,20156,32.27
2020-06-06,Louisiana,Franklin,4.96,1,0,0.0,384,12,3.12,1905.14,59.54,1.91,20156,32.27
2020-06-05,Louisiana,Franklin,24.81,5,0,0.0,383,12,3.13,1900.18,59.54,1.9,20156,32.27
2020-06-04,Louisiana,Franklin,4.96,1,0,0.0,378,12,3.17,1875.37,59.54,1.88,20156,32.27
2020-06-03,Louisiana,Franklin,0.0,0,2,9.92,377,12,3.18,1870.41,59.54,1.87,20156,32.27
2020-06-02,Louisiana,Franklin,4.96,1,0,0.0,377,10,2.65,1870.41,49.61,1.87,20156,32.27
2020-06-01,Louisiana,Franklin,218.3,44,0,0.0,376,10,2.66,1865.45,49.61,1.87,20156,32.27
2020-05-31,Louisiana,Franklin,89.3,18,0,0.0,332,10,3.01,1647.15,49.61,1.65,20156,32.27
2020-05-30,Louisiana,Franklin,14.88,3,0,0.0,314,10,3.18,1557.85,49.61,1.56,20156,32.27
2020-05-29,Louisiana,Franklin,0.0,0,0,0.0,311,10,3.22,1542.96,49.61,1.54,20156,32.27
2020-05-28,Louisiana,Franklin,4.96,1,0,0.0,311,10,3.22,1542.96,49.61,1.54,20156,32.27
2020-05-27,Louisiana,Franklin,64.5,13,0,0.0,310,10,3.23,1538.0,49.61,1.54,20156,32.27
2020-05-26,Louisiana,Franklin,14.88,3,0,0.0,297,10,3.37,1473.51,49.61,1.47,20156,32.27
2020-05-25,Louisiana,Franklin,29.77,6,0,0.0,294,10,3.4,1458.62,49.61,1.46,20156,32.27
2020-05-24,Louisiana,Franklin,4.96,1,0,0.0,288,10,3.47,1428.85,49.61,1.43,20156,32.27
2020-05-23,Louisiana,Franklin,0.0,0,0,0.0,287,10,3.48,1423.89,49.61,1.42,20156,32.27
2020-05-22,Louisiana,Franklin,0.0,0,1,4.96,287,10,3.48,1423.89,49.61,1.42,20156,32.27
2020-05-21,Louisiana,Franklin,64.5,13,0,0.0,287,9,3.14,1423.89,44.65,1.42,20156,32.27
2020-05-20,Louisiana,Franklin,0.0,0,0,0.0,274,9,3.28,1359.4,44.65,1.36,20156,32.27
2020-05-19,Louisiana,Franklin,4.96,1,1,4.96,274,9,3.28,1359.4,44.65,1.36,20156,32.27
2020-05-18,Louisiana,Franklin,0.0,0,0,0.0,273,8,2.93,1354.44,39.69,1.35,20156,32.27
2020-05-17,Louisiana,Franklin,24.81,5,0,0.0,273,8,2.93,1354.44,39.69,1.35,20156,32.27
2020-05-16,Louisiana,Franklin,9.92,2,0,0.0,268,8,2.99,1329.63,39.69,1.33,20156,32.27
2020-05-15,Louisiana,Franklin,0.0,0,0,0.0,266,8,3.01,1319.71,39.69,1.32,20156,32.27
2020-05-14,Louisiana,Franklin,49.61,10,1,4.96,266,8,3.01,1319.71,39.69,1.32,20156,32.27
2020-05-13,Louisiana,Franklin,238.14,48,1,4.96,256,7,2.73,1270.09,34.73,1.27,20156,32.27
2020-05-12,Louisiana,Franklin,0.0,0,2,9.92,208,6,2.88,1031.95,29.77,1.03,20156,32.27
2020-05-11,Louisiana,Franklin,9.92,2,0,0.0,208,4,1.92,1031.95,19.85,1.03,20156,32.27
2020-05-10,Louisiana,Franklin,89.3,18,0,0.0,206,4,1.94,1022.03,19.85,1.02,20156,32.27
2020-05-09,Louisiana,Franklin,208.37,42,0,0.0,188,4,2.13,932.72,19.85,0.93,20156,32.27
2020-05-08,Louisiana,Franklin,4.96,1,0,0.0,146,4,2.74,724.35,19.85,0.72,20156,32.27
2020-05-07,Louisiana,Franklin,-4.96,-1,0,0.0,145,4,2.76,719.39,19.85,0.72,20156,32.27
2020-05-06,Louisiana,Franklin,29.77,6,1,4.96,146,4,2.74,724.35,19.85,0.72,20156,32.27
2020-05-05,Louisiana,Franklin,4.96,1,0,0.0,140,3,2.14,694.58,14.88,0.69,20156,32.27
2020-05-04,Louisiana,Franklin,39.69,8,0,0.0,139,3,2.16,689.62,14.88,0.69,20156,32.27
2020-05-03,Louisiana,Franklin,0.0,0,0,0.0,131,3,2.29,649.93,14.88,0.65,20156,32.27
2020-05-02,Louisiana,Franklin,4.96,1,0,0.0,131,3,2.29,649.93,14.88,0.65,20156,32.27
2020-05-01,Louisiana,Franklin,24.81,5,0,0.0,130,3,2.31,644.97,14.88,0.64,20156,32.27
2020-04-30,Louisiana,Franklin,9.92,2,0,0.0,125,3,2.4,620.16,14.88,0.62,20156,32.27
2020-04-29,Louisiana,Franklin,9.92,2,0,0.0,123,3,2.44,610.24,14.88,0.61,20156,32.27
2020-04-28,Louisiana,Franklin,9.92,2,1,4.96,121,3,2.48,600.32,14.88,0.6,20156,32.27
2020-04-27,Louisiana,Franklin,14.88,3,0,0.0,119,2,1.68,590.39,9.92,0.59,20156,32.27
2020-04-26,Louisiana,Franklin,14.88,3,0,0.0,116,2,1.72,575.51,9.92,0.58,20156,32.27
2020-04-25,Louisiana,Franklin,24.81,5,0,0.0,113,2,1.77,560.63,9.92,0.56,20156,32.27
2020-04-24,Louisiana,Franklin,0.0,0,0,0.0,108,2,1.85,535.82,9.92,0.54,20156,32.27
2020-04-23,Louisiana,Franklin,64.5,13,0,0.0,108,2,1.85,535.82,9.92,0.54,20156,32.27
2020-04-22,Louisiana,Franklin,39.69,8,0,0.0,95,2,2.11,471.32,9.92,0.47,20156,32.27
2020-04-21,Louisiana,Franklin,19.85,4,0,0.0,87,2,2.3,431.63,9.92,0.43,20156,32.27
2020-04-20,Louisiana,Franklin,9.92,2,0,0.0,83,2,2.41,411.79,9.92,0.41,20156,32.27
2020-04-19,Louisiana,Franklin,14.88,3,0,0.0,81,2,2.47,401.87,9.92,0.4,20156,32.27
2020-04-18,Louisiana,Franklin,54.57,11,0,0.0,78,2,2.56,386.98,9.92,0.39,20156,32.27
2020-04-17,Louisiana,Franklin,44.65,9,0,0.0,67,2,2.99,332.41,9.92,0.33,20156,32.27
2020-04-16,Louisiana,Franklin,24.81,5,0,0.0,58,2,3.45,287.76,9.92,0.29,20156,32.27
2020-04-15,Louisiana,Franklin,19.85,4,0,0.0,53,2,3.77,262.95,9.92,0.26,20156,32.27
2020-04-14,Louisiana,Franklin,0.0,0,1,4.96,49,2,4.08,243.1,9.92,0.24,20156,32.27
2020-04-13,Louisiana,Franklin,4.96,1,0,0.0,49,1,2.04,243.1,4.96,0.24,20156,32.27
2020-04-12,Louisiana,Franklin,4.96,1,0,0.0,48,1,2.08,238.14,4.96,0.24,20156,32.27
2020-04-11,Louisiana,Franklin,34.73,7,0,0.0,47,1,2.13,233.18,4.96,0.23,20156,32.27
2020-04-10,Louisiana,Franklin,14.88,3,1,4.96,40,1,2.5,198.45,4.96,0.2,20156,32.27
2020-04-09,Louisiana,Franklin,34.73,7,0,0.0,37,0,0.0,183.57,0.0,0.18,20156,32.27
2020-04-08,Louisiana,Franklin,9.92,2,0,0.0,30,0,0.0,148.84,0.0,0.15,20156,32.27
2020-04-07,Louisiana,Franklin,0.0,0,0,0.0,28,0,0.0,138.92,0.0,0.14,20156,32.27
2020-04-06,Louisiana,Franklin,14.88,3,0,0.0,28,0,0.0,138.92,0.0,0.14,20156,32.27
2020-04-05,Louisiana,Franklin,29.77,6,0,0.0,25,0,0.0,124.03,0.0,0.12,20156,32.27
2020-04-04,Louisiana,Franklin,44.65,9,0,0.0,19,0,0.0,94.26,0.0,0.09,20156,32.27
2020-04-03,Louisiana,Franklin,24.81,5,0,0.0,10,0,0.0,49.61,0.0,0.05,20156,32.27
2020-04-02,Louisiana,Franklin,0.0,0,0,0.0,5,0,0.0,24.81,0.0,0.02,20156,32.27
2020-04-01,Louisiana,Franklin,0.0,0,0,0.0,5,0,0.0,24.81,0.0,0.02,20156,32.27
2020-03-31,Louisiana,Franklin,0.0,0,0,0.0,5,0,0.0,24.81,0.0,0.02,20156,32.27
2020-03-30,Louisiana,Franklin,4.96,1,0,0.0,5,0,0.0,24.81,0.0,0.02,20156,32.27
2020-03-29,Louisiana,Franklin,0.0,0,0,0.0,4,0,0.0,19.85,0.0,0.02,20156,32.27
2020-03-28,Louisiana,Franklin,0.0,0,0,0.0,4,0,0.0,19.85,0.0,0.02,20156,32.27
