date,state,city,1day_cases_100k,new_cases,new_deaths,new_deaths_100k,total_cases,total_deaths,cfr%,total_cases_100k,total_deaths_100k,%infected,population,7day_cases_100k,7day_cases_change,28day_cases_100k,28day_cases_change
2020-08-31,Pernambuco,Carnaíba,15.34,3,0,0.0,164,9,5.49,838.83,46.03,0.84,19551,51.13,15.34,311.94,0.0
2020-08-30,Pernambuco,Carnaíba,5.11,1,0,0.0,161,9,5.59,823.49,46.03,0.82,19551,35.79,-10.23,311.94,5.11
2020-08-29,Pernambuco,Carnaíba,15.34,3,0,0.0,160,9,5.62,818.37,46.03,0.82,19551,46.02,0.0,306.83,-25.58
2020-08-28,Pernambuco,Carnaíba,0.0,0,0,0.0,157,9,5.73,803.03,46.03,0.8,19551,46.02,-20.46,332.41,-25.57
2020-08-27,Pernambuco,Carnaíba,10.23,2,0,0.0,157,9,5.73,803.03,46.03,0.8,19551,66.48,5.12,357.98,0.0
2020-08-26,Pernambuco,Carnaíba,0.0,0,0,0.0,155,9,5.81,792.8,46.03,0.79,19551,61.36,-30.69,357.98,0.0
2020-08-25,Pernambuco,Carnaíba,5.11,1,0,0.0,155,9,5.81,792.8,46.03,0.79,19551,92.05,-10.23,357.98,-10.23
2020-08-24,Pernambuco,Carnaíba,0.0,0,0,0.0,154,9,5.84,787.68,46.03,0.79,19551,102.28,0.0,368.21,-5.11
2020-08-23,Pernambuco,Carnaíba,15.34,3,0,0.0,154,9,5.84,787.68,46.03,0.79,19551,102.28,-20.46,373.32,0.0
2020-08-22,Pernambuco,Carnaíba,15.34,3,0,0.0,151,9,5.96,772.34,46.03,0.77,19551,122.74,-5.12,373.32,10.23
2020-08-21,Pernambuco,Carnaíba,20.46,4,0,0.0,148,9,6.08,756.99,46.03,0.76,19551,127.86,15.35,363.09,10.23
2020-08-20,Pernambuco,Carnaíba,5.11,1,0,0.0,144,9,6.25,736.54,46.03,0.74,19551,112.51,0.0,352.86,-15.35
2020-08-19,Pernambuco,Carnaíba,30.69,6,0,0.0,143,9,6.29,731.42,46.03,0.73,19551,112.51,5.12,368.21,30.69
2020-08-18,Pernambuco,Carnaíba,15.34,3,0,0.0,137,9,6.57,700.73,46.03,0.7,19551,107.39,5.11,337.52,10.23
2020-08-17,Pernambuco,Carnaíba,0.0,0,0,0.0,134,9,6.72,685.39,46.03,0.69,19551,102.28,0.0,327.29,0.0
2020-08-16,Pernambuco,Carnaíba,35.8,7,1,5.11,134,9,6.72,685.39,46.03,0.69,19551,102.28,20.46,327.29,10.23
2020-08-15,Pernambuco,Carnaíba,20.46,4,0,0.0,127,8,6.3,649.58,40.92,0.65,19551,81.82,10.23,317.06,15.35
2020-08-14,Pernambuco,Carnaíba,5.11,1,0,0.0,123,8,6.5,629.12,40.92,0.63,19551,71.59,0.0,301.71,-5.12
2020-08-13,Pernambuco,Carnaíba,5.11,1,0,0.0,122,8,6.56,624.01,40.92,0.62,19551,71.59,-5.12,306.83,5.11
2020-08-12,Pernambuco,Carnaíba,25.57,5,1,5.11,121,8,6.61,618.89,40.92,0.62,19551,76.71,20.46,301.72,15.34
2020-08-11,Pernambuco,Carnaíba,10.23,2,0,0.0,116,7,6.03,593.32,35.8,0.59,19551,56.25,0.0,286.38,0.0
2020-08-10,Pernambuco,Carnaíba,0.0,0,0,0.0,114,7,6.14,583.09,35.8,0.58,19551,56.25,-15.34,286.38,0.0
2020-08-09,Pernambuco,Carnaíba,15.34,3,0,0.0,114,7,6.14,583.09,35.8,0.58,19551,71.59,15.34,286.38,15.34
2020-08-08,Pernambuco,Carnaíba,10.23,2,0,0.0,111,7,6.31,567.75,35.8,0.57,19551,56.25,-30.69,271.04,10.23
2020-08-07,Pernambuco,Carnaíba,5.11,1,0,0.0,109,7,6.42,557.52,35.8,0.56,19551,86.94,-20.46,260.81,0.0
2020-08-06,Pernambuco,Carnaíba,10.23,2,0,0.0,108,7,6.48,552.4,35.8,0.55,19551,107.4,0.0,260.81,10.23
2020-08-05,Pernambuco,Carnaíba,5.11,1,1,5.11,106,7,6.6,542.17,35.8,0.54,19551,107.4,5.11,250.58,0.0
2020-08-04,Pernambuco,Carnaíba,10.23,2,0,0.0,105,6,5.71,537.06,30.69,0.54,19551,102.29,-5.11,250.58,10.23
2020-08-03,Pernambuco,Carnaíba,15.34,3,0,0.0,103,6,5.83,526.83,30.69,0.53,19551,107.4,10.23,240.35,15.34
2020-08-02,Pernambuco,Carnaíba,0.0,0,0,0.0,100,6,6.0,511.48,30.69,0.51,19551,97.17,-15.34,225.01,-5.11
2020-08-01,Pernambuco,Carnaíba,40.92,8,0,0.0,100,6,6.0,511.48,30.69,0.51,19551,112.51,35.81,230.12,40.92
2020-07-31,Pernambuco,Carnaíba,25.57,5,0,0.0,92,6,6.52,470.56,30.69,0.47,19551,76.7,15.34,189.2,15.34
2020-07-30,Pernambuco,Carnaíba,10.23,2,0,0.0,87,6,6.9,444.99,30.69,0.44,19551,61.36,-10.23,173.86,-10.23
2020-07-29,Pernambuco,Carnaíba,0.0,0,0,0.0,85,6,7.06,434.76,30.69,0.43,19551,71.59,0.0,184.09,0.0
2020-07-28,Pernambuco,Carnaíba,15.34,3,0,0.0,85,6,7.06,434.76,30.69,0.43,19551,71.59,10.23,184.09,15.34
2020-07-27,Pernambuco,Carnaíba,5.11,1,0,0.0,82,6,7.32,419.42,30.69,0.42,19551,61.36,5.11,168.75,5.11
2020-07-26,Pernambuco,Carnaíba,15.34,3,0,0.0,81,6,7.41,414.3,30.69,0.41,19551,56.25,-10.23,163.64,15.34
2020-07-25,Pernambuco,Carnaíba,5.11,1,0,0.0,78,6,7.69,398.96,30.69,0.4,19551,66.48,0.0,148.3,5.11
2020-07-24,Pernambuco,Carnaíba,10.23,2,0,0.0,77,6,7.79,393.84,30.69,0.39,19551,66.48,0.0,143.19,10.23
2020-07-23,Pernambuco,Carnaíba,20.46,4,0,0.0,75,6,8.0,383.61,30.69,0.38,19551,66.48,20.46,132.96,10.23
2020-07-22,Pernambuco,Carnaíba,0.0,0,0,0.0,71,6,8.45,363.15,30.69,0.36,19551,46.02,-10.23,122.73,-10.23
2020-07-21,Pernambuco,Carnaíba,5.11,1,0,0.0,71,6,8.45,363.15,30.69,0.36,19551,56.25,-5.12,132.96,-5.12
2020-07-20,Pernambuco,Carnaíba,0.0,0,0,0.0,70,6,8.57,358.04,30.69,0.36,19551,61.37,0.0,138.08,0.0
2020-07-19,Pernambuco,Carnaíba,25.57,5,0,0.0,70,6,8.57,358.04,30.69,0.36,19551,61.37,25.57,138.08,5.11
2020-07-18,Pernambuco,Carnaíba,5.11,1,0,0.0,65,6,9.23,332.46,30.69,0.33,19551,35.8,5.11,132.97,0.0
2020-07-17,Pernambuco,Carnaíba,10.23,2,0,0.0,64,6,9.38,327.35,30.69,0.33,19551,30.69,5.12,132.97,-15.34
2020-07-16,Pernambuco,Carnaíba,0.0,0,0,0.0,62,6,9.68,317.12,30.69,0.32,19551,25.57,0.0,148.31,-5.11
2020-07-15,Pernambuco,Carnaíba,10.23,2,0,0.0,62,6,9.68,317.12,30.69,0.32,19551,25.57,5.12,153.42,-10.23
2020-07-14,Pernambuco,Carnaíba,10.23,2,0,0.0,60,6,10.0,306.89,30.69,0.31,19551,20.45,10.23,163.65,-5.11
2020-07-13,Pernambuco,Carnaíba,0.0,0,0,0.0,58,6,10.34,296.66,30.69,0.3,19551,10.22,0.0,168.76,0.0
2020-07-12,Pernambuco,Carnaíba,0.0,0,0,0.0,58,6,10.34,296.66,30.69,0.3,19551,10.22,-5.11,168.76,-5.11
2020-07-11,Pernambuco,Carnaíba,0.0,0,0,0.0,58,6,10.34,296.66,30.69,0.3,19551,15.33,0.0,173.87,-5.11
2020-07-10,Pernambuco,Carnaíba,5.11,1,0,0.0,58,6,10.34,296.66,30.69,0.3,19551,15.33,-5.12,178.98,-10.23
2020-07-09,Pernambuco,Carnaíba,0.0,0,0,0.0,57,6,10.53,291.55,30.69,0.29,19551,20.45,-20.46,189.21,-5.11
2020-07-08,Pernambuco,Carnaíba,5.11,1,0,0.0,57,6,10.53,291.55,30.69,0.29,19551,40.91,5.11,194.32,5.11
2020-07-07,Pernambuco,Carnaíba,0.0,0,0,0.0,56,6,10.71,286.43,30.69,0.29,19551,35.8,0.0,189.21,5.11
2020-07-06,Pernambuco,Carnaíba,0.0,0,0,0.0,56,6,10.71,286.43,30.69,0.29,19551,35.8,0.0,184.1,0.0
2020-07-05,Pernambuco,Carnaíba,5.11,1,0,0.0,56,6,10.71,286.43,30.69,0.29,19551,35.8,5.11,184.1,0.0
2020-07-04,Pernambuco,Carnaíba,0.0,0,0,0.0,55,6,10.91,281.32,30.69,0.28,19551,30.69,0.0,184.1,0.0
2020-07-03,Pernambuco,Carnaíba,10.23,2,0,0.0,55,6,10.91,281.32,30.69,0.28,19551,30.69,10.23,184.1,5.12
2020-07-02,Pernambuco,Carnaíba,20.46,4,0,0.0,53,6,11.32,271.09,30.69,0.27,19551,20.46,10.23,178.98,5.12
2020-07-01,Pernambuco,Carnaíba,0.0,0,0,0.0,49,6,12.24,250.63,30.69,0.25,19551,10.23,-10.23,173.86,0.0
2020-06-30,Pernambuco,Carnaíba,0.0,0,0,0.0,49,6,12.24,250.63,30.69,0.25,19551,20.46,-10.23,173.86,0.0
2020-06-29,Pernambuco,Carnaíba,0.0,0,0,0.0,49,6,12.24,250.63,30.69,0.25,19551,30.69,0.0,173.86,0.0
2020-06-28,Pernambuco,Carnaíba,0.0,0,0,0.0,49,6,12.24,250.63,30.69,0.25,19551,30.69,-20.46,173.86,0.0
2020-06-27,Pernambuco,Carnaíba,0.0,0,0,0.0,49,6,12.24,250.63,30.69,0.25,19551,51.15,-5.11,173.86,-5.11
2020-06-26,Pernambuco,Carnaíba,0.0,0,0,0.0,49,6,12.24,250.63,30.69,0.25,19551,56.26,-25.57,178.97,-10.23
2020-06-25,Pernambuco,Carnaíba,10.23,2,0,0.0,49,6,12.24,250.63,30.69,0.25,19551,81.83,5.12,189.2,-5.11
2020-06-24,Pernambuco,Carnaíba,10.23,2,0,0.0,47,6,12.77,240.4,30.69,0.24,19551,76.71,-10.23,194.31,10.23
2020-06-23,Pernambuco,Carnaíba,10.23,2,0,0.0,45,6,13.33,230.17,30.69,0.23,19551,86.94,-5.11,184.08,10.23
2020-06-22,Pernambuco,Carnaíba,0.0,0,0,0.0,43,6,13.95,219.94,30.69,0.22,19551,92.05,0.0,173.85,0.0
2020-06-21,Pernambuco,Carnaíba,20.46,4,0,0.0,43,6,13.95,219.94,30.69,0.22,19551,92.05,15.35,173.85,15.35
2020-06-20,Pernambuco,Carnaíba,5.11,1,0,0.0,39,6,15.38,199.48,30.69,0.2,19551,76.7,0.0,158.5,5.11
2020-06-19,Pernambuco,Carnaíba,25.57,5,0,0.0,38,6,15.79,194.36,30.69,0.19,19551,76.7,10.23,153.39,20.46
2020-06-18,Pernambuco,Carnaíba,5.11,1,1,5.11,33,6,18.18,168.79,30.69,0.17,19551,66.47,0.0,132.93,0.0
2020-06-17,Pernambuco,Carnaíba,20.46,4,0,0.0,32,5,15.62,163.67,25.57,0.16,19551,66.47,20.46,132.93,15.35
2020-06-16,Pernambuco,Carnaíba,15.34,3,0,0.0,28,5,17.86,143.22,25.57,0.14,19551,46.01,20.45,117.58,15.34
2020-06-15,Pernambuco,Carnaíba,0.0,0,0,0.0,25,5,20.0,127.87,25.57,0.13,19551,25.56,0.0,102.24,0.0
2020-06-14,Pernambuco,Carnaíba,5.11,1,1,5.11,25,5,20.0,127.87,25.57,0.13,19551,25.56,0.0,102.24,5.11
2020-06-13,Pernambuco,Carnaíba,5.11,1,0,0.0,24,4,16.67,122.76,20.46,0.12,19551,25.56,5.11,97.13,5.11
2020-06-12,Pernambuco,Carnaíba,15.34,3,0,0.0,23,4,17.39,117.64,20.46,0.12,19551,20.45,10.23,92.02,15.34
2020-06-11,Pernambuco,Carnaíba,5.11,1,0,0.0,20,4,20.0,102.3,20.46,0.1,19551,10.22,-10.23,76.68,5.11
2020-06-10,Pernambuco,Carnaíba,0.0,0,0,0.0,19,4,21.05,97.18,20.46,0.1,19551,20.45,0.0,71.57,0.0
2020-06-09,Pernambuco,Carnaíba,-5.11,-1,0,0.0,19,4,21.05,97.18,20.46,0.1,19551,20.45,-5.11,71.57,-10.22
2020-06-08,Pernambuco,Carnaíba,0.0,0,0,0.0,20,4,20.0,102.3,20.46,0.1,19551,25.56,0.0,81.79,0.0
2020-06-07,Pernambuco,Carnaíba,5.11,1,0,0.0,20,4,20.0,102.3,20.46,0.1,19551,25.56,5.11,81.79,0.0
2020-06-06,Pernambuco,Carnaíba,0.0,0,0,0.0,19,4,21.05,97.18,20.46,0.1,19551,20.45,-5.11,81.79,-5.11
2020-06-05,Pernambuco,Carnaíba,5.11,1,0,0.0,19,4,21.05,97.18,20.46,0.1,19551,25.56,-5.12,86.9,5.11
2020-06-04,Pernambuco,Carnaíba,15.34,3,0,0.0,18,4,22.22,92.07,20.46,0.09,19551,30.68,0.0,81.79,15.34
2020-06-03,Pernambuco,Carnaíba,0.0,0,0,0.0,15,4,26.67,76.72,20.46,0.08,19551,30.68,0.0,66.45,0.0
2020-06-02,Pernambuco,Carnaíba,0.0,0,0,0.0,15,4,26.67,76.72,20.46,0.08,19551,30.68,0.0,66.45,5.11
2020-06-01,Pernambuco,Carnaíba,0.0,0,0,0.0,15,4,26.67,76.72,20.46,0.08,19551,30.68,0.0,61.34,0.0
2020-05-31,Pernambuco,Carnaíba,0.0,0,0,0.0,15,4,26.67,76.72,20.46,0.08,19551,30.68,-5.11,61.34,0.0
2020-05-30,Pernambuco,Carnaíba,5.11,1,0,0.0,15,4,26.67,76.72,20.46,0.08,19551,35.79,5.11,61.34,0.0
2020-05-29,Pernambuco,Carnaíba,10.23,2,0,0.0,14,4,28.57,71.61,20.46,0.07,19551,30.68,5.12,61.34,10.23
2020-05-28,Pernambuco,Carnaíba,15.34,3,0,0.0,12,4,33.33,61.38,20.46,0.06,19551,25.56,10.23,51.11,15.34
2020-05-27,Pernambuco,Carnaíba,0.0,0,0,0.0,9,4,44.44,46.03,20.46,0.05,19551,15.33,-5.11,35.77,-5.11
2020-05-26,Pernambuco,Carnaíba,0.0,0,0,0.0,9,4,44.44,46.03,20.46,0.05,19551,20.44,0.0,40.88,0.0
2020-05-25,Pernambuco,Carnaíba,0.0,0,0,0.0,9,4,44.44,46.03,20.46,0.05,19551,20.44,0.0,40.88,0.0
2020-05-24,Pernambuco,Carnaíba,5.11,1,0,0.0,9,4,44.44,46.03,20.46,0.05,19551,20.44,5.11,40.88,5.11
2020-05-23,Pernambuco,Carnaíba,0.0,0,0,0.0,8,4,50.0,40.92,20.46,0.04,19551,15.33,0.0,35.77,0.0
2020-05-22,Pernambuco,Carnaíba,5.11,1,0,0.0,8,4,50.0,40.92,20.46,0.04,19551,15.33,5.11,35.77,5.11
2020-05-21,Pernambuco,Carnaíba,5.11,1,0,0.0,7,4,57.14,35.8,20.46,0.04,19551,10.22,5.11,30.66,5.11
2020-05-20,Pernambuco,Carnaíba,5.11,1,0,0.0,6,4,66.67,30.69,20.46,0.03,19551,5.11,5.11,25.55,5.11
2020-05-19,Pernambuco,Carnaíba,0.0,0,0,0.0,5,4,80.0,25.57,20.46,0.03,19551,0.0,-5.11,20.44,0.0
2020-05-18,Pernambuco,Carnaíba,0.0,0,0,0.0,5,4,80.0,25.57,20.46,0.03,19551,5.11,0.0,20.44,0.0
2020-05-17,Pernambuco,Carnaíba,0.0,0,0,0.0,5,4,80.0,25.57,20.46,0.03,19551,5.11,-5.11,20.44,0.0
2020-05-16,Pernambuco,Carnaíba,0.0,0,0,0.0,5,4,80.0,25.57,20.46,0.03,19551,10.22,-5.11,20.44,0.0
2020-05-15,Pernambuco,Carnaíba,0.0,0,0,0.0,5,4,80.0,25.57,20.46,0.03,19551,15.33,0.0,20.44,0.0
2020-05-14,Pernambuco,Carnaíba,0.0,0,0,0.0,5,4,80.0,25.57,20.46,0.03,19551,15.33,0.0,20.44,0.0
2020-05-13,Pernambuco,Carnaíba,0.0,0,0,0.0,5,4,80.0,25.57,20.46,0.03,19551,15.33,0.0,20.44,0.0
2020-05-12,Pernambuco,Carnaíba,5.11,1,1,5.11,5,4,80.0,25.57,20.46,0.03,19551,15.33,10.22,20.44,5.11
2020-05-11,Pernambuco,Carnaíba,0.0,0,0,0.0,4,3,75.0,20.46,15.34,0.02,19551,5.11,0.0,15.33,0.0
2020-05-10,Pernambuco,Carnaíba,5.11,1,1,5.11,4,3,75.0,20.46,15.34,0.02,19551,5.11,5.11,15.33,5.11
2020-05-09,Pernambuco,Carnaíba,5.11,1,0,0.0,3,2,66.67,15.34,10.23,0.02,19551,0.0,0.0,10.22,5.11
2020-05-08,Pernambuco,Carnaíba,0.0,0,0,0.0,2,2,100.0,10.23,10.23,0.01,19551,0.0,0.0,5.11,0.0
2020-05-07,Pernambuco,Carnaíba,0.0,0,0,0.0,2,2,100.0,10.23,10.23,0.01,19551,0.0,0.0,5.11,0.0
2020-05-05,Pernambuco,Carnaíba,0.0,0,0,0.0,2,2,100.0,10.23,10.23,0.01,19551,0.0,-5.11,5.11,0.0
2020-05-04,Pernambuco,Carnaíba,-5.11,-1,0,0.0,2,2,100.0,10.23,10.23,0.01,19551,5.11,-5.11,5.11,-5.11
2020-05-03,Pernambuco,Carnaíba,0.0,0,0,0.0,3,2,66.67,15.34,10.23,0.02,19551,10.22,0.0,10.22,0.0
2020-05-02,Pernambuco,Carnaíba,0.0,0,0,0.0,3,2,66.67,15.34,10.23,0.02,19551,10.22,0.0,10.22,0.0
2020-05-01,Pernambuco,Carnaíba,5.11,1,0,0.0,3,2,66.67,15.34,10.23,0.02,19551,10.22,5.11,10.22,5.11
2020-04-30,Pernambuco,Carnaíba,0.0,0,0,0.0,2,2,100.0,10.23,10.23,0.01,19551,5.11,0.0,5.11,0.0
2020-04-29,Pernambuco,Carnaíba,0.0,0,0,0.0,2,2,100.0,10.23,10.23,0.01,19551,5.11,0.0,5.11,0.0
2020-04-28,Pernambuco,Carnaíba,5.11,1,1,5.11,2,2,100.0,10.23,10.23,0.01,19551,5.11,5.11,5.11,5.11
2020-04-27,Pernambuco,Carnaíba,0.0,0,0,0.0,1,1,100.0,5.11,5.11,0.01,19551,0.0,0.0,0.0,0.0
2020-04-26,Pernambuco,Carnaíba,0.0,0,0,0.0,1,1,100.0,5.11,5.11,0.01,19551,0.0,0.0,0.0,0.0
2020-04-25,Pernambuco,Carnaíba,0.0,0,0,0.0,1,1,100.0,5.11,5.11,0.01,19551,0.0,0.0,0.0,0.0
2020-04-24,Pernambuco,Carnaíba,0.0,0,0,0.0,1,1,100.0,5.11,5.11,0.01,19551,0.0,0.0,0.0,0.0
2020-04-23,Pernambuco,Carnaíba,0.0,0,0,0.0,1,1,100.0,5.11,5.11,0.01,19551,0.0,0.0,0.0,0.0
2020-04-22,Pernambuco,Carnaíba,0.0,0,0,0.0,1,1,100.0,5.11,5.11,0.01,19551,0.0,0.0,0.0,0.0
2020-04-21,Pernambuco,Carnaíba,0.0,0,0,0.0,1,1,100.0,5.11,5.11,0.01,19551,0.0,0.0,0.0,0.0
2020-04-20,Pernambuco,Carnaíba,0.0,0,0,0.0,1,1,100.0,5.11,5.11,0.01,19551,0.0,0.0,0.0,0.0
2020-04-19,Pernambuco,Carnaíba,0.0,0,0,0.0,1,1,100.0,5.11,5.11,0.01,19551,0.0,0.0,0.0,0.0
2020-04-18,Pernambuco,Carnaíba,0.0,0,0,0.0,1,1,100.0,5.11,5.11,0.01,19551,0.0,0.0,0.0,0.0
2020-04-17,Pernambuco,Carnaíba,0.0,0,0,0.0,1,1,100.0,5.11,5.11,0.01,19551,0.0,0.0,0.0,0.0
2020-04-16,Pernambuco,Carnaíba,0.0,0,0,0.0,1,1,100.0,5.11,5.11,0.01,19551,0.0,0.0,0.0,0.0
2020-04-15,Pernambuco,Carnaíba,0.0,0,0,0.0,1,1,100.0,5.11,5.11,0.01,19551,0.0,0.0,0.0,0.0
2020-04-14,Pernambuco,Carnaíba,0.0,0,0,0.0,1,1,100.0,5.11,5.11,0.01,19551,0.0,0.0,0.0,0.0
