date,state,city,1day_cases_100k,new_cases,new_deaths,new_deaths_100k,total_cases,total_deaths,cfr%,total_cases_100k,total_deaths_100k,%infected,population,7day_cases_100k,7day_cases_change,28day_cases_100k,28day_cases_change
2020-08-22,Pernambuco,Gravatá,10.7,9,0,0.0,567,57,10.05,674.41,67.8,0.67,84074,33.31,10.7,224.83,2.37
2020-08-21,Pernambuco,Gravatá,8.33,7,0,0.0,558,57,10.22,663.7,67.8,0.66,84074,22.61,1.19,222.46,-1.19
2020-08-20,Pernambuco,Gravatá,1.19,1,0,0.0,551,57,10.34,655.38,67.8,0.66,84074,21.42,-17.84,223.65,-5.95
2020-08-19,Pernambuco,Gravatá,9.52,8,0,0.0,550,57,10.36,654.19,67.8,0.65,84074,39.26,5.95,229.6,-3.56
2020-08-18,Pernambuco,Gravatá,1.19,1,0,0.0,542,57,10.52,644.67,67.8,0.64,84074,33.31,-1.19,233.16,1.19
2020-08-17,Pernambuco,Gravatá,0.0,0,0,0.0,541,57,10.54,643.48,67.8,0.64,84074,34.5,-8.33,231.97,-9.52
2020-08-16,Pernambuco,Gravatá,2.38,2,0,0.0,541,57,10.54,643.48,67.8,0.64,84074,42.83,2.38,241.49,-5.95
2020-08-15,Pernambuco,Gravatá,0.0,0,1,1.19,539,57,10.58,641.1,67.8,0.64,84074,40.45,-8.33,247.44,-11.89
2020-08-14,Pernambuco,Gravatá,7.14,6,0,0.0,539,56,10.39,641.1,66.61,0.64,84074,48.78,2.38,259.33,-8.32
2020-08-13,Pernambuco,Gravatá,19.03,16,1,1.19,533,56,10.51,633.97,66.61,0.63,84074,46.4,1.19,267.65,13.08
2020-08-12,Pernambuco,Gravatá,3.57,3,0,0.0,517,55,10.64,614.93,65.42,0.61,84074,45.21,-16.65,254.57,-7.13
2020-08-11,Pernambuco,Gravatá,2.38,2,1,1.19,514,55,10.7,611.37,65.42,0.61,84074,61.86,0.0,261.7,-5.95
2020-08-10,Pernambuco,Gravatá,8.33,7,7,8.33,512,54,10.55,608.99,64.23,0.61,84074,61.86,3.57,267.65,-1.19
2020-08-09,Pernambuco,Gravatá,0.0,0,1,1.19,505,47,9.31,600.66,55.9,0.6,84074,58.29,-3.57,268.84,-9.52
2020-08-08,Pernambuco,Gravatá,8.33,7,0,0.0,505,46,9.11,600.66,54.71,0.6,84074,61.86,-9.51,278.36,1.19
2020-08-07,Pernambuco,Gravatá,4.76,4,0,0.0,498,46,9.24,592.34,54.71,0.59,84074,71.37,-26.17,277.17,2.38
2020-08-06,Pernambuco,Gravatá,17.84,15,1,1.19,494,46,9.31,587.58,54.71,0.59,84074,97.54,7.14,274.79,16.65
2020-08-05,Pernambuco,Gravatá,20.22,17,1,1.19,479,45,9.39,569.74,53.52,0.57,84074,90.4,13.08,258.14,10.7
2020-08-04,Pernambuco,Gravatá,2.38,2,0,0.0,462,44,9.52,549.52,52.33,0.55,84074,77.32,-1.19,247.44,-5.95
2020-08-03,Pernambuco,Gravatá,4.76,4,0,0.0,460,44,9.57,547.14,52.33,0.55,84074,78.51,-7.13,253.39,-2.38
2020-08-02,Pernambuco,Gravatá,3.57,3,0,0.0,456,44,9.65,542.38,52.33,0.54,84074,85.64,-3.57,255.77,-14.27
2020-08-01,Pernambuco,Gravatá,17.84,15,2,2.38,453,44,9.71,538.81,52.33,0.54,84074,89.21,9.51,270.04,8.32
2020-07-31,Pernambuco,Gravatá,30.93,26,0,0.0,438,42,9.59,520.97,49.96,0.52,84074,79.7,21.41,261.72,28.55
2020-07-30,Pernambuco,Gravatá,10.7,9,2,2.38,412,42,10.19,490.04,49.96,0.49,84074,58.29,3.56,233.17,5.94
2020-07-29,Pernambuco,Gravatá,7.14,6,-1,-1.19,403,40,9.93,479.34,47.58,0.48,84074,54.73,-5.94,227.23,5.95
2020-07-28,Pernambuco,Gravatá,3.57,3,1,1.19,397,41,10.33,472.2,48.77,0.47,84074,60.67,3.57,221.28,0.0
2020-07-27,Pernambuco,Gravatá,11.89,10,1,1.19,394,40,10.15,468.63,47.58,0.47,84074,57.1,2.37,221.28,10.7
2020-07-26,Pernambuco,Gravatá,7.14,6,0,0.0,384,39,10.16,456.74,46.39,0.46,84074,54.73,-1.19,210.58,0.0
2020-07-25,Pernambuco,Gravatá,8.33,7,1,1.19,378,39,10.32,449.6,46.39,0.45,84074,55.92,-3.56,210.58,5.95
2020-07-24,Pernambuco,Gravatá,9.52,8,0,0.0,371,38,10.24,441.28,45.2,0.44,84074,59.48,-5.94,204.63,1.19
2020-07-23,Pernambuco,Gravatá,7.14,6,0,0.0,363,38,10.47,431.76,45.2,0.43,84074,65.42,1.19,203.44,5.95
2020-07-22,Pernambuco,Gravatá,13.08,11,2,2.38,357,38,10.64,424.63,45.2,0.42,84074,64.23,2.38,197.49,3.56
2020-07-21,Pernambuco,Gravatá,0.0,0,0,0.0,346,36,10.4,411.54,42.82,0.41,84074,61.85,-8.33,193.93,0.0
2020-07-20,Pernambuco,Gravatá,9.52,8,1,1.19,346,36,10.4,411.54,42.82,0.41,84074,70.18,0.0,193.93,7.14
2020-07-19,Pernambuco,Gravatá,8.33,7,1,1.19,338,35,10.36,402.03,41.63,0.4,84074,70.18,-1.19,186.79,-1.19
2020-07-18,Pernambuco,Gravatá,11.89,10,0,0.0,331,34,10.27,393.7,40.44,0.39,84074,71.37,4.75,187.98,9.51
2020-07-17,Pernambuco,Gravatá,15.46,13,1,1.19,321,34,10.59,381.81,40.44,0.38,84074,66.62,13.08,178.47,10.7
2020-07-16,Pernambuco,Gravatá,5.95,5,0,0.0,308,33,10.71,366.34,39.25,0.37,84074,53.54,4.76,167.77,1.19
2020-07-15,Pernambuco,Gravatá,10.7,9,0,0.0,303,33,10.89,360.4,39.25,0.36,84074,48.78,1.18,166.58,9.51
2020-07-14,Pernambuco,Gravatá,8.33,7,2,2.38,294,33,11.22,349.69,39.25,0.35,84074,47.6,0.0,157.07,7.14
2020-07-13,Pernambuco,Gravatá,9.52,8,1,1.19,287,31,10.8,341.37,36.87,0.34,84074,47.6,2.38,149.93,5.95
2020-07-12,Pernambuco,Gravatá,9.52,8,0,0.0,279,30,10.75,331.85,35.68,0.33,84074,45.22,-8.32,143.98,7.14
2020-07-11,Pernambuco,Gravatá,7.14,6,0,0.0,271,30,11.07,322.34,35.68,0.32,84074,53.54,-2.38,136.84,0.0
2020-07-10,Pernambuco,Gravatá,2.38,2,2,2.38,265,30,11.32,315.2,35.68,0.32,84074,55.92,0.0,136.84,-5.95
2020-07-09,Pernambuco,Gravatá,1.19,1,0,0.0,263,28,10.65,312.82,33.3,0.31,84074,55.92,-3.57,142.79,-3.57
2020-07-08,Pernambuco,Gravatá,9.52,8,8,9.52,262,28,10.69,311.63,33.3,0.31,84074,59.49,8.33,146.36,0.0
2020-07-07,Pernambuco,Gravatá,8.33,7,1,1.19,254,20,7.87,302.11,23.79,0.3,84074,51.16,4.76,146.36,3.57
2020-07-06,Pernambuco,Gravatá,7.14,6,0,0.0,247,19,7.69,293.79,22.6,0.29,84074,46.4,5.95,142.79,2.38
2020-07-05,Pernambuco,Gravatá,17.84,15,0,0.0,241,19,7.88,286.65,22.6,0.29,84074,40.45,10.7,140.41,13.08
2020-07-04,Pernambuco,Gravatá,9.52,8,0,0.0,226,19,8.41,268.81,22.6,0.27,84074,29.75,7.14,127.33,7.14
2020-07-03,Pernambuco,Gravatá,2.38,2,2,2.38,218,19,8.72,259.3,22.6,0.26,84074,22.61,-5.95,120.19,0.0
2020-07-02,Pernambuco,Gravatá,4.76,4,0,0.0,216,17,7.87,256.92,20.22,0.26,84074,28.56,3.57,120.19,-4.76
2020-07-01,Pernambuco,Gravatá,1.19,1,0,0.0,212,17,8.02,252.16,20.22,0.25,84074,24.99,-8.33,124.95,-4.76
2020-06-30,Pernambuco,Gravatá,3.57,3,1,1.19,211,17,8.06,250.97,20.22,0.25,84074,33.32,3.57,129.71,3.57
2020-06-29,Pernambuco,Gravatá,1.19,1,0,0.0,208,16,7.69,247.4,19.03,0.25,84074,29.75,-1.19,126.14,-5.95
2020-06-28,Pernambuco,Gravatá,7.14,6,0,0.0,207,16,7.73,246.21,19.03,0.25,84074,30.94,-2.38,132.09,4.76
2020-06-27,Pernambuco,Gravatá,2.38,2,0,0.0,201,16,7.96,239.08,19.03,0.24,84074,33.32,0.0,127.33,0.0
2020-06-26,Pernambuco,Gravatá,8.33,7,0,0.0,199,16,8.04,236.7,19.03,0.24,84074,33.32,3.57,127.33,2.38
2020-06-25,Pernambuco,Gravatá,1.19,1,0,0.0,192,16,8.33,228.37,19.03,0.23,84074,29.75,-3.57,124.95,0.0
2020-06-24,Pernambuco,Gravatá,9.52,8,0,0.0,191,16,8.38,227.18,19.03,0.23,84074,33.32,8.33,124.95,9.52
2020-06-23,Pernambuco,Gravatá,0.0,0,1,1.19,183,16,8.74,217.67,19.03,0.22,84074,24.99,-1.19,115.43,-2.38
2020-06-22,Pernambuco,Gravatá,2.38,2,1,1.19,183,15,8.2,217.67,17.84,0.22,84074,26.18,-1.19,117.81,-3.57
2020-06-21,Pernambuco,Gravatá,9.52,8,1,1.19,181,14,7.73,215.29,16.65,0.22,84074,27.37,7.14,121.38,3.57
2020-06-20,Pernambuco,Gravatá,2.38,2,0,0.0,173,13,7.51,205.77,15.46,0.21,84074,20.23,-4.76,117.81,1.19
2020-06-19,Pernambuco,Gravatá,4.76,4,0,0.0,171,13,7.6,203.39,15.46,0.2,84074,24.99,-3.57,116.62,0.0
2020-06-18,Pernambuco,Gravatá,4.76,4,0,0.0,167,13,7.78,198.63,15.46,0.2,84074,28.56,0.0,116.62,-3.57
2020-06-17,Pernambuco,Gravatá,1.19,1,1,1.19,163,13,7.98,193.88,15.46,0.19,84074,28.56,-8.33,120.19,-15.46
2020-06-16,Pernambuco,Gravatá,1.19,1,0,0.0,162,12,7.41,192.69,14.27,0.19,84074,36.89,-3.57,135.65,-3.57
2020-06-15,Pernambuco,Gravatá,3.57,3,0,0.0,161,12,7.45,191.5,14.27,0.19,84074,40.46,-1.19,139.22,1.19
2020-06-14,Pernambuco,Gravatá,2.38,2,0,0.0,158,12,7.59,187.93,14.27,0.19,84074,41.65,-2.38,138.03,-1.19
2020-06-13,Pernambuco,Gravatá,7.14,6,0,0.0,156,12,7.69,185.55,14.27,0.19,84074,44.03,4.76,139.22,4.76
2020-06-12,Pernambuco,Gravatá,8.33,7,0,0.0,150,12,8.0,178.41,14.27,0.18,84074,39.27,5.95,134.46,3.57
2020-06-11,Pernambuco,Gravatá,4.76,4,0,0.0,143,12,8.39,170.09,14.27,0.17,84074,33.32,-4.76,130.89,2.38
2020-06-10,Pernambuco,Gravatá,9.52,8,0,0.0,139,12,8.63,165.33,14.27,0.17,84074,38.08,3.57,128.51,8.33
2020-06-09,Pernambuco,Gravatá,4.76,4,1,1.19,131,12,9.16,155.82,14.27,0.16,84074,34.51,4.76,120.18,3.57
2020-06-08,Pernambuco,Gravatá,4.76,4,0,0.0,127,11,8.66,151.06,13.08,0.15,84074,29.75,-2.38,116.61,-1.19
2020-06-07,Pernambuco,Gravatá,4.76,4,0,0.0,123,11,8.94,146.3,13.08,0.15,84074,32.13,2.38,117.8,0.0
2020-06-06,Pernambuco,Gravatá,2.38,2,0,0.0,119,11,9.24,141.54,13.08,0.14,84074,29.75,0.0,117.8,-1.19
2020-06-05,Pernambuco,Gravatá,2.38,2,1,1.19,117,11,9.4,139.16,13.08,0.14,84074,29.75,-3.57,118.99,2.38
2020-06-04,Pernambuco,Gravatá,9.52,8,0,0.0,115,10,8.7,136.78,11.89,0.14,84074,33.32,8.33,116.61,5.95
2020-06-03,Pernambuco,Gravatá,5.95,5,0,0.0,107,10,9.35,127.27,11.89,0.13,84074,24.99,5.95,110.66,5.95
2020-06-02,Pernambuco,Gravatá,0.0,0,0,0.0,102,10,9.8,121.32,11.89,0.12,84074,19.04,-2.38,104.71,0.0
2020-06-01,Pernambuco,Gravatá,7.14,6,0,0.0,102,10,9.8,121.32,11.89,0.12,84074,21.42,1.19,104.71,7.14
2020-05-31,Pernambuco,Gravatá,2.38,2,0,0.0,96,10,10.42,114.19,11.89,0.11,84074,20.23,-3.57,97.57,-1.19
2020-05-30,Pernambuco,Gravatá,2.38,2,0,0.0,94,10,10.64,111.81,11.89,0.11,84074,23.8,1.19,98.76,1.19
2020-05-29,Pernambuco,Gravatá,5.95,5,2,2.38,92,10,10.87,109.43,11.89,0.11,84074,22.61,1.19,97.57,3.57
2020-05-28,Pernambuco,Gravatá,1.19,1,0,0.0,87,8,9.2,103.48,9.52,0.1,84074,21.42,-7.14,94.0,1.19
2020-05-27,Pernambuco,Gravatá,0.0,0,0,0.0,86,8,9.3,102.29,9.52,0.1,84074,28.56,-16.65,92.81,-1.19
2020-05-26,Pernambuco,Gravatá,2.38,2,0,0.0,86,8,9.3,102.29,9.52,0.1,84074,45.21,-2.38,94.0,2.38
2020-05-25,Pernambuco,Gravatá,5.95,5,0,0.0,84,8,9.52,99.91,9.52,0.1,84074,47.59,3.57,91.62,3.57
2020-05-24,Pernambuco,Gravatá,5.95,5,1,1.19,79,8,10.13,93.96,9.52,0.09,84074,44.02,2.38,88.05,4.76
2020-05-23,Pernambuco,Gravatá,1.19,1,-1,-1.19,74,7,9.46,88.02,8.33,0.09,84074,41.64,-1.19,83.29,-1.19
2020-05-22,Pernambuco,Gravatá,4.76,4,2,2.38,73,8,10.96,86.83,9.52,0.09,84074,42.83,0.0,84.48,4.76
2020-05-21,Pernambuco,Gravatá,8.33,7,1,1.19,69,6,8.7,82.07,7.14,0.08,84074,42.83,5.95,79.72,8.33
2020-05-20,Pernambuco,Gravatá,16.65,14,1,1.19,62,5,8.06,73.74,5.95,0.07,84074,36.88,15.46,71.39,15.46
2020-05-19,Pernambuco,Gravatá,4.76,4,0,0.0,48,4,8.33,57.09,4.76,0.06,84074,21.42,3.57,55.93,4.76
2020-05-18,Pernambuco,Gravatá,2.38,2,0,0.0,44,4,9.09,52.33,4.76,0.05,84074,17.85,-3.57,51.17,2.38
2020-05-17,Pernambuco,Gravatá,3.57,3,0,0.0,42,4,9.52,49.96,4.76,0.05,84074,21.42,-1.19,48.79,3.57
2020-05-16,Pernambuco,Gravatá,2.38,2,0,0.0,39,4,10.26,46.39,4.76,0.05,84074,22.61,-1.19,45.22,2.38
2020-05-15,Pernambuco,Gravatá,4.76,4,0,0.0,37,4,10.81,44.01,4.76,0.04,84074,23.8,4.76,42.84,4.76
2020-05-14,Pernambuco,Gravatá,2.38,2,1,1.19,33,4,12.12,39.25,4.76,0.04,84074,19.04,-1.19,38.08,2.38
2020-05-13,Pernambuco,Gravatá,1.19,1,0,0.0,31,3,9.68,36.87,3.57,0.04,84074,20.23,1.19,35.7,1.19
2020-05-12,Pernambuco,Gravatá,1.19,1,0,0.0,30,3,10.0,35.68,3.57,0.04,84074,19.04,1.19,34.51,1.19
2020-05-11,Pernambuco,Gravatá,5.95,5,1,1.19,29,3,10.34,34.49,3.57,0.03,84074,17.85,5.95,33.32,5.95
2020-05-10,Pernambuco,Gravatá,4.76,4,0,0.0,24,2,8.33,28.55,2.38,0.03,84074,11.9,1.19,27.37,4.76
2020-05-09,Pernambuco,Gravatá,3.57,3,0,0.0,20,2,10.0,23.79,2.38,0.02,84074,10.71,2.38,22.61,3.57
2020-05-08,Pernambuco,Gravatá,0.0,0,0,0.0,17,2,11.76,20.22,2.38,0.02,84074,8.33,-2.38,19.04,0.0
2020-05-07,Pernambuco,Gravatá,3.57,3,1,1.19,17,2,11.76,20.22,2.38,0.02,84074,10.71,3.57,19.04,3.57
2020-05-05,Pernambuco,Gravatá,0.0,0,0,0.0,14,1,7.14,16.65,1.19,0.02,84074,7.14,-1.19,15.47,0.0
2020-05-04,Pernambuco,Gravatá,0.0,0,0,0.0,14,1,7.14,16.65,1.19,0.02,84074,8.33,0.0,15.47,0.0
2020-05-03,Pernambuco,Gravatá,0.0,0,0,0.0,14,1,7.14,16.65,1.19,0.02,84074,8.33,-2.38,15.47,0.0
2020-05-02,Pernambuco,Gravatá,3.57,3,0,0.0,14,1,7.14,16.65,1.19,0.02,84074,10.71,2.38,15.47,3.57
2020-05-01,Pernambuco,Gravatá,1.19,1,1,1.19,11,1,9.09,13.08,1.19,0.01,84074,8.33,-1.19,11.9,1.19
2020-04-30,Pernambuco,Gravatá,2.38,2,0,0.0,10,0,0.0,11.89,0.0,0.01,84074,9.52,2.38,10.71,2.38
2020-04-29,Pernambuco,Gravatá,0.0,0,0,0.0,8,0,0.0,9.52,0.0,0.01,84074,7.14,0.0,8.33,0.0
2020-04-28,Pernambuco,Gravatá,1.19,1,0,0.0,8,0,0.0,9.52,0.0,0.01,84074,7.14,0.0,8.33,1.19
2020-04-27,Pernambuco,Gravatá,0.0,0,0,0.0,7,0,0.0,8.33,0.0,0.01,84074,7.14,0.0,7.14,0.0
2020-04-26,Pernambuco,Gravatá,2.38,2,0,0.0,7,0,0.0,8.33,0.0,0.01,84074,7.14,2.38,7.14,2.38
2020-04-25,Pernambuco,Gravatá,1.19,1,0,0.0,5,0,0.0,5.95,0.0,0.01,84074,4.76,1.19,4.76,1.19
2020-04-24,Pernambuco,Gravatá,2.38,2,0,0.0,4,0,0.0,4.76,0.0,0.0,84074,3.57,2.38,3.57,2.38
2020-04-23,Pernambuco,Gravatá,0.0,0,0,0.0,2,0,0.0,2.38,0.0,0.0,84074,1.19,0.0,1.19,0.0
2020-04-22,Pernambuco,Gravatá,0.0,0,0,0.0,2,0,0.0,2.38,0.0,0.0,84074,1.19,0.0,1.19,0.0
2020-04-21,Pernambuco,Gravatá,1.19,1,0,0.0,2,0,0.0,2.38,0.0,0.0,84074,1.19,1.19,1.19,1.19
2020-04-20,Pernambuco,Gravatá,0.0,0,0,0.0,1,0,0.0,1.19,0.0,0.0,84074,0.0,0.0,0.0,0.0
2020-04-19,Pernambuco,Gravatá,0.0,0,0,0.0,1,0,0.0,1.19,0.0,0.0,84074,0.0,0.0,0.0,0.0
2020-04-18,Pernambuco,Gravatá,0.0,0,0,0.0,1,0,0.0,1.19,0.0,0.0,84074,0.0,0.0,0.0,0.0
2020-04-17,Pernambuco,Gravatá,0.0,0,0,0.0,1,0,0.0,1.19,0.0,0.0,84074,0.0,0.0,0.0,0.0
2020-04-16,Pernambuco,Gravatá,0.0,0,0,0.0,1,0,0.0,1.19,0.0,0.0,84074,0.0,0.0,0.0,0.0
2020-04-15,Pernambuco,Gravatá,0.0,0,0,0.0,1,0,0.0,1.19,0.0,0.0,84074,0.0,0.0,0.0,0.0
2020-04-14,Pernambuco,Gravatá,0.0,0,0,0.0,1,0,0.0,1.19,0.0,0.0,84074,0.0,0.0,0.0,0.0
2020-04-13,Pernambuco,Gravatá,0.0,0,0,0.0,1,0,0.0,1.19,0.0,0.0,84074,0.0,0.0,0.0,0.0
