date,state,city,1day_cases_100k,new_cases,new_deaths,new_deaths_100k,total_cases,total_deaths,cfr%,total_cases_100k,total_deaths_100k,%infected,population,7day_cases_100k,7day_cases_change,28day_cases_100k,28day_cases_change
2020-09-03,Pernambuco,Petrolândia,57.46,21,0,0.0,269,5,1.86,736.02,13.68,0.74,36548,57.47,46.52,385.79,38.31
2020-09-02,Pernambuco,Petrolândia,35.57,13,0,0.0,248,5,2.02,678.56,13.68,0.68,36548,10.95,5.47,347.48,24.63
2020-09-01,Pernambuco,Petrolândia,-60.19,-22,0,0.0,235,5,2.13,642.99,13.68,0.64,36548,5.48,-60.19,322.85,-62.93
2020-08-31,Pernambuco,Petrolândia,2.74,1,0,0.0,257,5,1.95,703.18,13.68,0.7,36548,65.67,2.74,385.78,2.74
2020-08-30,Pernambuco,Petrolândia,21.89,8,0,0.0,256,5,1.95,700.45,13.68,0.7,36548,62.93,-38.3,383.04,21.89
2020-08-29,Pernambuco,Petrolândia,0.0,0,0,0.0,248,5,2.02,678.56,13.68,0.68,36548,101.23,-13.68,361.15,-5.47
2020-08-28,Pernambuco,Petrolândia,0.0,0,0,0.0,248,5,2.02,678.56,13.68,0.68,36548,114.91,-46.51,366.62,-2.74
2020-08-27,Pernambuco,Petrolândia,10.94,4,0,0.0,248,5,2.02,678.56,13.68,0.68,36548,161.42,2.73,369.36,-2.74
2020-08-26,Pernambuco,Petrolândia,30.1,11,0,0.0,244,5,2.05,667.62,13.68,0.67,36548,158.69,2.74,372.1,13.68
2020-08-25,Pernambuco,Petrolândia,0.0,0,0,0.0,233,5,2.15,637.52,13.68,0.64,36548,155.95,-16.42,358.42,-2.74
2020-08-24,Pernambuco,Petrolândia,0.0,0,0,0.0,233,5,2.15,637.52,13.68,0.64,36548,172.37,0.0,361.16,0.0
2020-08-23,Pernambuco,Petrolândia,60.19,22,0,0.0,233,5,2.15,637.52,13.68,0.64,36548,172.37,41.04,361.16,54.72
2020-08-22,Pernambuco,Petrolândia,13.68,5,0,0.0,211,5,2.37,577.32,13.68,0.58,36548,131.33,-13.68,306.44,-13.68
2020-08-21,Pernambuco,Petrolândia,46.51,17,0,0.0,206,5,2.43,563.64,13.68,0.56,36548,145.01,38.3,320.12,43.77
2020-08-20,Pernambuco,Petrolândia,8.21,3,1,2.74,189,5,2.65,517.13,13.68,0.52,36548,106.71,2.74,276.35,8.21
2020-08-19,Pernambuco,Petrolândia,27.36,10,0,0.0,186,4,2.15,508.92,10.94,0.51,36548,103.97,16.42,268.14,21.89
2020-08-18,Pernambuco,Petrolândia,16.42,6,0,0.0,176,4,2.27,481.56,10.94,0.48,36548,87.55,16.42,246.25,13.68
2020-08-17,Pernambuco,Petrolândia,0.0,0,0,0.0,170,4,2.35,465.14,10.94,0.47,36548,71.13,-5.47,232.57,0.0
2020-08-16,Pernambuco,Petrolândia,19.15,7,0,0.0,170,4,2.35,465.14,10.94,0.47,36548,76.6,2.73,232.57,16.41
2020-08-15,Pernambuco,Petrolândia,27.36,10,0,0.0,163,4,2.45,445.99,10.94,0.45,36548,73.87,13.68,216.16,19.15
2020-08-14,Pernambuco,Petrolândia,8.21,3,0,0.0,153,4,2.61,418.63,10.94,0.42,36548,60.19,0.0,197.01,8.21
2020-08-13,Pernambuco,Petrolândia,5.47,2,0,0.0,150,4,2.67,410.42,10.94,0.41,36548,60.19,-13.68,188.8,0.0
2020-08-12,Pernambuco,Petrolândia,10.94,4,0,0.0,148,4,2.7,404.95,10.94,0.4,36548,73.87,0.0,188.8,10.94
2020-08-11,Pernambuco,Petrolândia,0.0,0,0,0.0,144,4,2.78,394.0,10.94,0.39,36548,73.87,-2.74,177.86,-8.21
2020-08-10,Pernambuco,Petrolândia,5.47,2,0,0.0,144,4,2.78,394.0,10.94,0.39,36548,76.61,5.47,186.07,5.47
2020-08-09,Pernambuco,Petrolândia,16.42,6,0,0.0,142,4,2.82,388.53,10.94,0.39,36548,71.14,16.42,180.6,13.68
2020-08-08,Pernambuco,Petrolândia,13.68,5,0,0.0,136,4,2.94,372.11,10.94,0.37,36548,54.72,8.21,166.92,8.21
2020-08-07,Pernambuco,Petrolândia,8.21,3,0,0.0,131,4,3.05,358.43,10.94,0.36,36548,46.51,5.47,158.71,-5.47
2020-08-06,Pernambuco,Petrolândia,19.15,7,0,0.0,128,4,3.12,350.22,10.94,0.35,36548,41.04,5.47,164.18,19.15
2020-08-05,Pernambuco,Petrolândia,10.94,4,1,2.74,121,4,3.31,331.07,10.94,0.33,36548,35.57,-5.48,145.03,10.94
2020-08-04,Pernambuco,Petrolândia,2.74,1,0,0.0,117,3,2.56,320.13,8.21,0.32,36548,41.05,0.0,134.09,2.74
2020-08-03,Pernambuco,Petrolândia,0.0,0,0,0.0,116,3,2.59,317.39,8.21,0.32,36548,41.05,0.0,131.35,-2.74
2020-08-02,Pernambuco,Petrolândia,0.0,0,0,0.0,116,3,2.59,317.39,8.21,0.32,36548,41.05,-5.47,134.09,-16.42
2020-08-01,Pernambuco,Petrolândia,5.47,2,0,0.0,116,3,2.59,317.39,8.21,0.32,36548,46.52,-21.89,150.51,0.0
2020-07-31,Pernambuco,Petrolândia,2.74,1,0,0.0,114,3,2.63,311.92,8.21,0.31,36548,68.41,0.0,150.51,2.74
2020-07-30,Pernambuco,Petrolândia,13.68,5,0,0.0,113,3,2.65,309.18,8.21,0.31,36548,68.41,13.68,147.77,8.21
2020-07-29,Pernambuco,Petrolândia,16.42,6,0,0.0,108,3,2.78,295.5,8.21,0.3,36548,54.73,10.95,139.56,0.0
2020-07-28,Pernambuco,Petrolândia,2.74,1,0,0.0,102,3,2.94,279.09,8.21,0.28,36548,43.78,0.0,139.56,2.74
2020-07-27,Pernambuco,Petrolândia,0.0,0,0,0.0,101,3,2.97,276.35,8.21,0.28,36548,43.78,0.0,136.82,0.0
2020-07-26,Pernambuco,Petrolândia,5.47,2,0,0.0,101,3,2.97,276.35,8.21,0.28,36548,43.78,2.73,136.82,2.73
2020-07-25,Pernambuco,Petrolândia,27.36,10,0,0.0,99,3,3.03,270.88,8.21,0.27,36548,41.05,19.15,134.09,8.21
2020-07-24,Pernambuco,Petrolândia,2.74,1,0,0.0,89,3,3.37,243.52,8.21,0.24,36548,21.9,2.74,125.88,0.0
2020-07-23,Pernambuco,Petrolândia,0.0,0,0,0.0,88,3,3.41,240.78,8.21,0.24,36548,19.16,-5.47,125.88,-2.74
2020-07-22,Pernambuco,Petrolândia,5.47,2,0,0.0,88,3,3.41,240.78,8.21,0.24,36548,24.63,5.47,128.62,-13.68
2020-07-21,Pernambuco,Petrolândia,2.74,1,0,0.0,86,3,3.49,235.31,8.21,0.24,36548,19.16,-5.47,142.3,2.74
2020-07-20,Pernambuco,Petrolândia,0.0,0,0,0.0,85,3,3.53,232.57,8.21,0.23,36548,24.63,0.0,139.56,0.0
2020-07-19,Pernambuco,Petrolândia,2.74,1,0,0.0,85,3,3.53,232.57,8.21,0.23,36548,24.63,0.0,139.56,-2.73
2020-07-18,Pernambuco,Petrolândia,8.21,3,0,0.0,84,3,3.57,229.83,8.21,0.23,36548,24.63,2.74,142.29,5.47
2020-07-17,Pernambuco,Petrolândia,0.0,0,0,0.0,81,3,3.7,221.63,8.21,0.22,36548,21.89,-13.68,136.82,-5.47
2020-07-16,Pernambuco,Petrolândia,5.47,2,0,0.0,81,3,3.7,221.63,8.21,0.22,36548,35.57,5.47,142.29,0.0
2020-07-15,Pernambuco,Petrolândia,0.0,0,1,2.74,79,3,3.8,216.15,8.21,0.22,36548,30.1,0.0,142.29,-16.42
2020-07-14,Pernambuco,Petrolândia,8.21,3,0,0.0,79,2,2.53,216.15,5.47,0.22,36548,30.1,8.21,158.71,0.0
2020-07-13,Pernambuco,Petrolândia,0.0,0,0,0.0,76,2,2.63,207.95,5.47,0.21,36548,21.89,-2.74,158.71,0.0
2020-07-12,Pernambuco,Petrolândia,2.74,1,0,0.0,76,2,2.63,207.95,5.47,0.21,36548,24.63,-13.68,158.71,0.0
2020-07-11,Pernambuco,Petrolândia,5.47,2,0,0.0,75,2,2.67,205.21,5.47,0.21,36548,38.31,0.0,158.71,5.47
2020-07-10,Pernambuco,Petrolândia,13.68,5,0,0.0,73,2,2.74,199.74,5.47,0.2,36548,38.31,13.68,153.24,13.68
2020-07-09,Pernambuco,Petrolândia,0.0,0,0,0.0,68,2,2.94,186.06,5.47,0.19,36548,24.63,-5.47,139.56,-2.74
2020-07-08,Pernambuco,Petrolândia,0.0,0,0,0.0,68,2,2.94,186.06,5.47,0.19,36548,30.1,-16.42,142.3,0.0
2020-07-07,Pernambuco,Petrolândia,0.0,0,0,0.0,68,2,2.94,186.06,5.47,0.19,36548,46.52,0.0,142.3,0.0
2020-07-06,Pernambuco,Petrolândia,2.74,1,0,0.0,68,2,2.94,186.06,5.47,0.19,36548,46.52,2.74,142.3,-2.73
2020-07-05,Pernambuco,Petrolândia,16.42,6,0,0.0,67,2,2.99,183.32,5.47,0.18,36548,43.78,13.68,145.03,10.95
2020-07-04,Pernambuco,Petrolândia,5.47,2,0,0.0,61,2,3.28,166.9,5.47,0.17,36548,30.1,-13.68,134.08,2.73
2020-07-03,Pernambuco,Petrolândia,0.0,0,0,0.0,59,2,3.39,161.43,5.47,0.16,36548,43.78,-2.74,131.35,-2.74
2020-07-02,Pernambuco,Petrolândia,5.47,2,0,0.0,59,2,3.39,161.43,5.47,0.16,36548,46.52,2.73,134.09,2.73
2020-07-01,Pernambuco,Petrolândia,16.42,6,0,0.0,57,2,3.51,155.96,5.47,0.16,36548,43.79,-2.73,131.36,16.42
2020-06-30,Pernambuco,Petrolândia,0.0,0,0,0.0,51,2,3.92,139.54,5.47,0.14,36548,46.52,0.0,114.94,0.0
2020-06-29,Pernambuco,Petrolândia,0.0,0,0,0.0,51,2,3.92,139.54,5.47,0.14,36548,46.52,0.0,114.94,0.0
2020-06-28,Pernambuco,Petrolândia,2.74,1,0,0.0,51,2,3.92,139.54,5.47,0.14,36548,46.52,-2.73,114.94,2.74
2020-06-27,Pernambuco,Petrolândia,19.15,7,0,0.0,50,2,4.0,136.81,5.47,0.14,36548,49.25,16.41,112.2,16.41
2020-06-26,Pernambuco,Petrolândia,2.74,1,0,0.0,43,2,4.65,117.65,5.47,0.12,36548,32.84,-2.73,95.79,0.0
2020-06-25,Pernambuco,Petrolândia,2.74,1,0,0.0,42,2,4.76,114.92,5.47,0.11,36548,35.57,-2.73,95.79,2.74
2020-06-24,Pernambuco,Petrolândia,19.15,7,0,0.0,41,2,4.88,112.18,5.47,0.11,36548,38.3,2.73,93.05,19.15
2020-06-23,Pernambuco,Petrolândia,0.0,0,0,0.0,34,2,5.88,93.03,5.47,0.09,36548,35.57,-8.21,73.9,0.0
2020-06-22,Pernambuco,Petrolândia,0.0,0,0,0.0,34,2,5.88,93.03,5.47,0.09,36548,43.78,0.0,73.9,0.0
2020-06-21,Pernambuco,Petrolândia,5.47,2,0,0.0,34,2,5.88,93.03,5.47,0.09,36548,43.78,2.73,73.9,5.47
2020-06-20,Pernambuco,Petrolândia,2.74,1,0,0.0,32,2,6.25,87.56,5.47,0.09,36548,41.05,2.74,68.43,2.74
2020-06-19,Pernambuco,Petrolândia,5.47,2,1,2.74,31,2,6.45,84.82,5.47,0.08,36548,38.31,5.47,65.69,2.73
2020-06-18,Pernambuco,Petrolândia,5.47,2,0,0.0,29,1,3.45,79.35,2.74,0.08,36548,32.84,2.73,62.96,5.47
2020-06-17,Pernambuco,Petrolândia,16.42,6,0,0.0,27,1,3.7,73.88,2.74,0.07,36548,30.11,16.42,57.49,13.68
2020-06-16,Pernambuco,Petrolândia,8.21,3,0,0.0,21,1,4.76,57.46,2.74,0.06,36548,13.69,8.21,43.81,5.47
2020-06-15,Pernambuco,Petrolândia,0.0,0,0,0.0,18,1,5.56,49.25,2.74,0.05,36548,5.48,-5.47,38.34,0.0
2020-06-14,Pernambuco,Petrolândia,2.74,1,0,0.0,18,1,5.56,49.25,2.74,0.05,36548,10.95,-2.73,38.34,2.74
2020-06-13,Pernambuco,Petrolândia,0.0,0,0,0.0,17,1,5.88,46.51,2.74,0.05,36548,13.68,-2.74,35.6,-2.74
2020-06-12,Pernambuco,Petrolândia,0.0,0,0,0.0,17,1,5.88,46.51,2.74,0.05,36548,16.42,-2.74,38.34,0.0
2020-06-11,Pernambuco,Petrolândia,2.74,1,0,0.0,17,1,5.88,46.51,2.74,0.05,36548,19.16,0.0,38.34,2.74
2020-06-10,Pernambuco,Petrolândia,0.0,0,0,0.0,16,1,6.25,43.78,2.74,0.04,36548,19.16,0.0,35.6,0.0
2020-06-09,Pernambuco,Petrolândia,0.0,0,0,0.0,16,1,6.25,43.78,2.74,0.04,36548,19.16,0.0,35.6,0.0
2020-06-08,Pernambuco,Petrolândia,5.47,2,0,0.0,16,1,6.25,43.78,2.74,0.04,36548,19.16,5.47,35.6,5.47
2020-06-07,Pernambuco,Petrolândia,5.47,2,0,0.0,14,1,7.14,38.31,2.74,0.04,36548,13.69,5.47,30.13,5.47
2020-06-06,Pernambuco,Petrolândia,2.74,1,0,0.0,12,1,8.33,32.83,2.74,0.03,36548,8.22,0.0,24.66,0.0
2020-06-05,Pernambuco,Petrolândia,2.74,1,0,0.0,11,1,9.09,30.1,2.74,0.03,36548,8.22,0.0,24.66,2.74
2020-06-04,Pernambuco,Petrolândia,2.74,1,0,0.0,10,1,10.0,27.36,2.74,0.03,36548,8.22,2.74,21.92,2.74
2020-06-03,Pernambuco,Petrolândia,0.0,0,0,0.0,9,1,11.11,24.63,2.74,0.02,36548,5.48,0.0,19.18,0.0
2020-06-02,Pernambuco,Petrolândia,0.0,0,0,0.0,9,1,11.11,24.63,2.74,0.02,36548,5.48,0.0,19.18,0.0
2020-06-01,Pernambuco,Petrolândia,0.0,0,1,2.74,9,1,11.11,24.63,2.74,0.02,36548,5.48,0.0,19.18,-5.47
2020-05-31,Pernambuco,Petrolândia,0.0,0,0,0.0,9,0,0.0,24.63,0.0,0.02,36548,5.48,0.0,24.65,0.0
2020-05-30,Pernambuco,Petrolândia,2.74,1,0,0.0,9,0,0.0,24.63,0.0,0.02,36548,5.48,2.74,24.65,2.74
2020-05-29,Pernambuco,Petrolândia,2.74,1,0,0.0,8,0,0.0,21.89,0.0,0.02,36548,2.74,0.0,21.91,5.48
2020-05-28,Pernambuco,Petrolândia,0.0,0,0,0.0,7,0,0.0,19.15,0.0,0.02,36548,2.74,0.0,16.43,0.0
2020-05-27,Pernambuco,Petrolândia,0.0,0,0,0.0,7,0,0.0,19.15,0.0,0.02,36548,2.74,-2.74,16.43,0.0
2020-05-26,Pernambuco,Petrolândia,0.0,0,0,0.0,7,0,0.0,19.15,0.0,0.02,36548,5.48,-2.74,16.43,0.0
2020-05-25,Pernambuco,Petrolândia,0.0,0,0,0.0,7,0,0.0,19.15,0.0,0.02,36548,8.22,0.0,16.43,0.0
2020-05-24,Pernambuco,Petrolândia,0.0,0,0,0.0,7,0,0.0,19.15,0.0,0.02,36548,8.22,0.0,16.43,0.0
2020-05-23,Pernambuco,Petrolândia,0.0,0,0,0.0,7,0,0.0,19.15,0.0,0.02,36548,8.22,-2.74,16.43,0.0
2020-05-22,Pernambuco,Petrolândia,2.74,1,0,0.0,7,0,0.0,19.15,0.0,0.02,36548,10.96,2.74,16.43,2.74
2020-05-21,Pernambuco,Petrolândia,0.0,0,0,0.0,6,0,0.0,16.42,0.0,0.02,36548,8.22,0.0,13.69,0.0
2020-05-20,Pernambuco,Petrolândia,2.74,1,0,0.0,6,0,0.0,16.42,0.0,0.02,36548,8.22,2.74,13.69,2.74
2020-05-19,Pernambuco,Petrolândia,2.74,1,0,0.0,5,0,0.0,13.68,0.0,0.01,36548,5.48,2.74,10.95,2.74
2020-05-18,Pernambuco,Petrolândia,0.0,0,0,0.0,4,0,0.0,10.94,0.0,0.01,36548,2.74,0.0,8.21,0.0
2020-05-17,Pernambuco,Petrolândia,0.0,0,0,0.0,4,0,0.0,10.94,0.0,0.01,36548,2.74,0.0,8.21,0.0
2020-05-16,Pernambuco,Petrolândia,2.74,1,0,0.0,4,0,0.0,10.94,0.0,0.01,36548,2.74,0.0,8.21,2.74
2020-05-15,Pernambuco,Petrolândia,0.0,0,0,0.0,3,0,0.0,8.21,0.0,0.01,36548,2.74,0.0,5.47,0.0
2020-05-14,Pernambuco,Petrolândia,0.0,0,0,0.0,3,0,0.0,8.21,0.0,0.01,36548,2.74,0.0,5.47,0.0
2020-05-13,Pernambuco,Petrolândia,0.0,0,0,0.0,3,0,0.0,8.21,0.0,0.01,36548,2.74,0.0,5.47,0.0
2020-05-12,Pernambuco,Petrolândia,0.0,0,0,0.0,3,0,0.0,8.21,0.0,0.01,36548,2.74,0.0,5.47,0.0
2020-05-11,Pernambuco,Petrolândia,0.0,0,0,0.0,3,0,0.0,8.21,0.0,0.01,36548,2.74,-5.47,5.47,0.0
2020-05-10,Pernambuco,Petrolândia,0.0,0,0,0.0,3,0,0.0,8.21,0.0,0.01,36548,8.21,0.0,5.47,0.0
2020-05-09,Pernambuco,Petrolândia,2.74,1,0,0.0,3,0,0.0,8.21,0.0,0.01,36548,8.21,2.74,5.47,2.74
2020-05-08,Pernambuco,Petrolândia,0.0,0,0,0.0,2,0,0.0,5.47,0.0,0.01,36548,5.47,2.74,2.73,0.0
2020-05-07,Pernambuco,Petrolândia,0.0,0,0,0.0,2,0,0.0,5.47,0.0,0.01,36548,2.73,0.0,2.73,0.0
2020-05-05,Pernambuco,Petrolândia,0.0,0,0,0.0,2,0,0.0,5.47,0.0,0.01,36548,2.73,0.0,2.73,0.0
2020-05-04,Pernambuco,Petrolândia,0.0,0,0,0.0,2,0,0.0,5.47,0.0,0.01,36548,2.73,0.0,2.73,0.0
2020-05-03,Pernambuco,Petrolândia,5.47,2,0,0.0,2,0,0.0,5.47,0.0,0.01,36548,2.73,5.47,2.73,5.47
2020-05-02,Pernambuco,Petrolândia,0.0,0,0,0.0,0,0,0.0,0.0,0.0,0.0,36548,-2.74,0.0,-2.74,0.0
2020-05-01,Pernambuco,Petrolândia,0.0,0,0,0.0,0,0,0.0,0.0,0.0,0.0,36548,-2.74,0.0,-2.74,0.0
2020-04-30,Pernambuco,Petrolândia,-2.74,-1,0,0.0,0,0,0.0,0.0,0.0,0.0,36548,-2.74,-2.74,-2.74,-2.74
2020-04-29,Pernambuco,Petrolândia,0.0,0,0,0.0,1,0,0.0,2.74,0.0,0.0,36548,0.0,0.0,0.0,0.0
2020-04-28,Pernambuco,Petrolândia,0.0,0,0,0.0,1,0,0.0,2.74,0.0,0.0,36548,0.0,0.0,0.0,0.0
