date,state,city,new_cases_100k,new_cases,new_deaths,new_deaths_100k,total_cases,total_deaths,cfr%,total_cases_100k,total_deaths_100k,%infected,population
2020-07-30,Pernambuco,Primavera,6.68,1,0,0.0,76,13,17.11,507.82,86.86,0.51,14966
2020-07-29,Pernambuco,Primavera,0.0,0,0,0.0,75,13,17.33,501.14,86.86,0.5,14966
2020-07-28,Pernambuco,Primavera,0.0,0,0,0.0,75,13,17.33,501.14,86.86,0.5,14966
2020-07-27,Pernambuco,Primavera,6.68,1,1,6.68,75,13,17.33,501.14,86.86,0.5,14966
2020-07-26,Pernambuco,Primavera,6.68,1,0,0.0,74,12,16.22,494.45,80.18,0.49,14966
2020-07-25,Pernambuco,Primavera,6.68,1,1,6.68,73,12,16.44,487.77,80.18,0.49,14966
2020-07-24,Pernambuco,Primavera,0.0,0,0,0.0,72,11,15.28,481.09,73.5,0.48,14966
2020-07-23,Pernambuco,Primavera,13.36,2,0,0.0,72,11,15.28,481.09,73.5,0.48,14966
2020-07-22,Pernambuco,Primavera,13.36,2,0,0.0,70,11,15.71,467.73,73.5,0.47,14966
2020-07-21,Pernambuco,Primavera,0.0,0,0,0.0,68,11,16.18,454.36,73.5,0.45,14966
2020-07-20,Pernambuco,Primavera,0.0,0,0,0.0,68,11,16.18,454.36,73.5,0.45,14966
2020-07-19,Pernambuco,Primavera,0.0,0,0,0.0,68,11,16.18,454.36,73.5,0.45,14966
2020-07-18,Pernambuco,Primavera,0.0,0,0,0.0,68,11,16.18,454.36,73.5,0.45,14966
2020-07-17,Pernambuco,Primavera,0.0,0,0,0.0,68,11,16.18,454.36,73.5,0.45,14966
2020-07-16,Pernambuco,Primavera,6.68,1,0,0.0,68,11,16.18,454.36,73.5,0.45,14966
2020-07-15,Pernambuco,Primavera,0.0,0,0,0.0,67,11,16.42,447.68,73.5,0.45,14966
2020-07-14,Pernambuco,Primavera,0.0,0,0,0.0,67,11,16.42,447.68,73.5,0.45,14966
2020-07-13,Pernambuco,Primavera,0.0,0,0,0.0,67,11,16.42,447.68,73.5,0.45,14966
2020-07-12,Pernambuco,Primavera,0.0,0,0,0.0,67,11,16.42,447.68,73.5,0.45,14966
2020-07-11,Pernambuco,Primavera,0.0,0,0,0.0,67,11,16.42,447.68,73.5,0.45,14966
2020-07-10,Pernambuco,Primavera,0.0,0,1,6.68,67,11,16.42,447.68,73.5,0.45,14966
2020-07-09,Pernambuco,Primavera,6.68,1,2,13.36,67,10,14.93,447.68,66.82,0.45,14966
2020-07-08,Pernambuco,Primavera,0.0,0,0,0.0,66,8,12.12,441.0,53.45,0.44,14966
2020-07-07,Pernambuco,Primavera,0.0,0,0,0.0,66,8,12.12,441.0,53.45,0.44,14966
2020-07-06,Pernambuco,Primavera,0.0,0,0,0.0,66,8,12.12,441.0,53.45,0.44,14966
2020-07-05,Pernambuco,Primavera,20.05,3,0,0.0,66,8,12.12,441.0,53.45,0.44,14966
2020-07-04,Pernambuco,Primavera,0.0,0,0,0.0,63,8,12.7,420.95,53.45,0.42,14966
2020-07-03,Pernambuco,Primavera,6.68,1,1,6.68,63,8,12.7,420.95,53.45,0.42,14966
2020-07-02,Pernambuco,Primavera,0.0,0,0,0.0,62,7,11.29,414.27,46.77,0.41,14966
2020-07-01,Pernambuco,Primavera,0.0,0,0,0.0,62,7,11.29,414.27,46.77,0.41,14966
2020-06-30,Pernambuco,Primavera,0.0,0,0,0.0,62,7,11.29,414.27,46.77,0.41,14966
2020-06-29,Pernambuco,Primavera,0.0,0,0,0.0,62,7,11.29,414.27,46.77,0.41,14966
2020-06-28,Pernambuco,Primavera,6.68,1,0,0.0,62,7,11.29,414.27,46.77,0.41,14966
2020-06-27,Pernambuco,Primavera,0.0,0,1,6.68,61,7,11.48,407.59,46.77,0.41,14966
2020-06-26,Pernambuco,Primavera,6.68,1,0,0.0,61,6,9.84,407.59,40.09,0.41,14966
2020-06-25,Pernambuco,Primavera,0.0,0,0,0.0,60,6,10.0,400.91,40.09,0.4,14966
2020-06-24,Pernambuco,Primavera,6.68,1,0,0.0,60,6,10.0,400.91,40.09,0.4,14966
2020-06-23,Pernambuco,Primavera,0.0,0,0,0.0,59,6,10.17,394.23,40.09,0.39,14966
2020-06-22,Pernambuco,Primavera,0.0,0,0,0.0,59,6,10.17,394.23,40.09,0.39,14966
2020-06-21,Pernambuco,Primavera,6.68,1,0,0.0,59,6,10.17,394.23,40.09,0.39,14966
2020-06-20,Pernambuco,Primavera,0.0,0,0,0.0,58,6,10.34,387.55,40.09,0.39,14966
2020-06-19,Pernambuco,Primavera,6.68,1,0,0.0,58,6,10.34,387.55,40.09,0.39,14966
2020-06-18,Pernambuco,Primavera,0.0,0,0,0.0,57,6,10.53,380.86,40.09,0.38,14966
2020-06-17,Pernambuco,Primavera,0.0,0,0,0.0,57,6,10.53,380.86,40.09,0.38,14966
2020-06-16,Pernambuco,Primavera,0.0,0,0,0.0,57,6,10.53,380.86,40.09,0.38,14966
2020-06-15,Pernambuco,Primavera,0.0,0,0,0.0,57,6,10.53,380.86,40.09,0.38,14966
2020-06-14,Pernambuco,Primavera,0.0,0,0,0.0,57,6,10.53,380.86,40.09,0.38,14966
2020-06-13,Pernambuco,Primavera,0.0,0,-1,-6.68,57,6,10.53,380.86,40.09,0.38,14966
2020-06-12,Pernambuco,Primavera,6.68,1,0,0.0,57,7,12.28,380.86,46.77,0.38,14966
2020-06-11,Pernambuco,Primavera,20.05,3,2,13.36,56,7,12.5,374.18,46.77,0.37,14966
2020-06-10,Pernambuco,Primavera,6.68,1,0,0.0,53,5,9.43,354.14,33.41,0.35,14966
2020-06-09,Pernambuco,Primavera,0.0,0,0,0.0,52,5,9.62,347.45,33.41,0.35,14966
2020-06-08,Pernambuco,Primavera,0.0,0,0,0.0,52,5,9.62,347.45,33.41,0.35,14966
2020-06-07,Pernambuco,Primavera,13.36,2,0,0.0,52,5,9.62,347.45,33.41,0.35,14966
2020-06-06,Pernambuco,Primavera,13.36,2,1,6.68,50,5,10.0,334.09,33.41,0.33,14966
2020-06-05,Pernambuco,Primavera,0.0,0,0,0.0,48,4,8.33,320.73,26.73,0.32,14966
2020-06-04,Pernambuco,Primavera,6.68,1,0,0.0,48,4,8.33,320.73,26.73,0.32,14966
2020-06-03,Pernambuco,Primavera,6.68,1,0,0.0,47,4,8.51,314.05,26.73,0.31,14966
2020-06-02,Pernambuco,Primavera,6.68,1,1,6.68,46,4,8.7,307.36,26.73,0.31,14966
2020-06-01,Pernambuco,Primavera,6.68,1,0,0.0,45,3,6.67,300.68,20.05,0.3,14966
2020-05-31,Pernambuco,Primavera,0.0,0,0,0.0,44,3,6.82,294.0,20.05,0.29,14966
2020-05-30,Pernambuco,Primavera,6.68,1,1,6.68,44,3,6.82,294.0,20.05,0.29,14966
2020-05-29,Pernambuco,Primavera,20.05,3,0,0.0,43,2,4.65,287.32,13.36,0.29,14966
2020-05-28,Pernambuco,Primavera,0.0,0,0,0.0,40,2,5.0,267.27,13.36,0.27,14966
2020-05-27,Pernambuco,Primavera,6.68,1,0,0.0,40,2,5.0,267.27,13.36,0.27,14966
2020-05-26,Pernambuco,Primavera,6.68,1,1,6.68,39,2,5.13,260.59,13.36,0.26,14966
2020-05-25,Pernambuco,Primavera,6.68,1,0,0.0,38,1,2.63,253.91,6.68,0.25,14966
2020-05-24,Pernambuco,Primavera,13.36,2,0,0.0,37,1,2.7,247.23,6.68,0.25,14966
2020-05-23,Pernambuco,Primavera,20.05,3,0,0.0,35,1,2.86,233.86,6.68,0.23,14966
2020-05-22,Pernambuco,Primavera,13.36,2,0,0.0,32,1,3.12,213.82,6.68,0.21,14966
2020-05-21,Pernambuco,Primavera,40.09,6,0,0.0,30,1,3.33,200.45,6.68,0.2,14966
2020-05-20,Pernambuco,Primavera,33.41,5,0,0.0,24,1,4.17,160.36,6.68,0.16,14966
2020-05-19,Pernambuco,Primavera,13.36,2,0,0.0,19,1,5.26,126.95,6.68,0.13,14966
2020-05-18,Pernambuco,Primavera,6.68,1,1,6.68,17,1,5.88,113.59,6.68,0.11,14966
2020-05-17,Pernambuco,Primavera,6.68,1,0,0.0,16,0,0.0,106.91,0.0,0.11,14966
2020-05-16,Pernambuco,Primavera,13.36,2,0,0.0,15,0,0.0,100.23,0.0,0.1,14966
2020-05-15,Pernambuco,Primavera,6.68,1,0,0.0,13,0,0.0,86.86,0.0,0.09,14966
2020-05-14,Pernambuco,Primavera,0.0,0,0,0.0,12,0,0.0,80.18,0.0,0.08,14966
2020-05-13,Pernambuco,Primavera,6.68,1,0,0.0,12,0,0.0,80.18,0.0,0.08,14966
2020-05-12,Pernambuco,Primavera,0.0,0,0,0.0,11,0,0.0,73.5,0.0,0.07,14966
2020-05-11,Pernambuco,Primavera,13.36,2,0,0.0,11,0,0.0,73.5,0.0,0.07,14966
2020-05-10,Pernambuco,Primavera,13.36,2,0,0.0,9,0,0.0,60.14,0.0,0.06,14966
2020-05-09,Pernambuco,Primavera,6.68,1,0,0.0,7,0,0.0,46.77,0.0,0.05,14966
2020-05-08,Pernambuco,Primavera,0.0,0,0,0.0,6,0,0.0,40.09,0.0,0.04,14966
2020-05-07,Pernambuco,Primavera,20.05,3,0,0.0,6,0,0.0,40.09,0.0,0.04,14966
2020-05-05,Pernambuco,Primavera,0.0,0,0,0.0,3,0,0.0,20.05,0.0,0.02,14966
2020-05-04,Pernambuco,Primavera,0.0,0,0,0.0,3,0,0.0,20.05,0.0,0.02,14966
2020-05-03,Pernambuco,Primavera,0.0,0,0,0.0,3,0,0.0,20.05,0.0,0.02,14966
2020-05-02,Pernambuco,Primavera,0.0,0,0,0.0,3,0,0.0,20.05,0.0,0.02,14966
2020-05-01,Pernambuco,Primavera,0.0,0,0,0.0,3,0,0.0,20.05,0.0,0.02,14966
2020-04-30,Pernambuco,Primavera,0.0,0,0,0.0,3,0,0.0,20.05,0.0,0.02,14966
2020-04-29,Pernambuco,Primavera,0.0,0,0,0.0,3,0,0.0,20.05,0.0,0.02,14966
2020-04-28,Pernambuco,Primavera,13.36,2,0,0.0,3,0,0.0,20.05,0.0,0.02,14966
2020-04-27,Pernambuco,Primavera,13.36,2,0,0.0,1,0,0.0,6.68,0.0,0.01,14966
