date,state,city,1day_cases_100k,new_cases,new_deaths,new_deaths_100k,total_cases,total_deaths,cfr%,total_cases_100k,total_deaths_100k,%infected,population,7day_cases_100k,7day_cases_change,28day_cases_100k,28day_cases_change
2020-08-28,Pernambuco,São Vicente Ferrer,16.65,3,0,0.0,376,14,3.72,2086.8,77.7,2.09,18018,266.4,-44.4,466.2,0.0
2020-08-27,Pernambuco,São Vicente Ferrer,61.05,11,0,0.0,373,14,3.75,2070.15,77.7,2.07,18018,310.8,61.05,466.2,27.75
2020-08-26,Pernambuco,São Vicente Ferrer,0.0,0,0,0.0,362,14,3.87,2009.1,77.7,2.01,18018,249.75,-22.2,438.45,0.0
2020-08-25,Pernambuco,São Vicente Ferrer,0.0,0,1,5.55,362,14,3.87,2009.1,77.7,2.01,18018,271.95,0.0,438.45,-11.1
2020-08-24,Pernambuco,São Vicente Ferrer,0.0,0,0,0.0,362,13,3.59,2009.1,72.15,2.01,18018,271.95,0.0,449.55,-11.1
2020-08-23,Pernambuco,São Vicente Ferrer,116.55,21,0,0.0,362,13,3.59,2009.1,72.15,2.01,18018,271.95,38.85,460.65,-11.1
2020-08-22,Pernambuco,São Vicente Ferrer,72.15,13,0,0.0,341,13,3.81,1892.55,72.15,1.89,18018,233.1,72.15,471.75,61.05
2020-08-21,Pernambuco,São Vicente Ferrer,61.05,11,0,0.0,328,13,3.96,1820.4,72.15,1.82,18018,160.95,55.5,410.7,38.85
2020-08-20,Pernambuco,São Vicente Ferrer,0.0,0,0,0.0,317,13,4.1,1759.35,72.15,1.76,18018,105.45,0.0,371.85,-105.45
2020-08-19,Pernambuco,São Vicente Ferrer,22.2,4,0,0.0,317,13,4.1,1759.35,72.15,1.76,18018,105.45,22.2,477.3,11.1
2020-08-18,Pernambuco,São Vicente Ferrer,0.0,0,0,0.0,313,13,4.15,1737.15,72.15,1.74,18018,83.25,0.0,466.2,-210.9
2020-08-17,Pernambuco,São Vicente Ferrer,0.0,0,0,0.0,313,13,4.15,1737.15,72.15,1.74,18018,83.25,0.0,677.1,-27.75
2020-08-16,Pernambuco,São Vicente Ferrer,77.7,14,0,0.0,313,13,4.15,1737.15,72.15,1.74,18018,83.25,72.15,704.85,77.7
2020-08-15,Pernambuco,São Vicente Ferrer,0.0,0,1,5.55,299,13,4.35,1659.45,72.15,1.66,18018,11.1,-11.1,627.15,-16.65
2020-08-14,Pernambuco,São Vicente Ferrer,5.55,1,0,0.0,299,12,4.01,1659.45,66.6,1.66,18018,22.2,0.0,643.8,-83.25
2020-08-13,Pernambuco,São Vicente Ferrer,0.0,0,0,0.0,298,12,4.03,1653.9,66.6,1.65,18018,22.2,-11.1,727.05,-11.1
2020-08-12,Pernambuco,São Vicente Ferrer,0.0,0,0,0.0,298,12,4.03,1653.9,66.6,1.65,18018,33.3,0.0,738.15,-16.65
2020-08-11,Pernambuco,São Vicente Ferrer,0.0,0,0,0.0,298,12,4.03,1653.9,66.6,1.65,18018,33.3,0.0,754.8,0.0
2020-08-10,Pernambuco,São Vicente Ferrer,0.0,0,0,0.0,298,12,4.03,1653.9,66.6,1.65,18018,33.3,0.0,754.8,0.0
2020-08-09,Pernambuco,São Vicente Ferrer,5.55,1,0,0.0,298,12,4.03,1653.9,66.6,1.65,18018,33.3,5.55,754.8,-116.55
2020-08-08,Pernambuco,São Vicente Ferrer,11.1,2,0,0.0,297,12,4.04,1648.35,66.6,1.65,18018,27.75,11.1,871.35,5.55
2020-08-07,Pernambuco,São Vicente Ferrer,5.55,1,0,0.0,295,12,4.07,1637.25,66.6,1.64,18018,16.65,-11.1,865.8,-5.55
2020-08-06,Pernambuco,São Vicente Ferrer,11.1,2,0,0.0,294,12,4.08,1631.7,66.6,1.63,18018,27.75,-22.2,871.35,11.1
2020-08-05,Pernambuco,São Vicente Ferrer,0.0,0,0,0.0,292,12,4.11,1620.6,66.6,1.62,18018,49.95,0.0,860.25,-49.95
2020-08-04,Pernambuco,São Vicente Ferrer,0.0,0,0,0.0,292,12,4.11,1620.6,66.6,1.62,18018,49.95,-11.1,910.2,0.0
2020-08-03,Pernambuco,São Vicente Ferrer,0.0,0,0,0.0,292,12,4.11,1620.6,66.6,1.62,18018,61.05,-11.1,910.2,0.0
2020-08-02,Pernambuco,São Vicente Ferrer,0.0,0,0,0.0,292,12,4.11,1620.6,66.6,1.62,18018,72.15,-127.65,910.2,5.55
2020-08-01,Pernambuco,São Vicente Ferrer,0.0,0,0,0.0,292,12,4.11,1620.6,66.6,1.62,18018,199.8,-11.1,904.65,-27.75
2020-07-31,Pernambuco,São Vicente Ferrer,16.65,3,1,5.55,292,12,4.11,1620.6,66.6,1.62,18018,210.9,-5.55,932.4,-5.55
2020-07-30,Pernambuco,São Vicente Ferrer,33.3,6,0,0.0,289,11,3.81,1603.95,61.05,1.6,18018,216.45,-72.15,937.95,27.75
2020-07-29,Pernambuco,São Vicente Ferrer,0.0,0,0,0.0,283,11,3.89,1570.65,61.05,1.57,18018,288.6,-11.1,910.2,-5.55
2020-07-28,Pernambuco,São Vicente Ferrer,11.1,2,0,0.0,283,11,3.89,1570.65,61.05,1.57,18018,299.7,-199.8,915.75,11.1
2020-07-27,Pernambuco,São Vicente Ferrer,11.1,2,0,0.0,281,11,3.91,1559.55,61.05,1.56,18018,499.5,-16.65,904.65,-72.15
2020-07-26,Pernambuco,São Vicente Ferrer,127.65,23,0,0.0,279,11,3.94,1548.45,61.05,1.55,18018,516.15,127.65,976.8,83.25
2020-07-25,Pernambuco,São Vicente Ferrer,11.1,2,0,0.0,256,11,4.3,1420.8,61.05,1.42,18018,388.5,-5.55,893.55,-11.1
2020-07-24,Pernambuco,São Vicente Ferrer,22.2,4,0,0.0,254,11,4.33,1409.7,61.05,1.41,18018,394.05,-66.6,904.65,16.65
2020-07-23,Pernambuco,São Vicente Ferrer,105.45,19,0,0.0,250,11,4.4,1387.5,61.05,1.39,18018,460.65,94.35,888.0,72.15
2020-07-22,Pernambuco,São Vicente Ferrer,11.1,2,0,0.0,231,11,4.76,1282.05,61.05,1.28,18018,366.3,-5.55,815.85,0.0
2020-07-21,Pernambuco,São Vicente Ferrer,210.9,38,0,0.0,229,11,4.8,1270.95,61.05,1.27,18018,371.85,210.9,815.85,210.9
2020-07-20,Pernambuco,São Vicente Ferrer,27.75,5,0,0.0,191,11,5.76,1060.05,61.05,1.06,18018,160.95,27.75,604.95,27.75
2020-07-19,Pernambuco,São Vicente Ferrer,0.0,0,0,0.0,186,11,5.91,1032.3,61.05,1.03,18018,133.2,-122.1,577.2,-66.6
2020-07-18,Pernambuco,São Vicente Ferrer,16.65,3,0,0.0,186,11,5.91,1032.3,61.05,1.03,18018,255.3,11.1,643.8,-16.65
2020-07-17,Pernambuco,São Vicente Ferrer,88.8,16,1,5.55,183,11,6.01,1015.65,61.05,1.02,18018,244.2,77.7,660.45,61.05
2020-07-16,Pernambuco,São Vicente Ferrer,11.1,2,0,0.0,167,10,5.99,926.85,55.5,0.93,18018,166.5,11.1,599.4,5.55
2020-07-15,Pernambuco,São Vicente Ferrer,16.65,3,0,0.0,165,10,6.06,915.75,55.5,0.92,18018,155.4,-33.3,593.85,11.1
2020-07-14,Pernambuco,São Vicente Ferrer,0.0,0,0,0.0,162,10,6.17,899.1,55.5,0.9,18018,188.7,0.0,582.75,-5.55
2020-07-13,Pernambuco,São Vicente Ferrer,0.0,0,0,0.0,162,10,6.17,899.1,55.5,0.9,18018,188.7,0.0,588.3,-5.55
2020-07-12,Pernambuco,São Vicente Ferrer,122.1,22,1,5.55,162,10,6.17,899.1,55.5,0.9,18018,188.7,127.65,593.85,94.35
2020-07-11,Pernambuco,São Vicente Ferrer,5.55,1,0,0.0,140,9,6.43,777.0,49.95,0.78,18018,61.05,-22.2,499.5,0.0
2020-07-10,Pernambuco,São Vicente Ferrer,11.1,2,0,0.0,139,9,6.47,771.45,49.95,0.77,18018,83.25,-11.1,499.5,-44.4
2020-07-09,Pernambuco,São Vicente Ferrer,0.0,0,0,0.0,137,9,6.57,760.35,49.95,0.76,18018,94.35,-5.55,543.9,-22.2
2020-07-08,Pernambuco,São Vicente Ferrer,49.95,9,0,0.0,137,9,6.57,760.35,49.95,0.76,18018,99.9,44.4,566.1,38.85
2020-07-07,Pernambuco,São Vicente Ferrer,0.0,0,1,5.55,128,9,7.03,710.4,49.95,0.71,18018,55.5,0.0,527.25,0.0
2020-07-06,Pernambuco,São Vicente Ferrer,0.0,0,0,0.0,128,8,6.25,710.4,44.4,0.71,18018,55.5,-83.25,527.25,-11.1
2020-07-05,Pernambuco,São Vicente Ferrer,-5.55,-1,0,0.0,128,8,6.25,710.4,44.4,0.71,18018,138.75,-49.95,538.35,-22.2
2020-07-04,Pernambuco,São Vicente Ferrer,27.75,5,1,5.55,129,8,6.2,715.95,44.4,0.72,18018,188.7,5.55,560.55,-5.55
2020-07-03,Pernambuco,São Vicente Ferrer,22.2,4,0,0.0,124,7,5.65,688.2,38.85,0.69,18018,183.15,16.65,566.1,16.65
2020-07-02,Pernambuco,São Vicente Ferrer,5.55,1,0,0.0,120,7,5.83,666.0,38.85,0.67,18018,166.5,-27.75,549.45,-5.55
2020-07-01,Pernambuco,São Vicente Ferrer,5.55,1,0,0.0,119,7,5.88,660.45,38.85,0.66,18018,194.25,-5.55,555.0,-5.55
2020-06-30,Pernambuco,São Vicente Ferrer,0.0,0,0,0.0,118,7,5.93,654.9,38.85,0.65,18018,199.8,0.0,560.55,-5.55
2020-06-29,Pernambuco,São Vicente Ferrer,83.25,15,0,0.0,118,7,5.93,654.9,38.85,0.65,18018,199.8,83.25,566.1,72.15
2020-06-28,Pernambuco,São Vicente Ferrer,44.4,8,0,0.0,103,7,6.8,571.65,38.85,0.57,18018,116.55,-22.2,493.95,44.4
2020-06-27,Pernambuco,São Vicente Ferrer,22.2,4,0,0.0,95,7,7.37,527.25,38.85,0.53,18018,138.75,-11.1,449.55,16.65
2020-06-26,Pernambuco,São Vicente Ferrer,5.55,1,0,0.0,91,7,7.69,505.05,38.85,0.51,18018,149.85,-22.2,432.9,-5.55
2020-06-25,Pernambuco,São Vicente Ferrer,33.3,6,0,0.0,90,7,7.78,499.5,38.85,0.5,18018,172.05,27.75,438.45,33.3
2020-06-24,Pernambuco,São Vicente Ferrer,11.1,2,0,0.0,84,7,8.33,466.2,38.85,0.47,18018,144.3,5.55,405.15,11.1
2020-06-23,Pernambuco,São Vicente Ferrer,0.0,0,0,0.0,82,7,8.54,455.1,38.85,0.46,18018,138.75,-5.55,394.05,0.0
2020-06-22,Pernambuco,São Vicente Ferrer,0.0,0,0,0.0,82,7,8.54,455.1,38.85,0.46,18018,144.3,-5.55,394.05,0.0
2020-06-21,Pernambuco,São Vicente Ferrer,66.6,12,0,0.0,82,7,8.54,455.1,38.85,0.46,18018,149.85,38.85,394.05,66.6
2020-06-20,Pernambuco,São Vicente Ferrer,33.3,6,1,5.55,70,7,10.0,388.5,38.85,0.39,18018,111.0,27.75,327.45,33.3
2020-06-19,Pernambuco,São Vicente Ferrer,27.75,5,0,0.0,64,6,9.38,355.2,33.3,0.36,18018,83.25,-27.75,294.15,16.65
2020-06-18,Pernambuco,São Vicente Ferrer,5.55,1,0,0.0,59,6,10.17,327.45,33.3,0.33,18018,111.0,-16.65,277.5,5.55
2020-06-17,Pernambuco,São Vicente Ferrer,5.55,1,0,0.0,58,6,10.34,321.9,33.3,0.32,18018,127.65,-5.55,271.95,5.55
2020-06-16,Pernambuco,São Vicente Ferrer,5.55,1,0,0.0,57,6,10.53,316.35,33.3,0.32,18018,133.2,5.55,266.4,-5.55
2020-06-15,Pernambuco,São Vicente Ferrer,5.55,1,0,0.0,56,6,10.71,310.8,33.3,0.31,18018,127.65,-5.55,271.95,5.55
2020-06-14,Pernambuco,São Vicente Ferrer,27.75,5,0,0.0,55,6,10.91,305.25,33.3,0.31,18018,133.2,11.1,266.4,22.2
2020-06-13,Pernambuco,São Vicente Ferrer,5.55,1,1,5.55,50,6,12.0,277.5,33.3,0.28,18018,122.1,-27.75,244.2,0.0
2020-06-12,Pernambuco,São Vicente Ferrer,55.5,10,0,0.0,49,5,10.2,271.95,27.75,0.27,18018,149.85,49.95,244.2,55.5
2020-06-11,Pernambuco,São Vicente Ferrer,22.2,4,0,0.0,39,5,12.82,216.45,27.75,0.22,18018,99.9,11.1,188.7,22.2
2020-06-10,Pernambuco,São Vicente Ferrer,11.1,2,0,0.0,35,5,14.29,194.25,27.75,0.19,18018,88.8,0.0,166.5,11.1
2020-06-09,Pernambuco,São Vicente Ferrer,0.0,0,0,0.0,33,5,15.15,183.15,27.75,0.18,18018,88.8,-5.55,155.4,-5.55
2020-06-08,Pernambuco,São Vicente Ferrer,11.1,2,0,0.0,33,5,15.15,183.15,27.75,0.18,18018,94.35,0.0,160.95,11.1
2020-06-07,Pernambuco,São Vicente Ferrer,16.65,3,0,0.0,31,5,16.13,172.05,27.75,0.17,18018,94.35,16.65,149.85,5.55
2020-06-06,Pernambuco,São Vicente Ferrer,33.3,6,0,0.0,28,5,17.86,155.4,27.75,0.16,18018,77.7,27.75,144.3,27.75
2020-06-05,Pernambuco,São Vicente Ferrer,5.55,1,0,0.0,22,5,22.73,122.1,27.75,0.12,18018,49.95,-5.55,116.55,5.55
2020-06-04,Pernambuco,São Vicente Ferrer,11.1,2,1,5.55,21,5,23.81,116.55,27.75,0.12,18018,55.5,11.1,111.0,11.1
2020-06-03,Pernambuco,São Vicente Ferrer,11.1,2,0,0.0,19,4,21.05,105.45,22.2,0.11,18018,44.4,11.1,99.9,11.1
2020-06-02,Pernambuco,São Vicente Ferrer,5.55,1,0,0.0,17,4,23.53,94.35,22.2,0.09,18018,33.3,5.55,88.8,5.55
2020-06-01,Pernambuco,São Vicente Ferrer,11.1,2,1,5.55,16,4,25.0,88.8,22.2,0.09,18018,27.75,11.1,83.25,11.1
2020-05-31,Pernambuco,São Vicente Ferrer,0.0,0,0,0.0,14,3,21.43,77.7,16.65,0.08,18018,16.65,0.0,72.15,0.0
2020-05-30,Pernambuco,São Vicente Ferrer,5.55,1,1,5.55,14,3,21.43,77.7,16.65,0.08,18018,16.65,5.55,72.15,5.55
2020-05-29,Pernambuco,São Vicente Ferrer,11.1,2,0,0.0,13,2,15.38,72.15,11.1,0.07,18018,11.1,0.0,66.6,11.1
2020-05-28,Pernambuco,São Vicente Ferrer,0.0,0,0,0.0,11,2,18.18,61.05,11.1,0.06,18018,11.1,0.0,55.5,0.0
2020-05-27,Pernambuco,São Vicente Ferrer,0.0,0,0,0.0,11,2,18.18,61.05,11.1,0.06,18018,11.1,0.0,55.5,0.0
2020-05-26,Pernambuco,São Vicente Ferrer,0.0,0,0,0.0,11,2,18.18,61.05,11.1,0.06,18018,11.1,-11.1,55.5,0.0
2020-05-25,Pernambuco,São Vicente Ferrer,0.0,0,0,0.0,11,2,18.18,61.05,11.1,0.06,18018,22.2,0.0,55.5,0.0
2020-05-24,Pernambuco,São Vicente Ferrer,0.0,0,0,0.0,11,2,18.18,61.05,11.1,0.06,18018,22.2,-5.55,55.5,0.0
2020-05-23,Pernambuco,São Vicente Ferrer,0.0,0,0,0.0,11,2,18.18,61.05,11.1,0.06,18018,27.75,-5.55,55.5,0.0
2020-05-22,Pernambuco,São Vicente Ferrer,11.1,2,2,11.1,11,2,18.18,61.05,11.1,0.06,18018,33.3,11.1,55.5,11.1
2020-05-21,Pernambuco,São Vicente Ferrer,0.0,0,0,0.0,9,0,0.0,49.95,0.0,0.05,18018,22.2,0.0,44.4,0.0
2020-05-20,Pernambuco,São Vicente Ferrer,0.0,0,0,0.0,9,0,0.0,49.95,0.0,0.05,18018,22.2,0.0,44.4,0.0
2020-05-19,Pernambuco,São Vicente Ferrer,11.1,2,0,0.0,9,0,0.0,49.95,0.0,0.05,18018,22.2,5.55,44.4,11.1
2020-05-18,Pernambuco,São Vicente Ferrer,0.0,0,0,0.0,7,0,0.0,38.85,0.0,0.04,18018,16.65,0.0,33.3,0.0
2020-05-17,Pernambuco,São Vicente Ferrer,5.55,1,0,0.0,7,0,0.0,38.85,0.0,0.04,18018,16.65,-5.55,33.3,5.55
2020-05-16,Pernambuco,São Vicente Ferrer,5.55,1,0,0.0,6,0,0.0,33.3,0.0,0.03,18018,22.2,0.0,27.75,5.55
2020-05-15,Pernambuco,São Vicente Ferrer,0.0,0,0,0.0,5,0,0.0,27.75,0.0,0.03,18018,22.2,0.0,22.2,0.0
2020-05-14,Pernambuco,São Vicente Ferrer,0.0,0,0,0.0,5,0,0.0,27.75,0.0,0.03,18018,22.2,0.0,22.2,0.0
2020-05-13,Pernambuco,São Vicente Ferrer,0.0,0,0,0.0,5,0,0.0,27.75,0.0,0.03,18018,22.2,0.0,22.2,0.0
2020-05-12,Pernambuco,São Vicente Ferrer,5.55,1,0,0.0,5,0,0.0,27.75,0.0,0.03,18018,22.2,5.55,22.2,5.55
2020-05-11,Pernambuco,São Vicente Ferrer,0.0,0,0,0.0,4,0,0.0,22.2,0.0,0.02,18018,16.65,0.0,16.65,0.0
2020-05-10,Pernambuco,São Vicente Ferrer,11.1,2,0,0.0,4,0,0.0,22.2,0.0,0.02,18018,16.65,11.1,16.65,11.1
2020-05-09,Pernambuco,São Vicente Ferrer,5.55,1,0,0.0,2,0,0.0,11.1,0.0,0.01,18018,5.55,5.55,5.55,5.55
2020-05-08,Pernambuco,São Vicente Ferrer,0.0,0,0,0.0,1,0,0.0,5.55,0.0,0.01,18018,0.0,0.0,0.0,0.0
2020-05-07,Pernambuco,São Vicente Ferrer,0.0,0,0,0.0,1,0,0.0,5.55,0.0,0.01,18018,0.0,0.0,0.0,0.0
2020-05-05,Pernambuco,São Vicente Ferrer,0.0,0,0,0.0,1,0,0.0,5.55,0.0,0.01,18018,0.0,0.0,0.0,0.0
2020-05-04,Pernambuco,São Vicente Ferrer,0.0,0,0,0.0,1,0,0.0,5.55,0.0,0.01,18018,0.0,0.0,0.0,0.0
2020-05-03,Pernambuco,São Vicente Ferrer,0.0,0,0,0.0,1,0,0.0,5.55,0.0,0.01,18018,0.0,0.0,0.0,0.0
2020-05-02,Pernambuco,São Vicente Ferrer,0.0,0,0,0.0,1,0,0.0,5.55,0.0,0.01,18018,0.0,0.0,0.0,0.0
2020-05-01,Pernambuco,São Vicente Ferrer,0.0,0,0,0.0,1,0,0.0,5.55,0.0,0.01,18018,0.0,0.0,0.0,0.0
2020-04-30,Pernambuco,São Vicente Ferrer,0.0,0,0,0.0,1,0,0.0,5.55,0.0,0.01,18018,0.0,0.0,0.0,0.0
2020-04-29,Pernambuco,São Vicente Ferrer,0.0,0,0,0.0,1,0,0.0,5.55,0.0,0.01,18018,0.0,0.0,0.0,0.0
2020-04-28,Pernambuco,São Vicente Ferrer,0.0,0,0,0.0,1,0,0.0,5.55,0.0,0.01,18018,0.0,0.0,0.0,0.0
2020-04-27,Pernambuco,São Vicente Ferrer,0.0,0,0,0.0,1,0,0.0,5.55,0.0,0.01,18018,0.0,0.0,0.0,0.0
2020-04-26,Pernambuco,São Vicente Ferrer,0.0,0,0,0.0,1,0,0.0,5.55,0.0,0.01,18018,0.0,0.0,0.0,0.0
2020-04-25,Pernambuco,São Vicente Ferrer,0.0,0,0,0.0,1,0,0.0,5.55,0.0,0.01,18018,0.0,0.0,0.0,0.0
2020-04-24,Pernambuco,São Vicente Ferrer,0.0,0,0,0.0,1,0,0.0,5.55,0.0,0.01,18018,0.0,0.0,0.0,0.0
2020-04-23,Pernambuco,São Vicente Ferrer,0.0,0,0,0.0,1,0,0.0,5.55,0.0,0.01,18018,0.0,0.0,0.0,0.0
2020-04-22,Pernambuco,São Vicente Ferrer,0.0,0,0,0.0,1,0,0.0,5.55,0.0,0.01,18018,0.0,0.0,0.0,0.0
2020-04-21,Pernambuco,São Vicente Ferrer,0.0,0,0,0.0,1,0,0.0,5.55,0.0,0.01,18018,0.0,0.0,0.0,0.0
2020-04-20,Pernambuco,São Vicente Ferrer,0.0,0,0,0.0,1,0,0.0,5.55,0.0,0.01,18018,0.0,0.0,0.0,0.0
2020-04-19,Pernambuco,São Vicente Ferrer,0.0,0,0,0.0,1,0,0.0,5.55,0.0,0.01,18018,0.0,0.0,0.0,0.0
2020-04-18,Pernambuco,São Vicente Ferrer,0.0,0,0,0.0,1,0,0.0,5.55,0.0,0.01,18018,0.0,0.0,0.0,0.0
2020-04-17,Pernambuco,São Vicente Ferrer,0.0,0,0,0.0,1,0,0.0,5.55,0.0,0.01,18018,0.0,0.0,0.0,0.0
