date,state,district,1day_cases_100k,new_cases,new_deaths,new_deaths_100k,total_cases,total_deaths,cfr%,total_cases_100k,total_deaths_100k,%infected,population,7day_cases_100k,7day_cases_change,28day_cases_100k,28day_cases_change
2020-09-03,Odisha,Puri,9.25,157,0,0.0,4010,19,0.47,236.16,1.12,0.24,1697983,54.42,2.12,173.79,5.3
2020-09-02,Odisha,Puri,12.78,217,1,0.06,3853,19,0.49,226.92,1.12,0.23,1697983,52.3,4.3,168.49,8.48
2020-09-01,Odisha,Puri,8.01,136,2,0.12,3636,18,0.5,214.14,1.06,0.21,1697983,48.0,-0.47,160.01,6.01
2020-08-31,Odisha,Puri,2.71,46,0,0.0,3500,16,0.46,206.13,0.94,0.21,1697983,48.47,-2.35,154.0,1.71
2020-08-30,Odisha,Puri,6.95,118,1,0.06,3454,16,0.46,203.42,0.94,0.2,1697983,50.82,-2.24,152.29,3.12
2020-08-29,Odisha,Puri,7.95,135,1,0.06,3336,15,0.45,196.47,0.88,0.2,1697983,53.06,1.53,149.17,5.01
2020-08-28,Odisha,Puri,6.77,115,0,0.0,3201,14,0.44,188.52,0.82,0.19,1697983,51.53,1.65,144.16,4.65
2020-08-27,Odisha,Puri,7.13,121,0,0.0,3086,14,0.45,181.75,0.82,0.18,1697983,49.88,1.01,139.51,6.6
2020-08-26,Odisha,Puri,8.48,144,1,0.06,2965,14,0.47,174.62,0.82,0.17,1697983,48.87,-5.36,132.91,7.54
2020-08-25,Odisha,Puri,8.48,144,0,0.0,2821,13,0.46,166.14,0.77,0.17,1697983,54.23,6.12,125.37,7.83
2020-08-24,Odisha,Puri,5.06,86,0,0.0,2677,13,0.49,157.66,0.77,0.16,1697983,48.11,1.06,117.54,4.82
2020-08-23,Odisha,Puri,9.19,156,0,0.0,2591,13,0.5,152.59,0.77,0.15,1697983,47.05,0.71,112.72,3.83
2020-08-22,Odisha,Puri,6.42,109,0,0.0,2435,13,0.53,143.41,0.77,0.14,1697983,46.34,0.94,108.89,1.12
2020-08-21,Odisha,Puri,5.12,87,0,0.0,2326,13,0.56,136.99,0.77,0.14,1697983,45.4,0.23,107.77,3.35
2020-08-20,Odisha,Puri,6.12,104,1,0.06,2239,13,0.58,131.86,0.77,0.13,1697983,45.17,1.59,104.42,4.82
2020-08-19,Odisha,Puri,13.84,235,0,0.0,2135,12,0.56,125.74,0.71,0.13,1697983,43.58,9.13,99.6,12.19
2020-08-18,Odisha,Puri,2.36,40,0,0.0,1900,12,0.63,111.9,0.71,0.11,1697983,34.45,1.42,87.41,2.36
2020-08-17,Odisha,Puri,4.0,68,1,0.06,1860,12,0.65,109.54,0.71,0.11,1697983,33.03,2.47,85.05,3.76
2020-08-16,Odisha,Puri,8.48,144,0,0.0,1792,11,0.61,105.54,0.65,0.11,1697983,30.56,5.24,81.29,7.66
2020-08-15,Odisha,Puri,5.48,93,0,0.0,1648,11,0.67,97.06,0.65,0.1,1697983,25.32,0.06,73.63,5.13
2020-08-14,Odisha,Puri,4.89,83,3,0.18,1555,11,0.71,91.58,0.65,0.09,1697983,25.26,0.94,68.5,4.36
2020-08-13,Odisha,Puri,4.53,77,0,0.0,1472,8,0.54,86.69,0.47,0.09,1697983,24.32,0.58,64.14,4.12
2020-08-12,Odisha,Puri,4.71,80,0,0.0,1395,8,0.57,82.16,0.47,0.08,1697983,23.74,0.41,60.02,4.42
2020-08-11,Odisha,Puri,0.94,16,1,0.06,1315,8,0.61,77.44,0.47,0.08,1697983,23.33,-1.06,55.6,0.53
2020-08-10,Odisha,Puri,1.53,26,0,0.0,1299,7,0.54,76.5,0.41,0.08,1697983,24.39,0.53,55.07,1.47
2020-08-09,Odisha,Puri,3.24,55,1,0.06,1273,7,0.55,74.97,0.41,0.07,1697983,23.86,-0.59,53.6,2.65
2020-08-08,Odisha,Puri,5.42,92,0,0.0,1218,6,0.49,71.73,0.35,0.07,1697983,24.45,2.48,50.95,4.54
2020-08-07,Odisha,Puri,3.95,67,0,0.0,1126,6,0.53,66.31,0.35,0.07,1697983,21.97,1.83,46.41,3.3
2020-08-06,Odisha,Puri,3.95,67,0,0.0,1059,6,0.57,62.37,0.35,0.06,1697983,20.14,3.42,43.11,3.66
2020-08-05,Odisha,Puri,4.3,73,0,0.0,992,6,0.6,58.42,0.35,0.06,1697983,16.72,3.36,39.45,3.36
2020-08-04,Odisha,Puri,2.0,34,1,0.06,919,6,0.65,54.12,0.35,0.05,1697983,13.36,1.35,36.09,1.76
2020-08-03,Odisha,Puri,1.0,17,0,0.0,885,5,0.56,52.12,0.29,0.05,1697983,12.01,0.76,34.33,0.82
2020-08-02,Odisha,Puri,3.83,65,0,0.0,868,5,0.58,51.12,0.29,0.05,1697983,11.25,-1.53,33.51,3.36
2020-08-01,Odisha,Puri,2.94,50,0,0.0,803,5,0.62,47.29,0.29,0.05,1697983,12.78,-2.36,30.15,1.88
2020-07-31,Odisha,Puri,2.12,36,0,0.0,753,5,0.66,44.35,0.29,0.04,1697983,15.14,0.35,28.27,2.06
2020-07-30,Odisha,Puri,0.53,9,0,0.0,717,5,0.7,42.23,0.29,0.04,1697983,14.79,-0.77,26.21,0.29
2020-07-29,Odisha,Puri,0.94,16,1,0.06,708,5,0.71,41.7,0.29,0.04,1697983,15.56,-0.71,25.92,0.23
2020-07-28,Odisha,Puri,0.65,11,0,0.0,692,4,0.58,40.75,0.24,0.04,1697983,16.27,0.65,25.69,0.59
2020-07-27,Odisha,Puri,0.24,4,0,0.0,681,4,0.59,40.11,0.24,0.04,1697983,15.62,0.0,25.1,0.24
2020-07-26,Odisha,Puri,5.36,91,0,0.0,677,4,0.59,39.87,0.24,0.04,1697983,15.62,4.54,24.86,4.95
2020-07-25,Odisha,Puri,5.3,90,0,0.0,586,4,0.68,34.51,0.24,0.03,1697983,11.08,4.95,19.91,4.95
2020-07-24,Odisha,Puri,1.77,30,0,0.0,496,4,0.81,29.21,0.24,0.03,1697983,6.13,1.24,14.96,1.18
2020-07-23,Odisha,Puri,1.3,22,0,0.0,466,4,0.86,27.44,0.24,0.03,1697983,4.89,0.89,13.78,0.83
2020-07-22,Odisha,Puri,1.65,28,0,0.0,444,4,0.9,26.15,0.24,0.03,1697983,4.0,1.36,12.95,1.12
2020-07-21,Odisha,Puri,0.0,0,1,0.06,416,4,0.96,24.5,0.24,0.02,1697983,2.64,-0.41,11.83,-0.06
2020-07-20,Odisha,Puri,0.24,4,0,0.0,416,3,0.72,24.5,0.18,0.02,1697983,3.05,0.18,11.89,0.24
2020-07-19,Odisha,Puri,0.82,14,0,0.0,412,3,0.73,24.26,0.18,0.02,1697983,2.87,0.23,11.65,0.64
2020-07-18,Odisha,Puri,0.35,6,0,0.0,398,3,0.75,23.44,0.18,0.02,1697983,2.64,-0.53,11.01,0.35
2020-07-17,Odisha,Puri,0.53,9,0,0.0,392,3,0.77,23.09,0.18,0.02,1697983,3.17,-0.12,10.66,0.12
2020-07-16,Odisha,Puri,0.41,7,0,0.0,383,3,0.78,22.56,0.18,0.02,1697983,3.29,0.12,10.54,-0.53
2020-07-15,Odisha,Puri,0.29,5,0,0.0,376,3,0.8,22.14,0.18,0.02,1697983,3.17,-0.65,11.07,-0.77
2020-07-14,Odisha,Puri,0.41,7,0,0.0,371,3,0.81,21.85,0.18,0.02,1697983,3.82,0.17,11.84,-0.47
2020-07-13,Odisha,Puri,0.06,1,0,0.0,364,3,0.82,21.44,0.18,0.02,1697983,3.65,-0.12,12.31,0.06
2020-07-12,Odisha,Puri,0.59,10,0,0.0,363,3,0.83,21.38,0.18,0.02,1697983,3.77,0.12,12.25,0.18
2020-07-11,Odisha,Puri,0.88,15,1,0.06,353,3,0.85,20.79,0.18,0.02,1697983,3.65,-0.18,12.07,0.0
2020-07-10,Odisha,Puri,0.65,11,0,0.0,338,2,0.59,19.91,0.12,0.02,1697983,3.83,0.59,12.07,-0.23
2020-07-09,Odisha,Puri,0.29,5,0,0.0,327,2,0.61,19.26,0.12,0.02,1697983,3.24,0.05,12.3,0.11
2020-07-08,Odisha,Puri,0.94,16,0,0.0,322,2,0.62,18.96,0.12,0.02,1697983,3.19,0.23,12.19,0.53
2020-07-07,Odisha,Puri,0.24,4,0,0.0,306,2,0.65,18.02,0.12,0.02,1697983,2.96,0.18,11.66,0.24
2020-07-06,Odisha,Puri,0.18,3,0,0.0,302,2,0.66,17.79,0.12,0.02,1697983,2.78,0.18,11.42,-0.23
2020-07-05,Odisha,Puri,0.47,8,0,0.0,299,2,0.67,17.61,0.12,0.02,1697983,2.6,0.06,11.65,0.41
2020-07-04,Odisha,Puri,1.06,18,0,0.0,291,2,0.69,17.14,0.12,0.02,1697983,2.54,0.71,11.24,1.0
2020-07-03,Odisha,Puri,0.06,1,0,0.0,273,2,0.73,16.08,0.12,0.02,1697983,1.83,-0.53,10.24,0.0
2020-07-02,Odisha,Puri,0.24,4,0,0.0,272,2,0.74,16.02,0.12,0.02,1697983,2.36,-0.23,10.24,0.12
2020-07-01,Odisha,Puri,0.71,12,0,0.0,268,2,0.75,15.78,0.12,0.02,1697983,2.59,0.18,10.12,0.71
2020-06-30,Odisha,Puri,0.06,1,0,0.0,256,2,0.78,15.08,0.12,0.02,1697983,2.41,0.0,9.41,-0.23
2020-06-29,Odisha,Puri,0.0,0,0,0.0,255,2,0.78,15.02,0.12,0.02,1697983,2.41,0.0,9.64,0.0
2020-06-28,Odisha,Puri,0.41,7,0,0.0,255,2,0.78,15.02,0.12,0.02,1697983,2.41,0.23,9.64,0.17
2020-06-27,Odisha,Puri,0.35,6,0,0.0,248,2,0.81,14.61,0.12,0.01,1697983,2.18,0.35,9.47,0.29
2020-06-26,Odisha,Puri,0.59,10,0,0.0,242,2,0.83,14.25,0.12,0.01,1697983,1.83,0.18,9.18,0.53
2020-06-25,Odisha,Puri,0.47,8,0,0.0,232,2,0.86,13.66,0.12,0.01,1697983,1.65,-0.47,8.65,0.47
2020-06-24,Odisha,Puri,0.53,9,0,0.0,224,2,0.89,13.19,0.12,0.01,1697983,2.12,-0.53,8.18,0.53
2020-06-23,Odisha,Puri,0.06,1,0,0.0,215,2,0.93,12.66,0.12,0.01,1697983,2.65,-0.82,7.65,-0.18
2020-06-22,Odisha,Puri,0.0,0,0,0.0,214,2,0.93,12.6,0.12,0.01,1697983,3.47,0.0,7.83,0.0
2020-06-21,Odisha,Puri,0.18,3,1,0.06,214,2,0.93,12.6,0.12,0.01,1697983,3.47,-0.23,7.83,-0.76
2020-06-20,Odisha,Puri,0.0,0,1,0.06,211,1,0.47,12.43,0.06,0.01,1697983,3.7,-0.88,8.59,-1.0
2020-06-19,Odisha,Puri,0.41,7,0,0.0,211,0,0.0,12.43,0.0,0.01,1697983,4.58,-0.47,9.59,0.23
2020-06-18,Odisha,Puri,0.94,16,0,0.0,204,0,0.0,12.01,0.0,0.01,1697983,5.05,0.76,9.36,0.88
2020-06-17,Odisha,Puri,1.06,18,0,0.0,188,0,0.0,11.07,0.0,0.01,1697983,4.29,0.65,8.48,0.41
2020-06-16,Odisha,Puri,0.88,15,0,0.0,170,0,0.0,10.01,0.0,0.01,1697983,3.64,0.88,8.07,0.64
2020-06-15,Odisha,Puri,0.0,0,0,0.0,155,0,0.0,9.13,0.0,0.01,1697983,2.76,-0.41,7.43,-0.24
2020-06-14,Odisha,Puri,0.41,7,0,0.0,155,0,0.0,9.13,0.0,0.01,1697983,3.17,0.35,7.67,0.0
2020-06-13,Odisha,Puri,0.88,15,0,0.0,148,0,0.0,8.72,0.0,0.01,1697983,2.82,0.82,7.67,0.88
2020-06-12,Odisha,Puri,0.88,15,0,0.0,133,0,0.0,7.83,0.0,0.01,1697983,2.0,0.82,6.79,0.64
2020-06-11,Odisha,Puri,0.18,3,0,0.0,118,0,0.0,6.95,0.0,0.01,1697983,1.18,0.06,6.15,-0.41
2020-06-10,Odisha,Puri,0.41,7,0,0.0,115,0,0.0,6.77,0.0,0.01,1697983,1.12,0.41,6.56,0.41
2020-06-09,Odisha,Puri,0.0,0,0,0.0,108,0,0.0,6.36,0.0,0.01,1697983,0.71,-0.29,6.15,-0.06
2020-06-08,Odisha,Puri,0.41,7,0,0.0,108,0,0.0,6.36,0.0,0.01,1697983,1.0,0.41,6.21,0.41
2020-06-07,Odisha,Puri,0.06,1,0,0.0,101,0,0.0,5.95,0.0,0.01,1697983,0.59,-0.18,5.8,-0.06
2020-06-06,Odisha,Puri,0.06,1,0,0.0,100,0,0.0,5.89,0.0,0.01,1697983,0.77,0.0,5.86,0.06
2020-06-05,Odisha,Puri,0.06,1,0,0.0,99,0,0.0,5.83,0.0,0.01,1697983,0.77,0.0,5.8,0.06
2020-06-04,Odisha,Puri,0.12,2,0,0.0,98,0,0.0,5.77,0.0,0.01,1697983,0.77,0.12,5.74,0.12
2020-06-03,Odisha,Puri,0.0,0,0,0.0,96,0,0.0,5.65,0.0,0.01,1697983,0.65,0.0,5.62,0.0
2020-06-02,Odisha,Puri,0.29,5,0,0.0,96,0,0.0,5.65,0.0,0.01,1697983,0.65,0.05,5.62,0.29
2020-06-01,Odisha,Puri,0.0,0,0,0.0,91,0,0.0,5.36,0.0,0.01,1697983,0.6,0.0,5.33,0.0
2020-05-31,Odisha,Puri,0.24,4,0,0.0,91,0,0.0,5.36,0.0,0.01,1697983,0.6,-0.7,5.33,0.24
2020-05-30,Odisha,Puri,0.06,1,0,0.0,87,0,0.0,5.12,0.0,0.01,1697983,1.3,-0.94,5.09,0.06
2020-05-29,Odisha,Puri,0.06,1,0,0.0,86,0,0.0,5.06,0.0,0.01,1697983,2.24,-0.12,5.03,0.06
2020-05-28,Odisha,Puri,0.0,0,0,0.0,85,0,0.0,5.01,0.0,0.01,1697983,2.36,-0.06,4.97,0.0
2020-05-27,Odisha,Puri,0.0,0,0,0.0,85,0,0.0,5.01,0.0,0.01,1697983,2.42,-0.65,4.97,0.0
2020-05-26,Odisha,Puri,0.24,4,0,0.0,85,0,0.0,5.01,0.0,0.01,1697983,3.07,0.0,4.97,0.24
2020-05-25,Odisha,Puri,0.0,0,0,0.0,81,0,0.0,4.77,0.0,0.0,1697983,3.07,-0.24,4.73,0.0
2020-05-24,Odisha,Puri,0.94,16,0,0.0,81,0,0.0,4.77,0.0,0.0,1697983,3.31,0.53,4.73,0.94
2020-05-23,Odisha,Puri,1.0,17,0,0.0,65,0,0.0,3.83,0.0,0.0,1697983,2.78,1.0,3.79,1.0
2020-05-22,Odisha,Puri,0.18,3,0,0.0,48,0,0.0,2.83,0.0,0.0,1697983,1.78,-0.06,2.79,0.18
2020-05-21,Odisha,Puri,0.06,1,0,0.0,45,0,0.0,2.65,0.0,0.0,1697983,1.84,-0.53,2.61,0.06
2020-05-20,Odisha,Puri,0.65,11,0,0.0,44,0,0.0,2.59,0.0,0.0,1697983,2.37,0.65,2.55,0.65
2020-05-19,Odisha,Puri,0.24,4,0,0.0,33,0,0.0,1.94,0.0,0.0,1697983,1.72,0.18,1.9,0.24
2020-05-18,Odisha,Puri,0.24,4,0,0.0,29,0,0.0,1.71,0.0,0.0,1697983,1.54,0.24,1.66,0.24
2020-05-17,Odisha,Puri,0.41,7,0,0.0,25,0,0.0,1.47,0.0,0.0,1697983,1.3,0.29,1.42,0.41
2020-05-16,Odisha,Puri,0.0,0,0,0.0,18,0,0.0,1.06,0.0,0.0,1697983,1.01,0.0,1.01,0.0
2020-05-15,Odisha,Puri,0.24,4,0,0.0,18,0,0.0,1.06,0.0,0.0,1697983,1.01,0.24,1.01,0.24
2020-05-14,Odisha,Puri,0.59,10,0,0.0,14,0,0.0,0.82,0.0,0.0,1697983,0.77,0.59,0.77,0.59
2020-05-13,Odisha,Puri,0.0,0,0,0.0,4,0,0.0,0.24,0.0,0.0,1697983,0.18,0.0,0.18,0.0
2020-05-12,Odisha,Puri,0.06,1,0,0.0,4,0,0.0,0.24,0.0,0.0,1697983,0.18,0.06,0.18,0.06
2020-05-11,Odisha,Puri,0.0,0,0,0.0,3,0,0.0,0.18,0.0,0.0,1697983,0.12,0.0,0.12,0.0
2020-05-10,Odisha,Puri,0.12,2,0,0.0,3,0,0.0,0.18,0.0,0.0,1697983,0.12,0.12,0.12,0.12
2020-05-09,Odisha,Puri,0.0,0,0,0.0,1,0,0.0,0.06,0.0,0.0,1697983,0.0,0.0,0.0,0.0
2020-05-08,Odisha,Puri,0.0,0,0,0.0,1,0,0.0,0.06,0.0,0.0,1697983,0.0,0.0,0.0,0.0
2020-05-07,Odisha,Puri,0.0,0,0,0.0,1,0,0.0,0.06,0.0,0.0,1697983,0.0,0.0,0.0,0.0
2020-05-06,Odisha,Puri,0.0,0,0,0.0,1,0,0.0,0.06,0.0,0.0,1697983,0.0,0.0,0.0,0.0
2020-05-05,Odisha,Puri,0.0,0,0,0.0,1,0,0.0,0.06,0.0,0.0,1697983,0.0,0.0,0.0,0.0
2020-05-04,Odisha,Puri,0.0,0,0,0.0,1,0,0.0,0.06,0.0,0.0,1697983,0.0,0.0,0.0,0.0
2020-05-03,Odisha,Puri,0.0,0,0,0.0,1,0,0.0,0.06,0.0,0.0,1697983,0.0,0.0,0.0,0.0
2020-05-02,Odisha,Puri,0.0,0,0,0.0,1,0,0.0,0.06,0.0,0.0,1697983,0.0,0.0,0.0,0.0
2020-05-01,Odisha,Puri,0.0,0,0,0.0,1,0,0.0,0.06,0.0,0.0,1697983,0.0,0.0,0.0,0.0
2020-04-30,Odisha,Puri,0.0,0,0,0.0,1,0,0.0,0.06,0.0,0.0,1697983,0.0,0.0,0.0,0.0
2020-04-29,Odisha,Puri,0.0,0,0,0.0,1,0,0.0,0.06,0.0,0.0,1697983,0.0,0.0,0.0,0.0
2020-04-28,Odisha,Puri,0.0,0,0,0.0,1,0,0.0,0.06,0.0,0.0,1697983,0.0,0.0,0.0,0.0
2020-04-27,Odisha,Puri,0.0,0,0,0.0,1,0,0.0,0.06,0.0,0.0,1697983,0.0,0.0,0.0,0.0
2020-04-26,Odisha,Puri,0.0,0,0,0.0,1,0,0.0,0.06,0.0,0.0,1697983,0.0,0.0,0.0,0.0
