date,state,city,new_cases_100k,new_cases,new_deaths,new_deaths_100k,total_cases,total_deaths,cfr%,total_cases_100k,total_deaths_100k,%infected,population
2020-08-20,Rio de Janeiro,Maricá,33.5,54,0,0.0,2755,89,3.23,1708.98,55.21,1.71,161207
2020-08-19,Rio de Janeiro,Maricá,24.19,39,0,0.0,2701,89,3.3,1675.49,55.21,1.68,161207
2020-08-18,Rio de Janeiro,Maricá,33.5,54,2,1.24,2662,89,3.34,1651.29,55.21,1.65,161207
2020-08-17,Rio de Janeiro,Maricá,4.34,7,0,0.0,2608,87,3.34,1617.8,53.97,1.62,161207
2020-08-16,Rio de Janeiro,Maricá,57.07,92,0,0.0,2601,87,3.34,1613.45,53.97,1.61,161207
2020-08-15,Rio de Janeiro,Maricá,0.0,0,0,0.0,2509,87,3.47,1556.38,53.97,1.56,161207
2020-08-14,Rio de Janeiro,Maricá,0.62,1,0,0.0,2509,87,3.47,1556.38,53.97,1.56,161207
2020-08-13,Rio de Janeiro,Maricá,31.64,51,0,0.0,2508,87,3.47,1555.76,53.97,1.56,161207
2020-08-12,Rio de Janeiro,Maricá,20.47,33,0,0.0,2457,87,3.54,1524.13,53.97,1.52,161207
2020-08-11,Rio de Janeiro,Maricá,8.68,14,0,0.0,2424,87,3.59,1503.66,53.97,1.5,161207
2020-08-10,Rio de Janeiro,Maricá,10.55,17,0,0.0,2410,87,3.61,1494.97,53.97,1.49,161207
2020-08-09,Rio de Janeiro,Maricá,0.62,1,0,0.0,2393,87,3.64,1484.43,53.97,1.48,161207
2020-08-08,Rio de Janeiro,Maricá,27.91,45,1,0.62,2392,87,3.64,1483.81,53.97,1.48,161207
2020-08-07,Rio de Janeiro,Maricá,38.46,62,0,0.0,2347,86,3.66,1455.89,53.35,1.46,161207
2020-08-06,Rio de Janeiro,Maricá,19.23,31,0,0.0,2285,86,3.76,1417.43,53.35,1.42,161207
2020-08-05,Rio de Janeiro,Maricá,45.9,74,3,1.86,2254,86,3.82,1398.2,53.35,1.4,161207
2020-08-04,Rio de Janeiro,Maricá,2.48,4,0,0.0,2180,83,3.81,1352.3,51.49,1.35,161207
2020-08-03,Rio de Janeiro,Maricá,6.2,10,0,0.0,2176,83,3.81,1349.82,51.49,1.35,161207
2020-08-02,Rio de Janeiro,Maricá,0.0,0,0,0.0,2166,83,3.83,1343.61,51.49,1.34,161207
2020-08-01,Rio de Janeiro,Maricá,25.43,41,0,0.0,2166,83,3.83,1343.61,51.49,1.34,161207
2020-07-31,Rio de Janeiro,Maricá,17.99,29,1,0.62,2125,83,3.91,1318.18,51.49,1.32,161207
2020-07-30,Rio de Janeiro,Maricá,22.95,37,1,0.62,2096,82,3.91,1300.19,50.87,1.3,161207
2020-07-29,Rio de Janeiro,Maricá,11.79,19,0,0.0,2059,81,3.93,1277.24,50.25,1.28,161207
2020-07-28,Rio de Janeiro,Maricá,26.05,42,6,3.72,2040,81,3.97,1265.45,50.25,1.27,161207
2020-07-27,Rio de Janeiro,Maricá,8.06,13,0,0.0,1998,75,3.75,1239.4,46.52,1.24,161207
2020-07-26,Rio de Janeiro,Maricá,0.0,0,0,0.0,1985,75,3.78,1231.34,46.52,1.23,161207
2020-07-25,Rio de Janeiro,Maricá,21.71,35,0,0.0,1985,75,3.78,1231.34,46.52,1.23,161207
2020-07-24,Rio de Janeiro,Maricá,22.33,36,2,1.24,1950,75,3.85,1209.62,46.52,1.21,161207
2020-07-23,Rio de Janeiro,Maricá,35.36,57,0,0.0,1914,73,3.81,1187.29,45.28,1.19,161207
2020-07-22,Rio de Janeiro,Maricá,-26.67,-43,0,0.0,1857,73,3.93,1151.94,45.28,1.15,161207
2020-07-21,Rio de Janeiro,Maricá,-34.74,-56,2,1.24,1900,73,3.84,1178.61,45.28,1.18,161207
2020-07-20,Rio de Janeiro,Maricá,99.25,160,0,0.0,1956,71,3.63,1213.35,44.04,1.21,161207
2020-07-19,Rio de Janeiro,Maricá,110.42,178,3,1.86,1796,71,3.95,1114.1,44.04,1.11,161207
2020-07-17,Rio de Janeiro,Maricá,4.96,8,0,0.0,1618,68,4.2,1003.68,42.18,1.0,161207
2020-07-16,Rio de Janeiro,Maricá,0.0,0,0,0.0,1610,68,4.22,998.72,42.18,1.0,161207
2020-07-15,Rio de Janeiro,Maricá,29.78,48,1,0.62,1610,68,4.22,998.72,42.18,1.0,161207
2020-07-14,Rio de Janeiro,Maricá,3.1,5,1,0.62,1562,67,4.29,968.94,41.56,0.97,161207
2020-07-13,Rio de Janeiro,Maricá,22.33,36,0,0.0,1557,66,4.24,965.84,40.94,0.97,161207
2020-07-12,Rio de Janeiro,Maricá,0.0,0,0,0.0,1521,66,4.34,943.51,40.94,0.94,161207
2020-07-11,Rio de Janeiro,Maricá,3.1,5,4,2.48,1521,66,4.34,943.51,40.94,0.94,161207
2020-07-10,Rio de Janeiro,Maricá,4.34,7,1,0.62,1516,62,4.09,940.41,38.46,0.94,161207
2020-07-09,Rio de Janeiro,Maricá,21.09,34,0,0.0,1509,61,4.04,936.06,37.84,0.94,161207
2020-07-08,Rio de Janeiro,Maricá,16.75,27,0,0.0,1475,61,4.14,914.97,37.84,0.91,161207
2020-07-07,Rio de Janeiro,Maricá,21.71,35,2,1.24,1448,61,4.21,898.22,37.84,0.9,161207
2020-07-06,Rio de Janeiro,Maricá,1.86,3,0,0.0,1413,59,4.18,876.51,36.6,0.88,161207
2020-07-05,Rio de Janeiro,Maricá,0.0,0,0,0.0,1410,59,4.18,874.65,36.6,0.87,161207
2020-07-04,Rio de Janeiro,Maricá,21.71,35,0,0.0,1410,59,4.18,874.65,36.6,0.87,161207
2020-07-03,Rio de Janeiro,Maricá,9.93,16,3,1.86,1375,59,4.29,852.94,36.6,0.85,161207
2020-07-02,Rio de Janeiro,Maricá,11.79,19,0,0.0,1359,56,4.12,843.02,34.74,0.84,161207
2020-07-01,Rio de Janeiro,Maricá,42.8,69,0,0.0,1340,56,4.18,831.23,34.74,0.83,161207
2020-06-30,Rio de Janeiro,Maricá,1.24,2,0,0.0,1271,56,4.41,788.43,34.74,0.79,161207
2020-06-29,Rio de Janeiro,Maricá,8.06,13,0,0.0,1269,56,4.41,787.19,34.74,0.79,161207
2020-06-28,Rio de Janeiro,Maricá,36.6,59,0,0.0,1256,56,4.46,779.12,34.74,0.78,161207
2020-06-27,Rio de Janeiro,Maricá,4.34,7,1,0.62,1197,56,4.68,742.52,34.74,0.74,161207
2020-06-26,Rio de Janeiro,Maricá,15.51,25,1,0.62,1190,55,4.62,738.18,34.12,0.74,161207
2020-06-25,Rio de Janeiro,Maricá,26.67,43,4,2.48,1165,54,4.64,722.67,33.5,0.72,161207
2020-06-24,Rio de Janeiro,Maricá,18.61,30,1,0.62,1122,50,4.46,696.0,31.02,0.7,161207
2020-06-23,Rio de Janeiro,Maricá,50.87,82,0,0.0,1092,49,4.49,677.39,30.4,0.68,161207
2020-06-22,Rio de Janeiro,Maricá,19.23,31,0,0.0,1010,49,4.85,626.52,30.4,0.63,161207
2020-06-21,Rio de Janeiro,Maricá,3.72,6,0,0.0,979,49,5.01,607.29,30.4,0.61,161207
2020-06-20,Rio de Janeiro,Maricá,0.0,0,8,4.96,973,49,5.04,603.57,30.4,0.6,161207
2020-06-19,Rio de Janeiro,Maricá,45.28,73,0,0.0,973,41,4.21,603.57,25.43,0.6,161207
2020-06-18,Rio de Janeiro,Maricá,0.62,1,1,0.62,900,41,4.56,558.29,25.43,0.56,161207
2020-06-17,Rio de Janeiro,Maricá,31.64,51,0,0.0,899,40,4.45,557.67,24.81,0.56,161207
2020-06-16,Rio de Janeiro,Maricá,4.34,7,0,0.0,848,40,4.72,526.03,24.81,0.53,161207
2020-06-15,Rio de Janeiro,Maricá,26.05,42,0,0.0,841,40,4.76,521.69,24.81,0.52,161207
2020-06-14,Rio de Janeiro,Maricá,3.1,5,0,0.0,799,40,5.01,495.64,24.81,0.5,161207
2020-06-13,Rio de Janeiro,Maricá,-23.57,-38,0,0.0,794,40,5.04,492.53,24.81,0.49,161207
2020-06-12,Rio de Janeiro,Maricá,21.71,35,1,0.62,832,40,4.81,516.11,24.81,0.52,161207
2020-06-11,Rio de Janeiro,Maricá,23.57,38,1,0.62,797,39,4.89,494.4,24.19,0.49,161207
2020-06-10,Rio de Janeiro,Maricá,-8.68,-14,1,0.62,759,38,5.01,470.82,23.57,0.47,161207
2020-06-09,Rio de Janeiro,Maricá,40.32,65,0,0.0,773,37,4.79,479.51,22.95,0.48,161207
2020-06-08,Rio de Janeiro,Maricá,16.13,26,0,0.0,708,37,5.23,439.19,22.95,0.44,161207
2020-06-07,Rio de Janeiro,Maricá,45.9,74,0,0.0,682,37,5.43,423.06,22.95,0.42,161207
2020-06-06,Rio de Janeiro,Maricá,11.79,19,-1,-0.62,608,37,6.09,377.15,22.95,0.38,161207
2020-06-05,Rio de Janeiro,Maricá,13.03,21,1,0.62,589,38,6.45,365.37,23.57,0.37,161207
2020-06-04,Rio de Janeiro,Maricá,7.44,12,0,0.0,568,37,6.51,352.34,22.95,0.35,161207
2020-06-03,Rio de Janeiro,Maricá,30.4,49,1,0.62,556,37,6.65,344.9,22.95,0.34,161207
2020-06-02,Rio de Janeiro,Maricá,-0.62,-1,0,0.0,507,36,7.1,314.5,22.33,0.31,161207
2020-06-01,Rio de Janeiro,Maricá,0.0,0,0,0.0,508,36,7.09,315.12,22.33,0.32,161207
2020-05-31,Rio de Janeiro,Maricá,0.62,1,0,0.0,508,36,7.09,315.12,22.33,0.32,161207
2020-05-30,Rio de Janeiro,Maricá,44.04,71,7,4.34,507,36,7.1,314.5,22.33,0.31,161207
2020-05-29,Rio de Janeiro,Maricá,34.74,56,4,2.48,436,29,6.65,270.46,17.99,0.27,161207
2020-05-28,Rio de Janeiro,Maricá,1.86,3,3,1.86,380,25,6.58,235.72,15.51,0.24,161207
2020-05-27,Rio de Janeiro,Maricá,0.62,1,1,0.62,377,22,5.84,233.86,13.65,0.23,161207
2020-05-26,Rio de Janeiro,Maricá,-4.34,-7,1,0.62,376,21,5.59,233.24,13.03,0.23,161207
2020-05-25,Rio de Janeiro,Maricá,1.86,3,0,0.0,383,20,5.22,237.58,12.41,0.24,161207
2020-05-24,Rio de Janeiro,Maricá,110.42,178,0,0.0,380,20,5.26,235.72,12.41,0.24,161207
2020-05-23,Rio de Janeiro,Maricá,0.62,1,1,0.62,202,20,9.9,125.3,12.41,0.13,161207
2020-05-22,Rio de Janeiro,Maricá,0.62,1,1,0.62,201,19,9.45,124.68,11.79,0.12,161207
2020-05-21,Rio de Janeiro,Maricá,0.0,0,1,0.62,200,18,9.0,124.06,11.17,0.12,161207
2020-05-20,Rio de Janeiro,Maricá,0.0,0,0,0.0,200,17,8.5,124.06,10.55,0.12,161207
2020-05-19,Rio de Janeiro,Maricá,0.0,0,0,0.0,200,17,8.5,124.06,10.55,0.12,161207
2020-05-18,Rio de Janeiro,Maricá,16.13,26,0,0.0,200,17,8.5,124.06,10.55,0.12,161207
2020-05-17,Rio de Janeiro,Maricá,0.0,0,0,0.0,174,17,9.77,107.94,10.55,0.11,161207
2020-05-16,Rio de Janeiro,Maricá,9.93,16,2,1.24,174,17,9.77,107.94,10.55,0.11,161207
2020-05-15,Rio de Janeiro,Maricá,0.0,0,0,0.0,158,15,9.49,98.01,9.3,0.1,161207
2020-05-14,Rio de Janeiro,Maricá,12.41,20,2,1.24,158,15,9.49,98.01,9.3,0.1,161207
2020-05-13,Rio de Janeiro,Maricá,0.0,0,0,0.0,138,13,9.42,85.6,8.06,0.09,161207
2020-05-12,Rio de Janeiro,Maricá,3.1,5,0,0.0,138,13,9.42,85.6,8.06,0.09,161207
2020-05-11,Rio de Janeiro,Maricá,14.27,23,0,0.0,133,13,9.77,82.5,8.06,0.08,161207
2020-05-10,Rio de Janeiro,Maricá,-0.62,-1,0,0.0,110,13,11.82,68.24,8.06,0.07,161207
2020-05-09,Rio de Janeiro,Maricá,1.24,2,0,0.0,111,13,11.71,68.86,8.06,0.07,161207
2020-05-08,Rio de Janeiro,Maricá,6.82,11,0,0.0,109,13,11.93,67.61,8.06,0.07,161207
2020-05-07,Rio de Janeiro,Maricá,1.86,3,0,0.0,98,13,13.27,60.79,8.06,0.06,161207
2020-05-06,Rio de Janeiro,Maricá,2.48,4,1,0.62,95,13,13.68,58.93,8.06,0.06,161207
2020-05-05,Rio de Janeiro,Maricá,0.62,1,0,0.0,91,12,13.19,56.45,7.44,0.06,161207
2020-05-04,Rio de Janeiro,Maricá,0.0,0,0,0.0,90,12,13.33,55.83,7.44,0.06,161207
2020-05-03,Rio de Janeiro,Maricá,7.44,12,3,1.86,90,12,13.33,55.83,7.44,0.06,161207
2020-05-02,Rio de Janeiro,Maricá,3.1,5,0,0.0,78,9,11.54,48.38,5.58,0.05,161207
2020-05-01,Rio de Janeiro,Maricá,5.58,9,0,0.0,73,9,12.33,45.28,5.58,0.05,161207
2020-04-30,Rio de Janeiro,Maricá,4.96,8,1,0.62,64,9,14.06,39.7,5.58,0.04,161207
2020-04-29,Rio de Janeiro,Maricá,1.24,2,1,0.62,56,8,14.29,34.74,4.96,0.03,161207
2020-04-28,Rio de Janeiro,Maricá,1.24,2,0,0.0,54,7,12.96,33.5,4.34,0.03,161207
2020-04-27,Rio de Janeiro,Maricá,0.0,0,-1,-0.62,52,7,13.46,32.26,4.34,0.03,161207
2020-04-26,Rio de Janeiro,Maricá,4.96,8,1,0.62,52,8,15.38,32.26,4.96,0.03,161207
2020-04-25,Rio de Janeiro,Maricá,1.86,3,0,0.0,44,7,15.91,27.29,4.34,0.03,161207
2020-04-24,Rio de Janeiro,Maricá,0.62,1,0,0.0,41,7,17.07,25.43,4.34,0.03,161207
2020-04-23,Rio de Janeiro,Maricá,1.24,2,2,1.24,40,7,17.5,24.81,4.34,0.02,161207
2020-04-22,Rio de Janeiro,Maricá,-0.62,-1,0,0.0,38,5,13.16,23.57,3.1,0.02,161207
2020-04-21,Rio de Janeiro,Maricá,0.0,0,0,0.0,39,5,12.82,24.19,3.1,0.02,161207
2020-04-20,Rio de Janeiro,Maricá,0.62,1,1,0.62,39,5,12.82,24.19,3.1,0.02,161207
2020-04-19,Rio de Janeiro,Maricá,1.86,3,0,0.0,38,4,10.53,23.57,2.48,0.02,161207
2020-04-18,Rio de Janeiro,Maricá,0.0,0,0,0.0,35,4,11.43,21.71,2.48,0.02,161207
2020-04-17,Rio de Janeiro,Maricá,0.0,0,0,0.0,35,4,11.43,21.71,2.48,0.02,161207
2020-04-16,Rio de Janeiro,Maricá,0.0,0,1,0.62,35,4,11.43,21.71,2.48,0.02,161207
2020-04-15,Rio de Janeiro,Maricá,6.82,11,0,0.0,35,3,8.57,21.71,1.86,0.02,161207
2020-04-14,Rio de Janeiro,Maricá,1.24,2,0,0.0,24,3,12.5,14.89,1.86,0.01,161207
2020-04-13,Rio de Janeiro,Maricá,2.48,4,0,0.0,22,3,13.64,13.65,1.86,0.01,161207
2020-04-12,Rio de Janeiro,Maricá,1.86,3,1,0.62,18,3,16.67,11.17,1.86,0.01,161207
2020-04-11,Rio de Janeiro,Maricá,0.0,0,0,0.0,15,2,13.33,9.3,1.24,0.01,161207
2020-04-10,Rio de Janeiro,Maricá,1.86,3,1,0.62,15,2,13.33,9.3,1.24,0.01,161207
2020-04-09,Rio de Janeiro,Maricá,1.24,2,0,0.0,12,1,8.33,7.44,0.62,0.01,161207
2020-04-08,Rio de Janeiro,Maricá,0.62,1,0,0.0,10,1,10.0,6.2,0.62,0.01,161207
2020-04-07,Rio de Janeiro,Maricá,0.62,1,0,0.0,9,1,11.11,5.58,0.62,0.01,161207
2020-04-06,Rio de Janeiro,Maricá,0.0,0,0,0.0,8,1,12.5,4.96,0.62,0.0,161207
2020-04-05,Rio de Janeiro,Maricá,0.62,1,0,0.0,8,1,12.5,4.96,0.62,0.0,161207
2020-04-04,Rio de Janeiro,Maricá,1.24,2,1,0.62,7,1,14.29,4.34,0.62,0.0,161207
2020-04-03,Rio de Janeiro,Maricá,1.24,2,0,0.0,5,0,0.0,3.1,0.0,0.0,161207
2020-04-02,Rio de Janeiro,Maricá,0.62,1,0,0.0,3,0,0.0,1.86,0.0,0.0,161207
2020-04-01,Rio de Janeiro,Maricá,0.0,0,0,0.0,2,0,0.0,1.24,0.0,0.0,161207
2020-03-31,Rio de Janeiro,Maricá,0.62,1,0,0.0,2,0,0.0,1.24,0.0,0.0,161207
2020-03-30,Rio de Janeiro,Maricá,0.0,0,0,0.0,1,0,0.0,0.62,0.0,0.0,161207
2020-03-29,Rio de Janeiro,Maricá,0.0,0,0,0.0,1,0,0.0,0.62,0.0,0.0,161207
