date,state,county,new_cases_100k,new_cases,new_deaths,new_deaths_100k,total_cases,total_deaths,cfr%,total_cases_100k,total_deaths_100k,%infected,population,pop_density
2020-07-16,Delaware,Kent,6.16,11,0,0.0,1887,94,4.98,1056.85,52.65,1.06,178550,304.79
2020-07-15,Delaware,Kent,6.16,11,2,1.12,1876,94,5.01,1050.69,52.65,1.05,178550,304.79
2020-07-14,Delaware,Kent,4.48,8,0,0.0,1865,92,4.93,1044.53,51.53,1.04,178550,304.79
2020-07-13,Delaware,Kent,5.04,9,0,0.0,1857,92,4.95,1040.04,51.53,1.04,178550,304.79
2020-07-12,Delaware,Kent,10.64,19,0,0.0,1848,92,4.98,1035.0,51.53,1.04,178550,304.79
2020-07-11,Delaware,Kent,7.84,14,0,0.0,1829,92,5.03,1024.36,51.53,1.02,178550,304.79
2020-07-10,Delaware,Kent,11.2,20,0,0.0,1815,92,5.07,1016.52,51.53,1.02,178550,304.79
2020-07-09,Delaware,Kent,2.8,5,0,0.0,1795,92,5.13,1005.32,51.53,1.01,178550,304.79
2020-07-08,Delaware,Kent,3.36,6,0,0.0,1790,92,5.14,1002.52,51.53,1.0,178550,304.79
2020-07-07,Delaware,Kent,12.88,23,0,0.0,1784,92,5.16,999.16,51.53,1.0,178550,304.79
2020-07-06,Delaware,Kent,8.4,15,0,0.0,1761,92,5.22,986.28,51.53,0.99,178550,304.79
2020-07-05,Delaware,Kent,6.16,11,0,0.0,1746,92,5.27,977.88,51.53,0.98,178550,304.79
2020-07-04,Delaware,Kent,2.8,5,0,0.0,1735,92,5.3,971.72,51.53,0.97,178550,304.79
2020-07-03,Delaware,Kent,7.84,14,2,1.12,1730,92,5.32,968.92,51.53,0.97,178550,304.79
2020-07-02,Delaware,Kent,9.52,17,0,0.0,1716,90,5.24,961.08,50.41,0.96,178550,304.79
2020-07-01,Delaware,Kent,5.04,9,1,0.56,1699,90,5.3,951.55,50.41,0.95,178550,304.79
2020-06-30,Delaware,Kent,10.08,18,0,0.0,1690,89,5.27,946.51,49.85,0.95,178550,304.79
2020-06-29,Delaware,Kent,5.04,9,0,0.0,1672,89,5.32,936.43,49.85,0.94,178550,304.79
2020-06-28,Delaware,Kent,6.16,11,0,0.0,1663,89,5.35,931.39,49.85,0.93,178550,304.79
2020-06-27,Delaware,Kent,9.52,17,0,0.0,1652,89,5.39,925.23,49.85,0.93,178550,304.79
2020-06-26,Delaware,Kent,2.8,5,0,0.0,1635,89,5.44,915.71,49.85,0.92,178550,304.79
2020-06-25,Delaware,Kent,1.12,2,0,0.0,1630,89,5.46,912.91,49.85,0.91,178550,304.79
2020-06-24,Delaware,Kent,2.24,4,0,0.0,1628,89,5.47,911.79,49.85,0.91,178550,304.79
2020-06-23,Delaware,Kent,2.24,4,5,2.8,1624,89,5.48,909.55,49.85,0.91,178550,304.79
2020-06-22,Delaware,Kent,3.92,7,0,0.0,1620,84,5.19,907.31,47.05,0.91,178550,304.79
2020-06-21,Delaware,Kent,3.92,7,0,0.0,1613,84,5.21,903.39,47.05,0.9,178550,304.79
2020-06-20,Delaware,Kent,2.24,4,0,0.0,1606,84,5.23,899.47,47.05,0.9,178550,304.79
2020-06-19,Delaware,Kent,10.08,18,0,0.0,1602,84,5.24,897.23,47.05,0.9,178550,304.79
2020-06-18,Delaware,Kent,2.8,5,0,0.0,1584,84,5.3,887.15,47.05,0.89,178550,304.79
2020-06-17,Delaware,Kent,3.36,6,0,0.0,1579,84,5.32,884.35,47.05,0.88,178550,304.79
2020-06-16,Delaware,Kent,4.48,8,1,0.56,1573,84,5.34,880.99,47.05,0.88,178550,304.79
2020-06-15,Delaware,Kent,4.48,8,0,0.0,1565,83,5.3,876.51,46.49,0.88,178550,304.79
2020-06-14,Delaware,Kent,1.68,3,1,0.56,1557,83,5.33,872.02,46.49,0.87,178550,304.79
2020-06-13,Delaware,Kent,5.6,10,3,1.68,1554,82,5.28,870.34,45.93,0.87,178550,304.79
2020-06-12,Delaware,Kent,0.56,1,0,0.0,1544,79,5.12,864.74,44.25,0.86,178550,304.79
2020-06-11,Delaware,Kent,7.28,13,1,0.56,1543,79,5.12,864.18,44.25,0.86,178550,304.79
2020-06-10,Delaware,Kent,4.48,8,2,1.12,1530,78,5.1,856.9,43.69,0.86,178550,304.79
2020-06-09,Delaware,Kent,5.04,9,0,0.0,1522,76,4.99,852.42,42.57,0.85,178550,304.79
2020-06-08,Delaware,Kent,1.12,2,0,0.0,1513,76,5.02,847.38,42.57,0.85,178550,304.79
2020-06-07,Delaware,Kent,8.4,15,4,2.24,1511,76,5.03,846.26,42.57,0.85,178550,304.79
2020-06-06,Delaware,Kent,17.36,31,1,0.56,1496,72,4.81,837.86,40.32,0.84,178550,304.79
2020-06-05,Delaware,Kent,6.16,11,2,1.12,1465,71,4.85,820.5,39.76,0.82,178550,304.79
2020-06-04,Delaware,Kent,1.68,3,3,1.68,1454,69,4.75,814.34,38.64,0.81,178550,304.79
2020-06-03,Delaware,Kent,0.56,1,0,0.0,1451,66,4.55,812.66,36.96,0.81,178550,304.79
2020-06-02,Delaware,Kent,5.6,10,3,1.68,1450,66,4.55,812.1,36.96,0.81,178550,304.79
2020-06-01,Delaware,Kent,2.24,4,0,0.0,1440,63,4.38,806.5,35.28,0.81,178550,304.79
2020-05-31,Delaware,Kent,2.24,4,0,0.0,1436,63,4.39,804.26,35.28,0.8,178550,304.79
2020-05-30,Delaware,Kent,17.36,31,1,0.56,1432,63,4.4,802.02,35.28,0.8,178550,304.79
2020-05-29,Delaware,Kent,5.04,9,1,0.56,1401,62,4.43,784.65,34.72,0.78,178550,304.79
2020-05-28,Delaware,Kent,10.08,18,0,0.0,1392,61,4.38,779.61,34.16,0.78,178550,304.79
2020-05-27,Delaware,Kent,3.36,6,4,2.24,1374,61,4.44,769.53,34.16,0.77,178550,304.79
2020-05-26,Delaware,Kent,6.72,12,1,0.56,1368,57,4.17,766.17,31.92,0.77,178550,304.79
2020-05-25,Delaware,Kent,8.96,16,0,0.0,1356,56,4.13,759.45,31.36,0.76,178550,304.79
2020-05-24,Delaware,Kent,14.0,25,0,0.0,1340,56,4.18,750.49,31.36,0.75,178550,304.79
2020-05-23,Delaware,Kent,10.64,19,0,0.0,1315,56,4.26,736.49,31.36,0.74,178550,304.79
2020-05-22,Delaware,Kent,8.4,15,1,0.56,1296,56,4.32,725.85,31.36,0.73,178550,304.79
2020-05-21,Delaware,Kent,15.68,28,0,0.0,1281,55,4.29,717.45,30.8,0.72,178550,304.79
2020-05-20,Delaware,Kent,8.4,15,2,1.12,1253,55,4.39,701.76,30.8,0.7,178550,304.79
2020-05-19,Delaware,Kent,10.64,19,1,0.56,1238,53,4.28,693.36,29.68,0.69,178550,304.79
2020-05-18,Delaware,Kent,12.32,22,0,0.0,1219,52,4.27,682.72,29.12,0.68,178550,304.79
2020-05-17,Delaware,Kent,11.76,21,0,0.0,1197,52,4.34,670.4,29.12,0.67,178550,304.79
2020-05-16,Delaware,Kent,16.8,30,4,2.24,1176,52,4.42,658.64,29.12,0.66,178550,304.79
2020-05-15,Delaware,Kent,17.36,31,2,1.12,1146,48,4.19,641.84,26.88,0.64,178550,304.79
2020-05-14,Delaware,Kent,17.36,31,1,0.56,1115,46,4.13,624.47,25.76,0.62,178550,304.79
2020-05-13,Delaware,Kent,13.44,24,2,1.12,1084,45,4.15,607.11,25.2,0.61,178550,304.79
2020-05-12,Delaware,Kent,8.96,16,4,2.24,1060,43,4.06,593.67,24.08,0.59,178550,304.79
2020-05-11,Delaware,Kent,15.68,28,1,0.56,1044,39,3.74,584.71,21.84,0.58,178550,304.79
2020-05-10,Delaware,Kent,17.36,31,0,0.0,1016,38,3.74,569.03,21.28,0.57,178550,304.79
2020-05-09,Delaware,Kent,12.32,22,2,1.12,985,38,3.86,551.67,21.28,0.55,178550,304.79
2020-05-08,Delaware,Kent,10.08,18,2,1.12,963,36,3.74,539.34,20.16,0.54,178550,304.79
2020-05-07,Delaware,Kent,30.24,54,1,0.56,945,34,3.6,529.26,19.04,0.53,178550,304.79
2020-05-06,Delaware,Kent,24.64,44,1,0.56,891,33,3.7,499.02,18.48,0.5,178550,304.79
2020-05-05,Delaware,Kent,7.84,14,2,1.12,847,32,3.78,474.38,17.92,0.47,178550,304.79
2020-05-04,Delaware,Kent,6.72,12,0,0.0,833,30,3.6,466.54,16.8,0.47,178550,304.79
2020-05-03,Delaware,Kent,15.68,28,1,0.56,821,30,3.65,459.82,16.8,0.46,178550,304.79
2020-05-02,Delaware,Kent,11.2,20,2,1.12,793,29,3.66,444.13,16.24,0.44,178550,304.79
2020-05-01,Delaware,Kent,7.84,14,1,0.56,773,27,3.49,432.93,15.12,0.43,178550,304.79
2020-04-30,Delaware,Kent,8.96,16,1,0.56,759,26,3.43,425.09,14.56,0.43,178550,304.79
2020-04-29,Delaware,Kent,8.4,15,2,1.12,743,25,3.36,416.13,14.0,0.42,178550,304.79
2020-04-28,Delaware,Kent,42.57,76,0,0.0,728,23,3.16,407.73,12.88,0.41,178550,304.79
2020-04-27,Delaware,Kent,15.12,27,1,0.56,652,23,3.53,365.16,12.88,0.37,178550,304.79
2020-04-26,Delaware,Kent,25.76,46,4,2.24,625,22,3.52,350.04,12.32,0.35,178550,304.79
2020-04-25,Delaware,Kent,11.76,21,3,1.68,579,18,3.11,324.28,10.08,0.32,178550,304.79
2020-04-24,Delaware,Kent,10.64,19,0,0.0,558,15,2.69,312.52,8.4,0.31,178550,304.79
2020-04-23,Delaware,Kent,20.16,36,0,0.0,539,15,2.78,301.88,8.4,0.3,178550,304.79
2020-04-22,Delaware,Kent,24.64,44,1,0.56,503,15,2.98,281.71,8.4,0.28,178550,304.79
2020-04-21,Delaware,Kent,16.24,29,1,0.56,459,14,3.05,257.07,7.84,0.26,178550,304.79
2020-04-20,Delaware,Kent,7.28,13,3,1.68,430,13,3.02,240.83,7.28,0.24,178550,304.79
2020-04-19,Delaware,Kent,0.0,0,0,0.0,417,10,2.4,233.55,5.6,0.23,178550,304.79
2020-04-18,Delaware,Kent,18.48,33,1,0.56,417,10,2.4,233.55,5.6,0.23,178550,304.79
2020-04-17,Delaware,Kent,17.92,32,0,0.0,384,9,2.34,215.07,5.04,0.22,178550,304.79
2020-04-16,Delaware,Kent,3.92,7,1,0.56,352,9,2.56,197.14,5.04,0.2,178550,304.79
2020-04-15,Delaware,Kent,8.96,16,1,0.56,345,8,2.32,193.22,4.48,0.19,178550,304.79
2020-04-14,Delaware,Kent,22.96,41,1,0.56,329,7,2.13,184.26,3.92,0.18,178550,304.79
2020-04-13,Delaware,Kent,3.92,7,2,1.12,288,6,2.08,161.3,3.36,0.16,178550,304.79
2020-04-12,Delaware,Kent,14.56,26,0,0.0,281,4,1.42,157.38,2.24,0.16,178550,304.79
2020-04-11,Delaware,Kent,14.0,25,1,0.56,255,4,1.57,142.82,2.24,0.14,178550,304.79
2020-04-10,Delaware,Kent,8.96,16,0,0.0,230,3,1.3,128.82,1.68,0.13,178550,304.79
2020-04-09,Delaware,Kent,7.28,13,0,0.0,214,3,1.4,119.85,1.68,0.12,178550,304.79
2020-04-08,Delaware,Kent,30.24,54,0,0.0,201,3,1.49,112.57,1.68,0.11,178550,304.79
2020-04-07,Delaware,Kent,10.64,19,0,0.0,147,3,2.04,82.33,1.68,0.08,178550,304.79
2020-04-06,Delaware,Kent,23.52,42,1,0.56,128,3,2.34,71.69,1.68,0.07,178550,304.79
2020-04-05,Delaware,Kent,10.08,18,0,0.0,86,2,2.33,48.17,1.12,0.05,178550,304.79
2020-04-04,Delaware,Kent,7.84,14,0,0.0,68,2,2.94,38.08,1.12,0.04,178550,304.79
2020-04-03,Delaware,Kent,6.16,11,0,0.0,54,2,3.7,30.24,1.12,0.03,178550,304.79
2020-04-02,Delaware,Kent,1.12,2,0,0.0,43,2,4.65,24.08,1.12,0.02,178550,304.79
2020-04-01,Delaware,Kent,3.92,7,0,0.0,41,2,4.88,22.96,1.12,0.02,178550,304.79
2020-03-31,Delaware,Kent,3.92,7,0,0.0,34,2,5.88,19.04,1.12,0.02,178550,304.79
2020-03-30,Delaware,Kent,1.12,2,0,0.0,27,2,7.41,15.12,1.12,0.02,178550,304.79
2020-03-29,Delaware,Kent,0.0,0,0,0.0,25,2,8.0,14.0,1.12,0.01,178550,304.79
2020-03-28,Delaware,Kent,2.24,4,2,1.12,25,2,8.0,14.0,1.12,0.01,178550,304.79
2020-03-27,Delaware,Kent,1.12,2,0,0.0,21,0,0.0,11.76,0.0,0.01,178550,304.79
2020-03-26,Delaware,Kent,2.8,5,0,0.0,19,0,0.0,10.64,0.0,0.01,178550,304.79
2020-03-25,Delaware,Kent,2.24,4,0,0.0,14,0,0.0,7.84,0.0,0.01,178550,304.79
2020-03-24,Delaware,Kent,0.56,1,0,0.0,10,0,0.0,5.6,0.0,0.01,178550,304.79
2020-03-23,Delaware,Kent,2.24,4,0,0.0,9,0,0.0,5.04,0.0,0.01,178550,304.79
2020-03-22,Delaware,Kent,0.0,0,0,0.0,5,0,0.0,2.8,0.0,0.0,178550,304.79
2020-03-21,Delaware,Kent,0.56,1,0,0.0,5,0,0.0,2.8,0.0,0.0,178550,304.79
2020-03-20,Delaware,Kent,0.0,0,0,0.0,4,0,0.0,2.24,0.0,0.0,178550,304.79
2020-03-19,Delaware,Kent,0.56,1,0,0.0,4,0,0.0,2.24,0.0,0.0,178550,304.79
2020-03-18,Delaware,Kent,0.0,0,0,0.0,3,0,0.0,1.68,0.0,0.0,178550,304.79
