date,state,county,1day_cases_100k,new_cases,new_deaths,new_deaths_100k,total_cases,total_deaths,cfr%,total_cases_100k,total_deaths_100k,%infected,population,pop_density
2020-08-27,Kansas,Butler,0.0,0,0,0.0,404,2,0.5,605.11,3.0,0.61,66765,46.7
2020-08-26,Kansas,Butler,26.96,18,0,0.0,404,2,0.5,605.11,3.0,0.61,66765,46.7
2020-08-25,Kansas,Butler,0.0,0,0,0.0,386,2,0.52,578.15,3.0,0.58,66765,46.7
2020-08-24,Kansas,Butler,23.96,16,0,0.0,386,2,0.52,578.15,3.0,0.58,66765,46.7
2020-08-23,Kansas,Butler,0.0,0,0,0.0,370,2,0.54,554.18,3.0,0.55,66765,46.7
2020-08-22,Kansas,Butler,0.0,0,0,0.0,370,2,0.54,554.18,3.0,0.55,66765,46.7
2020-08-21,Kansas,Butler,10.48,7,0,0.0,370,2,0.54,554.18,3.0,0.55,66765,46.7
2020-08-20,Kansas,Butler,0.0,0,0,0.0,363,2,0.55,543.7,3.0,0.54,66765,46.7
2020-08-19,Kansas,Butler,17.97,12,0,0.0,363,2,0.55,543.7,3.0,0.54,66765,46.7
2020-08-18,Kansas,Butler,0.0,0,0,0.0,351,2,0.57,525.72,3.0,0.53,66765,46.7
2020-08-17,Kansas,Butler,26.96,18,0,0.0,351,2,0.57,525.72,3.0,0.53,66765,46.7
2020-08-16,Kansas,Butler,0.0,0,0,0.0,333,2,0.6,498.76,3.0,0.5,66765,46.7
2020-08-15,Kansas,Butler,0.0,0,0,0.0,333,2,0.6,498.76,3.0,0.5,66765,46.7
2020-08-14,Kansas,Butler,28.46,19,1,1.5,333,2,0.6,498.76,3.0,0.5,66765,46.7
2020-08-13,Kansas,Butler,0.0,0,0,0.0,314,1,0.32,470.31,1.5,0.47,66765,46.7
2020-08-12,Kansas,Butler,19.47,13,0,0.0,314,1,0.32,470.31,1.5,0.47,66765,46.7
2020-08-11,Kansas,Butler,0.0,0,0,0.0,301,1,0.33,450.84,1.5,0.45,66765,46.7
2020-08-10,Kansas,Butler,34.45,23,0,0.0,301,1,0.33,450.84,1.5,0.45,66765,46.7
2020-08-09,Kansas,Butler,0.0,0,0,0.0,278,1,0.36,416.39,1.5,0.42,66765,46.7
2020-08-08,Kansas,Butler,0.0,0,0,0.0,278,1,0.36,416.39,1.5,0.42,66765,46.7
2020-08-07,Kansas,Butler,40.44,27,0,0.0,278,1,0.36,416.39,1.5,0.42,66765,46.7
2020-08-06,Kansas,Butler,0.0,0,0,0.0,251,1,0.4,375.95,1.5,0.38,66765,46.7
2020-08-05,Kansas,Butler,20.97,14,0,0.0,251,1,0.4,375.95,1.5,0.38,66765,46.7
2020-08-04,Kansas,Butler,0.0,0,1,1.5,237,1,0.42,354.98,1.5,0.35,66765,46.7
2020-08-03,Kansas,Butler,32.95,22,0,0.0,237,0,0.0,354.98,0.0,0.35,66765,46.7
2020-08-02,Kansas,Butler,0.0,0,0,0.0,215,0,0.0,322.03,0.0,0.32,66765,46.7
2020-08-01,Kansas,Butler,0.0,0,0,0.0,215,0,0.0,322.03,0.0,0.32,66765,46.7
2020-07-31,Kansas,Butler,29.96,20,0,0.0,215,0,0.0,322.03,0.0,0.32,66765,46.7
2020-07-30,Kansas,Butler,0.0,0,0,0.0,195,0,0.0,292.07,0.0,0.29,66765,46.7
2020-07-29,Kansas,Butler,11.98,8,0,0.0,195,0,0.0,292.07,0.0,0.29,66765,46.7
2020-07-28,Kansas,Butler,0.0,0,0,0.0,187,0,0.0,280.09,0.0,0.28,66765,46.7
2020-07-27,Kansas,Butler,22.47,15,0,0.0,187,0,0.0,280.09,0.0,0.28,66765,46.7
2020-07-26,Kansas,Butler,0.0,0,0,0.0,172,0,0.0,257.62,0.0,0.26,66765,46.7
2020-07-25,Kansas,Butler,0.0,0,0,0.0,172,0,0.0,257.62,0.0,0.26,66765,46.7
2020-07-24,Kansas,Butler,29.96,20,0,0.0,172,0,0.0,257.62,0.0,0.26,66765,46.7
2020-07-23,Kansas,Butler,11.98,8,0,0.0,152,0,0.0,227.66,0.0,0.23,66765,46.7
2020-07-22,Kansas,Butler,7.49,5,0,0.0,144,0,0.0,215.68,0.0,0.22,66765,46.7
2020-07-21,Kansas,Butler,0.0,0,0,0.0,139,0,0.0,208.19,0.0,0.21,66765,46.7
2020-07-20,Kansas,Butler,22.47,15,0,0.0,139,0,0.0,208.19,0.0,0.21,66765,46.7
2020-07-19,Kansas,Butler,0.0,0,0,0.0,124,0,0.0,185.73,0.0,0.19,66765,46.7
2020-07-18,Kansas,Butler,0.0,0,0,0.0,124,0,0.0,185.73,0.0,0.19,66765,46.7
2020-07-17,Kansas,Butler,13.48,9,0,0.0,124,0,0.0,185.73,0.0,0.19,66765,46.7
2020-07-16,Kansas,Butler,1.5,1,0,0.0,115,0,0.0,172.25,0.0,0.17,66765,46.7
2020-07-15,Kansas,Butler,10.48,7,0,0.0,114,0,0.0,170.75,0.0,0.17,66765,46.7
2020-07-14,Kansas,Butler,3.0,2,0,0.0,107,0,0.0,160.26,0.0,0.16,66765,46.7
2020-07-13,Kansas,Butler,19.47,13,0,0.0,105,0,0.0,157.27,0.0,0.16,66765,46.7
2020-07-12,Kansas,Butler,0.0,0,0,0.0,92,0,0.0,137.8,0.0,0.14,66765,46.7
2020-07-11,Kansas,Butler,0.0,0,0,0.0,92,0,0.0,137.8,0.0,0.14,66765,46.7
2020-07-10,Kansas,Butler,14.98,10,0,0.0,92,0,0.0,137.8,0.0,0.14,66765,46.7
2020-07-09,Kansas,Butler,0.0,0,0,0.0,82,0,0.0,122.82,0.0,0.12,66765,46.7
2020-07-08,Kansas,Butler,8.99,6,0,0.0,82,0,0.0,122.82,0.0,0.12,66765,46.7
2020-07-07,Kansas,Butler,7.49,5,0,0.0,76,0,0.0,113.83,0.0,0.11,66765,46.7
2020-07-06,Kansas,Butler,0.0,0,0,0.0,71,0,0.0,106.34,0.0,0.11,66765,46.7
2020-07-05,Kansas,Butler,0.0,0,0,0.0,71,0,0.0,106.34,0.0,0.11,66765,46.7
2020-07-04,Kansas,Butler,10.48,7,0,0.0,71,0,0.0,106.34,0.0,0.11,66765,46.7
2020-07-03,Kansas,Butler,0.0,0,0,0.0,64,0,0.0,95.86,0.0,0.1,66765,46.7
2020-07-02,Kansas,Butler,4.49,3,0,0.0,64,0,0.0,95.86,0.0,0.1,66765,46.7
2020-07-01,Kansas,Butler,1.5,1,0,0.0,61,0,0.0,91.37,0.0,0.09,66765,46.7
2020-06-30,Kansas,Butler,3.0,2,0,0.0,60,0,0.0,89.87,0.0,0.09,66765,46.7
2020-06-29,Kansas,Butler,4.49,3,0,0.0,58,0,0.0,86.87,0.0,0.09,66765,46.7
2020-06-28,Kansas,Butler,0.0,0,0,0.0,55,0,0.0,82.38,0.0,0.08,66765,46.7
2020-06-27,Kansas,Butler,0.0,0,0,0.0,55,0,0.0,82.38,0.0,0.08,66765,46.7
2020-06-26,Kansas,Butler,0.0,0,0,0.0,55,0,0.0,82.38,0.0,0.08,66765,46.7
2020-06-25,Kansas,Butler,4.49,3,0,0.0,55,0,0.0,82.38,0.0,0.08,66765,46.7
2020-06-24,Kansas,Butler,1.5,1,0,0.0,52,0,0.0,77.89,0.0,0.08,66765,46.7
2020-06-23,Kansas,Butler,0.0,0,0,0.0,51,0,0.0,76.39,0.0,0.08,66765,46.7
2020-06-22,Kansas,Butler,3.0,2,0,0.0,51,0,0.0,76.39,0.0,0.08,66765,46.7
2020-06-21,Kansas,Butler,0.0,0,0,0.0,49,0,0.0,73.39,0.0,0.07,66765,46.7
2020-06-20,Kansas,Butler,0.0,0,0,0.0,49,0,0.0,73.39,0.0,0.07,66765,46.7
2020-06-19,Kansas,Butler,8.99,6,0,0.0,49,0,0.0,73.39,0.0,0.07,66765,46.7
2020-06-18,Kansas,Butler,1.5,1,0,0.0,43,0,0.0,64.41,0.0,0.06,66765,46.7
2020-06-17,Kansas,Butler,1.5,1,0,0.0,42,0,0.0,62.91,0.0,0.06,66765,46.7
2020-06-16,Kansas,Butler,0.0,0,0,0.0,41,0,0.0,61.41,0.0,0.06,66765,46.7
2020-06-15,Kansas,Butler,0.0,0,0,0.0,41,0,0.0,61.41,0.0,0.06,66765,46.7
2020-06-14,Kansas,Butler,0.0,0,0,0.0,41,0,0.0,61.41,0.0,0.06,66765,46.7
2020-06-13,Kansas,Butler,0.0,0,0,0.0,41,0,0.0,61.41,0.0,0.06,66765,46.7
2020-06-12,Kansas,Butler,1.5,1,0,0.0,41,0,0.0,61.41,0.0,0.06,66765,46.7
2020-06-11,Kansas,Butler,0.0,0,0,0.0,40,0,0.0,59.91,0.0,0.06,66765,46.7
2020-06-10,Kansas,Butler,0.0,0,0,0.0,40,0,0.0,59.91,0.0,0.06,66765,46.7
2020-06-09,Kansas,Butler,0.0,0,0,0.0,40,0,0.0,59.91,0.0,0.06,66765,46.7
2020-06-08,Kansas,Butler,0.0,0,0,0.0,40,0,0.0,59.91,0.0,0.06,66765,46.7
2020-06-07,Kansas,Butler,0.0,0,0,0.0,40,0,0.0,59.91,0.0,0.06,66765,46.7
2020-06-06,Kansas,Butler,0.0,0,0,0.0,40,0,0.0,59.91,0.0,0.06,66765,46.7
2020-06-05,Kansas,Butler,1.5,1,0,0.0,40,0,0.0,59.91,0.0,0.06,66765,46.7
2020-06-04,Kansas,Butler,0.0,0,0,0.0,39,0,0.0,58.41,0.0,0.06,66765,46.7
2020-06-03,Kansas,Butler,1.5,1,0,0.0,39,0,0.0,58.41,0.0,0.06,66765,46.7
2020-06-02,Kansas,Butler,1.5,1,0,0.0,38,0,0.0,56.92,0.0,0.06,66765,46.7
2020-06-01,Kansas,Butler,3.0,2,0,0.0,37,0,0.0,55.42,0.0,0.06,66765,46.7
2020-05-31,Kansas,Butler,1.5,1,0,0.0,35,0,0.0,52.42,0.0,0.05,66765,46.7
2020-05-30,Kansas,Butler,0.0,0,0,0.0,34,0,0.0,50.92,0.0,0.05,66765,46.7
2020-05-29,Kansas,Butler,1.5,1,0,0.0,34,0,0.0,50.92,0.0,0.05,66765,46.7
2020-05-28,Kansas,Butler,3.0,2,0,0.0,33,0,0.0,49.43,0.0,0.05,66765,46.7
2020-05-27,Kansas,Butler,0.0,0,0,0.0,31,0,0.0,46.43,0.0,0.05,66765,46.7
2020-05-26,Kansas,Butler,1.5,1,0,0.0,31,0,0.0,46.43,0.0,0.05,66765,46.7
2020-05-25,Kansas,Butler,0.0,0,0,0.0,30,0,0.0,44.93,0.0,0.04,66765,46.7
2020-05-24,Kansas,Butler,4.49,3,0,0.0,30,0,0.0,44.93,0.0,0.04,66765,46.7
2020-05-23,Kansas,Butler,1.5,1,0,0.0,27,0,0.0,40.44,0.0,0.04,66765,46.7
2020-05-22,Kansas,Butler,3.0,2,0,0.0,26,0,0.0,38.94,0.0,0.04,66765,46.7
2020-05-21,Kansas,Butler,1.5,1,0,0.0,24,0,0.0,35.95,0.0,0.04,66765,46.7
2020-05-20,Kansas,Butler,0.0,0,0,0.0,23,0,0.0,34.45,0.0,0.03,66765,46.7
2020-05-19,Kansas,Butler,0.0,0,0,0.0,23,0,0.0,34.45,0.0,0.03,66765,46.7
2020-05-18,Kansas,Butler,1.5,1,0,0.0,23,0,0.0,34.45,0.0,0.03,66765,46.7
2020-05-17,Kansas,Butler,0.0,0,0,0.0,22,0,0.0,32.95,0.0,0.03,66765,46.7
2020-05-16,Kansas,Butler,0.0,0,0,0.0,22,0,0.0,32.95,0.0,0.03,66765,46.7
2020-05-15,Kansas,Butler,4.49,3,0,0.0,22,0,0.0,32.95,0.0,0.03,66765,46.7
2020-05-14,Kansas,Butler,0.0,0,0,0.0,19,0,0.0,28.46,0.0,0.03,66765,46.7
2020-05-13,Kansas,Butler,1.5,1,0,0.0,19,0,0.0,28.46,0.0,0.03,66765,46.7
2020-05-12,Kansas,Butler,0.0,0,0,0.0,18,0,0.0,26.96,0.0,0.03,66765,46.7
2020-05-11,Kansas,Butler,1.5,1,0,0.0,18,0,0.0,26.96,0.0,0.03,66765,46.7
2020-05-10,Kansas,Butler,3.0,2,0,0.0,17,0,0.0,25.46,0.0,0.03,66765,46.7
2020-05-09,Kansas,Butler,0.0,0,0,0.0,15,0,0.0,22.47,0.0,0.02,66765,46.7
2020-05-08,Kansas,Butler,-1.5,-1,0,0.0,15,0,0.0,22.47,0.0,0.02,66765,46.7
2020-05-07,Kansas,Butler,0.0,0,0,0.0,16,0,0.0,23.96,0.0,0.02,66765,46.7
2020-05-06,Kansas,Butler,0.0,0,0,0.0,16,0,0.0,23.96,0.0,0.02,66765,46.7
2020-05-05,Kansas,Butler,0.0,0,0,0.0,16,0,0.0,23.96,0.0,0.02,66765,46.7
2020-05-04,Kansas,Butler,0.0,0,0,0.0,16,0,0.0,23.96,0.0,0.02,66765,46.7
2020-05-03,Kansas,Butler,0.0,0,0,0.0,16,0,0.0,23.96,0.0,0.02,66765,46.7
2020-05-02,Kansas,Butler,0.0,0,0,0.0,16,0,0.0,23.96,0.0,0.02,66765,46.7
2020-05-01,Kansas,Butler,0.0,0,0,0.0,16,0,0.0,23.96,0.0,0.02,66765,46.7
2020-04-30,Kansas,Butler,0.0,0,0,0.0,16,0,0.0,23.96,0.0,0.02,66765,46.7
2020-04-29,Kansas,Butler,1.5,1,0,0.0,16,0,0.0,23.96,0.0,0.02,66765,46.7
2020-04-28,Kansas,Butler,1.5,1,0,0.0,15,0,0.0,22.47,0.0,0.02,66765,46.7
2020-04-27,Kansas,Butler,1.5,1,0,0.0,14,0,0.0,20.97,0.0,0.02,66765,46.7
2020-04-26,Kansas,Butler,0.0,0,0,0.0,13,0,0.0,19.47,0.0,0.02,66765,46.7
2020-04-25,Kansas,Butler,0.0,0,0,0.0,13,0,0.0,19.47,0.0,0.02,66765,46.7
2020-04-24,Kansas,Butler,0.0,0,0,0.0,13,0,0.0,19.47,0.0,0.02,66765,46.7
2020-04-23,Kansas,Butler,0.0,0,0,0.0,13,0,0.0,19.47,0.0,0.02,66765,46.7
2020-04-22,Kansas,Butler,1.5,1,0,0.0,13,0,0.0,19.47,0.0,0.02,66765,46.7
2020-04-21,Kansas,Butler,0.0,0,0,0.0,12,0,0.0,17.97,0.0,0.02,66765,46.7
2020-04-20,Kansas,Butler,0.0,0,0,0.0,12,0,0.0,17.97,0.0,0.02,66765,46.7
2020-04-19,Kansas,Butler,0.0,0,0,0.0,12,0,0.0,17.97,0.0,0.02,66765,46.7
2020-04-18,Kansas,Butler,0.0,0,0,0.0,12,0,0.0,17.97,0.0,0.02,66765,46.7
2020-04-17,Kansas,Butler,3.0,2,0,0.0,12,0,0.0,17.97,0.0,0.02,66765,46.7
2020-04-16,Kansas,Butler,0.0,0,0,0.0,10,0,0.0,14.98,0.0,0.01,66765,46.7
2020-04-15,Kansas,Butler,1.5,1,0,0.0,10,0,0.0,14.98,0.0,0.01,66765,46.7
2020-04-14,Kansas,Butler,0.0,0,0,0.0,9,0,0.0,13.48,0.0,0.01,66765,46.7
2020-04-13,Kansas,Butler,1.5,1,0,0.0,9,0,0.0,13.48,0.0,0.01,66765,46.7
2020-04-12,Kansas,Butler,0.0,0,0,0.0,8,0,0.0,11.98,0.0,0.01,66765,46.7
2020-04-11,Kansas,Butler,0.0,0,0,0.0,8,0,0.0,11.98,0.0,0.01,66765,46.7
2020-04-10,Kansas,Butler,0.0,0,0,0.0,8,0,0.0,11.98,0.0,0.01,66765,46.7
2020-04-09,Kansas,Butler,0.0,0,0,0.0,8,0,0.0,11.98,0.0,0.01,66765,46.7
2020-04-08,Kansas,Butler,0.0,0,0,0.0,8,0,0.0,11.98,0.0,0.01,66765,46.7
2020-04-07,Kansas,Butler,0.0,0,0,0.0,8,0,0.0,11.98,0.0,0.01,66765,46.7
2020-04-06,Kansas,Butler,0.0,0,0,0.0,8,0,0.0,11.98,0.0,0.01,66765,46.7
2020-04-05,Kansas,Butler,0.0,0,0,0.0,8,0,0.0,11.98,0.0,0.01,66765,46.7
2020-04-04,Kansas,Butler,1.5,1,0,0.0,8,0,0.0,11.98,0.0,0.01,66765,46.7
2020-04-03,Kansas,Butler,0.0,0,0,0.0,7,0,0.0,10.48,0.0,0.01,66765,46.7
2020-04-02,Kansas,Butler,3.0,2,0,0.0,7,0,0.0,10.48,0.0,0.01,66765,46.7
2020-04-01,Kansas,Butler,3.0,2,0,0.0,5,0,0.0,7.49,0.0,0.01,66765,46.7
2020-03-31,Kansas,Butler,0.0,0,0,0.0,3,0,0.0,4.49,0.0,0.0,66765,46.7
2020-03-30,Kansas,Butler,0.0,0,0,0.0,3,0,0.0,4.49,0.0,0.0,66765,46.7
2020-03-29,Kansas,Butler,0.0,0,0,0.0,3,0,0.0,4.49,0.0,0.0,66765,46.7
2020-03-28,Kansas,Butler,0.0,0,0,0.0,3,0,0.0,4.49,0.0,0.0,66765,46.7
2020-03-27,Kansas,Butler,0.0,0,0,0.0,3,0,0.0,4.49,0.0,0.0,66765,46.7
2020-03-26,Kansas,Butler,0.0,0,0,0.0,3,0,0.0,4.49,0.0,0.0,66765,46.7
2020-03-25,Kansas,Butler,0.0,0,0,0.0,3,0,0.0,4.49,0.0,0.0,66765,46.7
2020-03-24,Kansas,Butler,0.0,0,0,0.0,3,0,0.0,4.49,0.0,0.0,66765,46.7
2020-03-23,Kansas,Butler,0.0,0,0,0.0,3,0,0.0,4.49,0.0,0.0,66765,46.7
2020-03-22,Kansas,Butler,1.5,1,0,0.0,3,0,0.0,4.49,0.0,0.0,66765,46.7
2020-03-21,Kansas,Butler,0.0,0,0,0.0,2,0,0.0,3.0,0.0,0.0,66765,46.7
2020-03-20,Kansas,Butler,1.5,1,0,0.0,2,0,0.0,3.0,0.0,0.0,66765,46.7
2020-03-19,Kansas,Butler,0.0,0,0,0.0,1,0,0.0,1.5,0.0,0.0,66765,46.7
2020-03-18,Kansas,Butler,0.0,0,0,0.0,1,0,0.0,1.5,0.0,0.0,66765,46.7
2020-03-17,Kansas,Butler,0.0,0,0,0.0,1,0,0.0,1.5,0.0,0.0,66765,46.7
2020-03-16,Kansas,Butler,0.0,0,0,0.0,1,0,0.0,1.5,0.0,0.0,66765,46.7
2020-03-15,Kansas,Butler,0.0,0,0,0.0,1,0,0.0,1.5,0.0,0.0,66765,46.7
2020-03-14,Kansas,Butler,0.0,0,0,0.0,1,0,0.0,1.5,0.0,0.0,66765,46.7
2020-03-13,Kansas,Butler,0.0,0,0,0.0,1,0,0.0,1.5,0.0,0.0,66765,46.7
