date,state,county,1day_cases_100k,new_cases,new_deaths,new_deaths_100k,total_cases,total_deaths,cfr%,total_cases_100k,total_deaths_100k,%infected,population,pop_density
2020-08-25,Kansas,Labette,0.0,0,0,0.0,167,1,0.6,836.51,5.01,0.84,19964,30.93
2020-08-24,Kansas,Labette,5.01,1,0,0.0,167,1,0.6,836.51,5.01,0.84,19964,30.93
2020-08-23,Kansas,Labette,0.0,0,0,0.0,166,1,0.6,831.5,5.01,0.83,19964,30.93
2020-08-22,Kansas,Labette,0.0,0,0,0.0,166,1,0.6,831.5,5.01,0.83,19964,30.93
2020-08-21,Kansas,Labette,5.01,1,0,0.0,166,1,0.6,831.5,5.01,0.83,19964,30.93
2020-08-20,Kansas,Labette,0.0,0,0,0.0,165,1,0.61,826.49,5.01,0.83,19964,30.93
2020-08-19,Kansas,Labette,30.05,6,0,0.0,165,1,0.61,826.49,5.01,0.83,19964,30.93
2020-08-18,Kansas,Labette,0.0,0,0,0.0,159,1,0.63,796.43,5.01,0.8,19964,30.93
2020-08-17,Kansas,Labette,30.05,6,0,0.0,159,1,0.63,796.43,5.01,0.8,19964,30.93
2020-08-16,Kansas,Labette,0.0,0,0,0.0,153,1,0.65,766.38,5.01,0.77,19964,30.93
2020-08-15,Kansas,Labette,0.0,0,0,0.0,153,1,0.65,766.38,5.01,0.77,19964,30.93
2020-08-14,Kansas,Labette,20.04,4,0,0.0,153,1,0.65,766.38,5.01,0.77,19964,30.93
2020-08-13,Kansas,Labette,0.0,0,0,0.0,149,1,0.67,746.34,5.01,0.75,19964,30.93
2020-08-12,Kansas,Labette,35.06,7,1,5.01,149,1,0.67,746.34,5.01,0.75,19964,30.93
2020-08-11,Kansas,Labette,0.0,0,0,0.0,142,0,0.0,711.28,0.0,0.71,19964,30.93
2020-08-10,Kansas,Labette,45.08,9,0,0.0,142,0,0.0,711.28,0.0,0.71,19964,30.93
2020-08-09,Kansas,Labette,0.0,0,0,0.0,133,0,0.0,666.2,0.0,0.67,19964,30.93
2020-08-08,Kansas,Labette,0.0,0,0,0.0,133,0,0.0,666.2,0.0,0.67,19964,30.93
2020-08-07,Kansas,Labette,75.14,15,0,0.0,133,0,0.0,666.2,0.0,0.67,19964,30.93
2020-08-06,Kansas,Labette,0.0,0,0,0.0,118,0,0.0,591.06,0.0,0.59,19964,30.93
2020-08-05,Kansas,Labette,40.07,8,0,0.0,118,0,0.0,591.06,0.0,0.59,19964,30.93
2020-08-04,Kansas,Labette,0.0,0,0,0.0,110,0,0.0,550.99,0.0,0.55,19964,30.93
2020-08-03,Kansas,Labette,5.01,1,0,0.0,110,0,0.0,550.99,0.0,0.55,19964,30.93
2020-08-02,Kansas,Labette,0.0,0,0,0.0,109,0,0.0,545.98,0.0,0.55,19964,30.93
2020-08-01,Kansas,Labette,0.0,0,0,0.0,109,0,0.0,545.98,0.0,0.55,19964,30.93
2020-07-31,Kansas,Labette,10.02,2,0,0.0,109,0,0.0,545.98,0.0,0.55,19964,30.93
2020-07-30,Kansas,Labette,0.0,0,0,0.0,107,0,0.0,535.96,0.0,0.54,19964,30.93
2020-07-29,Kansas,Labette,-15.03,-3,0,0.0,107,0,0.0,535.96,0.0,0.54,19964,30.93
2020-07-28,Kansas,Labette,0.0,0,0,0.0,110,0,0.0,550.99,0.0,0.55,19964,30.93
2020-07-27,Kansas,Labette,20.04,4,0,0.0,110,0,0.0,550.99,0.0,0.55,19964,30.93
2020-07-26,Kansas,Labette,0.0,0,0,0.0,106,0,0.0,530.96,0.0,0.53,19964,30.93
2020-07-25,Kansas,Labette,0.0,0,0,0.0,106,0,0.0,530.96,0.0,0.53,19964,30.93
2020-07-24,Kansas,Labette,15.03,3,0,0.0,106,0,0.0,530.96,0.0,0.53,19964,30.93
2020-07-23,Kansas,Labette,0.0,0,0,0.0,103,0,0.0,515.93,0.0,0.52,19964,30.93
2020-07-22,Kansas,Labette,55.1,11,0,0.0,103,0,0.0,515.93,0.0,0.52,19964,30.93
2020-07-21,Kansas,Labette,0.0,0,0,0.0,92,0,0.0,460.83,0.0,0.46,19964,30.93
2020-07-20,Kansas,Labette,30.05,6,0,0.0,92,0,0.0,460.83,0.0,0.46,19964,30.93
2020-07-19,Kansas,Labette,0.0,0,0,0.0,86,0,0.0,430.78,0.0,0.43,19964,30.93
2020-07-18,Kansas,Labette,0.0,0,0,0.0,86,0,0.0,430.78,0.0,0.43,19964,30.93
2020-07-17,Kansas,Labette,50.09,10,0,0.0,86,0,0.0,430.78,0.0,0.43,19964,30.93
2020-07-16,Kansas,Labette,0.0,0,0,0.0,76,0,0.0,380.69,0.0,0.38,19964,30.93
2020-07-15,Kansas,Labette,5.01,1,0,0.0,76,0,0.0,380.69,0.0,0.38,19964,30.93
2020-07-14,Kansas,Labette,0.0,0,0,0.0,75,0,0.0,375.68,0.0,0.38,19964,30.93
2020-07-13,Kansas,Labette,45.08,9,0,0.0,75,0,0.0,375.68,0.0,0.38,19964,30.93
2020-07-12,Kansas,Labette,0.0,0,0,0.0,66,0,0.0,330.6,0.0,0.33,19964,30.93
2020-07-11,Kansas,Labette,0.0,0,0,0.0,66,0,0.0,330.6,0.0,0.33,19964,30.93
2020-07-10,Kansas,Labette,10.02,2,0,0.0,66,0,0.0,330.6,0.0,0.33,19964,30.93
2020-07-09,Kansas,Labette,0.0,0,0,0.0,64,0,0.0,320.58,0.0,0.32,19964,30.93
2020-07-08,Kansas,Labette,-10.02,-2,0,0.0,64,0,0.0,320.58,0.0,0.32,19964,30.93
2020-07-07,Kansas,Labette,0.0,0,0,0.0,66,0,0.0,330.6,0.0,0.33,19964,30.93
2020-07-06,Kansas,Labette,5.01,1,0,0.0,66,0,0.0,330.6,0.0,0.33,19964,30.93
2020-07-05,Kansas,Labette,0.0,0,0,0.0,65,0,0.0,325.59,0.0,0.33,19964,30.93
2020-07-04,Kansas,Labette,0.0,0,0,0.0,65,0,0.0,325.59,0.0,0.33,19964,30.93
2020-07-03,Kansas,Labette,20.04,4,0,0.0,65,0,0.0,325.59,0.0,0.33,19964,30.93
2020-07-02,Kansas,Labette,0.0,0,0,0.0,61,0,0.0,305.55,0.0,0.31,19964,30.93
2020-07-01,Kansas,Labette,20.04,4,0,0.0,61,0,0.0,305.55,0.0,0.31,19964,30.93
2020-06-30,Kansas,Labette,0.0,0,0,0.0,57,0,0.0,285.51,0.0,0.29,19964,30.93
2020-06-29,Kansas,Labette,10.02,2,0,0.0,57,0,0.0,285.51,0.0,0.29,19964,30.93
2020-06-28,Kansas,Labette,0.0,0,0,0.0,55,0,0.0,275.5,0.0,0.28,19964,30.93
2020-06-27,Kansas,Labette,0.0,0,0,0.0,55,0,0.0,275.5,0.0,0.28,19964,30.93
2020-06-26,Kansas,Labette,25.05,5,0,0.0,55,0,0.0,275.5,0.0,0.28,19964,30.93
2020-06-25,Kansas,Labette,0.0,0,0,0.0,50,0,0.0,250.45,0.0,0.25,19964,30.93
2020-06-24,Kansas,Labette,110.2,22,0,0.0,50,0,0.0,250.45,0.0,0.25,19964,30.93
2020-06-23,Kansas,Labette,0.0,0,0,0.0,28,0,0.0,140.25,0.0,0.14,19964,30.93
2020-06-22,Kansas,Labette,0.0,0,0,0.0,28,0,0.0,140.25,0.0,0.14,19964,30.93
2020-06-21,Kansas,Labette,0.0,0,0,0.0,28,0,0.0,140.25,0.0,0.14,19964,30.93
2020-06-20,Kansas,Labette,0.0,0,0,0.0,28,0,0.0,140.25,0.0,0.14,19964,30.93
2020-06-19,Kansas,Labette,5.01,1,0,0.0,28,0,0.0,140.25,0.0,0.14,19964,30.93
2020-06-18,Kansas,Labette,0.0,0,0,0.0,27,0,0.0,135.24,0.0,0.14,19964,30.93
2020-06-17,Kansas,Labette,0.0,0,0,0.0,27,0,0.0,135.24,0.0,0.14,19964,30.93
2020-06-16,Kansas,Labette,0.0,0,0,0.0,27,0,0.0,135.24,0.0,0.14,19964,30.93
2020-06-15,Kansas,Labette,0.0,0,0,0.0,27,0,0.0,135.24,0.0,0.14,19964,30.93
2020-06-14,Kansas,Labette,0.0,0,0,0.0,27,0,0.0,135.24,0.0,0.14,19964,30.93
2020-06-13,Kansas,Labette,0.0,0,0,0.0,27,0,0.0,135.24,0.0,0.14,19964,30.93
2020-06-12,Kansas,Labette,5.01,1,0,0.0,27,0,0.0,135.24,0.0,0.14,19964,30.93
2020-06-11,Kansas,Labette,0.0,0,0,0.0,26,0,0.0,130.23,0.0,0.13,19964,30.93
2020-06-10,Kansas,Labette,15.03,3,0,0.0,26,0,0.0,130.23,0.0,0.13,19964,30.93
2020-06-09,Kansas,Labette,0.0,0,0,0.0,23,0,0.0,115.21,0.0,0.12,19964,30.93
2020-06-08,Kansas,Labette,5.01,1,0,0.0,23,0,0.0,115.21,0.0,0.12,19964,30.93
2020-06-07,Kansas,Labette,0.0,0,0,0.0,22,0,0.0,110.2,0.0,0.11,19964,30.93
2020-06-06,Kansas,Labette,0.0,0,0,0.0,22,0,0.0,110.2,0.0,0.11,19964,30.93
2020-06-05,Kansas,Labette,0.0,0,0,0.0,22,0,0.0,110.2,0.0,0.11,19964,30.93
2020-06-04,Kansas,Labette,0.0,0,0,0.0,22,0,0.0,110.2,0.0,0.11,19964,30.93
2020-06-03,Kansas,Labette,-5.01,-1,0,0.0,22,0,0.0,110.2,0.0,0.11,19964,30.93
2020-06-02,Kansas,Labette,0.0,0,0,0.0,23,0,0.0,115.21,0.0,0.12,19964,30.93
2020-06-01,Kansas,Labette,5.01,1,0,0.0,23,0,0.0,115.21,0.0,0.12,19964,30.93
2020-05-31,Kansas,Labette,0.0,0,0,0.0,22,0,0.0,110.2,0.0,0.11,19964,30.93
2020-05-30,Kansas,Labette,0.0,0,0,0.0,22,0,0.0,110.2,0.0,0.11,19964,30.93
2020-05-29,Kansas,Labette,0.0,0,0,0.0,22,0,0.0,110.2,0.0,0.11,19964,30.93
2020-05-28,Kansas,Labette,0.0,0,0,0.0,22,0,0.0,110.2,0.0,0.11,19964,30.93
2020-05-27,Kansas,Labette,0.0,0,0,0.0,22,0,0.0,110.2,0.0,0.11,19964,30.93
2020-05-26,Kansas,Labette,0.0,0,0,0.0,22,0,0.0,110.2,0.0,0.11,19964,30.93
2020-05-25,Kansas,Labette,0.0,0,0,0.0,22,0,0.0,110.2,0.0,0.11,19964,30.93
2020-05-24,Kansas,Labette,0.0,0,0,0.0,22,0,0.0,110.2,0.0,0.11,19964,30.93
2020-05-23,Kansas,Labette,0.0,0,0,0.0,22,0,0.0,110.2,0.0,0.11,19964,30.93
2020-05-22,Kansas,Labette,-10.02,-2,0,0.0,22,0,0.0,110.2,0.0,0.11,19964,30.93
2020-05-21,Kansas,Labette,0.0,0,0,0.0,24,0,0.0,120.22,0.0,0.12,19964,30.93
2020-05-20,Kansas,Labette,5.01,1,0,0.0,24,0,0.0,120.22,0.0,0.12,19964,30.93
2020-05-19,Kansas,Labette,0.0,0,0,0.0,23,0,0.0,115.21,0.0,0.12,19964,30.93
2020-05-18,Kansas,Labette,5.01,1,0,0.0,23,0,0.0,115.21,0.0,0.12,19964,30.93
2020-05-17,Kansas,Labette,0.0,0,0,0.0,22,0,0.0,110.2,0.0,0.11,19964,30.93
2020-05-16,Kansas,Labette,0.0,0,0,0.0,22,0,0.0,110.2,0.0,0.11,19964,30.93
2020-05-15,Kansas,Labette,0.0,0,0,0.0,22,0,0.0,110.2,0.0,0.11,19964,30.93
2020-05-14,Kansas,Labette,0.0,0,0,0.0,22,0,0.0,110.2,0.0,0.11,19964,30.93
2020-05-13,Kansas,Labette,0.0,0,0,0.0,22,0,0.0,110.2,0.0,0.11,19964,30.93
2020-05-12,Kansas,Labette,0.0,0,0,0.0,22,0,0.0,110.2,0.0,0.11,19964,30.93
2020-05-11,Kansas,Labette,0.0,0,0,0.0,22,0,0.0,110.2,0.0,0.11,19964,30.93
2020-05-10,Kansas,Labette,0.0,0,0,0.0,22,0,0.0,110.2,0.0,0.11,19964,30.93
2020-05-09,Kansas,Labette,0.0,0,0,0.0,22,0,0.0,110.2,0.0,0.11,19964,30.93
2020-05-08,Kansas,Labette,0.0,0,0,0.0,22,0,0.0,110.2,0.0,0.11,19964,30.93
2020-05-07,Kansas,Labette,0.0,0,0,0.0,22,0,0.0,110.2,0.0,0.11,19964,30.93
2020-05-06,Kansas,Labette,0.0,0,0,0.0,22,0,0.0,110.2,0.0,0.11,19964,30.93
2020-05-05,Kansas,Labette,0.0,0,0,0.0,22,0,0.0,110.2,0.0,0.11,19964,30.93
2020-05-04,Kansas,Labette,0.0,0,0,0.0,22,0,0.0,110.2,0.0,0.11,19964,30.93
2020-05-03,Kansas,Labette,0.0,0,0,0.0,22,0,0.0,110.2,0.0,0.11,19964,30.93
2020-05-02,Kansas,Labette,0.0,0,0,0.0,22,0,0.0,110.2,0.0,0.11,19964,30.93
2020-05-01,Kansas,Labette,0.0,0,0,0.0,22,0,0.0,110.2,0.0,0.11,19964,30.93
2020-04-30,Kansas,Labette,0.0,0,0,0.0,22,0,0.0,110.2,0.0,0.11,19964,30.93
2020-04-29,Kansas,Labette,5.01,1,0,0.0,22,0,0.0,110.2,0.0,0.11,19964,30.93
2020-04-28,Kansas,Labette,0.0,0,0,0.0,21,0,0.0,105.19,0.0,0.11,19964,30.93
2020-04-27,Kansas,Labette,0.0,0,0,0.0,21,0,0.0,105.19,0.0,0.11,19964,30.93
2020-04-26,Kansas,Labette,0.0,0,0,0.0,21,0,0.0,105.19,0.0,0.11,19964,30.93
2020-04-25,Kansas,Labette,0.0,0,0,0.0,21,0,0.0,105.19,0.0,0.11,19964,30.93
2020-04-24,Kansas,Labette,5.01,1,0,0.0,21,0,0.0,105.19,0.0,0.11,19964,30.93
2020-04-23,Kansas,Labette,0.0,0,0,0.0,20,0,0.0,100.18,0.0,0.1,19964,30.93
2020-04-22,Kansas,Labette,0.0,0,0,0.0,20,0,0.0,100.18,0.0,0.1,19964,30.93
2020-04-21,Kansas,Labette,0.0,0,0,0.0,20,0,0.0,100.18,0.0,0.1,19964,30.93
2020-04-20,Kansas,Labette,0.0,0,0,0.0,20,0,0.0,100.18,0.0,0.1,19964,30.93
2020-04-19,Kansas,Labette,0.0,0,0,0.0,20,0,0.0,100.18,0.0,0.1,19964,30.93
2020-04-18,Kansas,Labette,0.0,0,0,0.0,20,0,0.0,100.18,0.0,0.1,19964,30.93
2020-04-17,Kansas,Labette,0.0,0,0,0.0,20,0,0.0,100.18,0.0,0.1,19964,30.93
2020-04-16,Kansas,Labette,0.0,0,0,0.0,20,0,0.0,100.18,0.0,0.1,19964,30.93
2020-04-15,Kansas,Labette,5.01,1,0,0.0,20,0,0.0,100.18,0.0,0.1,19964,30.93
2020-04-14,Kansas,Labette,5.01,1,0,0.0,19,0,0.0,95.17,0.0,0.1,19964,30.93
2020-04-13,Kansas,Labette,0.0,0,0,0.0,18,0,0.0,90.16,0.0,0.09,19964,30.93
2020-04-12,Kansas,Labette,0.0,0,0,0.0,18,0,0.0,90.16,0.0,0.09,19964,30.93
2020-04-11,Kansas,Labette,15.03,3,0,0.0,18,0,0.0,90.16,0.0,0.09,19964,30.93
2020-04-10,Kansas,Labette,20.04,4,0,0.0,15,0,0.0,75.14,0.0,0.08,19964,30.93
2020-04-09,Kansas,Labette,10.02,2,0,0.0,11,0,0.0,55.1,0.0,0.06,19964,30.93
2020-04-08,Kansas,Labette,5.01,1,0,0.0,9,0,0.0,45.08,0.0,0.05,19964,30.93
2020-04-07,Kansas,Labette,15.03,3,0,0.0,8,0,0.0,40.07,0.0,0.04,19964,30.93
2020-04-06,Kansas,Labette,5.01,1,0,0.0,5,0,0.0,25.05,0.0,0.03,19964,30.93
2020-04-05,Kansas,Labette,0.0,0,0,0.0,4,0,0.0,20.04,0.0,0.02,19964,30.93
2020-04-04,Kansas,Labette,15.03,3,0,0.0,4,0,0.0,20.04,0.0,0.02,19964,30.93
2020-04-03,Kansas,Labette,0.0,0,0,0.0,1,0,0.0,5.01,0.0,0.01,19964,30.93
2020-04-02,Kansas,Labette,0.0,0,0,0.0,1,0,0.0,5.01,0.0,0.01,19964,30.93
2020-04-01,Kansas,Labette,0.0,0,0,0.0,1,0,0.0,5.01,0.0,0.01,19964,30.93
2020-03-31,Kansas,Labette,0.0,0,0,0.0,1,0,0.0,5.01,0.0,0.01,19964,30.93
