date,new_deaths,total_deaths,hospital,region,code
2020-11-26,0,432,Doncaster And Bassetlaw Teaching Hospitals NHS Foundation Trust,North East and Yorkshire,RP5
2020-11-25,0,432,Doncaster And Bassetlaw Teaching Hospitals NHS Foundation Trust,North East and Yorkshire,RP5
2020-11-24,3,432,Doncaster And Bassetlaw Teaching Hospitals NHS Foundation Trust,North East and Yorkshire,RP5
2020-11-23,6,429,Doncaster And Bassetlaw Teaching Hospitals NHS Foundation Trust,North East and Yorkshire,RP5
2020-11-22,5,423,Doncaster And Bassetlaw Teaching Hospitals NHS Foundation Trust,North East and Yorkshire,RP5
2020-11-21,3,418,Doncaster And Bassetlaw Teaching Hospitals NHS Foundation Trust,North East and Yorkshire,RP5
2020-11-20,5,415,Doncaster And Bassetlaw Teaching Hospitals NHS Foundation Trust,North East and Yorkshire,RP5
2020-11-19,5,410,Doncaster And Bassetlaw Teaching Hospitals NHS Foundation Trust,North East and Yorkshire,RP5
2020-11-18,2,405,Doncaster And Bassetlaw Teaching Hospitals NHS Foundation Trust,North East and Yorkshire,RP5
2020-11-17,1,403,Doncaster And Bassetlaw Teaching Hospitals NHS Foundation Trust,North East and Yorkshire,RP5
2020-11-16,4,402,Doncaster And Bassetlaw Teaching Hospitals NHS Foundation Trust,North East and Yorkshire,RP5
2020-11-15,7,398,Doncaster And Bassetlaw Teaching Hospitals NHS Foundation Trust,North East and Yorkshire,RP5
2020-11-14,5,391,Doncaster And Bassetlaw Teaching Hospitals NHS Foundation Trust,North East and Yorkshire,RP5
2020-11-13,7,386,Doncaster And Bassetlaw Teaching Hospitals NHS Foundation Trust,North East and Yorkshire,RP5
2020-11-12,4,379,Doncaster And Bassetlaw Teaching Hospitals NHS Foundation Trust,North East and Yorkshire,RP5
2020-11-11,2,375,Doncaster And Bassetlaw Teaching Hospitals NHS Foundation Trust,North East and Yorkshire,RP5
2020-11-10,6,373,Doncaster And Bassetlaw Teaching Hospitals NHS Foundation Trust,North East and Yorkshire,RP5
2020-11-09,9,367,Doncaster And Bassetlaw Teaching Hospitals NHS Foundation Trust,North East and Yorkshire,RP5
2020-11-08,7,358,Doncaster And Bassetlaw Teaching Hospitals NHS Foundation Trust,North East and Yorkshire,RP5
2020-11-07,4,351,Doncaster And Bassetlaw Teaching Hospitals NHS Foundation Trust,North East and Yorkshire,RP5
2020-11-06,1,347,Doncaster And Bassetlaw Teaching Hospitals NHS Foundation Trust,North East and Yorkshire,RP5
2020-11-05,6,346,Doncaster And Bassetlaw Teaching Hospitals NHS Foundation Trust,North East and Yorkshire,RP5
2020-11-04,6,340,Doncaster And Bassetlaw Teaching Hospitals NHS Foundation Trust,North East and Yorkshire,RP5
2020-11-03,6,334,Doncaster And Bassetlaw Teaching Hospitals NHS Foundation Trust,North East and Yorkshire,RP5
2020-11-02,4,328,Doncaster And Bassetlaw Teaching Hospitals NHS Foundation Trust,North East and Yorkshire,RP5
2020-11-01,2,324,Doncaster And Bassetlaw Teaching Hospitals NHS Foundation Trust,North East and Yorkshire,RP5
2020-10-31,6,322,Doncaster And Bassetlaw Teaching Hospitals NHS Foundation Trust,North East and Yorkshire,RP5
2020-10-30,8,316,Doncaster And Bassetlaw Teaching Hospitals NHS Foundation Trust,North East and Yorkshire,RP5
2020-10-29,4,308,Doncaster And Bassetlaw Teaching Hospitals NHS Foundation Trust,North East and Yorkshire,RP5
2020-10-28,2,304,Doncaster And Bassetlaw Teaching Hospitals NHS Foundation Trust,North East and Yorkshire,RP5
2020-10-27,9,302,Doncaster And Bassetlaw Teaching Hospitals NHS Foundation Trust,North East and Yorkshire,RP5
2020-10-26,7,293,Doncaster And Bassetlaw Teaching Hospitals NHS Foundation Trust,North East and Yorkshire,RP5
2020-10-25,5,286,Doncaster And Bassetlaw Teaching Hospitals NHS Foundation Trust,North East and Yorkshire,RP5
2020-10-24,4,281,Doncaster And Bassetlaw Teaching Hospitals NHS Foundation Trust,North East and Yorkshire,RP5
2020-10-23,3,277,Doncaster And Bassetlaw Teaching Hospitals NHS Foundation Trust,North East and Yorkshire,RP5
2020-10-22,2,274,Doncaster And Bassetlaw Teaching Hospitals NHS Foundation Trust,North East and Yorkshire,RP5
2020-10-21,6,272,Doncaster And Bassetlaw Teaching Hospitals NHS Foundation Trust,North East and Yorkshire,RP5
2020-10-20,4,266,Doncaster And Bassetlaw Teaching Hospitals NHS Foundation Trust,North East and Yorkshire,RP5
2020-10-19,4,262,Doncaster And Bassetlaw Teaching Hospitals NHS Foundation Trust,North East and Yorkshire,RP5
2020-10-18,3,258,Doncaster And Bassetlaw Teaching Hospitals NHS Foundation Trust,North East and Yorkshire,RP5
2020-10-17,5,255,Doncaster And Bassetlaw Teaching Hospitals NHS Foundation Trust,North East and Yorkshire,RP5
2020-10-16,1,250,Doncaster And Bassetlaw Teaching Hospitals NHS Foundation Trust,North East and Yorkshire,RP5
2020-10-15,3,249,Doncaster And Bassetlaw Teaching Hospitals NHS Foundation Trust,North East and Yorkshire,RP5
2020-10-14,1,246,Doncaster And Bassetlaw Teaching Hospitals NHS Foundation Trust,North East and Yorkshire,RP5
2020-10-13,2,245,Doncaster And Bassetlaw Teaching Hospitals NHS Foundation Trust,North East and Yorkshire,RP5
2020-10-12,0,243,Doncaster And Bassetlaw Teaching Hospitals NHS Foundation Trust,North East and Yorkshire,RP5
2020-10-11,2,243,Doncaster And Bassetlaw Teaching Hospitals NHS Foundation Trust,North East and Yorkshire,RP5
2020-10-10,0,241,Doncaster And Bassetlaw Teaching Hospitals NHS Foundation Trust,North East and Yorkshire,RP5
2020-10-09,2,241,Doncaster And Bassetlaw Teaching Hospitals NHS Foundation Trust,North East and Yorkshire,RP5
2020-10-08,1,239,Doncaster And Bassetlaw Teaching Hospitals NHS Foundation Trust,North East and Yorkshire,RP5
2020-10-07,0,238,Doncaster And Bassetlaw Teaching Hospitals NHS Foundation Trust,North East and Yorkshire,RP5
2020-10-06,0,238,Doncaster And Bassetlaw Teaching Hospitals NHS Foundation Trust,North East and Yorkshire,RP5
2020-10-05,0,238,Doncaster And Bassetlaw Teaching Hospitals NHS Foundation Trust,North East and Yorkshire,RP5
2020-10-04,1,238,Doncaster And Bassetlaw Teaching Hospitals NHS Foundation Trust,North East and Yorkshire,RP5
2020-10-03,0,237,Doncaster And Bassetlaw Teaching Hospitals NHS Foundation Trust,North East and Yorkshire,RP5
2020-10-02,2,237,Doncaster And Bassetlaw Teaching Hospitals NHS Foundation Trust,North East and Yorkshire,RP5
2020-10-01,0,235,Doncaster And Bassetlaw Teaching Hospitals NHS Foundation Trust,North East and Yorkshire,RP5
2020-09-30,0,235,Doncaster And Bassetlaw Teaching Hospitals NHS Foundation Trust,North East and Yorkshire,RP5
2020-09-29,0,235,Doncaster And Bassetlaw Teaching Hospitals NHS Foundation Trust,North East and Yorkshire,RP5
2020-09-28,0,235,Doncaster And Bassetlaw Teaching Hospitals NHS Foundation Trust,North East and Yorkshire,RP5
2020-09-27,0,235,Doncaster And Bassetlaw Teaching Hospitals NHS Foundation Trust,North East and Yorkshire,RP5
2020-09-26,0,235,Doncaster And Bassetlaw Teaching Hospitals NHS Foundation Trust,North East and Yorkshire,RP5
2020-09-25,0,235,Doncaster And Bassetlaw Teaching Hospitals NHS Foundation Trust,North East and Yorkshire,RP5
2020-09-24,0,235,Doncaster And Bassetlaw Teaching Hospitals NHS Foundation Trust,North East and Yorkshire,RP5
2020-09-23,0,235,Doncaster And Bassetlaw Teaching Hospitals NHS Foundation Trust,North East and Yorkshire,RP5
2020-09-22,0,235,Doncaster And Bassetlaw Teaching Hospitals NHS Foundation Trust,North East and Yorkshire,RP5
2020-09-21,1,235,Doncaster And Bassetlaw Teaching Hospitals NHS Foundation Trust,North East and Yorkshire,RP5
2020-09-20,1,234,Doncaster And Bassetlaw Teaching Hospitals NHS Foundation Trust,North East and Yorkshire,RP5
2020-09-19,0,233,Doncaster And Bassetlaw Teaching Hospitals NHS Foundation Trust,North East and Yorkshire,RP5
2020-09-18,0,233,Doncaster And Bassetlaw Teaching Hospitals NHS Foundation Trust,North East and Yorkshire,RP5
2020-09-17,0,233,Doncaster And Bassetlaw Teaching Hospitals NHS Foundation Trust,North East and Yorkshire,RP5
2020-09-16,0,233,Doncaster And Bassetlaw Teaching Hospitals NHS Foundation Trust,North East and Yorkshire,RP5
2020-09-15,0,233,Doncaster And Bassetlaw Teaching Hospitals NHS Foundation Trust,North East and Yorkshire,RP5
2020-09-14,0,233,Doncaster And Bassetlaw Teaching Hospitals NHS Foundation Trust,North East and Yorkshire,RP5
2020-09-13,0,233,Doncaster And Bassetlaw Teaching Hospitals NHS Foundation Trust,North East and Yorkshire,RP5
2020-09-12,0,233,Doncaster And Bassetlaw Teaching Hospitals NHS Foundation Trust,North East and Yorkshire,RP5
2020-09-11,0,233,Doncaster And Bassetlaw Teaching Hospitals NHS Foundation Trust,North East and Yorkshire,RP5
2020-09-10,0,233,Doncaster And Bassetlaw Teaching Hospitals NHS Foundation Trust,North East and Yorkshire,RP5
2020-09-09,0,233,Doncaster And Bassetlaw Teaching Hospitals NHS Foundation Trust,North East and Yorkshire,RP5
2020-09-08,0,233,Doncaster And Bassetlaw Teaching Hospitals NHS Foundation Trust,North East and Yorkshire,RP5
2020-09-07,0,233,Doncaster And Bassetlaw Teaching Hospitals NHS Foundation Trust,North East and Yorkshire,RP5
2020-09-06,0,233,Doncaster And Bassetlaw Teaching Hospitals NHS Foundation Trust,North East and Yorkshire,RP5
2020-09-05,0,233,Doncaster And Bassetlaw Teaching Hospitals NHS Foundation Trust,North East and Yorkshire,RP5
2020-09-04,0,233,Doncaster And Bassetlaw Teaching Hospitals NHS Foundation Trust,North East and Yorkshire,RP5
2020-09-03,0,233,Doncaster And Bassetlaw Teaching Hospitals NHS Foundation Trust,North East and Yorkshire,RP5
2020-09-02,0,233,Doncaster And Bassetlaw Teaching Hospitals NHS Foundation Trust,North East and Yorkshire,RP5
2020-09-01,0,233,Doncaster And Bassetlaw Teaching Hospitals NHS Foundation Trust,North East and Yorkshire,RP5
2020-08-31,0,233,Doncaster And Bassetlaw Teaching Hospitals NHS Foundation Trust,North East and Yorkshire,RP5
2020-08-30,0,233,Doncaster And Bassetlaw Teaching Hospitals NHS Foundation Trust,North East and Yorkshire,RP5
2020-08-29,0,233,Doncaster And Bassetlaw Teaching Hospitals NHS Foundation Trust,North East and Yorkshire,RP5
2020-08-28,0,233,Doncaster And Bassetlaw Teaching Hospitals NHS Foundation Trust,North East and Yorkshire,RP5
2020-08-27,0,233,Doncaster And Bassetlaw Teaching Hospitals NHS Foundation Trust,North East and Yorkshire,RP5
2020-08-26,0,233,Doncaster And Bassetlaw Teaching Hospitals NHS Foundation Trust,North East and Yorkshire,RP5
2020-08-25,0,233,Doncaster And Bassetlaw Teaching Hospitals NHS Foundation Trust,North East and Yorkshire,RP5
2020-08-24,0,233,Doncaster And Bassetlaw Teaching Hospitals NHS Foundation Trust,North East and Yorkshire,RP5
2020-08-23,0,233,Doncaster And Bassetlaw Teaching Hospitals NHS Foundation Trust,North East and Yorkshire,RP5
2020-08-22,0,233,Doncaster And Bassetlaw Teaching Hospitals NHS Foundation Trust,North East and Yorkshire,RP5
2020-08-21,0,233,Doncaster And Bassetlaw Teaching Hospitals NHS Foundation Trust,North East and Yorkshire,RP5
2020-08-20,0,233,Doncaster And Bassetlaw Teaching Hospitals NHS Foundation Trust,North East and Yorkshire,RP5
2020-08-19,0,233,Doncaster And Bassetlaw Teaching Hospitals NHS Foundation Trust,North East and Yorkshire,RP5
2020-08-18,0,233,Doncaster And Bassetlaw Teaching Hospitals NHS Foundation Trust,North East and Yorkshire,RP5
2020-08-17,0,233,Doncaster And Bassetlaw Teaching Hospitals NHS Foundation Trust,North East and Yorkshire,RP5
2020-08-16,0,233,Doncaster And Bassetlaw Teaching Hospitals NHS Foundation Trust,North East and Yorkshire,RP5
2020-08-15,0,233,Doncaster And Bassetlaw Teaching Hospitals NHS Foundation Trust,North East and Yorkshire,RP5
2020-08-14,0,233,Doncaster And Bassetlaw Teaching Hospitals NHS Foundation Trust,North East and Yorkshire,RP5
2020-08-13,0,233,Doncaster And Bassetlaw Teaching Hospitals NHS Foundation Trust,North East and Yorkshire,RP5
2020-08-12,0,233,Doncaster And Bassetlaw Teaching Hospitals NHS Foundation Trust,North East and Yorkshire,RP5
2020-08-11,0,233,Doncaster And Bassetlaw Teaching Hospitals NHS Foundation Trust,North East and Yorkshire,RP5
2020-08-10,0,233,Doncaster And Bassetlaw Teaching Hospitals NHS Foundation Trust,North East and Yorkshire,RP5
2020-08-09,0,233,Doncaster And Bassetlaw Teaching Hospitals NHS Foundation Trust,North East and Yorkshire,RP5
2020-08-08,0,233,Doncaster And Bassetlaw Teaching Hospitals NHS Foundation Trust,North East and Yorkshire,RP5
2020-08-07,0,233,Doncaster And Bassetlaw Teaching Hospitals NHS Foundation Trust,North East and Yorkshire,RP5
2020-08-06,0,233,Doncaster And Bassetlaw Teaching Hospitals NHS Foundation Trust,North East and Yorkshire,RP5
2020-08-05,0,233,Doncaster And Bassetlaw Teaching Hospitals NHS Foundation Trust,North East and Yorkshire,RP5
2020-08-04,1,233,Doncaster And Bassetlaw Teaching Hospitals NHS Foundation Trust,North East and Yorkshire,RP5
2020-08-03,0,232,Doncaster And Bassetlaw Teaching Hospitals NHS Foundation Trust,North East and Yorkshire,RP5
2020-08-02,0,232,Doncaster And Bassetlaw Teaching Hospitals NHS Foundation Trust,North East and Yorkshire,RP5
2020-08-01,0,232,Doncaster And Bassetlaw Teaching Hospitals NHS Foundation Trust,North East and Yorkshire,RP5
2020-07-31,0,232,Doncaster And Bassetlaw Teaching Hospitals NHS Foundation Trust,North East and Yorkshire,RP5
2020-07-30,0,232,Doncaster And Bassetlaw Teaching Hospitals NHS Foundation Trust,North East and Yorkshire,RP5
2020-07-29,0,232,Doncaster And Bassetlaw Teaching Hospitals NHS Foundation Trust,North East and Yorkshire,RP5
2020-07-28,0,232,Doncaster And Bassetlaw Teaching Hospitals NHS Foundation Trust,North East and Yorkshire,RP5
2020-07-27,0,232,Doncaster And Bassetlaw Teaching Hospitals NHS Foundation Trust,North East and Yorkshire,RP5
2020-07-26,0,232,Doncaster And Bassetlaw Teaching Hospitals NHS Foundation Trust,North East and Yorkshire,RP5
2020-07-25,0,232,Doncaster And Bassetlaw Teaching Hospitals NHS Foundation Trust,North East and Yorkshire,RP5
2020-07-24,1,232,Doncaster And Bassetlaw Teaching Hospitals NHS Foundation Trust,North East and Yorkshire,RP5
2020-07-23,0,231,Doncaster And Bassetlaw Teaching Hospitals NHS Foundation Trust,North East and Yorkshire,RP5
2020-07-22,0,231,Doncaster And Bassetlaw Teaching Hospitals NHS Foundation Trust,North East and Yorkshire,RP5
2020-07-21,0,231,Doncaster And Bassetlaw Teaching Hospitals NHS Foundation Trust,North East and Yorkshire,RP5
2020-07-20,0,231,Doncaster And Bassetlaw Teaching Hospitals NHS Foundation Trust,North East and Yorkshire,RP5
2020-07-19,0,231,Doncaster And Bassetlaw Teaching Hospitals NHS Foundation Trust,North East and Yorkshire,RP5
2020-07-18,0,231,Doncaster And Bassetlaw Teaching Hospitals NHS Foundation Trust,North East and Yorkshire,RP5
2020-07-17,0,231,Doncaster And Bassetlaw Teaching Hospitals NHS Foundation Trust,North East and Yorkshire,RP5
2020-07-16,1,231,Doncaster And Bassetlaw Teaching Hospitals NHS Foundation Trust,North East and Yorkshire,RP5
2020-07-15,0,230,Doncaster And Bassetlaw Teaching Hospitals NHS Foundation Trust,North East and Yorkshire,RP5
2020-07-14,0,230,Doncaster And Bassetlaw Teaching Hospitals NHS Foundation Trust,North East and Yorkshire,RP5
2020-07-13,0,230,Doncaster And Bassetlaw Teaching Hospitals NHS Foundation Trust,North East and Yorkshire,RP5
2020-07-12,0,230,Doncaster And Bassetlaw Teaching Hospitals NHS Foundation Trust,North East and Yorkshire,RP5
2020-07-11,0,230,Doncaster And Bassetlaw Teaching Hospitals NHS Foundation Trust,North East and Yorkshire,RP5
2020-07-10,0,230,Doncaster And Bassetlaw Teaching Hospitals NHS Foundation Trust,North East and Yorkshire,RP5
2020-07-09,0,230,Doncaster And Bassetlaw Teaching Hospitals NHS Foundation Trust,North East and Yorkshire,RP5
2020-07-08,1,230,Doncaster And Bassetlaw Teaching Hospitals NHS Foundation Trust,North East and Yorkshire,RP5
2020-07-07,0,229,Doncaster And Bassetlaw Teaching Hospitals NHS Foundation Trust,North East and Yorkshire,RP5
2020-07-06,0,229,Doncaster And Bassetlaw Teaching Hospitals NHS Foundation Trust,North East and Yorkshire,RP5
2020-07-05,1,229,Doncaster And Bassetlaw Teaching Hospitals NHS Foundation Trust,North East and Yorkshire,RP5
2020-07-04,0,228,Doncaster And Bassetlaw Teaching Hospitals NHS Foundation Trust,North East and Yorkshire,RP5
2020-07-03,1,228,Doncaster And Bassetlaw Teaching Hospitals NHS Foundation Trust,North East and Yorkshire,RP5
2020-07-02,1,227,Doncaster And Bassetlaw Teaching Hospitals NHS Foundation Trust,North East and Yorkshire,RP5
2020-07-01,0,226,Doncaster And Bassetlaw Teaching Hospitals NHS Foundation Trust,North East and Yorkshire,RP5
2020-06-30,0,226,Doncaster And Bassetlaw Teaching Hospitals NHS Foundation Trust,North East and Yorkshire,RP5
2020-06-29,0,226,Doncaster And Bassetlaw Teaching Hospitals NHS Foundation Trust,North East and Yorkshire,RP5
2020-06-28,0,226,Doncaster And Bassetlaw Teaching Hospitals NHS Foundation Trust,North East and Yorkshire,RP5
2020-06-27,1,226,Doncaster And Bassetlaw Teaching Hospitals NHS Foundation Trust,North East and Yorkshire,RP5
2020-06-26,1,225,Doncaster And Bassetlaw Teaching Hospitals NHS Foundation Trust,North East and Yorkshire,RP5
2020-06-25,2,224,Doncaster And Bassetlaw Teaching Hospitals NHS Foundation Trust,North East and Yorkshire,RP5
2020-06-24,3,222,Doncaster And Bassetlaw Teaching Hospitals NHS Foundation Trust,North East and Yorkshire,RP5
2020-06-23,1,219,Doncaster And Bassetlaw Teaching Hospitals NHS Foundation Trust,North East and Yorkshire,RP5
2020-06-22,1,218,Doncaster And Bassetlaw Teaching Hospitals NHS Foundation Trust,North East and Yorkshire,RP5
2020-06-21,1,217,Doncaster And Bassetlaw Teaching Hospitals NHS Foundation Trust,North East and Yorkshire,RP5
2020-06-20,0,216,Doncaster And Bassetlaw Teaching Hospitals NHS Foundation Trust,North East and Yorkshire,RP5
2020-06-19,1,216,Doncaster And Bassetlaw Teaching Hospitals NHS Foundation Trust,North East and Yorkshire,RP5
2020-06-18,1,215,Doncaster And Bassetlaw Teaching Hospitals NHS Foundation Trust,North East and Yorkshire,RP5
2020-06-17,1,214,Doncaster And Bassetlaw Teaching Hospitals NHS Foundation Trust,North East and Yorkshire,RP5
2020-06-16,1,213,Doncaster And Bassetlaw Teaching Hospitals NHS Foundation Trust,North East and Yorkshire,RP5
2020-06-15,0,212,Doncaster And Bassetlaw Teaching Hospitals NHS Foundation Trust,North East and Yorkshire,RP5
2020-06-14,0,212,Doncaster And Bassetlaw Teaching Hospitals NHS Foundation Trust,North East and Yorkshire,RP5
2020-06-13,4,212,Doncaster And Bassetlaw Teaching Hospitals NHS Foundation Trust,North East and Yorkshire,RP5
2020-06-12,1,208,Doncaster And Bassetlaw Teaching Hospitals NHS Foundation Trust,North East and Yorkshire,RP5
2020-06-11,2,207,Doncaster And Bassetlaw Teaching Hospitals NHS Foundation Trust,North East and Yorkshire,RP5
2020-06-10,2,205,Doncaster And Bassetlaw Teaching Hospitals NHS Foundation Trust,North East and Yorkshire,RP5
2020-06-09,1,203,Doncaster And Bassetlaw Teaching Hospitals NHS Foundation Trust,North East and Yorkshire,RP5
2020-06-08,1,202,Doncaster And Bassetlaw Teaching Hospitals NHS Foundation Trust,North East and Yorkshire,RP5
2020-06-07,3,201,Doncaster And Bassetlaw Teaching Hospitals NHS Foundation Trust,North East and Yorkshire,RP5
2020-06-06,3,198,Doncaster And Bassetlaw Teaching Hospitals NHS Foundation Trust,North East and Yorkshire,RP5
2020-06-05,3,195,Doncaster And Bassetlaw Teaching Hospitals NHS Foundation Trust,North East and Yorkshire,RP5
2020-06-04,1,192,Doncaster And Bassetlaw Teaching Hospitals NHS Foundation Trust,North East and Yorkshire,RP5
2020-06-03,2,191,Doncaster And Bassetlaw Teaching Hospitals NHS Foundation Trust,North East and Yorkshire,RP5
2020-06-02,4,189,Doncaster And Bassetlaw Teaching Hospitals NHS Foundation Trust,North East and Yorkshire,RP5
2020-06-01,2,185,Doncaster And Bassetlaw Teaching Hospitals NHS Foundation Trust,North East and Yorkshire,RP5
2020-05-31,1,183,Doncaster And Bassetlaw Teaching Hospitals NHS Foundation Trust,North East and Yorkshire,RP5
2020-05-30,1,182,Doncaster And Bassetlaw Teaching Hospitals NHS Foundation Trust,North East and Yorkshire,RP5
2020-05-29,1,181,Doncaster And Bassetlaw Teaching Hospitals NHS Foundation Trust,North East and Yorkshire,RP5
2020-05-28,0,180,Doncaster And Bassetlaw Teaching Hospitals NHS Foundation Trust,North East and Yorkshire,RP5
2020-05-27,0,180,Doncaster And Bassetlaw Teaching Hospitals NHS Foundation Trust,North East and Yorkshire,RP5
2020-05-26,1,180,Doncaster And Bassetlaw Teaching Hospitals NHS Foundation Trust,North East and Yorkshire,RP5
2020-05-25,0,179,Doncaster And Bassetlaw Teaching Hospitals NHS Foundation Trust,North East and Yorkshire,RP5
2020-05-24,3,179,Doncaster And Bassetlaw Teaching Hospitals NHS Foundation Trust,North East and Yorkshire,RP5
2020-05-23,3,176,Doncaster And Bassetlaw Teaching Hospitals NHS Foundation Trust,North East and Yorkshire,RP5
2020-05-22,1,173,Doncaster And Bassetlaw Teaching Hospitals NHS Foundation Trust,North East and Yorkshire,RP5
2020-05-21,7,172,Doncaster And Bassetlaw Teaching Hospitals NHS Foundation Trust,North East and Yorkshire,RP5
2020-05-20,4,165,Doncaster And Bassetlaw Teaching Hospitals NHS Foundation Trust,North East and Yorkshire,RP5
2020-05-19,6,161,Doncaster And Bassetlaw Teaching Hospitals NHS Foundation Trust,North East and Yorkshire,RP5
2020-05-18,3,155,Doncaster And Bassetlaw Teaching Hospitals NHS Foundation Trust,North East and Yorkshire,RP5
2020-05-17,2,152,Doncaster And Bassetlaw Teaching Hospitals NHS Foundation Trust,North East and Yorkshire,RP5
2020-05-16,2,150,Doncaster And Bassetlaw Teaching Hospitals NHS Foundation Trust,North East and Yorkshire,RP5
2020-05-15,1,148,Doncaster And Bassetlaw Teaching Hospitals NHS Foundation Trust,North East and Yorkshire,RP5
2020-05-14,1,147,Doncaster And Bassetlaw Teaching Hospitals NHS Foundation Trust,North East and Yorkshire,RP5
2020-05-13,6,146,Doncaster And Bassetlaw Teaching Hospitals NHS Foundation Trust,North East and Yorkshire,RP5
2020-05-12,5,140,Doncaster And Bassetlaw Teaching Hospitals NHS Foundation Trust,North East and Yorkshire,RP5
2020-05-11,1,135,Doncaster And Bassetlaw Teaching Hospitals NHS Foundation Trust,North East and Yorkshire,RP5
2020-05-10,5,134,Doncaster And Bassetlaw Teaching Hospitals NHS Foundation Trust,North East and Yorkshire,RP5
2020-05-09,6,129,Doncaster And Bassetlaw Teaching Hospitals NHS Foundation Trust,North East and Yorkshire,RP5
2020-05-08,4,123,Doncaster And Bassetlaw Teaching Hospitals NHS Foundation Trust,North East and Yorkshire,RP5
2020-05-07,2,119,Doncaster And Bassetlaw Teaching Hospitals NHS Foundation Trust,North East and Yorkshire,RP5
2020-05-06,2,117,Doncaster And Bassetlaw Teaching Hospitals NHS Foundation Trust,North East and Yorkshire,RP5
2020-05-05,0,115,Doncaster And Bassetlaw Teaching Hospitals NHS Foundation Trust,North East and Yorkshire,RP5
2020-05-04,3,115,Doncaster And Bassetlaw Teaching Hospitals NHS Foundation Trust,North East and Yorkshire,RP5
2020-05-03,2,112,Doncaster And Bassetlaw Teaching Hospitals NHS Foundation Trust,North East and Yorkshire,RP5
2020-05-02,6,110,Doncaster And Bassetlaw Teaching Hospitals NHS Foundation Trust,North East and Yorkshire,RP5
2020-05-01,0,104,Doncaster And Bassetlaw Teaching Hospitals NHS Foundation Trust,North East and Yorkshire,RP5
2020-04-30,0,104,Doncaster And Bassetlaw Teaching Hospitals NHS Foundation Trust,North East and Yorkshire,RP5
2020-04-29,3,104,Doncaster And Bassetlaw Teaching Hospitals NHS Foundation Trust,North East and Yorkshire,RP5
2020-04-28,9,101,Doncaster And Bassetlaw Teaching Hospitals NHS Foundation Trust,North East and Yorkshire,RP5
2020-04-27,7,92,Doncaster And Bassetlaw Teaching Hospitals NHS Foundation Trust,North East and Yorkshire,RP5
2020-04-26,1,85,Doncaster And Bassetlaw Teaching Hospitals NHS Foundation Trust,North East and Yorkshire,RP5
2020-04-25,1,84,Doncaster And Bassetlaw Teaching Hospitals NHS Foundation Trust,North East and Yorkshire,RP5
2020-04-24,4,83,Doncaster And Bassetlaw Teaching Hospitals NHS Foundation Trust,North East and Yorkshire,RP5
2020-04-23,2,79,Doncaster And Bassetlaw Teaching Hospitals NHS Foundation Trust,North East and Yorkshire,RP5
2020-04-22,4,77,Doncaster And Bassetlaw Teaching Hospitals NHS Foundation Trust,North East and Yorkshire,RP5
2020-04-21,4,73,Doncaster And Bassetlaw Teaching Hospitals NHS Foundation Trust,North East and Yorkshire,RP5
2020-04-20,2,69,Doncaster And Bassetlaw Teaching Hospitals NHS Foundation Trust,North East and Yorkshire,RP5
2020-04-19,2,67,Doncaster And Bassetlaw Teaching Hospitals NHS Foundation Trust,North East and Yorkshire,RP5
2020-04-18,3,65,Doncaster And Bassetlaw Teaching Hospitals NHS Foundation Trust,North East and Yorkshire,RP5
2020-04-17,1,62,Doncaster And Bassetlaw Teaching Hospitals NHS Foundation Trust,North East and Yorkshire,RP5
2020-04-16,5,61,Doncaster And Bassetlaw Teaching Hospitals NHS Foundation Trust,North East and Yorkshire,RP5
2020-04-15,3,56,Doncaster And Bassetlaw Teaching Hospitals NHS Foundation Trust,North East and Yorkshire,RP5
2020-04-14,2,53,Doncaster And Bassetlaw Teaching Hospitals NHS Foundation Trust,North East and Yorkshire,RP5
2020-04-13,2,51,Doncaster And Bassetlaw Teaching Hospitals NHS Foundation Trust,North East and Yorkshire,RP5
2020-04-12,6,49,Doncaster And Bassetlaw Teaching Hospitals NHS Foundation Trust,North East and Yorkshire,RP5
2020-04-11,5,43,Doncaster And Bassetlaw Teaching Hospitals NHS Foundation Trust,North East and Yorkshire,RP5
2020-04-10,3,38,Doncaster And Bassetlaw Teaching Hospitals NHS Foundation Trust,North East and Yorkshire,RP5
2020-04-09,2,35,Doncaster And Bassetlaw Teaching Hospitals NHS Foundation Trust,North East and Yorkshire,RP5
2020-04-08,2,33,Doncaster And Bassetlaw Teaching Hospitals NHS Foundation Trust,North East and Yorkshire,RP5
2020-04-07,0,31,Doncaster And Bassetlaw Teaching Hospitals NHS Foundation Trust,North East and Yorkshire,RP5
2020-04-06,7,31,Doncaster And Bassetlaw Teaching Hospitals NHS Foundation Trust,North East and Yorkshire,RP5
2020-04-05,4,24,Doncaster And Bassetlaw Teaching Hospitals NHS Foundation Trust,North East and Yorkshire,RP5
2020-04-04,9,20,Doncaster And Bassetlaw Teaching Hospitals NHS Foundation Trust,North East and Yorkshire,RP5
2020-04-03,2,11,Doncaster And Bassetlaw Teaching Hospitals NHS Foundation Trust,North East and Yorkshire,RP5
2020-04-02,2,9,Doncaster And Bassetlaw Teaching Hospitals NHS Foundation Trust,North East and Yorkshire,RP5
2020-04-01,3,7,Doncaster And Bassetlaw Teaching Hospitals NHS Foundation Trust,North East and Yorkshire,RP5
2020-03-31,0,4,Doncaster And Bassetlaw Teaching Hospitals NHS Foundation Trust,North East and Yorkshire,RP5
2020-03-30,1,4,Doncaster And Bassetlaw Teaching Hospitals NHS Foundation Trust,North East and Yorkshire,RP5
2020-03-29,0,3,Doncaster And Bassetlaw Teaching Hospitals NHS Foundation Trust,North East and Yorkshire,RP5
2020-03-28,1,3,Doncaster And Bassetlaw Teaching Hospitals NHS Foundation Trust,North East and Yorkshire,RP5
2020-03-27,0,2,Doncaster And Bassetlaw Teaching Hospitals NHS Foundation Trust,North East and Yorkshire,RP5
2020-03-26,0,2,Doncaster And Bassetlaw Teaching Hospitals NHS Foundation Trust,North East and Yorkshire,RP5
2020-03-25,1,2,Doncaster And Bassetlaw Teaching Hospitals NHS Foundation Trust,North East and Yorkshire,RP5
2020-03-24,0,1,Doncaster And Bassetlaw Teaching Hospitals NHS Foundation Trust,North East and Yorkshire,RP5
2020-03-23,1,1,Doncaster And Bassetlaw Teaching Hospitals NHS Foundation Trust,North East and Yorkshire,RP5
2020-03-22,0,0,Doncaster And Bassetlaw Teaching Hospitals NHS Foundation Trust,North East and Yorkshire,RP5
2020-03-21,0,0,Doncaster And Bassetlaw Teaching Hospitals NHS Foundation Trust,North East and Yorkshire,RP5
2020-03-20,0,0,Doncaster And Bassetlaw Teaching Hospitals NHS Foundation Trust,North East and Yorkshire,RP5
2020-03-19,0,0,Doncaster And Bassetlaw Teaching Hospitals NHS Foundation Trust,North East and Yorkshire,RP5
2020-03-18,0,0,Doncaster And Bassetlaw Teaching Hospitals NHS Foundation Trust,North East and Yorkshire,RP5
2020-03-17,0,0,Doncaster And Bassetlaw Teaching Hospitals NHS Foundation Trust,North East and Yorkshire,RP5
2020-03-16,0,0,Doncaster And Bassetlaw Teaching Hospitals NHS Foundation Trust,North East and Yorkshire,RP5
2020-03-15,0,0,Doncaster And Bassetlaw Teaching Hospitals NHS Foundation Trust,North East and Yorkshire,RP5
2020-03-14,0,0,Doncaster And Bassetlaw Teaching Hospitals NHS Foundation Trust,North East and Yorkshire,RP5
2020-03-13,0,0,Doncaster And Bassetlaw Teaching Hospitals NHS Foundation Trust,North East and Yorkshire,RP5
2020-03-12,0,0,Doncaster And Bassetlaw Teaching Hospitals NHS Foundation Trust,North East and Yorkshire,RP5
2020-03-11,0,0,Doncaster And Bassetlaw Teaching Hospitals NHS Foundation Trust,North East and Yorkshire,RP5
2020-03-10,0,0,Doncaster And Bassetlaw Teaching Hospitals NHS Foundation Trust,North East and Yorkshire,RP5
2020-03-09,0,0,Doncaster And Bassetlaw Teaching Hospitals NHS Foundation Trust,North East and Yorkshire,RP5
2020-03-08,0,0,Doncaster And Bassetlaw Teaching Hospitals NHS Foundation Trust,North East and Yorkshire,RP5
2020-03-07,0,0,Doncaster And Bassetlaw Teaching Hospitals NHS Foundation Trust,North East and Yorkshire,RP5
2020-03-06,0,0,Doncaster And Bassetlaw Teaching Hospitals NHS Foundation Trust,North East and Yorkshire,RP5
2020-03-05,0,0,Doncaster And Bassetlaw Teaching Hospitals NHS Foundation Trust,North East and Yorkshire,RP5
2020-03-04,0,0,Doncaster And Bassetlaw Teaching Hospitals NHS Foundation Trust,North East and Yorkshire,RP5
2020-03-03,0,0,Doncaster And Bassetlaw Teaching Hospitals NHS Foundation Trust,North East and Yorkshire,RP5
2020-03-02,0,0,Doncaster And Bassetlaw Teaching Hospitals NHS Foundation Trust,North East and Yorkshire,RP5
2020-03-01,0,0,Doncaster And Bassetlaw Teaching Hospitals NHS Foundation Trust,North East and Yorkshire,RP5
