date,new_deaths,total_deaths,hospital,region,code
2021-03-14,0,718,The Dudley Group NHS Foundation Trust,Midlands,RNA
2021-03-13,0,718,The Dudley Group NHS Foundation Trust,Midlands,RNA
2021-03-12,1,718,The Dudley Group NHS Foundation Trust,Midlands,RNA
2021-03-11,2,717,The Dudley Group NHS Foundation Trust,Midlands,RNA
2021-03-10,0,715,The Dudley Group NHS Foundation Trust,Midlands,RNA
2021-03-09,0,715,The Dudley Group NHS Foundation Trust,Midlands,RNA
2021-03-08,2,715,The Dudley Group NHS Foundation Trust,Midlands,RNA
2021-03-07,1,713,The Dudley Group NHS Foundation Trust,Midlands,RNA
2021-03-06,1,712,The Dudley Group NHS Foundation Trust,Midlands,RNA
2021-03-05,2,711,The Dudley Group NHS Foundation Trust,Midlands,RNA
2021-03-04,1,709,The Dudley Group NHS Foundation Trust,Midlands,RNA
2021-03-03,2,708,The Dudley Group NHS Foundation Trust,Midlands,RNA
2021-03-02,0,706,The Dudley Group NHS Foundation Trust,Midlands,RNA
2021-03-01,1,706,The Dudley Group NHS Foundation Trust,Midlands,RNA
2021-02-28,3,705,The Dudley Group NHS Foundation Trust,Midlands,RNA
2021-02-27,1,702,The Dudley Group NHS Foundation Trust,Midlands,RNA
2021-02-26,0,701,The Dudley Group NHS Foundation Trust,Midlands,RNA
2021-02-25,4,701,The Dudley Group NHS Foundation Trust,Midlands,RNA
2021-02-24,3,697,The Dudley Group NHS Foundation Trust,Midlands,RNA
2021-02-23,1,694,The Dudley Group NHS Foundation Trust,Midlands,RNA
2021-02-22,2,693,The Dudley Group NHS Foundation Trust,Midlands,RNA
2021-02-21,1,691,The Dudley Group NHS Foundation Trust,Midlands,RNA
2021-02-20,2,690,The Dudley Group NHS Foundation Trust,Midlands,RNA
2021-02-19,1,688,The Dudley Group NHS Foundation Trust,Midlands,RNA
2021-02-18,2,687,The Dudley Group NHS Foundation Trust,Midlands,RNA
2021-02-17,3,685,The Dudley Group NHS Foundation Trust,Midlands,RNA
2021-02-16,2,682,The Dudley Group NHS Foundation Trust,Midlands,RNA
2021-02-15,7,680,The Dudley Group NHS Foundation Trust,Midlands,RNA
2021-02-14,0,673,The Dudley Group NHS Foundation Trust,Midlands,RNA
2021-02-13,5,673,The Dudley Group NHS Foundation Trust,Midlands,RNA
2021-02-12,6,668,The Dudley Group NHS Foundation Trust,Midlands,RNA
2021-02-11,1,662,The Dudley Group NHS Foundation Trust,Midlands,RNA
2021-02-10,5,661,The Dudley Group NHS Foundation Trust,Midlands,RNA
2021-02-09,1,656,The Dudley Group NHS Foundation Trust,Midlands,RNA
2021-02-08,6,655,The Dudley Group NHS Foundation Trust,Midlands,RNA
2021-02-07,3,649,The Dudley Group NHS Foundation Trust,Midlands,RNA
2021-02-06,2,646,The Dudley Group NHS Foundation Trust,Midlands,RNA
2021-02-05,5,644,The Dudley Group NHS Foundation Trust,Midlands,RNA
2021-02-04,15,639,The Dudley Group NHS Foundation Trust,Midlands,RNA
2021-02-03,7,624,The Dudley Group NHS Foundation Trust,Midlands,RNA
2021-02-02,6,617,The Dudley Group NHS Foundation Trust,Midlands,RNA
2021-02-01,4,611,The Dudley Group NHS Foundation Trust,Midlands,RNA
2021-01-31,4,607,The Dudley Group NHS Foundation Trust,Midlands,RNA
2021-01-30,10,603,The Dudley Group NHS Foundation Trust,Midlands,RNA
2021-01-29,4,593,The Dudley Group NHS Foundation Trust,Midlands,RNA
2021-01-28,10,589,The Dudley Group NHS Foundation Trust,Midlands,RNA
2021-01-27,4,579,The Dudley Group NHS Foundation Trust,Midlands,RNA
2021-01-26,9,575,The Dudley Group NHS Foundation Trust,Midlands,RNA
2021-01-25,5,566,The Dudley Group NHS Foundation Trust,Midlands,RNA
2021-01-24,7,561,The Dudley Group NHS Foundation Trust,Midlands,RNA
2021-01-23,6,554,The Dudley Group NHS Foundation Trust,Midlands,RNA
2021-01-22,6,548,The Dudley Group NHS Foundation Trust,Midlands,RNA
2021-01-21,4,542,The Dudley Group NHS Foundation Trust,Midlands,RNA
2021-01-20,3,538,The Dudley Group NHS Foundation Trust,Midlands,RNA
2021-01-19,3,535,The Dudley Group NHS Foundation Trust,Midlands,RNA
2021-01-18,8,532,The Dudley Group NHS Foundation Trust,Midlands,RNA
2021-01-17,6,524,The Dudley Group NHS Foundation Trust,Midlands,RNA
2021-01-16,3,518,The Dudley Group NHS Foundation Trust,Midlands,RNA
2021-01-15,6,515,The Dudley Group NHS Foundation Trust,Midlands,RNA
2021-01-14,4,509,The Dudley Group NHS Foundation Trust,Midlands,RNA
2021-01-13,4,505,The Dudley Group NHS Foundation Trust,Midlands,RNA
2021-01-12,4,501,The Dudley Group NHS Foundation Trust,Midlands,RNA
2021-01-11,5,497,The Dudley Group NHS Foundation Trust,Midlands,RNA
2021-01-10,4,492,The Dudley Group NHS Foundation Trust,Midlands,RNA
2021-01-09,3,488,The Dudley Group NHS Foundation Trust,Midlands,RNA
2021-01-08,7,485,The Dudley Group NHS Foundation Trust,Midlands,RNA
2021-01-07,3,478,The Dudley Group NHS Foundation Trust,Midlands,RNA
2021-01-06,2,475,The Dudley Group NHS Foundation Trust,Midlands,RNA
2021-01-05,4,473,The Dudley Group NHS Foundation Trust,Midlands,RNA
2021-01-04,1,469,The Dudley Group NHS Foundation Trust,Midlands,RNA
2021-01-03,4,468,The Dudley Group NHS Foundation Trust,Midlands,RNA
2021-01-02,2,464,The Dudley Group NHS Foundation Trust,Midlands,RNA
2021-01-01,1,462,The Dudley Group NHS Foundation Trust,Midlands,RNA
2020-12-31,3,461,The Dudley Group NHS Foundation Trust,Midlands,RNA
2020-12-30,7,458,The Dudley Group NHS Foundation Trust,Midlands,RNA
2020-12-29,2,451,The Dudley Group NHS Foundation Trust,Midlands,RNA
2020-12-28,1,449,The Dudley Group NHS Foundation Trust,Midlands,RNA
2020-12-27,3,448,The Dudley Group NHS Foundation Trust,Midlands,RNA
2020-12-26,1,445,The Dudley Group NHS Foundation Trust,Midlands,RNA
2020-12-25,1,444,The Dudley Group NHS Foundation Trust,Midlands,RNA
2020-12-24,1,443,The Dudley Group NHS Foundation Trust,Midlands,RNA
2020-12-23,2,442,The Dudley Group NHS Foundation Trust,Midlands,RNA
2020-12-22,1,440,The Dudley Group NHS Foundation Trust,Midlands,RNA
2020-12-21,2,439,The Dudley Group NHS Foundation Trust,Midlands,RNA
2020-12-20,2,437,The Dudley Group NHS Foundation Trust,Midlands,RNA
2020-12-19,3,435,The Dudley Group NHS Foundation Trust,Midlands,RNA
2020-12-18,3,432,The Dudley Group NHS Foundation Trust,Midlands,RNA
2020-12-17,3,429,The Dudley Group NHS Foundation Trust,Midlands,RNA
2020-12-16,2,426,The Dudley Group NHS Foundation Trust,Midlands,RNA
2020-12-15,1,424,The Dudley Group NHS Foundation Trust,Midlands,RNA
2020-12-14,3,423,The Dudley Group NHS Foundation Trust,Midlands,RNA
2020-12-13,4,420,The Dudley Group NHS Foundation Trust,Midlands,RNA
2020-12-12,2,416,The Dudley Group NHS Foundation Trust,Midlands,RNA
2020-12-11,2,414,The Dudley Group NHS Foundation Trust,Midlands,RNA
2020-12-10,5,412,The Dudley Group NHS Foundation Trust,Midlands,RNA
2020-12-09,2,407,The Dudley Group NHS Foundation Trust,Midlands,RNA
2020-12-08,7,405,The Dudley Group NHS Foundation Trust,Midlands,RNA
2020-12-07,1,398,The Dudley Group NHS Foundation Trust,Midlands,RNA
2020-12-06,7,397,The Dudley Group NHS Foundation Trust,Midlands,RNA
2020-12-05,4,390,The Dudley Group NHS Foundation Trust,Midlands,RNA
2020-12-04,1,386,The Dudley Group NHS Foundation Trust,Midlands,RNA
2020-12-03,5,385,The Dudley Group NHS Foundation Trust,Midlands,RNA
2020-12-02,3,380,The Dudley Group NHS Foundation Trust,Midlands,RNA
2020-12-01,1,377,The Dudley Group NHS Foundation Trust,Midlands,RNA
2020-11-30,6,376,The Dudley Group NHS Foundation Trust,Midlands,RNA
2020-11-29,9,370,The Dudley Group NHS Foundation Trust,Midlands,RNA
2020-11-28,2,361,The Dudley Group NHS Foundation Trust,Midlands,RNA
2020-11-27,3,359,The Dudley Group NHS Foundation Trust,Midlands,RNA
2020-11-26,2,356,The Dudley Group NHS Foundation Trust,Midlands,RNA
2020-11-25,3,354,The Dudley Group NHS Foundation Trust,Midlands,RNA
2020-11-24,0,351,The Dudley Group NHS Foundation Trust,Midlands,RNA
2020-11-23,2,351,The Dudley Group NHS Foundation Trust,Midlands,RNA
2020-11-22,5,349,The Dudley Group NHS Foundation Trust,Midlands,RNA
2020-11-21,1,344,The Dudley Group NHS Foundation Trust,Midlands,RNA
2020-11-20,3,343,The Dudley Group NHS Foundation Trust,Midlands,RNA
2020-11-19,5,340,The Dudley Group NHS Foundation Trust,Midlands,RNA
2020-11-18,1,335,The Dudley Group NHS Foundation Trust,Midlands,RNA
2020-11-17,6,334,The Dudley Group NHS Foundation Trust,Midlands,RNA
2020-11-16,1,328,The Dudley Group NHS Foundation Trust,Midlands,RNA
2020-11-15,4,327,The Dudley Group NHS Foundation Trust,Midlands,RNA
2020-11-14,1,323,The Dudley Group NHS Foundation Trust,Midlands,RNA
2020-11-13,2,322,The Dudley Group NHS Foundation Trust,Midlands,RNA
2020-11-12,3,320,The Dudley Group NHS Foundation Trust,Midlands,RNA
2020-11-11,4,317,The Dudley Group NHS Foundation Trust,Midlands,RNA
2020-11-10,3,313,The Dudley Group NHS Foundation Trust,Midlands,RNA
2020-11-09,1,310,The Dudley Group NHS Foundation Trust,Midlands,RNA
2020-11-08,4,309,The Dudley Group NHS Foundation Trust,Midlands,RNA
2020-11-07,2,305,The Dudley Group NHS Foundation Trust,Midlands,RNA
2020-11-06,2,303,The Dudley Group NHS Foundation Trust,Midlands,RNA
2020-11-05,3,301,The Dudley Group NHS Foundation Trust,Midlands,RNA
2020-11-04,1,298,The Dudley Group NHS Foundation Trust,Midlands,RNA
2020-11-03,3,297,The Dudley Group NHS Foundation Trust,Midlands,RNA
2020-11-02,1,294,The Dudley Group NHS Foundation Trust,Midlands,RNA
2020-11-01,0,293,The Dudley Group NHS Foundation Trust,Midlands,RNA
2020-10-31,5,293,The Dudley Group NHS Foundation Trust,Midlands,RNA
2020-10-30,4,288,The Dudley Group NHS Foundation Trust,Midlands,RNA
2020-10-29,1,284,The Dudley Group NHS Foundation Trust,Midlands,RNA
2020-10-28,2,283,The Dudley Group NHS Foundation Trust,Midlands,RNA
2020-10-27,2,281,The Dudley Group NHS Foundation Trust,Midlands,RNA
2020-10-26,1,279,The Dudley Group NHS Foundation Trust,Midlands,RNA
2020-10-25,1,278,The Dudley Group NHS Foundation Trust,Midlands,RNA
2020-10-24,0,277,The Dudley Group NHS Foundation Trust,Midlands,RNA
2020-10-23,0,277,The Dudley Group NHS Foundation Trust,Midlands,RNA
2020-10-22,0,277,The Dudley Group NHS Foundation Trust,Midlands,RNA
2020-10-21,1,277,The Dudley Group NHS Foundation Trust,Midlands,RNA
2020-10-20,1,276,The Dudley Group NHS Foundation Trust,Midlands,RNA
2020-10-19,1,275,The Dudley Group NHS Foundation Trust,Midlands,RNA
2020-10-18,2,274,The Dudley Group NHS Foundation Trust,Midlands,RNA
2020-10-17,0,272,The Dudley Group NHS Foundation Trust,Midlands,RNA
2020-10-16,3,272,The Dudley Group NHS Foundation Trust,Midlands,RNA
2020-10-15,0,269,The Dudley Group NHS Foundation Trust,Midlands,RNA
2020-10-14,0,269,The Dudley Group NHS Foundation Trust,Midlands,RNA
2020-10-13,0,269,The Dudley Group NHS Foundation Trust,Midlands,RNA
2020-10-12,1,269,The Dudley Group NHS Foundation Trust,Midlands,RNA
2020-10-11,0,268,The Dudley Group NHS Foundation Trust,Midlands,RNA
2020-10-10,0,268,The Dudley Group NHS Foundation Trust,Midlands,RNA
2020-10-09,0,268,The Dudley Group NHS Foundation Trust,Midlands,RNA
2020-10-08,0,268,The Dudley Group NHS Foundation Trust,Midlands,RNA
2020-10-07,0,268,The Dudley Group NHS Foundation Trust,Midlands,RNA
2020-10-06,0,268,The Dudley Group NHS Foundation Trust,Midlands,RNA
2020-10-05,0,268,The Dudley Group NHS Foundation Trust,Midlands,RNA
2020-10-04,0,268,The Dudley Group NHS Foundation Trust,Midlands,RNA
2020-10-03,0,268,The Dudley Group NHS Foundation Trust,Midlands,RNA
2020-10-02,0,268,The Dudley Group NHS Foundation Trust,Midlands,RNA
2020-10-01,0,268,The Dudley Group NHS Foundation Trust,Midlands,RNA
2020-09-30,0,268,The Dudley Group NHS Foundation Trust,Midlands,RNA
2020-09-29,0,268,The Dudley Group NHS Foundation Trust,Midlands,RNA
2020-09-28,1,268,The Dudley Group NHS Foundation Trust,Midlands,RNA
2020-09-27,1,267,The Dudley Group NHS Foundation Trust,Midlands,RNA
2020-09-26,0,266,The Dudley Group NHS Foundation Trust,Midlands,RNA
2020-09-25,0,266,The Dudley Group NHS Foundation Trust,Midlands,RNA
2020-09-24,1,266,The Dudley Group NHS Foundation Trust,Midlands,RNA
2020-09-23,0,265,The Dudley Group NHS Foundation Trust,Midlands,RNA
2020-09-22,0,265,The Dudley Group NHS Foundation Trust,Midlands,RNA
2020-09-21,0,265,The Dudley Group NHS Foundation Trust,Midlands,RNA
2020-09-20,1,265,The Dudley Group NHS Foundation Trust,Midlands,RNA
2020-09-19,0,264,The Dudley Group NHS Foundation Trust,Midlands,RNA
2020-09-18,0,264,The Dudley Group NHS Foundation Trust,Midlands,RNA
2020-09-17,0,264,The Dudley Group NHS Foundation Trust,Midlands,RNA
2020-09-16,0,264,The Dudley Group NHS Foundation Trust,Midlands,RNA
2020-09-15,0,264,The Dudley Group NHS Foundation Trust,Midlands,RNA
2020-09-14,0,264,The Dudley Group NHS Foundation Trust,Midlands,RNA
2020-09-13,0,264,The Dudley Group NHS Foundation Trust,Midlands,RNA
2020-09-12,0,264,The Dudley Group NHS Foundation Trust,Midlands,RNA
2020-09-11,0,264,The Dudley Group NHS Foundation Trust,Midlands,RNA
2020-09-10,0,264,The Dudley Group NHS Foundation Trust,Midlands,RNA
2020-09-09,0,264,The Dudley Group NHS Foundation Trust,Midlands,RNA
2020-09-08,0,264,The Dudley Group NHS Foundation Trust,Midlands,RNA
2020-09-07,0,264,The Dudley Group NHS Foundation Trust,Midlands,RNA
2020-09-06,0,264,The Dudley Group NHS Foundation Trust,Midlands,RNA
2020-09-05,0,264,The Dudley Group NHS Foundation Trust,Midlands,RNA
2020-09-04,0,264,The Dudley Group NHS Foundation Trust,Midlands,RNA
2020-09-03,0,264,The Dudley Group NHS Foundation Trust,Midlands,RNA
2020-09-02,0,264,The Dudley Group NHS Foundation Trust,Midlands,RNA
2020-09-01,0,264,The Dudley Group NHS Foundation Trust,Midlands,RNA
2020-08-31,0,264,The Dudley Group NHS Foundation Trust,Midlands,RNA
2020-08-30,0,264,The Dudley Group NHS Foundation Trust,Midlands,RNA
2020-08-29,0,264,The Dudley Group NHS Foundation Trust,Midlands,RNA
2020-08-28,0,264,The Dudley Group NHS Foundation Trust,Midlands,RNA
2020-08-27,0,264,The Dudley Group NHS Foundation Trust,Midlands,RNA
2020-08-26,0,264,The Dudley Group NHS Foundation Trust,Midlands,RNA
2020-08-25,0,264,The Dudley Group NHS Foundation Trust,Midlands,RNA
2020-08-24,0,264,The Dudley Group NHS Foundation Trust,Midlands,RNA
2020-08-23,0,264,The Dudley Group NHS Foundation Trust,Midlands,RNA
2020-08-22,0,264,The Dudley Group NHS Foundation Trust,Midlands,RNA
2020-08-21,0,264,The Dudley Group NHS Foundation Trust,Midlands,RNA
2020-08-20,0,264,The Dudley Group NHS Foundation Trust,Midlands,RNA
2020-08-19,0,264,The Dudley Group NHS Foundation Trust,Midlands,RNA
2020-08-18,0,264,The Dudley Group NHS Foundation Trust,Midlands,RNA
2020-08-17,0,264,The Dudley Group NHS Foundation Trust,Midlands,RNA
2020-08-16,0,264,The Dudley Group NHS Foundation Trust,Midlands,RNA
2020-08-15,0,264,The Dudley Group NHS Foundation Trust,Midlands,RNA
2020-08-14,0,264,The Dudley Group NHS Foundation Trust,Midlands,RNA
2020-08-13,0,264,The Dudley Group NHS Foundation Trust,Midlands,RNA
2020-08-12,0,264,The Dudley Group NHS Foundation Trust,Midlands,RNA
2020-08-11,0,264,The Dudley Group NHS Foundation Trust,Midlands,RNA
2020-08-10,0,264,The Dudley Group NHS Foundation Trust,Midlands,RNA
2020-08-09,0,264,The Dudley Group NHS Foundation Trust,Midlands,RNA
2020-08-08,0,264,The Dudley Group NHS Foundation Trust,Midlands,RNA
2020-08-07,0,264,The Dudley Group NHS Foundation Trust,Midlands,RNA
2020-08-06,0,264,The Dudley Group NHS Foundation Trust,Midlands,RNA
2020-08-05,0,264,The Dudley Group NHS Foundation Trust,Midlands,RNA
2020-08-04,0,264,The Dudley Group NHS Foundation Trust,Midlands,RNA
2020-08-03,0,264,The Dudley Group NHS Foundation Trust,Midlands,RNA
2020-08-02,0,264,The Dudley Group NHS Foundation Trust,Midlands,RNA
2020-08-01,0,264,The Dudley Group NHS Foundation Trust,Midlands,RNA
2020-07-31,0,264,The Dudley Group NHS Foundation Trust,Midlands,RNA
2020-07-30,0,264,The Dudley Group NHS Foundation Trust,Midlands,RNA
2020-07-29,0,264,The Dudley Group NHS Foundation Trust,Midlands,RNA
2020-07-28,0,264,The Dudley Group NHS Foundation Trust,Midlands,RNA
2020-07-27,0,264,The Dudley Group NHS Foundation Trust,Midlands,RNA
2020-07-26,0,264,The Dudley Group NHS Foundation Trust,Midlands,RNA
2020-07-25,0,264,The Dudley Group NHS Foundation Trust,Midlands,RNA
2020-07-24,0,264,The Dudley Group NHS Foundation Trust,Midlands,RNA
2020-07-23,0,264,The Dudley Group NHS Foundation Trust,Midlands,RNA
2020-07-22,0,264,The Dudley Group NHS Foundation Trust,Midlands,RNA
2020-07-21,0,264,The Dudley Group NHS Foundation Trust,Midlands,RNA
2020-07-20,0,264,The Dudley Group NHS Foundation Trust,Midlands,RNA
2020-07-19,0,264,The Dudley Group NHS Foundation Trust,Midlands,RNA
2020-07-18,0,264,The Dudley Group NHS Foundation Trust,Midlands,RNA
2020-07-17,0,264,The Dudley Group NHS Foundation Trust,Midlands,RNA
2020-07-16,0,264,The Dudley Group NHS Foundation Trust,Midlands,RNA
2020-07-15,0,264,The Dudley Group NHS Foundation Trust,Midlands,RNA
2020-07-14,0,264,The Dudley Group NHS Foundation Trust,Midlands,RNA
2020-07-13,0,264,The Dudley Group NHS Foundation Trust,Midlands,RNA
2020-07-12,0,264,The Dudley Group NHS Foundation Trust,Midlands,RNA
2020-07-11,0,264,The Dudley Group NHS Foundation Trust,Midlands,RNA
2020-07-10,1,264,The Dudley Group NHS Foundation Trust,Midlands,RNA
2020-07-09,0,263,The Dudley Group NHS Foundation Trust,Midlands,RNA
2020-07-08,0,263,The Dudley Group NHS Foundation Trust,Midlands,RNA
2020-07-07,0,263,The Dudley Group NHS Foundation Trust,Midlands,RNA
2020-07-06,0,263,The Dudley Group NHS Foundation Trust,Midlands,RNA
2020-07-05,0,263,The Dudley Group NHS Foundation Trust,Midlands,RNA
2020-07-04,0,263,The Dudley Group NHS Foundation Trust,Midlands,RNA
2020-07-03,0,263,The Dudley Group NHS Foundation Trust,Midlands,RNA
2020-07-02,0,263,The Dudley Group NHS Foundation Trust,Midlands,RNA
2020-07-01,0,263,The Dudley Group NHS Foundation Trust,Midlands,RNA
2020-06-30,0,263,The Dudley Group NHS Foundation Trust,Midlands,RNA
2020-06-29,0,263,The Dudley Group NHS Foundation Trust,Midlands,RNA
2020-06-28,0,263,The Dudley Group NHS Foundation Trust,Midlands,RNA
2020-06-27,0,263,The Dudley Group NHS Foundation Trust,Midlands,RNA
2020-06-26,0,263,The Dudley Group NHS Foundation Trust,Midlands,RNA
2020-06-25,1,263,The Dudley Group NHS Foundation Trust,Midlands,RNA
2020-06-24,0,262,The Dudley Group NHS Foundation Trust,Midlands,RNA
2020-06-23,1,262,The Dudley Group NHS Foundation Trust,Midlands,RNA
2020-06-22,0,261,The Dudley Group NHS Foundation Trust,Midlands,RNA
2020-06-21,0,261,The Dudley Group NHS Foundation Trust,Midlands,RNA
2020-06-20,0,261,The Dudley Group NHS Foundation Trust,Midlands,RNA
2020-06-19,0,261,The Dudley Group NHS Foundation Trust,Midlands,RNA
2020-06-18,1,261,The Dudley Group NHS Foundation Trust,Midlands,RNA
2020-06-17,0,260,The Dudley Group NHS Foundation Trust,Midlands,RNA
2020-06-16,0,260,The Dudley Group NHS Foundation Trust,Midlands,RNA
2020-06-15,0,260,The Dudley Group NHS Foundation Trust,Midlands,RNA
2020-06-14,2,260,The Dudley Group NHS Foundation Trust,Midlands,RNA
2020-06-13,0,258,The Dudley Group NHS Foundation Trust,Midlands,RNA
2020-06-12,0,258,The Dudley Group NHS Foundation Trust,Midlands,RNA
2020-06-11,0,258,The Dudley Group NHS Foundation Trust,Midlands,RNA
2020-06-10,0,258,The Dudley Group NHS Foundation Trust,Midlands,RNA
2020-06-09,1,258,The Dudley Group NHS Foundation Trust,Midlands,RNA
2020-06-08,1,257,The Dudley Group NHS Foundation Trust,Midlands,RNA
2020-06-07,0,256,The Dudley Group NHS Foundation Trust,Midlands,RNA
2020-06-06,0,256,The Dudley Group NHS Foundation Trust,Midlands,RNA
2020-06-05,1,256,The Dudley Group NHS Foundation Trust,Midlands,RNA
2020-06-04,0,255,The Dudley Group NHS Foundation Trust,Midlands,RNA
2020-06-03,1,255,The Dudley Group NHS Foundation Trust,Midlands,RNA
2020-06-02,1,254,The Dudley Group NHS Foundation Trust,Midlands,RNA
2020-06-01,0,253,The Dudley Group NHS Foundation Trust,Midlands,RNA
2020-05-31,0,253,The Dudley Group NHS Foundation Trust,Midlands,RNA
2020-05-30,0,253,The Dudley Group NHS Foundation Trust,Midlands,RNA
2020-05-29,0,253,The Dudley Group NHS Foundation Trust,Midlands,RNA
2020-05-28,2,253,The Dudley Group NHS Foundation Trust,Midlands,RNA
2020-05-27,1,251,The Dudley Group NHS Foundation Trust,Midlands,RNA
2020-05-26,3,250,The Dudley Group NHS Foundation Trust,Midlands,RNA
2020-05-25,0,247,The Dudley Group NHS Foundation Trust,Midlands,RNA
2020-05-24,0,247,The Dudley Group NHS Foundation Trust,Midlands,RNA
2020-05-23,0,247,The Dudley Group NHS Foundation Trust,Midlands,RNA
2020-05-22,0,247,The Dudley Group NHS Foundation Trust,Midlands,RNA
2020-05-21,1,247,The Dudley Group NHS Foundation Trust,Midlands,RNA
2020-05-20,1,246,The Dudley Group NHS Foundation Trust,Midlands,RNA
2020-05-19,2,245,The Dudley Group NHS Foundation Trust,Midlands,RNA
2020-05-18,1,243,The Dudley Group NHS Foundation Trust,Midlands,RNA
2020-05-17,1,242,The Dudley Group NHS Foundation Trust,Midlands,RNA
2020-05-16,2,241,The Dudley Group NHS Foundation Trust,Midlands,RNA
2020-05-15,0,239,The Dudley Group NHS Foundation Trust,Midlands,RNA
2020-05-14,0,239,The Dudley Group NHS Foundation Trust,Midlands,RNA
2020-05-13,1,239,The Dudley Group NHS Foundation Trust,Midlands,RNA
2020-05-12,3,238,The Dudley Group NHS Foundation Trust,Midlands,RNA
2020-05-11,0,235,The Dudley Group NHS Foundation Trust,Midlands,RNA
2020-05-10,1,235,The Dudley Group NHS Foundation Trust,Midlands,RNA
2020-05-09,1,234,The Dudley Group NHS Foundation Trust,Midlands,RNA
2020-05-08,1,233,The Dudley Group NHS Foundation Trust,Midlands,RNA
2020-05-07,1,232,The Dudley Group NHS Foundation Trust,Midlands,RNA
2020-05-06,0,231,The Dudley Group NHS Foundation Trust,Midlands,RNA
2020-05-05,0,231,The Dudley Group NHS Foundation Trust,Midlands,RNA
2020-05-04,1,231,The Dudley Group NHS Foundation Trust,Midlands,RNA
2020-05-03,3,230,The Dudley Group NHS Foundation Trust,Midlands,RNA
2020-05-02,1,227,The Dudley Group NHS Foundation Trust,Midlands,RNA
2020-05-01,2,226,The Dudley Group NHS Foundation Trust,Midlands,RNA
2020-04-30,1,224,The Dudley Group NHS Foundation Trust,Midlands,RNA
2020-04-29,1,223,The Dudley Group NHS Foundation Trust,Midlands,RNA
2020-04-28,4,222,The Dudley Group NHS Foundation Trust,Midlands,RNA
2020-04-27,2,218,The Dudley Group NHS Foundation Trust,Midlands,RNA
2020-04-26,4,216,The Dudley Group NHS Foundation Trust,Midlands,RNA
2020-04-25,1,212,The Dudley Group NHS Foundation Trust,Midlands,RNA
2020-04-24,2,211,The Dudley Group NHS Foundation Trust,Midlands,RNA
2020-04-23,4,209,The Dudley Group NHS Foundation Trust,Midlands,RNA
2020-04-22,4,205,The Dudley Group NHS Foundation Trust,Midlands,RNA
2020-04-21,4,201,The Dudley Group NHS Foundation Trust,Midlands,RNA
2020-04-20,8,197,The Dudley Group NHS Foundation Trust,Midlands,RNA
2020-04-19,6,189,The Dudley Group NHS Foundation Trust,Midlands,RNA
2020-04-18,6,183,The Dudley Group NHS Foundation Trust,Midlands,RNA
2020-04-17,3,177,The Dudley Group NHS Foundation Trust,Midlands,RNA
2020-04-16,5,174,The Dudley Group NHS Foundation Trust,Midlands,RNA
2020-04-15,7,169,The Dudley Group NHS Foundation Trust,Midlands,RNA
2020-04-14,3,162,The Dudley Group NHS Foundation Trust,Midlands,RNA
2020-04-13,8,159,The Dudley Group NHS Foundation Trust,Midlands,RNA
2020-04-12,9,151,The Dudley Group NHS Foundation Trust,Midlands,RNA
2020-04-11,6,142,The Dudley Group NHS Foundation Trust,Midlands,RNA
2020-04-10,4,136,The Dudley Group NHS Foundation Trust,Midlands,RNA
2020-04-09,8,132,The Dudley Group NHS Foundation Trust,Midlands,RNA
2020-04-08,7,124,The Dudley Group NHS Foundation Trust,Midlands,RNA
2020-04-07,9,117,The Dudley Group NHS Foundation Trust,Midlands,RNA
2020-04-06,7,108,The Dudley Group NHS Foundation Trust,Midlands,RNA
2020-04-05,4,101,The Dudley Group NHS Foundation Trust,Midlands,RNA
2020-04-04,6,97,The Dudley Group NHS Foundation Trust,Midlands,RNA
2020-04-03,9,91,The Dudley Group NHS Foundation Trust,Midlands,RNA
2020-04-02,14,82,The Dudley Group NHS Foundation Trust,Midlands,RNA
2020-04-01,12,68,The Dudley Group NHS Foundation Trust,Midlands,RNA
2020-03-31,10,56,The Dudley Group NHS Foundation Trust,Midlands,RNA
2020-03-30,6,46,The Dudley Group NHS Foundation Trust,Midlands,RNA
2020-03-29,7,40,The Dudley Group NHS Foundation Trust,Midlands,RNA
2020-03-28,3,33,The Dudley Group NHS Foundation Trust,Midlands,RNA
2020-03-27,5,30,The Dudley Group NHS Foundation Trust,Midlands,RNA
2020-03-26,6,25,The Dudley Group NHS Foundation Trust,Midlands,RNA
2020-03-25,3,19,The Dudley Group NHS Foundation Trust,Midlands,RNA
2020-03-24,3,16,The Dudley Group NHS Foundation Trust,Midlands,RNA
2020-03-23,1,13,The Dudley Group NHS Foundation Trust,Midlands,RNA
2020-03-22,0,12,The Dudley Group NHS Foundation Trust,Midlands,RNA
2020-03-21,2,12,The Dudley Group NHS Foundation Trust,Midlands,RNA
2020-03-20,2,10,The Dudley Group NHS Foundation Trust,Midlands,RNA
2020-03-19,1,8,The Dudley Group NHS Foundation Trust,Midlands,RNA
2020-03-18,0,7,The Dudley Group NHS Foundation Trust,Midlands,RNA
2020-03-17,0,7,The Dudley Group NHS Foundation Trust,Midlands,RNA
2020-03-16,2,7,The Dudley Group NHS Foundation Trust,Midlands,RNA
2020-03-15,1,5,The Dudley Group NHS Foundation Trust,Midlands,RNA
2020-03-14,0,4,The Dudley Group NHS Foundation Trust,Midlands,RNA
2020-03-13,2,4,The Dudley Group NHS Foundation Trust,Midlands,RNA
2020-03-12,1,2,The Dudley Group NHS Foundation Trust,Midlands,RNA
2020-03-11,0,1,The Dudley Group NHS Foundation Trust,Midlands,RNA
2020-03-10,0,1,The Dudley Group NHS Foundation Trust,Midlands,RNA
2020-03-09,0,1,The Dudley Group NHS Foundation Trust,Midlands,RNA
2020-03-08,1,1,The Dudley Group NHS Foundation Trust,Midlands,RNA
2020-03-07,0,0,The Dudley Group NHS Foundation Trust,Midlands,RNA
2020-03-06,0,0,The Dudley Group NHS Foundation Trust,Midlands,RNA
2020-03-05,0,0,The Dudley Group NHS Foundation Trust,Midlands,RNA
2020-03-04,0,0,The Dudley Group NHS Foundation Trust,Midlands,RNA
2020-03-03,0,0,The Dudley Group NHS Foundation Trust,Midlands,RNA
2020-03-02,0,0,The Dudley Group NHS Foundation Trust,Midlands,RNA
2020-03-01,0,0,The Dudley Group NHS Foundation Trust,Midlands,RNA
