date,state,county,1day_cases_100k,new_cases,new_deaths,new_deaths_100k,total_cases,total_deaths,cfr%,total_cases_100k,total_deaths_100k,%infected,population,pop_density,7day_cases_100k,7day_cases_change,28day_cases_100k,28day_cases_change
2020-09-07,Minnesota,Marshall,0.0,0,0,0.0,44,1,2.27,468.58,10.65,0.47,9390,5.29,85.2,-10.65,159.75,0.0
2020-09-06,Minnesota,Marshall,0.0,0,0,0.0,44,1,2.27,468.58,10.65,0.47,9390,5.29,95.85,-21.3,159.75,10.65
2020-09-05,Minnesota,Marshall,0.0,0,0,0.0,44,1,2.27,468.58,10.65,0.47,9390,5.29,117.15,0.0,149.1,-10.65
2020-09-04,Minnesota,Marshall,53.25,5,1,10.65,44,1,2.27,468.58,10.65,0.47,9390,5.29,117.15,21.3,159.75,53.25
2020-09-03,Minnesota,Marshall,10.65,1,0,0.0,39,0,0.0,415.34,0.0,0.42,9390,5.29,95.85,10.65,106.5,10.65
2020-09-02,Minnesota,Marshall,10.65,1,0,0.0,38,0,0.0,404.69,0.0,0.4,9390,5.29,85.2,10.65,95.85,10.65
2020-09-01,Minnesota,Marshall,10.65,1,0,0.0,37,0,0.0,394.04,0.0,0.39,9390,5.29,74.55,21.3,85.2,0.0
2020-08-31,Minnesota,Marshall,10.65,1,0,0.0,36,0,0.0,383.39,0.0,0.38,9390,5.29,53.25,10.65,85.2,10.65
2020-08-30,Minnesota,Marshall,21.3,2,0,0.0,35,0,0.0,372.74,0.0,0.37,9390,5.29,42.6,21.3,74.55,21.3
2020-08-29,Minnesota,Marshall,0.0,0,0,0.0,33,0,0.0,351.44,0.0,0.35,9390,5.29,21.3,-10.65,53.25,-10.65
2020-08-28,Minnesota,Marshall,31.95,3,0,0.0,33,0,0.0,351.44,0.0,0.35,9390,5.29,31.95,31.95,63.9,31.95
2020-08-27,Minnesota,Marshall,0.0,0,0,0.0,30,0,0.0,319.49,0.0,0.32,9390,5.29,0.0,0.0,31.95,-10.65
2020-08-26,Minnesota,Marshall,0.0,0,0,0.0,30,0,0.0,319.49,0.0,0.32,9390,5.29,0.0,0.0,42.6,0.0
2020-08-25,Minnesota,Marshall,-10.65,-1,0,0.0,30,0,0.0,319.49,0.0,0.32,9390,5.29,0.0,-10.65,42.6,-21.3
2020-08-24,Minnesota,Marshall,0.0,0,0,0.0,31,0,0.0,330.14,0.0,0.33,9390,5.29,10.65,0.0,63.9,0.0
2020-08-23,Minnesota,Marshall,0.0,0,0,0.0,31,0,0.0,330.14,0.0,0.33,9390,5.29,10.65,0.0,63.9,0.0
2020-08-22,Minnesota,Marshall,10.65,1,0,0.0,31,0,0.0,330.14,0.0,0.33,9390,5.29,10.65,10.65,63.9,10.65
2020-08-21,Minnesota,Marshall,0.0,0,0,0.0,30,0,0.0,319.49,0.0,0.32,9390,5.29,0.0,-10.65,53.25,0.0
2020-08-20,Minnesota,Marshall,0.0,0,0,0.0,30,0,0.0,319.49,0.0,0.32,9390,5.29,10.65,0.0,53.25,-21.3
2020-08-19,Minnesota,Marshall,0.0,0,0,0.0,30,0,0.0,319.49,0.0,0.32,9390,5.29,10.65,0.0,74.55,0.0
2020-08-18,Minnesota,Marshall,0.0,0,0,0.0,30,0,0.0,319.49,0.0,0.32,9390,5.29,10.65,0.0,74.55,-10.65
2020-08-17,Minnesota,Marshall,0.0,0,0,0.0,30,0,0.0,319.49,0.0,0.32,9390,5.29,10.65,0.0,85.2,-10.65
2020-08-16,Minnesota,Marshall,0.0,0,0,0.0,30,0,0.0,319.49,0.0,0.32,9390,5.29,10.65,10.65,95.85,-10.65
2020-08-15,Minnesota,Marshall,0.0,0,0,0.0,30,0,0.0,319.49,0.0,0.32,9390,5.29,0.0,-10.65,106.5,0.0
2020-08-14,Minnesota,Marshall,10.65,1,0,0.0,30,0,0.0,319.49,0.0,0.32,9390,5.29,10.65,10.65,106.5,-21.3
2020-08-13,Minnesota,Marshall,0.0,0,0,0.0,29,0,0.0,308.84,0.0,0.31,9390,5.29,0.0,0.0,127.8,0.0
2020-08-12,Minnesota,Marshall,0.0,0,0,0.0,29,0,0.0,308.84,0.0,0.31,9390,5.29,0.0,0.0,127.8,-10.65
2020-08-11,Minnesota,Marshall,0.0,0,0,0.0,29,0,0.0,308.84,0.0,0.31,9390,5.29,0.0,-10.65,138.45,0.0
2020-08-10,Minnesota,Marshall,0.0,0,0,0.0,29,0,0.0,308.84,0.0,0.31,9390,5.29,10.65,0.0,138.45,0.0
2020-08-09,Minnesota,Marshall,-10.65,-1,0,0.0,29,0,0.0,308.84,0.0,0.31,9390,5.29,10.65,-10.65,138.45,-42.6
2020-08-08,Minnesota,Marshall,10.65,1,0,0.0,30,0,0.0,319.49,0.0,0.32,9390,5.29,21.3,0.0,181.05,0.0
2020-08-07,Minnesota,Marshall,0.0,0,0,0.0,29,0,0.0,308.84,0.0,0.31,9390,5.29,21.3,0.0,181.05,0.0
2020-08-06,Minnesota,Marshall,0.0,0,0,0.0,29,0,0.0,308.84,0.0,0.31,9390,5.29,21.3,-10.65,181.05,0.0
2020-08-05,Minnesota,Marshall,0.0,0,0,0.0,29,0,0.0,308.84,0.0,0.31,9390,5.29,31.95,0.0,181.05,0.0
2020-08-04,Minnesota,Marshall,10.65,1,0,0.0,29,0,0.0,308.84,0.0,0.31,9390,5.29,31.95,0.0,181.05,10.65
2020-08-03,Minnesota,Marshall,0.0,0,0,0.0,28,0,0.0,298.19,0.0,0.3,9390,5.29,31.95,0.0,170.4,0.0
2020-08-02,Minnesota,Marshall,0.0,0,0,0.0,28,0,0.0,298.19,0.0,0.3,9390,5.29,31.95,0.0,170.4,0.0
2020-08-01,Minnesota,Marshall,10.65,1,0,0.0,28,0,0.0,298.19,0.0,0.3,9390,5.29,31.95,10.65,170.4,10.65
2020-07-31,Minnesota,Marshall,0.0,0,0,0.0,27,0,0.0,287.54,0.0,0.29,9390,5.29,21.3,0.0,159.75,0.0
2020-07-30,Minnesota,Marshall,10.65,1,0,0.0,27,0,0.0,287.54,0.0,0.29,9390,5.29,21.3,-10.65,159.75,10.65
2020-07-29,Minnesota,Marshall,0.0,0,0,0.0,26,0,0.0,276.89,0.0,0.28,9390,5.29,31.95,0.0,149.1,0.0
2020-07-28,Minnesota,Marshall,10.65,1,0,0.0,26,0,0.0,276.89,0.0,0.28,9390,5.29,31.95,0.0,149.1,10.65
2020-07-27,Minnesota,Marshall,0.0,0,0,0.0,25,0,0.0,266.24,0.0,0.27,9390,5.29,31.95,-10.65,138.45,0.0
2020-07-26,Minnesota,Marshall,0.0,0,0,0.0,25,0,0.0,266.24,0.0,0.27,9390,5.29,42.6,-10.65,138.45,0.0
2020-07-25,Minnesota,Marshall,0.0,0,0,0.0,25,0,0.0,266.24,0.0,0.27,9390,5.29,53.25,0.0,138.45,0.0
2020-07-24,Minnesota,Marshall,0.0,0,0,0.0,25,0,0.0,266.24,0.0,0.27,9390,5.29,53.25,-31.95,138.45,0.0
2020-07-23,Minnesota,Marshall,21.3,2,0,0.0,25,0,0.0,266.24,0.0,0.27,9390,5.29,85.2,21.3,138.45,21.3
2020-07-22,Minnesota,Marshall,0.0,0,0,0.0,23,0,0.0,244.94,0.0,0.24,9390,5.29,63.9,-10.65,117.15,0.0
2020-07-21,Minnesota,Marshall,10.65,1,0,0.0,23,0,0.0,244.94,0.0,0.24,9390,5.29,74.55,10.65,117.15,10.65
2020-07-20,Minnesota,Marshall,10.65,1,0,0.0,22,0,0.0,234.29,0.0,0.23,9390,5.29,63.9,10.65,106.5,10.65
2020-07-19,Minnesota,Marshall,10.65,1,0,0.0,21,0,0.0,223.64,0.0,0.22,9390,5.29,53.25,-21.3,95.85,10.65
2020-07-18,Minnesota,Marshall,0.0,0,0,0.0,20,0,0.0,212.99,0.0,0.21,9390,5.29,74.55,-10.65,85.2,0.0
2020-07-17,Minnesota,Marshall,31.95,3,0,0.0,20,0,0.0,212.99,0.0,0.21,9390,5.29,85.2,31.95,85.2,31.95
2020-07-16,Minnesota,Marshall,0.0,0,0,0.0,17,0,0.0,181.04,0.0,0.18,9390,5.29,53.25,0.0,53.25,0.0
2020-07-15,Minnesota,Marshall,10.65,1,0,0.0,17,0,0.0,181.04,0.0,0.18,9390,5.29,53.25,10.65,53.25,10.65
2020-07-14,Minnesota,Marshall,0.0,0,0,0.0,16,0,0.0,170.39,0.0,0.17,9390,5.29,42.6,0.0,42.6,0.0
2020-07-13,Minnesota,Marshall,0.0,0,0,0.0,16,0,0.0,170.39,0.0,0.17,9390,5.29,42.6,0.0,42.6,0.0
2020-07-12,Minnesota,Marshall,31.95,3,0,0.0,16,0,0.0,170.39,0.0,0.17,9390,5.29,42.6,31.95,42.6,31.95
2020-07-11,Minnesota,Marshall,10.65,1,0,0.0,13,0,0.0,138.45,0.0,0.14,9390,5.29,10.65,10.65,10.65,10.65
2020-07-10,Minnesota,Marshall,0.0,0,0,0.0,12,0,0.0,127.8,0.0,0.13,9390,5.29,0.0,0.0,0.0,0.0
2020-07-09,Minnesota,Marshall,0.0,0,0,0.0,12,0,0.0,127.8,0.0,0.13,9390,5.29,0.0,0.0,0.0,0.0
2020-07-08,Minnesota,Marshall,0.0,0,0,0.0,12,0,0.0,127.8,0.0,0.13,9390,5.29,0.0,0.0,0.0,0.0
2020-07-07,Minnesota,Marshall,0.0,0,0,0.0,12,0,0.0,127.8,0.0,0.13,9390,5.29,0.0,0.0,0.0,0.0
2020-07-06,Minnesota,Marshall,0.0,0,0,0.0,12,0,0.0,127.8,0.0,0.13,9390,5.29,0.0,0.0,0.0,0.0
2020-07-05,Minnesota,Marshall,0.0,0,0,0.0,12,0,0.0,127.8,0.0,0.13,9390,5.29,0.0,0.0,0.0,0.0
2020-07-04,Minnesota,Marshall,0.0,0,0,0.0,12,0,0.0,127.8,0.0,0.13,9390,5.29,0.0,0.0,0.0,0.0
2020-07-03,Minnesota,Marshall,0.0,0,0,0.0,12,0,0.0,127.8,0.0,0.13,9390,5.29,0.0,0.0,0.0,0.0
2020-07-02,Minnesota,Marshall,0.0,0,0,0.0,12,0,0.0,127.8,0.0,0.13,9390,5.29,0.0,0.0,0.0,0.0
2020-07-01,Minnesota,Marshall,0.0,0,0,0.0,12,0,0.0,127.8,0.0,0.13,9390,5.29,0.0,0.0,0.0,0.0
2020-06-30,Minnesota,Marshall,0.0,0,0,0.0,12,0,0.0,127.8,0.0,0.13,9390,5.29,0.0,0.0,0.0,0.0
2020-06-29,Minnesota,Marshall,0.0,0,0,0.0,12,0,0.0,127.8,0.0,0.13,9390,5.29,0.0,0.0,0.0,0.0
2020-06-28,Minnesota,Marshall,0.0,0,0,0.0,12,0,0.0,127.8,0.0,0.13,9390,5.29,0.0,0.0,0.0,-21.3
2020-06-27,Minnesota,Marshall,0.0,0,0,0.0,12,0,0.0,127.8,0.0,0.13,9390,5.29,0.0,0.0,21.3,0.0
2020-06-26,Minnesota,Marshall,0.0,0,0,0.0,12,0,0.0,127.8,0.0,0.13,9390,5.29,0.0,0.0,21.3,-10.65
2020-06-25,Minnesota,Marshall,0.0,0,0,0.0,12,0,0.0,127.8,0.0,0.13,9390,5.29,0.0,0.0,31.95,0.0
2020-06-24,Minnesota,Marshall,0.0,0,0,0.0,12,0,0.0,127.8,0.0,0.13,9390,5.29,0.0,0.0,31.95,0.0
2020-06-23,Minnesota,Marshall,0.0,0,0,0.0,12,0,0.0,127.8,0.0,0.13,9390,5.29,0.0,0.0,31.95,0.0
2020-06-22,Minnesota,Marshall,0.0,0,0,0.0,12,0,0.0,127.8,0.0,0.13,9390,5.29,0.0,0.0,31.95,-10.65
2020-06-21,Minnesota,Marshall,0.0,0,0,0.0,12,0,0.0,127.8,0.0,0.13,9390,5.29,0.0,0.0,42.6,0.0
2020-06-20,Minnesota,Marshall,0.0,0,0,0.0,12,0,0.0,127.8,0.0,0.13,9390,5.29,0.0,0.0,42.6,0.0
2020-06-19,Minnesota,Marshall,0.0,0,0,0.0,12,0,0.0,127.8,0.0,0.13,9390,5.29,0.0,0.0,42.6,0.0
2020-06-18,Minnesota,Marshall,0.0,0,0,0.0,12,0,0.0,127.8,0.0,0.13,9390,5.29,0.0,0.0,42.6,0.0
2020-06-17,Minnesota,Marshall,0.0,0,0,0.0,12,0,0.0,127.8,0.0,0.13,9390,5.29,0.0,0.0,42.6,0.0
2020-06-16,Minnesota,Marshall,0.0,0,0,0.0,12,0,0.0,127.8,0.0,0.13,9390,5.29,0.0,0.0,42.6,0.0
2020-06-15,Minnesota,Marshall,0.0,0,0,0.0,12,0,0.0,127.8,0.0,0.13,9390,5.29,0.0,0.0,42.6,0.0
2020-06-14,Minnesota,Marshall,0.0,0,0,0.0,12,0,0.0,127.8,0.0,0.13,9390,5.29,0.0,0.0,42.6,0.0
2020-06-13,Minnesota,Marshall,0.0,0,0,0.0,12,0,0.0,127.8,0.0,0.13,9390,5.29,0.0,0.0,42.6,0.0
2020-06-12,Minnesota,Marshall,0.0,0,0,0.0,12,0,0.0,127.8,0.0,0.13,9390,5.29,0.0,0.0,42.6,0.0
2020-06-11,Minnesota,Marshall,0.0,0,0,0.0,12,0,0.0,127.8,0.0,0.13,9390,5.29,0.0,0.0,42.6,0.0
2020-06-10,Minnesota,Marshall,0.0,0,0,0.0,12,0,0.0,127.8,0.0,0.13,9390,5.29,0.0,0.0,42.6,0.0
2020-06-09,Minnesota,Marshall,0.0,0,0,0.0,12,0,0.0,127.8,0.0,0.13,9390,5.29,0.0,0.0,42.6,0.0
2020-06-08,Minnesota,Marshall,0.0,0,0,0.0,12,0,0.0,127.8,0.0,0.13,9390,5.29,0.0,0.0,42.6,0.0
2020-06-07,Minnesota,Marshall,0.0,0,0,0.0,12,0,0.0,127.8,0.0,0.13,9390,5.29,0.0,-21.3,42.6,0.0
2020-06-06,Minnesota,Marshall,0.0,0,0,0.0,12,0,0.0,127.8,0.0,0.13,9390,5.29,21.3,0.0,42.6,0.0
2020-06-05,Minnesota,Marshall,0.0,0,0,0.0,12,0,0.0,127.8,0.0,0.13,9390,5.29,21.3,-10.65,42.6,0.0
2020-06-04,Minnesota,Marshall,0.0,0,0,0.0,12,0,0.0,127.8,0.0,0.13,9390,5.29,31.95,0.0,42.6,-10.65
2020-06-03,Minnesota,Marshall,0.0,0,0,0.0,12,0,0.0,127.8,0.0,0.13,9390,5.29,31.95,0.0,53.25,0.0
2020-06-02,Minnesota,Marshall,0.0,0,0,0.0,12,0,0.0,127.8,0.0,0.13,9390,5.29,31.95,0.0,53.25,0.0
2020-06-01,Minnesota,Marshall,0.0,0,0,0.0,12,0,0.0,127.8,0.0,0.13,9390,5.29,31.95,-10.65,53.25,-21.3
2020-05-31,Minnesota,Marshall,21.3,2,0,0.0,12,0,0.0,127.8,0.0,0.13,9390,5.29,42.6,21.3,74.55,0.0
2020-05-30,Minnesota,Marshall,0.0,0,0,0.0,10,0,0.0,106.5,0.0,0.11,9390,5.29,21.3,0.0,74.55,-10.65
2020-05-29,Minnesota,Marshall,10.65,1,0,0.0,10,0,0.0,106.5,0.0,0.11,9390,5.29,21.3,10.65,85.2,0.0
2020-05-28,Minnesota,Marshall,0.0,0,0,0.0,9,0,0.0,95.85,0.0,0.1,9390,5.29,10.65,0.0,85.2,0.0
2020-05-27,Minnesota,Marshall,0.0,0,0,0.0,9,0,0.0,95.85,0.0,0.1,9390,5.29,10.65,0.0,85.2,0.0
2020-05-26,Minnesota,Marshall,0.0,0,0,0.0,9,0,0.0,95.85,0.0,0.1,9390,5.29,10.65,0.0,85.2,0.0
2020-05-25,Minnesota,Marshall,10.65,1,0,0.0,9,0,0.0,95.85,0.0,0.1,9390,5.29,10.65,10.65,85.2,10.65
2020-05-24,Minnesota,Marshall,0.0,0,0,0.0,8,0,0.0,85.2,0.0,0.09,9390,5.29,0.0,0.0,74.55,0.0
2020-05-23,Minnesota,Marshall,0.0,0,0,0.0,8,0,0.0,85.2,0.0,0.09,9390,5.29,0.0,0.0,74.55,0.0
2020-05-22,Minnesota,Marshall,0.0,0,0,0.0,8,0,0.0,85.2,0.0,0.09,9390,5.29,0.0,0.0,74.55,0.0
2020-05-21,Minnesota,Marshall,0.0,0,0,0.0,8,0,0.0,85.2,0.0,0.09,9390,5.29,0.0,0.0,74.55,0.0
2020-05-20,Minnesota,Marshall,0.0,0,0,0.0,8,0,0.0,85.2,0.0,0.09,9390,5.29,0.0,0.0,74.55,0.0
2020-05-19,Minnesota,Marshall,0.0,0,0,0.0,8,0,0.0,85.2,0.0,0.09,9390,5.29,0.0,0.0,74.55,0.0
2020-05-18,Minnesota,Marshall,0.0,0,0,0.0,8,0,0.0,85.2,0.0,0.09,9390,5.29,0.0,0.0,74.55,0.0
2020-05-17,Minnesota,Marshall,0.0,0,0,0.0,8,0,0.0,85.2,0.0,0.09,9390,5.29,0.0,0.0,74.55,0.0
2020-05-16,Minnesota,Marshall,0.0,0,0,0.0,8,0,0.0,85.2,0.0,0.09,9390,5.29,0.0,0.0,74.55,0.0
2020-05-15,Minnesota,Marshall,0.0,0,0,0.0,8,0,0.0,85.2,0.0,0.09,9390,5.29,0.0,0.0,74.55,0.0
2020-05-14,Minnesota,Marshall,0.0,0,0,0.0,8,0,0.0,85.2,0.0,0.09,9390,5.29,0.0,-10.65,74.55,0.0
2020-05-13,Minnesota,Marshall,0.0,0,0,0.0,8,0,0.0,85.2,0.0,0.09,9390,5.29,10.65,0.0,74.55,0.0
2020-05-12,Minnesota,Marshall,0.0,0,0,0.0,8,0,0.0,85.2,0.0,0.09,9390,5.29,10.65,0.0,74.55,0.0
2020-05-11,Minnesota,Marshall,0.0,0,0,0.0,8,0,0.0,85.2,0.0,0.09,9390,5.29,10.65,-21.3,74.55,0.0
2020-05-10,Minnesota,Marshall,0.0,0,0,0.0,8,0,0.0,85.2,0.0,0.09,9390,5.29,31.95,-21.3,74.55,0.0
2020-05-09,Minnesota,Marshall,0.0,0,0,0.0,8,0,0.0,85.2,0.0,0.09,9390,5.29,53.25,-10.65,74.55,0.0
2020-05-08,Minnesota,Marshall,0.0,0,0,0.0,8,0,0.0,85.2,0.0,0.09,9390,5.29,63.9,-10.65,74.55,0.0
2020-05-07,Minnesota,Marshall,10.65,1,0,0.0,8,0,0.0,85.2,0.0,0.09,9390,5.29,74.55,10.65,74.55,10.65
2020-05-06,Minnesota,Marshall,0.0,0,0,0.0,7,0,0.0,74.55,0.0,0.07,9390,5.29,63.9,0.0,63.9,0.0
2020-05-05,Minnesota,Marshall,0.0,0,0,0.0,7,0,0.0,74.55,0.0,0.07,9390,5.29,63.9,0.0,63.9,0.0
2020-05-04,Minnesota,Marshall,21.3,2,0,0.0,7,0,0.0,74.55,0.0,0.07,9390,5.29,63.9,21.3,63.9,21.3
2020-05-03,Minnesota,Marshall,21.3,2,0,0.0,5,0,0.0,53.25,0.0,0.05,9390,5.29,42.6,21.3,42.6,21.3
2020-05-02,Minnesota,Marshall,10.65,1,0,0.0,3,0,0.0,31.95,0.0,0.03,9390,5.29,21.3,10.65,21.3,10.65
2020-05-01,Minnesota,Marshall,10.65,1,0,0.0,2,0,0.0,21.3,0.0,0.02,9390,5.29,10.65,10.65,10.65,10.65
2020-04-30,Minnesota,Marshall,0.0,0,0,0.0,1,0,0.0,10.65,0.0,0.01,9390,5.29,0.0,0.0,0.0,0.0
2020-04-29,Minnesota,Marshall,0.0,0,0,0.0,1,0,0.0,10.65,0.0,0.01,9390,5.29,0.0,0.0,0.0,0.0
2020-04-28,Minnesota,Marshall,0.0,0,0,0.0,1,0,0.0,10.65,0.0,0.01,9390,5.29,0.0,0.0,0.0,0.0
2020-04-27,Minnesota,Marshall,0.0,0,0,0.0,1,0,0.0,10.65,0.0,0.01,9390,5.29,0.0,0.0,0.0,0.0
2020-04-26,Minnesota,Marshall,0.0,0,0,0.0,1,0,0.0,10.65,0.0,0.01,9390,5.29,0.0,0.0,0.0,0.0
2020-04-25,Minnesota,Marshall,0.0,0,0,0.0,1,0,0.0,10.65,0.0,0.01,9390,5.29,0.0,0.0,0.0,0.0
2020-04-24,Minnesota,Marshall,0.0,0,0,0.0,1,0,0.0,10.65,0.0,0.01,9390,5.29,0.0,0.0,0.0,0.0
2020-04-23,Minnesota,Marshall,0.0,0,0,0.0,1,0,0.0,10.65,0.0,0.01,9390,5.29,0.0,0.0,0.0,0.0
2020-04-22,Minnesota,Marshall,0.0,0,0,0.0,1,0,0.0,10.65,0.0,0.01,9390,5.29,0.0,0.0,0.0,0.0
2020-04-21,Minnesota,Marshall,0.0,0,0,0.0,1,0,0.0,10.65,0.0,0.01,9390,5.29,0.0,0.0,0.0,0.0
2020-04-20,Minnesota,Marshall,0.0,0,0,0.0,1,0,0.0,10.65,0.0,0.01,9390,5.29,0.0,0.0,0.0,0.0
2020-04-19,Minnesota,Marshall,0.0,0,0,0.0,1,0,0.0,10.65,0.0,0.01,9390,5.29,0.0,0.0,0.0,0.0
