date,state,county,new_cases_100k,new_cases,new_deaths,new_deaths_100k,total_cases,total_deaths,cfr%,total_cases_100k,total_deaths_100k,%infected,population,pop_density
2020-07-31,Minnesota,Waseca,26.75,5,0,0.0,128,0,0.0,684.82,0.0,0.68,18691,44.15
2020-07-30,Minnesota,Waseca,21.4,4,0,0.0,123,0,0.0,658.07,0.0,0.66,18691,44.15
2020-07-29,Minnesota,Waseca,10.7,2,0,0.0,119,0,0.0,636.67,0.0,0.64,18691,44.15
2020-07-28,Minnesota,Waseca,10.7,2,0,0.0,117,0,0.0,625.97,0.0,0.63,18691,44.15
2020-07-27,Minnesota,Waseca,10.7,2,0,0.0,115,0,0.0,615.27,0.0,0.62,18691,44.15
2020-07-26,Minnesota,Waseca,10.7,2,0,0.0,113,0,0.0,604.57,0.0,0.6,18691,44.15
2020-07-25,Minnesota,Waseca,21.4,4,0,0.0,111,0,0.0,593.87,0.0,0.59,18691,44.15
2020-07-24,Minnesota,Waseca,42.8,8,0,0.0,107,0,0.0,572.47,0.0,0.57,18691,44.15
2020-07-23,Minnesota,Waseca,5.35,1,0,0.0,99,0,0.0,529.67,0.0,0.53,18691,44.15
2020-07-22,Minnesota,Waseca,16.05,3,0,0.0,98,0,0.0,524.32,0.0,0.52,18691,44.15
2020-07-21,Minnesota,Waseca,16.05,3,0,0.0,95,0,0.0,508.27,0.0,0.51,18691,44.15
2020-07-20,Minnesota,Waseca,16.05,3,0,0.0,92,0,0.0,492.22,0.0,0.49,18691,44.15
2020-07-19,Minnesota,Waseca,10.7,2,0,0.0,89,0,0.0,476.16,0.0,0.48,18691,44.15
2020-07-18,Minnesota,Waseca,5.35,1,0,0.0,87,0,0.0,465.46,0.0,0.47,18691,44.15
2020-07-17,Minnesota,Waseca,16.05,3,0,0.0,86,0,0.0,460.11,0.0,0.46,18691,44.15
2020-07-16,Minnesota,Waseca,5.35,1,0,0.0,83,0,0.0,444.06,0.0,0.44,18691,44.15
2020-07-15,Minnesota,Waseca,10.7,2,0,0.0,82,0,0.0,438.71,0.0,0.44,18691,44.15
2020-07-14,Minnesota,Waseca,0.0,0,0,0.0,80,0,0.0,428.01,0.0,0.43,18691,44.15
2020-07-13,Minnesota,Waseca,10.7,2,0,0.0,80,0,0.0,428.01,0.0,0.43,18691,44.15
2020-07-12,Minnesota,Waseca,5.35,1,0,0.0,78,0,0.0,417.31,0.0,0.42,18691,44.15
2020-07-11,Minnesota,Waseca,10.7,2,0,0.0,77,0,0.0,411.96,0.0,0.41,18691,44.15
2020-07-10,Minnesota,Waseca,10.7,2,0,0.0,75,0,0.0,401.26,0.0,0.4,18691,44.15
2020-07-09,Minnesota,Waseca,10.7,2,0,0.0,73,0,0.0,390.56,0.0,0.39,18691,44.15
2020-07-08,Minnesota,Waseca,0.0,0,0,0.0,71,0,0.0,379.86,0.0,0.38,18691,44.15
2020-07-07,Minnesota,Waseca,16.05,3,0,0.0,71,0,0.0,379.86,0.0,0.38,18691,44.15
2020-07-06,Minnesota,Waseca,0.0,0,0,0.0,68,0,0.0,363.81,0.0,0.36,18691,44.15
2020-07-05,Minnesota,Waseca,21.4,4,0,0.0,68,0,0.0,363.81,0.0,0.36,18691,44.15
2020-07-04,Minnesota,Waseca,0.0,0,0,0.0,64,0,0.0,342.41,0.0,0.34,18691,44.15
2020-07-03,Minnesota,Waseca,10.7,2,0,0.0,64,0,0.0,342.41,0.0,0.34,18691,44.15
2020-07-02,Minnesota,Waseca,21.4,4,0,0.0,62,0,0.0,331.71,0.0,0.33,18691,44.15
2020-07-01,Minnesota,Waseca,5.35,1,0,0.0,58,0,0.0,310.31,0.0,0.31,18691,44.15
2020-06-30,Minnesota,Waseca,0.0,0,0,0.0,57,0,0.0,304.96,0.0,0.3,18691,44.15
2020-06-29,Minnesota,Waseca,10.7,2,0,0.0,57,0,0.0,304.96,0.0,0.3,18691,44.15
2020-06-28,Minnesota,Waseca,16.05,3,0,0.0,55,0,0.0,294.26,0.0,0.29,18691,44.15
2020-06-27,Minnesota,Waseca,5.35,1,0,0.0,52,0,0.0,278.21,0.0,0.28,18691,44.15
2020-06-26,Minnesota,Waseca,26.75,5,0,0.0,51,0,0.0,272.86,0.0,0.27,18691,44.15
2020-06-25,Minnesota,Waseca,5.35,1,0,0.0,46,0,0.0,246.11,0.0,0.25,18691,44.15
2020-06-24,Minnesota,Waseca,5.35,1,0,0.0,45,0,0.0,240.76,0.0,0.24,18691,44.15
2020-06-23,Minnesota,Waseca,16.05,3,0,0.0,44,0,0.0,235.41,0.0,0.24,18691,44.15
2020-06-22,Minnesota,Waseca,5.35,1,0,0.0,41,0,0.0,219.36,0.0,0.22,18691,44.15
2020-06-21,Minnesota,Waseca,16.05,3,0,0.0,40,0,0.0,214.01,0.0,0.21,18691,44.15
2020-06-20,Minnesota,Waseca,5.35,1,0,0.0,37,0,0.0,197.96,0.0,0.2,18691,44.15
2020-06-19,Minnesota,Waseca,5.35,1,0,0.0,36,0,0.0,192.61,0.0,0.19,18691,44.15
2020-06-18,Minnesota,Waseca,5.35,1,0,0.0,35,0,0.0,187.26,0.0,0.19,18691,44.15
2020-06-17,Minnesota,Waseca,0.0,0,0,0.0,34,0,0.0,181.91,0.0,0.18,18691,44.15
2020-06-16,Minnesota,Waseca,5.35,1,0,0.0,34,0,0.0,181.91,0.0,0.18,18691,44.15
2020-06-15,Minnesota,Waseca,0.0,0,0,0.0,33,0,0.0,176.56,0.0,0.18,18691,44.15
2020-06-14,Minnesota,Waseca,0.0,0,0,0.0,33,0,0.0,176.56,0.0,0.18,18691,44.15
2020-06-13,Minnesota,Waseca,0.0,0,0,0.0,33,0,0.0,176.56,0.0,0.18,18691,44.15
2020-06-12,Minnesota,Waseca,5.35,1,0,0.0,33,0,0.0,176.56,0.0,0.18,18691,44.15
2020-06-11,Minnesota,Waseca,0.0,0,0,0.0,32,0,0.0,171.21,0.0,0.17,18691,44.15
2020-06-10,Minnesota,Waseca,0.0,0,0,0.0,32,0,0.0,171.21,0.0,0.17,18691,44.15
2020-06-09,Minnesota,Waseca,10.7,2,0,0.0,32,0,0.0,171.21,0.0,0.17,18691,44.15
2020-06-08,Minnesota,Waseca,0.0,0,0,0.0,30,0,0.0,160.51,0.0,0.16,18691,44.15
2020-06-07,Minnesota,Waseca,-5.35,-1,0,0.0,30,0,0.0,160.51,0.0,0.16,18691,44.15
2020-06-06,Minnesota,Waseca,10.7,2,0,0.0,31,0,0.0,165.86,0.0,0.17,18691,44.15
2020-06-05,Minnesota,Waseca,10.7,2,0,0.0,29,0,0.0,155.15,0.0,0.16,18691,44.15
2020-06-04,Minnesota,Waseca,0.0,0,0,0.0,27,0,0.0,144.45,0.0,0.14,18691,44.15
2020-06-03,Minnesota,Waseca,5.35,1,0,0.0,27,0,0.0,144.45,0.0,0.14,18691,44.15
2020-06-02,Minnesota,Waseca,0.0,0,0,0.0,26,0,0.0,139.1,0.0,0.14,18691,44.15
2020-06-01,Minnesota,Waseca,0.0,0,0,0.0,26,0,0.0,139.1,0.0,0.14,18691,44.15
2020-05-31,Minnesota,Waseca,0.0,0,0,0.0,26,0,0.0,139.1,0.0,0.14,18691,44.15
2020-05-30,Minnesota,Waseca,0.0,0,0,0.0,26,0,0.0,139.1,0.0,0.14,18691,44.15
2020-05-29,Minnesota,Waseca,5.35,1,0,0.0,26,0,0.0,139.1,0.0,0.14,18691,44.15
2020-05-28,Minnesota,Waseca,5.35,1,0,0.0,25,0,0.0,133.75,0.0,0.13,18691,44.15
2020-05-27,Minnesota,Waseca,0.0,0,0,0.0,24,0,0.0,128.4,0.0,0.13,18691,44.15
2020-05-26,Minnesota,Waseca,-5.35,-1,0,0.0,24,0,0.0,128.4,0.0,0.13,18691,44.15
2020-05-25,Minnesota,Waseca,5.35,1,0,0.0,25,0,0.0,133.75,0.0,0.13,18691,44.15
2020-05-24,Minnesota,Waseca,0.0,0,0,0.0,24,0,0.0,128.4,0.0,0.13,18691,44.15
2020-05-23,Minnesota,Waseca,5.35,1,0,0.0,24,0,0.0,128.4,0.0,0.13,18691,44.15
2020-05-22,Minnesota,Waseca,5.35,1,0,0.0,23,0,0.0,123.05,0.0,0.12,18691,44.15
2020-05-21,Minnesota,Waseca,0.0,0,0,0.0,22,0,0.0,117.7,0.0,0.12,18691,44.15
2020-05-20,Minnesota,Waseca,5.35,1,0,0.0,22,0,0.0,117.7,0.0,0.12,18691,44.15
2020-05-19,Minnesota,Waseca,5.35,1,0,0.0,21,0,0.0,112.35,0.0,0.11,18691,44.15
2020-05-18,Minnesota,Waseca,0.0,0,0,0.0,20,0,0.0,107.0,0.0,0.11,18691,44.15
2020-05-17,Minnesota,Waseca,0.0,0,0,0.0,20,0,0.0,107.0,0.0,0.11,18691,44.15
2020-05-16,Minnesota,Waseca,5.35,1,0,0.0,20,0,0.0,107.0,0.0,0.11,18691,44.15
2020-05-15,Minnesota,Waseca,5.35,1,0,0.0,19,0,0.0,101.65,0.0,0.1,18691,44.15
2020-05-14,Minnesota,Waseca,10.7,2,0,0.0,18,0,0.0,96.3,0.0,0.1,18691,44.15
2020-05-13,Minnesota,Waseca,0.0,0,0,0.0,16,0,0.0,85.6,0.0,0.09,18691,44.15
2020-05-12,Minnesota,Waseca,0.0,0,0,0.0,16,0,0.0,85.6,0.0,0.09,18691,44.15
2020-05-11,Minnesota,Waseca,0.0,0,0,0.0,16,0,0.0,85.6,0.0,0.09,18691,44.15
2020-05-10,Minnesota,Waseca,0.0,0,0,0.0,16,0,0.0,85.6,0.0,0.09,18691,44.15
2020-05-09,Minnesota,Waseca,16.05,3,0,0.0,16,0,0.0,85.6,0.0,0.09,18691,44.15
2020-05-08,Minnesota,Waseca,5.35,1,0,0.0,13,0,0.0,69.55,0.0,0.07,18691,44.15
2020-05-07,Minnesota,Waseca,26.75,5,0,0.0,12,0,0.0,64.2,0.0,0.06,18691,44.15
2020-05-06,Minnesota,Waseca,5.35,1,0,0.0,7,0,0.0,37.45,0.0,0.04,18691,44.15
2020-05-05,Minnesota,Waseca,0.0,0,0,0.0,6,0,0.0,32.1,0.0,0.03,18691,44.15
2020-05-04,Minnesota,Waseca,0.0,0,0,0.0,6,0,0.0,32.1,0.0,0.03,18691,44.15
2020-05-03,Minnesota,Waseca,5.35,1,0,0.0,6,0,0.0,32.1,0.0,0.03,18691,44.15
2020-05-02,Minnesota,Waseca,5.35,1,0,0.0,5,0,0.0,26.75,0.0,0.03,18691,44.15
2020-05-01,Minnesota,Waseca,0.0,0,0,0.0,4,0,0.0,21.4,0.0,0.02,18691,44.15
2020-04-30,Minnesota,Waseca,0.0,0,0,0.0,4,0,0.0,21.4,0.0,0.02,18691,44.15
2020-04-29,Minnesota,Waseca,0.0,0,0,0.0,4,0,0.0,21.4,0.0,0.02,18691,44.15
2020-04-28,Minnesota,Waseca,5.35,1,0,0.0,4,0,0.0,21.4,0.0,0.02,18691,44.15
2020-04-27,Minnesota,Waseca,0.0,0,0,0.0,3,0,0.0,16.05,0.0,0.02,18691,44.15
2020-04-26,Minnesota,Waseca,0.0,0,0,0.0,3,0,0.0,16.05,0.0,0.02,18691,44.15
2020-04-25,Minnesota,Waseca,0.0,0,0,0.0,3,0,0.0,16.05,0.0,0.02,18691,44.15
2020-04-24,Minnesota,Waseca,0.0,0,0,0.0,3,0,0.0,16.05,0.0,0.02,18691,44.15
2020-04-23,Minnesota,Waseca,0.0,0,0,0.0,3,0,0.0,16.05,0.0,0.02,18691,44.15
2020-04-22,Minnesota,Waseca,0.0,0,0,0.0,3,0,0.0,16.05,0.0,0.02,18691,44.15
2020-04-21,Minnesota,Waseca,0.0,0,0,0.0,3,0,0.0,16.05,0.0,0.02,18691,44.15
2020-04-20,Minnesota,Waseca,0.0,0,0,0.0,3,0,0.0,16.05,0.0,0.02,18691,44.15
2020-04-19,Minnesota,Waseca,0.0,0,0,0.0,3,0,0.0,16.05,0.0,0.02,18691,44.15
2020-04-18,Minnesota,Waseca,0.0,0,0,0.0,3,0,0.0,16.05,0.0,0.02,18691,44.15
2020-04-17,Minnesota,Waseca,0.0,0,0,0.0,3,0,0.0,16.05,0.0,0.02,18691,44.15
2020-04-16,Minnesota,Waseca,0.0,0,0,0.0,3,0,0.0,16.05,0.0,0.02,18691,44.15
2020-04-15,Minnesota,Waseca,0.0,0,0,0.0,3,0,0.0,16.05,0.0,0.02,18691,44.15
2020-04-14,Minnesota,Waseca,0.0,0,0,0.0,3,0,0.0,16.05,0.0,0.02,18691,44.15
2020-04-13,Minnesota,Waseca,0.0,0,0,0.0,3,0,0.0,16.05,0.0,0.02,18691,44.15
2020-04-12,Minnesota,Waseca,0.0,0,0,0.0,3,0,0.0,16.05,0.0,0.02,18691,44.15
2020-04-11,Minnesota,Waseca,0.0,0,0,0.0,3,0,0.0,16.05,0.0,0.02,18691,44.15
2020-04-10,Minnesota,Waseca,0.0,0,0,0.0,3,0,0.0,16.05,0.0,0.02,18691,44.15
2020-04-09,Minnesota,Waseca,0.0,0,0,0.0,3,0,0.0,16.05,0.0,0.02,18691,44.15
2020-04-08,Minnesota,Waseca,0.0,0,0,0.0,3,0,0.0,16.05,0.0,0.02,18691,44.15
2020-04-07,Minnesota,Waseca,0.0,0,0,0.0,3,0,0.0,16.05,0.0,0.02,18691,44.15
2020-04-06,Minnesota,Waseca,0.0,0,0,0.0,3,0,0.0,16.05,0.0,0.02,18691,44.15
2020-04-05,Minnesota,Waseca,0.0,0,0,0.0,3,0,0.0,16.05,0.0,0.02,18691,44.15
2020-04-04,Minnesota,Waseca,0.0,0,0,0.0,3,0,0.0,16.05,0.0,0.02,18691,44.15
2020-04-03,Minnesota,Waseca,0.0,0,0,0.0,3,0,0.0,16.05,0.0,0.02,18691,44.15
2020-04-02,Minnesota,Waseca,0.0,0,0,0.0,3,0,0.0,16.05,0.0,0.02,18691,44.15
2020-04-01,Minnesota,Waseca,0.0,0,0,0.0,3,0,0.0,16.05,0.0,0.02,18691,44.15
2020-03-31,Minnesota,Waseca,0.0,0,0,0.0,3,0,0.0,16.05,0.0,0.02,18691,44.15
2020-03-30,Minnesota,Waseca,0.0,0,0,0.0,3,0,0.0,16.05,0.0,0.02,18691,44.15
2020-03-29,Minnesota,Waseca,0.0,0,0,0.0,3,0,0.0,16.05,0.0,0.02,18691,44.15
2020-03-28,Minnesota,Waseca,0.0,0,0,0.0,3,0,0.0,16.05,0.0,0.02,18691,44.15
2020-03-27,Minnesota,Waseca,5.35,1,0,0.0,3,0,0.0,16.05,0.0,0.02,18691,44.15
2020-03-26,Minnesota,Waseca,0.0,0,0,0.0,2,0,0.0,10.7,0.0,0.01,18691,44.15
2020-03-25,Minnesota,Waseca,0.0,0,0,0.0,2,0,0.0,10.7,0.0,0.01,18691,44.15
2020-03-24,Minnesota,Waseca,0.0,0,0,0.0,2,0,0.0,10.7,0.0,0.01,18691,44.15
2020-03-23,Minnesota,Waseca,0.0,0,0,0.0,2,0,0.0,10.7,0.0,0.01,18691,44.15
2020-03-22,Minnesota,Waseca,0.0,0,0,0.0,2,0,0.0,10.7,0.0,0.01,18691,44.15
2020-03-21,Minnesota,Waseca,0.0,0,0,0.0,2,0,0.0,10.7,0.0,0.01,18691,44.15
2020-03-20,Minnesota,Waseca,0.0,0,0,0.0,2,0,0.0,10.7,0.0,0.01,18691,44.15
2020-03-19,Minnesota,Waseca,5.35,1,0,0.0,2,0,0.0,10.7,0.0,0.01,18691,44.15
2020-03-18,Minnesota,Waseca,0.0,0,0,0.0,1,0,0.0,5.35,0.0,0.01,18691,44.15
2020-03-17,Minnesota,Waseca,0.0,0,0,0.0,1,0,0.0,5.35,0.0,0.01,18691,44.15
2020-03-16,Minnesota,Waseca,0.0,0,0,0.0,1,0,0.0,5.35,0.0,0.01,18691,44.15
2020-03-15,Minnesota,Waseca,0.0,0,0,0.0,1,0,0.0,5.35,0.0,0.01,18691,44.15
