date,state,county,1day_cases_100k,new_cases,new_deaths,new_deaths_100k,total_cases,total_deaths,cfr%,total_cases_100k,total_deaths_100k,%infected,population,pop_density,7day_cases_100k,7day_cases_change,28day_cases_100k,28day_cases_change
2022-05-13,Minnesota,Wright,29.34,40,0,0.0,37182,305.0,0.82,27269.73,223.69,27.27,136349,206.24,178.96,5.14,442.27,24.21
2022-05-12,Minnesota,Wright,38.14,52,0,0.0,37142,305.0,0.82,27240.39,223.69,27.24,136349,206.24,173.82,19.8,418.06,22.74
2022-05-11,Minnesota,Wright,22.0,30,0,0.0,37090,305.0,0.82,27202.25,223.69,27.2,136349,206.24,154.02,-13.2,395.32,8.8
2022-05-10,Minnesota,Wright,64.54,88,0,0.0,37060,305.0,0.82,27180.25,223.69,27.18,136349,206.24,167.22,39.6,386.52,52.81
2022-05-09,Minnesota,Wright,24.94,34,0,0.0,36972,305.0,0.82,27115.71,223.69,27.12,136349,206.24,127.62,9.54,333.71,19.07
2022-05-08,Minnesota,Wright,0.0,0,0,0.0,36938,305.0,0.83,27090.77,223.69,27.09,136349,206.24,118.08,0.0,314.64,0.0
2022-05-07,Minnesota,Wright,0.0,0,0,0.0,36938,305.0,0.83,27090.77,223.69,27.09,136349,206.24,118.08,0.0,314.64,0.0
2022-05-06,Minnesota,Wright,24.2,33,0,0.0,36938,305.0,0.83,27090.77,223.69,27.09,136349,206.24,118.08,5.86,314.64,18.33
2022-05-05,Minnesota,Wright,18.34,25,0,0.0,36905,305.0,0.83,27066.57,223.69,27.07,136349,206.24,112.22,0.74,296.31,13.21
2022-05-04,Minnesota,Wright,35.2,48,0,0.0,36880,305.0,0.83,27048.24,223.69,27.05,136349,206.24,111.48,20.53,283.1,28.6
2022-05-03,Minnesota,Wright,24.94,34,0,0.0,36832,305.0,0.83,27013.03,223.69,27.01,136349,206.24,90.95,5.87,254.5,13.21
2022-05-02,Minnesota,Wright,15.4,21,0,0.0,36798,305.0,0.83,26988.1,223.69,26.99,136349,206.24,85.08,5.13,241.29,11.0
2022-05-01,Minnesota,Wright,0.0,0,0,0.0,36777,305.0,0.83,26972.7,223.69,26.97,136349,206.24,79.95,0.0,230.29,0.0
2022-04-30,Minnesota,Wright,0.0,0,0,0.0,36777,305.0,0.83,26972.7,223.69,26.97,136349,206.24,79.95,0.0,230.29,0.0
2022-04-29,Minnesota,Wright,18.34,25,0,0.0,36777,305.0,0.83,26972.7,223.69,26.97,136349,206.24,79.95,2.2,230.29,11.01
2022-04-28,Minnesota,Wright,17.6,24,0,0.0,36752,305.0,0.83,26954.36,223.69,26.95,136349,206.24,77.75,2.2,219.28,11.73
2022-04-27,Minnesota,Wright,14.67,20,0,0.0,36728,305.0,0.83,26936.76,223.69,26.94,136349,206.24,75.55,6.6,207.55,8.8
2022-04-26,Minnesota,Wright,19.07,26,0,0.0,36708,305.0,0.83,26922.09,223.69,26.92,136349,206.24,68.95,-3.67,198.75,13.94
2022-04-25,Minnesota,Wright,10.27,14,0,0.0,36682,305.0,0.83,26903.02,223.69,26.9,136349,206.24,72.62,7.34,184.81,5.14
2022-04-24,Minnesota,Wright,0.0,0,0,0.0,36668,305.0,0.83,26892.75,223.69,26.89,136349,206.24,65.28,0.0,179.67,0.0
2022-04-23,Minnesota,Wright,0.0,0,0,0.0,36668,305.0,0.83,26892.75,223.69,26.89,136349,206.24,65.28,0.0,179.67,0.0
2022-04-22,Minnesota,Wright,16.14,22,0,0.0,36668,305.0,0.83,26892.75,223.69,26.89,136349,206.24,65.28,11.01,179.67,11.74
2022-04-21,Minnesota,Wright,15.4,21,0,0.0,36646,305.0,0.83,26876.62,223.69,26.88,136349,206.24,54.27,0.0,167.93,13.93
2022-04-20,Minnesota,Wright,8.07,11,0,0.0,36625,305.0,0.83,26861.22,223.69,26.86,136349,206.24,54.27,-5.13,154.0,5.87
2022-04-19,Minnesota,Wright,22.74,31,0,0.0,36614,305.0,0.83,26853.15,223.69,26.85,136349,206.24,59.4,11.01,148.13,10.27
2022-04-18,Minnesota,Wright,2.93,4,0,0.0,36583,305.0,0.83,26830.41,223.69,26.83,136349,206.24,48.39,-2.94,137.86,1.46
2022-04-17,Minnesota,Wright,0.0,0,0,0.0,36579,305.0,0.83,26827.48,223.69,26.83,136349,206.24,51.33,0.0,136.4,0.0
2022-04-16,Minnesota,Wright,0.0,0,0,0.0,36579,305.0,0.83,26827.48,223.69,26.83,136349,206.24,51.33,0.0,136.4,0.0
2022-04-15,Minnesota,Wright,5.13,7,0,0.0,36579,305.0,0.83,26827.48,223.69,26.83,136349,206.24,51.33,-0.74,136.4,-4.4
2022-04-14,Minnesota,Wright,15.4,21,0,0.0,36572,305.0,0.83,26822.35,223.69,26.82,136349,206.24,52.07,10.27,140.8,10.27
2022-04-13,Minnesota,Wright,13.2,18,1,0.73,36551,305.0,0.83,26806.94,223.69,26.81,136349,206.24,41.8,6.6,130.53,1.47
2022-04-12,Minnesota,Wright,11.73,16,0,0.0,36533,304.0,0.83,26793.74,222.96,26.79,136349,206.24,35.2,0.0,129.06,2.2
2022-04-11,Minnesota,Wright,5.87,8,0,0.0,36517,304.0,0.83,26782.01,222.96,26.78,136349,206.24,35.2,1.47,126.86,5.14
2022-04-10,Minnesota,Wright,0.0,0,0,0.0,36509,304.0,0.83,26776.14,222.96,26.78,136349,206.24,33.73,0.0,121.72,0.0
2022-04-09,Minnesota,Wright,0.0,0,0,0.0,36509,304.0,0.83,26776.14,222.96,26.78,136349,206.24,33.73,0.0,121.72,0.0
2022-04-08,Minnesota,Wright,5.87,8,0,0.0,36509,304.0,0.83,26776.14,222.96,26.78,136349,206.24,33.73,-1.46,121.72,-74.07
2022-04-07,Minnesota,Wright,5.13,7,0,0.0,36501,304.0,0.83,26770.27,222.96,26.77,136349,206.24,35.19,-0.74,195.79,-2.2
2022-04-06,Minnesota,Wright,6.6,9,0,0.0,36494,304.0,0.83,26765.14,222.96,26.77,136349,206.24,35.93,0.73,197.99,-0.73
2022-04-05,Minnesota,Wright,11.73,16,0,0.0,36485,304.0,0.83,26758.54,222.96,26.76,136349,206.24,35.2,6.6,198.72,-5.87
2022-04-04,Minnesota,Wright,4.4,6,0,0.0,36469,304.0,0.83,26746.8,222.96,26.75,136349,206.24,28.6,-0.73,204.59,-4.4
2022-04-03,Minnesota,Wright,0.0,0,0,0.0,36463,304.0,0.83,26742.4,222.96,26.74,136349,206.24,29.33,0.0,208.99,0.0
2022-04-02,Minnesota,Wright,0.0,0,0,0.0,36463,304.0,0.83,26742.4,222.96,26.74,136349,206.24,29.33,0.0,208.99,0.0
2022-04-01,Minnesota,Wright,7.33,10,0,0.0,36463,304.0,0.83,26742.4,222.96,26.74,136349,206.24,29.33,2.93,208.99,0.73
2022-03-31,Minnesota,Wright,5.87,8,0,0.0,36453,304.0,0.83,26735.07,222.96,26.74,136349,206.24,26.4,4.4,208.26,-11.73
2022-03-30,Minnesota,Wright,5.87,8,0,0.0,36445,304.0,0.83,26729.2,222.96,26.73,136349,206.24,22.0,3.67,219.99,-2.93
2022-03-29,Minnesota,Wright,5.13,7,0,0.0,36437,304.0,0.83,26723.33,222.96,26.72,136349,206.24,18.33,-7.34,222.92,-34.47
2022-03-28,Minnesota,Wright,5.13,7,0,0.0,36430,304.0,0.83,26718.2,222.96,26.72,136349,206.24,25.67,3.66,257.39,-3.67
2022-03-27,Minnesota,Wright,0.0,0,0,0.0,36423,304.0,0.83,26713.07,222.96,26.71,136349,206.24,22.01,0.0,261.06,0.0
2022-03-26,Minnesota,Wright,0.0,0,0,0.0,36423,304.0,0.83,26713.07,222.96,26.71,136349,206.24,22.01,0.0,261.06,0.0
2022-03-25,Minnesota,Wright,4.4,6,0,0.0,36423,304.0,0.83,26713.07,222.96,26.71,136349,206.24,22.01,-5.13,261.06,-4.4
2022-03-24,Minnesota,Wright,1.47,2,0,0.0,36417,304.0,0.83,26708.67,222.96,26.71,136349,206.24,27.14,-3.66,265.46,-11.0
2022-03-23,Minnesota,Wright,2.2,3,0,0.0,36415,304.0,0.83,26707.2,222.96,26.71,136349,206.24,30.8,-9.53,276.46,-45.47
2022-03-22,Minnesota,Wright,12.47,17,0,0.0,36412,304.0,0.83,26705.0,222.96,26.7,136349,206.24,40.33,2.94,321.93,-17.6
2022-03-21,Minnesota,Wright,1.47,2,0,0.0,36395,304.0,0.84,26692.53,222.96,26.69,136349,206.24,37.39,0.74,339.53,1.47
2022-03-20,Minnesota,Wright,0.0,0,0,0.0,36393,304.0,0.84,26691.06,222.96,26.69,136349,206.24,36.65,0.0,338.06,0.0
2022-03-19,Minnesota,Wright,0.0,0,0,0.0,36393,304.0,0.84,26691.06,222.96,26.69,136349,206.24,36.65,0.0,338.06,0.0
2022-03-18,Minnesota,Wright,9.53,13,1,0.73,36393,304.0,0.84,26691.06,222.96,26.69,136349,206.24,36.65,-70.41,338.06,-74.81
2022-03-17,Minnesota,Wright,5.13,7,0,0.0,36380,303.0,0.83,26681.53,222.22,26.68,136349,206.24,107.06,-2.2,412.87,-21.27
2022-03-16,Minnesota,Wright,11.73,16,0,0.0,36373,303.0,0.83,26676.4,222.22,26.68,136349,206.24,109.26,4.4,434.14,-8.81
2022-03-15,Minnesota,Wright,9.53,13,0,0.0,36357,303.0,0.83,26664.66,222.22,26.66,136349,206.24,104.86,-8.07,442.95,-78.48
2022-03-14,Minnesota,Wright,0.73,1,0,0.0,36344,303.0,0.83,26655.13,222.22,26.66,136349,206.24,112.93,-8.07,521.43,-63.81
2022-03-13,Minnesota,Wright,0.0,0,0,0.0,36343,303.0,0.83,26654.39,222.22,26.65,136349,206.24,121.0,0.0,585.24,0.0
2022-03-12,Minnesota,Wright,0.0,0,0,0.0,36343,303.0,0.83,26654.39,222.22,26.65,136349,206.24,121.0,0.0,585.24,0.0
2022-03-11,Minnesota,Wright,79.94,109,1,0.73,36343,303.0,0.83,26654.39,222.22,26.65,136349,206.24,121.0,73.34,585.24,33.74
2022-03-10,Minnesota,Wright,7.33,10,1,0.73,36234,302.0,0.83,26574.45,221.49,26.57,136349,206.24,47.66,-10.27,551.5,-54.28
2022-03-09,Minnesota,Wright,7.33,10,1,0.73,36224,301.0,0.83,26567.12,220.76,26.57,136349,206.24,57.93,-1.47,605.78,-77.75
2022-03-08,Minnesota,Wright,17.6,24,0,0.0,36214,300.0,0.83,26559.78,220.02,26.56,136349,206.24,59.4,-22.0,683.53,-118.81
2022-03-07,Minnesota,Wright,8.8,12,0,0.0,36190,300.0,0.83,26542.18,220.02,26.54,136349,206.24,81.4,0.0,802.34,-107.81
2022-03-06,Minnesota,Wright,0.0,0,0,0.0,36178,300.0,0.83,26533.38,220.02,26.53,136349,206.24,81.4,0.0,910.15,0.0
2022-03-05,Minnesota,Wright,0.0,0,0,0.0,36178,300.0,0.83,26533.38,220.02,26.53,136349,206.24,81.4,0.0,910.15,0.0
2022-03-04,Minnesota,Wright,6.6,9,0,0.0,36178,300.0,0.83,26533.38,220.02,26.53,136349,206.24,81.4,-2.2,910.15,-89.48
2022-03-03,Minnesota,Wright,17.6,24,0,0.0,36169,300.0,0.83,26526.78,220.02,26.53,136349,206.24,83.6,5.13,999.63,-46.21
2022-03-02,Minnesota,Wright,8.8,12,1,0.73,36145,300.0,0.83,26509.18,220.02,26.51,136349,206.24,78.47,-38.87,1045.84,-141.55
2022-03-01,Minnesota,Wright,39.6,54,0,0.0,36133,299.0,0.83,26500.38,219.29,26.5,136349,206.24,117.34,9.53,1187.39,-258.17
2022-02-28,Minnesota,Wright,8.8,12,0,0.0,36079,299.0,0.83,26460.77,219.29,26.46,136349,206.24,107.81,8.8,1445.56,-225.89
2022-02-27,Minnesota,Wright,0.0,0,0,0.0,36067,299.0,0.83,26451.97,219.29,26.45,136349,206.24,99.01,0.0,1671.45,0.0
2022-02-26,Minnesota,Wright,0.0,0,0,0.0,36067,299.0,0.83,26451.97,219.29,26.45,136349,206.24,99.01,0.0,1671.45,0.0
2022-02-25,Minnesota,Wright,8.8,12,0,0.0,36067,299.0,0.83,26451.97,219.29,26.45,136349,206.24,99.01,-75.54,1671.45,-191.42
2022-02-24,Minnesota,Wright,12.47,17,1,0.73,36055,299.0,0.83,26443.17,219.29,26.44,136349,206.24,174.55,-13.93,1862.87,-306.56
2022-02-23,Minnesota,Wright,47.67,65,0,0.0,36038,298.0,0.83,26430.7,218.56,26.43,136349,206.24,188.48,27.13,2169.43,-135.68
2022-02-22,Minnesota,Wright,30.07,41,0,0.0,35973,298.0,0.83,26383.03,218.56,26.38,136349,206.24,161.35,-57.94,2305.11,-343.24
2022-02-21,Minnesota,Wright,0.0,0,0,0.0,35932,298.0,0.83,26352.96,218.56,26.35,136349,206.24,219.29,-64.54,2648.35,-185.55
2022-02-20,Minnesota,Wright,0.0,0,0,0.0,35932,298.0,0.83,26352.96,218.56,26.35,136349,206.24,283.83,0.0,2833.9,0.0
2022-02-19,Minnesota,Wright,0.0,0,0,0.0,35932,298.0,0.83,26352.96,218.56,26.35,136349,206.24,283.83,0.0,2833.9,0.0
2022-02-18,Minnesota,Wright,84.34,115,1,0.73,35932,298.0,0.83,26352.96,218.56,26.35,136349,206.24,283.83,38.14,2833.9,-209.02
2022-02-17,Minnesota,Wright,26.4,36,1,0.73,35817,297.0,0.83,26268.62,217.82,26.27,136349,206.24,245.69,-35.21,3042.92,-99.01
2022-02-16,Minnesota,Wright,20.54,28,1,0.73,35781,296.0,0.83,26242.22,217.09,26.24,136349,206.24,280.9,-64.54,3141.93,-420.97
2022-02-15,Minnesota,Wright,88.01,120,0,0.0,35753,295.0,0.83,26221.68,216.36,26.22,136349,206.24,345.44,-48.4,3562.9,-48.4
2022-02-14,Minnesota,Wright,64.54,88,1,0.73,35633,295.0,0.83,26133.67,216.36,26.13,136349,206.24,393.84,-52.07,3611.3,64.54
2022-02-13,Minnesota,Wright,0.0,0,0,0.0,35545,294.0,0.83,26069.13,215.62,26.07,136349,206.24,445.91,0.0,3546.76,0.0
2022-02-12,Minnesota,Wright,0.0,0,0,0.0,35545,294.0,0.83,26069.13,215.62,26.07,136349,206.24,445.91,0.0,3546.76,0.0
2022-02-11,Minnesota,Wright,46.2,63,0,0.0,35545,294.0,0.83,26069.13,215.62,26.07,136349,206.24,445.91,-49.88,3546.76,-84.35
2022-02-10,Minnesota,Wright,61.61,84,0,0.0,35482,294.0,0.83,26022.93,215.62,26.02,136349,206.24,495.79,-2.2,3631.11,-116.61
2022-02-09,Minnesota,Wright,85.08,116,0,0.0,35398,294.0,0.83,25961.32,215.62,25.96,136349,206.24,497.99,-65.27,3747.72,-18.33
2022-02-08,Minnesota,Wright,136.41,186,2,1.47,35282,294.0,0.83,25876.24,215.62,25.88,136349,206.24,563.26,-161.36,3766.05,-228.83
2022-02-07,Minnesota,Wright,116.61,159,0,0.0,35096,292.0,0.83,25739.83,214.16,25.74,136349,206.24,724.62,-118.08,3994.88,-32.27
2022-02-06,Minnesota,Wright,0.0,0,0,0.0,34937,292.0,0.84,25623.22,214.16,25.62,136349,206.24,842.7,0.0,4027.15,0.0
2022-02-05,Minnesota,Wright,0.0,0,0,0.0,34937,292.0,0.84,25623.22,214.16,25.62,136349,206.24,842.7,0.0,4027.15,0.0
2022-02-04,Minnesota,Wright,96.08,131,1,0.73,34937,292.0,0.84,25623.22,214.16,25.62,136349,206.24,842.7,-104.14,4027.15,-14.67
2022-02-03,Minnesota,Wright,63.81,87,3,2.2,34806,291.0,0.84,25527.14,213.42,25.53,136349,206.24,946.84,-255.22,4041.82,-22.73
2022-02-02,Minnesota,Wright,150.35,205,1,0.73,34719,288.0,0.83,25463.33,211.22,25.46,136349,206.24,1202.06,-33.0,4064.55,47.67
2022-02-01,Minnesota,Wright,297.77,406,0,0.0,34514,287.0,0.83,25312.98,210.49,25.31,136349,206.24,1235.06,-75.54,4016.88,135.69
2022-01-31,Minnesota,Wright,234.69,320,2,1.47,34108,287.0,0.84,25015.22,210.49,25.02,136349,206.24,1310.6,49.14,3881.19,151.08
2022-01-30,Minnesota,Wright,0.0,0,0,0.0,33788,285.0,0.84,24780.53,209.02,24.78,136349,206.24,1261.46,0.0,3730.11,0.0
2022-01-29,Minnesota,Wright,0.0,0,0,0.0,33788,285.0,0.84,24780.53,209.02,24.78,136349,206.24,1261.46,0.0,3730.11,0.0
2022-01-28,Minnesota,Wright,200.22,273,1,0.73,33788,285.0,0.84,24780.53,209.02,24.78,136349,206.24,1261.46,-93.14,3730.11,200.22
2022-01-27,Minnesota,Wright,319.03,435,2,1.47,33515,284.0,0.85,24580.3,208.29,24.58,136349,206.24,1354.6,193.62,3529.89,209.75
2022-01-26,Minnesota,Wright,183.35,250,2,1.47,33080,282.0,0.85,24261.27,206.82,24.26,136349,206.24,1160.98,-258.16,3320.14,122.48
2022-01-25,Minnesota,Wright,373.31,509,2,1.47,32830,280.0,0.85,24077.92,205.36,24.08,136349,206.24,1419.14,236.9,3197.66,222.96
2022-01-24,Minnesota,Wright,185.55,253,0,0.0,32321,278.0,0.86,23704.61,203.89,23.7,136349,206.24,1182.24,185.55,2974.7,83.61
2022-01-23,Minnesota,Wright,0.0,0,0,0.0,32068,278.0,0.87,23519.06,203.89,23.52,136349,206.24,996.69,0.0,2891.09,0.0
2022-01-22,Minnesota,Wright,0.0,0,0,0.0,32068,278.0,0.87,23519.06,203.89,23.52,136349,206.24,996.69,0.0,2891.09,0.0
2022-01-21,Minnesota,Wright,293.36,400,0,0.0,32068,278.0,0.87,23519.06,203.89,23.52,136349,206.24,996.69,162.81,2891.09,293.36
2022-01-20,Minnesota,Wright,125.41,171,4,2.93,31668,278.0,0.88,23225.69,203.89,23.23,136349,206.24,833.88,-52.81,2597.73,57.94
2022-01-19,Minnesota,Wright,441.51,602,1,0.73,31497,274.0,0.87,23100.28,200.95,23.1,136349,206.24,886.69,338.1,2539.79,379.17
2022-01-18,Minnesota,Wright,136.41,186,2,1.47,30895,273.0,0.88,22658.77,200.22,22.66,136349,206.24,548.59,-228.83,2160.62,-10.27
2022-01-17,Minnesota,Wright,0.0,0,0,0.0,30709,271.0,0.88,22522.35,198.75,22.52,136349,206.24,777.42,-148.88,2170.89,-57.21
2022-01-16,Minnesota,Wright,0.0,0,0,0.0,30709,271.0,0.88,22522.35,198.75,22.52,136349,206.24,926.3,0.0,2228.1,0.0
2022-01-15,Minnesota,Wright,0.0,0,0,0.0,30709,271.0,0.88,22522.35,198.75,22.52,136349,206.24,926.3,0.0,2228.1,0.0
2022-01-14,Minnesota,Wright,130.55,178,1,0.73,30709,271.0,0.88,22522.35,198.75,22.52,136349,206.24,926.3,19.8,2228.1,65.28
2022-01-13,Minnesota,Wright,178.22,243,1,0.73,30531,270.0,0.88,22391.8,198.02,22.39,136349,206.24,906.5,91.68,2162.82,109.28
2022-01-12,Minnesota,Wright,103.41,141,2,1.47,30288,269.0,0.89,22213.58,197.29,22.21,136349,206.24,814.82,0.73,2053.54,64.54
2022-01-11,Minnesota,Wright,365.24,498,1,0.73,30147,267.0,0.89,22110.17,195.82,22.11,136349,206.24,814.09,203.16,1989.0,206.82
2022-01-10,Minnesota,Wright,148.88,203,3,2.2,29649,266.0,0.9,21744.93,195.09,21.74,136349,206.24,610.93,65.27,1782.18,77.74
2022-01-09,Minnesota,Wright,0.0,0,0,0.0,29446,263.0,0.89,21596.05,192.89,21.6,136349,206.24,545.66,0.0,1704.44,0.0
2022-01-08,Minnesota,Wright,0.0,0,0,0.0,29446,263.0,0.89,21596.05,192.89,21.6,136349,206.24,545.66,0.0,1704.44,0.0
2022-01-07,Minnesota,Wright,110.75,151,1,0.73,29446,263.0,0.89,21596.05,192.89,21.6,136349,206.24,545.66,110.75,1704.44,27.87
2022-01-06,Minnesota,Wright,86.54,118,0,0.0,29295,262.0,0.89,21485.31,192.15,21.49,136349,206.24,434.91,-22.74,1676.57,-7.34
2022-01-05,Minnesota,Wright,102.68,140,2,1.47,29177,262.0,0.9,21398.76,192.15,21.4,136349,206.24,457.65,41.81,1683.91,27.87
2022-01-04,Minnesota,Wright,162.08,221,0,0.0,29037,260.0,0.9,21296.09,190.69,21.3,136349,206.24,415.84,11.73,1656.04,-104.88
2022-01-03,Minnesota,Wright,83.61,114,1,0.73,28816,260.0,0.9,21134.0,190.69,21.13,136349,206.24,404.11,-18.33,1760.92,-30.07
2022-01-02,Minnesota,Wright,0.0,0,0,0.0,28702,259.0,0.9,21050.39,189.95,21.05,136349,206.24,422.44,0.0,1790.99,0.0
2022-01-01,Minnesota,Wright,0.0,0,0,0.0,28702,259.0,0.9,21050.39,189.95,21.05,136349,206.24,422.44,0.0,1790.99,0.0
2021-12-31,Minnesota,Wright,0.0,0,0,0.0,28702,259.0,0.9,21050.39,189.95,21.05,136349,206.24,422.44,0.0,1790.99,-113.68
2021-12-30,Minnesota,Wright,109.28,149,2,1.47,28702,259.0,0.9,21050.39,189.95,21.05,136349,206.24,422.44,41.81,1904.67,0.74
2021-12-29,Minnesota,Wright,60.87,83,3,2.2,28553,257.0,0.9,20941.11,188.49,20.94,136349,206.24,380.63,-1.47,1903.93,-32.27
2021-12-28,Minnesota,Wright,150.35,205,0,0.0,28470,254.0,0.89,20880.24,186.29,20.88,136349,206.24,382.1,3.67,1936.2,-99.01
2021-12-27,Minnesota,Wright,101.94,139,3,2.2,28265,254.0,0.9,20729.89,186.29,20.73,136349,206.24,378.43,44.73,2035.21,2.2
2021-12-26,Minnesota,Wright,0.0,0,0,0.0,28126,251.0,0.89,20627.95,184.09,20.63,136349,206.24,333.7,0.0,2033.01,0.0
2021-12-25,Minnesota,Wright,0.0,0,0,0.0,28126,251.0,0.89,20627.95,184.09,20.63,136349,206.24,333.7,0.0,2033.01,0.0
2021-12-24,Minnesota,Wright,0.0,0,0,0.0,28126,251.0,0.89,20627.95,184.09,20.63,136349,206.24,333.7,-65.27,2033.01,-87.28
2021-12-23,Minnesota,Wright,67.47,92,1,0.73,28126,251.0,0.89,20627.95,184.09,20.63,136349,206.24,398.97,-1.47,2120.29,67.47
2021-12-22,Minnesota,Wright,62.34,85,2,1.47,28034,250.0,0.89,20560.47,183.35,20.56,136349,206.24,400.44,23.47,2052.82,-30.8
2021-12-21,Minnesota,Wright,146.68,200,1,0.73,27949,248.0,0.89,20498.13,181.89,20.5,136349,206.24,376.97,-11.74,2083.62,-87.28
2021-12-20,Minnesota,Wright,57.21,78,2,1.47,27749,247.0,0.89,20351.45,181.15,20.35,136349,206.24,388.71,-13.93,2170.9,-50.6
2021-12-19,Minnesota,Wright,0.0,0,0,0.0,27671,245.0,0.89,20294.24,179.69,20.29,136349,206.24,402.64,0.0,2221.5,0.0
2021-12-18,Minnesota,Wright,0.0,0,0,0.0,27671,245.0,0.89,20294.24,179.69,20.29,136349,206.24,402.64,0.0,2221.5,0.0
2021-12-17,Minnesota,Wright,65.27,89,3,2.2,27671,245.0,0.89,20294.24,179.69,20.29,136349,206.24,402.64,-17.61,2221.5,-69.68
2021-12-16,Minnesota,Wright,68.94,94,1,0.73,27582,242.0,0.88,20228.97,177.49,20.23,136349,206.24,420.25,-24.94,2291.18,-67.47
2021-12-15,Minnesota,Wright,38.87,53,1,0.73,27488,241.0,0.88,20160.03,176.75,20.16,136349,206.24,445.19,-35.94,2358.65,-76.28
2021-12-14,Minnesota,Wright,158.42,216,2,1.47,27435,240.0,0.87,20121.16,176.02,20.12,136349,206.24,481.13,-108.54,2434.93,-87.27
2021-12-13,Minnesota,Wright,71.14,97,1,0.73,27219,238.0,0.87,19962.74,174.55,19.96,136349,206.24,589.67,-42.54,2522.2,-41.81
2021-12-12,Minnesota,Wright,0.0,0,0,0.0,27122,237.0,0.87,19891.6,173.82,19.89,136349,206.24,632.21,0.0,2564.01,0.0
2021-12-11,Minnesota,Wright,0.0,0,0,0.0,27122,237.0,0.87,19891.6,173.82,19.89,136349,206.24,632.21,0.0,2564.01,0.0
2021-12-10,Minnesota,Wright,82.88,113,2,1.47,27122,237.0,0.87,19891.6,173.82,19.89,136349,206.24,632.21,-30.8,2564.01,-30.07
2021-12-09,Minnesota,Wright,93.88,128,0,0.0,27009,235.0,0.87,19808.73,172.35,19.81,136349,206.24,663.01,-14.66,2594.08,-29.33
2021-12-08,Minnesota,Wright,74.81,102,5,3.67,26881,235.0,0.87,19714.85,172.35,19.71,136349,206.24,677.67,-18.33,2623.41,-99.74
2021-12-07,Minnesota,Wright,266.96,364,1,0.73,26779,230.0,0.86,19640.04,168.68,19.64,136349,206.24,696.0,17.6,2723.15,112.94
2021-12-06,Minnesota,Wright,113.68,155,3,2.2,26415,229.0,0.87,19373.08,167.95,19.37,136349,206.24,678.4,13.94,2610.21,28.6
2021-12-05,Minnesota,Wright,0.0,0,0,0.0,26260,226.0,0.86,19259.4,165.75,19.26,136349,206.24,664.46,0.0,2581.61,0.0
2021-12-04,Minnesota,Wright,0.0,0,0,0.0,26260,226.0,0.86,19259.4,165.75,19.26,136349,206.24,664.46,0.0,2581.61,0.0
2021-12-03,Minnesota,Wright,113.68,155,3,2.2,26260,226.0,0.86,19259.4,165.75,19.26,136349,206.24,664.46,26.4,2581.61,49.87
2021-12-02,Minnesota,Wright,108.54,148,6,4.4,26105,223.0,0.85,19145.72,163.55,19.15,136349,206.24,638.06,108.54,2531.74,37.4
2021-12-01,Minnesota,Wright,93.14,127,1,0.73,25957,217.0,0.84,19037.18,159.15,19.04,136349,206.24,529.52,0.0,2494.34,-5.87
2021-11-30,Minnesota,Wright,249.36,340,0,0.0,25830,216.0,0.84,18944.03,158.42,18.94,136349,206.24,529.52,15.4,2500.21,78.47
2021-11-29,Minnesota,Wright,99.74,136,5,3.67,25490,216.0,0.85,18694.67,158.42,18.69,136349,206.24,514.12,-8.07,2421.74,-101.95
2021-11-28,Minnesota,Wright,0.0,0,0,0.0,25354,211.0,0.83,18594.93,154.75,18.59,136349,206.24,522.19,0.0,2523.69,0.0
2021-11-27,Minnesota,Wright,0.0,0,0,0.0,25354,211.0,0.83,18594.93,154.75,18.59,136349,206.24,522.19,0.0,2523.69,0.0
2021-11-26,Minnesota,Wright,87.28,119,5,3.67,25354,211.0,0.83,18594.93,154.75,18.59,136349,206.24,522.19,-47.67,2523.69,11.74
2021-11-25,Minnesota,Wright,0.0,0,0,0.0,25235,206.0,0.82,18507.65,151.08,18.51,136349,206.24,569.86,-136.41,2511.95,-57.94
2021-11-24,Minnesota,Wright,93.14,127,5,3.67,25235,206.0,0.82,18507.65,151.08,18.51,136349,206.24,706.27,-22.01,2569.89,42.53
2021-11-23,Minnesota,Wright,233.96,319,3,2.2,25108,201.0,0.8,18414.51,147.42,18.41,136349,206.24,728.28,-11.73,2527.36,88.74
2021-11-22,Minnesota,Wright,107.81,147,1,0.73,24789,198.0,0.8,18180.55,145.22,18.18,136349,206.24,740.01,-5.14,2438.62,52.07
2021-11-21,Minnesota,Wright,0.0,0,0,0.0,24642,197.0,0.8,18072.74,144.48,18.07,136349,206.24,745.15,0.0,2386.55,0.0
2021-11-20,Minnesota,Wright,0.0,0,0,0.0,24642,197.0,0.8,18072.74,144.48,18.07,136349,206.24,745.15,0.0,2386.55,0.0
2021-11-19,Minnesota,Wright,134.95,184,2,1.47,24642,197.0,0.8,18072.74,144.48,18.07,136349,206.24,745.15,22.0,2386.55,71.14
2021-11-18,Minnesota,Wright,136.41,186,2,1.47,24458,195.0,0.8,17937.79,143.02,17.94,136349,206.24,723.15,13.2,2315.41,45.47
2021-11-17,Minnesota,Wright,115.15,157,1,0.73,24272,193.0,0.8,17801.38,141.55,17.8,136349,206.24,709.95,-59.4,2269.94,57.94
2021-11-16,Minnesota,Wright,245.69,335,1,0.73,24115,192.0,0.8,17686.23,140.82,17.69,136349,206.24,769.35,91.67,2212.0,132.01
2021-11-15,Minnesota,Wright,112.95,154,0,0.0,23780,191.0,0.8,17440.54,140.08,17.44,136349,206.24,677.68,27.87,2079.99,65.28
2021-11-14,Minnesota,Wright,0.0,0,0,0.0,23626,191.0,0.81,17327.59,140.08,17.33,136349,206.24,649.81,0.0,2014.71,0.0
2021-11-13,Minnesota,Wright,0.0,0,0,0.0,23626,191.0,0.81,17327.59,140.08,17.33,136349,206.24,649.81,0.0,2014.71,0.0
2021-11-12,Minnesota,Wright,112.95,154,0,0.0,23626,191.0,0.81,17327.59,140.08,17.33,136349,206.24,649.81,49.14,2014.71,52.81
2021-11-11,Minnesota,Wright,123.21,168,4,2.93,23472,191.0,0.81,17214.65,140.08,17.21,136349,206.24,600.67,52.07,1961.9,34.47
2021-11-10,Minnesota,Wright,174.55,238,3,2.2,23304,187.0,0.8,17091.43,137.15,17.09,136349,206.24,548.6,75.54,1927.43,118.08
2021-11-09,Minnesota,Wright,154.02,210,2,1.47,23066,184.0,0.8,16916.88,134.95,16.92,136349,206.24,473.06,-16.87,1809.35,-21.27
2021-11-08,Minnesota,Wright,85.08,116,1,0.73,22856,182.0,0.8,16762.87,133.48,16.76,136349,206.24,489.93,-116.61,1830.62,-2.2
2021-11-07,Minnesota,Wright,0.0,0,0,0.0,22740,181.0,0.8,16677.79,132.75,16.68,136349,206.24,606.54,0.0,1832.82,0.0
2021-11-06,Minnesota,Wright,0.0,0,0,0.0,22740,181.0,0.8,16677.79,132.75,16.68,136349,206.24,606.54,0.0,1832.82,0.0
2021-11-05,Minnesota,Wright,63.81,87,1,0.73,22740,181.0,0.8,16677.79,132.75,16.68,136349,206.24,606.54,-11.73,1832.82,-35.2
2021-11-04,Minnesota,Wright,71.14,97,1,0.73,22653,180.0,0.79,16613.98,132.01,16.61,136349,206.24,618.27,13.2,1868.02,-17.6
2021-11-03,Minnesota,Wright,99.01,135,0,0.0,22556,179.0,0.79,16542.84,131.28,16.54,136349,206.24,605.07,48.4,1885.62,-13.94
2021-11-02,Minnesota,Wright,170.89,233,3,2.2,22421,179.0,0.8,16443.83,131.28,16.44,136349,206.24,556.67,25.67,1899.56,-35.2
2021-11-01,Minnesota,Wright,201.69,275,2,1.47,22188,176.0,0.79,16272.95,129.08,16.27,136349,206.24,531.0,145.95,1934.76,121.75
2021-10-31,Minnesota,Wright,0.0,0,0,0.0,21913,174.0,0.79,16071.26,127.61,16.07,136349,206.24,385.05,0.0,1813.01,0.0
2021-10-30,Minnesota,Wright,0.0,0,0,0.0,21913,174.0,0.79,16071.26,127.61,16.07,136349,206.24,385.05,0.0,1813.01,0.0
2021-10-29,Minnesota,Wright,75.54,103,1,0.73,21913,174.0,0.79,16071.26,127.61,16.07,136349,206.24,385.05,11.73,1813.01,5.87
2021-10-28,Minnesota,Wright,57.94,79,1,0.73,21810,173.0,0.79,15995.72,126.88,16.0,136349,206.24,373.32,-33.0,1807.14,2.2
2021-10-27,Minnesota,Wright,50.61,69,1,0.73,21731,172.0,0.79,15937.78,126.15,15.94,136349,206.24,406.32,-6.6,1804.94,-7.33
2021-10-26,Minnesota,Wright,145.22,198,0,0.0,21662,171.0,0.79,15887.17,125.41,15.89,136349,206.24,412.92,31.54,1812.27,40.34
2021-10-25,Minnesota,Wright,55.74,76,0,0.0,21464,171.0,0.8,15741.96,125.41,15.74,136349,206.24,381.38,8.07,1771.93,-13.2
2021-10-24,Minnesota,Wright,0.0,0,0,0.0,21388,171.0,0.8,15686.22,125.41,15.69,136349,206.24,373.31,0.0,1785.13,0.0
2021-10-23,Minnesota,Wright,0.0,0,0,0.0,21388,171.0,0.8,15686.22,125.41,15.69,136349,206.24,373.31,0.0,1785.13,0.0
2021-10-22,Minnesota,Wright,63.81,87,0,0.0,21388,171.0,0.8,15686.22,125.41,15.69,136349,206.24,373.31,3.67,1785.13,5.14
2021-10-21,Minnesota,Wright,90.94,124,0,0.0,21301,171.0,0.8,15622.41,125.41,15.62,136349,206.24,369.64,2.2,1779.99,33.73
2021-10-20,Minnesota,Wright,57.21,78,0,0.0,21177,171.0,0.81,15531.47,125.41,15.53,136349,206.24,367.44,0.74,1746.26,26.41
2021-10-19,Minnesota,Wright,113.68,155,1,0.73,21099,171.0,0.81,15474.26,125.41,15.47,136349,206.24,366.7,-61.61,1719.85,-7.33
2021-10-18,Minnesota,Wright,47.67,65,0,0.0,20944,170.0,0.81,15360.58,124.68,15.36,136349,206.24,428.31,-39.61,1727.18,-18.34
2021-10-17,Minnesota,Wright,0.0,0,0,0.0,20879,170.0,0.81,15312.91,124.68,15.31,136349,206.24,467.92,0.0,1745.52,0.0
2021-10-16,Minnesota,Wright,0.0,0,0,0.0,20879,170.0,0.81,15312.91,124.68,15.31,136349,206.24,467.92,0.0,1745.52,0.0
2021-10-15,Minnesota,Wright,60.14,82,1,0.73,20879,170.0,0.81,15312.91,124.68,15.31,136349,206.24,467.92,-38.87,1745.52,7.33
2021-10-14,Minnesota,Wright,88.74,121,0,0.0,20797,169.0,0.81,15252.77,123.95,15.25,136349,206.24,506.79,0.0,1738.19,19.07
2021-10-13,Minnesota,Wright,56.47,77,0,0.0,20676,169.0,0.82,15164.03,123.95,15.16,136349,206.24,506.79,-56.48,1719.12,2.2
2021-10-12,Minnesota,Wright,175.29,239,0,0.0,20599,169.0,0.82,15107.55,123.95,15.11,136349,206.24,563.27,-30.8,1716.92,79.95
2021-10-11,Minnesota,Wright,87.28,119,1,0.73,20360,169.0,0.83,14932.27,123.95,14.93,136349,206.24,594.07,7.34,1636.97,43.28
2021-10-10,Minnesota,Wright,0.0,0,0,0.0,20241,168.0,0.83,14844.99,123.21,14.84,136349,206.24,586.73,0.0,1593.69,0.0
2021-10-09,Minnesota,Wright,0.0,0,0,0.0,20241,168.0,0.83,14844.99,123.21,14.84,136349,206.24,586.73,0.0,1593.69,0.0
2021-10-08,Minnesota,Wright,99.01,135,0,0.0,20241,168.0,0.83,14844.99,123.21,14.84,136349,206.24,586.73,29.34,1593.69,55.01
2021-10-07,Minnesota,Wright,88.74,121,0,0.0,20106,168.0,0.84,14745.98,123.21,14.75,136349,206.24,557.39,33.0,1538.68,57.2
2021-10-06,Minnesota,Wright,112.95,154,0,0.0,19985,168.0,0.84,14657.24,123.21,14.66,136349,206.24,524.39,55.01,1481.48,-14.66
2021-10-05,Minnesota,Wright,206.09,281,0,0.0,19831,168.0,0.85,14544.29,123.21,14.54,136349,206.24,469.38,101.21,1496.14,149.62
2021-10-04,Minnesota,Wright,79.94,109,1,0.73,19550,168.0,0.86,14338.21,123.21,14.34,136349,206.24,368.17,11.0,1346.52,79.94
2021-10-03,Minnesota,Wright,0.0,0,0,0.0,19441,167.0,0.86,14258.26,122.48,14.26,136349,206.24,357.17,0.0,1266.58,0.0
2021-10-02,Minnesota,Wright,0.0,0,0,0.0,19441,167.0,0.86,14258.26,122.48,14.26,136349,206.24,357.17,0.0,1266.58,0.0
2021-10-01,Minnesota,Wright,69.67,95,0,0.0,19441,167.0,0.86,14258.26,122.48,14.26,136349,206.24,357.17,11.0,1266.58,15.4
2021-09-30,Minnesota,Wright,55.74,76,0,0.0,19346,167.0,0.86,14188.59,122.48,14.19,136349,206.24,346.17,-1.47,1251.18,22.0
2021-09-29,Minnesota,Wright,57.94,79,1,0.73,19270,167.0,0.87,14132.85,122.48,14.13,136349,206.24,347.64,27.14,1229.18,9.53
2021-09-28,Minnesota,Wright,104.88,143,0,0.0,19191,166.0,0.86,14074.91,121.75,14.07,136349,206.24,320.5,-16.13,1219.65,19.07
2021-09-27,Minnesota,Wright,68.94,94,1,0.73,19048,166.0,0.87,13970.03,121.75,13.97,136349,206.24,336.63,2.93,1200.58,32.27
2021-09-26,Minnesota,Wright,0.0,0,0,0.0,18954,165.0,0.87,13901.09,121.01,13.9,136349,206.24,333.7,0.0,1168.31,0.0
2021-09-25,Minnesota,Wright,0.0,0,0,0.0,18954,165.0,0.87,13901.09,121.01,13.9,136349,206.24,333.7,0.0,1168.31,0.0
2021-09-24,Minnesota,Wright,58.67,80,2,1.47,18954,165.0,0.87,13901.09,121.01,13.9,136349,206.24,333.7,5.86,1168.31,14.67
2021-09-23,Minnesota,Wright,57.21,78,0,0.0,18874,163.0,0.86,13842.42,119.55,13.84,136349,206.24,327.84,-12.46,1153.64,8.8
2021-09-22,Minnesota,Wright,30.8,42,0,0.0,18796,163.0,0.87,13785.21,119.55,13.79,136349,206.24,340.3,-23.47,1144.84,5.13
2021-09-21,Minnesota,Wright,121.01,165,0,0.0,18754,163.0,0.87,13754.41,119.55,13.75,136349,206.24,363.77,25.67,1139.71,55.0
2021-09-20,Minnesota,Wright,66.01,90,0,0.0,18589,163.0,0.88,13633.4,119.55,13.63,136349,206.24,338.1,22.01,1084.71,34.47
2021-09-19,Minnesota,Wright,0.0,0,0,0.0,18499,163.0,0.88,13567.39,119.55,13.57,136349,206.24,316.09,0.0,1050.24,0.0
2021-09-18,Minnesota,Wright,0.0,0,0,0.0,18499,163.0,0.88,13567.39,119.55,13.57,136349,206.24,316.09,0.0,1050.24,0.0
2021-09-17,Minnesota,Wright,52.81,72,0,0.0,18499,163.0,0.88,13567.39,119.55,13.57,136349,206.24,316.09,8.81,1050.24,24.94
2021-09-16,Minnesota,Wright,69.67,95,0,0.0,18427,163.0,0.88,13514.58,119.55,13.51,136349,206.24,307.28,38.13,1025.3,37.4
2021-09-15,Minnesota,Wright,54.27,74,2,1.47,18332,163.0,0.89,13444.91,119.55,13.44,136349,206.24,269.15,-73.34,987.9,32.27
2021-09-14,Minnesota,Wright,95.34,130,0,0.0,18258,161.0,0.88,13390.64,118.08,13.39,136349,206.24,342.49,38.87,955.63,43.27
2021-09-13,Minnesota,Wright,44.0,60,0,0.0,18128,161.0,0.89,13295.29,118.08,13.3,136349,206.24,303.62,44.0,912.36,25.66
2021-09-12,Minnesota,Wright,0.0,0,0,0.0,18068,161.0,0.89,13251.29,118.08,13.25,136349,206.24,259.62,0.0,886.7,0.0
2021-09-11,Minnesota,Wright,0.0,0,0,0.0,18068,161.0,0.89,13251.29,118.08,13.25,136349,206.24,259.62,0.0,886.7,0.0
2021-09-10,Minnesota,Wright,44.0,60,0,0.0,18068,161.0,0.89,13251.29,118.08,13.25,136349,206.24,259.62,-10.27,886.7,19.8
2021-09-09,Minnesota,Wright,31.54,43,1,0.73,18008,161.0,0.89,13207.28,118.08,13.21,136349,206.24,269.89,-2.2,866.9,10.27
2021-09-08,Minnesota,Wright,127.61,174,1,0.73,17965,160.0,0.89,13175.75,117.35,13.18,136349,206.24,272.09,79.2,856.63,102.67
2021-09-07,Minnesota,Wright,56.47,77,0,0.0,17791,159.0,0.89,13048.13,116.61,13.05,136349,206.24,192.89,-29.34,753.96,33.0
2021-09-06,Minnesota,Wright,0.0,0,0,0.0,17714,159.0,0.9,12991.66,116.61,12.99,136349,206.24,222.23,-36.67,720.96,-15.4
2021-09-05,Minnesota,Wright,0.0,0,0,0.0,17714,159.0,0.9,12991.66,116.61,12.99,136349,206.24,258.9,0.0,736.36,0.0
2021-09-04,Minnesota,Wright,0.0,0,0,0.0,17714,159.0,0.9,12991.66,116.61,12.99,136349,206.24,258.9,0.0,736.36,0.0
2021-09-03,Minnesota,Wright,54.27,74,0,0.0,17714,159.0,0.9,12991.66,116.61,12.99,136349,206.24,258.9,10.27,736.36,41.8
2021-09-02,Minnesota,Wright,33.74,46,2,1.47,17640,159.0,0.9,12937.39,116.61,12.94,136349,206.24,248.63,-14.67,694.56,21.27
2021-09-01,Minnesota,Wright,48.41,66,0,0.0,17594,157.0,0.89,12903.65,115.15,12.9,136349,206.24,263.3,22.74,673.29,30.81
2021-08-31,Minnesota,Wright,85.81,117,0,0.0,17528,157.0,0.9,12855.25,115.15,12.86,136349,206.24,240.56,19.8,642.48,65.27
2021-08-30,Minnesota,Wright,36.67,50,0,0.0,17411,157.0,0.9,12769.44,115.15,12.77,136349,206.24,220.76,5.13,577.21,30.07
2021-08-29,Minnesota,Wright,0.0,0,0,0.0,17361,157.0,0.9,12732.77,115.15,12.73,136349,206.24,215.63,0.0,547.14,0.0
2021-08-28,Minnesota,Wright,0.0,0,0,0.0,17361,157.0,0.9,12732.77,115.15,12.73,136349,206.24,215.63,0.0,547.14,0.0
2021-08-27,Minnesota,Wright,44.0,60,0,0.0,17361,157.0,0.9,12732.77,115.15,12.73,136349,206.24,215.63,16.13,547.14,35.2
2021-08-26,Minnesota,Wright,48.41,66,0,0.0,17301,157.0,0.91,12688.76,115.15,12.69,136349,206.24,199.5,16.14,511.94,38.14
2021-08-25,Minnesota,Wright,25.67,35,1,0.73,17235,157.0,0.91,12640.36,115.15,12.64,136349,206.24,183.36,3.67,473.8,5.13
2021-08-24,Minnesota,Wright,66.01,90,0,0.0,17200,156.0,0.91,12614.69,114.41,12.61,136349,206.24,179.69,13.94,468.67,41.81
2021-08-23,Minnesota,Wright,31.54,43,0,0.0,17110,156.0,0.91,12548.68,114.41,12.55,136349,206.24,165.75,13.2,426.86,24.21
2021-08-22,Minnesota,Wright,0.0,0,0,0.0,17067,156.0,0.91,12517.14,114.41,12.52,136349,206.24,152.55,0.0,402.65,0.0
2021-08-21,Minnesota,Wright,0.0,0,0,0.0,17067,156.0,0.91,12517.14,114.41,12.52,136349,206.24,152.55,0.0,402.65,0.0
2021-08-20,Minnesota,Wright,27.87,38,0,0.0,17067,156.0,0.91,12517.14,114.41,12.52,136349,206.24,152.55,3.67,402.65,19.07
2021-08-19,Minnesota,Wright,32.27,44,1,0.73,17029,156.0,0.92,12489.27,114.41,12.49,136349,206.24,148.88,11.0,383.58,24.2
2021-08-18,Minnesota,Wright,22.0,30,0,0.0,16985,155.0,0.91,12457.0,113.68,12.46,136349,206.24,137.88,-2.94,359.38,19.07
2021-08-17,Minnesota,Wright,52.07,71,0,0.0,16955,155.0,0.91,12435.0,113.68,12.44,136349,206.24,140.82,28.6,340.31,38.14
2021-08-16,Minnesota,Wright,18.34,25,0,0.0,16884,155.0,0.92,12382.93,113.68,12.38,136349,206.24,112.22,2.94,302.17,15.41
2021-08-15,Minnesota,Wright,0.0,0,0,0.0,16859,155.0,0.92,12364.59,113.68,12.36,136349,206.24,109.28,0.0,286.76,0.0
2021-08-14,Minnesota,Wright,0.0,0,0,0.0,16859,155.0,0.92,12364.59,113.68,12.36,136349,206.24,109.28,0.0,286.76,0.0
2021-08-13,Minnesota,Wright,24.2,33,0,0.0,16859,155.0,0.92,12364.59,113.68,12.36,136349,206.24,109.28,11.73,286.76,16.13
2021-08-12,Minnesota,Wright,21.27,29,1,0.73,16826,155.0,0.92,12340.39,113.68,12.34,136349,206.24,97.55,8.8,270.63,12.47
2021-08-11,Minnesota,Wright,24.94,34,0,0.0,16797,154.0,0.92,12319.12,112.95,12.32,136349,206.24,88.75,7.34,258.16,22.74
2021-08-10,Minnesota,Wright,23.47,32,1,0.73,16763,154.0,0.92,12294.19,112.95,12.29,136349,206.24,81.41,2.93,235.42,16.14
2021-08-09,Minnesota,Wright,15.4,21,0,0.0,16731,153.0,0.91,12270.72,112.21,12.27,136349,206.24,78.48,8.8,219.28,12.47
2021-08-08,Minnesota,Wright,0.0,0,0,0.0,16710,153.0,0.92,12255.32,112.21,12.26,136349,206.24,69.68,0.0,206.81,0.0
2021-08-07,Minnesota,Wright,0.0,0,0,0.0,16710,153.0,0.92,12255.32,112.21,12.26,136349,206.24,69.68,0.0,206.81,0.0
2021-08-06,Minnesota,Wright,12.47,17,0,0.0,16710,153.0,0.92,12255.32,112.21,12.26,136349,206.24,69.68,3.67,206.81,11.0
2021-08-05,Minnesota,Wright,12.47,17,0,0.0,16693,153.0,0.92,12242.85,112.21,12.24,136349,206.24,66.01,2.2,195.81,8.07
2021-08-04,Minnesota,Wright,17.6,24,0,0.0,16676,153.0,0.92,12230.38,112.21,12.23,136349,206.24,63.81,-2.94,187.74,10.27
2021-08-03,Minnesota,Wright,20.54,28,0,0.0,16652,153.0,0.92,12212.78,112.21,12.21,136349,206.24,66.75,-3.66,177.47,16.87
2021-08-02,Minnesota,Wright,6.6,9,0,0.0,16624,153.0,0.92,12192.24,112.21,12.19,136349,206.24,70.41,-0.73,160.6,6.6
2021-08-01,Minnesota,Wright,0.0,0,0,0.0,16615,153.0,0.92,12185.64,112.21,12.19,136349,206.24,71.14,0.0,154.0,0.0
2021-07-31,Minnesota,Wright,0.0,0,0,0.0,16615,153.0,0.92,12185.64,112.21,12.19,136349,206.24,71.14,0.0,154.0,-0.73
2021-07-30,Minnesota,Wright,8.8,12,0,0.0,16615,153.0,0.92,12185.64,112.21,12.19,136349,206.24,71.14,0.0,154.73,5.13
2021-07-29,Minnesota,Wright,10.27,14,0,0.0,16603,153.0,0.92,12176.84,112.21,12.18,136349,206.24,71.14,2.2,149.6,8.07
2021-07-28,Minnesota,Wright,20.54,28,0,0.0,16589,153.0,0.92,12166.57,112.21,12.17,136349,206.24,68.94,17.61,141.53,20.54
2021-07-27,Minnesota,Wright,24.2,33,0,0.0,16561,153.0,0.92,12146.04,112.21,12.15,136349,206.24,51.33,10.27,120.99,22.73
2021-07-26,Minnesota,Wright,7.33,10,0,0.0,16528,153.0,0.93,12121.83,112.21,12.12,136349,206.24,41.06,4.4,98.26,5.86
2021-07-25,Minnesota,Wright,0.0,0,0,0.0,16518,153.0,0.93,12114.5,112.21,12.11,136349,206.24,36.66,0.0,92.4,-0.73
2021-07-24,Minnesota,Wright,0.0,0,0,0.0,16518,153.0,0.93,12114.5,112.21,12.11,136349,206.24,36.66,0.0,93.13,0.0
2021-07-23,Minnesota,Wright,8.8,12,0,0.0,16518,153.0,0.93,12114.5,112.21,12.11,136349,206.24,36.66,0.73,93.13,5.87
2021-07-22,Minnesota,Wright,8.07,11,1,0.73,16506,153.0,0.93,12105.7,112.21,12.11,136349,206.24,35.93,-0.73,87.26,6.6
2021-07-21,Minnesota,Wright,2.93,4,1,0.73,16495,152.0,0.92,12097.63,111.48,12.1,136349,206.24,36.66,0.73,80.66,1.46
2021-07-20,Minnesota,Wright,13.93,19,0,0.0,16491,151.0,0.92,12094.7,110.75,12.09,136349,206.24,35.93,6.6,79.2,13.2
2021-07-19,Minnesota,Wright,2.93,4,0,0.0,16472,151.0,0.92,12080.76,110.75,12.08,136349,206.24,29.33,0.0,66.0,0.73
2021-07-18,Minnesota,Wright,0.0,0,0,0.0,16468,151.0,0.92,12077.83,110.75,12.08,136349,206.24,29.33,0.0,65.27,-3.67
2021-07-17,Minnesota,Wright,0.0,0,0,0.0,16468,151.0,0.92,12077.83,110.75,12.08,136349,206.24,29.33,0.0,68.94,-2.93
2021-07-16,Minnesota,Wright,8.07,11,0,0.0,16468,151.0,0.92,12077.83,110.75,12.08,136349,206.24,29.33,6.6,71.87,8.07
2021-07-15,Minnesota,Wright,8.8,12,0,0.0,16457,151.0,0.92,12069.76,110.75,12.07,136349,206.24,22.73,4.4,63.8,34.47
2021-07-14,Minnesota,Wright,2.2,3,0,0.0,16445,151.0,0.92,12060.96,110.75,12.06,136349,206.24,18.33,-5.13,29.33,0.73
2021-07-13,Minnesota,Wright,7.33,10,0,0.0,16442,151.0,0.92,12058.76,110.75,12.06,136349,206.24,23.46,3.66,28.6,8.06
2021-07-12,Minnesota,Wright,2.93,4,0,0.0,16432,151.0,0.92,12051.43,110.75,12.05,136349,206.24,19.8,2.93,20.54,0.0
2021-07-11,Minnesota,Wright,0.0,0,0,0.0,16428,151.0,0.92,12048.49,110.75,12.05,136349,206.24,16.87,0.0,20.54,-0.73
2021-07-10,Minnesota,Wright,0.0,0,0,0.0,16428,151.0,0.92,12048.49,110.75,12.05,136349,206.24,16.87,-0.73,21.27,-3.67
2021-07-09,Minnesota,Wright,1.47,2,0,0.0,16428,151.0,0.92,12048.49,110.75,12.05,136349,206.24,17.6,-2.2,24.94,-5.13
2021-07-08,Minnesota,Wright,4.4,6,0,0.0,16426,151.0,0.92,12047.03,110.75,12.05,136349,206.24,19.8,2.2,30.07,2.2
2021-07-07,Minnesota,Wright,7.33,10,0,0.0,16420,151.0,0.92,12042.63,110.75,12.04,136349,206.24,17.6,7.33,27.87,5.86
2021-07-06,Minnesota,Wright,3.67,5,1,0.73,16410,151.0,0.92,12035.29,110.75,12.04,136349,206.24,10.27,2.2,22.01,1.47
2021-07-05,Minnesota,Wright,0.0,0,0,0.0,16405,150.0,0.91,12031.62,110.01,12.03,136349,206.24,8.07,-1.47,20.54,-3.67
2021-07-04,Minnesota,Wright,0.0,0,0,0.0,16405,150.0,0.91,12031.62,110.01,12.03,136349,206.24,9.54,-0.73,24.21,-5.13
2021-07-03,Minnesota,Wright,0.73,1,0,0.0,16405,150.0,0.91,12031.62,110.01,12.03,136349,206.24,10.27,0.73,29.34,-2.94
2021-07-02,Minnesota,Wright,3.67,5,0,0.0,16404,150.0,0.91,12030.89,110.01,12.03,136349,206.24,9.54,0.74,32.28,0.74
2021-07-01,Minnesota,Wright,2.2,3,0,0.0,16399,150.0,0.91,12027.22,110.01,12.03,136349,206.24,8.8,0.73,31.54,-5.13
2021-06-30,Minnesota,Wright,0.0,0,0,0.0,16396,150.0,0.91,12025.02,110.01,12.03,136349,206.24,8.07,-1.47,36.67,-0.73
2021-06-29,Minnesota,Wright,1.47,2,1,0.73,16396,150.0,0.91,12025.02,110.01,12.03,136349,206.24,9.54,0.74,37.4,-2.2
2021-06-28,Minnesota,Wright,1.47,2,0,0.0,16394,149.0,0.91,12023.56,109.28,12.02,136349,206.24,8.8,-0.73,39.6,1.47
2021-06-27,Minnesota,Wright,0.73,1,0,0.0,16392,149.0,0.91,12022.09,109.28,12.02,136349,206.24,9.53,-2.94,38.13,-3.67
2021-06-26,Minnesota,Wright,0.0,0,0,0.0,16391,149.0,0.91,12021.36,109.28,12.02,136349,206.24,12.47,-2.93,41.8,-8.07
2021-06-25,Minnesota,Wright,2.93,4,0,0.0,16391,149.0,0.91,12021.36,109.28,12.02,136349,206.24,15.4,2.93,49.87,-1.47
2021-06-24,Minnesota,Wright,1.47,2,0,0.0,16387,149.0,0.91,12018.42,109.28,12.02,136349,206.24,12.47,27.14,51.34,-7.33
2021-06-23,Minnesota,Wright,1.47,2,0,0.0,16385,149.0,0.91,12016.96,109.28,12.02,136349,206.24,-14.67,0.0,58.67,-8.8
2021-06-22,Minnesota,Wright,0.73,1,0,0.0,16383,149.0,0.91,12015.49,109.28,12.02,136349,206.24,-14.67,1.46,67.47,-3.67
2021-06-21,Minnesota,Wright,2.2,3,0,0.0,16382,149.0,0.91,12014.76,109.28,12.01,136349,206.24,-16.13,-0.73,71.14,-10.27
2021-06-20,Minnesota,Wright,3.67,5,0,0.0,16379,149.0,0.91,12012.56,109.28,12.01,136349,206.24,-15.4,2.94,81.41,-7.33
2021-06-19,Minnesota,Wright,2.93,4,0,0.0,16374,149.0,0.91,12008.89,109.28,12.01,136349,206.24,-18.34,-0.74,88.74,-14.67
2021-06-18,Minnesota,Wright,0.0,0,0,0.0,16370,149.0,0.91,12005.96,109.28,12.01,136349,206.24,-17.6,-6.6,103.41,-22.74
2021-06-17,Minnesota,Wright,-25.67,-35,1,0.73,16370,149.0,0.91,12005.96,109.28,12.01,136349,206.24,-11.0,-27.87,126.15,-44.01
2021-06-16,Minnesota,Wright,1.47,2,0,0.0,16405,148.0,0.9,12031.62,108.54,12.03,136349,206.24,16.87,0.0,170.16,-7.33
2021-06-15,Minnesota,Wright,-0.73,-1,0,0.0,16403,148.0,0.9,12030.16,108.54,12.03,136349,206.24,16.87,-2.93,177.49,-19.07
2021-06-14,Minnesota,Wright,2.93,4,0,0.0,16404,148.0,0.9,12030.89,108.54,12.03,136349,206.24,19.8,-0.74,196.56,-8.07
2021-06-13,Minnesota,Wright,0.73,1,0,0.0,16400,148.0,0.9,12027.96,108.54,12.03,136349,206.24,20.54,-4.4,204.63,-27.87
2021-06-12,Minnesota,Wright,3.67,5,0,0.0,16399,148.0,0.9,12027.22,108.54,12.03,136349,206.24,24.94,0.0,232.5,-31.53
2021-06-11,Minnesota,Wright,6.6,9,1,0.73,16394,148.0,0.9,12023.56,108.54,12.02,136349,206.24,24.94,3.67,264.03,-11.74
2021-06-10,Minnesota,Wright,2.2,3,0,0.0,16385,147.0,0.9,12016.96,107.81,12.02,136349,206.24,21.27,-5.13,275.77,-27.87
2021-06-09,Minnesota,Wright,1.47,2,1,0.73,16382,147.0,0.9,12014.76,107.81,12.01,136349,206.24,26.4,0.74,303.64,-16.87
2021-06-08,Minnesota,Wright,2.2,3,0,0.0,16380,146.0,0.89,12013.29,107.08,12.01,136349,206.24,25.66,-1.47,320.51,-22.74
2021-06-07,Minnesota,Wright,3.67,5,0,0.0,16377,146.0,0.89,12011.09,107.08,12.01,136349,206.24,27.13,3.67,343.25,-22.73
2021-06-06,Minnesota,Wright,5.13,7,0,0.0,16372,146.0,0.89,12007.42,107.08,12.01,136349,206.24,23.46,0.73,365.98,-22.74
2021-06-05,Minnesota,Wright,3.67,5,2,1.47,16365,146.0,0.89,12002.29,107.08,12.0,136349,206.24,22.73,-4.4,388.72,-22.0
2021-06-04,Minnesota,Wright,2.93,4,1,0.73,16360,144.0,0.88,11998.62,105.61,12.0,136349,206.24,27.13,-1.47,410.72,-18.34
2021-06-03,Minnesota,Wright,7.33,10,0,0.0,16356,143.0,0.87,11995.69,104.88,12.0,136349,206.24,28.6,-1.47,429.06,-28.61
2021-06-02,Minnesota,Wright,0.73,1,0,0.0,16346,143.0,0.87,11988.35,104.88,11.99,136349,206.24,30.07,-9.54,457.67,-26.41
2021-06-01,Minnesota,Wright,3.67,5,0,0.0,16345,143.0,0.87,11987.62,104.88,11.99,136349,206.24,39.61,-0.73,484.08,-21.27
2021-05-31,Minnesota,Wright,0.0,0,0,0.0,16340,143.0,0.88,11983.95,104.88,11.98,136349,206.24,40.34,-12.47,505.35,-19.8
2021-05-30,Minnesota,Wright,4.4,6,0,0.0,16340,143.0,0.88,11983.95,104.88,11.98,136349,206.24,52.81,-6.6,525.15,-37.4
2021-05-29,Minnesota,Wright,8.07,11,0,0.0,16334,143.0,0.88,11979.55,104.88,11.98,136349,206.24,59.41,-9.53,562.55,-45.47
2021-05-28,Minnesota,Wright,4.4,6,0,0.0,16323,143.0,0.88,11971.48,104.88,11.97,136349,206.24,68.94,-18.34,608.02,-44.01
2021-05-27,Minnesota,Wright,8.8,12,1,0.73,16317,143.0,0.88,11967.08,104.88,11.97,136349,206.24,87.28,-9.54,652.03,-44.01
2021-05-26,Minnesota,Wright,10.27,14,0,0.0,16305,142.0,0.87,11958.28,104.14,11.96,136349,206.24,96.82,1.47,696.04,-24.2
2021-05-25,Minnesota,Wright,4.4,6,0,0.0,16291,142.0,0.87,11948.02,104.14,11.95,136349,206.24,95.35,-13.94,720.24,-25.67
2021-05-24,Minnesota,Wright,12.47,17,0,0.0,16285,142.0,0.87,11943.62,104.14,11.94,136349,206.24,109.29,1.47,745.91,-12.47
2021-05-23,Minnesota,Wright,11.0,15,0,0.0,16268,142.0,0.87,11931.15,104.14,11.93,136349,206.24,107.82,-17.6,758.38,-36.67
2021-05-22,Minnesota,Wright,17.6,24,0,0.0,16253,142.0,0.87,11920.15,104.14,11.92,136349,206.24,125.42,-17.6,795.05,-39.61
2021-05-21,Minnesota,Wright,22.74,31,1,0.73,16229,142.0,0.87,11902.54,104.14,11.9,136349,206.24,143.02,4.4,834.66,-22.0
2021-05-20,Minnesota,Wright,18.34,25,0,0.0,16198,141.0,0.87,11879.81,103.41,11.88,136349,206.24,138.62,-11.73,856.66,-30.07
2021-05-19,Minnesota,Wright,8.8,12,0,0.0,16173,141.0,0.87,11861.47,103.41,11.86,136349,206.24,150.35,-9.54,886.73,-31.54
2021-05-18,Minnesota,Wright,18.34,25,1,0.73,16161,141.0,0.87,11852.67,103.41,11.85,136349,206.24,159.89,-6.6,918.27,-16.13
2021-05-17,Minnesota,Wright,11.0,15,0,0.0,16136,140.0,0.87,11834.34,102.68,11.83,136349,206.24,166.49,-15.4,934.4,-21.27
2021-05-16,Minnesota,Wright,28.6,39,0,0.0,16121,140.0,0.87,11823.34,102.68,11.82,136349,206.24,181.89,0.73,955.67,-11.0
2021-05-15,Minnesota,Wright,35.2,48,0,0.0,16082,140.0,0.87,11794.73,102.68,11.79,136349,206.24,181.16,9.53,966.67,-11.74
2021-05-14,Minnesota,Wright,18.34,25,1,0.73,16034,140.0,0.87,11759.53,102.68,11.76,136349,206.24,171.63,-2.93,978.41,-23.46
2021-05-13,Minnesota,Wright,30.07,41,0,0.0,16009,139.0,0.87,11741.19,101.94,11.74,136349,206.24,174.56,-5.87,1001.87,-30.07
2021-05-12,Minnesota,Wright,18.34,25,0,0.0,15968,139.0,0.87,11711.12,101.94,11.71,136349,206.24,180.43,-8.8,1031.94,-19.06
2021-05-11,Minnesota,Wright,24.94,34,0,0.0,15943,139.0,0.87,11692.79,101.94,11.69,136349,206.24,189.23,0.0,1051.0,-26.4
2021-05-10,Minnesota,Wright,26.4,36,0,0.0,15909,139.0,0.87,11667.85,101.94,11.67,136349,206.24,189.23,6.6,1077.4,-22.01
2021-05-09,Minnesota,Wright,27.87,38,2,1.47,15873,139.0,0.88,11641.45,101.94,11.64,136349,206.24,182.63,-13.93,1099.41,-13.93
2021-05-08,Minnesota,Wright,25.67,35,0,0.0,15835,137.0,0.87,11613.58,100.48,11.61,136349,206.24,196.56,-27.87,1113.34,-29.34
2021-05-07,Minnesota,Wright,21.27,29,1,0.73,15800,137.0,0.87,11587.91,100.48,11.59,136349,206.24,224.43,-27.14,1142.68,-50.6
2021-05-06,Minnesota,Wright,35.94,49,1,0.73,15771,136.0,0.86,11566.64,99.74,11.57,136349,206.24,251.57,-16.87,1193.28,-30.8
2021-05-05,Minnesota,Wright,27.14,37,0,0.0,15722,135.0,0.86,11530.7,99.01,11.53,136349,206.24,268.44,-7.33,1224.08,-30.8
2021-05-04,Minnesota,Wright,24.94,34,0,0.0,15685,135.0,0.86,11503.57,99.01,11.5,136349,206.24,275.77,-5.13,1254.88,-39.6
2021-05-03,Minnesota,Wright,19.8,27,0,0.0,15651,135.0,0.86,11478.63,99.01,11.48,136349,206.24,280.9,-5.14,1294.48,-24.2
2021-05-02,Minnesota,Wright,41.8,57,0,0.0,15624,135.0,0.86,11458.83,99.01,11.46,136349,206.24,286.04,-5.87,1318.68,41.8
2021-05-01,Minnesota,Wright,53.54,73,0,0.0,15567,135.0,0.87,11417.03,99.01,11.42,136349,206.24,291.91,-3.67,1276.88,-3.67
2021-04-30,Minnesota,Wright,48.41,66,1,0.73,15494,135.0,0.87,11363.49,99.01,11.36,136349,206.24,295.58,3.67,1280.55,-33.0
2021-04-29,Minnesota,Wright,52.81,72,2,1.47,15428,134.0,0.87,11315.08,98.28,11.32,136349,206.24,291.91,4.4,1313.55,-5.13
2021-04-28,Minnesota,Wright,34.47,47,0,0.0,15356,132.0,0.86,11262.28,96.81,11.26,136349,206.24,287.51,-5.87,1318.68,-11.0
2021-04-27,Minnesota,Wright,30.07,41,1,0.73,15309,132.0,0.86,11227.81,96.81,11.23,136349,206.24,293.38,-4.4,1329.68,-11.73
2021-04-26,Minnesota,Wright,24.94,34,0,0.0,15268,131.0,0.86,11197.74,96.08,11.2,136349,206.24,297.78,-7.33,1341.41,-8.8
2021-04-25,Minnesota,Wright,47.67,65,0,0.0,15234,131.0,0.86,11172.8,96.08,11.17,136349,206.24,305.11,8.07,1350.21,2.2
2021-04-24,Minnesota,Wright,57.21,78,1,0.73,15169,131.0,0.86,11125.13,96.08,11.13,136349,206.24,297.04,10.27,1348.01,13.21
2021-04-23,Minnesota,Wright,44.74,61,0,0.0,15091,130.0,0.86,11067.92,95.34,11.07,136349,206.24,286.77,2.94,1334.8,11.0
2021-04-22,Minnesota,Wright,48.41,66,2,1.47,15030,130.0,0.86,11023.18,95.34,11.02,136349,206.24,283.83,-11.73,1323.8,6.61
2021-04-21,Minnesota,Wright,40.34,55,1,0.73,14964,128.0,0.86,10974.78,93.88,10.97,136349,206.24,295.56,2.94,1317.19,13.2
2021-04-20,Minnesota,Wright,34.47,47,0,0.0,14909,127.0,0.85,10934.44,93.14,10.93,136349,206.24,292.62,-16.87,1303.99,9.53
2021-04-19,Minnesota,Wright,32.27,44,0,0.0,14862,127.0,0.85,10899.97,93.14,10.9,136349,206.24,309.49,-16.14,1294.46,15.4
2021-04-18,Minnesota,Wright,39.6,54,0,0.0,14818,127.0,0.86,10867.7,93.14,10.87,136349,206.24,325.63,-2.2,1279.06,17.6
2021-04-17,Minnesota,Wright,46.94,64,1,0.73,14764,127.0,0.86,10828.1,93.14,10.83,136349,206.24,327.83,-8.07,1261.46,12.47
2021-04-16,Minnesota,Wright,41.8,57,1,0.73,14700,126.0,0.86,10781.16,92.41,10.78,136349,206.24,335.9,-30.07,1248.99,6.6
2021-04-15,Minnesota,Wright,60.14,82,0,0.0,14643,125.0,0.85,10739.35,91.68,10.74,136349,206.24,365.97,-6.6,1242.39,23.47
2021-04-14,Minnesota,Wright,37.4,51,0,0.0,14561,125.0,0.86,10679.21,91.68,10.68,136349,206.24,372.57,-20.54,1218.92,12.46
2021-04-13,Minnesota,Wright,51.34,70,1,0.73,14510,125.0,0.86,10641.81,91.68,10.64,136349,206.24,393.11,-13.2,1206.46,34.47
2021-04-12,Minnesota,Wright,48.41,66,0,0.0,14440,124.0,0.86,10590.47,90.94,10.59,136349,206.24,406.31,4.41,1171.99,33.74
2021-04-11,Minnesota,Wright,41.8,57,0,0.0,14374,124.0,0.86,10542.06,90.94,10.54,136349,206.24,401.9,41.8,1138.25,19.06
2021-04-10,Minnesota,Wright,55.01,75,0,0.0,14317,124.0,0.87,10500.26,90.94,10.5,136349,206.24,360.1,-2.2,1119.19,35.21
2021-04-09,Minnesota,Wright,71.87,98,0,0.0,14242,124.0,0.87,10445.25,90.94,10.45,136349,206.24,362.3,-9.54,1083.98,52.07
2021-04-08,Minnesota,Wright,66.74,91,1,0.73,14144,124.0,0.88,10373.38,90.94,10.37,136349,206.24,371.84,8.8,1031.91,44.74
2021-04-07,Minnesota,Wright,57.94,79,0,0.0,14053,123.0,0.88,10306.64,90.21,10.31,136349,206.24,363.04,12.47,987.17,45.47
2021-04-06,Minnesota,Wright,64.54,88,0,0.0,13974,123.0,0.88,10248.7,90.21,10.25,136349,206.24,350.57,22.74,941.7,35.2
2021-04-05,Minnesota,Wright,44.0,60,0,0.0,13886,123.0,0.89,10184.16,90.21,10.18,136349,206.24,327.83,10.26,906.5,33.0
2021-04-04,Minnesota,Wright,0.0,0,0,0.0,13826,123.0,0.89,10140.16,90.21,10.14,136349,206.24,317.57,-45.47,873.5,-19.07
2021-04-03,Minnesota,Wright,57.21,78,0,0.0,13826,123.0,0.89,10140.16,90.21,10.14,136349,206.24,363.04,13.21,892.57,35.94
2021-04-02,Minnesota,Wright,81.41,111,0,0.0,13748,123.0,0.89,10082.95,90.21,10.08,136349,206.24,349.83,47.67,856.63,62.34
2021-04-01,Minnesota,Wright,57.94,79,1,0.73,13637,123.0,0.9,10001.54,90.21,10.0,136349,206.24,302.16,16.14,794.29,46.21
2021-03-31,Minnesota,Wright,45.47,62,1,0.73,13558,122.0,0.9,9943.6,89.48,9.94,136349,206.24,286.02,18.33,748.08,36.67
2021-03-30,Minnesota,Wright,41.8,57,0,0.0,13496,121.0,0.9,9898.13,88.74,9.9,136349,206.24,267.69,16.86,711.41,35.2
2021-03-29,Minnesota,Wright,33.74,46,0,0.0,13439,121.0,0.9,9856.32,88.74,9.86,136349,206.24,250.83,16.87,676.21,21.27
2021-03-28,Minnesota,Wright,45.47,62,0,0.0,13393,121.0,0.9,9822.59,88.74,9.82,136349,206.24,233.96,23.47,654.94,37.4
2021-03-27,Minnesota,Wright,44.0,60,1,0.73,13331,121.0,0.91,9777.12,88.74,9.78,136349,206.24,210.49,9.53,617.54,36.67
2021-03-26,Minnesota,Wright,33.74,46,0,0.0,13271,120.0,0.9,9733.11,88.01,9.73,136349,206.24,200.96,-1.46,580.87,10.27
2021-03-25,Minnesota,Wright,41.8,57,0,0.0,13225,120.0,0.91,9699.37,88.01,9.7,136349,206.24,202.42,5.13,570.6,17.6
2021-03-24,Minnesota,Wright,27.14,37,0,0.0,13168,120.0,0.91,9657.57,88.01,9.66,136349,206.24,197.29,2.2,553.0,16.87
2021-03-23,Minnesota,Wright,24.94,34,0,0.0,13131,120.0,0.91,9630.43,88.01,9.63,136349,206.24,195.09,8.07,536.13,16.14
2021-03-22,Minnesota,Wright,16.87,23,0,0.0,13097,120.0,0.92,9605.5,88.01,9.61,136349,206.24,187.02,2.2,519.99,10.27
2021-03-21,Minnesota,Wright,22.0,30,0,0.0,13074,120.0,0.92,9588.63,88.01,9.59,136349,206.24,184.82,-0.74,509.72,0.73
2021-03-20,Minnesota,Wright,34.47,47,0,0.0,13044,120.0,0.92,9566.63,88.01,9.57,136349,206.24,185.56,14.67,508.99,16.13
2021-03-19,Minnesota,Wright,35.2,48,0,0.0,12997,120.0,0.92,9532.16,88.01,9.53,136349,206.24,170.89,15.4,492.86,17.6
2021-03-18,Minnesota,Wright,36.67,50,0,0.0,12949,120.0,0.93,9496.95,88.01,9.5,136349,206.24,155.49,14.67,475.26,13.93
2021-03-17,Minnesota,Wright,24.94,34,1,0.73,12899,120.0,0.93,9460.28,88.01,9.46,136349,206.24,140.82,12.47,461.33,8.07
2021-03-16,Minnesota,Wright,16.87,23,0,0.0,12865,119.0,0.92,9435.35,87.28,9.44,136349,206.24,128.35,-12.47,453.26,11.0
2021-03-15,Minnesota,Wright,14.67,20,0,0.0,12842,119.0,0.93,9418.48,87.28,9.42,136349,206.24,140.82,3.67,442.26,4.4
2021-03-14,Minnesota,Wright,22.74,31,0,0.0,12822,119.0,0.93,9403.81,87.28,9.4,136349,206.24,137.15,3.67,437.86,15.41
2021-03-13,Minnesota,Wright,19.8,27,0,0.0,12791,119.0,0.93,9381.07,87.28,9.38,136349,206.24,133.48,-1.47,422.45,-0.74
2021-03-12,Minnesota,Wright,19.8,27,0,0.0,12764,119.0,0.93,9361.27,87.28,9.36,136349,206.24,134.95,0.73,423.19,3.66
2021-03-11,Minnesota,Wright,22.0,30,1,0.73,12737,119.0,0.93,9341.47,87.28,9.34,136349,206.24,134.22,10.27,419.53,2.2
2021-03-10,Minnesota,Wright,12.47,17,0,0.0,12707,118.0,0.93,9319.47,86.54,9.32,136349,206.24,123.95,3.67,417.33,5.87
2021-03-09,Minnesota,Wright,29.34,40,2,1.47,12690,118.0,0.93,9307.0,86.54,9.31,136349,206.24,120.28,22.74,411.46,19.81
2021-03-08,Minnesota,Wright,11.0,15,0,0.0,12650,116.0,0.92,9277.66,85.08,9.28,136349,206.24,97.54,-1.47,391.65,5.13
2021-03-07,Minnesota,Wright,19.07,26,0,0.0,12635,116.0,0.92,9266.66,85.08,9.27,136349,206.24,99.01,11.0,386.52,-0.73
2021-03-06,Minnesota,Wright,21.27,29,0,0.0,12609,116.0,0.92,9247.59,85.08,9.25,136349,206.24,88.01,13.94,387.25,8.8
2021-03-05,Minnesota,Wright,19.07,26,0,0.0,12580,116.0,0.92,9226.32,85.08,9.23,136349,206.24,74.07,-4.4,378.45,0.73
2021-03-04,Minnesota,Wright,11.73,16,0,0.0,12554,116.0,0.92,9207.25,85.08,9.21,136349,206.24,78.47,-12.47,377.72,-13.94
2021-03-03,Minnesota,Wright,8.8,12,1,0.73,12538,116.0,0.93,9195.52,85.08,9.2,136349,206.24,90.94,-1.47,391.66,0.0
2021-03-02,Minnesota,Wright,6.6,9,0,0.0,12526,115.0,0.92,9186.72,84.34,9.19,136349,206.24,92.41,-2.2,391.66,-17.6
2021-03-01,Minnesota,Wright,12.47,17,0,0.0,12517,115.0,0.92,9180.12,84.34,9.18,136349,206.24,94.61,5.87,409.26,0.0
2021-02-28,Minnesota,Wright,8.07,11,0,0.0,12500,115.0,0.92,9167.65,84.34,9.17,136349,206.24,88.74,-13.2,409.26,-0.73
2021-02-27,Minnesota,Wright,7.33,10,1,0.73,12489,115.0,0.92,9159.58,84.34,9.16,136349,206.24,101.94,-11.01,409.99,-12.47
2021-02-26,Minnesota,Wright,23.47,32,0,0.0,12479,114.0,0.91,9152.25,83.61,9.15,136349,206.24,112.95,5.87,422.46,-1.47
2021-02-25,Minnesota,Wright,24.2,33,0,0.0,12447,114.0,0.92,9128.78,83.61,9.13,136349,206.24,107.08,1.46,423.93,10.27
2021-02-24,Minnesota,Wright,10.27,14,0,0.0,12414,114.0,0.92,9104.58,83.61,9.1,136349,206.24,105.62,-6.6,413.66,-3.66
2021-02-23,Minnesota,Wright,8.8,12,0,0.0,12400,114.0,0.92,9094.31,83.61,9.09,136349,206.24,112.22,2.93,417.32,-5.87
2021-02-22,Minnesota,Wright,6.6,9,0,0.0,12388,114.0,0.92,9085.51,83.61,9.09,136349,206.24,109.29,-3.67,423.19,-8.07
2021-02-21,Minnesota,Wright,21.27,29,0,0.0,12379,114.0,0.92,9078.91,83.61,9.08,136349,206.24,112.96,13.94,431.26,-4.4
2021-02-20,Minnesota,Wright,18.34,25,0,0.0,12350,114.0,0.92,9057.64,83.61,9.06,136349,206.24,99.02,-2.2,435.66,-5.86
2021-02-19,Minnesota,Wright,17.6,24,0,0.0,12325,114.0,0.92,9039.3,83.61,9.04,136349,206.24,101.22,1.46,441.52,-8.07
2021-02-18,Minnesota,Wright,22.74,31,1,0.73,12301,114.0,0.93,9021.7,83.61,9.02,136349,206.24,99.76,2.94,449.59,-0.73
2021-02-17,Minnesota,Wright,16.87,23,0,0.0,12270,113.0,0.92,8998.97,82.88,9.0,136349,206.24,96.82,10.27,450.32,-13.93
2021-02-16,Minnesota,Wright,5.87,8,0,0.0,12247,113.0,0.92,8982.1,82.88,8.98,136349,206.24,86.55,-3.66,464.25,-5.86
2021-02-15,Minnesota,Wright,10.27,14,0,0.0,12239,113.0,0.92,8976.23,82.88,8.98,136349,206.24,90.21,4.4,470.11,-10.27
2021-02-14,Minnesota,Wright,7.33,10,0,0.0,12225,113.0,0.92,8965.96,82.88,8.97,136349,206.24,85.81,-12.47,480.38,-8.81
2021-02-13,Minnesota,Wright,20.54,28,0,0.0,12215,113.0,0.93,8958.63,82.88,8.96,136349,206.24,98.28,8.07,489.19,-0.73
2021-02-12,Minnesota,Wright,16.14,22,1,0.73,12187,113.0,0.93,8938.09,82.88,8.94,136349,206.24,90.21,-2.2,489.92,-8.8
2021-02-11,Minnesota,Wright,19.8,27,1,0.73,12165,112.0,0.92,8921.96,82.14,8.92,136349,206.24,92.41,-5.87,498.72,-7.34
2021-02-10,Minnesota,Wright,6.6,9,0,0.0,12138,111.0,0.91,8902.16,81.41,8.9,136349,206.24,98.28,-2.2,506.06,-27.87
2021-02-09,Minnesota,Wright,9.53,13,0,0.0,12129,111.0,0.92,8895.55,81.41,8.9,136349,206.24,100.48,-14.67,533.93,-17.61
2021-02-08,Minnesota,Wright,5.87,8,1,0.73,12116,111.0,0.92,8886.02,81.41,8.89,136349,206.24,115.15,-6.6,551.54,-13.93
2021-02-07,Minnesota,Wright,19.8,27,0,0.0,12108,110.0,0.91,8880.15,80.68,8.88,136349,206.24,121.75,11.0,565.47,-24.2
2021-02-06,Minnesota,Wright,12.47,17,1,0.73,12081,110.0,0.91,8860.35,80.68,8.86,136349,206.24,110.75,-7.33,589.67,-16.13
2021-02-05,Minnesota,Wright,18.34,25,0,0.0,12064,109.0,0.9,8847.88,79.94,8.85,136349,206.24,118.08,-6.6,605.8,-21.26
2021-02-04,Minnesota,Wright,25.67,35,1,0.73,12039,109.0,0.91,8829.55,79.94,8.83,136349,206.24,124.68,11.74,627.06,-11.73
2021-02-03,Minnesota,Wright,8.8,12,0,0.0,12004,108.0,0.9,8803.88,79.21,8.8,136349,206.24,112.94,-5.13,638.79,-36.67
2021-02-02,Minnesota,Wright,24.2,33,0,0.0,11992,108.0,0.9,8795.08,79.21,8.8,136349,206.24,118.07,9.53,675.46,4.4
2021-02-01,Minnesota,Wright,12.47,17,0,0.0,11959,108.0,0.9,8770.87,79.21,8.77,136349,206.24,108.54,-2.2,671.06,-32.27
2021-01-31,Minnesota,Wright,8.8,12,0,0.0,11942,108.0,0.9,8758.41,79.21,8.76,136349,206.24,110.74,-16.87,703.33,-49.14
2021-01-30,Minnesota,Wright,19.8,27,0,0.0,11930,108.0,0.91,8749.61,79.21,8.75,136349,206.24,127.61,-4.4,752.47,-31.54
2021-01-29,Minnesota,Wright,24.94,34,0,0.0,11903,108.0,0.91,8729.8,79.21,8.73,136349,206.24,132.01,-0.73,784.01,24.94
2021-01-28,Minnesota,Wright,13.93,19,0,0.0,11869,108.0,0.91,8704.87,79.21,8.7,136349,206.24,132.74,-9.54,759.07,-24.21
2021-01-27,Minnesota,Wright,13.93,19,1,0.73,11850,108.0,0.91,8690.93,79.21,8.69,136349,206.24,142.28,-16.87,783.28,-30.07
2021-01-26,Minnesota,Wright,14.67,20,0,0.0,11831,107.0,0.9,8677.0,78.48,8.68,136349,206.24,159.15,2.94,813.35,1.47
2021-01-25,Minnesota,Wright,14.67,20,0,0.0,11811,107.0,0.91,8662.33,78.48,8.66,136349,206.24,156.21,-5.87,811.88,-2.93
2021-01-24,Minnesota,Wright,25.67,35,0,0.0,11791,107.0,0.91,8647.66,78.48,8.65,136349,206.24,162.08,9.53,814.81,-22.74
2021-01-23,Minnesota,Wright,24.2,33,1,0.73,11756,107.0,0.91,8621.99,78.48,8.62,136349,206.24,152.55,2.93,837.55,-13.94
2021-01-22,Minnesota,Wright,25.67,35,0,0.0,11723,106.0,0.9,8597.79,77.74,8.6,136349,206.24,149.62,0.73,851.49,25.67
2021-01-21,Minnesota,Wright,23.47,32,2,1.47,11688,106.0,0.91,8572.12,77.74,8.57,136349,206.24,148.89,-3.67,825.82,-19.8
2021-01-20,Minnesota,Wright,30.8,42,0,0.0,11656,104.0,0.89,8548.65,76.27,8.55,136349,206.24,152.56,-3.67,845.62,5.13
2021-01-19,Minnesota,Wright,11.73,16,0,0.0,11614,104.0,0.9,8517.85,76.27,8.52,136349,206.24,156.23,-15.41,840.49,-22.01
2021-01-18,Minnesota,Wright,20.54,28,0,0.0,11598,104.0,0.9,8506.11,76.27,8.51,136349,206.24,171.64,0.74,862.5,-20.53
2021-01-17,Minnesota,Wright,16.14,22,2,1.47,11570,104.0,0.9,8485.58,76.27,8.49,136349,206.24,170.9,-27.86,883.03,-43.27
2021-01-16,Minnesota,Wright,21.27,29,0,0.0,11548,102.0,0.88,8469.44,74.81,8.47,136349,206.24,198.76,-7.33,926.3,-44.74
2021-01-15,Minnesota,Wright,24.94,34,1,0.73,11519,102.0,0.89,8448.17,74.81,8.45,136349,206.24,206.09,-14.66,971.04,-23.47
2021-01-14,Minnesota,Wright,27.14,37,2,1.47,11485,101.0,0.88,8423.24,74.07,8.42,136349,206.24,220.75,-10.26,994.51,-25.67
2021-01-13,Minnesota,Wright,34.47,47,0,0.0,11448,99.0,0.86,8396.1,72.61,8.4,136349,206.24,231.01,-11.0,1020.18,-9.53
2021-01-12,Minnesota,Wright,27.14,37,1,0.73,11401,99.0,0.87,8361.63,72.61,8.36,136349,206.24,242.01,7.34,1029.71,-15.4
2021-01-11,Minnesota,Wright,19.8,27,0,0.0,11364,98.0,0.86,8334.49,71.87,8.33,136349,206.24,234.67,-24.94,1045.11,-43.27
2021-01-10,Minnesota,Wright,44.0,60,1,0.73,11337,98.0,0.86,8314.69,71.87,8.31,136349,206.24,259.61,-13.94,1088.38,-25.67
2021-01-09,Minnesota,Wright,28.6,39,2,1.47,11277,97.0,0.86,8270.69,71.14,8.27,136349,206.24,273.55,-22.74,1114.05,-55.74
2021-01-08,Minnesota,Wright,39.6,54,1,0.73,11238,95.0,0.85,8242.08,69.67,8.24,136349,206.24,296.29,39.6,1169.79,-44.01
2021-01-07,Minnesota,Wright,37.4,51,2,1.47,11184,94.0,0.84,8202.48,68.94,8.2,136349,206.24,256.69,-0.74,1213.8,-41.81
2021-01-06,Minnesota,Wright,45.47,62,2,1.47,11133,92.0,0.83,8165.08,67.47,8.17,136349,206.24,257.43,1.47,1255.61,-40.34
2021-01-05,Minnesota,Wright,19.8,27,0,0.0,11071,90.0,0.81,8119.6,66.01,8.12,136349,206.24,255.96,6.6,1295.95,-61.61
2021-01-04,Minnesota,Wright,44.74,61,0,0.0,11044,90.0,0.81,8099.8,66.01,8.1,136349,206.24,249.36,27.14,1357.56,-92.41
2021-01-03,Minnesota,Wright,57.94,79,0,0.0,10983,90.0,0.82,8055.06,66.01,8.06,136349,206.24,222.22,9.53,1449.97,-57.21
2021-01-02,Minnesota,Wright,51.34,70,2,1.47,10904,90.0,0.83,7997.13,66.01,8.0,136349,206.24,212.69,13.2,1507.18,-100.48
2021-01-01,Minnesota,Wright,0.0,0,0,0.0,10834,88.0,0.81,7945.79,64.54,7.95,136349,206.24,199.49,0.0,1607.66,-122.48
2020-12-31,Minnesota,Wright,38.14,52,0,0.0,10834,88.0,0.81,7945.79,64.54,7.95,136349,206.24,199.49,-5.13,1730.14,-111.48
2020-12-30,Minnesota,Wright,44.0,60,4,2.93,10782,88.0,0.82,7907.65,64.54,7.91,136349,206.24,204.62,18.33,1841.62,-106.35
2020-12-29,Minnesota,Wright,13.2,18,1,0.73,10722,84.0,0.78,7863.64,61.61,7.86,136349,206.24,186.29,-20.54,1947.97,-68.21
2020-12-28,Minnesota,Wright,17.6,24,0,0.0,10704,83.0,0.78,7850.44,60.87,7.85,136349,206.24,206.83,-23.47,2016.18,-126.88
2020-12-27,Minnesota,Wright,48.41,66,1,0.73,10680,83.0,0.78,7832.84,60.87,7.83,136349,206.24,230.3,-11.0,2143.06,-169.41
2020-12-26,Minnesota,Wright,38.14,52,1,0.73,10614,82.0,0.77,7784.44,60.14,7.78,136349,206.24,241.3,-27.87,2312.47,-151.08
2020-12-25,Minnesota,Wright,0.0,0,0,0.0,10562,81.0,0.77,7746.3,59.41,7.75,136349,206.24,269.17,-48.41,2463.55,-131.28
2020-12-24,Minnesota,Wright,43.27,59,2,1.47,10562,81.0,0.77,7746.3,59.41,7.75,136349,206.24,317.58,-9.54,2594.83,43.27
2020-12-23,Minnesota,Wright,25.67,35,1,0.73,10503,79.0,0.75,7703.03,57.94,7.7,136349,206.24,327.12,-18.33,2551.56,-116.61
2020-12-22,Minnesota,Wright,33.74,46,2,1.47,10468,78.0,0.75,7677.36,57.21,7.68,136349,206.24,345.45,-8.8,2668.17,-110.01
2020-12-21,Minnesota,Wright,41.07,56,1,0.73,10422,76.0,0.73,7643.62,55.74,7.64,136349,206.24,354.25,-22.0,2778.18,-85.81
2020-12-20,Minnesota,Wright,59.41,81,3,2.2,10366,75.0,0.72,7602.55,55.01,7.6,136349,206.24,376.25,-10.26,2863.99,-118.81
2020-12-19,Minnesota,Wright,66.01,90,1,0.73,10285,72.0,0.7,7543.14,52.81,7.54,136349,206.24,386.51,-18.33,2982.8,-60.14
2020-12-18,Minnesota,Wright,48.41,66,2,1.47,10195,71.0,0.7,7477.14,52.07,7.48,136349,206.24,404.84,-35.2,3042.94,-119.54
2020-12-17,Minnesota,Wright,52.81,72,0,0.0,10129,69.0,0.68,7428.73,50.61,7.43,136349,206.24,440.04,-26.4,3162.48,-104.87
2020-12-16,Minnesota,Wright,44.0,60,1,0.73,10057,69.0,0.69,7375.93,50.61,7.38,136349,206.24,466.44,-41.81,3267.35,-75.55
2020-12-15,Minnesota,Wright,42.54,58,2,1.47,9997,68.0,0.68,7331.92,49.87,7.33,136349,206.24,508.25,-38.87,3342.9,-111.48
2020-12-14,Minnesota,Wright,63.07,86,1,0.73,9939,66.0,0.66,7289.38,48.41,7.29,136349,206.24,547.12,-74.08,3454.38,-86.55
2020-12-13,Minnesota,Wright,69.67,95,5,3.67,9853,65.0,0.66,7226.31,47.67,7.23,136349,206.24,621.2,-45.48,3540.93,-49.14
2020-12-12,Minnesota,Wright,84.34,115,1,0.73,9758,60.0,0.61,7156.63,44.0,7.16,136349,206.24,666.68,-67.48,3590.07,-118.08
2020-12-11,Minnesota,Wright,83.61,114,4,2.93,9643,59.0,0.61,7072.29,43.27,7.07,136349,206.24,734.16,-38.87,3708.15,-25.67
2020-12-10,Minnesota,Wright,79.21,108,1,0.73,9529,55.0,0.58,6988.68,40.34,6.99,136349,206.24,773.03,-70.41,3733.82,-82.87
2020-12-09,Minnesota,Wright,85.81,117,4,2.93,9421,54.0,0.57,6909.47,39.6,6.91,136349,206.24,843.44,-64.54,3816.69,-35.94
2020-12-08,Minnesota,Wright,81.41,111,0,0.0,9304,50.0,0.54,6823.67,36.67,6.82,136349,206.24,907.98,0.0,3852.63,-40.34
2020-12-07,Minnesota,Wright,137.15,187,0,0.0,9193,50.0,0.54,6742.26,36.67,6.74,136349,206.24,907.98,-7.33,3892.97,79.94
2020-12-06,Minnesota,Wright,115.15,157,0,0.0,9006,50.0,0.56,6605.11,36.67,6.61,136349,206.24,915.31,-102.67,3813.03,-6.6
2020-12-05,Minnesota,Wright,151.82,207,2,1.47,8849,50.0,0.57,6489.96,36.67,6.49,136349,206.24,1017.98,-37.4,3819.63,58.68
2020-12-04,Minnesota,Wright,122.48,167,0,0.0,8642,48.0,0.56,6338.15,35.2,6.34,136349,206.24,1055.38,-8.8,3760.95,6.6
2020-12-03,Minnesota,Wright,149.62,204,3,2.2,8475,48.0,0.57,6215.67,35.2,6.22,136349,206.24,1064.18,149.62,3754.35,63.08
2020-12-02,Minnesota,Wright,150.35,205,1,0.73,8271,45.0,0.54,6066.05,33.0,6.07,136349,206.24,914.56,8.07,3691.27,82.14
2020-12-01,Minnesota,Wright,81.41,111,1,0.73,8066,44.0,0.55,5915.7,32.27,5.92,136349,206.24,906.49,-62.34,3609.13,11.74
2020-11-30,Minnesota,Wright,144.48,197,0,0.0,7955,43.0,0.54,5834.29,31.54,5.83,136349,206.24,968.83,17.6,3597.39,94.61
2020-11-29,Minnesota,Wright,217.82,297,4,2.93,7758,43.0,0.55,5689.81,31.54,5.69,136349,206.24,951.23,39.6,3502.78,168.68
2020-11-28,Minnesota,Wright,189.22,258,1,0.73,7461,39.0,0.52,5471.99,28.6,5.47,136349,206.24,911.63,63.07,3334.1,123.21
2020-11-27,Minnesota,Wright,131.28,179,2,1.47,7203,38.0,0.53,5282.77,27.87,5.28,136349,206.24,848.56,-36.67,3210.89,62.34
2020-11-26,Minnesota,Wright,0.0,0,0,0.0,7024,36.0,0.51,5151.49,26.4,5.15,136349,206.24,885.23,-157.68,3148.55,-57.21
2020-11-25,Minnesota,Wright,142.28,194,0,0.0,7024,36.0,0.51,5151.49,26.4,5.15,136349,206.24,1042.91,22.73,3205.76,110.01
2020-11-24,Minnesota,Wright,143.75,196,0,0.0,6830,36.0,0.53,5009.2,26.4,5.01,136349,206.24,1020.18,-10.27,3095.75,93.88
2020-11-23,Minnesota,Wright,126.88,173,1,0.73,6634,36.0,0.54,4865.46,26.4,4.87,136349,206.24,1030.45,-22.74,3001.87,84.34
2020-11-22,Minnesota,Wright,178.22,243,1,0.73,6461,35.0,0.54,4738.58,25.67,4.74,136349,206.24,1053.19,59.41,2917.53,140.82
2020-11-21,Minnesota,Wright,126.15,172,0,0.0,6218,34.0,0.55,4560.36,24.94,4.56,136349,206.24,993.78,-76.27,2776.71,78.48
2020-11-20,Minnesota,Wright,167.95,229,4,2.93,6046,34.0,0.56,4434.21,24.94,4.43,136349,206.24,1070.05,58.67,2698.23,142.28
2020-11-19,Minnesota,Wright,157.68,215,0,0.0,5817,30.0,0.52,4266.26,22.0,4.27,136349,206.24,1011.38,-4.4,2555.95,144.48
2020-11-18,Minnesota,Wright,119.55,163,2,1.47,5602,30.0,0.54,4108.57,22.0,4.11,136349,206.24,1015.78,-2.2,2411.47,106.35
2020-11-17,Minnesota,Wright,154.02,210,1,0.73,5439,28.0,0.51,3989.03,20.54,3.99,136349,206.24,1017.98,32.27,2305.12,139.35
2020-11-16,Minnesota,Wright,149.62,204,0,0.0,5229,27.0,0.52,3835.01,19.8,3.84,136349,206.24,985.71,92.41,2165.77,128.35
2020-11-15,Minnesota,Wright,118.81,162,0,0.0,5025,27.0,0.54,3685.4,19.8,3.69,136349,206.24,893.3,-2.94,2037.42,90.94
2020-11-14,Minnesota,Wright,202.42,276,0,0.0,4863,27.0,0.56,3566.58,19.8,3.57,136349,206.24,896.24,109.28,1946.48,173.82
2020-11-13,Minnesota,Wright,109.28,149,2,1.47,4587,27.0,0.59,3364.16,19.8,3.36,136349,206.24,786.96,-6.6,1772.66,89.48
2020-11-12,Minnesota,Wright,162.08,221,1,0.73,4438,25.0,0.56,3254.88,18.34,3.25,136349,206.24,793.56,75.54,1683.18,148.88
2020-11-11,Minnesota,Wright,121.75,166,1,0.73,4217,24.0,0.57,3092.8,17.6,3.09,136349,206.24,718.02,53.54,1534.3,98.28
2020-11-10,Minnesota,Wright,121.75,166,1,0.73,4051,23.0,0.57,2971.05,16.87,2.97,136349,206.24,664.48,52.08,1436.02,99.75
2020-11-09,Minnesota,Wright,57.21,78,1,0.73,3885,22.0,0.57,2849.31,16.14,2.85,136349,206.24,612.4,7.34,1336.27,34.47
2020-11-08,Minnesota,Wright,121.75,166,1,0.73,3807,21.0,0.55,2792.1,15.4,2.79,136349,206.24,605.06,72.61,1301.8,88.01
2020-11-07,Minnesota,Wright,93.14,127,2,1.47,3641,20.0,0.55,2670.35,14.67,2.67,136349,206.24,532.45,27.13,1213.79,66.74
2020-11-06,Minnesota,Wright,115.88,158,2,1.47,3514,18.0,0.51,2577.21,13.2,2.58,136349,206.24,505.32,46.94,1147.05,90.21
2020-11-05,Minnesota,Wright,86.54,118,0,0.0,3356,16.0,0.48,2461.33,11.73,2.46,136349,206.24,458.38,29.33,1056.84,64.54
2020-11-04,Minnesota,Wright,68.21,93,0,0.0,3238,16.0,0.49,2374.79,11.73,2.37,136349,206.24,429.05,35.94,992.3,49.87
2020-11-03,Minnesota,Wright,69.67,95,0,0.0,3145,16.0,0.51,2306.58,11.73,2.31,136349,206.24,393.11,19.8,942.43,54.27
2020-11-02,Minnesota,Wright,49.87,68,0,0.0,3050,16.0,0.52,2236.91,11.73,2.24,136349,206.24,373.31,7.33,888.16,31.53
2020-11-01,Minnesota,Wright,49.14,67,0,0.0,2982,16.0,0.54,2187.03,11.73,2.19,136349,206.24,365.98,11.74,856.63,31.54
2020-10-31,Minnesota,Wright,66.01,90,0,0.0,2915,16.0,0.55,2137.9,11.73,2.14,136349,206.24,354.24,18.34,825.09,47.67
2020-10-30,Minnesota,Wright,68.94,94,0,0.0,2825,16.0,0.57,2071.89,11.73,2.07,136349,206.24,335.9,43.27,777.42,43.27
2020-10-29,Minnesota,Wright,57.21,78,1,0.73,2731,16.0,0.59,2002.95,11.73,2.0,136349,206.24,292.63,44.01,734.15,44.74
2020-10-28,Minnesota,Wright,32.27,44,0,0.0,2653,15.0,0.57,1945.74,11.0,1.95,136349,206.24,248.62,19.07,689.41,23.47
2020-10-27,Minnesota,Wright,49.87,68,0,0.0,2609,15.0,0.57,1913.47,11.0,1.91,136349,206.24,229.55,35.2,665.94,45.47
2020-10-26,Minnesota,Wright,42.54,58,1,0.73,2541,15.0,0.59,1863.6,11.0,1.86,136349,206.24,194.35,21.27,620.47,19.8
2020-10-25,Minnesota,Wright,37.4,51,0,0.0,2483,14.0,0.56,1821.06,10.27,1.82,136349,206.24,173.08,9.53,600.67,13.93
2020-10-24,Minnesota,Wright,47.67,65,0,0.0,2432,14.0,0.58,1783.66,10.27,1.78,136349,206.24,163.55,19.07,586.74,26.4
2020-10-23,Minnesota,Wright,25.67,35,0,0.0,2367,14.0,0.59,1735.99,10.27,1.74,136349,206.24,144.48,5.87,560.34,3.67
2020-10-22,Minnesota,Wright,13.2,18,0,0.0,2332,14.0,0.6,1710.32,10.27,1.71,136349,206.24,138.61,0.0,556.67,-1.47
2020-10-21,Minnesota,Wright,13.2,18,0,0.0,2314,14.0,0.61,1697.12,10.27,1.7,136349,206.24,138.61,-10.27,558.14,10.27
2020-10-20,Minnesota,Wright,14.67,20,0,0.0,2296,14.0,0.61,1683.91,10.27,1.68,136349,206.24,148.88,-7.33,547.87,8.07
2020-10-19,Minnesota,Wright,21.27,29,0,0.0,2276,14.0,0.62,1669.25,10.27,1.67,136349,206.24,156.21,-1.47,539.8,16.14
2020-10-18,Minnesota,Wright,27.87,38,1,0.73,2247,14.0,0.62,1647.98,10.27,1.65,136349,206.24,157.68,-5.87,523.66,9.53
2020-10-17,Minnesota,Wright,28.6,39,0,0.0,2209,13.0,0.59,1620.11,9.53,1.62,136349,206.24,163.55,2.2,514.13,17.6
2020-10-16,Minnesota,Wright,19.8,27,1,0.73,2170,13.0,0.6,1591.5,9.53,1.59,136349,206.24,161.35,-5.87,496.53,8.07
2020-10-15,Minnesota,Wright,13.2,18,1,0.73,2143,12.0,0.56,1571.7,8.8,1.57,136349,206.24,167.22,-8.8,488.46,2.93
2020-10-14,Minnesota,Wright,23.47,32,1,0.73,2125,11.0,0.52,1558.5,8.07,1.56,136349,206.24,176.02,5.13,485.53,17.6
2020-10-13,Minnesota,Wright,22.0,30,0,0.0,2093,10.0,0.48,1535.03,7.33,1.54,136349,206.24,170.89,6.6,467.93,16.13
2020-10-12,Minnesota,Wright,22.74,31,0,0.0,2063,10.0,0.48,1513.03,7.33,1.51,136349,206.24,164.29,4.4,451.8,16.87
2020-10-11,Minnesota,Wright,33.74,46,0,0.0,2032,10.0,0.49,1490.29,7.33,1.49,136349,206.24,159.89,16.14,434.93,25.67
2020-10-10,Minnesota,Wright,26.4,36,0,0.0,1986,10.0,0.5,1456.56,7.33,1.46,136349,206.24,143.75,8.06,409.26,17.6
2020-10-09,Minnesota,Wright,25.67,35,1,0.73,1950,10.0,0.51,1430.15,7.33,1.43,136349,206.24,135.69,0.0,391.66,11.74
2020-10-08,Minnesota,Wright,22.0,30,0,0.0,1915,9.0,0.47,1404.48,6.6,1.4,136349,206.24,135.69,9.53,379.92,16.13
2020-10-07,Minnesota,Wright,18.34,25,1,0.73,1885,9.0,0.48,1382.48,6.6,1.38,136349,206.24,126.16,9.54,363.79,12.47
2020-10-06,Minnesota,Wright,15.4,21,0,0.0,1860,8.0,0.43,1364.15,5.87,1.36,136349,206.24,116.62,11.0,351.32,8.07
2020-10-05,Minnesota,Wright,18.34,25,0,0.0,1839,8.0,0.44,1348.74,5.87,1.35,136349,206.24,105.62,-4.4,343.25,5.87
2020-10-04,Minnesota,Wright,17.6,24,0,0.0,1814,8.0,0.44,1330.41,5.87,1.33,136349,206.24,110.02,-5.87,337.38,8.07
2020-10-03,Minnesota,Wright,18.34,25,1,0.73,1790,8.0,0.45,1312.81,5.87,1.31,136349,206.24,115.89,-2.93,329.31,3.67
2020-10-02,Minnesota,Wright,25.67,35,0,0.0,1765,7.0,0.4,1294.47,5.13,1.29,136349,206.24,118.82,3.67,325.64,10.27
2020-10-01,Minnesota,Wright,12.47,17,0,0.0,1730,7.0,0.4,1268.8,5.13,1.27,136349,206.24,115.15,-2.2,315.37,-4.4
2020-09-30,Minnesota,Wright,8.8,12,0,0.0,1713,7.0,0.41,1256.33,5.13,1.26,136349,206.24,117.35,5.87,319.77,-2.2
2020-09-29,Minnesota,Wright,4.4,6,0,0.0,1701,7.0,0.41,1247.53,5.13,1.25,136349,206.24,111.48,-2.2,321.97,-3.67
2020-09-28,Minnesota,Wright,22.74,31,0,0.0,1695,7.0,0.41,1243.13,5.13,1.24,136349,206.24,113.68,17.61,325.64,6.6
2020-09-27,Minnesota,Wright,23.47,32,0,0.0,1664,7.0,0.42,1220.4,5.13,1.22,136349,206.24,96.07,5.13,319.04,-2.93
2020-09-26,Minnesota,Wright,21.27,29,0,0.0,1632,7.0,0.43,1196.93,5.13,1.2,136349,206.24,90.94,10.27,321.97,2.93
2020-09-25,Minnesota,Wright,22.0,30,0,0.0,1603,7.0,0.44,1175.66,5.13,1.18,136349,206.24,80.67,10.27,319.04,-0.74
2020-09-24,Minnesota,Wright,14.67,20,0,0.0,1573,7.0,0.45,1153.66,5.13,1.15,136349,206.24,70.4,4.4,319.78,5.14
2020-09-23,Minnesota,Wright,2.93,4,0,0.0,1553,7.0,0.45,1138.99,5.13,1.14,136349,206.24,66.0,-2.94,314.64,-4.4
2020-09-22,Minnesota,Wright,6.6,9,0,0.0,1549,7.0,0.45,1136.06,5.13,1.14,136349,206.24,68.94,0.73,319.04,-2.2
2020-09-21,Minnesota,Wright,5.13,7,0,0.0,1540,7.0,0.45,1129.45,5.13,1.13,136349,206.24,68.21,-0.74,321.24,-7.34
2020-09-20,Minnesota,Wright,18.34,25,0,0.0,1533,7.0,0.46,1124.32,5.13,1.12,136349,206.24,68.95,10.27,328.58,0.0
2020-09-19,Minnesota,Wright,11.0,15,0,0.0,1508,7.0,0.46,1105.99,5.13,1.11,136349,206.24,58.68,2.2,328.58,-1.47
2020-09-18,Minnesota,Wright,11.73,16,0,0.0,1493,7.0,0.47,1094.98,5.13,1.09,136349,206.24,56.48,-2.2,330.05,-5.87
2020-09-17,Minnesota,Wright,10.27,14,0,0.0,1477,7.0,0.47,1083.25,5.13,1.08,136349,206.24,58.68,4.4,335.92,0.74
2020-09-16,Minnesota,Wright,5.87,8,0,0.0,1463,7.0,0.48,1072.98,5.13,1.07,136349,206.24,54.28,0.0,335.18,-5.86
2020-09-15,Minnesota,Wright,5.87,8,0,0.0,1455,7.0,0.48,1067.11,5.13,1.07,136349,206.24,54.28,-1.46,341.04,2.2
2020-09-14,Minnesota,Wright,5.87,8,1,0.73,1447,7.0,0.48,1061.25,5.13,1.06,136349,206.24,55.74,-6.6,338.84,-0.73
2020-09-13,Minnesota,Wright,8.07,11,0,0.0,1439,6.0,0.42,1055.38,4.4,1.06,136349,206.24,62.34,-1.46,339.57,-5.86
2020-09-12,Minnesota,Wright,8.8,12,0,0.0,1428,6.0,0.42,1047.31,4.4,1.05,136349,206.24,63.8,-5.87,345.43,-4.4
2020-09-11,Minnesota,Wright,13.93,19,0,0.0,1416,6.0,0.42,1038.51,4.4,1.04,136349,206.24,69.67,-1.47,349.83,-1.47
2020-09-10,Minnesota,Wright,5.87,8,0,0.0,1397,6.0,0.43,1024.58,4.4,1.02,136349,206.24,71.14,-11.0,351.3,-5.13
2020-09-09,Minnesota,Wright,5.87,8,0,0.0,1389,6.0,0.43,1018.71,4.4,1.02,136349,206.24,82.14,-5.13,356.43,1.47
2020-09-08,Minnesota,Wright,7.33,10,0,0.0,1381,6.0,0.43,1012.84,4.4,1.01,136349,206.24,87.27,-0.74,354.96,3.66
2020-09-07,Minnesota,Wright,12.47,17,0,0.0,1371,6.0,0.44,1005.51,4.4,1.01,136349,206.24,88.01,-3.67,351.3,6.6
2020-09-06,Minnesota,Wright,9.53,13,0,0.0,1354,6.0,0.44,993.04,4.4,0.99,136349,206.24,91.68,-16.87,344.7,-1.47
2020-09-05,Minnesota,Wright,14.67,20,0,0.0,1341,6.0,0.45,983.51,4.4,0.98,136349,206.24,108.55,-3.67,346.17,4.4
2020-09-04,Minnesota,Wright,15.4,21,0,0.0,1321,6.0,0.45,968.84,4.4,0.97,136349,206.24,112.22,-7.34,341.77,9.53
2020-09-03,Minnesota,Wright,16.87,23,0,0.0,1300,6.0,0.46,953.44,4.4,0.95,136349,206.24,119.56,7.34,332.24,2.2
2020-09-02,Minnesota,Wright,11.0,15,0,0.0,1277,6.0,0.47,936.57,4.4,0.94,136349,206.24,112.22,3.67,330.04,5.87
2020-09-01,Minnesota,Wright,8.07,11,0,0.0,1262,6.0,0.48,925.57,4.4,0.93,136349,206.24,108.55,-0.73,324.17,2.94
2020-08-31,Minnesota,Wright,16.14,22,0,0.0,1251,6.0,0.48,917.5,4.4,0.92,136349,206.24,109.28,3.67,321.23,7.34
2020-08-30,Minnesota,Wright,26.4,36,0,0.0,1229,6.0,0.49,901.36,4.4,0.9,136349,206.24,105.61,8.06,313.89,15.4
2020-08-29,Minnesota,Wright,18.34,25,0,0.0,1193,6.0,0.5,874.96,4.4,0.87,136349,206.24,97.55,5.87,298.49,6.61
2020-08-28,Minnesota,Wright,22.74,31,0,0.0,1168,6.0,0.51,856.63,4.4,0.86,136349,206.24,91.68,5.14,291.88,14.67
2020-08-27,Minnesota,Wright,9.53,13,0,0.0,1137,6.0,0.53,833.89,4.4,0.83,136349,206.24,86.54,0.0,277.21,-1.47
2020-08-26,Minnesota,Wright,7.33,10,0,0.0,1124,6.0,0.53,824.36,4.4,0.82,136349,206.24,86.54,-4.4,278.68,0.0
2020-08-25,Minnesota,Wright,8.8,12,0,0.0,1114,6.0,0.54,817.02,4.4,0.82,136349,206.24,90.94,5.13,278.68,0.0
2020-08-24,Minnesota,Wright,12.47,17,0,0.0,1102,6.0,0.54,808.22,4.4,0.81,136349,206.24,85.81,5.87,278.68,0.0
2020-08-23,Minnesota,Wright,18.34,25,0,0.0,1085,6.0,0.55,795.75,4.4,0.8,136349,206.24,79.94,4.41,278.68,8.81
2020-08-22,Minnesota,Wright,12.47,17,0,0.0,1060,6.0,0.57,777.42,4.4,0.78,136349,206.24,75.53,-0.73,269.87,0.0
2020-08-21,Minnesota,Wright,17.6,24,0,0.0,1043,6.0,0.58,764.95,4.4,0.76,136349,206.24,76.26,2.2,269.87,9.53
2020-08-20,Minnesota,Wright,9.53,13,0,0.0,1019,6.0,0.59,747.35,4.4,0.75,136349,206.24,74.06,-1.47,260.34,0.73
2020-08-19,Minnesota,Wright,11.73,16,1,0.73,1006,6.0,0.6,737.81,4.4,0.74,136349,206.24,75.53,7.33,259.61,8.06
2020-08-18,Minnesota,Wright,3.67,5,0,0.0,990,5.0,0.51,726.08,3.67,0.73,136349,206.24,68.2,0.0,251.55,-13.93
2020-08-17,Minnesota,Wright,6.6,9,0,0.0,985,5.0,0.51,722.41,3.67,0.72,136349,206.24,68.2,0.73,265.48,0.0
2020-08-16,Minnesota,Wright,13.93,19,0,0.0,976,5.0,0.51,715.81,3.67,0.72,136349,206.24,67.47,2.93,265.48,2.2
2020-08-15,Minnesota,Wright,13.2,18,0,0.0,957,5.0,0.52,701.88,3.67,0.7,136349,206.24,64.54,2.93,263.28,3.67
2020-08-14,Minnesota,Wright,15.4,21,0,0.0,939,5.0,0.53,688.67,3.67,0.69,136349,206.24,61.61,9.53,259.61,8.8
2020-08-13,Minnesota,Wright,11.0,15,0,0.0,918,5.0,0.54,673.27,3.67,0.67,136349,206.24,52.08,-3.67,250.81,2.2
2020-08-12,Minnesota,Wright,4.4,6,0,0.0,903,5.0,0.55,662.27,3.67,0.66,136349,206.24,55.75,-0.73,248.61,-2.2
2020-08-11,Minnesota,Wright,3.67,5,0,0.0,897,5.0,0.56,657.87,3.67,0.66,136349,206.24,56.48,-1.46,250.81,-2.2
2020-08-10,Minnesota,Wright,5.87,8,0,0.0,892,5.0,0.56,654.2,3.67,0.65,136349,206.24,57.94,-2.93,253.01,0.0
2020-08-09,Minnesota,Wright,11.0,15,0,0.0,884,5.0,0.57,648.34,3.67,0.65,136349,206.24,60.87,0.0,253.01,2.93
2020-08-08,Minnesota,Wright,10.27,14,0,0.0,869,5.0,0.58,637.34,3.67,0.64,136349,206.24,60.87,-1.46,250.08,1.47
2020-08-07,Minnesota,Wright,5.87,8,0,0.0,855,5.0,0.58,627.07,3.67,0.63,136349,206.24,62.33,-2.2,248.61,-2.2
2020-08-06,Minnesota,Wright,14.67,20,0,0.0,847,5.0,0.59,621.2,3.67,0.62,136349,206.24,64.53,3.67,250.81,5.14
2020-08-05,Minnesota,Wright,5.13,7,0,0.0,827,5.0,0.6,606.53,3.67,0.61,136349,206.24,60.86,-2.2,245.67,-1.47
2020-08-04,Minnesota,Wright,5.13,7,0,0.0,820,5.0,0.61,601.4,3.67,0.6,136349,206.24,63.06,-3.67,247.14,-0.74
2020-08-03,Minnesota,Wright,8.8,12,0,0.0,813,5.0,0.62,596.26,3.67,0.6,136349,206.24,66.73,-3.67,247.88,1.47
2020-08-02,Minnesota,Wright,11.0,15,0,0.0,801,5.0,0.62,587.46,3.67,0.59,136349,206.24,70.4,1.47,246.41,4.4
2020-08-01,Minnesota,Wright,11.73,16,0,0.0,786,5.0,0.64,576.46,3.67,0.58,136349,206.24,68.93,-0.74,242.01,11.73
2020-07-31,Minnesota,Wright,8.07,11,0,0.0,770,5.0,0.65,564.73,3.67,0.56,136349,206.24,69.67,0.0,230.28,5.87
2020-07-30,Minnesota,Wright,11.0,15,0,0.0,759,5.0,0.66,556.66,3.67,0.56,136349,206.24,69.67,2.2,224.41,7.33
2020-07-29,Minnesota,Wright,7.33,10,0,0.0,744,5.0,0.67,545.66,3.67,0.55,136349,206.24,67.47,3.66,217.08,5.13
2020-07-28,Minnesota,Wright,8.8,12,0,0.0,734,5.0,0.68,538.32,3.67,0.54,136349,206.24,63.81,-8.8,211.95,3.67
2020-07-27,Minnesota,Wright,12.47,17,0,0.0,722,5.0,0.69,529.52,3.67,0.53,136349,206.24,72.61,5.87,208.28,3.67
2020-07-26,Minnesota,Wright,9.53,13,0,0.0,705,5.0,0.71,517.06,3.67,0.52,136349,206.24,66.74,-2.2,204.61,5.13
2020-07-25,Minnesota,Wright,12.47,17,1,0.73,692,5.0,0.72,507.52,3.67,0.51,136349,206.24,68.94,2.94,199.48,11.74
2020-07-24,Minnesota,Wright,8.07,11,0,0.0,675,4.0,0.59,495.05,2.93,0.5,136349,206.24,66.0,1.47,187.74,2.2
2020-07-23,Minnesota,Wright,8.8,12,0,0.0,664,4.0,0.6,486.99,2.93,0.49,136349,206.24,64.53,0.0,185.54,7.33
2020-07-22,Minnesota,Wright,3.67,5,0,0.0,652,4.0,0.61,478.18,2.93,0.48,136349,206.24,64.53,-2.93,178.21,0.74
2020-07-21,Minnesota,Wright,17.6,24,0,0.0,647,4.0,0.62,474.52,2.93,0.47,136349,206.24,67.46,11.73,177.47,16.13
2020-07-20,Minnesota,Wright,6.6,9,0,0.0,623,4.0,0.64,456.92,2.93,0.46,136349,206.24,55.73,0.73,161.34,5.13
2020-07-19,Minnesota,Wright,11.73,16,0,0.0,614,4.0,0.65,450.32,2.93,0.45,136349,206.24,55.0,3.66,156.21,8.8
2020-07-18,Minnesota,Wright,9.53,13,0,0.0,598,4.0,0.67,438.58,2.93,0.44,136349,206.24,51.34,0.73,147.41,7.33
2020-07-17,Minnesota,Wright,6.6,9,0,0.0,585,4.0,0.68,429.05,2.93,0.43,136349,206.24,50.61,-1.47,140.08,4.4
2020-07-16,Minnesota,Wright,8.8,12,-1,-0.73,576,4.0,0.69,422.45,2.93,0.42,136349,206.24,52.08,-0.73,135.68,8.07
2020-07-15,Minnesota,Wright,6.6,9,0,0.0,564,5.0,0.89,413.64,3.67,0.41,136349,206.24,52.81,0.0,127.61,1.47
2020-07-14,Minnesota,Wright,5.87,8,0,0.0,555,5.0,0.9,407.04,3.67,0.41,136349,206.24,52.81,0.0,126.14,2.2
2020-07-13,Minnesota,Wright,5.87,8,0,0.0,547,5.0,0.91,401.18,3.67,0.4,136349,206.24,52.81,-1.46,123.94,5.14
2020-07-12,Minnesota,Wright,8.07,11,0,0.0,539,5.0,0.93,395.31,3.67,0.4,136349,206.24,54.27,1.47,118.8,6.6
2020-07-11,Minnesota,Wright,8.8,12,0,0.0,528,5.0,0.95,387.24,3.67,0.39,136349,206.24,52.8,8.8,112.2,6.6
2020-07-10,Minnesota,Wright,8.07,11,0,0.0,516,5.0,0.97,378.44,3.67,0.38,136349,206.24,44.0,5.87,105.6,4.4
2020-07-09,Minnesota,Wright,9.53,13,0,0.0,505,5.0,0.99,370.37,3.67,0.37,136349,206.24,38.13,5.86,101.2,5.86
2020-07-08,Minnesota,Wright,6.6,9,0,0.0,492,5.0,1.02,360.84,3.67,0.36,136349,206.24,32.27,4.4,95.34,5.87
2020-07-07,Minnesota,Wright,5.87,8,0,0.0,483,5.0,1.04,354.24,3.67,0.35,136349,206.24,27.87,0.74,89.47,5.87
2020-07-06,Minnesota,Wright,7.33,10,0,0.0,475,5.0,1.05,348.37,3.67,0.35,136349,206.24,27.13,-1.47,83.6,5.13
2020-07-05,Minnesota,Wright,6.6,9,0,0.0,465,5.0,1.08,341.04,3.67,0.34,136349,206.24,28.6,2.2,78.47,1.47
2020-07-04,Minnesota,Wright,0.0,0,0,0.0,456,5.0,1.1,334.44,3.67,0.33,136349,206.24,26.4,-0.73,77.0,-1.47
2020-07-03,Minnesota,Wright,2.2,3,0,0.0,456,5.0,1.1,334.44,3.67,0.33,136349,206.24,27.13,-3.67,78.47,-5.13
2020-07-02,Minnesota,Wright,3.67,5,0,0.0,453,5.0,1.1,332.24,3.67,0.33,136349,206.24,30.8,2.2,83.6,-1.46
2020-07-01,Minnesota,Wright,2.2,3,0,0.0,448,5.0,1.12,328.57,3.67,0.33,136349,206.24,28.6,-0.73,85.06,-1.47
2020-06-30,Minnesota,Wright,5.13,7,1,0.73,445,5.0,1.12,326.37,3.67,0.33,136349,206.24,29.33,3.66,86.53,0.0
2020-06-29,Minnesota,Wright,8.8,12,0,0.0,438,4.0,0.91,321.23,2.93,0.32,136349,206.24,25.67,7.33,86.53,3.67
2020-06-28,Minnesota,Wright,4.4,6,0,0.0,426,4.0,0.94,312.43,2.93,0.31,136349,206.24,18.34,1.47,82.86,-1.47
2020-06-27,Minnesota,Wright,0.73,1,0,0.0,420,4.0,0.95,308.03,2.93,0.31,136349,206.24,16.87,-1.47,84.33,-12.47
2020-06-26,Minnesota,Wright,5.87,8,1,0.73,419,4.0,0.95,307.3,2.93,0.31,136349,206.24,18.34,3.67,96.8,0.74
2020-06-25,Minnesota,Wright,1.47,2,0,0.0,411,3.0,0.73,301.43,2.2,0.3,136349,206.24,14.67,0.74,96.06,-6.6
2020-06-24,Minnesota,Wright,2.93,4,0,0.0,409,3.0,0.73,299.97,2.2,0.3,136349,206.24,13.93,-2.2,102.66,-1.47
2020-06-23,Minnesota,Wright,1.47,2,1,0.73,405,3.0,0.74,297.03,2.2,0.3,136349,206.24,16.13,-2.2,104.13,-5.86
2020-06-22,Minnesota,Wright,1.47,2,0,0.0,403,2.0,0.5,295.57,1.47,0.3,136349,206.24,18.33,0.74,109.99,-8.06
2020-06-21,Minnesota,Wright,2.93,4,0,0.0,401,2.0,0.5,294.1,1.47,0.29,136349,206.24,17.59,1.46,118.05,-3.67
2020-06-20,Minnesota,Wright,2.2,3,0,0.0,397,2.0,0.5,291.16,1.47,0.29,136349,206.24,16.13,0.0,121.72,-11.0
2020-06-19,Minnesota,Wright,2.2,3,0,0.0,394,2.0,0.51,288.96,1.47,0.29,136349,206.24,16.13,-1.47,132.72,-7.33
2020-06-18,Minnesota,Wright,0.73,1,0,0.0,391,2.0,0.51,286.76,1.47,0.29,136349,206.24,17.6,-2.94,140.05,-0.74
2020-06-17,Minnesota,Wright,5.13,7,0,0.0,390,2.0,0.51,286.03,1.47,0.29,136349,206.24,20.54,4.4,140.79,-6.6
2020-06-16,Minnesota,Wright,3.67,5,0,0.0,383,2.0,0.52,280.9,1.47,0.28,136349,206.24,16.14,3.67,147.39,-3.66
2020-06-15,Minnesota,Wright,0.73,1,0,0.0,378,2.0,0.53,277.23,1.47,0.28,136349,206.24,12.47,-1.47,151.05,-6.6
2020-06-14,Minnesota,Wright,1.47,2,0,0.0,377,2.0,0.53,276.5,1.47,0.28,136349,206.24,13.94,-3.66,157.65,-5.86
2020-06-13,Minnesota,Wright,2.2,3,0,0.0,375,2.0,0.53,275.03,1.47,0.28,136349,206.24,17.6,0.73,163.51,-6.6
2020-06-12,Minnesota,Wright,3.67,5,0,0.0,372,2.0,0.54,272.83,1.47,0.27,136349,206.24,16.87,-3.66,170.11,-3.66
2020-06-11,Minnesota,Wright,3.67,5,0,0.0,367,2.0,0.54,269.16,1.47,0.27,136349,206.24,20.53,-1.46,173.77,-4.4
2020-06-10,Minnesota,Wright,0.73,1,0,0.0,362,2.0,0.55,265.5,1.47,0.27,136349,206.24,21.99,-2.94,178.17,0.73
2020-06-09,Minnesota,Wright,0.0,0,0,0.0,361,2.0,0.55,264.76,1.47,0.26,136349,206.24,24.93,-5.13,177.44,-6.6
2020-06-08,Minnesota,Wright,2.2,3,0,0.0,361,2.0,0.55,264.76,1.47,0.26,136349,206.24,30.06,-2.93,184.04,-3.67
2020-06-07,Minnesota,Wright,5.13,7,0,0.0,358,2.0,0.56,262.56,1.47,0.26,136349,206.24,32.99,-0.74,187.71,-2.2
2020-06-06,Minnesota,Wright,1.47,2,0,0.0,351,2.0,0.57,257.43,1.47,0.26,136349,206.24,33.73,-11.73,189.91,-5.13
2020-06-05,Minnesota,Wright,7.33,10,0,0.0,349,2.0,0.57,255.96,1.47,0.26,136349,206.24,45.46,2.2,195.04,0.0
2020-06-04,Minnesota,Wright,5.13,7,0,0.0,339,2.0,0.59,248.63,1.47,0.25,136349,206.24,43.26,-2.94,195.04,2.2
2020-06-03,Minnesota,Wright,3.67,5,0,0.0,332,2.0,0.6,243.49,1.47,0.24,136349,206.24,46.2,-0.73,192.84,-2.93
2020-06-02,Minnesota,Wright,5.13,7,0,0.0,327,2.0,0.61,239.83,1.47,0.24,136349,206.24,46.93,-2.2,195.77,0.73
2020-06-01,Minnesota,Wright,5.13,7,1,0.73,320,2.0,0.62,234.69,1.47,0.23,136349,206.24,49.13,-4.4,195.04,2.2
2020-05-31,Minnesota,Wright,5.87,8,0,0.0,313,1.0,0.32,229.56,0.73,0.23,136349,206.24,53.53,-0.73,192.84,4.4
2020-05-30,Minnesota,Wright,13.2,18,0,0.0,305,1.0,0.33,223.69,0.73,0.22,136349,206.24,54.26,0.0,188.44,9.53
2020-05-29,Minnesota,Wright,5.13,7,0,0.0,287,1.0,0.35,210.49,0.73,0.21,136349,206.24,54.26,-4.4,178.91,4.4
2020-05-28,Minnesota,Wright,8.07,11,0,0.0,280,1.0,0.36,205.36,0.73,0.21,136349,206.24,58.66,6.6,174.51,6.6
2020-05-27,Minnesota,Wright,4.4,6,0,0.0,269,1.0,0.37,197.29,0.73,0.2,136349,206.24,52.06,-7.33,167.91,0.73
2020-05-26,Minnesota,Wright,7.33,10,0,0.0,263,1.0,0.38,192.89,0.73,0.19,136349,206.24,59.39,0.0,167.18,6.6
2020-05-25,Minnesota,Wright,9.53,13,0,0.0,253,1.0,0.4,185.55,0.73,0.19,136349,206.24,59.39,2.2,160.58,8.8
2020-05-24,Minnesota,Wright,6.6,9,0,0.0,240,1.0,0.42,176.02,0.73,0.18,136349,206.24,57.19,-0.73,151.78,6.6
2020-05-23,Minnesota,Wright,13.2,18,-1,-0.73,231,1.0,0.43,169.42,0.73,0.17,136349,206.24,57.92,4.4,145.18,12.47
2020-05-22,Minnesota,Wright,9.53,13,1,0.73,213,2.0,0.94,156.22,1.47,0.16,136349,206.24,53.52,2.2,132.71,9.53
2020-05-21,Minnesota,Wright,1.47,2,0,0.0,200,1.0,0.5,146.68,0.73,0.15,136349,206.24,51.32,-6.6,123.18,0.0
2020-05-20,Minnesota,Wright,11.73,16,0,0.0,198,1.0,0.51,145.22,0.73,0.15,136349,206.24,57.92,11.73,123.18,9.53
2020-05-19,Minnesota,Wright,7.33,10,0,0.0,182,1.0,0.55,133.48,0.73,0.13,136349,206.24,46.19,0.73,113.65,5.86
2020-05-18,Minnesota,Wright,7.33,10,0,0.0,172,1.0,0.58,126.15,0.73,0.13,136349,206.24,45.46,1.46,107.79,7.33
2020-05-17,Minnesota,Wright,7.33,10,0,0.0,162,1.0,0.62,118.81,0.73,0.12,136349,206.24,44.0,0.0,100.46,5.86
2020-05-16,Minnesota,Wright,8.8,12,0,0.0,152,1.0,0.66,111.48,0.73,0.11,136349,206.24,44.0,2.2,94.6,8.8
2020-05-15,Minnesota,Wright,7.33,10,0,0.0,140,1.0,0.71,102.68,0.73,0.1,136349,206.24,41.8,0.0,85.8,5.86
2020-05-14,Minnesota,Wright,8.07,11,0,0.0,130,1.0,0.77,95.34,0.73,0.1,136349,206.24,41.8,5.14,79.94,8.07
2020-05-13,Minnesota,Wright,0.0,0,0,0.0,119,1.0,0.84,87.28,0.73,0.09,136349,206.24,36.66,-6.6,71.87,-1.47
2020-05-12,Minnesota,Wright,6.6,9,0,0.0,119,1.0,0.84,87.28,0.73,0.09,136349,206.24,43.26,2.2,73.34,5.13
2020-05-11,Minnesota,Wright,5.87,8,0,0.0,110,1.0,0.91,80.68,0.73,0.08,136349,206.24,41.06,2.94,68.21,5.87
2020-05-10,Minnesota,Wright,7.33,10,0,0.0,102,1.0,0.98,74.81,0.73,0.07,136349,206.24,38.12,5.86,62.34,6.6
2020-05-09,Minnesota,Wright,6.6,9,0,0.0,92,1.0,1.09,67.47,0.73,0.07,136349,206.24,32.26,2.93,55.74,5.13
2020-05-08,Minnesota,Wright,7.33,10,0,0.0,83,1.0,1.2,60.87,0.73,0.06,136349,206.24,29.33,6.6,50.61,5.86
2020-05-07,Minnesota,Wright,2.93,4,0,0.0,73,1.0,1.37,53.54,0.73,0.05,136349,206.24,22.73,1.46,44.75,2.93
2020-05-06,Minnesota,Wright,6.6,9,0,0.0,69,1.0,1.45,50.61,0.73,0.05,136349,206.24,21.27,2.93,41.82,6.6
2020-05-05,Minnesota,Wright,4.4,6,0,0.0,60,1.0,1.67,44.0,0.73,0.04,136349,206.24,18.34,3.67,35.22,2.2
2020-05-04,Minnesota,Wright,2.93,4,0,0.0,54,1.0,1.85,39.6,0.73,0.04,136349,206.24,14.67,2.2,33.02,2.93
2020-05-03,Minnesota,Wright,1.47,2,0,0.0,50,1.0,2.0,36.67,0.73,0.04,136349,206.24,12.47,1.47,30.09,0.74
2020-05-02,Minnesota,Wright,3.67,5,0,0.0,48,1.0,2.08,35.2,0.73,0.04,136349,206.24,11.0,2.94,29.35,2.94
2020-05-01,Minnesota,Wright,0.73,1,0,0.0,43,1.0,2.33,31.54,0.73,0.03,136349,206.24,8.06,0.73,26.41,0.73
2020-04-30,Minnesota,Wright,1.47,2,0,0.0,42,1.0,2.38,30.8,0.73,0.03,136349,206.24,7.33,0.0,25.68,0.74
2020-04-29,Minnesota,Wright,3.67,5,0,0.0,40,1.0,2.5,29.34,0.73,0.03,136349,206.24,7.33,1.47,24.94,3.67
2020-04-28,Minnesota,Wright,0.73,1,0,0.0,35,1.0,2.86,25.67,0.73,0.03,136349,206.24,5.86,-0.74,21.27,0.73
2020-04-27,Minnesota,Wright,0.73,1,0,0.0,34,1.0,2.94,24.94,0.73,0.02,136349,206.24,6.6,0.73,20.54,0.73
2020-04-26,Minnesota,Wright,0.0,0,0,0.0,33,1.0,3.03,24.2,0.73,0.02,136349,206.24,5.87,-1.47,19.81,-0.73
2020-04-25,Minnesota,Wright,0.73,1,0,0.0,33,1.0,3.03,24.2,0.73,0.02,136349,206.24,7.34,0.73,20.54,0.73
2020-04-24,Minnesota,Wright,0.0,0,0,0.0,32,1.0,3.12,23.47,0.73,0.02,136349,206.24,6.61,-1.47,19.81,0.0
2020-04-23,Minnesota,Wright,1.47,2,0,0.0,32,1.0,3.12,23.47,0.73,0.02,136349,206.24,8.08,1.47,19.81,0.0
2020-04-22,Minnesota,Wright,2.2,3,0,0.0,30,1.0,3.33,22.0,0.73,0.02,136349,206.24,6.61,0.73,19.81,2.2
2020-04-21,Minnesota,Wright,1.47,2,0,0.0,27,1.0,3.7,19.8,0.73,0.02,136349,206.24,5.88,0.0,17.61,1.47
2020-04-20,Minnesota,Wright,0.0,0,0,0.0,25,1.0,4.0,18.34,0.73,0.02,136349,206.24,5.88,0.0,16.14,0.0
2020-04-19,Minnesota,Wright,1.47,2,0,0.0,25,1.0,4.0,18.34,0.73,0.02,136349,206.24,5.88,0.74,16.14,1.47
2020-04-18,Minnesota,Wright,0.0,0,0,0.0,23,1.0,4.35,16.87,0.73,0.02,136349,206.24,5.14,-1.47,14.67,-0.73
2020-04-17,Minnesota,Wright,1.47,2,0,0.0,23,1.0,4.35,16.87,0.73,0.02,136349,206.24,6.61,0.0,15.4,1.47
2020-04-16,Minnesota,Wright,0.0,0,0,0.0,21,1.0,4.76,15.4,0.73,0.02,136349,206.24,6.61,0.0,13.93,-0.73
2020-04-15,Minnesota,Wright,1.47,2,0,0.0,21,1.0,4.76,15.4,0.73,0.02,136349,206.24,6.61,1.47,14.66,1.47
2020-04-14,Minnesota,Wright,1.47,2,0,0.0,19,1.0,5.26,13.93,0.73,0.01,136349,206.24,5.14,-0.73,13.19,1.47
2020-04-13,Minnesota,Wright,0.0,0,0,0.0,17,1.0,5.88,12.47,0.73,0.01,136349,206.24,5.87,0.0,11.72,0.0
2020-04-12,Minnesota,Wright,0.73,1,0,0.0,17,1.0,5.88,12.47,0.73,0.01,136349,206.24,5.87,0.0,11.72,0.73
2020-04-11,Minnesota,Wright,1.47,2,1,0.73,16,1.0,6.25,11.73,0.73,0.01,136349,206.24,5.87,0.74,10.99,1.47
2020-04-10,Minnesota,Wright,1.47,2,0,0.0,14,0.0,0.0,10.27,0.0,0.01,136349,206.24,5.13,1.47,9.52,1.47
2020-04-09,Minnesota,Wright,0.0,0,0,0.0,12,0.0,0.0,8.8,0.0,0.01,136349,206.24,3.66,-0.73,8.05,0.0
2020-04-08,Minnesota,Wright,0.0,0,0,0.0,12,0.0,0.0,8.8,0.0,0.01,136349,206.24,4.39,0.0,8.05,0.0
2020-04-07,Minnesota,Wright,2.2,3,0,0.0,12,0.0,0.0,8.8,0.0,0.01,136349,206.24,4.39,2.2,8.05,2.2
2020-04-06,Minnesota,Wright,0.0,0,0,0.0,9,0.0,0.0,6.6,0.0,0.01,136349,206.24,2.19,0.0,5.85,0.0
2020-04-05,Minnesota,Wright,0.73,1,0,0.0,9,0.0,0.0,6.6,0.0,0.01,136349,206.24,2.19,0.0,5.85,0.73
2020-04-04,Minnesota,Wright,0.73,1,0,0.0,8,0.0,0.0,5.87,0.0,0.01,136349,206.24,2.19,0.73,5.12,0.73
2020-04-03,Minnesota,Wright,0.0,0,0,0.0,7,0.0,0.0,5.13,0.0,0.01,136349,206.24,1.46,0.0,4.39,0.0
2020-04-02,Minnesota,Wright,0.73,1,0,0.0,7,0.0,0.0,5.13,0.0,0.01,136349,206.24,1.46,-0.74,4.39,0.73
2020-04-01,Minnesota,Wright,0.0,0,0,0.0,6,0.0,0.0,4.4,0.0,0.0,136349,206.24,2.2,0.0,3.66,0.0
2020-03-31,Minnesota,Wright,0.0,0,0,0.0,6,0.0,0.0,4.4,0.0,0.0,136349,206.24,2.2,0.0,3.66,0.0
2020-03-30,Minnesota,Wright,0.0,0,0,0.0,6,0.0,0.0,4.4,0.0,0.0,136349,206.24,2.2,0.0,3.66,0.0
2020-03-29,Minnesota,Wright,0.73,1,0,0.0,6,0.0,0.0,4.4,0.0,0.0,136349,206.24,2.2,0.73,3.66,0.73
2020-03-28,Minnesota,Wright,0.0,0,0,0.0,5,0.0,0.0,3.67,0.0,0.0,136349,206.24,1.47,-0.73,2.93,0.0
2020-03-27,Minnesota,Wright,0.0,0,0,0.0,5,0.0,0.0,3.67,0.0,0.0,136349,206.24,2.2,0.0,2.93,0.0
2020-03-26,Minnesota,Wright,1.47,2,0,0.0,5,0.0,0.0,3.67,0.0,0.0,136349,206.24,2.2,0.74,2.93,1.47
2020-03-25,Minnesota,Wright,0.0,0,0,0.0,3,0.0,0.0,2.2,0.0,0.0,136349,206.24,1.46,0.0,1.46,0.0
2020-03-24,Minnesota,Wright,0.0,0,0,0.0,3,0.0,0.0,2.2,0.0,0.0,136349,206.24,1.46,0.0,1.46,0.0
2020-03-23,Minnesota,Wright,0.0,0,0,0.0,3,0.0,0.0,2.2,0.0,0.0,136349,206.24,1.46,0.0,1.46,0.0
2020-03-22,Minnesota,Wright,0.0,0,0,0.0,3,0.0,0.0,2.2,0.0,0.0,136349,206.24,1.46,0.0,1.46,0.0
2020-03-21,Minnesota,Wright,0.73,1,0,0.0,3,0.0,0.0,2.2,0.0,0.0,136349,206.24,1.46,0.73,1.46,0.73
2020-03-20,Minnesota,Wright,0.0,0,0,0.0,2,0.0,0.0,1.47,0.0,0.0,136349,206.24,0.73,0.0,0.73,0.0
2020-03-19,Minnesota,Wright,0.73,1,0,0.0,2,0.0,0.0,1.47,0.0,0.0,136349,206.24,0.73,0.73,0.73,0.73
2020-03-18,Minnesota,Wright,0.0,0,0,0.0,1,0.0,0.0,0.73,0.0,0.0,136349,206.24,0.0,0.0,0.0,0.0
2020-03-17,Minnesota,Wright,0.0,0,0,0.0,1,0.0,0.0,0.73,0.0,0.0,136349,206.24,0.0,0.0,0.0,0.0
2020-03-16,Minnesota,Wright,0.0,0,0,0.0,1,0.0,0.0,0.73,0.0,0.0,136349,206.24,0.0,0.0,0.0,0.0
2020-03-15,Minnesota,Wright,0.0,0,0,0.0,1,0.0,0.0,0.73,0.0,0.0,136349,206.24,0.0,0.0,0.0,0.0
2020-03-14,Minnesota,Wright,0.0,0,0,0.0,1,0.0,0.0,0.73,0.0,0.0,136349,206.24,0.0,0.0,0.0,0.0
2020-03-13,Minnesota,Wright,0.0,0,0,0.0,1,0.0,0.0,0.73,0.0,0.0,136349,206.24,0.0,0.0,0.0,0.0
