date,state,county,new_cases_100k,new_cases,new_deaths,new_deaths_100k,total_cases,total_deaths,cfr%,total_cases_100k,total_deaths_100k,%infected,population,pop_density
2020-08-12,Arkansas,Cleburne,16.02,4,0,0.0,206,5,2.43,825.16,20.03,0.83,24965,45.08
2020-08-11,Arkansas,Cleburne,0.0,0,0,0.0,202,5,2.48,809.13,20.03,0.81,24965,45.08
2020-08-10,Arkansas,Cleburne,8.01,2,0,0.0,202,5,2.48,809.13,20.03,0.81,24965,45.08
2020-08-09,Arkansas,Cleburne,24.03,6,0,0.0,200,5,2.5,801.12,20.03,0.8,24965,45.08
2020-08-08,Arkansas,Cleburne,0.0,0,0,0.0,194,5,2.58,777.09,20.03,0.78,24965,45.08
2020-08-07,Arkansas,Cleburne,24.03,6,0,0.0,194,5,2.58,777.09,20.03,0.78,24965,45.08
2020-08-06,Arkansas,Cleburne,4.01,1,0,0.0,188,5,2.66,753.05,20.03,0.75,24965,45.08
2020-08-05,Arkansas,Cleburne,16.02,4,0,0.0,187,5,2.67,749.05,20.03,0.75,24965,45.08
2020-08-04,Arkansas,Cleburne,4.01,1,0,0.0,183,5,2.73,733.03,20.03,0.73,24965,45.08
2020-08-03,Arkansas,Cleburne,4.01,1,0,0.0,182,5,2.75,729.02,20.03,0.73,24965,45.08
2020-08-02,Arkansas,Cleburne,8.01,2,0,0.0,181,5,2.76,725.02,20.03,0.73,24965,45.08
2020-08-01,Arkansas,Cleburne,4.01,1,0,0.0,179,5,2.79,717.0,20.03,0.72,24965,45.08
2020-07-31,Arkansas,Cleburne,12.02,3,0,0.0,178,5,2.81,713.0,20.03,0.71,24965,45.08
2020-07-30,Arkansas,Cleburne,0.0,0,0,0.0,175,5,2.86,700.98,20.03,0.7,24965,45.08
2020-07-29,Arkansas,Cleburne,0.0,0,0,0.0,175,5,2.86,700.98,20.03,0.7,24965,45.08
2020-07-28,Arkansas,Cleburne,0.0,0,0,0.0,175,5,2.86,700.98,20.03,0.7,24965,45.08
2020-07-27,Arkansas,Cleburne,4.01,1,0,0.0,175,5,2.86,700.98,20.03,0.7,24965,45.08
2020-07-26,Arkansas,Cleburne,4.01,1,0,0.0,174,5,2.87,696.98,20.03,0.7,24965,45.08
2020-07-25,Arkansas,Cleburne,24.03,6,0,0.0,173,5,2.89,692.97,20.03,0.69,24965,45.08
2020-07-24,Arkansas,Cleburne,8.01,2,0,0.0,167,5,2.99,668.94,20.03,0.67,24965,45.08
2020-07-23,Arkansas,Cleburne,20.03,5,0,0.0,165,5,3.03,660.93,20.03,0.66,24965,45.08
2020-07-22,Arkansas,Cleburne,4.01,1,0,0.0,160,5,3.12,640.9,20.03,0.64,24965,45.08
2020-07-21,Arkansas,Cleburne,12.02,3,0,0.0,159,5,3.14,636.89,20.03,0.64,24965,45.08
2020-07-20,Arkansas,Cleburne,8.01,2,0,0.0,156,5,3.21,624.87,20.03,0.62,24965,45.08
2020-07-19,Arkansas,Cleburne,4.01,1,0,0.0,154,5,3.25,616.86,20.03,0.62,24965,45.08
2020-07-18,Arkansas,Cleburne,16.02,4,0,0.0,153,5,3.27,612.86,20.03,0.61,24965,45.08
2020-07-17,Arkansas,Cleburne,4.01,1,1,4.01,149,5,3.36,596.84,20.03,0.6,24965,45.08
2020-07-16,Arkansas,Cleburne,40.06,10,0,0.0,148,4,2.7,592.83,16.02,0.59,24965,45.08
2020-07-15,Arkansas,Cleburne,4.01,1,0,0.0,138,4,2.9,552.77,16.02,0.55,24965,45.08
2020-07-14,Arkansas,Cleburne,16.02,4,0,0.0,137,4,2.92,548.77,16.02,0.55,24965,45.08
2020-07-13,Arkansas,Cleburne,4.01,1,0,0.0,133,4,3.01,532.75,16.02,0.53,24965,45.08
2020-07-12,Arkansas,Cleburne,8.01,2,0,0.0,132,4,3.03,528.74,16.02,0.53,24965,45.08
2020-07-11,Arkansas,Cleburne,8.01,2,0,0.0,130,4,3.08,520.73,16.02,0.52,24965,45.08
2020-07-10,Arkansas,Cleburne,16.02,4,0,0.0,128,4,3.12,512.72,16.02,0.51,24965,45.08
2020-07-09,Arkansas,Cleburne,20.03,5,0,0.0,124,4,3.23,496.7,16.02,0.5,24965,45.08
2020-07-08,Arkansas,Cleburne,8.01,2,0,0.0,119,4,3.36,476.67,16.02,0.48,24965,45.08
2020-07-07,Arkansas,Cleburne,8.01,2,0,0.0,117,4,3.42,468.66,16.02,0.47,24965,45.08
2020-07-06,Arkansas,Cleburne,16.02,4,0,0.0,115,4,3.48,460.64,16.02,0.46,24965,45.08
2020-07-05,Arkansas,Cleburne,4.01,1,0,0.0,111,4,3.6,444.62,16.02,0.44,24965,45.08
2020-07-04,Arkansas,Cleburne,32.04,8,0,0.0,110,4,3.64,440.62,16.02,0.44,24965,45.08
2020-07-03,Arkansas,Cleburne,4.01,1,0,0.0,102,4,3.92,408.57,16.02,0.41,24965,45.08
2020-07-02,Arkansas,Cleburne,36.05,9,0,0.0,101,4,3.96,404.57,16.02,0.4,24965,45.08
2020-07-01,Arkansas,Cleburne,28.04,7,0,0.0,92,4,4.35,368.52,16.02,0.37,24965,45.08
2020-06-30,Arkansas,Cleburne,0.0,0,0,0.0,85,4,4.71,340.48,16.02,0.34,24965,45.08
2020-06-29,Arkansas,Cleburne,4.01,1,0,0.0,85,4,4.71,340.48,16.02,0.34,24965,45.08
2020-06-28,Arkansas,Cleburne,4.01,1,0,0.0,84,4,4.76,336.47,16.02,0.34,24965,45.08
2020-06-27,Arkansas,Cleburne,4.01,1,0,0.0,83,4,4.82,332.47,16.02,0.33,24965,45.08
2020-06-26,Arkansas,Cleburne,12.02,3,0,0.0,82,4,4.88,328.46,16.02,0.33,24965,45.08
2020-06-25,Arkansas,Cleburne,4.01,1,0,0.0,79,4,5.06,316.44,16.02,0.32,24965,45.08
2020-06-24,Arkansas,Cleburne,4.01,1,0,0.0,78,4,5.13,312.44,16.02,0.31,24965,45.08
2020-06-23,Arkansas,Cleburne,0.0,0,0,0.0,77,4,5.19,308.43,16.02,0.31,24965,45.08
2020-06-22,Arkansas,Cleburne,0.0,0,0,0.0,77,4,5.19,308.43,16.02,0.31,24965,45.08
2020-06-21,Arkansas,Cleburne,0.0,0,0,0.0,77,4,5.19,308.43,16.02,0.31,24965,45.08
2020-06-20,Arkansas,Cleburne,4.01,1,0,0.0,77,4,5.19,308.43,16.02,0.31,24965,45.08
2020-06-19,Arkansas,Cleburne,0.0,0,0,0.0,76,4,5.26,304.43,16.02,0.3,24965,45.08
2020-06-18,Arkansas,Cleburne,4.01,1,0,0.0,76,4,5.26,304.43,16.02,0.3,24965,45.08
2020-06-17,Arkansas,Cleburne,0.0,0,0,0.0,75,4,5.33,300.42,16.02,0.3,24965,45.08
2020-06-16,Arkansas,Cleburne,0.0,0,0,0.0,75,4,5.33,300.42,16.02,0.3,24965,45.08
2020-06-15,Arkansas,Cleburne,0.0,0,0,0.0,75,4,5.33,300.42,16.02,0.3,24965,45.08
2020-06-14,Arkansas,Cleburne,0.0,0,0,0.0,75,4,5.33,300.42,16.02,0.3,24965,45.08
2020-06-13,Arkansas,Cleburne,4.01,1,0,0.0,75,4,5.33,300.42,16.02,0.3,24965,45.08
2020-06-12,Arkansas,Cleburne,0.0,0,0,0.0,74,4,5.41,296.41,16.02,0.3,24965,45.08
2020-06-11,Arkansas,Cleburne,0.0,0,0,0.0,74,4,5.41,296.41,16.02,0.3,24965,45.08
2020-06-10,Arkansas,Cleburne,-4.01,-1,0,0.0,74,4,5.41,296.41,16.02,0.3,24965,45.08
2020-06-09,Arkansas,Cleburne,0.0,0,0,0.0,75,4,5.33,300.42,16.02,0.3,24965,45.08
2020-06-08,Arkansas,Cleburne,4.01,1,0,0.0,75,4,5.33,300.42,16.02,0.3,24965,45.08
2020-06-07,Arkansas,Cleburne,0.0,0,0,0.0,74,4,5.41,296.41,16.02,0.3,24965,45.08
2020-06-06,Arkansas,Cleburne,0.0,0,0,0.0,74,4,5.41,296.41,16.02,0.3,24965,45.08
2020-06-05,Arkansas,Cleburne,-8.01,-2,0,0.0,74,4,5.41,296.41,16.02,0.3,24965,45.08
2020-06-04,Arkansas,Cleburne,0.0,0,0,0.0,76,4,5.26,304.43,16.02,0.3,24965,45.08
2020-06-03,Arkansas,Cleburne,8.01,2,0,0.0,76,4,5.26,304.43,16.02,0.3,24965,45.08
2020-06-02,Arkansas,Cleburne,0.0,0,0,0.0,74,4,5.41,296.41,16.02,0.3,24965,45.08
2020-06-01,Arkansas,Cleburne,4.01,1,0,0.0,74,4,5.41,296.41,16.02,0.3,24965,45.08
2020-05-31,Arkansas,Cleburne,0.0,0,0,0.0,73,4,5.48,292.41,16.02,0.29,24965,45.08
2020-05-30,Arkansas,Cleburne,0.0,0,0,0.0,73,4,5.48,292.41,16.02,0.29,24965,45.08
2020-05-29,Arkansas,Cleburne,0.0,0,0,0.0,73,4,5.48,292.41,16.02,0.29,24965,45.08
2020-05-28,Arkansas,Cleburne,0.0,0,0,0.0,73,4,5.48,292.41,16.02,0.29,24965,45.08
2020-05-27,Arkansas,Cleburne,0.0,0,0,0.0,73,4,5.48,292.41,16.02,0.29,24965,45.08
2020-05-26,Arkansas,Cleburne,0.0,0,0,0.0,73,4,5.48,292.41,16.02,0.29,24965,45.08
2020-05-25,Arkansas,Cleburne,0.0,0,0,0.0,73,4,5.48,292.41,16.02,0.29,24965,45.08
2020-05-24,Arkansas,Cleburne,0.0,0,0,0.0,73,4,5.48,292.41,16.02,0.29,24965,45.08
2020-05-23,Arkansas,Cleburne,0.0,0,0,0.0,73,4,5.48,292.41,16.02,0.29,24965,45.08
2020-05-22,Arkansas,Cleburne,0.0,0,0,0.0,73,4,5.48,292.41,16.02,0.29,24965,45.08
2020-05-21,Arkansas,Cleburne,0.0,0,0,0.0,73,4,5.48,292.41,16.02,0.29,24965,45.08
2020-05-20,Arkansas,Cleburne,4.01,1,0,0.0,73,4,5.48,292.41,16.02,0.29,24965,45.08
2020-05-19,Arkansas,Cleburne,0.0,0,0,0.0,72,4,5.56,288.4,16.02,0.29,24965,45.08
2020-05-18,Arkansas,Cleburne,0.0,0,0,0.0,72,4,5.56,288.4,16.02,0.29,24965,45.08
2020-05-17,Arkansas,Cleburne,0.0,0,0,0.0,72,4,5.56,288.4,16.02,0.29,24965,45.08
2020-05-16,Arkansas,Cleburne,0.0,0,0,0.0,72,4,5.56,288.4,16.02,0.29,24965,45.08
2020-05-15,Arkansas,Cleburne,0.0,0,0,0.0,72,4,5.56,288.4,16.02,0.29,24965,45.08
2020-05-14,Arkansas,Cleburne,0.0,0,0,0.0,72,4,5.56,288.4,16.02,0.29,24965,45.08
2020-05-13,Arkansas,Cleburne,0.0,0,0,0.0,72,4,5.56,288.4,16.02,0.29,24965,45.08
2020-05-12,Arkansas,Cleburne,0.0,0,0,0.0,72,4,5.56,288.4,16.02,0.29,24965,45.08
2020-05-11,Arkansas,Cleburne,0.0,0,0,0.0,72,4,5.56,288.4,16.02,0.29,24965,45.08
2020-05-10,Arkansas,Cleburne,0.0,0,0,0.0,72,4,5.56,288.4,16.02,0.29,24965,45.08
2020-05-09,Arkansas,Cleburne,0.0,0,0,0.0,72,4,5.56,288.4,16.02,0.29,24965,45.08
2020-05-08,Arkansas,Cleburne,0.0,0,0,0.0,72,4,5.56,288.4,16.02,0.29,24965,45.08
2020-05-07,Arkansas,Cleburne,0.0,0,0,0.0,72,4,5.56,288.4,16.02,0.29,24965,45.08
2020-05-06,Arkansas,Cleburne,0.0,0,0,0.0,72,4,5.56,288.4,16.02,0.29,24965,45.08
2020-05-05,Arkansas,Cleburne,0.0,0,0,0.0,72,4,5.56,288.4,16.02,0.29,24965,45.08
2020-05-04,Arkansas,Cleburne,-4.01,-1,0,0.0,72,4,5.56,288.4,16.02,0.29,24965,45.08
2020-05-03,Arkansas,Cleburne,0.0,0,0,0.0,73,4,5.48,292.41,16.02,0.29,24965,45.08
2020-05-02,Arkansas,Cleburne,0.0,0,0,0.0,73,4,5.48,292.41,16.02,0.29,24965,45.08
2020-05-01,Arkansas,Cleburne,0.0,0,0,0.0,73,4,5.48,292.41,16.02,0.29,24965,45.08
2020-04-30,Arkansas,Cleburne,0.0,0,0,0.0,73,4,5.48,292.41,16.02,0.29,24965,45.08
2020-04-29,Arkansas,Cleburne,4.01,1,0,0.0,73,4,5.48,292.41,16.02,0.29,24965,45.08
2020-04-28,Arkansas,Cleburne,0.0,0,0,0.0,72,4,5.56,288.4,16.02,0.29,24965,45.08
2020-04-27,Arkansas,Cleburne,0.0,0,0,0.0,72,4,5.56,288.4,16.02,0.29,24965,45.08
2020-04-26,Arkansas,Cleburne,0.0,0,0,0.0,72,4,5.56,288.4,16.02,0.29,24965,45.08
2020-04-25,Arkansas,Cleburne,0.0,0,0,0.0,72,4,5.56,288.4,16.02,0.29,24965,45.08
2020-04-24,Arkansas,Cleburne,4.01,1,0,0.0,72,4,5.56,288.4,16.02,0.29,24965,45.08
2020-04-23,Arkansas,Cleburne,0.0,0,0,0.0,71,4,5.63,284.4,16.02,0.28,24965,45.08
2020-04-22,Arkansas,Cleburne,0.0,0,0,0.0,71,4,5.63,284.4,16.02,0.28,24965,45.08
2020-04-21,Arkansas,Cleburne,0.0,0,0,0.0,71,4,5.63,284.4,16.02,0.28,24965,45.08
2020-04-20,Arkansas,Cleburne,4.01,1,0,0.0,71,4,5.63,284.4,16.02,0.28,24965,45.08
2020-04-19,Arkansas,Cleburne,0.0,0,0,0.0,70,4,5.71,280.39,16.02,0.28,24965,45.08
2020-04-18,Arkansas,Cleburne,0.0,0,0,0.0,70,4,5.71,280.39,16.02,0.28,24965,45.08
2020-04-17,Arkansas,Cleburne,0.0,0,0,0.0,70,4,5.71,280.39,16.02,0.28,24965,45.08
2020-04-16,Arkansas,Cleburne,0.0,0,0,0.0,70,4,5.71,280.39,16.02,0.28,24965,45.08
2020-04-15,Arkansas,Cleburne,0.0,0,0,0.0,70,4,5.71,280.39,16.02,0.28,24965,45.08
2020-04-14,Arkansas,Cleburne,0.0,0,0,0.0,70,4,5.71,280.39,16.02,0.28,24965,45.08
2020-04-13,Arkansas,Cleburne,0.0,0,0,0.0,70,4,5.71,280.39,16.02,0.28,24965,45.08
2020-04-12,Arkansas,Cleburne,4.01,1,0,0.0,70,4,5.71,280.39,16.02,0.28,24965,45.08
2020-04-11,Arkansas,Cleburne,0.0,0,0,0.0,69,4,5.8,276.39,16.02,0.28,24965,45.08
2020-04-10,Arkansas,Cleburne,0.0,0,0,0.0,69,4,5.8,276.39,16.02,0.28,24965,45.08
2020-04-09,Arkansas,Cleburne,-4.01,-1,0,0.0,69,4,5.8,276.39,16.02,0.28,24965,45.08
2020-04-08,Arkansas,Cleburne,12.02,3,0,0.0,70,4,5.71,280.39,16.02,0.28,24965,45.08
2020-04-07,Arkansas,Cleburne,8.01,2,0,0.0,67,4,5.97,268.38,16.02,0.27,24965,45.08
2020-04-06,Arkansas,Cleburne,0.0,0,0,0.0,65,4,6.15,260.36,16.02,0.26,24965,45.08
2020-04-05,Arkansas,Cleburne,0.0,0,1,4.01,65,4,6.15,260.36,16.02,0.26,24965,45.08
2020-04-04,Arkansas,Cleburne,0.0,0,0,0.0,65,3,4.62,260.36,12.02,0.26,24965,45.08
2020-04-03,Arkansas,Cleburne,4.01,1,0,0.0,65,3,4.62,260.36,12.02,0.26,24965,45.08
2020-04-02,Arkansas,Cleburne,4.01,1,0,0.0,64,3,4.69,256.36,12.02,0.26,24965,45.08
2020-04-01,Arkansas,Cleburne,8.01,2,1,4.01,63,3,4.76,252.35,12.02,0.25,24965,45.08
2020-03-31,Arkansas,Cleburne,12.02,3,0,0.0,61,2,3.28,244.34,8.01,0.24,24965,45.08
2020-03-30,Arkansas,Cleburne,8.01,2,0,0.0,58,2,3.45,232.33,8.01,0.23,24965,45.08
2020-03-29,Arkansas,Cleburne,24.03,6,0,0.0,56,2,3.57,224.31,8.01,0.22,24965,45.08
2020-03-28,Arkansas,Cleburne,4.01,1,0,0.0,50,2,4.0,200.28,8.01,0.2,24965,45.08
2020-03-27,Arkansas,Cleburne,12.02,3,0,0.0,49,2,4.08,196.27,8.01,0.2,24965,45.08
2020-03-26,Arkansas,Cleburne,20.03,5,1,4.01,46,2,4.35,184.26,8.01,0.18,24965,45.08
2020-03-25,Arkansas,Cleburne,28.04,7,0,0.0,41,1,2.44,164.23,4.01,0.16,24965,45.08
2020-03-24,Arkansas,Cleburne,36.05,9,1,4.01,34,1,2.94,136.19,4.01,0.14,24965,45.08
2020-03-23,Arkansas,Cleburne,0.0,0,0,0.0,25,0,0.0,100.14,0.0,0.1,24965,45.08
2020-03-22,Arkansas,Cleburne,12.02,3,0,0.0,25,0,0.0,100.14,0.0,0.1,24965,45.08
2020-03-21,Arkansas,Cleburne,44.06,11,0,0.0,22,0,0.0,88.12,0.0,0.09,24965,45.08
2020-03-20,Arkansas,Cleburne,40.06,10,0,0.0,11,0,0.0,44.06,0.0,0.04,24965,45.08
2020-03-19,Arkansas,Cleburne,0.0,0,0,0.0,1,0,0.0,4.01,0.0,0.0,24965,45.08
2020-03-18,Arkansas,Cleburne,0.0,0,0,0.0,1,0,0.0,4.01,0.0,0.0,24965,45.08
2020-03-17,Arkansas,Cleburne,0.0,0,0,0.0,1,0,0.0,4.01,0.0,0.0,24965,45.08
2020-03-16,Arkansas,Cleburne,0.0,0,0,0.0,1,0,0.0,4.01,0.0,0.0,24965,45.08
