date,state,county,new_cases_100k,new_cases,new_deaths,new_deaths_100k,total_cases,total_deaths,cfr%,total_cases_100k,total_deaths_100k,%infected,population,pop_density
2020-07-23,Arkansas,Lonoke,20.36,15,0,0.0,291,2,0.69,395.07,2.72,0.4,73657,95.55
2020-07-22,Arkansas,Lonoke,13.58,10,0,0.0,276,2,0.72,374.71,2.72,0.37,73657,95.55
2020-07-21,Arkansas,Lonoke,6.79,5,0,0.0,266,2,0.75,361.13,2.72,0.36,73657,95.55
2020-07-20,Arkansas,Lonoke,5.43,4,0,0.0,261,2,0.77,354.35,2.72,0.35,73657,95.55
2020-07-19,Arkansas,Lonoke,14.93,11,0,0.0,257,2,0.78,348.91,2.72,0.35,73657,95.55
2020-07-18,Arkansas,Lonoke,8.15,6,0,0.0,246,2,0.81,333.98,2.72,0.33,73657,95.55
2020-07-17,Arkansas,Lonoke,8.15,6,0,0.0,240,2,0.83,325.83,2.72,0.33,73657,95.55
2020-07-16,Arkansas,Lonoke,21.72,16,0,0.0,234,2,0.85,317.69,2.72,0.32,73657,95.55
2020-07-15,Arkansas,Lonoke,6.79,5,1,1.36,218,2,0.92,295.97,2.72,0.3,73657,95.55
2020-07-14,Arkansas,Lonoke,16.29,12,0,0.0,213,1,0.47,289.18,1.36,0.29,73657,95.55
2020-07-13,Arkansas,Lonoke,5.43,4,0,0.0,201,1,0.5,272.89,1.36,0.27,73657,95.55
2020-07-12,Arkansas,Lonoke,4.07,3,0,0.0,197,1,0.51,267.46,1.36,0.27,73657,95.55
2020-07-11,Arkansas,Lonoke,6.79,5,0,0.0,194,1,0.52,263.38,1.36,0.26,73657,95.55
2020-07-10,Arkansas,Lonoke,9.5,7,0,0.0,189,1,0.53,256.59,1.36,0.26,73657,95.55
2020-07-09,Arkansas,Lonoke,2.72,2,0,0.0,182,1,0.55,247.09,1.36,0.25,73657,95.55
2020-07-08,Arkansas,Lonoke,2.72,2,0,0.0,180,1,0.56,244.38,1.36,0.24,73657,95.55
2020-07-07,Arkansas,Lonoke,9.5,7,0,0.0,178,1,0.56,241.66,1.36,0.24,73657,95.55
2020-07-06,Arkansas,Lonoke,5.43,4,0,0.0,171,1,0.58,232.16,1.36,0.23,73657,95.55
2020-07-05,Arkansas,Lonoke,4.07,3,0,0.0,167,1,0.6,226.73,1.36,0.23,73657,95.55
2020-07-04,Arkansas,Lonoke,2.72,2,0,0.0,164,1,0.61,222.65,1.36,0.22,73657,95.55
2020-07-03,Arkansas,Lonoke,5.43,4,0,0.0,162,1,0.62,219.94,1.36,0.22,73657,95.55
2020-07-02,Arkansas,Lonoke,19.01,14,0,0.0,158,1,0.63,214.51,1.36,0.21,73657,95.55
2020-07-01,Arkansas,Lonoke,8.15,6,0,0.0,144,1,0.69,195.5,1.36,0.2,73657,95.55
2020-06-30,Arkansas,Lonoke,5.43,4,0,0.0,138,1,0.72,187.35,1.36,0.19,73657,95.55
2020-06-29,Arkansas,Lonoke,2.72,2,0,0.0,134,1,0.75,181.92,1.36,0.18,73657,95.55
2020-06-28,Arkansas,Lonoke,6.79,5,0,0.0,132,1,0.76,179.21,1.36,0.18,73657,95.55
2020-06-27,Arkansas,Lonoke,10.86,8,0,0.0,127,1,0.79,172.42,1.36,0.17,73657,95.55
2020-06-26,Arkansas,Lonoke,-5.43,-4,1,1.36,119,1,0.84,161.56,1.36,0.16,73657,95.55
2020-06-25,Arkansas,Lonoke,36.66,27,0,0.0,123,0,0.0,166.99,0.0,0.17,73657,95.55
2020-06-24,Arkansas,Lonoke,6.79,5,0,0.0,96,0,0.0,130.33,0.0,0.13,73657,95.55
2020-06-23,Arkansas,Lonoke,2.72,2,0,0.0,91,0,0.0,123.55,0.0,0.12,73657,95.55
2020-06-22,Arkansas,Lonoke,1.36,1,0,0.0,89,0,0.0,120.83,0.0,0.12,73657,95.55
2020-06-21,Arkansas,Lonoke,2.72,2,0,0.0,88,0,0.0,119.47,0.0,0.12,73657,95.55
2020-06-20,Arkansas,Lonoke,2.72,2,0,0.0,86,0,0.0,116.76,0.0,0.12,73657,95.55
2020-06-19,Arkansas,Lonoke,5.43,4,0,0.0,84,0,0.0,114.04,0.0,0.11,73657,95.55
2020-06-18,Arkansas,Lonoke,2.72,2,0,0.0,80,0,0.0,108.61,0.0,0.11,73657,95.55
2020-06-17,Arkansas,Lonoke,4.07,3,0,0.0,78,0,0.0,105.9,0.0,0.11,73657,95.55
2020-06-16,Arkansas,Lonoke,2.72,2,0,0.0,75,0,0.0,101.82,0.0,0.1,73657,95.55
2020-06-15,Arkansas,Lonoke,2.72,2,0,0.0,73,0,0.0,99.11,0.0,0.1,73657,95.55
2020-06-14,Arkansas,Lonoke,1.36,1,0,0.0,71,0,0.0,96.39,0.0,0.1,73657,95.55
2020-06-13,Arkansas,Lonoke,1.36,1,0,0.0,70,0,0.0,95.04,0.0,0.1,73657,95.55
2020-06-12,Arkansas,Lonoke,2.72,2,0,0.0,69,0,0.0,93.68,0.0,0.09,73657,95.55
2020-06-11,Arkansas,Lonoke,4.07,3,0,0.0,67,0,0.0,90.96,0.0,0.09,73657,95.55
2020-06-10,Arkansas,Lonoke,1.36,1,0,0.0,64,0,0.0,86.89,0.0,0.09,73657,95.55
2020-06-09,Arkansas,Lonoke,4.07,3,0,0.0,63,0,0.0,85.53,0.0,0.09,73657,95.55
2020-06-08,Arkansas,Lonoke,1.36,1,0,0.0,60,0,0.0,81.46,0.0,0.08,73657,95.55
2020-06-07,Arkansas,Lonoke,2.72,2,0,0.0,59,0,0.0,80.1,0.0,0.08,73657,95.55
2020-06-06,Arkansas,Lonoke,0.0,0,0,0.0,57,0,0.0,77.39,0.0,0.08,73657,95.55
2020-06-05,Arkansas,Lonoke,1.36,1,0,0.0,57,0,0.0,77.39,0.0,0.08,73657,95.55
2020-06-04,Arkansas,Lonoke,1.36,1,0,0.0,56,0,0.0,76.03,0.0,0.08,73657,95.55
2020-06-03,Arkansas,Lonoke,1.36,1,0,0.0,55,0,0.0,74.67,0.0,0.07,73657,95.55
2020-06-02,Arkansas,Lonoke,6.79,5,0,0.0,54,0,0.0,73.31,0.0,0.07,73657,95.55
2020-06-01,Arkansas,Lonoke,1.36,1,0,0.0,49,0,0.0,66.52,0.0,0.07,73657,95.55
2020-05-31,Arkansas,Lonoke,1.36,1,0,0.0,48,0,0.0,65.17,0.0,0.07,73657,95.55
2020-05-30,Arkansas,Lonoke,0.0,0,0,0.0,47,0,0.0,63.81,0.0,0.06,73657,95.55
2020-05-29,Arkansas,Lonoke,1.36,1,0,0.0,47,0,0.0,63.81,0.0,0.06,73657,95.55
2020-05-28,Arkansas,Lonoke,1.36,1,0,0.0,46,0,0.0,62.45,0.0,0.06,73657,95.55
2020-05-27,Arkansas,Lonoke,-1.36,-1,0,0.0,45,0,0.0,61.09,0.0,0.06,73657,95.55
2020-05-26,Arkansas,Lonoke,0.0,0,0,0.0,46,0,0.0,62.45,0.0,0.06,73657,95.55
2020-05-25,Arkansas,Lonoke,0.0,0,0,0.0,46,0,0.0,62.45,0.0,0.06,73657,95.55
2020-05-24,Arkansas,Lonoke,0.0,0,0,0.0,46,0,0.0,62.45,0.0,0.06,73657,95.55
2020-05-23,Arkansas,Lonoke,0.0,0,0,0.0,46,0,0.0,62.45,0.0,0.06,73657,95.55
2020-05-22,Arkansas,Lonoke,0.0,0,0,0.0,46,0,0.0,62.45,0.0,0.06,73657,95.55
2020-05-21,Arkansas,Lonoke,0.0,0,0,0.0,46,0,0.0,62.45,0.0,0.06,73657,95.55
2020-05-20,Arkansas,Lonoke,0.0,0,0,0.0,46,0,0.0,62.45,0.0,0.06,73657,95.55
2020-05-19,Arkansas,Lonoke,1.36,1,0,0.0,46,0,0.0,62.45,0.0,0.06,73657,95.55
2020-05-18,Arkansas,Lonoke,0.0,0,0,0.0,45,0,0.0,61.09,0.0,0.06,73657,95.55
2020-05-17,Arkansas,Lonoke,0.0,0,0,0.0,45,0,0.0,61.09,0.0,0.06,73657,95.55
2020-05-16,Arkansas,Lonoke,0.0,0,0,0.0,45,0,0.0,61.09,0.0,0.06,73657,95.55
2020-05-15,Arkansas,Lonoke,1.36,1,0,0.0,45,0,0.0,61.09,0.0,0.06,73657,95.55
2020-05-14,Arkansas,Lonoke,1.36,1,0,0.0,44,0,0.0,59.74,0.0,0.06,73657,95.55
2020-05-13,Arkansas,Lonoke,-1.36,-1,0,0.0,43,0,0.0,58.38,0.0,0.06,73657,95.55
2020-05-12,Arkansas,Lonoke,-1.36,-1,0,0.0,44,0,0.0,59.74,0.0,0.06,73657,95.55
2020-05-11,Arkansas,Lonoke,0.0,0,0,0.0,45,0,0.0,61.09,0.0,0.06,73657,95.55
2020-05-10,Arkansas,Lonoke,1.36,1,0,0.0,45,0,0.0,61.09,0.0,0.06,73657,95.55
2020-05-09,Arkansas,Lonoke,0.0,0,0,0.0,44,0,0.0,59.74,0.0,0.06,73657,95.55
2020-05-08,Arkansas,Lonoke,0.0,0,0,0.0,44,0,0.0,59.74,0.0,0.06,73657,95.55
2020-05-07,Arkansas,Lonoke,0.0,0,0,0.0,44,0,0.0,59.74,0.0,0.06,73657,95.55
2020-05-06,Arkansas,Lonoke,0.0,0,0,0.0,44,0,0.0,59.74,0.0,0.06,73657,95.55
2020-05-05,Arkansas,Lonoke,0.0,0,0,0.0,44,0,0.0,59.74,0.0,0.06,73657,95.55
2020-05-04,Arkansas,Lonoke,1.36,1,0,0.0,44,0,0.0,59.74,0.0,0.06,73657,95.55
2020-05-03,Arkansas,Lonoke,2.72,2,0,0.0,43,0,0.0,58.38,0.0,0.06,73657,95.55
2020-05-02,Arkansas,Lonoke,0.0,0,0,0.0,41,0,0.0,55.66,0.0,0.06,73657,95.55
2020-05-01,Arkansas,Lonoke,0.0,0,0,0.0,41,0,0.0,55.66,0.0,0.06,73657,95.55
2020-04-30,Arkansas,Lonoke,0.0,0,0,0.0,41,0,0.0,55.66,0.0,0.06,73657,95.55
2020-04-29,Arkansas,Lonoke,1.36,1,0,0.0,41,0,0.0,55.66,0.0,0.06,73657,95.55
2020-04-28,Arkansas,Lonoke,1.36,1,0,0.0,40,0,0.0,54.31,0.0,0.05,73657,95.55
2020-04-27,Arkansas,Lonoke,1.36,1,0,0.0,39,0,0.0,52.95,0.0,0.05,73657,95.55
2020-04-26,Arkansas,Lonoke,6.79,5,0,0.0,38,0,0.0,51.59,0.0,0.05,73657,95.55
2020-04-25,Arkansas,Lonoke,2.72,2,0,0.0,33,0,0.0,44.8,0.0,0.04,73657,95.55
2020-04-24,Arkansas,Lonoke,1.36,1,0,0.0,31,0,0.0,42.09,0.0,0.04,73657,95.55
2020-04-23,Arkansas,Lonoke,2.72,2,0,0.0,30,0,0.0,40.73,0.0,0.04,73657,95.55
2020-04-22,Arkansas,Lonoke,1.36,1,0,0.0,28,0,0.0,38.01,0.0,0.04,73657,95.55
2020-04-21,Arkansas,Lonoke,1.36,1,0,0.0,27,0,0.0,36.66,0.0,0.04,73657,95.55
2020-04-20,Arkansas,Lonoke,0.0,0,0,0.0,26,0,0.0,35.3,0.0,0.04,73657,95.55
2020-04-19,Arkansas,Lonoke,0.0,0,0,0.0,26,0,0.0,35.3,0.0,0.04,73657,95.55
2020-04-18,Arkansas,Lonoke,-5.43,-4,0,0.0,26,0,0.0,35.3,0.0,0.04,73657,95.55
2020-04-17,Arkansas,Lonoke,0.0,0,0,0.0,30,0,0.0,40.73,0.0,0.04,73657,95.55
2020-04-16,Arkansas,Lonoke,0.0,0,0,0.0,30,0,0.0,40.73,0.0,0.04,73657,95.55
2020-04-15,Arkansas,Lonoke,1.36,1,0,0.0,30,0,0.0,40.73,0.0,0.04,73657,95.55
2020-04-14,Arkansas,Lonoke,0.0,0,0,0.0,29,0,0.0,39.37,0.0,0.04,73657,95.55
2020-04-13,Arkansas,Lonoke,-1.36,-1,0,0.0,29,0,0.0,39.37,0.0,0.04,73657,95.55
2020-04-12,Arkansas,Lonoke,4.07,3,0,0.0,30,0,0.0,40.73,0.0,0.04,73657,95.55
2020-04-11,Arkansas,Lonoke,0.0,0,0,0.0,27,0,0.0,36.66,0.0,0.04,73657,95.55
2020-04-10,Arkansas,Lonoke,1.36,1,0,0.0,27,0,0.0,36.66,0.0,0.04,73657,95.55
2020-04-09,Arkansas,Lonoke,2.72,2,0,0.0,26,0,0.0,35.3,0.0,0.04,73657,95.55
2020-04-08,Arkansas,Lonoke,1.36,1,0,0.0,24,0,0.0,32.58,0.0,0.03,73657,95.55
2020-04-07,Arkansas,Lonoke,0.0,0,0,0.0,23,0,0.0,31.23,0.0,0.03,73657,95.55
2020-04-06,Arkansas,Lonoke,8.15,6,0,0.0,23,0,0.0,31.23,0.0,0.03,73657,95.55
2020-04-05,Arkansas,Lonoke,2.72,2,0,0.0,17,0,0.0,23.08,0.0,0.02,73657,95.55
2020-04-04,Arkansas,Lonoke,-1.36,-1,0,0.0,15,0,0.0,20.36,0.0,0.02,73657,95.55
2020-04-03,Arkansas,Lonoke,4.07,3,0,0.0,16,0,0.0,21.72,0.0,0.02,73657,95.55
2020-04-02,Arkansas,Lonoke,9.5,7,0,0.0,13,0,0.0,17.65,0.0,0.02,73657,95.55
2020-04-01,Arkansas,Lonoke,0.0,0,0,0.0,6,0,0.0,8.15,0.0,0.01,73657,95.55
2020-03-31,Arkansas,Lonoke,2.72,2,0,0.0,6,0,0.0,8.15,0.0,0.01,73657,95.55
2020-03-30,Arkansas,Lonoke,0.0,0,0,0.0,4,0,0.0,5.43,0.0,0.01,73657,95.55
2020-03-29,Arkansas,Lonoke,0.0,0,0,0.0,4,0,0.0,5.43,0.0,0.01,73657,95.55
2020-03-28,Arkansas,Lonoke,0.0,0,0,0.0,4,0,0.0,5.43,0.0,0.01,73657,95.55
2020-03-27,Arkansas,Lonoke,0.0,0,0,0.0,4,0,0.0,5.43,0.0,0.01,73657,95.55
2020-03-26,Arkansas,Lonoke,0.0,0,0,0.0,4,0,0.0,5.43,0.0,0.01,73657,95.55
