date,state,county,new_cases_100k,new_cases,new_deaths,new_deaths_100k,total_cases,total_deaths,cfr%,total_cases_100k,total_deaths_100k,%infected,population,pop_density
2020-07-27,Arkansas,Pope,45.31,29,0,0.0,1074,6,0.56,1678.12,9.38,1.68,64000,78.77
2020-07-26,Arkansas,Pope,37.5,24,0,0.0,1045,6,0.57,1632.81,9.38,1.63,64000,78.77
2020-07-25,Arkansas,Pope,26.56,17,1,1.56,1021,6,0.59,1595.31,9.38,1.6,64000,78.77
2020-07-24,Arkansas,Pope,59.38,38,0,0.0,1004,5,0.5,1568.75,7.81,1.57,64000,78.77
2020-07-23,Arkansas,Pope,45.31,29,0,0.0,966,5,0.52,1509.38,7.81,1.51,64000,78.77
2020-07-22,Arkansas,Pope,37.5,24,0,0.0,937,5,0.53,1464.06,7.81,1.46,64000,78.77
2020-07-21,Arkansas,Pope,59.38,38,1,1.56,913,5,0.55,1426.56,7.81,1.43,64000,78.77
2020-07-20,Arkansas,Pope,40.62,26,0,0.0,875,4,0.46,1367.19,6.25,1.37,64000,78.77
2020-07-19,Arkansas,Pope,50.0,32,0,0.0,849,4,0.47,1326.56,6.25,1.33,64000,78.77
2020-07-18,Arkansas,Pope,25.0,16,0,0.0,817,4,0.49,1276.56,6.25,1.28,64000,78.77
2020-07-17,Arkansas,Pope,50.0,32,0,0.0,801,4,0.5,1251.56,6.25,1.25,64000,78.77
2020-07-16,Arkansas,Pope,62.5,40,0,0.0,769,4,0.52,1201.56,6.25,1.2,64000,78.77
2020-07-15,Arkansas,Pope,15.62,10,0,0.0,729,4,0.55,1139.06,6.25,1.14,64000,78.77
2020-07-14,Arkansas,Pope,62.5,40,0,0.0,719,4,0.56,1123.44,6.25,1.12,64000,78.77
2020-07-13,Arkansas,Pope,37.5,24,0,0.0,679,4,0.59,1060.94,6.25,1.06,64000,78.77
2020-07-12,Arkansas,Pope,21.88,14,0,0.0,655,4,0.61,1023.44,6.25,1.02,64000,78.77
2020-07-11,Arkansas,Pope,23.44,15,0,0.0,641,4,0.62,1001.56,6.25,1.0,64000,78.77
2020-07-10,Arkansas,Pope,64.06,41,0,0.0,626,4,0.64,978.12,6.25,0.98,64000,78.77
2020-07-09,Arkansas,Pope,35.94,23,0,0.0,585,4,0.68,914.06,6.25,0.91,64000,78.77
2020-07-08,Arkansas,Pope,71.88,46,0,0.0,562,4,0.71,878.12,6.25,0.88,64000,78.77
2020-07-07,Arkansas,Pope,25.0,16,0,0.0,516,4,0.78,806.25,6.25,0.81,64000,78.77
2020-07-06,Arkansas,Pope,7.81,5,0,0.0,500,4,0.8,781.25,6.25,0.78,64000,78.77
2020-07-05,Arkansas,Pope,29.69,19,0,0.0,495,4,0.81,773.44,6.25,0.77,64000,78.77
2020-07-04,Arkansas,Pope,12.5,8,0,0.0,476,4,0.84,743.75,6.25,0.74,64000,78.77
2020-07-03,Arkansas,Pope,26.56,17,1,1.56,468,4,0.85,731.25,6.25,0.73,64000,78.77
2020-07-02,Arkansas,Pope,14.06,9,0,0.0,451,3,0.67,704.69,4.69,0.7,64000,78.77
2020-07-01,Arkansas,Pope,14.06,9,0,0.0,442,3,0.68,690.62,4.69,0.69,64000,78.77
2020-06-30,Arkansas,Pope,26.56,17,0,0.0,433,3,0.69,676.56,4.69,0.68,64000,78.77
2020-06-29,Arkansas,Pope,3.12,2,0,0.0,416,3,0.72,650.0,4.69,0.65,64000,78.77
2020-06-28,Arkansas,Pope,18.75,12,0,0.0,414,3,0.72,646.88,4.69,0.65,64000,78.77
2020-06-27,Arkansas,Pope,15.62,10,0,0.0,402,3,0.75,628.12,4.69,0.63,64000,78.77
2020-06-26,Arkansas,Pope,34.38,22,0,0.0,392,3,0.77,612.5,4.69,0.61,64000,78.77
2020-06-25,Arkansas,Pope,10.94,7,0,0.0,370,3,0.81,578.12,4.69,0.58,64000,78.77
2020-06-24,Arkansas,Pope,21.88,14,1,1.56,363,3,0.83,567.19,4.69,0.57,64000,78.77
2020-06-23,Arkansas,Pope,25.0,16,0,0.0,349,2,0.57,545.31,3.12,0.55,64000,78.77
2020-06-22,Arkansas,Pope,10.94,7,0,0.0,333,2,0.6,520.31,3.12,0.52,64000,78.77
2020-06-21,Arkansas,Pope,6.25,4,0,0.0,326,2,0.61,509.38,3.12,0.51,64000,78.77
2020-06-20,Arkansas,Pope,28.12,18,0,0.0,322,2,0.62,503.12,3.12,0.5,64000,78.77
2020-06-19,Arkansas,Pope,4.69,3,0,0.0,304,2,0.66,475.0,3.12,0.48,64000,78.77
2020-06-18,Arkansas,Pope,15.62,10,0,0.0,301,2,0.66,470.31,3.12,0.47,64000,78.77
2020-06-17,Arkansas,Pope,9.38,6,0,0.0,291,2,0.69,454.69,3.12,0.45,64000,78.77
2020-06-16,Arkansas,Pope,6.25,4,0,0.0,285,2,0.7,445.31,3.12,0.45,64000,78.77
2020-06-15,Arkansas,Pope,39.06,25,0,0.0,281,2,0.71,439.06,3.12,0.44,64000,78.77
2020-06-14,Arkansas,Pope,17.19,11,0,0.0,256,2,0.78,400.0,3.12,0.4,64000,78.77
2020-06-13,Arkansas,Pope,17.19,11,0,0.0,245,2,0.82,382.81,3.12,0.38,64000,78.77
2020-06-12,Arkansas,Pope,3.12,2,0,0.0,234,2,0.85,365.62,3.12,0.37,64000,78.77
2020-06-11,Arkansas,Pope,15.62,10,0,0.0,232,2,0.86,362.5,3.12,0.36,64000,78.77
2020-06-10,Arkansas,Pope,6.25,4,0,0.0,222,2,0.9,346.88,3.12,0.35,64000,78.77
2020-06-09,Arkansas,Pope,7.81,5,0,0.0,218,2,0.92,340.62,3.12,0.34,64000,78.77
2020-06-08,Arkansas,Pope,14.06,9,0,0.0,213,2,0.94,332.81,3.12,0.33,64000,78.77
2020-06-07,Arkansas,Pope,10.94,7,0,0.0,204,2,0.98,318.75,3.12,0.32,64000,78.77
2020-06-06,Arkansas,Pope,20.31,13,0,0.0,197,2,1.02,307.81,3.12,0.31,64000,78.77
2020-06-05,Arkansas,Pope,9.38,6,0,0.0,184,2,1.09,287.5,3.12,0.29,64000,78.77
2020-06-04,Arkansas,Pope,10.94,7,1,1.56,178,2,1.12,278.12,3.12,0.28,64000,78.77
2020-06-03,Arkansas,Pope,7.81,5,0,0.0,171,1,0.58,267.19,1.56,0.27,64000,78.77
2020-06-02,Arkansas,Pope,7.81,5,0,0.0,166,1,0.6,259.38,1.56,0.26,64000,78.77
2020-06-01,Arkansas,Pope,20.31,13,0,0.0,161,1,0.62,251.56,1.56,0.25,64000,78.77
2020-05-31,Arkansas,Pope,9.38,6,0,0.0,148,1,0.68,231.25,1.56,0.23,64000,78.77
2020-05-30,Arkansas,Pope,9.38,6,0,0.0,142,1,0.7,221.88,1.56,0.22,64000,78.77
2020-05-29,Arkansas,Pope,10.94,7,0,0.0,136,1,0.74,212.5,1.56,0.21,64000,78.77
2020-05-28,Arkansas,Pope,6.25,4,0,0.0,129,1,0.78,201.56,1.56,0.2,64000,78.77
2020-05-27,Arkansas,Pope,1.56,1,0,0.0,125,1,0.8,195.31,1.56,0.2,64000,78.77
2020-05-26,Arkansas,Pope,7.81,5,0,0.0,124,1,0.81,193.75,1.56,0.19,64000,78.77
2020-05-25,Arkansas,Pope,9.38,6,0,0.0,119,1,0.84,185.94,1.56,0.19,64000,78.77
2020-05-24,Arkansas,Pope,9.38,6,0,0.0,113,1,0.88,176.56,1.56,0.18,64000,78.77
2020-05-23,Arkansas,Pope,10.94,7,0,0.0,107,1,0.93,167.19,1.56,0.17,64000,78.77
2020-05-22,Arkansas,Pope,12.5,8,0,0.0,100,1,1.0,156.25,1.56,0.16,64000,78.77
2020-05-21,Arkansas,Pope,20.31,13,1,1.56,92,1,1.09,143.75,1.56,0.14,64000,78.77
2020-05-20,Arkansas,Pope,4.69,3,0,0.0,79,0,0.0,123.44,0.0,0.12,64000,78.77
2020-05-19,Arkansas,Pope,0.0,0,0,0.0,76,0,0.0,118.75,0.0,0.12,64000,78.77
2020-05-18,Arkansas,Pope,4.69,3,0,0.0,76,0,0.0,118.75,0.0,0.12,64000,78.77
2020-05-17,Arkansas,Pope,15.62,10,0,0.0,73,0,0.0,114.06,0.0,0.11,64000,78.77
2020-05-16,Arkansas,Pope,3.12,2,0,0.0,63,0,0.0,98.44,0.0,0.1,64000,78.77
2020-05-15,Arkansas,Pope,14.06,9,0,0.0,61,0,0.0,95.31,0.0,0.1,64000,78.77
2020-05-14,Arkansas,Pope,1.56,1,0,0.0,52,0,0.0,81.25,0.0,0.08,64000,78.77
2020-05-13,Arkansas,Pope,4.69,3,0,0.0,51,0,0.0,79.69,0.0,0.08,64000,78.77
2020-05-12,Arkansas,Pope,0.0,0,0,0.0,48,0,0.0,75.0,0.0,0.08,64000,78.77
2020-05-11,Arkansas,Pope,1.56,1,0,0.0,48,0,0.0,75.0,0.0,0.08,64000,78.77
2020-05-10,Arkansas,Pope,0.0,0,0,0.0,47,0,0.0,73.44,0.0,0.07,64000,78.77
2020-05-09,Arkansas,Pope,0.0,0,0,0.0,47,0,0.0,73.44,0.0,0.07,64000,78.77
2020-05-08,Arkansas,Pope,0.0,0,0,0.0,47,0,0.0,73.44,0.0,0.07,64000,78.77
2020-05-07,Arkansas,Pope,1.56,1,0,0.0,47,0,0.0,73.44,0.0,0.07,64000,78.77
2020-05-06,Arkansas,Pope,1.56,1,0,0.0,46,0,0.0,71.88,0.0,0.07,64000,78.77
2020-05-05,Arkansas,Pope,1.56,1,0,0.0,45,0,0.0,70.31,0.0,0.07,64000,78.77
2020-05-04,Arkansas,Pope,0.0,0,0,0.0,44,0,0.0,68.75,0.0,0.07,64000,78.77
2020-05-03,Arkansas,Pope,0.0,0,0,0.0,44,0,0.0,68.75,0.0,0.07,64000,78.77
2020-05-02,Arkansas,Pope,1.56,1,0,0.0,44,0,0.0,68.75,0.0,0.07,64000,78.77
2020-05-01,Arkansas,Pope,0.0,0,0,0.0,43,0,0.0,67.19,0.0,0.07,64000,78.77
2020-04-30,Arkansas,Pope,0.0,0,0,0.0,43,0,0.0,67.19,0.0,0.07,64000,78.77
2020-04-29,Arkansas,Pope,1.56,1,0,0.0,43,0,0.0,67.19,0.0,0.07,64000,78.77
2020-04-28,Arkansas,Pope,0.0,0,0,0.0,42,0,0.0,65.62,0.0,0.07,64000,78.77
2020-04-27,Arkansas,Pope,1.56,1,0,0.0,42,0,0.0,65.62,0.0,0.07,64000,78.77
2020-04-26,Arkansas,Pope,6.25,4,0,0.0,41,0,0.0,64.06,0.0,0.06,64000,78.77
2020-04-25,Arkansas,Pope,0.0,0,0,0.0,37,0,0.0,57.81,0.0,0.06,64000,78.77
2020-04-24,Arkansas,Pope,0.0,0,0,0.0,37,0,0.0,57.81,0.0,0.06,64000,78.77
2020-04-23,Arkansas,Pope,1.56,1,0,0.0,37,0,0.0,57.81,0.0,0.06,64000,78.77
2020-04-22,Arkansas,Pope,1.56,1,0,0.0,36,0,0.0,56.25,0.0,0.06,64000,78.77
2020-04-21,Arkansas,Pope,0.0,0,0,0.0,35,0,0.0,54.69,0.0,0.05,64000,78.77
2020-04-20,Arkansas,Pope,0.0,0,0,0.0,35,0,0.0,54.69,0.0,0.05,64000,78.77
2020-04-19,Arkansas,Pope,0.0,0,0,0.0,35,0,0.0,54.69,0.0,0.05,64000,78.77
2020-04-18,Arkansas,Pope,3.12,2,0,0.0,35,0,0.0,54.69,0.0,0.05,64000,78.77
2020-04-17,Arkansas,Pope,0.0,0,0,0.0,33,0,0.0,51.56,0.0,0.05,64000,78.77
2020-04-16,Arkansas,Pope,1.56,1,0,0.0,33,0,0.0,51.56,0.0,0.05,64000,78.77
2020-04-15,Arkansas,Pope,1.56,1,0,0.0,32,0,0.0,50.0,0.0,0.05,64000,78.77
2020-04-14,Arkansas,Pope,0.0,0,0,0.0,31,0,0.0,48.44,0.0,0.05,64000,78.77
2020-04-13,Arkansas,Pope,1.56,1,0,0.0,31,0,0.0,48.44,0.0,0.05,64000,78.77
2020-04-12,Arkansas,Pope,6.25,4,0,0.0,30,0,0.0,46.88,0.0,0.05,64000,78.77
2020-04-11,Arkansas,Pope,0.0,0,0,0.0,26,0,0.0,40.62,0.0,0.04,64000,78.77
2020-04-10,Arkansas,Pope,4.69,3,0,0.0,26,0,0.0,40.62,0.0,0.04,64000,78.77
2020-04-09,Arkansas,Pope,3.12,2,0,0.0,23,0,0.0,35.94,0.0,0.04,64000,78.77
2020-04-08,Arkansas,Pope,1.56,1,0,0.0,21,0,0.0,32.81,0.0,0.03,64000,78.77
2020-04-07,Arkansas,Pope,4.69,3,0,0.0,20,0,0.0,31.25,0.0,0.03,64000,78.77
2020-04-06,Arkansas,Pope,6.25,4,0,0.0,17,0,0.0,26.56,0.0,0.03,64000,78.77
2020-04-05,Arkansas,Pope,7.81,5,0,0.0,13,0,0.0,20.31,0.0,0.02,64000,78.77
2020-04-04,Arkansas,Pope,0.0,0,0,0.0,8,0,0.0,12.5,0.0,0.01,64000,78.77
2020-04-03,Arkansas,Pope,0.0,0,0,0.0,8,0,0.0,12.5,0.0,0.01,64000,78.77
2020-04-02,Arkansas,Pope,3.12,2,0,0.0,8,0,0.0,12.5,0.0,0.01,64000,78.77
2020-04-01,Arkansas,Pope,0.0,0,0,0.0,6,0,0.0,9.38,0.0,0.01,64000,78.77
2020-03-31,Arkansas,Pope,1.56,1,0,0.0,6,0,0.0,9.38,0.0,0.01,64000,78.77
2020-03-30,Arkansas,Pope,1.56,1,0,0.0,5,0,0.0,7.81,0.0,0.01,64000,78.77
2020-03-29,Arkansas,Pope,1.56,1,0,0.0,4,0,0.0,6.25,0.0,0.01,64000,78.77
2020-03-28,Arkansas,Pope,0.0,0,0,0.0,3,0,0.0,4.69,0.0,0.0,64000,78.77
2020-03-27,Arkansas,Pope,0.0,0,0,0.0,3,0,0.0,4.69,0.0,0.0,64000,78.77
2020-03-26,Arkansas,Pope,0.0,0,0,0.0,3,0,0.0,4.69,0.0,0.0,64000,78.77
2020-03-25,Arkansas,Pope,1.56,1,0,0.0,3,0,0.0,4.69,0.0,0.0,64000,78.77
2020-03-24,Arkansas,Pope,1.56,1,0,0.0,2,0,0.0,3.12,0.0,0.0,64000,78.77
2020-03-23,Arkansas,Pope,0.0,0,0,0.0,1,0,0.0,1.56,0.0,0.0,64000,78.77
2020-03-22,Arkansas,Pope,0.0,0,0,0.0,1,0,0.0,1.56,0.0,0.0,64000,78.77
2020-03-21,Arkansas,Pope,0.0,0,0,0.0,1,0,0.0,1.56,0.0,0.0,64000,78.77
2020-03-20,Arkansas,Pope,0.0,0,0,0.0,1,0,0.0,1.56,0.0,0.0,64000,78.77
2020-03-19,Arkansas,Pope,0.0,0,0,0.0,1,0,0.0,1.56,0.0,0.0,64000,78.77
