date,state,city,1day_cases_100k,new_cases,new_deaths,new_deaths_100k,total_cases,total_deaths,cfr%,total_cases_100k,total_deaths_100k,%infected,population,7day_cases_100k,7day_cases_change,28day_cases_100k,28day_cases_change
2020-10-03,Piauí,Jaicós,0.0,0,0,0.0,133,7,5.26,696.19,36.64,0.7,19104,130.87,0.0,172.74,0.0
2020-10-02,Piauí,Jaicós,5.23,1,0,0.0,133,7,5.26,696.19,36.64,0.7,19104,130.87,-20.94,172.74,5.23
2020-10-01,Piauí,Jaicós,20.94,4,0,0.0,132,7,5.3,690.95,36.64,0.69,19104,151.81,20.94,167.51,20.94
2020-09-30,Piauí,Jaicós,41.88,8,0,0.0,128,7,5.47,670.02,36.64,0.67,19104,130.87,41.88,146.57,41.88
2020-09-29,Piauí,Jaicós,52.35,10,0,0.0,120,7,5.83,628.14,36.64,0.63,19104,88.99,52.35,104.69,52.35
2020-09-28,Piauí,Jaicós,10.47,2,0,0.0,110,7,6.36,575.8,36.64,0.58,19104,36.64,10.47,52.34,10.47
2020-09-27,Piauí,Jaicós,0.0,0,0,0.0,108,7,6.48,565.33,36.64,0.57,19104,26.17,-10.47,41.87,-10.47
2020-09-26,Piauí,Jaicós,0.0,0,0,0.0,108,7,6.48,565.33,36.64,0.57,19104,36.64,0.0,52.34,-10.47
2020-09-25,Piauí,Jaicós,26.17,5,0,0.0,108,7,6.48,565.33,36.64,0.57,19104,36.64,26.17,62.81,15.7
2020-09-23,Piauí,Jaicós,0.0,0,0,0.0,103,7,6.8,539.15,36.64,0.54,19104,10.47,0.0,47.11,-5.23
2020-09-22,Piauí,Jaicós,0.0,0,0,0.0,103,7,6.8,539.15,36.64,0.54,19104,10.47,-5.23,52.34,0.0
2020-09-21,Piauí,Jaicós,0.0,0,0,0.0,103,7,6.8,539.15,36.64,0.54,19104,15.7,0.0,52.34,-5.23
2020-09-20,Piauí,Jaicós,0.0,0,0,0.0,103,7,6.8,539.15,36.64,0.54,19104,15.7,0.0,57.57,0.0
2020-09-19,Piauí,Jaicós,10.47,2,0,0.0,103,7,6.8,539.15,36.64,0.54,19104,15.7,10.47,57.57,10.47
2020-09-18,Piauí,Jaicós,0.0,0,0,0.0,101,7,6.93,528.69,36.64,0.53,19104,5.23,0.0,47.1,-31.41
2020-09-17,Piauí,Jaicós,0.0,0,0,0.0,101,7,6.93,528.69,36.64,0.53,19104,5.23,0.0,78.51,5.23
2020-09-16,Piauí,Jaicós,0.0,0,0,0.0,101,7,6.93,528.69,36.64,0.53,19104,5.23,0.0,73.28,-5.23
2020-09-15,Piauí,Jaicós,5.23,1,0,0.0,101,7,6.93,528.69,36.64,0.53,19104,5.23,5.23,78.51,-5.24
2020-09-14,Piauí,Jaicós,0.0,0,0,0.0,100,7,7.0,523.45,36.64,0.52,19104,-0.0,0.0,83.75,0.0
2020-09-13,Piauí,Jaicós,0.0,0,0,0.0,100,7,7.0,523.45,36.64,0.52,19104,-0.0,0.0,83.75,0.0
2020-09-12,Piauí,Jaicós,0.0,0,1,5.23,100,7,7.0,523.45,36.64,0.52,19104,-0.0,0.0,83.75,-15.7
2020-09-11,Piauí,Jaicós,0.0,0,0,0.0,100,6,6.0,523.45,31.41,0.52,19104,-0.0,0.0,99.45,-5.23
2020-09-10,Piauí,Jaicós,0.0,0,1,5.23,100,6,6.0,523.45,31.41,0.52,19104,-0.0,0.0,104.68,-20.94
2020-09-09,Piauí,Jaicós,0.0,0,0,0.0,100,5,5.0,523.45,26.17,0.52,19104,-0.0,0.0,125.62,-10.47
2020-09-08,Piauí,Jaicós,0.0,0,0,0.0,100,5,5.0,523.45,26.17,0.52,19104,-0.0,0.0,136.09,0.0
2020-09-07,Piauí,Jaicós,0.0,0,1,5.23,100,5,5.0,523.45,26.17,0.52,19104,-0.0,0.0,136.09,0.0
2020-09-06,Piauí,Jaicós,0.0,0,0,0.0,100,4,4.0,523.45,20.94,0.52,19104,-0.0,0.0,136.09,0.0
2020-09-05,Piauí,Jaicós,0.0,0,0,0.0,100,4,4.0,523.45,20.94,0.52,19104,-0.0,-10.47,136.09,0.0
2020-09-04,Piauí,Jaicós,0.0,0,0,0.0,100,4,4.0,523.45,20.94,0.52,19104,10.47,-10.47,136.09,-20.94
2020-09-03,Piauí,Jaicós,0.0,0,0,0.0,100,4,4.0,523.45,20.94,0.52,19104,20.94,-10.47,157.03,-15.7
2020-09-02,Piauí,Jaicós,0.0,0,0,0.0,100,4,4.0,523.45,20.94,0.52,19104,31.41,-5.23,172.73,-10.47
2020-09-01,Piauí,Jaicós,0.0,0,0,0.0,100,4,4.0,523.45,20.94,0.52,19104,36.64,0.0,183.2,-10.47
2020-08-31,Piauí,Jaicós,0.0,0,0,0.0,100,4,4.0,523.45,20.94,0.52,19104,36.64,-5.23,193.67,0.0
2020-08-30,Piauí,Jaicós,0.0,0,0,0.0,100,4,4.0,523.45,20.94,0.52,19104,41.87,0.0,193.67,0.0
2020-08-29,Piauí,Jaicós,10.47,2,0,0.0,100,4,4.0,523.45,20.94,0.52,19104,41.87,10.47,193.67,10.47
2020-08-28,Piauí,Jaicós,10.47,2,0,0.0,98,4,4.08,512.98,20.94,0.51,19104,31.4,-20.94,183.2,5.24
2020-08-27,Piauí,Jaicós,10.47,2,0,0.0,96,4,4.17,502.51,20.94,0.5,19104,52.34,15.7,177.96,-10.47
2020-08-26,Piauí,Jaicós,5.23,1,1,5.23,94,4,4.26,492.04,20.94,0.49,19104,36.64,0.0,188.43,-26.18
2020-08-25,Piauí,Jaicós,0.0,0,0,0.0,93,3,3.23,486.81,15.7,0.49,19104,36.64,-10.47,214.61,-5.23
2020-08-24,Piauí,Jaicós,5.23,1,0,0.0,93,3,3.23,486.81,15.7,0.49,19104,47.11,5.23,219.84,-10.47
2020-08-23,Piauí,Jaicós,0.0,0,0,0.0,92,3,3.26,481.57,15.7,0.48,19104,41.88,0.0,230.31,0.0
2020-08-22,Piauí,Jaicós,0.0,0,0,0.0,92,3,3.26,481.57,15.7,0.48,19104,41.88,-15.7,230.31,0.0
2020-08-21,Piauí,Jaicós,31.41,6,0,0.0,92,3,3.26,481.57,15.7,0.48,19104,57.58,26.18,230.31,15.71
2020-08-20,Piauí,Jaicós,-5.23,-1,0,0.0,86,3,3.49,450.17,15.7,0.45,19104,31.4,-26.17,214.6,-26.17
2020-08-19,Piauí,Jaicós,5.23,1,0,0.0,87,3,3.45,455.4,15.7,0.46,19104,57.57,-5.24,240.77,-5.24
2020-08-18,Piauí,Jaicós,10.47,2,0,0.0,86,3,3.49,450.17,15.7,0.45,19104,62.81,10.47,246.01,-10.47
2020-08-17,Piauí,Jaicós,0.0,0,1,5.23,84,3,3.57,439.7,15.7,0.44,19104,52.34,0.0,256.48,-5.23
2020-08-16,Piauí,Jaicós,0.0,0,0,0.0,84,2,2.38,439.7,10.47,0.44,19104,52.34,0.0,261.71,-5.23
2020-08-15,Piauí,Jaicós,15.7,3,0,0.0,84,2,2.38,439.7,10.47,0.44,19104,52.34,15.7,266.94,5.23
2020-08-14,Piauí,Jaicós,5.23,1,0,0.0,81,2,2.47,423.99,10.47,0.42,19104,36.64,-15.71,261.71,0.0
2020-08-13,Piauí,Jaicós,20.94,4,0,0.0,80,2,2.5,418.76,10.47,0.42,19104,52.35,5.24,261.71,15.71
2020-08-12,Piauí,Jaicós,10.47,2,0,0.0,76,2,2.63,397.82,10.47,0.4,19104,47.11,0.0,246.0,-26.17
2020-08-11,Piauí,Jaicós,0.0,0,0,0.0,74,2,2.7,387.35,10.47,0.39,19104,47.11,-10.47,272.17,-20.94
2020-08-10,Piauí,Jaicós,0.0,0,0,0.0,74,2,2.7,387.35,10.47,0.39,19104,57.58,0.0,293.11,-10.47
2020-08-09,Piauí,Jaicós,0.0,0,0,0.0,74,2,2.7,387.35,10.47,0.39,19104,57.58,0.0,303.58,-57.58
2020-08-08,Piauí,Jaicós,0.0,0,0,0.0,74,2,2.7,387.35,10.47,0.39,19104,57.58,0.0,361.16,0.0
2020-08-07,Piauí,Jaicós,20.94,4,0,0.0,74,2,2.7,387.35,10.47,0.39,19104,57.58,15.71,361.16,20.94
2020-08-06,Piauí,Jaicós,15.7,3,0,0.0,70,2,2.86,366.42,10.47,0.37,19104,41.87,-5.24,340.22,15.7
2020-08-05,Piauí,Jaicós,10.47,2,0,0.0,67,2,2.99,350.71,10.47,0.35,19104,47.11,-20.94,324.52,5.24
2020-08-04,Piauí,Jaicós,10.47,2,0,0.0,65,2,3.08,340.24,10.47,0.34,19104,68.05,5.24,319.28,10.47
2020-08-03,Piauí,Jaicós,0.0,0,0,0.0,63,2,3.17,329.77,10.47,0.33,19104,62.81,-15.7,308.81,0.0
2020-08-02,Piauí,Jaicós,0.0,0,0,0.0,63,2,3.17,329.77,10.47,0.33,19104,78.51,0.0,308.81,0.0
2020-08-01,Piauí,Jaicós,0.0,0,0,0.0,63,2,3.17,329.77,10.47,0.33,19104,78.51,0.0,308.81,0.0
2020-07-31,Piauí,Jaicós,5.23,1,0,0.0,63,2,3.17,329.77,10.47,0.33,19104,78.51,-10.47,308.81,0.0
2020-07-30,Piauí,Jaicós,20.94,4,0,0.0,62,2,3.23,324.54,10.47,0.32,19104,88.98,0.0,308.81,20.94
2020-07-29,Piauí,Jaicós,31.41,6,0,0.0,58,2,3.45,303.6,10.47,0.3,19104,88.98,20.94,287.87,26.18
2020-07-28,Piauí,Jaicós,5.23,1,0,0.0,52,2,3.85,272.19,10.47,0.27,19104,68.04,-15.71,261.69,5.23
2020-07-27,Piauí,Jaicós,15.7,3,0,0.0,51,2,3.92,266.96,10.47,0.27,19104,83.75,10.47,256.46,15.7
2020-07-26,Piauí,Jaicós,0.0,0,0,0.0,48,2,4.17,251.26,10.47,0.25,19104,73.28,-5.23,240.76,0.0
2020-07-25,Piauí,Jaicós,0.0,0,0,0.0,48,2,4.17,251.26,10.47,0.25,19104,78.51,-10.47,240.76,0.0
2020-07-24,Piauí,Jaicós,15.7,3,0,0.0,48,2,4.17,251.26,10.47,0.25,19104,88.98,10.47,240.76,15.7
2020-07-23,Piauí,Jaicós,20.94,4,0,0.0,45,2,4.44,235.55,10.47,0.24,19104,78.51,15.71,225.06,20.94
2020-07-22,Piauí,Jaicós,10.47,2,0,0.0,41,2,4.88,214.61,10.47,0.21,19104,62.8,-26.17,204.12,10.47
2020-07-21,Piauí,Jaicós,20.94,4,0,0.0,39,2,5.13,204.15,10.47,0.2,19104,88.97,0.0,193.65,20.94
2020-07-20,Piauí,Jaicós,5.23,1,0,0.0,35,2,5.71,183.21,10.47,0.18,19104,88.97,-5.24,172.71,5.23
2020-07-19,Piauí,Jaicós,5.23,1,0,0.0,34,2,5.88,177.97,10.47,0.18,19104,94.21,-52.35,167.48,5.23
2020-07-18,Piauí,Jaicós,10.47,2,0,0.0,33,2,6.06,172.74,10.47,0.17,19104,146.56,10.47,162.25,10.47
2020-07-17,Piauí,Jaicós,5.23,1,0,0.0,31,2,6.45,162.27,10.47,0.16,19104,136.09,5.23,151.78,5.23
2020-07-16,Piauí,Jaicós,5.23,1,0,0.0,30,2,6.67,157.04,10.47,0.16,19104,130.86,5.23,146.55,5.23
2020-07-15,Piauí,Jaicós,36.64,7,0,0.0,29,2,6.9,151.8,10.47,0.15,19104,125.63,31.41,141.32,36.64
2020-07-14,Piauí,Jaicós,20.94,4,0,0.0,22,2,9.09,115.16,10.47,0.12,19104,94.22,20.94,104.68,20.94
2020-07-13,Piauí,Jaicós,10.47,2,0,0.0,18,2,11.11,94.22,10.47,0.09,19104,73.28,10.47,83.74,10.47
2020-07-12,Piauí,Jaicós,57.58,11,1,5.23,16,2,12.5,83.75,10.47,0.08,19104,62.81,57.58,73.27,57.58
2020-07-11,Piauí,Jaicós,0.0,0,0,0.0,5,1,20.0,26.17,5.23,0.03,19104,5.23,0.0,15.69,0.0
2020-07-10,Piauí,Jaicós,0.0,0,0,0.0,5,1,20.0,26.17,5.23,0.03,19104,5.23,-5.23,15.69,0.0
2020-07-09,Piauí,Jaicós,0.0,0,0,0.0,5,1,20.0,26.17,5.23,0.03,19104,10.46,0.0,15.69,0.0
2020-07-08,Piauí,Jaicós,5.23,1,0,0.0,5,1,20.0,26.17,5.23,0.03,19104,10.46,0.0,15.69,5.23
2020-07-07,Piauí,Jaicós,0.0,0,0,0.0,4,1,25.0,20.94,5.23,0.02,19104,10.46,0.0,10.46,0.0
2020-07-06,Piauí,Jaicós,0.0,0,0,0.0,4,1,25.0,20.94,5.23,0.02,19104,10.46,0.0,10.46,0.0
2020-07-05,Piauí,Jaicós,0.0,0,0,0.0,4,1,25.0,20.94,5.23,0.02,19104,10.46,0.0,10.46,0.0
2020-07-04,Piauí,Jaicós,0.0,0,0,0.0,4,1,25.0,20.94,5.23,0.02,19104,10.46,0.0,10.46,-5.23
2020-07-03,Piauí,Jaicós,5.23,1,1,5.23,4,1,25.0,20.94,5.23,0.02,19104,10.46,5.23,15.69,5.23
2020-07-02,Piauí,Jaicós,0.0,0,0,0.0,3,0,0.0,15.7,0.0,0.02,19104,5.23,0.0,10.46,0.0
2020-07-01,Piauí,Jaicós,5.23,1,0,0.0,3,0,0.0,15.7,0.0,0.02,19104,5.23,5.23,10.46,5.23
2020-06-30,Piauí,Jaicós,0.0,0,0,0.0,2,0,0.0,10.47,0.0,0.01,19104,0.0,0.0,5.23,0.0
2020-06-29,Piauí,Jaicós,0.0,0,0,0.0,2,0,0.0,10.47,0.0,0.01,19104,0.0,0.0,5.23,0.0
2020-06-28,Piauí,Jaicós,0.0,0,0,0.0,2,0,0.0,10.47,0.0,0.01,19104,0.0,0.0,5.23,0.0
2020-06-27,Piauí,Jaicós,0.0,0,0,0.0,2,0,0.0,10.47,0.0,0.01,19104,0.0,0.0,5.23,0.0
2020-06-26,Piauí,Jaicós,0.0,0,0,0.0,2,0,0.0,10.47,0.0,0.01,19104,0.0,0.0,5.23,0.0
2020-06-25,Piauí,Jaicós,0.0,0,0,0.0,2,0,0.0,10.47,0.0,0.01,19104,0.0,0.0,5.23,0.0
2020-06-24,Piauí,Jaicós,0.0,0,0,0.0,2,0,0.0,10.47,0.0,0.01,19104,0.0,0.0,5.23,0.0
2020-06-23,Piauí,Jaicós,0.0,0,0,0.0,2,0,0.0,10.47,0.0,0.01,19104,0.0,0.0,5.23,0.0
2020-06-22,Piauí,Jaicós,0.0,0,0,0.0,2,0,0.0,10.47,0.0,0.01,19104,0.0,0.0,5.23,0.0
2020-06-21,Piauí,Jaicós,0.0,0,0,0.0,2,0,0.0,10.47,0.0,0.01,19104,0.0,0.0,5.23,0.0
2020-06-20,Piauí,Jaicós,0.0,0,0,0.0,2,0,0.0,10.47,0.0,0.01,19104,0.0,0.0,5.23,0.0
2020-06-19,Piauí,Jaicós,0.0,0,0,0.0,2,0,0.0,10.47,0.0,0.01,19104,0.0,0.0,5.23,0.0
2020-06-18,Piauí,Jaicós,0.0,0,0,0.0,2,0,0.0,10.47,0.0,0.01,19104,0.0,0.0,5.23,0.0
2020-06-17,Piauí,Jaicós,0.0,0,0,0.0,2,0,0.0,10.47,0.0,0.01,19104,0.0,0.0,5.23,5.23
2020-06-16,Piauí,Jaicós,0.0,0,0,0.0,2,0,0.0,10.47,0.0,0.01,19104,0.0,0.0,0.0,5.23
2020-06-15,Piauí,Jaicós,0.0,0,0,0.0,2,0,0.0,10.47,0.0,0.01,19104,0.0,0.0,-5.23,0.0
2020-06-14,Piauí,Jaicós,0.0,0,0,0.0,2,0,0.0,10.47,0.0,0.01,19104,0.0,0.0,-5.23,0.0
2020-06-13,Piauí,Jaicós,0.0,0,0,0.0,2,0,0.0,10.47,0.0,0.01,19104,0.0,-5.23,-5.23,0.0
2020-06-12,Piauí,Jaicós,0.0,0,0,0.0,2,0,0.0,10.47,0.0,0.01,19104,5.23,0.0,-5.23,0.0
2020-06-11,Piauí,Jaicós,0.0,0,0,0.0,2,0,0.0,10.47,0.0,0.01,19104,5.23,0.0,-5.23,0.0
2020-06-10,Piauí,Jaicós,0.0,0,0,0.0,2,0,0.0,10.47,0.0,0.01,19104,5.23,0.0,-5.23,0.0
2020-06-09,Piauí,Jaicós,0.0,0,0,0.0,2,0,0.0,10.47,0.0,0.01,19104,5.23,0.0,-5.23,0.0
2020-06-08,Piauí,Jaicós,0.0,0,0,0.0,2,0,0.0,10.47,0.0,0.01,19104,5.23,0.0,-5.23,0.0
2020-06-07,Piauí,Jaicós,0.0,0,0,0.0,2,0,0.0,10.47,0.0,0.01,19104,5.23,0.0,-5.23,0.0
2020-06-06,Piauí,Jaicós,5.23,1,0,0.0,2,0,0.0,10.47,0.0,0.01,19104,5.23,5.23,-5.23,5.23
2020-06-05,Piauí,Jaicós,0.0,0,0,0.0,1,0,0.0,5.23,0.0,0.01,19104,0.0,0.0,-10.46,0.0
2020-06-04,Piauí,Jaicós,0.0,0,0,0.0,1,0,0.0,5.23,0.0,0.01,19104,0.0,0.0,-10.46,0.0
2020-06-03,Piauí,Jaicós,0.0,0,0,0.0,1,0,0.0,5.23,0.0,0.01,19104,0.0,0.0,-10.46,0.0
2020-06-02,Piauí,Jaicós,0.0,0,0,0.0,1,0,0.0,5.23,0.0,0.01,19104,0.0,0.0,-10.46,0.0
2020-06-01,Piauí,Jaicós,0.0,0,0,0.0,1,0,0.0,5.23,0.0,0.01,19104,0.0,0.0,-10.46,0.0
2020-05-31,Piauí,Jaicós,0.0,0,0,0.0,1,0,0.0,5.23,0.0,0.01,19104,0.0,0.0,-10.46,0.0
2020-05-30,Piauí,Jaicós,0.0,0,0,0.0,1,0,0.0,5.23,0.0,0.01,19104,0.0,0.0,-10.46,0.0
2020-05-29,Piauí,Jaicós,0.0,0,0,0.0,1,0,0.0,5.23,0.0,0.01,19104,0.0,0.0,-10.46,0.0
2020-05-28,Piauí,Jaicós,0.0,0,0,0.0,1,0,0.0,5.23,0.0,0.01,19104,0.0,0.0,-10.46,0.0
2020-05-27,Piauí,Jaicós,0.0,0,0,0.0,1,0,0.0,5.23,0.0,0.01,19104,0.0,5.23,-10.46,0.0
2020-05-26,Piauí,Jaicós,0.0,0,0,0.0,1,0,0.0,5.23,0.0,0.01,19104,-5.23,5.23,-10.46,0.0
2020-05-25,Piauí,Jaicós,0.0,0,0,0.0,1,0,0.0,5.23,0.0,0.01,19104,-10.46,0.0,-10.46,0.0
2020-05-24,Piauí,Jaicós,0.0,0,0,0.0,1,0,0.0,5.23,0.0,0.01,19104,-10.46,0.0,-10.46,0.0
2020-05-23,Piauí,Jaicós,0.0,0,0,0.0,1,0,0.0,5.23,0.0,0.01,19104,-10.46,0.0,-10.46,0.0
2020-05-22,Piauí,Jaicós,0.0,0,0,0.0,1,0,0.0,5.23,0.0,0.01,19104,-10.46,0.0,-10.46,0.0
2020-05-21,Piauí,Jaicós,0.0,0,0,0.0,1,0,0.0,5.23,0.0,0.01,19104,-10.46,0.0,-10.46,0.0
2020-05-20,Piauí,Jaicós,-5.23,-1,0,0.0,1,0,0.0,5.23,0.0,0.01,19104,-10.46,-5.23,-10.46,-5.23
2020-05-19,Piauí,Jaicós,-5.23,-1,0,0.0,2,0,0.0,10.47,0.0,0.01,19104,-5.23,-5.23,-5.23,-5.23
