date,state,city,1day_cases_100k,new_cases,new_deaths,new_deaths_100k,total_cases,total_deaths,cfr%,total_cases_100k,total_deaths_100k,%infected,population,7day_cases_100k,7day_cases_change,28day_cases_100k,28day_cases_change
2020-09-07,Piauí,Nazária,0.0,0,0,0.0,87,7,8.05,1015.17,81.68,1.02,8570,11.67,-11.67,280.05,0.0
2020-09-06,Piauí,Nazária,0.0,0,0,0.0,87,7,8.05,1015.17,81.68,1.02,8570,23.34,0.0,280.05,0.0
2020-09-05,Piauí,Nazária,11.67,1,0,0.0,87,7,8.05,1015.17,81.68,1.02,8570,23.34,11.67,280.05,11.67
2020-09-04,Piauí,Nazária,0.0,0,0,0.0,86,7,8.14,1003.5,81.68,1.0,8570,11.67,0.0,268.38,0.0
2020-09-03,Piauí,Nazária,0.0,0,0,0.0,86,7,8.14,1003.5,81.68,1.0,8570,11.67,-11.67,268.38,0.0
2020-09-02,Piauí,Nazária,0.0,0,0,0.0,86,7,8.14,1003.5,81.68,1.0,8570,23.34,-11.67,268.38,-11.67
2020-09-01,Piauí,Nazária,0.0,0,0,0.0,86,7,8.14,1003.5,81.68,1.0,8570,35.01,-93.35,280.05,0.0
2020-08-31,Piauí,Nazária,11.67,1,0,0.0,86,7,8.14,1003.5,81.68,1.0,8570,128.36,11.67,280.05,0.0
2020-08-30,Piauí,Nazária,0.0,0,0,0.0,85,7,8.24,991.83,81.68,0.99,8570,116.69,0.0,280.05,0.0
2020-08-29,Piauí,Nazária,0.0,0,0,0.0,85,7,8.24,991.83,81.68,0.99,8570,116.69,0.0,280.05,0.0
2020-08-28,Piauí,Nazária,0.0,0,0,0.0,85,7,8.24,991.83,81.68,0.99,8570,116.69,0.0,280.05,0.0
2020-08-27,Piauí,Nazária,11.67,1,0,0.0,85,7,8.24,991.83,81.68,0.99,8570,116.69,11.67,280.05,0.0
2020-08-26,Piauí,Nazária,11.67,1,1,11.67,84,7,8.33,980.16,81.68,0.98,8570,105.02,-116.68,280.05,0.0
2020-08-25,Piauí,Nazária,93.35,8,0,0.0,83,6,7.23,968.49,70.01,0.97,8570,221.7,93.35,280.05,81.68
2020-08-24,Piauí,Nazária,0.0,0,0,0.0,75,6,8.0,875.15,70.01,0.88,8570,128.35,0.0,198.37,0.0
2020-08-23,Piauí,Nazária,0.0,0,0,0.0,75,6,8.0,875.15,70.01,0.88,8570,128.35,0.0,198.37,0.0
2020-08-22,Piauí,Nazária,0.0,0,0,0.0,75,6,8.0,875.15,70.01,0.88,8570,128.35,0.0,198.37,0.0
2020-08-21,Piauí,Nazária,0.0,0,0,0.0,75,6,8.0,875.15,70.01,0.88,8570,128.35,0.0,198.37,0.0
2020-08-20,Piauí,Nazária,0.0,0,0,0.0,75,6,8.0,875.15,70.01,0.88,8570,128.35,0.0,198.37,0.0
2020-08-19,Piauí,Nazária,128.35,11,0,0.0,75,6,8.0,875.15,70.01,0.88,8570,128.35,128.35,198.37,105.01
2020-08-18,Piauí,Nazária,0.0,0,0,0.0,64,6,9.38,746.79,70.01,0.75,8570,0.0,-11.67,93.36,-46.67
2020-08-17,Piauí,Nazária,0.0,0,0,0.0,64,6,9.38,746.79,70.01,0.75,8570,11.67,0.0,140.03,-35.01
2020-08-16,Piauí,Nazária,0.0,0,0,0.0,64,6,9.38,746.79,70.01,0.75,8570,11.67,0.0,175.04,0.0
2020-08-15,Piauí,Nazária,0.0,0,0,0.0,64,6,9.38,746.79,70.01,0.75,8570,11.67,0.0,175.04,-46.67
2020-08-14,Piauí,Nazária,0.0,0,0,0.0,64,6,9.38,746.79,70.01,0.75,8570,11.67,0.0,221.71,-70.01
2020-08-13,Piauí,Nazária,0.0,0,0,0.0,64,6,9.38,746.79,70.01,0.75,8570,11.67,0.0,291.72,-11.67
2020-08-12,Piauí,Nazária,0.0,0,0,0.0,64,6,9.38,746.79,70.01,0.75,8570,11.67,-11.67,303.39,0.0
2020-08-11,Piauí,Nazária,11.67,1,0,0.0,64,6,9.38,746.79,70.01,0.75,8570,23.34,11.67,303.39,11.67
2020-08-10,Piauí,Nazária,0.0,0,0,0.0,63,6,9.52,735.12,70.01,0.74,8570,11.67,-11.67,291.72,-11.67
2020-08-09,Piauí,Nazária,0.0,0,0,0.0,63,6,9.52,735.12,70.01,0.74,8570,23.34,0.0,303.39,0.0
2020-08-08,Piauí,Nazária,0.0,0,0,0.0,63,6,9.52,735.12,70.01,0.74,8570,23.34,0.0,303.39,0.0
2020-08-07,Piauí,Nazária,0.0,0,0,0.0,63,6,9.52,735.12,70.01,0.74,8570,23.34,0.0,303.39,-70.01
2020-08-06,Piauí,Nazária,0.0,0,0,0.0,63,6,9.52,735.12,70.01,0.74,8570,23.34,-11.67,373.4,-70.01
2020-08-05,Piauí,Nazária,11.67,1,0,0.0,63,6,9.52,735.12,70.01,0.74,8570,35.01,0.0,443.41,0.0
2020-08-04,Piauí,Nazária,0.0,0,0,0.0,62,6,9.68,723.45,70.01,0.72,8570,35.01,-11.67,443.41,-11.67
2020-08-03,Piauí,Nazária,11.67,1,0,0.0,62,6,9.68,723.45,70.01,0.72,8570,46.68,11.67,455.08,-23.34
2020-08-02,Piauí,Nazária,0.0,0,0,0.0,61,6,9.84,711.79,70.01,0.71,8570,35.01,0.0,478.42,0.0
2020-08-01,Piauí,Nazária,0.0,0,0,0.0,61,6,9.84,711.79,70.01,0.71,8570,35.01,0.0,478.42,0.0
2020-07-31,Piauí,Nazária,0.0,0,0,0.0,61,6,9.84,711.79,70.01,0.71,8570,35.01,0.0,478.42,-35.01
2020-07-30,Piauí,Nazária,11.67,1,0,0.0,61,6,9.84,711.79,70.01,0.71,8570,35.01,11.67,513.43,0.0
2020-07-29,Piauí,Nazária,11.67,1,0,0.0,60,6,10.0,700.12,70.01,0.7,8570,23.34,-11.67,513.43,0.0
2020-07-28,Piauí,Nazária,11.67,1,1,11.67,59,6,10.17,688.45,70.01,0.69,8570,35.01,-35.0,513.43,-23.34
2020-07-27,Piauí,Nazária,0.0,0,0,0.0,58,5,8.62,676.78,58.34,0.68,8570,70.01,-35.01,536.77,-11.67
2020-07-26,Piauí,Nazária,0.0,0,0,0.0,58,5,8.62,676.78,58.34,0.68,8570,105.02,0.0,548.44,0.0
2020-07-25,Piauí,Nazária,0.0,0,1,11.67,58,5,8.62,676.78,58.34,0.68,8570,105.02,-46.67,548.44,0.0
2020-07-24,Piauí,Nazária,0.0,0,0,0.0,58,4,6.9,676.78,46.67,0.68,8570,151.69,-70.01,548.44,0.0
2020-07-23,Piauí,Nazária,0.0,0,0,0.0,58,4,6.9,676.78,46.67,0.68,8570,221.7,-11.67,548.44,-11.67
2020-07-22,Piauí,Nazária,23.34,2,0,0.0,58,4,6.9,676.78,46.67,0.68,8570,233.37,23.34,560.11,11.67
2020-07-21,Piauí,Nazária,46.67,4,0,0.0,56,4,7.14,653.44,46.67,0.65,8570,210.03,46.67,548.44,46.67
2020-07-20,Piauí,Nazária,35.01,3,0,0.0,52,4,7.69,606.77,46.67,0.61,8570,163.36,23.34,501.77,35.01
2020-07-19,Piauí,Nazária,0.0,0,0,0.0,49,4,8.16,571.76,46.67,0.57,8570,140.02,0.0,466.76,0.0
2020-07-18,Piauí,Nazária,46.67,4,0,0.0,49,4,8.16,571.76,46.67,0.57,8570,140.02,46.67,466.76,46.67
2020-07-17,Piauí,Nazária,70.01,6,0,0.0,45,4,8.89,525.09,46.67,0.53,8570,93.35,0.0,420.09,70.01
2020-07-16,Piauí,Nazária,11.67,1,0,0.0,39,4,10.26,455.08,46.67,0.46,8570,93.35,-58.34,350.08,11.67
2020-07-15,Piauí,Nazária,0.0,0,0,0.0,38,4,10.53,443.41,46.67,0.44,8570,151.69,-11.67,338.41,0.0
2020-07-14,Piauí,Nazária,0.0,0,0,0.0,38,4,10.53,443.41,46.67,0.44,8570,163.36,-11.67,338.41,-23.34
2020-07-13,Piauí,Nazária,11.67,1,1,11.67,38,4,10.53,443.41,46.67,0.44,8570,175.03,-23.34,361.75,11.67
2020-07-12,Piauí,Nazária,0.0,0,0,0.0,37,3,8.11,431.74,35.01,0.43,8570,198.37,0.0,350.08,0.0
2020-07-11,Piauí,Nazária,0.0,0,0,0.0,37,3,8.11,431.74,35.01,0.43,8570,198.37,0.0,350.08,0.0
2020-07-10,Piauí,Nazária,70.01,6,1,11.67,37,3,8.11,431.74,35.01,0.43,8570,198.37,35.0,350.08,58.34
2020-07-09,Piauí,Nazária,70.01,6,0,0.0,31,2,6.45,361.73,23.34,0.36,8570,163.37,58.34,291.74,70.01
2020-07-08,Piauí,Nazária,11.67,1,0,0.0,25,2,8.0,291.72,23.34,0.29,8570,105.03,0.0,221.73,11.67
2020-07-07,Piauí,Nazária,11.67,1,0,0.0,24,2,8.33,280.05,23.34,0.28,8570,105.03,-23.34,210.06,11.67
2020-07-06,Piauí,Nazária,35.01,3,0,0.0,23,2,8.7,268.38,23.34,0.27,8570,128.37,23.34,198.39,35.01
2020-07-05,Piauí,Nazária,0.0,0,0,0.0,20,2,10.0,233.37,23.34,0.23,8570,105.03,0.0,163.38,0.0
2020-07-04,Piauí,Nazária,0.0,0,0,0.0,20,2,10.0,233.37,23.34,0.23,8570,105.03,0.0,163.38,-11.67
2020-07-03,Piauí,Nazária,35.01,3,0,0.0,20,2,10.0,233.37,23.34,0.23,8570,105.03,35.01,175.05,35.01
2020-07-02,Piauí,Nazária,11.67,1,0,0.0,17,2,11.76,198.37,23.34,0.2,8570,70.02,0.0,140.04,11.67
2020-07-01,Piauí,Nazária,11.67,1,0,0.0,16,2,12.5,186.7,23.34,0.19,8570,70.02,0.0,128.37,0.0
2020-06-30,Piauí,Nazária,35.01,3,0,0.0,15,2,13.33,175.03,23.34,0.18,8570,70.02,35.01,128.37,35.01
2020-06-29,Piauí,Nazária,11.67,1,0,0.0,12,2,16.67,140.02,23.34,0.14,8570,35.01,11.67,93.36,0.0
2020-06-28,Piauí,Nazária,0.0,0,0,0.0,11,2,18.18,128.35,23.34,0.13,8570,23.34,0.0,93.36,0.0
2020-06-27,Piauí,Nazária,0.0,0,0,0.0,11,2,18.18,128.35,23.34,0.13,8570,23.34,0.0,93.36,0.0
2020-06-26,Piauí,Nazária,0.0,0,0,0.0,11,2,18.18,128.35,23.34,0.13,8570,23.34,0.0,93.36,0.0
2020-06-25,Piauí,Nazária,11.67,1,0,0.0,11,2,18.18,128.35,23.34,0.13,8570,23.34,11.67,93.36,11.67
2020-06-24,Piauí,Nazária,11.67,1,1,11.67,10,2,20.0,116.69,23.34,0.12,8570,11.67,11.67,81.69,11.67
2020-06-23,Piauí,Nazária,0.0,0,0,0.0,9,1,11.11,105.02,11.67,0.11,8570,-0.0,-23.34,70.02,0.0
2020-06-22,Piauí,Nazária,0.0,0,0,0.0,9,1,11.11,105.02,11.67,0.11,8570,23.34,0.0,70.02,0.0
2020-06-21,Piauí,Nazária,0.0,0,0,0.0,9,1,11.11,105.02,11.67,0.11,8570,23.34,0.0,70.02,0.0
2020-06-20,Piauí,Nazária,0.0,0,0,0.0,9,1,11.11,105.02,11.67,0.11,8570,23.34,0.0,70.02,0.0
2020-06-19,Piauí,Nazária,0.0,0,0,0.0,9,1,11.11,105.02,11.67,0.11,8570,23.34,-11.67,70.02,0.0
2020-06-18,Piauí,Nazária,0.0,0,0,0.0,9,1,11.11,105.02,11.67,0.11,8570,35.01,0.0,70.02,0.0
2020-06-17,Piauí,Nazária,0.0,0,0,0.0,9,1,11.11,105.02,11.67,0.11,8570,35.01,0.0,70.02,0.0
2020-06-16,Piauí,Nazária,23.34,2,0,0.0,9,1,11.11,105.02,11.67,0.11,8570,35.01,23.34,70.02,23.34
2020-06-15,Piauí,Nazária,0.0,0,0,0.0,7,1,14.29,81.68,11.67,0.08,8570,11.67,0.0,46.68,-11.67
2020-06-14,Piauí,Nazária,0.0,0,0,0.0,7,1,14.29,81.68,11.67,0.08,8570,11.67,0.0,58.35,0.0
2020-06-13,Piauí,Nazária,0.0,0,0,0.0,7,1,14.29,81.68,11.67,0.08,8570,11.67,-11.67,58.35,0.0
2020-06-12,Piauí,Nazária,11.67,1,0,0.0,7,1,14.29,81.68,11.67,0.08,8570,23.34,11.67,58.35,11.67
2020-06-11,Piauí,Nazária,0.0,0,0,0.0,6,1,16.67,70.01,11.67,0.07,8570,11.67,0.0,46.68,0.0
2020-06-10,Piauí,Nazária,0.0,0,0,0.0,6,1,16.67,70.01,11.67,0.07,8570,11.67,-11.67,46.68,0.0
2020-06-09,Piauí,Nazária,0.0,0,0,0.0,6,1,16.67,70.01,11.67,0.07,8570,23.34,0.0,46.68,0.0
2020-06-08,Piauí,Nazária,0.0,0,0,0.0,6,1,16.67,70.01,11.67,0.07,8570,23.34,-11.67,46.68,0.0
2020-06-07,Piauí,Nazária,0.0,0,0,0.0,6,1,16.67,70.01,11.67,0.07,8570,35.01,0.0,46.68,0.0
2020-06-06,Piauí,Nazária,11.67,1,0,0.0,6,1,16.67,70.01,11.67,0.07,8570,35.01,11.67,46.68,11.67
2020-06-05,Piauí,Nazária,0.0,0,0,0.0,5,1,20.0,58.34,11.67,0.06,8570,23.34,0.0,35.01,0.0
2020-06-04,Piauí,Nazária,0.0,0,0,0.0,5,1,20.0,58.34,11.67,0.06,8570,23.34,0.0,35.01,0.0
2020-06-03,Piauí,Nazária,11.67,1,0,0.0,5,1,20.0,58.34,11.67,0.06,8570,23.34,11.67,35.01,11.67
2020-06-02,Piauí,Nazária,0.0,0,0,0.0,4,1,25.0,46.67,11.67,0.05,8570,11.67,0.0,23.34,0.0
2020-06-01,Piauí,Nazária,11.67,1,0,0.0,4,1,25.0,46.67,11.67,0.05,8570,11.67,11.67,23.34,11.67
2020-05-31,Piauí,Nazária,0.0,0,0,0.0,3,1,33.33,35.01,11.67,0.04,8570,0.0,0.0,11.67,0.0
2020-05-30,Piauí,Nazária,0.0,0,0,0.0,3,1,33.33,35.01,11.67,0.04,8570,0.0,0.0,11.67,0.0
2020-05-29,Piauí,Nazária,0.0,0,0,0.0,3,1,33.33,35.01,11.67,0.04,8570,0.0,0.0,11.67,0.0
2020-05-28,Piauí,Nazária,0.0,0,0,0.0,3,1,33.33,35.01,11.67,0.04,8570,0.0,0.0,11.67,0.0
2020-05-27,Piauí,Nazária,0.0,0,0,0.0,3,1,33.33,35.01,11.67,0.04,8570,0.0,0.0,11.67,0.0
2020-05-26,Piauí,Nazária,0.0,0,0,0.0,3,1,33.33,35.01,11.67,0.04,8570,0.0,0.0,11.67,0.0
2020-05-25,Piauí,Nazária,0.0,0,0,0.0,3,1,33.33,35.01,11.67,0.04,8570,0.0,-11.67,11.67,0.0
2020-05-24,Piauí,Nazária,0.0,0,0,0.0,3,1,33.33,35.01,11.67,0.04,8570,11.67,0.0,11.67,0.0
2020-05-23,Piauí,Nazária,0.0,0,0,0.0,3,1,33.33,35.01,11.67,0.04,8570,11.67,0.0,11.67,0.0
2020-05-22,Piauí,Nazária,0.0,0,1,11.67,3,1,33.33,35.01,11.67,0.04,8570,11.67,0.0,11.67,-11.67
2020-05-21,Piauí,Nazária,0.0,0,0,0.0,3,0,0.0,35.01,0.0,0.04,8570,11.67,0.0,23.34,0.0
2020-05-20,Piauí,Nazária,0.0,0,0,0.0,3,0,0.0,35.01,0.0,0.04,8570,11.67,0.0,23.34,0.0
2020-05-19,Piauí,Nazária,0.0,0,0,0.0,3,0,0.0,35.01,0.0,0.04,8570,11.67,0.0,23.34,0.0
2020-05-18,Piauí,Nazária,11.67,1,0,0.0,3,0,0.0,35.01,0.0,0.04,8570,11.67,11.67,23.34,11.67
2020-05-17,Piauí,Nazária,0.0,0,0,0.0,2,0,0.0,23.34,0.0,0.02,8570,0.0,0.0,11.67,0.0
2020-05-16,Piauí,Nazária,0.0,0,0,0.0,2,0,0.0,23.34,0.0,0.02,8570,0.0,0.0,11.67,0.0
2020-05-15,Piauí,Nazária,0.0,0,0,0.0,2,0,0.0,23.34,0.0,0.02,8570,0.0,0.0,11.67,0.0
2020-05-14,Piauí,Nazária,0.0,0,0,0.0,2,0,0.0,23.34,0.0,0.02,8570,0.0,0.0,11.67,0.0
2020-05-13,Piauí,Nazária,0.0,0,0,0.0,2,0,0.0,23.34,0.0,0.02,8570,0.0,0.0,11.67,0.0
2020-05-12,Piauí,Nazária,0.0,0,0,0.0,2,0,0.0,23.34,0.0,0.02,8570,0.0,0.0,11.67,0.0
2020-05-11,Piauí,Nazária,0.0,0,0,0.0,2,0,0.0,23.34,0.0,0.02,8570,0.0,0.0,11.67,0.0
2020-05-10,Piauí,Nazária,0.0,0,0,0.0,2,0,0.0,23.34,0.0,0.02,8570,0.0,0.0,11.67,0.0
2020-05-09,Piauí,Nazária,0.0,0,0,0.0,2,0,0.0,23.34,0.0,0.02,8570,0.0,0.0,11.67,0.0
2020-05-08,Piauí,Nazária,0.0,0,0,0.0,2,0,0.0,23.34,0.0,0.02,8570,0.0,0.0,11.67,0.0
2020-05-07,Piauí,Nazária,0.0,0,0,0.0,2,0,0.0,23.34,0.0,0.02,8570,0.0,0.0,11.67,0.0
2020-05-06,Piauí,Nazária,0.0,0,0,0.0,2,0,0.0,23.34,0.0,0.02,8570,0.0,0.0,11.67,0.0
2020-05-05,Piauí,Nazária,0.0,0,0,0.0,2,0,0.0,23.34,0.0,0.02,8570,0.0,0.0,11.67,0.0
2020-05-04,Piauí,Nazária,0.0,0,0,0.0,2,0,0.0,23.34,0.0,0.02,8570,0.0,0.0,11.67,0.0
2020-05-03,Piauí,Nazária,0.0,0,0,0.0,2,0,0.0,23.34,0.0,0.02,8570,0.0,0.0,11.67,0.0
2020-05-02,Piauí,Nazária,0.0,0,0,0.0,2,0,0.0,23.34,0.0,0.02,8570,0.0,0.0,11.67,0.0
2020-05-01,Piauí,Nazária,0.0,0,0,0.0,2,0,0.0,23.34,0.0,0.02,8570,0.0,-11.67,11.67,0.0
2020-04-30,Piauí,Nazária,0.0,0,0,0.0,2,0,0.0,23.34,0.0,0.02,8570,11.67,0.0,11.67,0.0
2020-04-29,Piauí,Nazária,0.0,0,0,0.0,2,0,0.0,23.34,0.0,0.02,8570,11.67,0.0,11.67,0.0
2020-04-28,Piauí,Nazária,0.0,0,0,0.0,2,0,0.0,23.34,0.0,0.02,8570,11.67,0.0,11.67,0.0
2020-04-27,Piauí,Nazária,0.0,0,0,0.0,2,0,0.0,23.34,0.0,0.02,8570,11.67,0.0,11.67,0.0
2020-04-26,Piauí,Nazária,0.0,0,0,0.0,2,0,0.0,23.34,0.0,0.02,8570,11.67,0.0,11.67,0.0
2020-04-25,Piauí,Nazária,0.0,0,0,0.0,2,0,0.0,23.34,0.0,0.02,8570,11.67,0.0,11.67,0.0
2020-04-24,Piauí,Nazária,11.67,1,0,0.0,2,0,0.0,23.34,0.0,0.02,8570,11.67,11.67,11.67,11.67
2020-04-23,Piauí,Nazária,0.0,0,0,0.0,1,0,0.0,11.67,0.0,0.01,8570,0.0,0.0,0.0,0.0
2020-04-22,Piauí,Nazária,0.0,0,0,0.0,1,0,0.0,11.67,0.0,0.01,8570,0.0,0.0,0.0,0.0
2020-04-21,Piauí,Nazária,0.0,0,0,0.0,1,0,0.0,11.67,0.0,0.01,8570,0.0,0.0,0.0,0.0
