date,state,city,1day_cases_100k,new_cases,new_deaths,new_deaths_100k,total_cases,total_deaths,cfr%,total_cases_100k,total_deaths_100k,%infected,population,7day_cases_100k,7day_cases_change,28day_cases_100k,28day_cases_change
2020-09-30,Piauí,Novo Santo Antônio,0.0,0,0,0.0,70,0,0.0,2340.35,0.0,2.34,2991,100.3,-66.87,735.53,0.0
2020-09-29,Piauí,Novo Santo Antônio,66.87,2,0,0.0,70,0,0.0,2340.35,0.0,2.34,2991,167.17,33.44,735.53,66.87
2020-09-28,Piauí,Novo Santo Antônio,0.0,0,0,0.0,68,0,0.0,2273.49,0.0,2.27,2991,133.73,0.0,668.66,0.0
2020-09-27,Piauí,Novo Santo Antônio,33.43,1,0,0.0,68,0,0.0,2273.49,0.0,2.27,2991,133.73,0.0,668.66,33.43
2020-09-26,Piauí,Novo Santo Antônio,0.0,0,0,0.0,67,0,0.0,2240.05,0.0,2.24,2991,133.73,0.0,635.23,0.0
2020-09-25,Piauí,Novo Santo Antônio,0.0,0,0,0.0,67,0,0.0,2240.05,0.0,2.24,2991,133.73,-66.87,635.23,0.0
2020-09-23,Piauí,Novo Santo Antônio,0.0,0,0,0.0,67,0,0.0,2240.05,0.0,2.24,2991,200.6,0.0,635.23,0.0
2020-09-22,Piauí,Novo Santo Antônio,66.87,2,0,0.0,67,0,0.0,2240.05,0.0,2.24,2991,200.6,66.87,635.23,66.87
2020-09-21,Piauí,Novo Santo Antônio,33.43,1,0,0.0,65,0,0.0,2173.19,0.0,2.17,2991,133.73,0.0,568.36,33.43
2020-09-20,Piauí,Novo Santo Antônio,0.0,0,0,0.0,64,0,0.0,2139.75,0.0,2.14,2991,133.73,-100.3,534.93,0.0
2020-09-19,Piauí,Novo Santo Antônio,33.43,1,0,0.0,64,0,0.0,2139.75,0.0,2.14,2991,234.03,-33.44,534.93,33.43
2020-09-18,Piauí,Novo Santo Antônio,0.0,0,0,0.0,63,0,0.0,2106.32,0.0,2.11,2991,267.47,0.0,501.5,0.0
2020-09-17,Piauí,Novo Santo Antônio,66.87,2,0,0.0,63,0,0.0,2106.32,0.0,2.11,2991,267.47,-33.43,501.5,66.87
2020-09-16,Piauí,Novo Santo Antônio,0.0,0,0,0.0,61,0,0.0,2039.45,0.0,2.04,2991,300.9,-66.87,434.63,0.0
2020-09-15,Piauí,Novo Santo Antônio,0.0,0,0,0.0,61,0,0.0,2039.45,0.0,2.04,2991,367.77,0.0,434.63,-100.3
2020-09-14,Piauí,Novo Santo Antônio,33.43,1,0,0.0,61,0,0.0,2039.45,0.0,2.04,2991,367.77,0.0,534.93,0.0
2020-09-13,Piauí,Novo Santo Antônio,100.3,3,0,0.0,60,0,0.0,2006.02,0.0,2.01,2991,367.77,100.3,534.93,66.87
2020-09-12,Piauí,Novo Santo Antônio,66.87,2,0,0.0,57,0,0.0,1905.72,0.0,1.91,2991,267.47,66.87,468.06,33.44
2020-09-11,Piauí,Novo Santo Antônio,0.0,0,0,0.0,55,0,0.0,1838.85,0.0,1.84,2991,200.6,0.0,434.62,0.0
2020-09-10,Piauí,Novo Santo Antônio,100.3,3,0,0.0,55,0,0.0,1838.85,0.0,1.84,2991,200.6,100.3,434.62,100.3
2020-09-09,Piauí,Novo Santo Antônio,66.87,2,0,0.0,52,0,0.0,1738.55,0.0,1.74,2991,100.3,33.44,334.32,33.44
2020-09-08,Piauí,Novo Santo Antônio,0.0,0,0,0.0,50,0,0.0,1671.68,0.0,1.67,2991,66.86,0.0,300.88,0.0
2020-09-07,Piauí,Novo Santo Antônio,33.43,1,0,0.0,50,0,0.0,1671.68,0.0,1.67,2991,66.86,33.43,300.88,0.0
2020-09-06,Piauí,Novo Santo Antônio,0.0,0,0,0.0,49,0,0.0,1638.25,0.0,1.64,2991,33.43,0.0,300.88,0.0
2020-09-05,Piauí,Novo Santo Antônio,0.0,0,0,0.0,49,0,0.0,1638.25,0.0,1.64,2991,33.43,0.0,300.88,0.0
2020-09-04,Piauí,Novo Santo Antônio,0.0,0,0,0.0,49,0,0.0,1638.25,0.0,1.64,2991,33.43,0.0,300.88,0.0
2020-09-03,Piauí,Novo Santo Antônio,0.0,0,0,0.0,49,0,0.0,1638.25,0.0,1.64,2991,33.43,0.0,300.88,0.0
2020-09-02,Piauí,Novo Santo Antônio,33.43,1,0,0.0,49,0,0.0,1638.25,0.0,1.64,2991,33.43,33.43,300.88,33.43
2020-09-01,Piauí,Novo Santo Antônio,0.0,0,0,0.0,48,0,0.0,1604.81,0.0,1.6,2991,0.0,0.0,267.45,-33.43
2020-08-31,Piauí,Novo Santo Antônio,0.0,0,0,0.0,48,0,0.0,1604.81,0.0,1.6,2991,0.0,0.0,300.88,0.0
2020-08-30,Piauí,Novo Santo Antônio,0.0,0,0,0.0,48,0,0.0,1604.81,0.0,1.6,2991,0.0,0.0,300.88,0.0
2020-08-29,Piauí,Novo Santo Antônio,0.0,0,0,0.0,48,0,0.0,1604.81,0.0,1.6,2991,0.0,0.0,300.88,-66.87
2020-08-28,Piauí,Novo Santo Antônio,0.0,0,0,0.0,48,0,0.0,1604.81,0.0,1.6,2991,0.0,0.0,367.75,-33.43
2020-08-27,Piauí,Novo Santo Antônio,0.0,0,0,0.0,48,0,0.0,1604.81,0.0,1.6,2991,0.0,0.0,401.18,0.0
2020-08-26,Piauí,Novo Santo Antônio,0.0,0,0,0.0,48,0,0.0,1604.81,0.0,1.6,2991,0.0,0.0,401.18,0.0
2020-08-25,Piauí,Novo Santo Antônio,0.0,0,0,0.0,48,0,0.0,1604.81,0.0,1.6,2991,0.0,-100.3,401.18,0.0
2020-08-24,Piauí,Novo Santo Antônio,0.0,0,0,0.0,48,0,0.0,1604.81,0.0,1.6,2991,100.3,-33.43,401.18,33.43
2020-08-23,Piauí,Novo Santo Antônio,0.0,0,0,0.0,48,0,0.0,1604.81,0.0,1.6,2991,133.73,-33.43,367.75,0.0
2020-08-22,Piauí,Novo Santo Antônio,0.0,0,0,0.0,48,0,0.0,1604.81,0.0,1.6,2991,167.16,-33.43,367.75,-33.43
2020-08-21,Piauí,Novo Santo Antônio,0.0,0,0,0.0,48,0,0.0,1604.81,0.0,1.6,2991,200.59,0.0,401.18,0.0
2020-08-20,Piauí,Novo Santo Antônio,0.0,0,0,0.0,48,0,0.0,1604.81,0.0,1.6,2991,200.59,0.0,401.18,-66.87
2020-08-19,Piauí,Novo Santo Antônio,0.0,0,0,0.0,48,0,0.0,1604.81,0.0,1.6,2991,200.59,-33.43,468.05,33.43
2020-08-18,Piauí,Novo Santo Antônio,100.3,3,0,0.0,48,0,0.0,1604.81,0.0,1.6,2991,234.02,100.3,434.62,100.3
2020-08-17,Piauí,Novo Santo Antônio,33.43,1,0,0.0,45,0,0.0,1504.51,0.0,1.5,2991,133.72,0.0,334.32,-33.44
2020-08-16,Piauí,Novo Santo Antônio,33.43,1,0,0.0,44,0,0.0,1471.08,0.0,1.47,2991,133.72,33.43,367.76,0.0
2020-08-15,Piauí,Novo Santo Antônio,33.43,1,0,0.0,43,0,0.0,1437.65,0.0,1.44,2991,100.29,33.43,367.76,-33.44
2020-08-14,Piauí,Novo Santo Antônio,0.0,0,0,0.0,42,0,0.0,1404.21,0.0,1.4,2991,66.86,0.0,401.2,0.0
2020-08-13,Piauí,Novo Santo Antônio,0.0,0,0,0.0,42,0,0.0,1404.21,0.0,1.4,2991,66.86,0.0,401.2,0.0
2020-08-12,Piauí,Novo Santo Antônio,33.43,1,0,0.0,42,0,0.0,1404.21,0.0,1.4,2991,66.86,33.43,401.2,-33.44
2020-08-11,Piauí,Novo Santo Antônio,0.0,0,0,0.0,41,0,0.0,1370.78,0.0,1.37,2991,33.43,-33.43,434.64,-234.04
2020-08-10,Piauí,Novo Santo Antônio,33.43,1,0,0.0,41,0,0.0,1370.78,0.0,1.37,2991,66.86,33.43,668.68,-66.87
2020-08-09,Piauí,Novo Santo Antônio,0.0,0,0,0.0,40,0,0.0,1337.35,0.0,1.34,2991,33.43,0.0,735.55,0.0
2020-08-08,Piauí,Novo Santo Antônio,0.0,0,0,0.0,40,0,0.0,1337.35,0.0,1.34,2991,33.43,-66.87,735.55,-66.87
2020-08-07,Piauí,Novo Santo Antônio,0.0,0,0,0.0,40,0,0.0,1337.35,0.0,1.34,2991,100.3,-33.43,802.42,33.43
2020-08-06,Piauí,Novo Santo Antônio,0.0,0,0,0.0,40,0,0.0,1337.35,0.0,1.34,2991,133.73,0.0,768.99,0.0
2020-08-05,Piauí,Novo Santo Antônio,0.0,0,0,0.0,40,0,0.0,1337.35,0.0,1.34,2991,133.73,0.0,768.99,-66.87
2020-08-04,Piauí,Novo Santo Antônio,33.43,1,0,0.0,40,0,0.0,1337.35,0.0,1.34,2991,133.73,33.43,835.86,33.43
2020-08-03,Piauí,Novo Santo Antônio,0.0,0,0,0.0,39,0,0.0,1303.91,0.0,1.3,2991,100.3,33.43,802.43,-167.17
2020-08-02,Piauí,Novo Santo Antônio,0.0,0,0,0.0,39,0,0.0,1303.91,0.0,1.3,2991,66.87,0.0,969.6,0.0
2020-08-01,Piauí,Novo Santo Antônio,66.87,2,0,0.0,39,0,0.0,1303.91,0.0,1.3,2991,66.87,33.44,969.6,66.87
2020-07-31,Piauí,Novo Santo Antônio,33.43,1,0,0.0,37,0,0.0,1237.04,0.0,1.24,2991,33.43,33.43,902.73,33.43
2020-07-30,Piauí,Novo Santo Antônio,0.0,0,0,0.0,36,0,0.0,1203.61,0.0,1.2,2991,0.0,-66.87,869.3,0.0
2020-07-29,Piauí,Novo Santo Antônio,0.0,0,0,0.0,36,0,0.0,1203.61,0.0,1.2,2991,66.87,33.43,869.3,0.0
2020-07-28,Piauí,Novo Santo Antônio,0.0,0,0,0.0,36,0,0.0,1203.61,0.0,1.2,2991,33.44,0.0,869.3,-234.04
2020-07-27,Piauí,Novo Santo Antônio,-33.43,-1,0,0.0,36,0,0.0,1203.61,0.0,1.2,2991,33.44,-100.3,1103.34,0.0
2020-07-26,Piauí,Novo Santo Antônio,0.0,0,0,0.0,37,0,0.0,1237.04,0.0,1.24,2991,133.74,-33.43,1103.34,-33.43
2020-07-25,Piauí,Novo Santo Antônio,33.43,1,0,0.0,37,0,0.0,1237.04,0.0,1.24,2991,167.17,-33.44,1136.77,33.43
2020-07-24,Piauí,Novo Santo Antônio,0.0,0,0,0.0,36,0,0.0,1203.61,0.0,1.2,2991,200.61,0.0,1103.34,0.0
2020-07-23,Piauí,Novo Santo Antônio,66.87,2,0,0.0,36,0,0.0,1203.61,0.0,1.2,2991,200.61,66.87,1103.34,66.87
2020-07-22,Piauí,Novo Santo Antônio,-33.43,-1,0,0.0,34,0,0.0,1136.74,0.0,1.14,2991,133.74,-100.3,1036.47,-33.43
2020-07-21,Piauí,Novo Santo Antônio,0.0,0,0,0.0,35,0,0.0,1170.18,0.0,1.17,2991,234.04,-234.04,1069.9,0.0
2020-07-20,Piauí,Novo Santo Antônio,66.87,2,0,0.0,35,0,0.0,1170.18,0.0,1.17,2991,468.08,-33.43,1069.9,66.87
2020-07-19,Piauí,Novo Santo Antônio,33.43,1,0,0.0,33,0,0.0,1103.31,0.0,1.1,2991,501.51,33.43,1003.03,33.43
2020-07-18,Piauí,Novo Santo Antônio,66.87,2,0,0.0,32,0,0.0,1069.88,0.0,1.07,2991,468.08,0.0,969.6,66.87
2020-07-17,Piauí,Novo Santo Antônio,0.0,0,0,0.0,30,0,0.0,1003.01,0.0,1.0,2991,468.08,33.43,902.73,-33.43
2020-07-16,Piauí,Novo Santo Antônio,0.0,0,0,0.0,30,0,0.0,1003.01,0.0,1.0,2991,434.65,0.0,936.16,0.0
2020-07-15,Piauí,Novo Santo Antônio,66.87,2,0,0.0,30,0,0.0,1003.01,0.0,1.0,2991,434.65,0.0,936.16,66.87
2020-07-14,Piauí,Novo Santo Antônio,234.04,7,0,0.0,28,0,0.0,936.14,0.0,0.94,2991,434.65,234.04,869.29,234.04
2020-07-13,Piauí,Novo Santo Antônio,100.3,3,0,0.0,21,0,0.0,702.11,0.0,0.7,2991,200.61,-66.87,635.25,100.3
2020-07-12,Piauí,Novo Santo Antônio,0.0,0,0,0.0,18,0,0.0,601.81,0.0,0.6,2991,267.48,0.0,534.95,0.0
2020-07-11,Piauí,Novo Santo Antônio,66.87,2,0,0.0,18,0,0.0,601.81,0.0,0.6,2991,267.48,66.87,534.95,66.87
2020-07-10,Piauí,Novo Santo Antônio,-33.43,-1,0,0.0,16,0,0.0,534.94,0.0,0.53,2991,200.61,-33.43,468.08,-33.43
2020-07-09,Piauí,Novo Santo Antônio,0.0,0,0,0.0,17,0,0.0,568.37,0.0,0.57,2991,234.04,0.0,501.51,0.0
2020-07-08,Piauí,Novo Santo Antônio,66.87,2,0,0.0,17,0,0.0,568.37,0.0,0.57,2991,234.04,66.87,501.51,66.87
2020-07-07,Piauí,Novo Santo Antônio,0.0,0,0,0.0,15,0,0.0,501.5,0.0,0.5,2991,167.17,-234.04,434.64,0.0
2020-07-06,Piauí,Novo Santo Antônio,167.17,5,0,0.0,15,0,0.0,501.5,0.0,0.5,2991,401.21,200.6,434.64,167.17
2020-07-05,Piauí,Novo Santo Antônio,0.0,0,0,0.0,10,0,0.0,334.34,0.0,0.33,2991,200.61,-33.43,267.47,0.0
2020-07-04,Piauí,Novo Santo Antônio,0.0,0,0,0.0,10,0,0.0,334.34,0.0,0.33,2991,234.04,0.0,267.47,0.0
2020-07-03,Piauí,Novo Santo Antônio,0.0,0,0,0.0,10,0,0.0,334.34,0.0,0.33,2991,234.04,0.0,267.47,0.0
2020-07-02,Piauí,Novo Santo Antônio,0.0,0,0,0.0,10,0,0.0,334.34,0.0,0.33,2991,234.04,0.0,267.47,0.0
2020-07-01,Piauí,Novo Santo Antônio,0.0,0,0,0.0,10,0,0.0,334.34,0.0,0.33,2991,234.04,0.0,267.47,0.0
2020-06-30,Piauí,Novo Santo Antônio,234.04,7,0,0.0,10,0,0.0,334.34,0.0,0.33,2991,234.04,234.04,267.47,234.04
2020-06-29,Piauí,Novo Santo Antônio,-33.43,-1,0,0.0,3,0,0.0,100.3,0.0,0.1,2991,0.0,-33.43,33.43,-33.43
2020-06-28,Piauí,Novo Santo Antônio,33.43,1,0,0.0,4,0,0.0,133.73,0.0,0.13,2991,33.43,33.43,66.86,0.0
2020-06-27,Piauí,Novo Santo Antônio,0.0,0,0,0.0,3,0,0.0,100.3,0.0,0.1,2991,0.0,0.0,66.86,0.0
2020-06-26,Piauí,Novo Santo Antônio,0.0,0,0,0.0,3,0,0.0,100.3,0.0,0.1,2991,0.0,-33.43,66.86,0.0
2020-06-25,Piauí,Novo Santo Antônio,0.0,0,0,0.0,3,0,0.0,100.3,0.0,0.1,2991,33.43,0.0,66.86,0.0
2020-06-24,Piauí,Novo Santo Antônio,0.0,0,0,0.0,3,0,0.0,100.3,0.0,0.1,2991,33.43,0.0,66.86,0.0
2020-06-23,Piauí,Novo Santo Antônio,0.0,0,0,0.0,3,0,0.0,100.3,0.0,0.1,2991,33.43,0.0,66.86,0.0
2020-06-22,Piauí,Novo Santo Antônio,0.0,0,0,0.0,3,0,0.0,100.3,0.0,0.1,2991,33.43,0.0,66.86,0.0
2020-06-21,Piauí,Novo Santo Antônio,0.0,0,0,0.0,3,0,0.0,100.3,0.0,0.1,2991,33.43,0.0,66.86,0.0
2020-06-20,Piauí,Novo Santo Antônio,0.0,0,0,0.0,3,0,0.0,100.3,0.0,0.1,2991,33.43,0.0,66.86,0.0
2020-06-19,Piauí,Novo Santo Antônio,33.43,1,0,0.0,3,0,0.0,100.3,0.0,0.1,2991,33.43,33.43,66.86,33.43
2020-06-18,Piauí,Novo Santo Antônio,0.0,0,0,0.0,2,0,0.0,66.87,0.0,0.07,2991,0.0,0.0,33.43,0.0
2020-06-17,Piauí,Novo Santo Antônio,0.0,0,0,0.0,2,0,0.0,66.87,0.0,0.07,2991,0.0,0.0,33.43,0.0
2020-06-16,Piauí,Novo Santo Antônio,0.0,0,0,0.0,2,0,0.0,66.87,0.0,0.07,2991,0.0,0.0,33.43,0.0
2020-06-15,Piauí,Novo Santo Antônio,0.0,0,0,0.0,2,0,0.0,66.87,0.0,0.07,2991,0.0,0.0,33.43,0.0
2020-06-14,Piauí,Novo Santo Antônio,0.0,0,0,0.0,2,0,0.0,66.87,0.0,0.07,2991,0.0,0.0,33.43,0.0
2020-06-13,Piauí,Novo Santo Antônio,0.0,0,0,0.0,2,0,0.0,66.87,0.0,0.07,2991,0.0,0.0,33.43,0.0
2020-06-12,Piauí,Novo Santo Antônio,0.0,0,0,0.0,2,0,0.0,66.87,0.0,0.07,2991,0.0,0.0,33.43,0.0
2020-06-11,Piauí,Novo Santo Antônio,0.0,0,0,0.0,2,0,0.0,66.87,0.0,0.07,2991,0.0,0.0,33.43,0.0
2020-06-10,Piauí,Novo Santo Antônio,0.0,0,0,0.0,2,0,0.0,66.87,0.0,0.07,2991,0.0,0.0,33.43,0.0
2020-06-09,Piauí,Novo Santo Antônio,0.0,0,0,0.0,2,0,0.0,66.87,0.0,0.07,2991,0.0,0.0,33.43,0.0
2020-06-08,Piauí,Novo Santo Antônio,0.0,0,0,0.0,2,0,0.0,66.87,0.0,0.07,2991,0.0,0.0,33.43,0.0
2020-06-07,Piauí,Novo Santo Antônio,0.0,0,0,0.0,2,0,0.0,66.87,0.0,0.07,2991,0.0,-33.43,33.43,0.0
2020-06-06,Piauí,Novo Santo Antônio,0.0,0,0,0.0,2,0,0.0,66.87,0.0,0.07,2991,33.43,0.0,33.43,0.0
2020-06-05,Piauí,Novo Santo Antônio,0.0,0,0,0.0,2,0,0.0,66.87,0.0,0.07,2991,33.43,0.0,33.43,0.0
2020-06-04,Piauí,Novo Santo Antônio,0.0,0,0,0.0,2,0,0.0,66.87,0.0,0.07,2991,33.43,0.0,33.43,0.0
2020-06-03,Piauí,Novo Santo Antônio,0.0,0,0,0.0,2,0,0.0,66.87,0.0,0.07,2991,33.43,0.0,33.43,0.0
2020-06-02,Piauí,Novo Santo Antônio,0.0,0,0,0.0,2,0,0.0,66.87,0.0,0.07,2991,33.43,0.0,33.43,0.0
2020-06-01,Piauí,Novo Santo Antônio,0.0,0,0,0.0,2,0,0.0,66.87,0.0,0.07,2991,33.43,0.0,33.43,0.0
2020-05-31,Piauí,Novo Santo Antônio,33.43,1,0,0.0,2,0,0.0,66.87,0.0,0.07,2991,33.43,33.43,33.43,33.43
2020-05-30,Piauí,Novo Santo Antônio,0.0,0,0,0.0,1,0,0.0,33.43,0.0,0.03,2991,0.0,0.0,0.0,0.0
2020-05-29,Piauí,Novo Santo Antônio,0.0,0,0,0.0,1,0,0.0,33.43,0.0,0.03,2991,0.0,0.0,0.0,0.0
2020-05-28,Piauí,Novo Santo Antônio,0.0,0,0,0.0,1,0,0.0,33.43,0.0,0.03,2991,0.0,0.0,0.0,0.0
2020-05-27,Piauí,Novo Santo Antônio,0.0,0,0,0.0,1,0,0.0,33.43,0.0,0.03,2991,0.0,0.0,0.0,0.0
2020-05-26,Piauí,Novo Santo Antônio,0.0,0,0,0.0,1,0,0.0,33.43,0.0,0.03,2991,0.0,0.0,0.0,0.0
2020-05-25,Piauí,Novo Santo Antônio,0.0,0,0,0.0,1,0,0.0,33.43,0.0,0.03,2991,0.0,0.0,0.0,0.0
2020-05-24,Piauí,Novo Santo Antônio,0.0,0,0,0.0,1,0,0.0,33.43,0.0,0.03,2991,0.0,0.0,0.0,0.0
2020-05-23,Piauí,Novo Santo Antônio,0.0,0,0,0.0,1,0,0.0,33.43,0.0,0.03,2991,0.0,0.0,0.0,0.0
