date,state,city,1day_cases_100k,new_cases,new_deaths,new_deaths_100k,total_cases,total_deaths,cfr%,total_cases_100k,total_deaths_100k,%infected,population,7day_cases_100k,7day_cases_change,28day_cases_100k,28day_cases_change
2020-09-12,Piauí,Queimada Nova,0.0,0,0,0.0,176,2,1.14,1957.3,22.24,1.96,8992,0.0,-11.12,700.61,11.12
2020-09-11,Piauí,Queimada Nova,0.0,0,0,0.0,176,2,1.14,1957.3,22.24,1.96,8992,11.12,0.0,689.49,-22.24
2020-09-10,Piauí,Queimada Nova,0.0,0,0,0.0,176,2,1.14,1957.3,22.24,1.96,8992,11.12,-11.12,711.73,-11.12
2020-09-09,Piauí,Queimada Nova,0.0,0,0,0.0,176,2,1.14,1957.3,22.24,1.96,8992,22.24,-11.12,722.85,0.0
2020-09-08,Piauí,Queimada Nova,0.0,0,0,0.0,176,2,1.14,1957.3,22.24,1.96,8992,33.36,0.0,722.85,0.0
2020-09-07,Piauí,Queimada Nova,0.0,0,0,0.0,176,2,1.14,1957.3,22.24,1.96,8992,33.36,-11.12,722.85,-11.12
2020-09-06,Piauí,Queimada Nova,0.0,0,0,0.0,176,2,1.14,1957.3,22.24,1.96,8992,44.48,0.0,733.97,-11.12
2020-09-05,Piauí,Queimada Nova,11.12,1,0,0.0,176,2,1.14,1957.3,22.24,1.96,8992,44.48,11.12,745.09,0.0
2020-09-04,Piauí,Queimada Nova,0.0,0,0,0.0,175,2,1.14,1946.17,22.24,1.95,8992,33.36,-11.12,745.09,0.0
2020-09-03,Piauí,Queimada Nova,11.12,1,0,0.0,175,2,1.14,1946.17,22.24,1.95,8992,44.48,11.12,745.09,11.12
2020-09-02,Piauí,Queimada Nova,11.12,1,0,0.0,174,2,1.15,1935.05,22.24,1.94,8992,33.36,-567.17,733.97,-33.36
2020-09-01,Piauí,Queimada Nova,0.0,0,0,0.0,173,2,1.16,1923.93,22.24,1.92,8992,600.53,-11.12,767.33,-22.24
2020-08-31,Piauí,Queimada Nova,11.12,1,0,0.0,173,2,1.16,1923.93,22.24,1.92,8992,611.65,11.12,789.57,-33.36
2020-08-30,Piauí,Queimada Nova,0.0,0,0,0.0,172,2,1.16,1912.81,22.24,1.91,8992,600.53,-11.12,822.93,0.0
2020-08-29,Piauí,Queimada Nova,0.0,0,0,0.0,172,2,1.16,1912.81,22.24,1.91,8992,611.65,0.0,822.93,-66.73
2020-08-28,Piauí,Queimada Nova,11.12,1,0,0.0,172,2,1.16,1912.81,22.24,1.91,8992,611.65,11.12,889.66,0.0
2020-08-27,Piauí,Queimada Nova,0.0,0,0,0.0,171,2,1.17,1901.69,22.24,1.9,8992,600.53,0.0,889.66,-111.21
2020-08-26,Piauí,Queimada Nova,578.29,52,0,0.0,171,2,1.17,1901.69,22.24,1.9,8992,600.53,567.17,1000.87,567.17
2020-08-25,Piauí,Queimada Nova,11.12,1,0,0.0,119,2,1.68,1323.4,22.24,1.32,8992,33.36,-22.24,433.7,-11.12
2020-08-24,Piauí,Queimada Nova,0.0,0,0,0.0,118,2,1.69,1312.28,22.24,1.31,8992,55.6,0.0,444.82,0.0
2020-08-23,Piauí,Queimada Nova,11.12,1,0,0.0,118,2,1.69,1312.28,22.24,1.31,8992,55.6,11.12,444.82,11.12
2020-08-22,Piauí,Queimada Nova,0.0,0,0,0.0,117,2,1.71,1301.16,22.24,1.3,8992,44.48,11.12,433.7,-11.12
2020-08-21,Piauí,Queimada Nova,0.0,0,0,0.0,117,2,1.71,1301.16,22.24,1.3,8992,33.36,-22.24,444.82,-66.73
2020-08-20,Piauí,Queimada Nova,0.0,0,0,0.0,117,2,1.71,1301.16,22.24,1.3,8992,55.6,-11.12,511.55,-11.12
2020-08-19,Piauí,Queimada Nova,11.12,1,0,0.0,117,2,1.71,1301.16,22.24,1.3,8992,66.72,11.12,522.67,11.12
2020-08-18,Piauí,Queimada Nova,33.36,3,0,0.0,116,2,1.72,1290.04,22.24,1.29,8992,55.6,33.36,511.55,0.0
2020-08-17,Piauí,Queimada Nova,0.0,0,0,0.0,113,2,1.77,1256.67,22.24,1.26,8992,22.24,-11.12,511.55,0.0
2020-08-16,Piauí,Queimada Nova,0.0,0,0,0.0,113,2,1.77,1256.67,22.24,1.26,8992,33.36,-11.12,511.55,-11.12
2020-08-15,Piauí,Queimada Nova,-11.12,-1,0,0.0,113,2,1.77,1256.67,22.24,1.26,8992,44.48,-22.24,522.67,-22.24
2020-08-14,Piauí,Queimada Nova,22.24,2,0,0.0,114,2,1.75,1267.79,22.24,1.27,8992,66.72,22.24,544.91,22.24
2020-08-13,Piauí,Queimada Nova,11.12,1,0,0.0,112,2,1.79,1245.55,22.24,1.25,8992,44.48,11.12,522.67,11.12
2020-08-12,Piauí,Queimada Nova,0.0,0,0,0.0,111,2,1.8,1234.43,22.24,1.23,8992,33.36,-44.48,511.55,-44.48
2020-08-11,Piauí,Queimada Nova,0.0,0,1,11.12,111,2,1.8,1234.43,22.24,1.23,8992,77.84,-22.24,556.03,-11.12
2020-08-10,Piauí,Queimada Nova,11.12,1,0,0.0,111,1,0.9,1234.43,11.12,1.23,8992,100.08,-33.36,567.15,0.0
2020-08-09,Piauí,Queimada Nova,11.12,1,0,0.0,110,1,0.91,1223.31,11.12,1.22,8992,133.44,11.12,567.15,-33.36
2020-08-08,Piauí,Queimada Nova,11.12,1,0,0.0,109,1,0.92,1212.19,11.12,1.21,8992,122.32,-55.61,600.51,0.0
2020-08-07,Piauí,Queimada Nova,0.0,0,0,0.0,108,1,0.93,1201.07,11.12,1.2,8992,177.93,-11.12,600.51,0.0
2020-08-06,Piauí,Queimada Nova,0.0,0,0,0.0,108,1,0.93,1201.07,11.12,1.2,8992,189.05,-111.21,600.51,-22.24
2020-08-05,Piauí,Queimada Nova,44.48,4,0,0.0,108,1,0.93,1201.07,11.12,1.2,8992,300.26,33.36,622.75,33.36
2020-08-04,Piauí,Queimada Nova,22.24,2,0,0.0,104,1,0.96,1156.58,11.12,1.16,8992,266.9,0.0,589.39,-88.97
2020-08-03,Piauí,Queimada Nova,44.48,4,0,0.0,102,1,0.98,1134.34,11.12,1.13,8992,266.9,44.48,678.36,44.48
2020-08-02,Piauí,Queimada Nova,0.0,0,0,0.0,98,1,1.02,1089.86,11.12,1.09,8992,222.42,0.0,633.88,0.0
2020-08-01,Piauí,Queimada Nova,66.73,6,0,0.0,98,1,1.02,1089.86,11.12,1.09,8992,222.42,55.61,633.88,66.73
2020-07-31,Piauí,Queimada Nova,11.12,1,0,0.0,92,1,1.09,1023.13,11.12,1.02,8992,166.81,-55.61,567.15,11.12
2020-07-30,Piauí,Queimada Nova,111.21,10,0,0.0,91,1,1.1,1012.01,11.12,1.01,8992,222.42,100.09,556.03,111.21
2020-07-29,Piauí,Queimada Nova,11.12,1,0,0.0,81,1,1.23,900.8,11.12,0.9,8992,122.33,11.12,444.82,11.12
2020-07-28,Piauí,Queimada Nova,22.24,2,0,0.0,80,1,1.25,889.68,11.12,0.89,8992,111.21,-11.12,433.7,22.24
2020-07-27,Piauí,Queimada Nova,0.0,0,0,0.0,78,1,1.28,867.44,11.12,0.87,8992,122.33,0.0,411.46,0.0
2020-07-26,Piauí,Queimada Nova,0.0,0,0,0.0,78,1,1.28,867.44,11.12,0.87,8992,122.33,-11.12,411.46,0.0
2020-07-25,Piauí,Queimada Nova,11.12,1,0,0.0,78,1,1.28,867.44,11.12,0.87,8992,133.45,0.0,411.46,11.12
2020-07-24,Piauí,Queimada Nova,66.73,6,0,0.0,77,1,1.3,856.32,11.12,0.86,8992,133.45,66.73,400.34,66.73
2020-07-23,Piauí,Queimada Nova,11.12,1,0,0.0,71,1,1.41,789.59,11.12,0.79,8992,66.72,11.12,333.61,11.12
2020-07-22,Piauí,Queimada Nova,0.0,0,0,0.0,70,1,1.43,778.47,11.12,0.78,8992,55.6,-44.48,322.49,0.0
2020-07-21,Piauí,Queimada Nova,33.36,3,0,0.0,70,1,1.43,778.47,11.12,0.78,8992,100.08,22.24,322.49,33.36
2020-07-20,Piauí,Queimada Nova,0.0,0,0,0.0,67,1,1.49,745.11,11.12,0.75,8992,77.84,-11.12,289.13,-11.12
2020-07-19,Piauí,Queimada Nova,11.12,1,0,0.0,67,1,1.49,745.11,11.12,0.75,8992,88.96,-33.36,300.25,-11.12
2020-07-18,Piauí,Queimada Nova,11.12,1,0,0.0,66,1,1.52,733.99,11.12,0.73,8992,122.32,0.0,311.37,11.12
2020-07-17,Piauí,Queimada Nova,0.0,0,0,0.0,65,1,1.54,722.86,11.12,0.72,8992,122.32,0.0,300.25,-11.12
2020-07-16,Piauí,Queimada Nova,0.0,0,0,0.0,65,1,1.54,722.86,11.12,0.72,8992,122.32,-22.24,311.37,0.0
2020-07-15,Piauí,Queimada Nova,44.48,4,1,11.12,65,1,1.54,722.86,11.12,0.72,8992,144.56,33.36,311.37,44.48
2020-07-14,Piauí,Queimada Nova,11.12,1,0,0.0,61,0,0.0,678.38,0.0,0.68,8992,111.2,-100.09,266.89,-22.24
2020-07-13,Piauí,Queimada Nova,11.12,1,0,0.0,60,0,0.0,667.26,0.0,0.67,8992,211.29,11.12,289.13,11.12
2020-07-12,Piauí,Queimada Nova,44.48,4,0,0.0,59,0,0.0,656.14,0.0,0.66,8992,200.17,44.48,278.01,33.36
2020-07-11,Piauí,Queimada Nova,11.12,1,0,0.0,55,0,0.0,611.65,0.0,0.61,8992,155.69,11.12,244.65,11.12
2020-07-10,Piauí,Queimada Nova,0.0,0,0,0.0,54,0,0.0,600.53,0.0,0.6,8992,144.57,0.0,233.53,0.0
2020-07-09,Piauí,Queimada Nova,22.24,2,0,0.0,54,0,0.0,600.53,0.0,0.6,8992,144.57,22.24,233.53,22.24
2020-07-08,Piauí,Queimada Nova,11.12,1,0,0.0,52,0,0.0,578.29,0.0,0.58,8992,122.33,11.12,211.29,11.12
2020-07-07,Piauí,Queimada Nova,111.21,10,0,0.0,51,0,0.0,567.17,0.0,0.57,8992,111.21,111.21,200.17,88.97
2020-07-06,Piauí,Queimada Nova,0.0,0,0,0.0,41,0,0.0,455.96,0.0,0.46,8992,0.0,0.0,111.2,-11.12
2020-07-05,Piauí,Queimada Nova,0.0,0,0,0.0,41,0,0.0,455.96,0.0,0.46,8992,0.0,0.0,122.32,0.0
2020-07-04,Piauí,Queimada Nova,0.0,0,0,0.0,41,0,0.0,455.96,0.0,0.46,8992,0.0,0.0,122.32,0.0
2020-07-03,Piauí,Queimada Nova,0.0,0,0,0.0,41,0,0.0,455.96,0.0,0.46,8992,0.0,0.0,122.32,-44.48
2020-07-02,Piauí,Queimada Nova,0.0,0,0,0.0,41,0,0.0,455.96,0.0,0.46,8992,0.0,0.0,166.8,-66.73
2020-07-01,Piauí,Queimada Nova,0.0,0,0,0.0,41,0,0.0,455.96,0.0,0.46,8992,0.0,0.0,233.53,0.0
2020-06-30,Piauí,Queimada Nova,0.0,0,0,0.0,41,0,0.0,455.96,0.0,0.46,8992,0.0,0.0,233.53,-44.48
2020-06-29,Piauí,Queimada Nova,0.0,0,0,0.0,41,0,0.0,455.96,0.0,0.46,8992,0.0,-11.12,278.01,-11.12
2020-06-28,Piauí,Queimada Nova,0.0,0,0,0.0,41,0,0.0,455.96,0.0,0.46,8992,11.12,-22.24,289.13,-22.24
2020-06-27,Piauí,Queimada Nova,0.0,0,0,0.0,41,0,0.0,455.96,0.0,0.46,8992,33.36,0.0,311.37,0.0
2020-06-26,Piauí,Queimada Nova,0.0,0,0,0.0,41,0,0.0,455.96,0.0,0.46,8992,33.36,-11.12,311.37,-22.24
2020-06-25,Piauí,Queimada Nova,0.0,0,0,0.0,41,0,0.0,455.96,0.0,0.46,8992,44.48,0.0,333.61,0.0
2020-06-24,Piauí,Queimada Nova,0.0,0,0,0.0,41,0,0.0,455.96,0.0,0.46,8992,44.48,0.0,333.61,-22.24
2020-06-23,Piauí,Queimada Nova,0.0,0,0,0.0,41,0,0.0,455.96,0.0,0.46,8992,44.48,-33.36,355.85,-22.24
2020-06-22,Piauí,Queimada Nova,11.12,1,0,0.0,41,0,0.0,455.96,0.0,0.46,8992,77.84,11.12,378.09,11.12
2020-06-21,Piauí,Queimada Nova,22.24,2,0,0.0,40,0,0.0,444.84,0.0,0.44,8992,66.72,11.12,366.97,22.24
2020-06-20,Piauí,Queimada Nova,0.0,0,0,0.0,38,0,0.0,422.6,0.0,0.42,8992,55.6,0.0,344.73,0.0
2020-06-19,Piauí,Queimada Nova,11.12,1,0,0.0,38,0,0.0,422.6,0.0,0.42,8992,55.6,11.12,344.73,11.12
2020-06-18,Piauí,Queimada Nova,0.0,0,0,0.0,37,0,0.0,411.48,0.0,0.41,8992,44.48,0.0,333.61,-22.24
2020-06-17,Piauí,Queimada Nova,0.0,0,0,0.0,37,0,0.0,411.48,0.0,0.41,8992,44.48,0.0,355.85,11.12
2020-06-16,Piauí,Queimada Nova,33.36,3,0,0.0,37,0,0.0,411.48,0.0,0.41,8992,44.48,11.12,344.73,0.0
2020-06-15,Piauí,Queimada Nova,0.0,0,0,0.0,34,0,0.0,378.11,0.0,0.38,8992,33.36,-11.12,344.73,-22.24
2020-06-14,Piauí,Queimada Nova,11.12,1,0,0.0,34,0,0.0,378.11,0.0,0.38,8992,44.48,11.12,366.97,11.12
2020-06-13,Piauí,Queimada Nova,0.0,0,0,0.0,33,0,0.0,366.99,0.0,0.37,8992,33.36,0.0,355.85,0.0
2020-06-12,Piauí,Queimada Nova,0.0,0,0,0.0,33,0,0.0,366.99,0.0,0.37,8992,33.36,-44.48,355.85,0.0
2020-06-11,Piauí,Queimada Nova,0.0,0,0,0.0,33,0,0.0,366.99,0.0,0.37,8992,77.84,-66.73,355.85,0.0
2020-06-10,Piauí,Queimada Nova,0.0,0,0,0.0,33,0,0.0,366.99,0.0,0.37,8992,144.57,0.0,355.85,0.0
2020-06-09,Piauí,Queimada Nova,22.24,2,0,0.0,33,0,0.0,366.99,0.0,0.37,8992,144.57,-22.24,355.85,22.24
2020-06-08,Piauí,Queimada Nova,11.12,1,0,0.0,31,0,0.0,344.75,0.0,0.34,8992,166.81,0.0,333.61,11.12
2020-06-07,Piauí,Queimada Nova,0.0,0,0,0.0,30,0,0.0,333.63,0.0,0.33,8992,166.81,-22.24,322.49,0.0
2020-06-06,Piauí,Queimada Nova,0.0,0,0,0.0,30,0,0.0,333.63,0.0,0.33,8992,189.05,0.0,322.49,0.0
2020-06-05,Piauí,Queimada Nova,44.48,4,0,0.0,30,0,0.0,333.63,0.0,0.33,8992,189.05,22.24,322.49,44.48
2020-06-04,Piauí,Queimada Nova,66.73,6,0,0.0,26,0,0.0,289.15,0.0,0.29,8992,166.81,66.73,278.01,66.73
2020-06-03,Piauí,Queimada Nova,0.0,0,0,0.0,20,0,0.0,222.42,0.0,0.22,8992,100.08,-22.24,211.28,0.0
2020-06-02,Piauí,Queimada Nova,44.48,4,0,0.0,20,0,0.0,222.42,0.0,0.22,8992,122.32,22.24,211.28,44.48
2020-06-01,Piauí,Queimada Nova,11.12,1,0,0.0,16,0,0.0,177.94,0.0,0.18,8992,100.08,11.12,166.8,11.12
2020-05-31,Piauí,Queimada Nova,22.24,2,0,0.0,15,0,0.0,166.81,0.0,0.17,8992,88.96,22.24,155.68,22.24
2020-05-30,Piauí,Queimada Nova,0.0,0,0,0.0,13,0,0.0,144.57,0.0,0.14,8992,66.72,0.0,133.44,0.0
2020-05-29,Piauí,Queimada Nova,22.24,2,0,0.0,13,0,0.0,144.57,0.0,0.14,8992,66.72,22.24,133.44,22.24
2020-05-28,Piauí,Queimada Nova,0.0,0,0,0.0,11,0,0.0,122.33,0.0,0.12,8992,44.48,-22.24,111.2,0.0
2020-05-27,Piauí,Queimada Nova,22.24,2,0,0.0,11,0,0.0,122.33,0.0,0.12,8992,66.72,33.36,111.2,22.24
2020-05-26,Piauí,Queimada Nova,22.24,2,0,0.0,9,0,0.0,100.09,0.0,0.1,8992,33.36,-11.12,88.96,22.24
2020-05-25,Piauí,Queimada Nova,0.0,0,0,0.0,7,0,0.0,77.85,0.0,0.08,8992,44.48,-22.24,66.72,0.0
2020-05-24,Piauí,Queimada Nova,0.0,0,0,0.0,7,0,0.0,77.85,0.0,0.08,8992,66.72,0.0,66.72,0.0
2020-05-23,Piauí,Queimada Nova,0.0,0,0,0.0,7,0,0.0,77.85,0.0,0.08,8992,66.72,0.0,66.72,0.0
2020-05-22,Piauí,Queimada Nova,0.0,0,0,0.0,7,0,0.0,77.85,0.0,0.08,8992,66.72,0.0,66.72,0.0
2020-05-21,Piauí,Queimada Nova,22.24,2,0,0.0,7,0,0.0,77.85,0.0,0.08,8992,66.72,22.24,66.72,22.24
2020-05-20,Piauí,Queimada Nova,-11.12,-1,0,0.0,5,0,0.0,55.6,0.0,0.06,8992,44.48,-11.12,44.48,-11.12
2020-05-19,Piauí,Queimada Nova,33.36,3,0,0.0,6,0,0.0,66.73,0.0,0.07,8992,55.6,33.36,55.6,33.36
2020-05-18,Piauí,Queimada Nova,22.24,2,0,0.0,3,0,0.0,33.36,0.0,0.03,8992,22.24,22.24,22.24,22.24
2020-05-17,Piauí,Queimada Nova,0.0,0,0,0.0,1,0,0.0,11.12,0.0,0.01,8992,0.0,0.0,0.0,0.0
2020-05-16,Piauí,Queimada Nova,0.0,0,0,0.0,1,0,0.0,11.12,0.0,0.01,8992,0.0,0.0,0.0,0.0
2020-05-15,Piauí,Queimada Nova,0.0,0,0,0.0,1,0,0.0,11.12,0.0,0.01,8992,0.0,0.0,0.0,0.0
2020-05-14,Piauí,Queimada Nova,0.0,0,0,0.0,1,0,0.0,11.12,0.0,0.01,8992,0.0,0.0,0.0,0.0
2020-05-13,Piauí,Queimada Nova,0.0,0,0,0.0,1,0,0.0,11.12,0.0,0.01,8992,0.0,0.0,0.0,0.0
2020-05-12,Piauí,Queimada Nova,0.0,0,0,0.0,1,0,0.0,11.12,0.0,0.01,8992,0.0,0.0,0.0,0.0
2020-05-11,Piauí,Queimada Nova,0.0,0,0,0.0,1,0,0.0,11.12,0.0,0.01,8992,0.0,0.0,0.0,0.0
2020-05-10,Piauí,Queimada Nova,0.0,0,0,0.0,1,0,0.0,11.12,0.0,0.01,8992,0.0,0.0,0.0,0.0
2020-05-09,Piauí,Queimada Nova,0.0,0,0,0.0,1,0,0.0,11.12,0.0,0.01,8992,0.0,0.0,0.0,0.0
2020-05-08,Piauí,Queimada Nova,0.0,0,0,0.0,1,0,0.0,11.12,0.0,0.01,8992,0.0,0.0,0.0,0.0
2020-05-07,Piauí,Queimada Nova,0.0,0,0,0.0,1,0,0.0,11.12,0.0,0.01,8992,0.0,0.0,0.0,0.0
2020-05-06,Piauí,Queimada Nova,0.0,0,0,0.0,1,0,0.0,11.12,0.0,0.01,8992,0.0,0.0,0.0,0.0
2020-05-05,Piauí,Queimada Nova,0.0,0,0,0.0,1,0,0.0,11.12,0.0,0.01,8992,0.0,0.0,0.0,0.0
2020-05-04,Piauí,Queimada Nova,0.0,0,0,0.0,1,0,0.0,11.12,0.0,0.01,8992,0.0,0.0,0.0,0.0
2020-05-03,Piauí,Queimada Nova,0.0,0,0,0.0,1,0,0.0,11.12,0.0,0.01,8992,0.0,0.0,0.0,0.0
2020-05-02,Piauí,Queimada Nova,0.0,0,0,0.0,1,0,0.0,11.12,0.0,0.01,8992,0.0,0.0,0.0,0.0
2020-05-01,Piauí,Queimada Nova,0.0,0,0,0.0,1,0,0.0,11.12,0.0,0.01,8992,0.0,0.0,0.0,0.0
2020-04-30,Piauí,Queimada Nova,0.0,0,0,0.0,1,0,0.0,11.12,0.0,0.01,8992,0.0,0.0,0.0,0.0
2020-04-29,Piauí,Queimada Nova,0.0,0,0,0.0,1,0,0.0,11.12,0.0,0.01,8992,0.0,0.0,0.0,0.0
2020-04-28,Piauí,Queimada Nova,0.0,0,0,0.0,1,0,0.0,11.12,0.0,0.01,8992,0.0,0.0,0.0,0.0
