date,state,city,1day_cases_100k,new_cases,new_deaths,new_deaths_100k,total_cases,total_deaths,cfr%,total_cases_100k,total_deaths_100k,%infected,population,7day_cases_100k,7day_cases_change,28day_cases_100k,28day_cases_change
2020-10-08,Piauí,São João do Arraial,0.0,0,0,0.0,273,1,0.37,3417.2,12.52,3.42,7989,0.0,-37.55,400.56,-150.21
2020-10-07,Piauí,São João do Arraial,0.0,0,0,0.0,273,1,0.37,3417.2,12.52,3.42,7989,37.55,0.0,550.77,-25.03
2020-10-06,Piauí,São João do Arraial,0.0,0,0,0.0,273,1,0.37,3417.2,12.52,3.42,7989,37.55,0.0,575.8,-12.52
2020-10-05,Piauí,São João do Arraial,0.0,0,0,0.0,273,1,0.37,3417.2,12.52,3.42,7989,37.55,-12.52,588.32,0.0
2020-10-04,Piauí,São João do Arraial,0.0,0,0,0.0,273,1,0.37,3417.2,12.52,3.42,7989,50.07,0.0,588.32,0.0
2020-10-03,Piauí,São João do Arraial,0.0,0,0,0.0,273,1,0.37,3417.2,12.52,3.42,7989,50.07,0.0,588.32,0.0
2020-10-02,Piauí,São João do Arraial,0.0,0,0,0.0,273,1,0.37,3417.2,12.52,3.42,7989,50.07,-12.52,588.32,-12.52
2020-10-01,Piauí,São João do Arraial,37.55,3,0,0.0,273,1,0.37,3417.2,12.52,3.42,7989,62.59,37.55,600.84,37.55
2020-09-30,Piauí,São João do Arraial,0.0,0,0,0.0,270,1,0.37,3379.65,12.52,3.38,7989,25.04,0.0,563.29,-37.55
2020-09-29,Piauí,São João do Arraial,0.0,0,0,0.0,270,1,0.37,3379.65,12.52,3.38,7989,25.04,0.0,600.84,-50.07
2020-09-28,Piauí,São João do Arraial,12.52,1,0,0.0,270,1,0.37,3379.65,12.52,3.38,7989,25.04,0.0,650.91,12.52
2020-09-27,Piauí,São João do Arraial,0.0,0,0,0.0,269,1,0.37,3367.13,12.52,3.37,7989,25.04,-62.59,638.39,-37.55
2020-09-26,Piauí,São João do Arraial,0.0,0,0,0.0,269,1,0.37,3367.13,12.52,3.37,7989,87.63,0.0,675.94,-62.59
2020-09-25,Piauí,São João do Arraial,12.52,1,0,0.0,269,1,0.37,3367.13,12.52,3.37,7989,87.63,0.0,738.53,-25.03
2020-09-23,Piauí,São João do Arraial,0.0,0,0,0.0,268,1,0.37,3354.61,12.52,3.35,7989,87.63,-75.1,763.56,0.0
2020-09-22,Piauí,São João do Arraial,0.0,0,0,0.0,268,1,0.37,3354.61,12.52,3.35,7989,162.73,-12.52,763.56,-25.03
2020-09-21,Piauí,São João do Arraial,0.0,0,0,0.0,268,1,0.37,3354.61,12.52,3.35,7989,175.25,0.0,788.59,-50.07
2020-09-20,Piauí,São João do Arraial,12.52,1,0,0.0,268,1,0.37,3354.61,12.52,3.35,7989,175.25,0.0,838.66,12.52
2020-09-19,Piauí,São João do Arraial,62.59,5,0,0.0,267,1,0.37,3342.1,12.52,3.34,7989,175.25,-12.51,826.14,62.59
2020-09-18,Piauí,São João do Arraial,0.0,0,0,0.0,262,1,0.38,3279.51,12.52,3.28,7989,187.76,-37.55,763.55,-25.03
2020-09-17,Piauí,São João do Arraial,12.52,1,0,0.0,262,1,0.38,3279.51,12.52,3.28,7989,225.31,-25.03,788.58,12.52
2020-09-16,Piauí,São João do Arraial,75.1,6,0,0.0,261,1,0.38,3266.99,12.52,3.27,7989,250.34,-75.11,776.06,75.1
2020-09-15,Piauí,São João do Arraial,12.52,1,0,0.0,255,1,0.39,3191.89,12.52,3.19,7989,325.45,-12.51,700.96,-37.55
2020-09-14,Piauí,São João do Arraial,0.0,0,0,0.0,254,1,0.39,3179.37,12.52,3.18,7989,337.96,-12.52,738.51,-12.52
2020-09-13,Piauí,São João do Arraial,12.52,1,0,0.0,254,1,0.39,3179.37,12.52,3.18,7989,350.48,12.52,751.03,12.52
2020-09-12,Piauí,São João do Arraial,75.1,6,0,0.0,253,1,0.4,3166.85,12.52,3.17,7989,337.96,75.1,738.51,75.1
2020-09-11,Piauí,São João do Arraial,37.55,3,0,0.0,247,1,0.4,3091.75,12.52,3.09,7989,262.86,37.55,663.41,25.03
2020-09-10,Piauí,São João do Arraial,37.55,3,0,0.0,244,1,0.41,3054.2,12.52,3.05,7989,225.31,25.03,638.38,12.52
2020-09-09,Piauí,São João do Arraial,150.21,12,0,0.0,241,1,0.41,3016.65,12.52,3.02,7989,200.28,150.21,625.86,137.69
2020-09-08,Piauí,São João do Arraial,25.03,2,0,0.0,229,1,0.44,2866.44,12.52,2.87,7989,50.07,-12.52,488.17,25.03
2020-09-07,Piauí,São João do Arraial,12.52,1,0,0.0,227,1,0.44,2841.41,12.52,2.84,7989,62.59,-37.55,463.14,-12.51
2020-09-06,Piauí,São João do Arraial,0.0,0,0,0.0,226,1,0.44,2828.89,12.52,2.83,7989,100.14,0.0,475.65,0.0
2020-09-05,Piauí,São João do Arraial,0.0,0,0,0.0,226,1,0.44,2828.89,12.52,2.83,7989,100.14,-37.55,475.65,0.0
2020-09-04,Piauí,São João do Arraial,0.0,0,0,0.0,226,1,0.44,2828.89,12.52,2.83,7989,137.69,-62.59,475.65,-87.62
2020-09-03,Piauí,São João do Arraial,12.52,1,0,0.0,226,1,0.44,2828.89,12.52,2.83,7989,200.28,-25.03,563.27,-25.03
2020-09-02,Piauí,São João do Arraial,0.0,0,0,0.0,225,1,0.44,2816.37,12.52,2.82,7989,225.31,0.0,588.3,0.0
2020-09-01,Piauí,São João do Arraial,37.55,3,0,0.0,225,1,0.44,2816.37,12.52,2.82,7989,225.31,12.52,588.3,-75.1
2020-08-31,Piauí,São João do Arraial,50.07,4,0,0.0,222,1,0.45,2778.82,12.52,2.78,7989,212.79,0.0,663.4,25.04
2020-08-30,Piauí,São João do Arraial,0.0,0,0,0.0,218,1,0.46,2728.75,12.52,2.73,7989,212.79,0.0,638.36,0.0
2020-08-29,Piauí,São João do Arraial,37.55,3,0,0.0,218,1,0.46,2728.75,12.52,2.73,7989,212.79,37.55,638.36,37.55
2020-08-28,Piauí,São João do Arraial,62.59,5,0,0.0,215,1,0.47,2691.2,12.52,2.69,7989,175.24,37.56,600.81,-12.51
2020-08-27,Piauí,São João do Arraial,37.55,3,0,0.0,210,1,0.48,2628.61,12.52,2.63,7989,137.68,37.55,613.32,25.03
2020-08-26,Piauí,São João do Arraial,0.0,0,0,0.0,207,1,0.48,2591.06,12.52,2.59,7989,100.13,0.0,588.29,-12.52
2020-08-25,Piauí,São João do Arraial,25.03,2,0,0.0,207,1,0.48,2591.06,12.52,2.59,7989,100.13,-25.04,600.81,-212.8
2020-08-24,Piauí,São João do Arraial,50.07,4,0,0.0,205,1,0.49,2566.03,12.52,2.57,7989,125.17,37.55,813.61,-25.03
2020-08-23,Piauí,São João do Arraial,0.0,0,0,0.0,201,1,0.5,2515.96,12.52,2.52,7989,87.62,0.0,838.64,-12.52
2020-08-22,Piauí,São João do Arraial,0.0,0,0,0.0,201,1,0.5,2515.96,12.52,2.52,7989,87.62,0.0,851.16,-37.55
2020-08-21,Piauí,São João do Arraial,25.03,2,0,0.0,201,1,0.5,2515.96,12.52,2.52,7989,87.62,12.51,888.71,0.0
2020-08-20,Piauí,São João do Arraial,0.0,0,0,0.0,199,1,0.5,2490.93,12.52,2.49,7989,75.11,-25.03,888.71,-137.69
2020-08-19,Piauí,São João do Arraial,0.0,0,0,0.0,199,1,0.5,2490.93,12.52,2.49,7989,100.14,-12.52,1026.4,-62.59
2020-08-18,Piauí,São João do Arraial,50.07,4,0,0.0,199,1,0.5,2490.93,12.52,2.49,7989,112.66,50.07,1088.99,-25.03
2020-08-17,Piauí,São João do Arraial,12.52,1,0,0.0,195,1,0.51,2440.86,12.52,2.44,7989,62.59,-12.51,1114.02,-112.65
2020-08-16,Piauí,São João do Arraial,0.0,0,0,0.0,194,1,0.52,2428.34,12.52,2.43,7989,75.1,0.0,1226.67,0.0
2020-08-15,Piauí,São João do Arraial,0.0,0,0,0.0,194,1,0.52,2428.34,12.52,2.43,7989,75.1,0.0,1226.67,-25.03
2020-08-14,Piauí,São João do Arraial,12.52,1,0,0.0,194,1,0.52,2428.34,12.52,2.43,7989,75.1,-75.1,1251.7,-37.55
2020-08-13,Piauí,São João do Arraial,25.03,2,0,0.0,193,1,0.52,2415.82,12.52,2.42,7989,150.2,-12.52,1289.25,-50.07
2020-08-12,Piauí,São João do Arraial,12.52,1,1,12.52,191,1,0.52,2390.79,12.52,2.39,7989,162.72,12.52,1339.32,-75.1
2020-08-11,Piauí,São João do Arraial,0.0,0,0,0.0,190,0,0.0,2378.27,0.0,2.38,7989,150.2,-112.65,1414.42,-200.28
2020-08-10,Piauí,São João do Arraial,25.03,2,0,0.0,190,0,0.0,2378.27,0.0,2.38,7989,262.85,0.0,1614.7,12.51
2020-08-09,Piauí,São João do Arraial,0.0,0,0,0.0,188,0,0.0,2353.24,0.0,2.35,7989,262.85,0.0,1602.19,0.0
2020-08-08,Piauí,São João do Arraial,0.0,0,0,0.0,188,0,0.0,2353.24,0.0,2.35,7989,262.85,0.0,1602.19,87.62
2020-08-07,Piauí,São João do Arraial,87.62,7,0,0.0,188,0,0.0,2353.24,0.0,2.35,7989,262.85,12.52,1514.57,-137.69
2020-08-06,Piauí,São João do Arraial,37.55,3,0,0.0,181,0,0.0,2265.62,0.0,2.27,7989,250.33,25.03,1652.26,-100.14
2020-08-05,Piauí,São João do Arraial,0.0,0,0,0.0,178,0,0.0,2228.06,0.0,2.23,7989,225.3,-12.52,1752.4,-112.65
2020-08-04,Piauí,São João do Arraial,112.65,9,0,0.0,178,0,0.0,2228.06,0.0,2.23,7989,237.82,-125.18,1865.05,25.03
2020-08-03,Piauí,São João do Arraial,25.03,2,0,0.0,169,0,0.0,2115.41,0.0,2.12,7989,363.0,-50.07,1840.02,-50.07
2020-08-02,Piauí,São João do Arraial,0.0,0,0,0.0,167,0,0.0,2090.37,0.0,2.09,7989,413.07,-12.52,1890.09,-12.52
2020-08-01,Piauí,São João do Arraial,0.0,0,0,0.0,167,0,0.0,2090.37,0.0,2.09,7989,425.59,-37.55,1902.61,0.0
2020-07-31,Piauí,São João do Arraial,75.1,6,0,0.0,167,0,0.0,2090.37,0.0,2.09,7989,463.14,50.07,1902.61,62.58
2020-07-30,Piauí,São João do Arraial,12.52,1,0,0.0,161,0,0.0,2015.27,0.0,2.02,7989,413.07,-125.17,1840.03,0.0
2020-07-29,Piauí,São João do Arraial,12.52,1,0,0.0,160,0,0.0,2002.75,0.0,2.0,7989,538.24,-50.07,1840.03,12.52
2020-07-28,Piauí,São João do Arraial,237.83,19,0,0.0,159,0,0.0,1990.24,0.0,1.99,7989,588.31,162.73,1827.51,187.76
2020-07-27,Piauí,São João do Arraial,75.1,6,0,0.0,140,0,0.0,1752.41,0.0,1.75,7989,425.58,-50.07,1639.75,75.1
2020-07-26,Piauí,São João do Arraial,12.52,1,0,0.0,134,0,0.0,1677.31,0.0,1.68,7989,475.65,12.52,1564.65,-12.51
2020-07-25,Piauí,São João do Arraial,37.55,3,0,0.0,133,0,0.0,1664.79,0.0,1.66,7989,463.13,12.52,1577.16,37.55
2020-07-24,Piauí,São João do Arraial,25.03,2,0,0.0,130,0,0.0,1627.24,0.0,1.63,7989,450.61,-25.04,1539.61,12.51
2020-07-23,Piauí,São João do Arraial,137.69,11,0,0.0,128,0,0.0,1602.2,0.0,1.6,7989,475.65,62.59,1527.1,112.66
2020-07-22,Piauí,São João do Arraial,62.59,5,0,0.0,117,0,0.0,1464.51,0.0,1.46,7989,413.06,-25.03,1414.44,50.07
2020-07-21,Piauí,São João do Arraial,75.1,6,0,0.0,112,0,0.0,1401.93,0.0,1.4,7989,438.09,-125.18,1364.37,62.58
2020-07-20,Piauí,São João do Arraial,125.17,10,0,0.0,106,0,0.0,1326.82,0.0,1.33,7989,563.27,112.65,1301.79,125.17
2020-07-19,Piauí,São João do Arraial,0.0,0,0,0.0,96,0,0.0,1201.65,0.0,1.2,7989,450.62,0.0,1176.62,0.0
2020-07-18,Piauí,São João do Arraial,25.03,2,0,0.0,96,0,0.0,1201.65,0.0,1.2,7989,450.62,112.65,1176.62,25.03
2020-07-17,Piauí,São João do Arraial,50.07,4,0,0.0,94,0,0.0,1176.62,0.0,1.18,7989,337.97,-175.24,1151.59,50.07
2020-07-16,Piauí,São João do Arraial,75.1,6,0,0.0,90,0,0.0,1126.55,0.0,1.13,7989,513.21,-62.59,1101.52,75.1
2020-07-15,Piauí,São João do Arraial,87.62,7,0,0.0,84,0,0.0,1051.45,0.0,1.05,7989,575.8,-25.03,1026.42,75.1
2020-07-14,Piauí,São João do Arraial,200.28,16,0,0.0,77,0,0.0,963.83,0.0,0.96,7989,600.83,112.66,951.32,200.28
2020-07-13,Piauí,São João do Arraial,12.52,1,0,0.0,61,0,0.0,763.55,0.0,0.76,7989,488.17,-62.58,751.04,12.52
2020-07-12,Piauí,São João do Arraial,0.0,0,0,0.0,60,0,0.0,751.03,0.0,0.75,7989,550.75,-12.52,738.52,0.0
2020-07-11,Piauí,São João do Arraial,-87.62,-7,0,0.0,60,0,0.0,751.03,0.0,0.75,7989,563.27,-87.62,738.52,-87.62
2020-07-10,Piauí,São João do Arraial,225.31,18,0,0.0,67,0,0.0,838.65,0.0,0.84,7989,650.89,212.79,826.14,225.31
2020-07-09,Piauí,São João do Arraial,137.69,11,0,0.0,49,0,0.0,613.34,0.0,0.61,7989,438.1,125.17,600.83,137.69
2020-07-08,Piauí,São João do Arraial,112.65,9,0,0.0,38,0,0.0,475.65,0.0,0.48,7989,312.93,112.65,463.14,112.65
2020-07-07,Piauí,São João do Arraial,87.62,7,0,0.0,29,0,0.0,363.0,0.0,0.36,7989,200.28,37.55,350.49,87.62
2020-07-06,Piauí,São João do Arraial,75.1,6,0,0.0,22,0,0.0,275.38,0.0,0.28,7989,162.73,75.1,262.87,75.1
2020-07-05,Piauí,São João do Arraial,12.52,1,0,0.0,16,0,0.0,200.28,0.0,0.2,7989,87.63,-12.51,187.77,12.52
2020-07-04,Piauí,São João do Arraial,0.0,0,0,0.0,15,0,0.0,187.76,0.0,0.19,7989,100.14,0.0,175.25,0.0
2020-07-03,Piauí,São João do Arraial,12.52,1,0,0.0,15,0,0.0,187.76,0.0,0.19,7989,100.14,0.0,175.25,12.52
2020-07-02,Piauí,São João do Arraial,12.52,1,0,0.0,14,0,0.0,175.24,0.0,0.18,7989,100.14,-12.51,162.73,12.52
2020-07-01,Piauí,São João do Arraial,0.0,0,0,0.0,13,0,0.0,162.72,0.0,0.16,7989,112.65,-12.52,150.21,0.0
2020-06-30,Piauí,São João do Arraial,50.07,4,0,0.0,13,0,0.0,162.72,0.0,0.16,7989,125.17,37.55,150.21,50.07
2020-06-29,Piauí,São João do Arraial,0.0,0,0,0.0,9,0,0.0,112.65,0.0,0.11,7989,87.62,0.0,100.14,0.0
2020-06-28,Piauí,São João do Arraial,25.03,2,0,0.0,9,0,0.0,112.65,0.0,0.11,7989,87.62,25.03,100.14,25.03
2020-06-27,Piauí,São João do Arraial,0.0,0,0,0.0,7,0,0.0,87.62,0.0,0.09,7989,62.59,0.0,75.11,0.0
2020-06-26,Piauí,São João do Arraial,12.52,1,0,0.0,7,0,0.0,87.62,0.0,0.09,7989,62.59,12.52,75.11,12.52
2020-06-25,Piauí,São João do Arraial,25.03,2,0,0.0,6,0,0.0,75.1,0.0,0.08,7989,50.07,25.03,62.59,25.03
2020-06-24,Piauí,São João do Arraial,12.52,1,0,0.0,4,0,0.0,50.07,0.0,0.05,7989,25.04,0.0,37.56,12.52
2020-06-23,Piauí,São João do Arraial,12.52,1,0,0.0,3,0,0.0,37.55,0.0,0.04,7989,25.04,12.52,25.04,12.52
2020-06-22,Piauí,São João do Arraial,0.0,0,0,0.0,2,0,0.0,25.03,0.0,0.03,7989,12.52,0.0,12.52,0.0
2020-06-21,Piauí,São João do Arraial,0.0,0,0,0.0,2,0,0.0,25.03,0.0,0.03,7989,12.52,0.0,12.52,0.0
2020-06-20,Piauí,São João do Arraial,0.0,0,0,0.0,2,0,0.0,25.03,0.0,0.03,7989,12.52,0.0,12.52,0.0
2020-06-19,Piauí,São João do Arraial,0.0,0,0,0.0,2,0,0.0,25.03,0.0,0.03,7989,12.52,0.0,12.52,0.0
2020-06-18,Piauí,São João do Arraial,0.0,0,0,0.0,2,0,0.0,25.03,0.0,0.03,7989,12.52,0.0,12.52,0.0
2020-06-17,Piauí,São João do Arraial,12.52,1,0,0.0,2,0,0.0,25.03,0.0,0.03,7989,12.52,12.52,12.52,12.52
2020-06-16,Piauí,São João do Arraial,0.0,0,0,0.0,1,0,0.0,12.52,0.0,0.01,7989,0.0,0.0,0.0,0.0
2020-06-15,Piauí,São João do Arraial,0.0,0,0,0.0,1,0,0.0,12.52,0.0,0.01,7989,0.0,0.0,0.0,0.0
2020-06-14,Piauí,São João do Arraial,0.0,0,0,0.0,1,0,0.0,12.52,0.0,0.01,7989,0.0,0.0,0.0,0.0
2020-06-13,Piauí,São João do Arraial,0.0,0,0,0.0,1,0,0.0,12.52,0.0,0.01,7989,0.0,0.0,0.0,0.0
2020-06-12,Piauí,São João do Arraial,0.0,0,0,0.0,1,0,0.0,12.52,0.0,0.01,7989,0.0,0.0,0.0,0.0
2020-06-11,Piauí,São João do Arraial,0.0,0,0,0.0,1,0,0.0,12.52,0.0,0.01,7989,0.0,0.0,0.0,0.0
2020-06-10,Piauí,São João do Arraial,0.0,0,0,0.0,1,0,0.0,12.52,0.0,0.01,7989,0.0,0.0,0.0,0.0
2020-06-09,Piauí,São João do Arraial,0.0,0,0,0.0,1,0,0.0,12.52,0.0,0.01,7989,0.0,0.0,0.0,0.0
2020-06-08,Piauí,São João do Arraial,0.0,0,0,0.0,1,0,0.0,12.52,0.0,0.01,7989,0.0,0.0,0.0,0.0
2020-06-07,Piauí,São João do Arraial,0.0,0,0,0.0,1,0,0.0,12.52,0.0,0.01,7989,0.0,0.0,0.0,0.0
2020-06-06,Piauí,São João do Arraial,0.0,0,0,0.0,1,0,0.0,12.52,0.0,0.01,7989,0.0,0.0,0.0,0.0
2020-06-05,Piauí,São João do Arraial,0.0,0,0,0.0,1,0,0.0,12.52,0.0,0.01,7989,0.0,0.0,0.0,0.0
2020-06-04,Piauí,São João do Arraial,0.0,0,0,0.0,1,0,0.0,12.52,0.0,0.01,7989,0.0,0.0,0.0,0.0
2020-06-03,Piauí,São João do Arraial,0.0,0,0,0.0,1,0,0.0,12.52,0.0,0.01,7989,0.0,0.0,0.0,0.0
2020-06-02,Piauí,São João do Arraial,0.0,0,0,0.0,1,0,0.0,12.52,0.0,0.01,7989,0.0,0.0,0.0,0.0
2020-06-01,Piauí,São João do Arraial,0.0,0,0,0.0,1,0,0.0,12.52,0.0,0.01,7989,0.0,0.0,0.0,0.0
2020-05-31,Piauí,São João do Arraial,0.0,0,0,0.0,1,0,0.0,12.52,0.0,0.01,7989,0.0,0.0,0.0,0.0
2020-05-30,Piauí,São João do Arraial,0.0,0,0,0.0,1,0,0.0,12.52,0.0,0.01,7989,0.0,0.0,0.0,0.0
