date,state,city,1day_cases_100k,new_cases,new_deaths,new_deaths_100k,total_cases,total_deaths,cfr%,total_cases_100k,total_deaths_100k,%infected,population,7day_cases_100k,7day_cases_change,28day_cases_100k,28day_cases_change
2020-09-17,Maranhão,Itaipava do Grajaú,0.0,0,0,0.0,478,3,0.63,2976.89,18.68,2.98,16057,-0.0,0.0,398.59,-143.24
2020-09-16,Maranhão,Itaipava do Grajaú,0.0,0,0,0.0,478,3,0.63,2976.89,18.68,2.98,16057,-0.0,0.0,541.83,-87.19
2020-09-15,Maranhão,Itaipava do Grajaú,0.0,0,0,0.0,478,3,0.63,2976.89,18.68,2.98,16057,-0.0,0.0,629.02,-118.33
2020-09-14,Maranhão,Itaipava do Grajaú,0.0,0,0,0.0,478,3,0.63,2976.89,18.68,2.98,16057,-0.0,0.0,747.35,0.0
2020-09-13,Maranhão,Itaipava do Grajaú,0.0,0,0,0.0,478,3,0.63,2976.89,18.68,2.98,16057,-0.0,0.0,747.35,0.0
2020-09-12,Maranhão,Itaipava do Grajaú,0.0,0,0,0.0,478,3,0.63,2976.89,18.68,2.98,16057,-0.0,0.0,747.35,0.0
2020-09-11,Maranhão,Itaipava do Grajaú,0.0,0,0,0.0,478,3,0.63,2976.89,18.68,2.98,16057,-0.0,0.0,747.35,-161.92
2020-09-10,Maranhão,Itaipava do Grajaú,0.0,0,0,0.0,478,3,0.63,2976.89,18.68,2.98,16057,-0.0,0.0,909.27,-12.46
2020-09-09,Maranhão,Itaipava do Grajaú,0.0,0,0,0.0,478,3,0.63,2976.89,18.68,2.98,16057,-0.0,-174.38,921.73,-124.56
2020-09-08,Maranhão,Itaipava do Grajaú,0.0,0,0,0.0,478,3,0.63,2976.89,18.68,2.98,16057,174.38,0.0,1046.29,0.0
2020-09-07,Maranhão,Itaipava do Grajaú,0.0,0,0,0.0,478,3,0.63,2976.89,18.68,2.98,16057,174.38,-12.46,1046.29,0.0
2020-09-06,Maranhão,Itaipava do Grajaú,0.0,0,0,0.0,478,3,0.63,2976.89,18.68,2.98,16057,186.84,-62.28,1046.29,0.0
2020-09-05,Maranhão,Itaipava do Grajaú,0.0,0,0,0.0,478,3,0.63,2976.89,18.68,2.98,16057,249.12,0.0,1046.29,-174.38
2020-09-04,Maranhão,Itaipava do Grajaú,0.0,0,0,0.0,478,3,0.63,2976.89,18.68,2.98,16057,249.12,0.0,1220.67,0.0
2020-09-03,Maranhão,Itaipava do Grajaú,0.0,0,0,0.0,478,3,0.63,2976.89,18.68,2.98,16057,249.12,0.0,1220.67,0.0
2020-09-02,Maranhão,Itaipava do Grajaú,174.38,28,0,0.0,478,3,0.63,2976.89,18.68,2.98,16057,249.12,174.38,1220.67,168.15
2020-09-01,Maranhão,Itaipava do Grajaú,0.0,0,0,0.0,450,3,0.67,2802.52,18.68,2.8,16057,74.74,-6.23,1052.52,-43.59
2020-08-31,Maranhão,Itaipava do Grajaú,12.46,2,0,0.0,450,3,0.67,2802.52,18.68,2.8,16057,80.97,12.46,1096.11,18.69
2020-08-30,Maranhão,Itaipava do Grajaú,62.28,10,0,0.0,448,3,0.67,2790.06,18.68,2.79,16057,68.51,62.28,1077.42,-62.28
2020-08-29,Maranhão,Itaipava do Grajaú,0.0,0,0,0.0,438,3,0.68,2727.78,18.68,2.73,16057,6.23,-6.23,1139.7,-211.75
2020-08-28,Maranhão,Itaipava do Grajaú,0.0,0,0,0.0,438,3,0.68,2727.78,18.68,2.73,16057,12.46,-137.01,1351.45,-6.23
2020-08-27,Maranhão,Itaipava do Grajaú,0.0,0,0,0.0,438,3,0.68,2727.78,18.68,2.73,16057,149.47,-143.24,1357.68,-224.2
2020-08-26,Maranhão,Itaipava do Grajaú,0.0,0,1,6.23,438,3,0.68,2727.78,18.68,2.73,16057,292.71,-87.19,1581.88,-6.23
2020-08-25,Maranhão,Itaipava do Grajaú,6.23,1,0,0.0,438,2,0.46,2727.78,12.46,2.73,16057,379.9,-112.1,1588.11,0.0
2020-08-24,Maranhão,Itaipava do Grajaú,0.0,0,0,0.0,437,2,0.46,2721.55,12.46,2.72,16057,492.0,0.0,1588.11,-56.05
2020-08-23,Maranhão,Itaipava do Grajaú,0.0,0,0,0.0,437,2,0.46,2721.55,12.46,2.72,16057,492.0,0.0,1644.16,-24.91
2020-08-22,Maranhão,Itaipava do Grajaú,6.23,1,0,0.0,437,2,0.46,2721.55,12.46,2.72,16057,492.0,6.23,1669.07,6.23
2020-08-21,Maranhão,Itaipava do Grajaú,137.01,22,0,0.0,436,2,0.46,2715.33,12.46,2.72,16057,485.77,-24.91,1662.84,137.01
2020-08-20,Maranhão,Itaipava do Grajaú,143.24,23,0,0.0,414,2,0.48,2578.31,12.46,2.58,16057,510.68,130.78,1525.83,143.24
2020-08-19,Maranhão,Itaipava do Grajaú,87.19,14,0,0.0,391,2,0.51,2435.08,12.46,2.44,16057,379.9,-37.37,1382.59,87.19
2020-08-18,Maranhão,Itaipava do Grajaú,118.33,19,0,0.0,377,2,0.53,2347.89,12.46,2.35,16057,417.27,118.33,1295.4,118.33
2020-08-17,Maranhão,Itaipava do Grajaú,0.0,0,0,0.0,358,2,0.56,2229.56,12.46,2.23,16057,298.94,0.0,1177.07,-37.37
2020-08-16,Maranhão,Itaipava do Grajaú,0.0,0,0,0.0,358,2,0.56,2229.56,12.46,2.23,16057,298.94,0.0,1214.44,0.0
2020-08-15,Maranhão,Itaipava do Grajaú,0.0,0,0,0.0,358,2,0.56,2229.56,12.46,2.23,16057,298.94,-174.38,1214.44,0.0
2020-08-14,Maranhão,Itaipava do Grajaú,161.92,26,0,0.0,358,2,0.56,2229.56,12.46,2.23,16057,473.32,161.92,1214.44,149.46
2020-08-13,Maranhão,Itaipava do Grajaú,12.46,2,0,0.0,332,2,0.6,2067.63,12.46,2.07,16057,311.4,12.46,1064.98,12.46
2020-08-12,Maranhão,Itaipava do Grajaú,124.56,20,0,0.0,330,2,0.61,2055.18,12.46,2.06,16057,298.94,118.33,1052.52,68.51
2020-08-11,Maranhão,Itaipava do Grajaú,0.0,0,0,0.0,310,2,0.65,1930.62,12.46,1.93,16057,180.61,-43.59,984.01,-143.24
2020-08-10,Maranhão,Itaipava do Grajaú,0.0,0,0,0.0,310,2,0.65,1930.62,12.46,1.93,16057,224.2,6.23,1127.25,0.0
2020-08-09,Maranhão,Itaipava do Grajaú,0.0,0,1,6.23,310,2,0.65,1930.62,12.46,1.93,16057,217.97,-124.56,1127.25,0.0
2020-08-08,Maranhão,Itaipava do Grajaú,174.38,28,0,0.0,310,1,0.32,1930.62,6.23,1.93,16057,342.53,-37.37,1127.25,174.38
2020-08-07,Maranhão,Itaipava do Grajaú,0.0,0,0,0.0,282,1,0.35,1756.24,6.23,1.76,16057,379.9,-6.23,952.87,-180.61
2020-08-06,Maranhão,Itaipava do Grajaú,0.0,0,0,0.0,282,1,0.35,1756.24,6.23,1.76,16057,386.13,-224.2,1133.48,0.0
2020-08-05,Maranhão,Itaipava do Grajaú,6.23,1,0,0.0,282,1,0.35,1756.24,6.23,1.76,16057,610.33,0.0,1133.48,0.0
2020-08-04,Maranhão,Itaipava do Grajaú,43.59,7,0,0.0,281,1,0.36,1750.02,6.23,1.75,16057,610.33,37.36,1133.48,43.59
2020-08-03,Maranhão,Itaipava do Grajaú,-6.23,-1,0,0.0,274,1,0.36,1706.42,6.23,1.71,16057,572.97,-62.28,1089.89,-6.23
2020-08-02,Maranhão,Itaipava do Grajaú,124.56,20,0,0.0,275,1,0.36,1712.65,6.23,1.71,16057,635.25,99.65,1096.12,124.56
2020-08-01,Maranhão,Itaipava do Grajaú,211.75,34,0,0.0,255,1,0.39,1588.09,6.23,1.59,16057,535.6,211.75,971.56,217.98
2020-07-31,Maranhão,Itaipava do Grajaú,6.23,1,0,0.0,221,1,0.45,1376.35,6.23,1.38,16057,323.85,6.23,753.58,-6.23
2020-07-30,Maranhão,Itaipava do Grajaú,224.2,36,0,0.0,220,1,0.45,1370.12,6.23,1.37,16057,317.62,224.2,759.81,149.47
2020-07-29,Maranhão,Itaipava do Grajaú,6.23,1,1,6.23,184,1,0.54,1145.92,6.23,1.15,16057,93.42,6.23,610.34,0.0
2020-07-28,Maranhão,Itaipava do Grajaú,6.23,1,0,0.0,183,0,0.0,1139.69,0.0,1.14,16057,87.19,6.23,610.34,6.23
2020-07-27,Maranhão,Itaipava do Grajaú,56.05,9,0,0.0,182,0,0.0,1133.46,0.0,1.13,16057,80.96,18.68,604.11,56.05
2020-07-26,Maranhão,Itaipava do Grajaú,24.91,4,0,0.0,173,0,0.0,1077.41,0.0,1.08,16057,62.28,24.91,548.06,-24.91
2020-07-25,Maranhão,Itaipava do Grajaú,0.0,0,0,0.0,169,0,0.0,1052.5,0.0,1.05,16057,37.37,0.0,572.97,-6.23
2020-07-24,Maranhão,Itaipava do Grajaú,0.0,0,0,0.0,169,0,0.0,1052.5,0.0,1.05,16057,37.37,-12.46,579.2,-24.91
2020-07-23,Maranhão,Itaipava do Grajaú,0.0,0,0,0.0,169,0,0.0,1052.5,0.0,1.05,16057,49.83,0.0,604.11,0.0
2020-07-22,Maranhão,Itaipava do Grajaú,0.0,0,0,0.0,169,0,0.0,1052.5,0.0,1.05,16057,49.83,-56.05,604.11,0.0
2020-07-21,Maranhão,Itaipava do Grajaú,0.0,0,0,0.0,169,0,0.0,1052.5,0.0,1.05,16057,105.88,-143.24,604.11,-56.05
2020-07-20,Maranhão,Itaipava do Grajaú,37.37,6,0,0.0,169,0,0.0,1052.5,0.0,1.05,16057,249.12,37.37,660.16,37.37
2020-07-19,Maranhão,Itaipava do Grajaú,0.0,0,0,0.0,163,0,0.0,1015.13,0.0,1.02,16057,211.75,0.0,622.79,0.0
2020-07-18,Maranhão,Itaipava do Grajaú,0.0,0,0,0.0,163,0,0.0,1015.13,0.0,1.02,16057,211.75,0.0,622.79,-12.46
2020-07-17,Maranhão,Itaipava do Grajaú,12.46,2,0,0.0,163,0,0.0,1015.13,0.0,1.02,16057,211.75,-168.15,635.25,12.46
2020-07-16,Maranhão,Itaipava do Grajaú,0.0,0,0,0.0,161,0,0.0,1002.68,0.0,1.0,16057,379.9,0.0,622.79,6.23
2020-07-15,Maranhão,Itaipava do Grajaú,56.05,9,0,0.0,161,0,0.0,1002.68,0.0,1.0,16057,379.9,49.82,616.56,18.68
2020-07-14,Maranhão,Itaipava do Grajaú,143.24,23,0,0.0,152,0,0.0,946.63,0.0,0.95,16057,330.08,143.24,597.88,143.24
2020-07-13,Maranhão,Itaipava do Grajaú,0.0,0,0,0.0,129,0,0.0,803.39,0.0,0.8,16057,186.84,0.0,454.64,-6.23
2020-07-12,Maranhão,Itaipava do Grajaú,0.0,0,0,0.0,129,0,0.0,803.39,0.0,0.8,16057,186.84,0.0,460.87,0.0
2020-07-11,Maranhão,Itaipava do Grajaú,0.0,0,0,0.0,129,0,0.0,803.39,0.0,0.8,16057,186.84,6.23,460.87,0.0
2020-07-10,Maranhão,Itaipava do Grajaú,180.61,29,0,0.0,129,0,0.0,803.39,0.0,0.8,16057,180.61,168.15,460.87,180.61
2020-07-09,Maranhão,Itaipava do Grajaú,0.0,0,0,0.0,100,0,0.0,622.78,0.0,0.62,16057,12.46,-74.73,280.26,-24.91
2020-07-08,Maranhão,Itaipava do Grajaú,6.23,1,0,0.0,100,0,0.0,622.78,0.0,0.62,16057,87.19,0.0,305.17,6.23
2020-07-07,Maranhão,Itaipava do Grajaú,0.0,0,0,0.0,99,0,0.0,616.55,0.0,0.62,16057,87.19,0.0,298.94,0.0
2020-07-06,Maranhão,Itaipava do Grajaú,0.0,0,0,0.0,99,0,0.0,616.55,0.0,0.62,16057,87.19,0.0,298.94,-74.73
2020-07-05,Maranhão,Itaipava do Grajaú,0.0,0,0,0.0,99,0,0.0,616.55,0.0,0.62,16057,87.19,-49.82,373.67,0.0
2020-07-04,Maranhão,Itaipava do Grajaú,-6.23,-1,0,0.0,99,0,0.0,616.55,0.0,0.62,16057,137.01,-12.46,373.67,-6.23
2020-07-03,Maranhão,Itaipava do Grajaú,12.46,2,0,0.0,100,0,0.0,622.78,0.0,0.62,16057,149.47,-12.45,379.9,12.46
2020-07-02,Maranhão,Itaipava do Grajaú,74.73,12,0,0.0,98,0,0.0,610.33,0.0,0.61,16057,161.92,74.73,367.44,6.22
2020-07-01,Maranhão,Itaipava do Grajaú,6.23,1,0,0.0,86,0,0.0,535.59,0.0,0.54,16057,87.19,6.23,361.22,6.23
2020-06-30,Maranhão,Itaipava do Grajaú,0.0,0,0,0.0,85,0,0.0,529.36,0.0,0.53,16057,80.96,-56.05,354.99,62.28
2020-06-29,Maranhão,Itaipava do Grajaú,0.0,0,0,0.0,85,0,0.0,529.36,0.0,0.53,16057,137.01,0.0,292.71,-12.46
2020-06-28,Maranhão,Itaipava do Grajaú,49.82,8,0,0.0,85,0,0.0,529.36,0.0,0.53,16057,137.01,49.82,305.17,49.82
2020-06-27,Maranhão,Itaipava do Grajaú,6.23,1,0,0.0,77,0,0.0,479.54,0.0,0.48,16057,87.19,-6.23,255.35,-56.05
2020-06-26,Maranhão,Itaipava do Grajaú,24.91,4,0,0.0,76,0,0.0,473.31,0.0,0.47,16057,93.42,24.91,311.4,-49.82
2020-06-25,Maranhão,Itaipava do Grajaú,0.0,0,0,0.0,72,0,0.0,448.4,0.0,0.45,16057,68.51,6.23,361.22,0.0
2020-06-24,Maranhão,Itaipava do Grajaú,0.0,0,0,0.0,72,0,0.0,448.4,0.0,0.45,16057,62.28,-37.37,361.22,0.0
2020-06-23,Maranhão,Itaipava do Grajaú,56.05,9,0,0.0,72,0,0.0,448.4,0.0,0.45,16057,99.65,56.05,361.22,56.05
2020-06-22,Maranhão,Itaipava do Grajaú,0.0,0,0,0.0,63,0,0.0,392.35,0.0,0.39,16057,43.6,-6.23,305.17,0.0
2020-06-21,Maranhão,Itaipava do Grajaú,0.0,0,0,0.0,63,0,0.0,392.35,0.0,0.39,16057,49.83,0.0,305.17,0.0
2020-06-20,Maranhão,Itaipava do Grajaú,12.46,2,0,0.0,63,0,0.0,392.35,0.0,0.39,16057,49.83,12.46,305.17,12.46
2020-06-19,Maranhão,Itaipava do Grajaú,0.0,0,0,0.0,61,0,0.0,379.9,0.0,0.38,16057,37.37,0.0,292.71,0.0
2020-06-18,Maranhão,Itaipava do Grajaú,-6.23,-1,0,0.0,61,0,0.0,379.9,0.0,0.38,16057,37.37,-31.14,292.71,-80.96
2020-06-17,Maranhão,Itaipava do Grajaú,37.37,6,0,0.0,62,0,0.0,386.12,0.0,0.39,16057,68.51,37.37,373.67,37.37
2020-06-16,Maranhão,Itaipava do Grajaú,0.0,0,0,0.0,56,0,0.0,348.76,0.0,0.35,16057,31.14,0.0,336.3,0.0
2020-06-15,Maranhão,Itaipava do Grajaú,6.23,1,0,0.0,56,0,0.0,348.76,0.0,0.35,16057,31.14,-68.5,336.3,6.23
2020-06-14,Maranhão,Itaipava do Grajaú,0.0,0,0,0.0,55,0,0.0,342.53,0.0,0.34,16057,99.64,0.0,330.07,0.0
2020-06-13,Maranhão,Itaipava do Grajaú,0.0,0,0,0.0,55,0,0.0,342.53,0.0,0.34,16057,99.64,0.0,330.07,0.0
2020-06-12,Maranhão,Itaipava do Grajaú,0.0,0,0,0.0,55,0,0.0,342.53,0.0,0.34,16057,99.64,0.0,330.07,0.0
2020-06-11,Maranhão,Itaipava do Grajaú,24.91,4,0,0.0,55,0,0.0,342.53,0.0,0.34,16057,99.64,-43.6,330.07,24.91
2020-06-10,Maranhão,Itaipava do Grajaú,0.0,0,0,0.0,51,0,0.0,317.62,0.0,0.32,16057,143.24,0.0,305.16,0.0
2020-06-09,Maranhão,Itaipava do Grajaú,0.0,0,0,0.0,51,0,0.0,317.62,0.0,0.32,16057,143.24,62.28,305.16,0.0
2020-06-08,Maranhão,Itaipava do Grajaú,74.73,12,0,0.0,51,0,0.0,317.62,0.0,0.32,16057,80.96,62.27,305.16,74.73
2020-06-07,Maranhão,Itaipava do Grajaú,0.0,0,0,0.0,39,0,0.0,242.88,0.0,0.24,16057,18.69,0.0,230.43,0.0
2020-06-06,Maranhão,Itaipava do Grajaú,0.0,0,0,0.0,39,0,0.0,242.88,0.0,0.24,16057,18.69,-62.28,230.43,0.0
2020-06-05,Maranhão,Itaipava do Grajaú,0.0,0,0,0.0,39,0,0.0,242.88,0.0,0.24,16057,80.97,-74.73,230.43,0.0
2020-06-04,Maranhão,Itaipava do Grajaú,68.51,11,0,0.0,39,0,0.0,242.88,0.0,0.24,16057,155.7,68.51,230.43,68.51
2020-06-03,Maranhão,Itaipava do Grajaú,0.0,0,0,0.0,28,0,0.0,174.38,0.0,0.17,16057,87.19,0.0,161.92,0.0
2020-06-02,Maranhão,Itaipava do Grajaú,-62.28,-10,0,0.0,28,0,0.0,174.38,0.0,0.17,16057,87.19,-62.28,161.92,-62.28
2020-06-01,Maranhão,Itaipava do Grajaú,12.46,2,0,0.0,38,0,0.0,236.66,0.0,0.24,16057,149.47,12.46,224.2,12.46
2020-05-31,Maranhão,Itaipava do Grajaú,0.0,0,0,0.0,36,0,0.0,224.2,0.0,0.22,16057,137.01,0.0,211.74,0.0
2020-05-30,Maranhão,Itaipava do Grajaú,62.28,10,0,0.0,36,0,0.0,224.2,0.0,0.22,16057,137.01,62.28,211.74,62.28
2020-05-29,Maranhão,Itaipava do Grajaú,74.73,12,0,0.0,26,0,0.0,161.92,0.0,0.16,16057,74.73,74.73,149.46,74.73
2020-05-28,Maranhão,Itaipava do Grajaú,0.0,0,0,0.0,14,0,0.0,87.19,0.0,0.09,16057,0.0,-74.73,74.73,0.0
2020-05-27,Maranhão,Itaipava do Grajaú,0.0,0,0,0.0,14,0,0.0,87.19,0.0,0.09,16057,74.73,0.0,74.73,0.0
2020-05-26,Maranhão,Itaipava do Grajaú,0.0,0,0,0.0,14,0,0.0,87.19,0.0,0.09,16057,74.73,0.0,74.73,0.0
2020-05-25,Maranhão,Itaipava do Grajaú,0.0,0,0,0.0,14,0,0.0,87.19,0.0,0.09,16057,74.73,0.0,74.73,0.0
2020-05-24,Maranhão,Itaipava do Grajaú,0.0,0,0,0.0,14,0,0.0,87.19,0.0,0.09,16057,74.73,0.0,74.73,0.0
2020-05-23,Maranhão,Itaipava do Grajaú,0.0,0,0,0.0,14,0,0.0,87.19,0.0,0.09,16057,74.73,0.0,74.73,0.0
2020-05-22,Maranhão,Itaipava do Grajaú,0.0,0,0,0.0,14,0,0.0,87.19,0.0,0.09,16057,74.73,0.0,74.73,0.0
2020-05-21,Maranhão,Itaipava do Grajaú,74.73,12,0,0.0,14,0,0.0,87.19,0.0,0.09,16057,74.73,74.73,74.73,74.73
2020-05-20,Maranhão,Itaipava do Grajaú,0.0,0,0,0.0,2,0,0.0,12.46,0.0,0.01,16057,0.0,0.0,0.0,0.0
2020-05-19,Maranhão,Itaipava do Grajaú,0.0,0,0,0.0,2,0,0.0,12.46,0.0,0.01,16057,0.0,0.0,0.0,0.0
2020-05-18,Maranhão,Itaipava do Grajaú,0.0,0,0,0.0,2,0,0.0,12.46,0.0,0.01,16057,0.0,0.0,0.0,0.0
2020-05-17,Maranhão,Itaipava do Grajaú,0.0,0,0,0.0,2,0,0.0,12.46,0.0,0.01,16057,0.0,0.0,0.0,0.0
2020-05-16,Maranhão,Itaipava do Grajaú,0.0,0,0,0.0,2,0,0.0,12.46,0.0,0.01,16057,0.0,0.0,0.0,0.0
