date,state,city,1day_cases_100k,new_cases,new_deaths,new_deaths_100k,total_cases,total_deaths,cfr%,total_cases_100k,total_deaths_100k,%infected,population,7day_cases_100k,7day_cases_change,28day_cases_100k,28day_cases_change
2020-08-22,Maranhão,Itapecuru Mirim,1.47,1,0,0.0,687,10,1.46,1007.29,14.66,1.01,68203,23.46,1.47,136.36,-5.86
2020-08-21,Maranhão,Itapecuru Mirim,10.26,7,0,0.0,686,10,1.46,1005.82,14.66,1.01,68203,21.99,7.33,142.22,-17.6
2020-08-20,Maranhão,Itapecuru Mirim,0.0,0,0,0.0,679,10,1.47,995.56,14.66,1.0,68203,14.66,-29.32,159.82,-21.99
2020-08-19,Maranhão,Itapecuru Mirim,0.0,0,0,0.0,679,10,1.47,995.56,14.66,1.0,68203,43.98,0.0,181.81,-10.26
2020-08-18,Maranhão,Itapecuru Mirim,11.73,8,0,0.0,679,10,1.47,995.56,14.66,1.0,68203,43.98,8.8,192.07,-8.8
2020-08-17,Maranhão,Itapecuru Mirim,0.0,0,0,0.0,671,10,1.49,983.83,14.66,0.98,68203,35.18,0.0,200.87,0.0
2020-08-16,Maranhão,Itapecuru Mirim,0.0,0,0,0.0,671,10,1.49,983.83,14.66,0.98,68203,35.18,0.0,200.87,0.0
2020-08-15,Maranhão,Itapecuru Mirim,0.0,0,0,0.0,671,10,1.49,983.83,14.66,0.98,68203,35.18,-1.47,200.87,0.0
2020-08-14,Maranhão,Itapecuru Mirim,2.93,2,0,0.0,671,10,1.49,983.83,14.66,0.98,68203,36.65,2.93,200.87,-1.47
2020-08-13,Maranhão,Itapecuru Mirim,29.32,20,0,0.0,669,10,1.49,980.9,14.66,0.98,68203,33.72,10.26,202.34,7.33
2020-08-12,Maranhão,Itapecuru Mirim,0.0,0,0,0.0,649,10,1.54,951.57,14.66,0.95,68203,23.46,0.0,195.01,-2.93
2020-08-11,Maranhão,Itapecuru Mirim,2.93,2,0,0.0,649,10,1.54,951.57,14.66,0.95,68203,23.46,2.93,197.94,-45.45
2020-08-10,Maranhão,Itapecuru Mirim,0.0,0,0,0.0,647,10,1.55,948.64,14.66,0.95,68203,20.53,0.0,243.39,-1.47
2020-08-09,Maranhão,Itapecuru Mirim,0.0,0,0,0.0,647,10,1.55,948.64,14.66,0.95,68203,20.53,0.0,244.86,0.0
2020-08-08,Maranhão,Itapecuru Mirim,1.47,1,1,1.47,647,10,1.55,948.64,14.66,0.95,68203,20.53,1.47,244.86,-2.93
2020-08-07,Maranhão,Itapecuru Mirim,0.0,0,0,0.0,646,9,1.39,947.17,13.2,0.95,68203,19.06,0.0,247.79,0.0
2020-08-06,Maranhão,Itapecuru Mirim,19.06,13,0,0.0,646,9,1.39,947.17,13.2,0.95,68203,19.06,19.06,247.79,11.73
2020-08-05,Maranhão,Itapecuru Mirim,0.0,0,0,0.0,633,9,1.42,928.11,13.2,0.93,68203,-0.0,-32.26,236.06,-5.86
2020-08-04,Maranhão,Itapecuru Mirim,0.0,0,0,0.0,633,9,1.42,928.11,13.2,0.93,68203,32.26,-21.99,241.92,-7.33
2020-08-03,Maranhão,Itapecuru Mirim,0.0,0,0,0.0,633,9,1.42,928.11,13.2,0.93,68203,54.25,-1.47,249.25,1.47
2020-08-02,Maranhão,Itapecuru Mirim,0.0,0,0,0.0,633,9,1.42,928.11,13.2,0.93,68203,55.72,-1.47,247.78,0.0
2020-08-01,Maranhão,Itapecuru Mirim,0.0,0,0,0.0,633,9,1.42,928.11,13.2,0.93,68203,57.19,-7.33,247.78,0.0
2020-07-31,Maranhão,Itapecuru Mirim,0.0,0,1,1.47,633,9,1.42,928.11,13.2,0.93,68203,64.52,-27.86,247.78,-10.26
2020-07-30,Maranhão,Itapecuru Mirim,0.0,0,0,0.0,633,8,1.26,928.11,11.73,0.93,68203,92.38,-21.99,258.04,-13.2
2020-07-29,Maranhão,Itapecuru Mirim,32.26,22,0,0.0,633,8,1.26,928.11,11.73,0.93,68203,114.37,22.0,271.24,19.06
2020-07-28,Maranhão,Itapecuru Mirim,21.99,15,0,0.0,611,8,1.31,895.86,11.73,0.9,68203,92.37,1.46,252.18,14.66
2020-07-27,Maranhão,Itapecuru Mirim,1.47,1,0,0.0,596,8,1.34,873.86,11.73,0.87,68203,90.91,1.47,237.52,1.47
2020-07-26,Maranhão,Itapecuru Mirim,1.47,1,0,0.0,595,8,1.34,872.4,11.73,0.87,68203,89.44,1.47,236.05,1.47
2020-07-25,Maranhão,Itapecuru Mirim,7.33,5,0,0.0,594,8,1.35,870.93,11.73,0.87,68203,87.97,7.33,234.58,-14.66
2020-07-24,Maranhão,Itapecuru Mirim,27.86,19,0,0.0,589,8,1.36,863.6,11.73,0.86,68203,80.64,23.46,249.24,16.13
2020-07-23,Maranhão,Itapecuru Mirim,21.99,15,0,0.0,570,8,1.4,835.74,11.73,0.84,68203,57.18,0.0,233.11,5.86
2020-07-22,Maranhão,Itapecuru Mirim,10.26,7,1,1.47,555,8,1.44,813.75,11.73,0.81,68203,57.18,7.33,227.25,1.46
2020-07-21,Maranhão,Itapecuru Mirim,20.53,14,0,0.0,548,7,1.28,803.48,10.26,0.8,68203,49.85,-27.85,225.79,-2.93
2020-07-20,Maranhão,Itapecuru Mirim,0.0,0,0,0.0,534,7,1.31,782.96,10.26,0.78,68203,77.7,-1.47,228.72,0.0
2020-07-19,Maranhão,Itapecuru Mirim,0.0,0,0,0.0,534,7,1.31,782.96,10.26,0.78,68203,79.17,0.0,228.72,0.0
2020-07-18,Maranhão,Itapecuru Mirim,0.0,0,0,0.0,534,7,1.31,782.96,10.26,0.78,68203,79.17,-4.4,228.72,0.0
2020-07-17,Maranhão,Itapecuru Mirim,4.4,3,0,0.0,534,7,1.31,782.96,10.26,0.78,68203,83.57,4.4,228.72,-55.71
2020-07-16,Maranhão,Itapecuru Mirim,21.99,15,0,0.0,531,7,1.32,778.56,10.26,0.78,68203,79.17,14.66,284.43,16.13
2020-07-15,Maranhão,Itapecuru Mirim,2.93,2,0,0.0,516,7,1.36,756.56,10.26,0.76,68203,64.51,-2.93,268.3,2.93
2020-07-14,Maranhão,Itapecuru Mirim,48.38,33,0,0.0,514,7,1.36,753.63,10.26,0.75,68203,67.44,41.05,265.37,46.91
2020-07-13,Maranhão,Itapecuru Mirim,1.47,1,0,0.0,481,7,1.46,705.25,10.26,0.71,68203,26.39,2.94,218.46,1.47
2020-07-12,Maranhão,Itapecuru Mirim,0.0,0,0,0.0,480,7,1.46,703.78,10.26,0.7,68203,23.45,0.0,216.99,0.0
2020-07-11,Maranhão,Itapecuru Mirim,4.4,3,1,1.47,480,7,1.46,703.78,10.26,0.7,68203,23.45,4.4,216.99,4.4
2020-07-10,Maranhão,Itapecuru Mirim,0.0,0,0,0.0,477,6,1.26,699.38,8.8,0.7,68203,19.05,-10.26,212.59,0.0
2020-07-09,Maranhão,Itapecuru Mirim,7.33,5,0,0.0,477,6,1.26,699.38,8.8,0.7,68203,29.31,-5.87,212.59,5.86
2020-07-08,Maranhão,Itapecuru Mirim,5.86,4,1,1.47,472,6,1.27,692.05,8.8,0.69,68203,35.18,-7.34,206.73,7.33
2020-07-07,Maranhão,Itapecuru Mirim,7.33,5,1,1.47,468,5,1.07,686.19,7.33,0.69,68203,42.52,0.0,199.4,-35.19
2020-07-06,Maranhão,Itapecuru Mirim,-1.47,-1,0,0.0,463,4,0.86,678.86,5.86,0.68,68203,42.52,-1.47,234.59,-1.47
2020-07-05,Maranhão,Itapecuru Mirim,0.0,0,1,1.47,464,4,0.86,680.32,5.86,0.68,68203,43.99,0.0,236.06,-1.47
2020-07-04,Maranhão,Itapecuru Mirim,0.0,0,0,0.0,464,3,0.65,680.32,4.4,0.68,68203,43.99,-21.99,237.53,0.0
2020-07-03,Maranhão,Itapecuru Mirim,10.26,7,0,0.0,464,3,0.65,680.32,4.4,0.68,68203,65.98,-1.47,237.53,-27.86
2020-07-02,Maranhão,Itapecuru Mirim,13.2,9,0,0.0,457,3,0.66,670.06,4.4,0.67,68203,67.45,-2.93,265.39,13.2
2020-07-01,Maranhão,Itapecuru Mirim,13.2,9,0,0.0,448,3,0.67,656.86,4.4,0.66,68203,70.38,4.4,252.19,11.73
2020-06-30,Maranhão,Itapecuru Mirim,7.33,5,0,0.0,439,3,0.68,643.67,4.4,0.64,68203,65.98,-16.13,240.46,7.33
2020-06-29,Maranhão,Itapecuru Mirim,0.0,0,0,0.0,434,3,0.69,636.34,4.4,0.64,68203,82.11,0.0,233.13,-11.73
2020-06-28,Maranhão,Itapecuru Mirim,0.0,0,0,0.0,434,3,0.69,636.34,4.4,0.64,68203,82.11,0.0,244.86,-1.47
2020-06-27,Maranhão,Itapecuru Mirim,21.99,15,0,0.0,434,3,0.69,636.34,4.4,0.64,68203,82.11,21.99,246.33,20.52
2020-06-26,Maranhão,Itapecuru Mirim,11.73,8,0,0.0,419,3,0.72,614.34,4.4,0.61,68203,60.12,-48.38,225.81,-60.11
2020-06-25,Maranhão,Itapecuru Mirim,16.13,11,0,0.0,411,3,0.73,602.61,4.4,0.6,68203,108.5,10.27,285.92,-41.05
2020-06-24,Maranhão,Itapecuru Mirim,8.8,6,0,0.0,400,3,0.75,586.48,4.4,0.59,68203,98.23,8.8,326.97,-42.52
2020-06-23,Maranhão,Itapecuru Mirim,23.46,16,0,0.0,394,3,0.76,577.69,4.4,0.58,68203,89.43,21.99,369.49,24.93
2020-06-22,Maranhão,Itapecuru Mirim,0.0,0,1,1.47,378,3,0.79,554.23,4.4,0.55,68203,67.44,0.0,344.56,-21.99
2020-06-21,Maranhão,Itapecuru Mirim,0.0,0,0,0.0,378,2,0.53,554.23,2.93,0.55,68203,67.44,0.0,366.55,0.0
2020-06-20,Maranhão,Itapecuru Mirim,0.0,0,0,0.0,378,2,0.53,554.23,2.93,0.55,68203,67.44,0.0,366.55,-26.39
2020-06-19,Maranhão,Itapecuru Mirim,60.11,41,0,0.0,378,2,0.53,554.23,2.93,0.55,68203,67.44,60.11,392.94,60.11
2020-06-18,Maranhão,Itapecuru Mirim,5.86,4,0,0.0,337,2,0.59,494.11,2.93,0.49,68203,7.33,4.39,332.83,5.86
2020-06-17,Maranhão,Itapecuru Mirim,0.0,0,0,0.0,333,2,0.6,488.25,2.93,0.49,68203,2.94,1.47,326.97,-26.39
2020-06-16,Maranhão,Itapecuru Mirim,1.47,1,0,0.0,333,2,0.6,488.25,2.93,0.49,68203,1.47,-41.05,353.36,-27.85
2020-06-15,Maranhão,Itapecuru Mirim,0.0,0,0,0.0,332,2,0.6,486.78,2.93,0.49,68203,42.52,0.0,381.21,-2.93
2020-06-14,Maranhão,Itapecuru Mirim,0.0,0,0,0.0,332,2,0.6,486.78,2.93,0.49,68203,42.52,-1.47,384.14,-46.92
2020-06-13,Maranhão,Itapecuru Mirim,0.0,0,0,0.0,332,2,0.6,486.78,2.93,0.49,68203,43.99,0.0,431.06,-4.4
2020-06-12,Maranhão,Itapecuru Mirim,0.0,0,0,0.0,332,2,0.6,486.78,2.93,0.49,68203,43.99,-38.12,435.46,-2.93
2020-06-11,Maranhão,Itapecuru Mirim,1.47,1,0,0.0,332,2,0.6,486.78,2.93,0.49,68203,82.11,1.47,438.39,1.47
2020-06-10,Maranhão,Itapecuru Mirim,-1.47,-1,0,0.0,331,2,0.6,485.32,2.93,0.49,68203,80.64,-2.94,436.92,-1.47
2020-06-09,Maranhão,Itapecuru Mirim,42.52,29,0,0.0,332,2,0.6,486.78,2.93,0.49,68203,83.58,42.52,438.39,43.99
2020-06-08,Maranhão,Itapecuru Mirim,0.0,0,0,0.0,303,2,0.66,444.26,2.93,0.44,68203,41.06,-11.73,394.4,-21.99
2020-06-07,Maranhão,Itapecuru Mirim,1.47,1,0,0.0,303,2,0.66,444.26,2.93,0.44,68203,52.79,0.0,416.39,0.0
2020-06-06,Maranhão,Itapecuru Mirim,0.0,0,0,0.0,302,2,0.66,442.8,2.93,0.44,68203,52.79,-1.47,416.39,0.0
2020-06-05,Maranhão,Itapecuru Mirim,38.12,26,0,0.0,302,2,0.66,442.8,2.93,0.44,68203,54.26,-33.72,416.39,36.65
2020-06-04,Maranhão,Itapecuru Mirim,0.0,0,0,0.0,276,2,0.72,404.67,2.93,0.4,68203,87.98,-57.18,379.74,0.0
2020-06-03,Maranhão,Itapecuru Mirim,1.47,1,1,1.47,276,2,0.72,404.67,2.93,0.4,68203,145.16,-49.85,379.74,-17.59
2020-06-02,Maranhão,Itapecuru Mirim,0.0,0,0,0.0,275,1,0.36,403.21,1.47,0.4,68203,195.01,1.47,397.33,-1.47
2020-06-01,Maranhão,Itapecuru Mirim,11.73,8,0,0.0,275,1,0.36,403.21,1.47,0.4,68203,193.54,-10.26,398.8,11.73
2020-05-31,Maranhão,Itapecuru Mirim,1.47,1,0,0.0,267,1,0.37,391.48,1.47,0.39,68203,203.8,1.47,387.07,1.47
2020-05-30,Maranhão,Itapecuru Mirim,1.47,1,0,0.0,266,1,0.38,390.01,1.47,0.39,68203,202.33,-24.92,385.6,1.47
2020-05-29,Maranhão,Itapecuru Mirim,71.84,49,0,0.0,265,1,0.38,388.55,1.47,0.39,68203,227.25,71.84,384.13,70.37
2020-05-28,Maranhão,Itapecuru Mirim,57.18,39,0,0.0,216,1,0.46,316.7,1.47,0.32,68203,155.41,57.18,313.76,57.18
2020-05-27,Maranhão,Itapecuru Mirim,51.32,35,0,0.0,177,1,0.56,259.52,1.47,0.26,68203,98.23,24.93,256.58,51.32
2020-05-26,Maranhão,Itapecuru Mirim,-1.47,-1,0,0.0,142,1,0.7,208.2,1.47,0.21,68203,73.3,-30.79,205.26,-4.4
2020-05-25,Maranhão,Itapecuru Mirim,21.99,15,0,0.0,143,1,0.7,209.67,1.47,0.21,68203,104.09,19.06,209.66,21.99
2020-05-24,Maranhão,Itapecuru Mirim,0.0,0,0,0.0,128,1,0.78,187.68,1.47,0.19,68203,85.03,-46.92,187.67,0.0
2020-05-23,Maranhão,Itapecuru Mirim,26.39,18,0,0.0,128,1,0.78,187.68,1.47,0.19,68203,131.95,21.99,187.67,26.39
2020-05-22,Maranhão,Itapecuru Mirim,0.0,0,0,0.0,110,1,0.91,161.28,1.47,0.16,68203,109.96,-2.93,161.28,0.0
2020-05-21,Maranhão,Itapecuru Mirim,0.0,0,0,0.0,110,1,0.91,161.28,1.47,0.16,68203,112.89,0.0,161.28,0.0
2020-05-20,Maranhão,Itapecuru Mirim,26.39,18,0,0.0,110,1,0.91,161.28,1.47,0.16,68203,112.89,26.39,161.28,26.39
2020-05-19,Maranhão,Itapecuru Mirim,29.32,20,0,0.0,92,1,1.09,134.89,1.47,0.13,68203,86.5,30.79,134.89,29.32
2020-05-18,Maranhão,Itapecuru Mirim,2.93,2,0,0.0,72,1,1.39,105.57,1.47,0.11,68203,55.71,-19.06,105.57,2.93
2020-05-17,Maranhão,Itapecuru Mirim,46.92,32,0,0.0,70,1,1.43,102.63,1.47,0.1,68203,74.77,45.45,102.64,46.92
2020-05-16,Maranhão,Itapecuru Mirim,4.4,3,0,0.0,38,1,2.63,55.72,1.47,0.06,68203,29.32,4.4,55.72,5.87
2020-05-15,Maranhão,Itapecuru Mirim,2.93,2,0,0.0,35,1,2.86,51.32,1.47,0.05,68203,24.92,1.46,49.85,2.93
2020-05-14,Maranhão,Itapecuru Mirim,0.0,0,0,0.0,33,1,3.03,48.38,1.47,0.05,68203,23.46,0.0,46.92,0.0
2020-05-13,Maranhão,Itapecuru Mirim,0.0,0,1,1.47,33,1,3.03,48.38,1.47,0.05,68203,23.46,-19.06,46.92,0.0
2020-05-12,Maranhão,Itapecuru Mirim,-1.47,-1,0,0.0,33,0,0.0,48.38,0.0,0.05,68203,42.52,-2.94,46.92,-1.47
2020-05-11,Maranhão,Itapecuru Mirim,21.99,15,0,0.0,34,0,0.0,49.85,0.0,0.05,68203,45.46,21.99,48.39,21.99
2020-05-10,Maranhão,Itapecuru Mirim,1.47,1,0,0.0,19,0,0.0,27.86,0.0,0.03,68203,23.47,1.47,26.4,1.47
2020-05-09,Maranhão,Itapecuru Mirim,0.0,0,0,0.0,18,0,0.0,26.39,0.0,0.03,68203,22.0,0.0,24.93,0.0
2020-05-08,Maranhão,Itapecuru Mirim,1.47,1,0,0.0,18,0,0.0,26.39,0.0,0.03,68203,22.0,0.0,24.93,1.47
2020-05-07,Maranhão,Itapecuru Mirim,0.0,0,0,0.0,17,0,0.0,24.93,0.0,0.02,68203,22.0,0.0,23.46,0.0
2020-05-06,Maranhão,Itapecuru Mirim,19.06,13,0,0.0,17,0,0.0,24.93,0.0,0.02,68203,22.0,19.06,23.46,19.06
2020-05-05,Maranhão,Itapecuru Mirim,1.47,1,0,0.0,4,0,0.0,5.86,0.0,0.01,68203,2.94,-1.46,4.4,1.47
2020-05-04,Maranhão,Itapecuru Mirim,0.0,0,0,0.0,3,0,0.0,4.4,0.0,0.0,68203,4.4,0.0,2.93,0.0
2020-05-03,Maranhão,Itapecuru Mirim,0.0,0,0,0.0,3,0,0.0,4.4,0.0,0.0,68203,4.4,0.0,2.93,0.0
2020-05-02,Maranhão,Itapecuru Mirim,0.0,0,0,0.0,3,0,0.0,4.4,0.0,0.0,68203,4.4,0.0,2.93,0.0
2020-05-01,Maranhão,Itapecuru Mirim,1.47,1,0,0.0,3,0,0.0,4.4,0.0,0.0,68203,4.4,1.47,2.93,1.47
2020-04-30,Maranhão,Itapecuru Mirim,0.0,0,0,0.0,2,0,0.0,2.93,0.0,0.0,68203,2.93,0.0,1.46,0.0
2020-04-29,Maranhão,Itapecuru Mirim,0.0,0,0,0.0,2,0,0.0,2.93,0.0,0.0,68203,2.93,0.0,1.46,0.0
2020-04-28,Maranhão,Itapecuru Mirim,2.93,2,0,0.0,2,0,0.0,2.93,0.0,0.0,68203,2.93,2.93,1.46,2.93
2020-04-27,Maranhão,Itapecuru Mirim,0.0,0,0,0.0,0,0,0.0,0.0,0.0,0.0,68203,0.0,0.0,-1.47,0.0
2020-04-26,Maranhão,Itapecuru Mirim,0.0,0,0,0.0,0,0,0.0,0.0,0.0,0.0,68203,0.0,0.0,-1.47,0.0
2020-04-25,Maranhão,Itapecuru Mirim,0.0,0,0,0.0,0,0,0.0,0.0,0.0,0.0,68203,0.0,1.47,-1.47,0.0
2020-04-24,Maranhão,Itapecuru Mirim,0.0,0,0,0.0,0,0,0.0,0.0,0.0,0.0,68203,-1.47,0.0,-1.47,0.0
2020-04-23,Maranhão,Itapecuru Mirim,0.0,0,0,0.0,0,0,0.0,0.0,0.0,0.0,68203,-1.47,0.0,-1.47,0.0
2020-04-22,Maranhão,Itapecuru Mirim,0.0,0,0,0.0,0,0,0.0,0.0,0.0,0.0,68203,-1.47,0.0,-1.47,0.0
2020-04-21,Maranhão,Itapecuru Mirim,0.0,0,0,0.0,0,0,0.0,0.0,0.0,0.0,68203,-1.47,0.0,-1.47,0.0
2020-04-20,Maranhão,Itapecuru Mirim,0.0,0,0,0.0,0,0,0.0,0.0,0.0,0.0,68203,-1.47,0.0,-1.47,0.0
2020-04-19,Maranhão,Itapecuru Mirim,0.0,0,0,0.0,0,0,0.0,0.0,0.0,0.0,68203,-1.47,0.0,-1.47,0.0
2020-04-18,Maranhão,Itapecuru Mirim,-1.47,-1,0,0.0,0,0,0.0,0.0,0.0,0.0,68203,-1.47,-1.47,-1.47,-1.47
2020-04-17,Maranhão,Itapecuru Mirim,0.0,0,0,0.0,1,0,0.0,1.47,0.0,0.0,68203,0.0,0.0,0.0,0.0
2020-04-16,Maranhão,Itapecuru Mirim,0.0,0,0,0.0,1,0,0.0,1.47,0.0,0.0,68203,0.0,0.0,0.0,0.0
