date,state,city,1day_cases_100k,new_cases,new_deaths,new_deaths_100k,total_cases,total_deaths,cfr%,total_cases_100k,total_deaths_100k,%infected,population,7day_cases_100k,7day_cases_change,28day_cases_100k,28day_cases_change
2020-08-28,Maranhão,Paraibano,0.0,0,0,0.0,363,4,1.1,1697.37,18.7,1.7,21386,51.44,0.0,570.48,-51.44
2020-08-27,Maranhão,Paraibano,0.0,0,0,0.0,363,4,1.1,1697.37,18.7,1.7,21386,51.44,-4.68,621.92,-4.68
2020-08-26,Maranhão,Paraibano,0.0,0,0,0.0,363,4,1.1,1697.37,18.7,1.7,21386,56.12,-46.76,626.6,-130.93
2020-08-25,Maranhão,Paraibano,0.0,0,0,0.0,363,4,1.1,1697.37,18.7,1.7,21386,102.88,-14.03,757.53,-18.7
2020-08-24,Maranhão,Paraibano,0.0,0,0,0.0,363,4,1.1,1697.37,18.7,1.7,21386,116.91,-18.7,776.23,0.0
2020-08-23,Maranhão,Paraibano,46.76,10,0,0.0,363,4,1.1,1697.37,18.7,1.7,21386,135.61,-23.38,776.23,46.76
2020-08-22,Maranhão,Paraibano,4.68,1,0,0.0,353,4,1.13,1650.61,18.7,1.65,21386,158.99,4.68,729.47,4.68
2020-08-21,Maranhão,Paraibano,0.0,0,0,0.0,352,4,1.14,1645.94,18.7,1.65,21386,154.31,-4.68,724.79,-4.68
2020-08-20,Maranhão,Paraibano,4.68,1,1,4.68,352,4,1.14,1645.94,18.7,1.65,21386,158.99,-79.49,729.47,-4.67
2020-08-19,Maranhão,Paraibano,46.76,10,0,0.0,351,3,0.85,1641.26,14.03,1.64,21386,238.48,-23.38,734.14,37.41
2020-08-18,Maranhão,Paraibano,14.03,3,1,4.68,341,3,0.88,1594.5,14.03,1.59,21386,261.86,-9.35,696.73,9.35
2020-08-17,Maranhão,Paraibano,18.7,4,0,0.0,338,2,0.59,1580.47,9.35,1.58,21386,271.21,18.7,687.38,18.7
2020-08-16,Maranhão,Paraibano,70.14,15,0,0.0,334,2,0.6,1561.77,9.35,1.56,21386,252.51,70.14,668.68,70.14
2020-08-15,Maranhão,Paraibano,0.0,0,0,0.0,319,2,0.63,1491.63,9.35,1.49,21386,182.37,0.0,598.54,0.0
2020-08-14,Maranhão,Paraibano,4.68,1,0,0.0,319,2,0.63,1491.63,9.35,1.49,21386,182.37,-60.78,598.54,-56.11
2020-08-13,Maranhão,Paraibano,84.17,18,0,0.0,318,2,0.63,1486.95,9.35,1.49,21386,243.15,79.49,654.65,84.17
2020-08-12,Maranhão,Paraibano,70.14,15,0,0.0,300,2,0.67,1402.79,9.35,1.4,21386,163.66,-23.38,570.48,42.08
2020-08-11,Maranhão,Paraibano,23.38,5,0,0.0,285,2,0.7,1332.65,9.35,1.33,21386,187.04,14.03,528.4,23.38
2020-08-10,Maranhão,Paraibano,0.0,0,0,0.0,280,2,0.71,1309.27,9.35,1.31,21386,173.01,0.0,505.02,0.0
2020-08-09,Maranhão,Paraibano,0.0,0,0,0.0,280,2,0.71,1309.27,9.35,1.31,21386,173.01,0.0,505.02,-4.68
2020-08-08,Maranhão,Paraibano,0.0,0,0,0.0,280,2,0.71,1309.27,9.35,1.31,21386,173.01,-9.35,509.7,0.0
2020-08-07,Maranhão,Paraibano,65.46,14,0,0.0,280,2,0.71,1309.27,9.35,1.31,21386,182.36,14.02,509.7,-18.71
2020-08-06,Maranhão,Paraibano,4.68,1,0,0.0,266,2,0.75,1243.8,9.35,1.24,21386,168.34,0.0,528.41,-88.84
2020-08-05,Maranhão,Paraibano,93.52,20,0,0.0,265,2,0.75,1239.13,9.35,1.24,21386,168.34,-37.41,617.25,93.52
2020-08-04,Maranhão,Paraibano,9.35,2,0,0.0,245,2,0.82,1145.61,9.35,1.15,21386,205.75,-9.35,523.73,9.35
2020-08-03,Maranhão,Paraibano,0.0,0,0,0.0,243,2,0.82,1136.26,9.35,1.14,21386,215.1,0.0,514.38,0.0
2020-08-02,Maranhão,Paraibano,0.0,0,0,0.0,243,2,0.82,1136.26,9.35,1.14,21386,215.1,0.0,514.38,-4.68
2020-08-01,Maranhão,Paraibano,9.35,2,0,0.0,243,2,0.82,1136.26,9.35,1.14,21386,215.1,9.35,519.06,-14.03
2020-07-31,Maranhão,Paraibano,51.44,11,0,0.0,241,2,0.83,1126.91,9.35,1.13,21386,205.75,46.76,533.09,0.0
2020-07-30,Maranhão,Paraibano,4.68,1,0,0.0,230,2,0.87,1075.47,9.35,1.08,21386,158.99,-4.67,533.09,-4.67
2020-07-29,Maranhão,Paraibano,130.93,28,0,0.0,229,2,0.87,1070.79,9.35,1.07,21386,163.66,121.58,537.76,74.82
2020-07-28,Maranhão,Paraibano,18.7,4,0,0.0,201,2,1.0,939.87,9.35,0.94,21386,42.08,14.02,462.94,18.7
2020-07-27,Maranhão,Paraibano,0.0,0,0,0.0,197,2,1.02,921.16,9.35,0.92,21386,28.06,0.0,444.24,-4.68
2020-07-26,Maranhão,Paraibano,0.0,0,0,0.0,197,2,1.02,921.16,9.35,0.92,21386,28.06,0.0,448.92,0.0
2020-07-25,Maranhão,Paraibano,0.0,0,0,0.0,197,2,1.02,921.16,9.35,0.92,21386,28.06,0.0,448.92,-9.35
2020-07-24,Maranhão,Paraibano,4.68,1,0,0.0,197,2,1.02,921.16,9.35,0.92,21386,28.06,-56.11,458.27,-60.78
2020-07-23,Maranhão,Paraibano,9.35,2,1,4.68,196,2,1.02,916.49,9.35,0.92,21386,84.17,9.35,519.05,0.0
2020-07-22,Maranhão,Paraibano,9.35,2,0,0.0,194,1,0.52,907.14,4.68,0.91,21386,74.82,-18.71,519.05,-32.73
2020-07-21,Maranhão,Paraibano,4.68,1,0,0.0,192,1,0.52,897.78,4.68,0.9,21386,93.53,4.68,551.78,-9.35
2020-07-20,Maranhão,Paraibano,0.0,0,0,0.0,191,1,0.52,893.11,4.68,0.89,21386,88.85,0.0,561.13,0.0
2020-07-19,Maranhão,Paraibano,0.0,0,0,0.0,191,1,0.52,893.11,4.68,0.89,21386,88.85,-4.68,561.13,0.0
2020-07-18,Maranhão,Paraibano,0.0,0,0,0.0,191,1,0.52,893.11,4.68,0.89,21386,93.53,0.0,561.13,0.0
2020-07-17,Maranhão,Paraibano,60.79,13,0,0.0,191,1,0.52,893.11,4.68,0.89,21386,93.53,-23.38,561.13,-4.67
2020-07-16,Maranhão,Paraibano,0.0,0,0,0.0,178,1,0.56,832.32,4.68,0.83,21386,116.91,-93.52,565.8,0.0
2020-07-15,Maranhão,Paraibano,28.06,6,0,0.0,178,1,0.56,832.32,4.68,0.83,21386,210.43,28.06,565.8,28.06
2020-07-14,Maranhão,Paraibano,0.0,0,0,0.0,172,1,0.58,804.26,4.68,0.8,21386,182.37,0.0,537.74,0.0
2020-07-13,Maranhão,Paraibano,0.0,0,0,0.0,172,1,0.58,804.26,4.68,0.8,21386,182.37,0.0,537.74,0.0
2020-07-12,Maranhão,Paraibano,4.68,1,0,0.0,172,1,0.58,804.26,4.68,0.8,21386,182.37,0.0,537.74,4.68
2020-07-11,Maranhão,Paraibano,0.0,0,0,0.0,171,1,0.58,799.59,4.68,0.8,21386,182.37,-23.38,533.06,-4.68
2020-07-10,Maranhão,Paraibano,84.17,18,0,0.0,171,1,0.58,799.59,4.68,0.8,21386,205.75,32.73,537.74,84.17
2020-07-09,Maranhão,Paraibano,93.52,20,0,0.0,153,1,0.65,715.42,4.68,0.72,21386,173.02,84.17,453.57,42.08
2020-07-08,Maranhão,Paraibano,0.0,0,0,0.0,133,1,0.75,621.9,4.68,0.62,21386,88.85,-56.11,411.49,0.0
2020-07-07,Maranhão,Paraibano,0.0,0,0,0.0,133,1,0.75,621.9,4.68,0.62,21386,144.96,0.0,411.49,0.0
2020-07-06,Maranhão,Paraibano,0.0,0,0,0.0,133,1,0.75,621.9,4.68,0.62,21386,144.96,-4.68,411.49,0.0
2020-07-05,Maranhão,Paraibano,4.68,1,0,0.0,133,1,0.75,621.9,4.68,0.62,21386,149.64,4.68,411.49,4.68
2020-07-04,Maranhão,Paraibano,23.38,5,0,0.0,132,1,0.76,617.23,4.68,0.62,21386,144.96,14.03,406.81,18.7
2020-07-03,Maranhão,Paraibano,51.44,11,0,0.0,127,1,0.79,593.85,4.68,0.59,21386,130.93,-14.02,388.11,51.44
2020-07-02,Maranhão,Paraibano,9.35,2,0,0.0,116,1,0.86,542.41,4.68,0.54,21386,144.95,0.0,336.67,9.35
2020-07-01,Maranhão,Paraibano,56.11,12,0,0.0,114,1,0.88,533.06,4.68,0.53,21386,144.95,14.03,327.32,28.05
2020-06-30,Maranhão,Paraibano,0.0,0,0,0.0,102,1,0.98,476.95,4.68,0.48,21386,130.92,-14.03,299.27,-4.68
2020-06-29,Maranhão,Paraibano,4.68,1,0,0.0,102,1,0.98,476.95,4.68,0.48,21386,144.95,4.68,303.95,0.0
2020-06-28,Maranhão,Paraibano,0.0,0,0,0.0,101,1,0.99,472.27,4.68,0.47,21386,140.27,0.0,303.95,0.0
2020-06-27,Maranhão,Paraibano,9.35,2,0,0.0,101,1,0.99,472.27,4.68,0.47,21386,140.27,9.35,303.95,4.67
2020-06-26,Maranhão,Paraibano,65.46,14,0,0.0,99,1,1.01,462.92,4.68,0.46,21386,130.92,0.0,299.28,42.08
2020-06-25,Maranhão,Paraibano,9.35,2,0,0.0,85,1,1.18,397.46,4.68,0.4,21386,130.92,9.35,257.2,4.67
2020-06-24,Maranhão,Paraibano,42.08,9,0,0.0,83,1,1.2,388.1,4.68,0.39,21386,121.57,42.08,252.53,32.73
2020-06-23,Maranhão,Paraibano,14.03,3,0,0.0,74,1,1.35,346.02,4.68,0.35,21386,79.49,14.03,219.8,18.71
2020-06-22,Maranhão,Paraibano,0.0,0,0,0.0,71,1,1.41,331.99,4.68,0.33,21386,65.46,0.0,201.09,0.0
2020-06-21,Maranhão,Paraibano,0.0,0,0,0.0,71,1,1.41,331.99,4.68,0.33,21386,65.46,0.0,201.09,0.0
2020-06-20,Maranhão,Paraibano,0.0,0,0,0.0,71,1,1.41,331.99,4.68,0.33,21386,65.46,-4.68,201.09,-23.38
2020-06-19,Maranhão,Paraibano,65.46,14,0,0.0,71,1,1.41,331.99,4.68,0.33,21386,70.14,65.46,224.47,4.67
2020-06-18,Maranhão,Paraibano,0.0,0,1,4.68,57,1,1.75,266.53,4.68,0.27,21386,4.68,-51.44,219.8,0.0
2020-06-17,Maranhão,Paraibano,0.0,0,0,0.0,57,0,0.0,266.53,0.0,0.27,21386,56.12,0.0,219.8,0.0
2020-06-16,Maranhão,Paraibano,0.0,0,0,0.0,57,0,0.0,266.53,0.0,0.27,21386,56.12,0.0,219.8,-42.08
2020-06-15,Maranhão,Paraibano,0.0,0,0,0.0,57,0,0.0,266.53,0.0,0.27,21386,56.12,0.0,261.88,0.0
2020-06-14,Maranhão,Paraibano,0.0,0,0,0.0,57,0,0.0,266.53,0.0,0.27,21386,56.12,0.0,261.88,0.0
2020-06-13,Maranhão,Paraibano,4.68,1,0,0.0,57,0,0.0,266.53,0.0,0.27,21386,56.12,0.0,261.88,4.68
2020-06-12,Maranhão,Paraibano,0.0,0,0,0.0,56,0,0.0,261.85,0.0,0.26,21386,56.12,0.0,257.2,0.0
2020-06-11,Maranhão,Paraibano,51.44,11,0,0.0,56,0,0.0,261.85,0.0,0.26,21386,56.12,51.44,257.2,51.44
2020-06-10,Maranhão,Paraibano,0.0,0,0,0.0,45,0,0.0,210.42,0.0,0.21,21386,4.68,-28.06,205.76,0.0
2020-06-09,Maranhão,Paraibano,0.0,0,0,0.0,45,0,0.0,210.42,0.0,0.21,21386,32.74,-4.68,205.76,0.0
2020-06-08,Maranhão,Paraibano,0.0,0,0,0.0,45,0,0.0,210.42,0.0,0.21,21386,37.42,-4.68,205.76,0.0
2020-06-07,Maranhão,Paraibano,0.0,0,0,0.0,45,0,0.0,210.42,0.0,0.21,21386,42.1,0.0,205.76,0.0
2020-06-06,Maranhão,Paraibano,4.68,1,0,0.0,45,0,0.0,210.42,0.0,0.21,21386,42.1,0.0,205.76,4.68
2020-06-05,Maranhão,Paraibano,0.0,0,0,0.0,44,0,0.0,205.74,0.0,0.21,21386,42.1,-23.38,201.08,0.0
2020-06-04,Maranhão,Paraibano,0.0,0,0,0.0,44,0,0.0,205.74,0.0,0.21,21386,65.48,-4.68,201.08,0.0
2020-06-03,Maranhão,Paraibano,28.06,6,0,0.0,44,0,0.0,205.74,0.0,0.21,21386,70.16,18.71,201.08,28.06
2020-06-02,Maranhão,Paraibano,4.68,1,0,0.0,38,0,0.0,177.69,0.0,0.18,21386,51.45,9.36,173.02,4.68
2020-06-01,Maranhão,Paraibano,4.68,1,0,0.0,37,0,0.0,173.01,0.0,0.17,21386,42.09,4.68,168.34,4.68
2020-05-31,Maranhão,Paraibano,0.0,0,0,0.0,36,0,0.0,168.33,0.0,0.17,21386,37.41,0.0,163.66,0.0
2020-05-30,Maranhão,Paraibano,4.68,1,0,0.0,36,0,0.0,168.33,0.0,0.17,21386,37.41,-18.7,163.66,4.68
2020-05-29,Maranhão,Paraibano,23.38,5,0,0.0,35,0,0.0,163.66,0.0,0.16,21386,56.11,-37.41,158.98,23.38
2020-05-28,Maranhão,Paraibano,4.68,1,0,0.0,30,0,0.0,140.28,0.0,0.14,21386,93.52,4.68,135.6,4.68
2020-05-27,Maranhão,Paraibano,9.35,2,0,0.0,29,0,0.0,135.6,0.0,0.14,21386,88.84,9.35,130.92,9.35
2020-05-26,Maranhão,Paraibano,-4.68,-1,0,0.0,27,0,0.0,126.25,0.0,0.13,21386,79.49,-46.76,121.57,-4.68
2020-05-25,Maranhão,Paraibano,0.0,0,0,0.0,28,0,0.0,130.93,0.0,0.13,21386,126.25,0.0,126.25,0.0
2020-05-24,Maranhão,Paraibano,0.0,0,0,0.0,28,0,0.0,130.93,0.0,0.13,21386,126.25,0.0,126.25,0.0
2020-05-23,Maranhão,Paraibano,23.38,5,0,0.0,28,0,0.0,130.93,0.0,0.13,21386,126.25,23.38,126.25,23.38
2020-05-22,Maranhão,Paraibano,60.79,13,0,0.0,23,0,0.0,107.55,0.0,0.11,21386,102.87,60.79,102.87,60.79
2020-05-21,Maranhão,Paraibano,0.0,0,0,0.0,10,0,0.0,46.76,0.0,0.05,21386,42.08,0.0,42.08,0.0
2020-05-20,Maranhão,Paraibano,0.0,0,0,0.0,10,0,0.0,46.76,0.0,0.05,21386,42.08,0.0,42.08,0.0
2020-05-19,Maranhão,Paraibano,42.08,9,0,0.0,10,0,0.0,46.76,0.0,0.05,21386,42.08,42.08,42.08,42.08
2020-05-18,Maranhão,Paraibano,0.0,0,0,0.0,1,0,0.0,4.68,0.0,0.0,21386,0.0,0.0,0.0,0.0
2020-05-17,Maranhão,Paraibano,0.0,0,0,0.0,1,0,0.0,4.68,0.0,0.0,21386,0.0,0.0,0.0,0.0
2020-05-16,Maranhão,Paraibano,0.0,0,0,0.0,1,0,0.0,4.68,0.0,0.0,21386,0.0,0.0,0.0,0.0
2020-05-15,Maranhão,Paraibano,0.0,0,0,0.0,1,0,0.0,4.68,0.0,0.0,21386,0.0,0.0,0.0,0.0
2020-05-14,Maranhão,Paraibano,0.0,0,0,0.0,1,0,0.0,4.68,0.0,0.0,21386,0.0,0.0,0.0,0.0
2020-05-13,Maranhão,Paraibano,0.0,0,0,0.0,1,0,0.0,4.68,0.0,0.0,21386,0.0,0.0,0.0,0.0
2020-05-12,Maranhão,Paraibano,0.0,0,0,0.0,1,0,0.0,4.68,0.0,0.0,21386,0.0,0.0,0.0,0.0
2020-05-11,Maranhão,Paraibano,0.0,0,0,0.0,1,0,0.0,4.68,0.0,0.0,21386,0.0,0.0,0.0,0.0
2020-05-10,Maranhão,Paraibano,0.0,0,0,0.0,1,0,0.0,4.68,0.0,0.0,21386,0.0,0.0,0.0,0.0
