date,state,city,1day_cases_100k,new_cases,new_deaths,new_deaths_100k,total_cases,total_deaths,cfr%,total_cases_100k,total_deaths_100k,%infected,population,7day_cases_100k,7day_cases_change,28day_cases_100k,28day_cases_change
2020-09-08,Maranhão,Paulino Neves,6.24,1,0,0.0,153,2,1.31,954.16,12.47,0.95,16035,6.24,6.24,12.48,-6.23
2020-09-07,Maranhão,Paulino Neves,0.0,0,0,0.0,152,2,1.32,947.93,12.47,0.95,16035,0.0,0.0,18.71,0.0
2020-09-06,Maranhão,Paulino Neves,0.0,0,0,0.0,152,2,1.32,947.93,12.47,0.95,16035,0.0,0.0,18.71,-6.24
2020-09-05,Maranhão,Paulino Neves,0.0,0,0,0.0,152,2,1.32,947.93,12.47,0.95,16035,0.0,0.0,24.95,-18.71
2020-09-04,Maranhão,Paulino Neves,0.0,0,0,0.0,152,2,1.32,947.93,12.47,0.95,16035,0.0,0.0,43.66,0.0
2020-09-03,Maranhão,Paulino Neves,0.0,0,0,0.0,152,2,1.32,947.93,12.47,0.95,16035,0.0,0.0,43.66,0.0
2020-09-02,Maranhão,Paulino Neves,0.0,0,0,0.0,152,2,1.32,947.93,12.47,0.95,16035,0.0,0.0,43.66,-18.71
2020-09-01,Maranhão,Paulino Neves,0.0,0,0,0.0,152,2,1.32,947.93,12.47,0.95,16035,0.0,0.0,62.37,0.0
2020-08-31,Maranhão,Paulino Neves,0.0,0,0,0.0,152,2,1.32,947.93,12.47,0.95,16035,0.0,0.0,62.37,0.0
2020-08-30,Maranhão,Paulino Neves,0.0,0,0,0.0,152,2,1.32,947.93,12.47,0.95,16035,0.0,0.0,62.37,0.0
2020-08-29,Maranhão,Paulino Neves,0.0,0,0,0.0,152,2,1.32,947.93,12.47,0.95,16035,0.0,0.0,62.37,-6.24
2020-08-28,Maranhão,Paulino Neves,0.0,0,0,0.0,152,2,1.32,947.93,12.47,0.95,16035,0.0,0.0,68.61,-12.47
2020-08-27,Maranhão,Paulino Neves,0.0,0,0,0.0,152,2,1.32,947.93,12.47,0.95,16035,0.0,-6.24,81.08,-12.47
2020-08-26,Maranhão,Paulino Neves,0.0,0,0,0.0,152,2,1.32,947.93,12.47,0.95,16035,6.24,0.0,93.55,-18.71
2020-08-25,Maranhão,Paulino Neves,0.0,0,0,0.0,152,2,1.32,947.93,12.47,0.95,16035,6.24,0.0,112.26,0.0
2020-08-24,Maranhão,Paulino Neves,0.0,0,0,0.0,152,2,1.32,947.93,12.47,0.95,16035,6.24,0.0,112.26,-6.24
2020-08-23,Maranhão,Paulino Neves,0.0,0,0,0.0,152,2,1.32,947.93,12.47,0.95,16035,6.24,0.0,118.5,0.0
2020-08-22,Maranhão,Paulino Neves,0.0,0,0,0.0,152,2,1.32,947.93,12.47,0.95,16035,6.24,0.0,118.5,0.0
2020-08-21,Maranhão,Paulino Neves,0.0,0,0,0.0,152,2,1.32,947.93,12.47,0.95,16035,6.24,0.0,118.5,0.0
2020-08-20,Maranhão,Paulino Neves,6.24,1,0,0.0,152,2,1.32,947.93,12.47,0.95,16035,6.24,6.24,118.5,0.0
2020-08-19,Maranhão,Paulino Neves,0.0,0,0,0.0,151,2,1.32,941.69,12.47,0.94,16035,0.0,0.0,118.5,-6.24
2020-08-18,Maranhão,Paulino Neves,0.0,0,0,0.0,151,2,1.32,941.69,12.47,0.94,16035,0.0,-12.47,124.74,-49.89
2020-08-17,Maranhão,Paulino Neves,0.0,0,0,0.0,151,2,1.32,941.69,12.47,0.94,16035,12.47,0.0,174.63,-12.47
2020-08-16,Maranhão,Paulino Neves,0.0,0,0,0.0,151,2,1.32,941.69,12.47,0.94,16035,12.47,-6.24,187.1,0.0
2020-08-15,Maranhão,Paulino Neves,0.0,0,0,0.0,151,2,1.32,941.69,12.47,0.94,16035,18.71,-18.71,187.1,0.0
2020-08-14,Maranhão,Paulino Neves,0.0,0,0,0.0,151,2,1.32,941.69,12.47,0.94,16035,37.42,0.0,187.1,0.0
2020-08-13,Maranhão,Paulino Neves,0.0,0,0,0.0,151,2,1.32,941.69,12.47,0.94,16035,37.42,0.0,187.1,-24.95
2020-08-12,Maranhão,Paulino Neves,0.0,0,0,0.0,151,2,1.32,941.69,12.47,0.94,16035,37.42,-18.71,212.05,0.0
2020-08-11,Maranhão,Paulino Neves,12.47,2,0,0.0,151,2,1.32,941.69,12.47,0.94,16035,56.13,12.47,212.05,-6.24
2020-08-10,Maranhão,Paulino Neves,0.0,0,0,0.0,149,2,1.34,929.22,12.47,0.93,16035,43.66,0.0,218.29,0.0
2020-08-09,Maranhão,Paulino Neves,6.24,1,0,0.0,149,2,1.34,929.22,12.47,0.93,16035,43.66,6.24,218.29,6.24
2020-08-08,Maranhão,Paulino Neves,18.71,3,0,0.0,148,2,1.35,922.98,12.47,0.92,16035,37.42,12.47,212.05,18.71
2020-08-07,Maranhão,Paulino Neves,0.0,0,0,0.0,145,2,1.38,904.27,12.47,0.9,16035,24.95,-12.47,193.34,-31.18
2020-08-06,Maranhão,Paulino Neves,0.0,0,0,0.0,145,2,1.38,904.27,12.47,0.9,16035,37.42,-12.47,224.52,-12.47
2020-08-05,Maranhão,Paulino Neves,18.71,3,0,0.0,145,2,1.38,904.27,12.47,0.9,16035,49.89,0.0,236.99,6.24
2020-08-04,Maranhão,Paulino Neves,0.0,0,0,0.0,142,2,1.41,885.56,12.47,0.89,16035,49.89,0.0,230.75,-6.24
2020-08-03,Maranhão,Paulino Neves,0.0,0,0,0.0,142,2,1.41,885.56,12.47,0.89,16035,49.89,-6.24,236.99,-6.24
2020-08-02,Maranhão,Paulino Neves,0.0,0,0,0.0,142,2,1.41,885.56,12.47,0.89,16035,56.13,0.0,243.23,0.0
2020-08-01,Maranhão,Paulino Neves,6.24,1,1,6.24,142,2,1.41,885.56,12.47,0.89,16035,56.13,6.24,243.23,6.24
2020-07-31,Maranhão,Paulino Neves,12.47,2,0,0.0,141,1,0.71,879.33,6.24,0.88,16035,49.89,12.47,236.99,6.23
2020-07-30,Maranhão,Paulino Neves,12.47,2,0,0.0,139,1,0.72,866.85,6.24,0.87,16035,37.42,6.23,230.76,12.47
2020-07-29,Maranhão,Paulino Neves,18.71,3,0,0.0,137,1,0.73,854.38,6.24,0.85,16035,31.19,12.47,218.29,12.47
2020-07-28,Maranhão,Paulino Neves,0.0,0,0,0.0,134,1,0.75,835.67,6.24,0.84,16035,18.72,-49.89,205.82,-6.24
2020-07-27,Maranhão,Paulino Neves,6.24,1,0,0.0,134,1,0.75,835.67,6.24,0.84,16035,68.61,-6.23,212.06,6.24
2020-07-26,Maranhão,Paulino Neves,0.0,0,0,0.0,133,1,0.75,829.44,6.24,0.83,16035,74.84,0.0,205.82,0.0
2020-07-25,Maranhão,Paulino Neves,0.0,0,0,0.0,133,1,0.75,829.44,6.24,0.83,16035,74.84,0.0,205.82,0.0
2020-07-24,Maranhão,Paulino Neves,0.0,0,0,0.0,133,1,0.75,829.44,6.24,0.83,16035,74.84,0.0,205.82,0.0
2020-07-23,Maranhão,Paulino Neves,6.24,1,0,0.0,133,1,0.75,829.44,6.24,0.83,16035,74.84,-18.71,205.82,12.48
2020-07-22,Maranhão,Paulino Neves,6.24,1,0,0.0,132,1,0.76,823.2,6.24,0.82,16035,93.55,6.24,193.34,6.24
2020-07-21,Maranhão,Paulino Neves,49.89,8,0,0.0,131,1,0.76,816.96,6.24,0.82,16035,87.31,31.18,187.1,37.42
2020-07-20,Maranhão,Paulino Neves,12.47,2,0,0.0,123,1,0.81,767.07,6.24,0.77,16035,56.13,12.47,149.68,12.47
2020-07-19,Maranhão,Paulino Neves,0.0,0,0,0.0,121,1,0.83,754.6,6.24,0.75,16035,43.66,0.0,137.21,0.0
2020-07-18,Maranhão,Paulino Neves,0.0,0,0,0.0,121,1,0.83,754.6,6.24,0.75,16035,43.66,0.0,137.21,-12.47
2020-07-17,Maranhão,Paulino Neves,0.0,0,0,0.0,121,1,0.83,754.6,6.24,0.75,16035,43.66,-31.18,149.68,-12.47
2020-07-16,Maranhão,Paulino Neves,24.95,4,0,0.0,121,1,0.83,754.6,6.24,0.75,16035,74.84,12.48,162.15,18.71
2020-07-15,Maranhão,Paulino Neves,0.0,0,0,0.0,117,1,0.85,729.65,6.24,0.73,16035,62.36,-12.47,143.44,-18.71
2020-07-14,Maranhão,Paulino Neves,18.71,3,0,0.0,117,1,0.85,729.65,6.24,0.73,16035,74.83,12.47,162.15,-31.18
2020-07-13,Maranhão,Paulino Neves,0.0,0,0,0.0,114,1,0.88,710.94,6.24,0.71,16035,62.36,-6.24,193.33,0.0
2020-07-12,Maranhão,Paulino Neves,0.0,0,0,0.0,114,1,0.88,710.94,6.24,0.71,16035,68.6,0.0,193.33,0.0
2020-07-11,Maranhão,Paulino Neves,0.0,0,0,0.0,114,1,0.88,710.94,6.24,0.71,16035,68.6,0.0,193.33,0.0
2020-07-10,Maranhão,Paulino Neves,31.18,5,0,0.0,114,1,0.88,710.94,6.24,0.71,16035,68.6,24.94,193.33,31.18
2020-07-09,Maranhão,Paulino Neves,12.47,2,0,0.0,109,1,0.92,679.76,6.24,0.68,16035,43.66,12.47,162.15,-6.24
2020-07-08,Maranhão,Paulino Neves,12.47,2,0,0.0,107,1,0.93,667.29,6.24,0.67,16035,31.19,6.23,168.39,12.47
2020-07-07,Maranhão,Paulino Neves,6.24,1,0,0.0,105,1,0.95,654.82,6.24,0.65,16035,24.96,0.0,155.92,-18.71
2020-07-06,Maranhão,Paulino Neves,6.24,1,0,0.0,104,1,0.96,648.58,6.24,0.65,16035,24.96,6.24,174.63,-6.23
2020-07-05,Maranhão,Paulino Neves,0.0,0,0,0.0,103,1,0.97,642.34,6.24,0.64,16035,18.72,0.0,180.86,-6.24
2020-07-04,Maranhão,Paulino Neves,0.0,0,0,0.0,103,1,0.97,642.34,6.24,0.64,16035,18.72,0.0,187.1,0.0
2020-07-03,Maranhão,Paulino Neves,6.24,1,0,0.0,103,1,0.97,642.34,6.24,0.64,16035,18.72,6.24,187.1,6.24
2020-07-02,Maranhão,Paulino Neves,0.0,0,0,0.0,102,1,0.98,636.11,6.24,0.64,16035,12.48,6.24,180.86,-37.42
2020-07-01,Maranhão,Paulino Neves,6.24,1,0,0.0,102,1,0.98,636.11,6.24,0.64,16035,6.24,6.24,218.28,12.48
2020-06-30,Maranhão,Paulino Neves,6.24,1,0,0.0,101,1,0.99,629.87,6.24,0.63,16035,0.0,-6.23,205.8,-31.18
2020-06-29,Maranhão,Paulino Neves,0.0,0,0,0.0,100,1,1.0,623.64,6.24,0.62,16035,6.23,0.0,236.98,-31.18
2020-06-28,Maranhão,Paulino Neves,0.0,0,0,0.0,100,1,1.0,623.64,6.24,0.62,16035,6.23,0.0,268.16,-37.42
2020-06-27,Maranhão,Paulino Neves,0.0,0,0,0.0,100,1,1.0,623.64,6.24,0.62,16035,6.23,-12.47,305.58,0.0
2020-06-26,Maranhão,Paulino Neves,0.0,0,0,0.0,100,1,1.0,623.64,6.24,0.62,16035,18.7,-12.47,305.58,-31.18
2020-06-25,Maranhão,Paulino Neves,-6.24,-1,0,0.0,100,1,1.0,623.64,6.24,0.62,16035,31.17,-12.48,336.76,-43.66
2020-06-24,Maranhão,Paulino Neves,0.0,0,0,0.0,101,1,0.99,629.87,6.24,0.63,16035,43.65,-18.71,380.42,-43.65
2020-06-23,Maranhão,Paulino Neves,12.47,2,0,0.0,101,1,0.99,629.87,6.24,0.63,16035,62.36,-37.42,424.07,0.0
2020-06-22,Maranhão,Paulino Neves,0.0,0,0,0.0,99,1,1.01,617.4,6.24,0.62,16035,99.78,0.0,424.07,-24.95
2020-06-21,Maranhão,Paulino Neves,0.0,0,0,0.0,99,1,1.01,617.4,6.24,0.62,16035,99.78,0.0,449.02,-49.89
2020-06-20,Maranhão,Paulino Neves,12.47,2,0,0.0,99,1,1.01,617.4,6.24,0.62,16035,99.78,12.47,498.91,12.47
2020-06-19,Maranhão,Paulino Neves,12.47,2,0,0.0,97,1,1.03,604.93,6.24,0.6,16035,87.31,12.47,486.44,-18.71
2020-06-18,Maranhão,Paulino Neves,6.24,1,0,0.0,95,1,1.05,592.45,6.24,0.59,16035,74.84,-12.47,505.15,6.24
2020-06-17,Maranhão,Paulino Neves,18.71,3,0,0.0,94,1,1.06,586.22,6.24,0.59,16035,87.31,18.71,498.91,6.24
2020-06-16,Maranhão,Paulino Neves,49.89,8,0,0.0,91,1,1.1,567.51,6.24,0.57,16035,68.6,24.94,492.67,37.42
2020-06-15,Maranhão,Paulino Neves,0.0,0,0,0.0,83,1,1.2,517.62,6.24,0.52,16035,43.66,-12.47,455.25,-6.24
2020-06-14,Maranhão,Paulino Neves,0.0,0,0,0.0,83,1,1.2,517.62,6.24,0.52,16035,56.13,-6.24,461.49,6.24
2020-06-13,Maranhão,Paulino Neves,0.0,0,0,0.0,83,1,1.2,517.62,6.24,0.52,16035,62.37,0.0,455.25,0.0
2020-06-12,Maranhão,Paulino Neves,0.0,0,0,0.0,83,1,1.2,517.62,6.24,0.52,16035,62.37,0.0,455.25,-18.71
2020-06-11,Maranhão,Paulino Neves,18.71,3,0,0.0,83,1,1.2,517.62,6.24,0.52,16035,62.37,-18.71,473.96,0.0
2020-06-10,Maranhão,Paulino Neves,0.0,0,0,0.0,80,1,1.25,498.91,6.24,0.5,16035,81.08,6.24,473.96,-6.24
2020-06-09,Maranhão,Paulino Neves,24.95,4,0,0.0,80,1,1.25,498.91,6.24,0.5,16035,74.84,-12.47,480.2,18.71
2020-06-08,Maranhão,Paulino Neves,12.47,2,0,0.0,76,1,1.32,473.96,6.24,0.47,16035,87.31,-18.71,461.49,6.23
2020-06-07,Maranhão,Paulino Neves,6.24,1,0,0.0,74,1,1.35,461.49,6.24,0.46,16035,106.02,-31.18,455.26,6.24
2020-06-06,Maranhão,Paulino Neves,0.0,0,0,0.0,73,1,1.37,455.25,6.24,0.46,16035,137.2,0.0,449.02,0.0
2020-06-05,Maranhão,Paulino Neves,0.0,0,0,0.0,73,1,1.37,455.25,6.24,0.46,16035,137.2,-31.18,449.02,0.0
2020-06-04,Maranhão,Paulino Neves,37.42,6,0,0.0,73,1,1.37,455.25,6.24,0.46,16035,168.38,0.0,449.02,37.42
2020-06-03,Maranhão,Paulino Neves,-6.24,-1,0,0.0,67,1,1.49,417.84,6.24,0.42,16035,168.38,-49.89,411.6,-6.24
2020-06-02,Maranhão,Paulino Neves,37.42,6,0,0.0,68,1,1.47,424.07,6.24,0.42,16035,218.27,24.95,417.84,37.42
2020-06-01,Maranhão,Paulino Neves,31.18,5,0,0.0,62,1,1.61,386.65,6.24,0.39,16035,193.32,6.23,380.42,31.18
2020-05-31,Maranhão,Paulino Neves,37.42,6,0,0.0,57,1,1.75,355.47,6.24,0.36,16035,187.09,-12.47,349.24,37.42
2020-05-30,Maranhão,Paulino Neves,0.0,0,0,0.0,51,1,1.96,318.05,6.24,0.32,16035,199.56,0.0,311.82,0.0
2020-05-29,Maranhão,Paulino Neves,31.18,5,0,0.0,51,1,1.96,318.05,6.24,0.32,16035,199.56,0.0,311.82,31.18
2020-05-28,Maranhão,Paulino Neves,37.42,6,0,0.0,46,1,2.17,286.87,6.24,0.29,16035,199.56,37.42,280.64,37.42
2020-05-27,Maranhão,Paulino Neves,43.65,7,0,0.0,40,1,2.5,249.45,6.24,0.25,16035,162.14,31.18,243.22,43.65
2020-05-26,Maranhão,Paulino Neves,12.47,2,0,0.0,33,1,3.03,205.8,6.24,0.21,16035,130.96,0.0,199.57,12.47
2020-05-25,Maranhão,Paulino Neves,24.95,4,0,0.0,31,1,3.23,193.33,6.24,0.19,16035,130.96,18.71,187.1,24.95
2020-05-24,Maranhão,Paulino Neves,49.89,8,1,6.24,27,1,3.7,168.38,6.24,0.17,16035,112.25,56.13,162.15,49.89
2020-05-23,Maranhão,Paulino Neves,0.0,0,0,0.0,19,0,0.0,118.49,0.0,0.12,16035,56.12,0.0,112.26,0.0
2020-05-22,Maranhão,Paulino Neves,31.18,5,0,0.0,19,0,0.0,118.49,0.0,0.12,16035,56.12,12.47,112.26,31.18
2020-05-21,Maranhão,Paulino Neves,0.0,0,0,0.0,14,0,0.0,87.31,0.0,0.09,16035,43.65,-18.71,81.08,0.0
2020-05-20,Maranhão,Paulino Neves,12.47,2,0,0.0,14,0,0.0,87.31,0.0,0.09,16035,62.36,6.23,81.08,12.47
2020-05-19,Maranhão,Paulino Neves,12.47,2,0,0.0,12,0,0.0,74.84,0.0,0.07,16035,56.13,6.23,68.61,12.47
2020-05-18,Maranhão,Paulino Neves,6.24,1,0,0.0,10,0,0.0,62.36,0.0,0.06,16035,49.9,0.0,56.14,6.24
2020-05-17,Maranhão,Paulino Neves,-6.24,-1,0,0.0,9,0,0.0,56.13,0.0,0.06,16035,49.9,-6.24,49.9,-6.24
2020-05-16,Maranhão,Paulino Neves,0.0,0,0,0.0,10,0,0.0,62.36,0.0,0.06,16035,56.14,0.0,56.14,0.0
2020-05-15,Maranhão,Paulino Neves,18.71,3,0,0.0,10,0,0.0,62.36,0.0,0.06,16035,56.14,18.71,56.14,18.71
2020-05-14,Maranhão,Paulino Neves,18.71,3,0,0.0,7,0,0.0,43.65,0.0,0.04,16035,37.43,18.71,37.43,18.71
2020-05-13,Maranhão,Paulino Neves,6.24,1,0,0.0,4,0,0.0,24.95,0.0,0.02,16035,18.72,6.24,18.72,6.24
2020-05-12,Maranhão,Paulino Neves,6.24,1,0,0.0,3,0,0.0,18.71,0.0,0.02,16035,12.48,6.24,12.48,6.24
2020-05-11,Maranhão,Paulino Neves,6.24,1,0,0.0,2,0,0.0,12.47,0.0,0.01,16035,6.24,6.24,6.24,6.24
2020-05-10,Maranhão,Paulino Neves,0.0,0,0,0.0,1,0,0.0,6.24,0.0,0.01,16035,0.0,0.0,0.0,0.0
2020-05-09,Maranhão,Paulino Neves,0.0,0,0,0.0,1,0,0.0,6.24,0.0,0.01,16035,0.0,0.0,0.0,0.0
2020-05-08,Maranhão,Paulino Neves,0.0,0,0,0.0,1,0,0.0,6.24,0.0,0.01,16035,0.0,0.0,0.0,0.0
2020-05-07,Maranhão,Paulino Neves,0.0,0,0,0.0,1,0,0.0,6.24,0.0,0.01,16035,0.0,0.0,0.0,0.0
2020-05-06,Maranhão,Paulino Neves,0.0,0,0,0.0,1,0,0.0,6.24,0.0,0.01,16035,0.0,0.0,0.0,0.0
2020-05-05,Maranhão,Paulino Neves,0.0,0,0,0.0,1,0,0.0,6.24,0.0,0.01,16035,0.0,0.0,0.0,0.0
2020-05-04,Maranhão,Paulino Neves,0.0,0,0,0.0,1,0,0.0,6.24,0.0,0.01,16035,0.0,0.0,0.0,0.0
2020-05-03,Maranhão,Paulino Neves,0.0,0,0,0.0,1,0,0.0,6.24,0.0,0.01,16035,0.0,0.0,0.0,0.0
2020-05-02,Maranhão,Paulino Neves,0.0,0,0,0.0,1,0,0.0,6.24,0.0,0.01,16035,0.0,0.0,0.0,0.0
2020-05-01,Maranhão,Paulino Neves,0.0,0,0,0.0,1,0,0.0,6.24,0.0,0.01,16035,0.0,0.0,0.0,0.0
2020-04-30,Maranhão,Paulino Neves,0.0,0,0,0.0,1,0,0.0,6.24,0.0,0.01,16035,0.0,0.0,0.0,0.0
