date,state,city,1day_cases_100k,new_cases,new_deaths,new_deaths_100k,total_cases,total_deaths,cfr%,total_cases_100k,total_deaths_100k,%infected,population,7day_cases_100k,7day_cases_change,28day_cases_100k,28day_cases_change
2020-09-11,Maranhão,Tufilândia,17.12,1,0,0.0,103,5,4.85,1763.7,85.62,1.76,5840,291.1,17.12,753.44,17.12
2020-09-10,Maranhão,Tufilândia,154.11,9,0,0.0,102,5,4.9,1746.58,85.62,1.75,5840,273.98,17.12,736.32,154.11
2020-09-09,Maranhão,Tufilândia,85.62,5,0,0.0,93,5,5.38,1592.47,85.62,1.59,5840,256.86,85.62,582.21,85.62
2020-09-08,Maranhão,Tufilândia,34.25,2,0,0.0,88,5,5.68,1506.85,85.62,1.51,5840,171.24,34.25,496.59,34.25
2020-09-07,Maranhão,Tufilândia,0.0,0,0,0.0,86,5,5.81,1472.6,85.62,1.47,5840,136.99,0.0,462.34,0.0
2020-09-06,Maranhão,Tufilândia,0.0,0,0,0.0,86,5,5.81,1472.6,85.62,1.47,5840,136.99,0.0,462.34,0.0
2020-09-05,Maranhão,Tufilândia,0.0,0,0,0.0,86,5,5.81,1472.6,85.62,1.47,5840,136.99,0.0,462.34,0.0
2020-09-04,Maranhão,Tufilândia,0.0,0,0,0.0,86,5,5.81,1472.6,85.62,1.47,5840,136.99,0.0,462.34,0.0
2020-09-03,Maranhão,Tufilândia,136.99,8,0,0.0,86,5,5.81,1472.6,85.62,1.47,5840,136.99,136.99,462.34,-51.37
2020-09-02,Maranhão,Tufilândia,0.0,0,0,0.0,78,5,6.41,1335.62,85.62,1.34,5840,0.0,0.0,513.71,-68.49
2020-09-01,Maranhão,Tufilândia,0.0,0,0,0.0,78,5,6.41,1335.62,85.62,1.34,5840,0.0,0.0,582.2,0.0
2020-08-31,Maranhão,Tufilândia,0.0,0,0,0.0,78,5,6.41,1335.62,85.62,1.34,5840,0.0,0.0,582.2,0.0
2020-08-30,Maranhão,Tufilândia,0.0,0,0,0.0,78,5,6.41,1335.62,85.62,1.34,5840,0.0,0.0,582.2,0.0
2020-08-29,Maranhão,Tufilândia,0.0,0,0,0.0,78,5,6.41,1335.62,85.62,1.34,5840,0.0,-239.73,582.2,0.0
2020-08-28,Maranhão,Tufilândia,0.0,0,0,0.0,78,5,6.41,1335.62,85.62,1.34,5840,239.73,-85.62,582.2,0.0
2020-08-27,Maranhão,Tufilândia,0.0,0,0,0.0,78,5,6.41,1335.62,85.62,1.34,5840,325.35,0.0,582.2,0.0
2020-08-26,Maranhão,Tufilândia,0.0,0,0,0.0,78,5,6.41,1335.62,85.62,1.34,5840,325.35,0.0,582.2,0.0
2020-08-25,Maranhão,Tufilândia,0.0,0,0,0.0,78,5,6.41,1335.62,85.62,1.34,5840,325.35,0.0,582.2,0.0
2020-08-24,Maranhão,Tufilândia,0.0,0,0,0.0,78,5,6.41,1335.62,85.62,1.34,5840,325.35,0.0,582.2,0.0
2020-08-23,Maranhão,Tufilândia,0.0,0,0,0.0,78,5,6.41,1335.62,85.62,1.34,5840,325.35,0.0,582.2,0.0
2020-08-22,Maranhão,Tufilândia,239.73,14,0,0.0,78,5,6.41,1335.62,85.62,1.34,5840,325.35,239.73,582.2,239.73
2020-08-21,Maranhão,Tufilândia,85.62,5,0,0.0,64,5,7.81,1095.89,85.62,1.1,5840,85.62,85.62,342.47,-34.24
2020-08-20,Maranhão,Tufilândia,0.0,0,0,0.0,59,5,8.47,1010.27,85.62,1.01,5840,0.0,0.0,376.71,-17.12
2020-08-19,Maranhão,Tufilândia,0.0,0,0,0.0,59,5,8.47,1010.27,85.62,1.01,5840,0.0,0.0,393.83,0.0
2020-08-18,Maranhão,Tufilândia,0.0,0,0,0.0,59,5,8.47,1010.27,85.62,1.01,5840,0.0,0.0,393.83,0.0
2020-08-17,Maranhão,Tufilândia,0.0,0,0,0.0,59,5,8.47,1010.27,85.62,1.01,5840,0.0,0.0,393.83,0.0
2020-08-16,Maranhão,Tufilândia,0.0,0,1,17.12,59,5,8.47,1010.27,85.62,1.01,5840,0.0,0.0,393.83,0.0
2020-08-15,Maranhão,Tufilândia,0.0,0,0,0.0,59,4,6.78,1010.27,68.49,1.01,5840,0.0,0.0,393.83,0.0
2020-08-14,Maranhão,Tufilândia,0.0,0,0,0.0,59,4,6.78,1010.27,68.49,1.01,5840,0.0,0.0,393.83,-17.12
2020-08-13,Maranhão,Tufilândia,0.0,0,0,0.0,59,4,6.78,1010.27,68.49,1.01,5840,0.0,-188.36,410.95,0.0
2020-08-12,Maranhão,Tufilândia,0.0,0,0,0.0,59,4,6.78,1010.27,68.49,1.01,5840,188.36,-68.49,410.95,0.0
2020-08-11,Maranhão,Tufilândia,0.0,0,0,0.0,59,4,6.78,1010.27,68.49,1.01,5840,256.85,0.0,410.95,0.0
2020-08-10,Maranhão,Tufilândia,0.0,0,0,0.0,59,4,6.78,1010.27,68.49,1.01,5840,256.85,0.0,410.95,0.0
2020-08-09,Maranhão,Tufilândia,0.0,0,0,0.0,59,4,6.78,1010.27,68.49,1.01,5840,256.85,0.0,410.95,0.0
2020-08-08,Maranhão,Tufilândia,0.0,0,0,0.0,59,4,6.78,1010.27,68.49,1.01,5840,256.85,0.0,410.95,0.0
2020-08-07,Maranhão,Tufilândia,0.0,0,0,0.0,59,4,6.78,1010.27,68.49,1.01,5840,256.85,0.0,410.95,0.0
2020-08-06,Maranhão,Tufilândia,188.36,11,0,0.0,59,4,6.78,1010.27,68.49,1.01,5840,256.85,188.36,410.95,171.24
2020-08-05,Maranhão,Tufilândia,68.49,4,0,0.0,48,4,8.33,821.92,68.49,0.82,5840,68.49,68.49,239.71,68.49
2020-08-04,Maranhão,Tufilândia,0.0,0,0,0.0,44,4,9.09,753.42,68.49,0.75,5840,0.0,0.0,171.22,-102.74
2020-08-03,Maranhão,Tufilândia,0.0,0,0,0.0,44,4,9.09,753.42,68.49,0.75,5840,0.0,0.0,273.96,0.0
2020-08-02,Maranhão,Tufilândia,0.0,0,0,0.0,44,4,9.09,753.42,68.49,0.75,5840,0.0,0.0,273.96,0.0
2020-08-01,Maranhão,Tufilândia,0.0,0,0,0.0,44,4,9.09,753.42,68.49,0.75,5840,0.0,0.0,273.96,-34.25
2020-07-31,Maranhão,Tufilândia,0.0,0,0,0.0,44,4,9.09,753.42,68.49,0.75,5840,0.0,-119.86,308.21,-68.49
2020-07-30,Maranhão,Tufilândia,0.0,0,0,0.0,44,4,9.09,753.42,68.49,0.75,5840,119.86,-17.12,376.7,0.0
2020-07-29,Maranhão,Tufilândia,0.0,0,0,0.0,44,4,9.09,753.42,68.49,0.75,5840,136.98,0.0,376.7,0.0
2020-07-28,Maranhão,Tufilândia,0.0,0,0,0.0,44,4,9.09,753.42,68.49,0.75,5840,136.98,0.0,376.7,0.0
2020-07-27,Maranhão,Tufilândia,0.0,0,0,0.0,44,4,9.09,753.42,68.49,0.75,5840,136.98,0.0,376.7,0.0
2020-07-26,Maranhão,Tufilândia,0.0,0,0,0.0,44,4,9.09,753.42,68.49,0.75,5840,136.98,0.0,376.7,0.0
2020-07-25,Maranhão,Tufilândia,0.0,0,0,0.0,44,4,9.09,753.42,68.49,0.75,5840,136.98,0.0,376.7,0.0
2020-07-24,Maranhão,Tufilândia,119.86,7,0,0.0,44,4,9.09,753.42,68.49,0.75,5840,136.98,102.74,376.7,51.37
2020-07-23,Maranhão,Tufilândia,17.12,1,0,0.0,37,4,10.81,633.56,68.49,0.63,5840,34.24,17.12,325.33,0.0
2020-07-22,Maranhão,Tufilândia,0.0,0,0,0.0,36,4,11.11,616.44,68.49,0.62,5840,17.12,0.0,325.33,0.0
2020-07-21,Maranhão,Tufilândia,0.0,0,0,0.0,36,4,11.11,616.44,68.49,0.62,5840,17.12,0.0,325.33,0.0
2020-07-20,Maranhão,Tufilândia,0.0,0,0,0.0,36,4,11.11,616.44,68.49,0.62,5840,17.12,0.0,325.33,0.0
2020-07-19,Maranhão,Tufilândia,0.0,0,0,0.0,36,4,11.11,616.44,68.49,0.62,5840,17.12,0.0,325.33,0.0
2020-07-18,Maranhão,Tufilândia,0.0,0,0,0.0,36,4,11.11,616.44,68.49,0.62,5840,17.12,0.0,325.33,0.0
2020-07-17,Maranhão,Tufilândia,17.12,1,1,17.12,36,4,11.11,616.44,68.49,0.62,5840,17.12,17.12,325.33,17.12
2020-07-16,Maranhão,Tufilândia,0.0,0,0,0.0,35,3,8.57,599.32,51.37,0.6,5840,0.0,-17.12,308.21,0.0
2020-07-15,Maranhão,Tufilândia,0.0,0,0,0.0,35,3,8.57,599.32,51.37,0.6,5840,17.12,0.0,308.21,0.0
2020-07-14,Maranhão,Tufilândia,0.0,0,0,0.0,35,3,8.57,599.32,51.37,0.6,5840,17.12,-102.74,308.21,0.0
2020-07-13,Maranhão,Tufilândia,0.0,0,0,0.0,35,3,8.57,599.32,51.37,0.6,5840,119.86,0.0,308.21,0.0
2020-07-12,Maranhão,Tufilândia,0.0,0,0,0.0,35,3,8.57,599.32,51.37,0.6,5840,119.86,0.0,308.21,0.0
2020-07-11,Maranhão,Tufilândia,0.0,0,0,0.0,35,3,8.57,599.32,51.37,0.6,5840,119.86,-34.25,308.21,0.0
2020-07-10,Maranhão,Tufilândia,0.0,0,0,0.0,35,3,8.57,599.32,51.37,0.6,5840,154.11,-68.49,308.21,-51.37
2020-07-09,Maranhão,Tufilândia,17.12,1,0,0.0,35,3,8.57,599.32,51.37,0.6,5840,222.6,17.12,359.58,17.12
2020-07-08,Maranhão,Tufilândia,0.0,0,0,0.0,34,3,8.82,582.19,51.37,0.58,5840,205.48,0.0,342.46,0.0
2020-07-07,Maranhão,Tufilândia,102.74,6,0,0.0,34,3,8.82,582.19,51.37,0.58,5840,205.48,102.74,342.46,102.74
2020-07-06,Maranhão,Tufilândia,0.0,0,0,0.0,28,3,10.71,479.45,51.37,0.48,5840,102.74,0.0,239.72,0.0
2020-07-05,Maranhão,Tufilândia,0.0,0,1,17.12,28,3,10.71,479.45,51.37,0.48,5840,102.74,0.0,239.72,0.0
2020-07-04,Maranhão,Tufilândia,34.25,2,0,0.0,28,2,7.14,479.45,34.25,0.48,5840,102.74,34.25,239.72,34.25
2020-07-03,Maranhão,Tufilândia,68.49,4,1,17.12,26,2,7.69,445.21,34.25,0.45,5840,68.49,0.0,205.47,68.49
2020-07-02,Maranhão,Tufilândia,0.0,0,0,0.0,22,1,4.55,376.71,17.12,0.38,5840,68.49,-17.12,136.98,0.0
2020-07-01,Maranhão,Tufilândia,0.0,0,0,0.0,22,1,4.55,376.71,17.12,0.38,5840,85.61,0.0,136.98,0.0
2020-06-30,Maranhão,Tufilândia,0.0,0,0,0.0,22,1,4.55,376.71,17.12,0.38,5840,85.61,0.0,136.98,-17.12
2020-06-29,Maranhão,Tufilândia,0.0,0,0,0.0,22,1,4.55,376.71,17.12,0.38,5840,85.61,0.0,154.1,0.0
2020-06-28,Maranhão,Tufilândia,0.0,0,0,0.0,22,1,4.55,376.71,17.12,0.38,5840,85.61,0.0,154.1,-17.12
2020-06-27,Maranhão,Tufilândia,0.0,0,0,0.0,22,1,4.55,376.71,17.12,0.38,5840,85.61,0.0,171.22,0.0
2020-06-26,Maranhão,Tufilândia,68.49,4,0,0.0,22,1,4.55,376.71,17.12,0.38,5840,85.61,68.49,171.22,68.49
2020-06-25,Maranhão,Tufilândia,17.12,1,0,0.0,18,1,5.56,308.22,17.12,0.31,5840,17.12,17.12,102.73,17.12
2020-06-24,Maranhão,Tufilândia,0.0,0,0,0.0,17,1,5.88,291.1,17.12,0.29,5840,0.0,0.0,85.61,0.0
2020-06-23,Maranhão,Tufilândia,0.0,0,0,0.0,17,1,5.88,291.1,17.12,0.29,5840,0.0,0.0,85.61,0.0
2020-06-22,Maranhão,Tufilândia,0.0,0,0,0.0,17,1,5.88,291.1,17.12,0.29,5840,0.0,0.0,85.61,0.0
2020-06-21,Maranhão,Tufilândia,0.0,0,0,0.0,17,1,5.88,291.1,17.12,0.29,5840,0.0,0.0,85.61,0.0
2020-06-20,Maranhão,Tufilândia,0.0,0,0,0.0,17,1,5.88,291.1,17.12,0.29,5840,0.0,0.0,85.61,-188.36
2020-06-19,Maranhão,Tufilândia,0.0,0,0,0.0,17,1,5.88,291.1,17.12,0.29,5840,0.0,-51.37,273.97,0.0
2020-06-18,Maranhão,Tufilândia,0.0,0,0,0.0,17,1,5.88,291.1,17.12,0.29,5840,51.37,0.0,273.97,0.0
2020-06-17,Maranhão,Tufilândia,0.0,0,0,0.0,17,1,5.88,291.1,17.12,0.29,5840,51.37,0.0,273.97,0.0
2020-06-16,Maranhão,Tufilândia,0.0,0,0,0.0,17,1,5.88,291.1,17.12,0.29,5840,51.37,0.0,273.97,0.0
2020-06-15,Maranhão,Tufilândia,0.0,0,0,0.0,17,1,5.88,291.1,17.12,0.29,5840,51.37,0.0,273.97,0.0
2020-06-14,Maranhão,Tufilândia,0.0,0,0,0.0,17,1,5.88,291.1,17.12,0.29,5840,51.37,0.0,273.97,0.0
2020-06-13,Maranhão,Tufilândia,0.0,0,0,0.0,17,1,5.88,291.1,17.12,0.29,5840,51.37,0.0,273.97,0.0
2020-06-12,Maranhão,Tufilândia,51.37,3,0,0.0,17,1,5.88,291.1,17.12,0.29,5840,51.37,51.37,273.97,51.37
2020-06-11,Maranhão,Tufilândia,0.0,0,0,0.0,14,1,7.14,239.73,17.12,0.24,5840,0.0,0.0,222.6,0.0
2020-06-10,Maranhão,Tufilândia,0.0,0,0,0.0,14,1,7.14,239.73,17.12,0.24,5840,0.0,0.0,222.6,0.0
2020-06-09,Maranhão,Tufilândia,0.0,0,0,0.0,14,1,7.14,239.73,17.12,0.24,5840,0.0,-17.12,222.6,0.0
2020-06-08,Maranhão,Tufilândia,0.0,0,0,0.0,14,1,7.14,239.73,17.12,0.24,5840,17.12,0.0,222.6,0.0
2020-06-07,Maranhão,Tufilândia,0.0,0,0,0.0,14,1,7.14,239.73,17.12,0.24,5840,17.12,-17.12,222.6,0.0
2020-06-06,Maranhão,Tufilândia,0.0,0,0,0.0,14,1,7.14,239.73,17.12,0.24,5840,34.24,0.0,222.6,0.0
2020-06-05,Maranhão,Tufilândia,0.0,0,0,0.0,14,1,7.14,239.73,17.12,0.24,5840,34.24,0.0,222.6,0.0
2020-06-04,Maranhão,Tufilândia,0.0,0,0,0.0,14,1,7.14,239.73,17.12,0.24,5840,34.24,0.0,222.6,0.0
2020-06-03,Maranhão,Tufilândia,0.0,0,0,0.0,14,1,7.14,239.73,17.12,0.24,5840,34.24,0.0,222.6,0.0
2020-06-02,Maranhão,Tufilândia,17.12,1,0,0.0,14,1,7.14,239.73,17.12,0.24,5840,34.24,17.12,222.6,17.12
2020-06-01,Maranhão,Tufilândia,0.0,0,0,0.0,13,1,7.69,222.6,17.12,0.22,5840,17.12,0.0,205.48,0.0
2020-05-31,Maranhão,Tufilândia,17.12,1,0,0.0,13,1,7.69,222.6,17.12,0.22,5840,17.12,17.12,205.48,17.12
2020-05-30,Maranhão,Tufilândia,0.0,0,0,0.0,12,1,8.33,205.48,17.12,0.21,5840,0.0,-188.36,188.36,0.0
2020-05-29,Maranhão,Tufilândia,0.0,0,0,0.0,12,1,8.33,205.48,17.12,0.21,5840,188.36,0.0,188.36,0.0
2020-05-28,Maranhão,Tufilândia,0.0,0,0,0.0,12,1,8.33,205.48,17.12,0.21,5840,188.36,0.0,188.36,0.0
2020-05-27,Maranhão,Tufilândia,0.0,0,0,0.0,12,1,8.33,205.48,17.12,0.21,5840,188.36,0.0,188.36,0.0
2020-05-26,Maranhão,Tufilândia,0.0,0,0,0.0,12,1,8.33,205.48,17.12,0.21,5840,188.36,0.0,188.36,0.0
2020-05-25,Maranhão,Tufilândia,0.0,0,0,0.0,12,1,8.33,205.48,17.12,0.21,5840,188.36,0.0,188.36,0.0
2020-05-24,Maranhão,Tufilândia,0.0,0,0,0.0,12,1,8.33,205.48,17.12,0.21,5840,188.36,0.0,188.36,0.0
2020-05-23,Maranhão,Tufilândia,188.36,11,1,17.12,12,1,8.33,205.48,17.12,0.21,5840,188.36,188.36,188.36,188.36
2020-05-22,Maranhão,Tufilândia,0.0,0,0,0.0,1,0,0.0,17.12,0.0,0.02,5840,0.0,0.0,0.0,0.0
2020-05-21,Maranhão,Tufilândia,0.0,0,0,0.0,1,0,0.0,17.12,0.0,0.02,5840,0.0,0.0,0.0,0.0
2020-05-20,Maranhão,Tufilândia,0.0,0,0,0.0,1,0,0.0,17.12,0.0,0.02,5840,0.0,0.0,0.0,0.0
2020-05-19,Maranhão,Tufilândia,0.0,0,0,0.0,1,0,0.0,17.12,0.0,0.02,5840,0.0,0.0,0.0,0.0
2020-05-18,Maranhão,Tufilândia,0.0,0,0,0.0,1,0,0.0,17.12,0.0,0.02,5840,0.0,0.0,0.0,0.0
