date,state,district,new_cases_100k,new_cases,new_deaths,new_deaths_100k,total_cases,total_deaths,cfr%,total_cases_100k,total_deaths_100k,%infected,population
2020-08-20,Berlin,Berlin Lichtenberg,2.98,8,0,0.0,604,12,1.99,224.98,4.47,0.22,268466
2020-08-19,Berlin,Berlin Lichtenberg,1.12,3,0,0.0,596,12,2.01,222.0,4.47,0.22,268466
2020-08-18,Berlin,Berlin Lichtenberg,0.37,1,0,0.0,593,12,2.02,220.88,4.47,0.22,268466
2020-08-17,Berlin,Berlin Lichtenberg,2.61,7,0,0.0,592,12,2.03,220.51,4.47,0.22,268466
2020-08-16,Berlin,Berlin Lichtenberg,0.37,1,0,0.0,585,12,2.05,217.9,4.47,0.22,268466
2020-08-13,Berlin,Berlin Lichtenberg,1.12,3,0,0.0,584,12,2.05,217.53,4.47,0.22,268466
2020-08-12,Berlin,Berlin Lichtenberg,2.23,6,0,0.0,581,12,2.07,216.41,4.47,0.22,268466
2020-08-11,Berlin,Berlin Lichtenberg,0.37,1,0,0.0,575,12,2.09,214.18,4.47,0.21,268466
2020-08-10,Berlin,Berlin Lichtenberg,4.1,11,0,0.0,574,12,2.09,213.81,4.47,0.21,268466
2020-08-09,Berlin,Berlin Lichtenberg,1.12,3,0,0.0,563,12,2.13,209.71,4.47,0.21,268466
2020-08-08,Berlin,Berlin Lichtenberg,1.12,3,0,0.0,560,12,2.14,208.59,4.47,0.21,268466
2020-08-07,Berlin,Berlin Lichtenberg,2.61,7,0,0.0,557,12,2.15,207.48,4.47,0.21,268466
2020-08-06,Berlin,Berlin Lichtenberg,1.49,4,0,0.0,550,12,2.18,204.87,4.47,0.2,268466
2020-08-05,Berlin,Berlin Lichtenberg,1.12,3,0,0.0,546,12,2.2,203.38,4.47,0.2,268466
2020-08-04,Berlin,Berlin Lichtenberg,1.12,3,0,0.0,543,12,2.21,202.26,4.47,0.2,268466
2020-08-03,Berlin,Berlin Lichtenberg,1.49,4,0,0.0,540,12,2.22,201.14,4.47,0.2,268466
2020-08-02,Berlin,Berlin Lichtenberg,0.74,2,0,0.0,536,12,2.24,199.65,4.47,0.2,268466
2020-08-01,Berlin,Berlin Lichtenberg,1.49,4,0,0.0,534,12,2.25,198.91,4.47,0.2,268466
2020-07-31,Berlin,Berlin Lichtenberg,0.74,2,0,0.0,530,12,2.26,197.42,4.47,0.2,268466
2020-07-30,Berlin,Berlin Lichtenberg,0.37,1,0,0.0,528,12,2.27,196.67,4.47,0.2,268466
2020-07-29,Berlin,Berlin Lichtenberg,1.49,4,0,0.0,527,12,2.28,196.3,4.47,0.2,268466
2020-07-28,Berlin,Berlin Lichtenberg,0.37,1,0,0.0,523,12,2.29,194.81,4.47,0.19,268466
2020-07-27,Berlin,Berlin Lichtenberg,1.49,4,0,0.0,522,12,2.3,194.44,4.47,0.19,268466
2020-07-26,Berlin,Berlin Lichtenberg,0.37,1,0,0.0,518,12,2.32,192.95,4.47,0.19,268466
2020-07-24,Berlin,Berlin Lichtenberg,1.49,4,0,0.0,517,12,2.32,192.58,4.47,0.19,268466
2020-07-23,Berlin,Berlin Lichtenberg,0.74,2,0,0.0,513,12,2.34,191.09,4.47,0.19,268466
2020-07-22,Berlin,Berlin Lichtenberg,1.49,4,0,0.0,511,12,2.35,190.34,4.47,0.19,268466
2020-07-21,Berlin,Berlin Lichtenberg,1.12,3,0,0.0,507,12,2.37,188.85,4.47,0.19,268466
2020-07-20,Berlin,Berlin Lichtenberg,0.74,2,0,0.0,504,12,2.38,187.73,4.47,0.19,268466
2020-07-19,Berlin,Berlin Lichtenberg,0.74,2,0,0.0,502,12,2.39,186.99,4.47,0.19,268466
2020-07-17,Berlin,Berlin Lichtenberg,1.12,3,0,0.0,500,12,2.4,186.24,4.47,0.19,268466
2020-07-16,Berlin,Berlin Lichtenberg,1.12,3,0,0.0,497,12,2.41,185.13,4.47,0.19,268466
2020-07-15,Berlin,Berlin Lichtenberg,0.37,1,0,0.0,494,12,2.43,184.01,4.47,0.18,268466
2020-07-14,Berlin,Berlin Lichtenberg,2.98,8,0,0.0,493,12,2.43,183.64,4.47,0.18,268466
2020-07-13,Berlin,Berlin Lichtenberg,2.23,6,0,0.0,485,12,2.47,180.66,4.47,0.18,268466
2020-07-11,Berlin,Berlin Lichtenberg,0.37,1,0,0.0,479,12,2.51,178.42,4.47,0.18,268466
2020-07-10,Berlin,Berlin Lichtenberg,1.12,3,0,0.0,478,12,2.51,178.05,4.47,0.18,268466
2020-07-09,Berlin,Berlin Lichtenberg,0.74,2,0,0.0,475,12,2.53,176.93,4.47,0.18,268466
2020-07-08,Berlin,Berlin Lichtenberg,5.21,14,0,0.0,473,12,2.54,176.19,4.47,0.18,268466
2020-07-07,Berlin,Berlin Lichtenberg,1.86,5,0,0.0,459,12,2.61,170.97,4.47,0.17,268466
2020-07-06,Berlin,Berlin Lichtenberg,1.12,3,0,0.0,454,12,2.64,169.11,4.47,0.17,268466
2020-07-05,Berlin,Berlin Lichtenberg,0.37,1,0,0.0,451,12,2.66,167.99,4.47,0.17,268466
2020-07-03,Berlin,Berlin Lichtenberg,2.23,6,0,0.0,450,12,2.67,167.62,4.47,0.17,268466
2020-07-02,Berlin,Berlin Lichtenberg,2.61,7,0,0.0,444,12,2.7,165.38,4.47,0.17,268466
2020-07-01,Berlin,Berlin Lichtenberg,1.49,4,0,0.0,437,12,2.75,162.78,4.47,0.16,268466
2020-06-30,Berlin,Berlin Lichtenberg,0.74,2,0,0.0,433,12,2.77,161.29,4.47,0.16,268466
2020-06-29,Berlin,Berlin Lichtenberg,3.35,9,0,0.0,431,12,2.78,160.54,4.47,0.16,268466
2020-06-28,Berlin,Berlin Lichtenberg,0.37,1,0,0.0,422,12,2.84,157.19,4.47,0.16,268466
2020-06-27,Berlin,Berlin Lichtenberg,0.74,2,1,0.37,421,12,2.85,156.82,4.47,0.16,268466
2020-06-26,Berlin,Berlin Lichtenberg,1.49,4,0,0.0,419,11,2.63,156.07,4.1,0.16,268466
2020-06-25,Berlin,Berlin Lichtenberg,1.49,4,0,0.0,415,11,2.65,154.58,4.1,0.15,268466
2020-06-24,Berlin,Berlin Lichtenberg,1.12,3,0,0.0,411,11,2.68,153.09,4.1,0.15,268466
2020-06-23,Berlin,Berlin Lichtenberg,3.35,9,0,0.0,408,11,2.7,151.97,4.1,0.15,268466
2020-06-22,Berlin,Berlin Lichtenberg,1.86,5,0,0.0,399,11,2.76,148.62,4.1,0.15,268466
2020-06-21,Berlin,Berlin Lichtenberg,0.37,1,0,0.0,394,11,2.79,146.76,4.1,0.15,268466
2020-06-19,Berlin,Berlin Lichtenberg,1.12,3,0,0.0,393,11,2.8,146.39,4.1,0.15,268466
2020-06-18,Berlin,Berlin Lichtenberg,2.23,6,0,0.0,390,11,2.82,145.27,4.1,0.15,268466
2020-06-17,Berlin,Berlin Lichtenberg,1.12,3,0,0.0,384,11,2.86,143.03,4.1,0.14,268466
2020-06-16,Berlin,Berlin Lichtenberg,0.37,1,0,0.0,381,11,2.89,141.92,4.1,0.14,268466
2020-06-15,Berlin,Berlin Lichtenberg,0.37,1,0,0.0,380,11,2.89,141.54,4.1,0.14,268466
2020-06-14,Berlin,Berlin Lichtenberg,0.74,2,0,0.0,379,11,2.9,141.17,4.1,0.14,268466
2020-06-13,Berlin,Berlin Lichtenberg,1.49,4,0,0.0,377,11,2.92,140.43,4.1,0.14,268466
2020-06-12,Berlin,Berlin Lichtenberg,0.37,1,0,0.0,373,11,2.95,138.94,4.1,0.14,268466
2020-06-11,Berlin,Berlin Lichtenberg,1.12,3,0,0.0,372,11,2.96,138.57,4.1,0.14,268466
2020-06-10,Berlin,Berlin Lichtenberg,1.12,3,0,0.0,369,11,2.98,137.45,4.1,0.14,268466
2020-06-09,Berlin,Berlin Lichtenberg,0.74,2,0,0.0,366,11,3.01,136.33,4.1,0.14,268466
2020-06-08,Berlin,Berlin Lichtenberg,1.86,5,0,0.0,364,11,3.02,135.59,4.1,0.14,268466
2020-06-07,Berlin,Berlin Lichtenberg,0.37,1,0,0.0,359,11,3.06,133.72,4.1,0.13,268466
2020-06-06,Berlin,Berlin Lichtenberg,0.74,2,0,0.0,358,11,3.07,133.35,4.1,0.13,268466
2020-06-05,Berlin,Berlin Lichtenberg,2.23,6,0,0.0,356,11,3.09,132.61,4.1,0.13,268466
2020-06-04,Berlin,Berlin Lichtenberg,2.98,8,0,0.0,350,11,3.14,130.37,4.1,0.13,268466
2020-06-03,Berlin,Berlin Lichtenberg,2.23,6,0,0.0,342,11,3.22,127.39,4.1,0.13,268466
2020-06-02,Berlin,Berlin Lichtenberg,0.37,1,0,0.0,336,11,3.27,125.16,4.1,0.13,268466
2020-06-01,Berlin,Berlin Lichtenberg,0.37,1,0,0.0,335,11,3.28,124.78,4.1,0.12,268466
2020-05-31,Berlin,Berlin Lichtenberg,1.49,4,0,0.0,334,11,3.29,124.41,4.1,0.12,268466
2020-05-30,Berlin,Berlin Lichtenberg,0.74,2,0,0.0,330,11,3.33,122.92,4.1,0.12,268466
2020-05-29,Berlin,Berlin Lichtenberg,0.37,1,0,0.0,328,11,3.35,122.18,4.1,0.12,268466
2020-05-28,Berlin,Berlin Lichtenberg,1.86,5,0,0.0,327,11,3.36,121.8,4.1,0.12,268466
2020-05-27,Berlin,Berlin Lichtenberg,1.49,4,0,0.0,322,11,3.42,119.94,4.1,0.12,268466
2020-05-26,Berlin,Berlin Lichtenberg,2.98,8,0,0.0,318,11,3.46,118.45,4.1,0.12,268466
2020-05-25,Berlin,Berlin Lichtenberg,1.49,4,0,0.0,310,11,3.55,115.47,4.1,0.12,268466
2020-05-24,Berlin,Berlin Lichtenberg,0.74,2,0,0.0,306,11,3.59,113.98,4.1,0.11,268466
2020-05-23,Berlin,Berlin Lichtenberg,0.74,2,0,0.0,304,11,3.62,113.24,4.1,0.11,268466
2020-05-22,Berlin,Berlin Lichtenberg,2.23,6,0,0.0,302,11,3.64,112.49,4.1,0.11,268466
2020-05-21,Berlin,Berlin Lichtenberg,1.49,4,0,0.0,296,11,3.72,110.26,4.1,0.11,268466
2020-05-20,Berlin,Berlin Lichtenberg,0.74,2,0,0.0,292,11,3.77,108.77,4.1,0.11,268466
2020-05-19,Berlin,Berlin Lichtenberg,0.37,1,0,0.0,290,11,3.79,108.02,4.1,0.11,268466
2020-05-18,Berlin,Berlin Lichtenberg,0.37,1,0,0.0,289,11,3.81,107.65,4.1,0.11,268466
2020-05-17,Berlin,Berlin Lichtenberg,0.37,1,0,0.0,288,11,3.82,107.28,4.1,0.11,268466
2020-05-16,Berlin,Berlin Lichtenberg,0.74,2,0,0.0,287,11,3.83,106.9,4.1,0.11,268466
2020-05-15,Berlin,Berlin Lichtenberg,0.37,1,0,0.0,285,11,3.86,106.16,4.1,0.11,268466
2020-05-14,Berlin,Berlin Lichtenberg,0.37,1,0,0.0,284,11,3.87,105.79,4.1,0.11,268466
2020-05-13,Berlin,Berlin Lichtenberg,0.74,2,0,0.0,283,11,3.89,105.41,4.1,0.11,268466
2020-05-12,Berlin,Berlin Lichtenberg,1.49,4,0,0.0,281,11,3.91,104.67,4.1,0.1,268466
2020-05-10,Berlin,Berlin Lichtenberg,0.37,1,0,0.0,277,11,3.97,103.18,4.1,0.1,268466
2020-05-07,Berlin,Berlin Lichtenberg,0.74,2,0,0.0,276,11,3.99,102.81,4.1,0.1,268466
2020-05-06,Berlin,Berlin Lichtenberg,0.74,2,1,0.37,274,11,4.01,102.06,4.1,0.1,268466
2020-05-05,Berlin,Berlin Lichtenberg,0.74,2,0,0.0,272,10,3.68,101.32,3.72,0.1,268466
2020-05-04,Berlin,Berlin Lichtenberg,0.74,2,0,0.0,270,10,3.7,100.57,3.72,0.1,268466
2020-05-03,Berlin,Berlin Lichtenberg,0.37,1,0,0.0,268,10,3.73,99.83,3.72,0.1,268466
2020-05-02,Berlin,Berlin Lichtenberg,0.37,1,0,0.0,267,10,3.75,99.45,3.72,0.1,268466
2020-04-30,Berlin,Berlin Lichtenberg,1.86,5,0,0.0,266,10,3.76,99.08,3.72,0.1,268466
2020-04-29,Berlin,Berlin Lichtenberg,1.49,4,0,0.0,261,10,3.83,97.22,3.72,0.1,268466
2020-04-28,Berlin,Berlin Lichtenberg,4.1,11,0,0.0,257,10,3.89,95.73,3.72,0.1,268466
2020-04-27,Berlin,Berlin Lichtenberg,2.98,8,0,0.0,246,10,4.07,91.63,3.72,0.09,268466
2020-04-26,Berlin,Berlin Lichtenberg,1.12,3,1,0.37,238,10,4.2,88.65,3.72,0.09,268466
2020-04-25,Berlin,Berlin Lichtenberg,4.47,12,1,0.37,235,9,3.83,87.53,3.35,0.09,268466
2020-04-24,Berlin,Berlin Lichtenberg,1.49,4,0,0.0,223,8,3.59,83.06,2.98,0.08,268466
2020-04-23,Berlin,Berlin Lichtenberg,0.74,2,0,0.0,219,8,3.65,81.57,2.98,0.08,268466
2020-04-22,Berlin,Berlin Lichtenberg,1.12,3,1,0.37,217,8,3.69,80.83,2.98,0.08,268466
2020-04-21,Berlin,Berlin Lichtenberg,1.12,3,0,0.0,214,7,3.27,79.71,2.61,0.08,268466
2020-04-20,Berlin,Berlin Lichtenberg,1.86,5,0,0.0,211,7,3.32,78.59,2.61,0.08,268466
2020-04-19,Berlin,Berlin Lichtenberg,1.12,3,0,0.0,206,7,3.4,76.73,2.61,0.08,268466
2020-04-18,Berlin,Berlin Lichtenberg,0.37,1,0,0.0,203,7,3.45,75.61,2.61,0.08,268466
2020-04-17,Berlin,Berlin Lichtenberg,1.12,3,1,0.37,202,7,3.47,75.24,2.61,0.08,268466
2020-04-16,Berlin,Berlin Lichtenberg,0.37,1,0,0.0,199,6,3.02,74.12,2.23,0.07,268466
2020-04-15,Berlin,Berlin Lichtenberg,0.74,2,0,0.0,198,6,3.03,73.75,2.23,0.07,268466
2020-04-14,Berlin,Berlin Lichtenberg,1.12,3,0,0.0,196,6,3.06,73.01,2.23,0.07,268466
2020-04-11,Berlin,Berlin Lichtenberg,1.12,3,0,0.0,193,6,3.11,71.89,2.23,0.07,268466
2020-04-10,Berlin,Berlin Lichtenberg,0.74,2,0,0.0,190,6,3.16,70.77,2.23,0.07,268466
2020-04-09,Berlin,Berlin Lichtenberg,2.23,6,0,0.0,188,6,3.19,70.03,2.23,0.07,268466
2020-04-08,Berlin,Berlin Lichtenberg,1.86,5,0,0.0,182,6,3.3,67.79,2.23,0.07,268466
2020-04-07,Berlin,Berlin Lichtenberg,1.86,5,0,0.0,177,6,3.39,65.93,2.23,0.07,268466
2020-04-06,Berlin,Berlin Lichtenberg,1.12,3,0,0.0,172,6,3.49,64.07,2.23,0.06,268466
2020-04-05,Berlin,Berlin Lichtenberg,2.61,7,0,0.0,169,6,3.55,62.95,2.23,0.06,268466
2020-04-04,Berlin,Berlin Lichtenberg,0.37,1,0,0.0,162,6,3.7,60.34,2.23,0.06,268466
2020-04-03,Berlin,Berlin Lichtenberg,1.49,4,0,0.0,161,6,3.73,59.97,2.23,0.06,268466
2020-04-02,Berlin,Berlin Lichtenberg,1.12,3,1,0.37,157,6,3.82,58.48,2.23,0.06,268466
2020-04-01,Berlin,Berlin Lichtenberg,0.74,2,1,0.37,154,5,3.25,57.36,1.86,0.06,268466
2020-03-31,Berlin,Berlin Lichtenberg,0.37,1,0,0.0,152,4,2.63,56.62,1.49,0.06,268466
2020-03-30,Berlin,Berlin Lichtenberg,1.86,5,0,0.0,151,4,2.65,56.25,1.49,0.06,268466
2020-03-29,Berlin,Berlin Lichtenberg,1.12,3,0,0.0,146,4,2.74,54.38,1.49,0.05,268466
2020-03-28,Berlin,Berlin Lichtenberg,1.49,4,0,0.0,143,4,2.8,53.27,1.49,0.05,268466
2020-03-27,Berlin,Berlin Lichtenberg,0.74,2,0,0.0,139,4,2.88,51.78,1.49,0.05,268466
2020-03-26,Berlin,Berlin Lichtenberg,4.1,11,0,0.0,137,4,2.92,51.03,1.49,0.05,268466
2020-03-25,Berlin,Berlin Lichtenberg,0.74,2,0,0.0,126,4,3.17,46.93,1.49,0.05,268466
2020-03-24,Berlin,Berlin Lichtenberg,1.12,3,0,0.0,124,4,3.23,46.19,1.49,0.05,268466
2020-03-23,Berlin,Berlin Lichtenberg,3.35,9,1,0.37,121,4,3.31,45.07,1.49,0.05,268466
2020-03-22,Berlin,Berlin Lichtenberg,2.23,6,0,0.0,112,3,2.68,41.72,1.12,0.04,268466
2020-03-21,Berlin,Berlin Lichtenberg,1.86,5,1,0.37,106,3,2.83,39.48,1.12,0.04,268466
2020-03-20,Berlin,Berlin Lichtenberg,2.98,8,0,0.0,101,2,1.98,37.62,0.74,0.04,268466
2020-03-19,Berlin,Berlin Lichtenberg,3.72,10,0,0.0,93,2,2.15,34.64,0.74,0.03,268466
2020-03-18,Berlin,Berlin Lichtenberg,2.98,8,0,0.0,83,2,2.41,30.92,0.74,0.03,268466
2020-03-17,Berlin,Berlin Lichtenberg,3.35,9,1,0.37,75,2,2.67,27.94,0.74,0.03,268466
2020-03-16,Berlin,Berlin Lichtenberg,4.1,11,0,0.0,66,1,1.52,24.58,0.37,0.02,268466
2020-03-15,Berlin,Berlin Lichtenberg,4.1,11,0,0.0,55,1,1.82,20.49,0.37,0.02,268466
2020-03-14,Berlin,Berlin Lichtenberg,2.61,7,0,0.0,44,1,2.27,16.39,0.37,0.02,268466
2020-03-13,Berlin,Berlin Lichtenberg,4.1,11,1,0.37,37,1,2.7,13.78,0.37,0.01,268466
2020-03-12,Berlin,Berlin Lichtenberg,0.74,2,0,0.0,26,0,0.0,9.68,0.0,0.01,268466
2020-03-11,Berlin,Berlin Lichtenberg,1.49,4,0,0.0,24,0,0.0,8.94,0.0,0.01,268466
2020-03-10,Berlin,Berlin Lichtenberg,2.61,7,0,0.0,20,0,0.0,7.45,0.0,0.01,268466
2020-03-09,Berlin,Berlin Lichtenberg,0.74,2,0,0.0,13,0,0.0,4.84,0.0,0.0,268466
2020-03-08,Berlin,Berlin Lichtenberg,0.37,1,0,0.0,11,0,0.0,4.1,0.0,0.0,268466
2020-03-07,Berlin,Berlin Lichtenberg,1.12,3,0,0.0,10,0,0.0,3.72,0.0,0.0,268466
2020-03-02,Berlin,Berlin Lichtenberg,0.74,2,0,0.0,7,0,0.0,2.61,0.0,0.0,268466
2020-03-01,Berlin,Berlin Lichtenberg,1.12,3,0,0.0,5,0,0.0,1.86,0.0,0.0,268466
2020-02-28,Berlin,Berlin Lichtenberg,0.37,1,0,0.0,2,0,0.0,0.74,0.0,0.0,268466
2020-02-23,Berlin,Berlin Lichtenberg,0.37,1,0,0.0,1,0,0.0,0.37,0.0,0.0,268466
