date,state,county,new_cases_100k,new_cases,new_deaths,new_deaths_100k,total_cases,total_deaths,cfr%,total_cases_100k,total_deaths_100k,%infected,population,pop_density
2020-08-21,Pennsylvania,Juniata,0.0,0,0,0.0,142,6,4.23,574.81,24.29,0.57,24704,63.13
2020-08-20,Pennsylvania,Juniata,8.1,2,0,0.0,142,6,4.23,574.81,24.29,0.57,24704,63.13
2020-08-19,Pennsylvania,Juniata,0.0,0,0,0.0,140,6,4.29,566.71,24.29,0.57,24704,63.13
2020-08-18,Pennsylvania,Juniata,4.05,1,0,0.0,140,6,4.29,566.71,24.29,0.57,24704,63.13
2020-08-17,Pennsylvania,Juniata,0.0,0,0,0.0,139,6,4.32,562.66,24.29,0.56,24704,63.13
2020-08-16,Pennsylvania,Juniata,8.1,2,0,0.0,139,6,4.32,562.66,24.29,0.56,24704,63.13
2020-08-15,Pennsylvania,Juniata,0.0,0,0,0.0,137,6,4.38,554.57,24.29,0.55,24704,63.13
2020-08-14,Pennsylvania,Juniata,8.1,2,0,0.0,137,6,4.38,554.57,24.29,0.55,24704,63.13
2020-08-13,Pennsylvania,Juniata,0.0,0,0,0.0,135,6,4.44,546.47,24.29,0.55,24704,63.13
2020-08-12,Pennsylvania,Juniata,8.1,2,0,0.0,135,6,4.44,546.47,24.29,0.55,24704,63.13
2020-08-11,Pennsylvania,Juniata,0.0,0,0,0.0,133,6,4.51,538.37,24.29,0.54,24704,63.13
2020-08-10,Pennsylvania,Juniata,4.05,1,0,0.0,133,6,4.51,538.37,24.29,0.54,24704,63.13
2020-08-09,Pennsylvania,Juniata,0.0,0,0,0.0,132,6,4.55,534.33,24.29,0.53,24704,63.13
2020-08-08,Pennsylvania,Juniata,4.05,1,0,0.0,132,6,4.55,534.33,24.29,0.53,24704,63.13
2020-08-07,Pennsylvania,Juniata,8.1,2,0,0.0,131,6,4.58,530.28,24.29,0.53,24704,63.13
2020-08-06,Pennsylvania,Juniata,4.05,1,0,0.0,129,6,4.65,522.18,24.29,0.52,24704,63.13
2020-08-05,Pennsylvania,Juniata,0.0,0,0,0.0,128,6,4.69,518.13,24.29,0.52,24704,63.13
2020-08-04,Pennsylvania,Juniata,4.05,1,0,0.0,128,6,4.69,518.13,24.29,0.52,24704,63.13
2020-08-03,Pennsylvania,Juniata,4.05,1,0,0.0,127,6,4.72,514.09,24.29,0.51,24704,63.13
2020-08-02,Pennsylvania,Juniata,0.0,0,0,0.0,126,6,4.76,510.04,24.29,0.51,24704,63.13
2020-08-01,Pennsylvania,Juniata,4.05,1,0,0.0,126,6,4.76,510.04,24.29,0.51,24704,63.13
2020-07-31,Pennsylvania,Juniata,0.0,0,0,0.0,125,6,4.8,505.99,24.29,0.51,24704,63.13
2020-07-30,Pennsylvania,Juniata,0.0,0,0,0.0,125,6,4.8,505.99,24.29,0.51,24704,63.13
2020-07-29,Pennsylvania,Juniata,0.0,0,0,0.0,125,6,4.8,505.99,24.29,0.51,24704,63.13
2020-07-28,Pennsylvania,Juniata,0.0,0,0,0.0,125,6,4.8,505.99,24.29,0.51,24704,63.13
2020-07-27,Pennsylvania,Juniata,8.1,2,0,0.0,125,6,4.8,505.99,24.29,0.51,24704,63.13
2020-07-26,Pennsylvania,Juniata,4.05,1,0,0.0,123,6,4.88,497.9,24.29,0.5,24704,63.13
2020-07-25,Pennsylvania,Juniata,0.0,0,0,0.0,122,6,4.92,493.85,24.29,0.49,24704,63.13
2020-07-24,Pennsylvania,Juniata,4.05,1,0,0.0,122,6,4.92,493.85,24.29,0.49,24704,63.13
2020-07-23,Pennsylvania,Juniata,4.05,1,0,0.0,121,6,4.96,489.8,24.29,0.49,24704,63.13
2020-07-22,Pennsylvania,Juniata,0.0,0,0,0.0,120,6,5.0,485.75,24.29,0.49,24704,63.13
2020-07-21,Pennsylvania,Juniata,0.0,0,0,0.0,120,6,5.0,485.75,24.29,0.49,24704,63.13
2020-07-20,Pennsylvania,Juniata,8.1,2,0,0.0,120,6,5.0,485.75,24.29,0.49,24704,63.13
2020-07-19,Pennsylvania,Juniata,4.05,1,0,0.0,118,6,5.08,477.66,24.29,0.48,24704,63.13
2020-07-18,Pennsylvania,Juniata,0.0,0,0,0.0,117,6,5.13,473.61,24.29,0.47,24704,63.13
2020-07-17,Pennsylvania,Juniata,4.05,1,0,0.0,117,6,5.13,473.61,24.29,0.47,24704,63.13
2020-07-16,Pennsylvania,Juniata,0.0,0,0,0.0,116,6,5.17,469.56,24.29,0.47,24704,63.13
2020-07-15,Pennsylvania,Juniata,0.0,0,0,0.0,116,6,5.17,469.56,24.29,0.47,24704,63.13
2020-07-14,Pennsylvania,Juniata,0.0,0,0,0.0,116,6,5.17,469.56,24.29,0.47,24704,63.13
2020-07-13,Pennsylvania,Juniata,0.0,0,0,0.0,116,6,5.17,469.56,24.29,0.47,24704,63.13
2020-07-12,Pennsylvania,Juniata,0.0,0,0,0.0,116,6,5.17,469.56,24.29,0.47,24704,63.13
2020-07-11,Pennsylvania,Juniata,8.1,2,0,0.0,116,6,5.17,469.56,24.29,0.47,24704,63.13
2020-07-10,Pennsylvania,Juniata,0.0,0,0,0.0,114,6,5.26,461.46,24.29,0.46,24704,63.13
2020-07-09,Pennsylvania,Juniata,0.0,0,0,0.0,114,6,5.26,461.46,24.29,0.46,24704,63.13
2020-07-08,Pennsylvania,Juniata,0.0,0,0,0.0,114,6,5.26,461.46,24.29,0.46,24704,63.13
2020-07-07,Pennsylvania,Juniata,4.05,1,0,0.0,114,6,5.26,461.46,24.29,0.46,24704,63.13
2020-07-06,Pennsylvania,Juniata,0.0,0,0,0.0,113,6,5.31,457.42,24.29,0.46,24704,63.13
2020-07-05,Pennsylvania,Juniata,0.0,0,0,0.0,113,6,5.31,457.42,24.29,0.46,24704,63.13
2020-07-04,Pennsylvania,Juniata,0.0,0,0,0.0,113,6,5.31,457.42,24.29,0.46,24704,63.13
2020-07-03,Pennsylvania,Juniata,0.0,0,0,0.0,113,6,5.31,457.42,24.29,0.46,24704,63.13
2020-07-02,Pennsylvania,Juniata,8.1,2,0,0.0,113,6,5.31,457.42,24.29,0.46,24704,63.13
2020-07-01,Pennsylvania,Juniata,0.0,0,0,0.0,111,6,5.41,449.32,24.29,0.45,24704,63.13
2020-06-30,Pennsylvania,Juniata,0.0,0,1,4.05,111,6,5.41,449.32,24.29,0.45,24704,63.13
2020-06-29,Pennsylvania,Juniata,0.0,0,0,0.0,111,5,4.5,449.32,20.24,0.45,24704,63.13
2020-06-28,Pennsylvania,Juniata,0.0,0,0,0.0,111,5,4.5,449.32,20.24,0.45,24704,63.13
2020-06-27,Pennsylvania,Juniata,4.05,1,0,0.0,111,5,4.5,449.32,20.24,0.45,24704,63.13
2020-06-26,Pennsylvania,Juniata,4.05,1,0,0.0,110,5,4.55,445.27,20.24,0.45,24704,63.13
2020-06-25,Pennsylvania,Juniata,0.0,0,0,0.0,109,5,4.59,441.22,20.24,0.44,24704,63.13
2020-06-24,Pennsylvania,Juniata,4.05,1,0,0.0,109,5,4.59,441.22,20.24,0.44,24704,63.13
2020-06-23,Pennsylvania,Juniata,0.0,0,0,0.0,108,5,4.63,437.18,20.24,0.44,24704,63.13
2020-06-22,Pennsylvania,Juniata,0.0,0,0,0.0,108,5,4.63,437.18,20.24,0.44,24704,63.13
2020-06-21,Pennsylvania,Juniata,-4.05,-1,0,0.0,108,5,4.63,437.18,20.24,0.44,24704,63.13
2020-06-20,Pennsylvania,Juniata,0.0,0,0,0.0,109,5,4.59,441.22,20.24,0.44,24704,63.13
2020-06-19,Pennsylvania,Juniata,0.0,0,0,0.0,109,5,4.59,441.22,20.24,0.44,24704,63.13
2020-06-18,Pennsylvania,Juniata,4.05,1,0,0.0,109,5,4.59,441.22,20.24,0.44,24704,63.13
2020-06-17,Pennsylvania,Juniata,0.0,0,0,0.0,108,5,4.63,437.18,20.24,0.44,24704,63.13
2020-06-16,Pennsylvania,Juniata,0.0,0,0,0.0,108,5,4.63,437.18,20.24,0.44,24704,63.13
2020-06-15,Pennsylvania,Juniata,0.0,0,0,0.0,108,5,4.63,437.18,20.24,0.44,24704,63.13
2020-06-14,Pennsylvania,Juniata,4.05,1,0,0.0,108,5,4.63,437.18,20.24,0.44,24704,63.13
2020-06-13,Pennsylvania,Juniata,8.1,2,0,0.0,107,5,4.67,433.13,20.24,0.43,24704,63.13
2020-06-12,Pennsylvania,Juniata,0.0,0,0,0.0,105,5,4.76,425.03,20.24,0.43,24704,63.13
2020-06-11,Pennsylvania,Juniata,12.14,3,0,0.0,105,5,4.76,425.03,20.24,0.43,24704,63.13
2020-06-10,Pennsylvania,Juniata,4.05,1,0,0.0,102,5,4.9,412.89,20.24,0.41,24704,63.13
2020-06-09,Pennsylvania,Juniata,8.1,2,1,4.05,101,5,4.95,408.84,20.24,0.41,24704,63.13
2020-06-08,Pennsylvania,Juniata,8.1,2,0,0.0,99,4,4.04,400.74,16.19,0.4,24704,63.13
2020-06-07,Pennsylvania,Juniata,4.05,1,0,0.0,97,4,4.12,392.65,16.19,0.39,24704,63.13
2020-06-06,Pennsylvania,Juniata,4.05,1,0,0.0,96,4,4.17,388.6,16.19,0.39,24704,63.13
2020-06-05,Pennsylvania,Juniata,0.0,0,0,0.0,95,4,4.21,384.55,16.19,0.38,24704,63.13
2020-06-04,Pennsylvania,Juniata,0.0,0,0,0.0,95,4,4.21,384.55,16.19,0.38,24704,63.13
2020-06-03,Pennsylvania,Juniata,0.0,0,0,0.0,95,4,4.21,384.55,16.19,0.38,24704,63.13
2020-06-02,Pennsylvania,Juniata,0.0,0,0,0.0,95,4,4.21,384.55,16.19,0.38,24704,63.13
2020-06-01,Pennsylvania,Juniata,0.0,0,0,0.0,95,4,4.21,384.55,16.19,0.38,24704,63.13
2020-05-31,Pennsylvania,Juniata,0.0,0,0,0.0,95,4,4.21,384.55,16.19,0.38,24704,63.13
2020-05-30,Pennsylvania,Juniata,0.0,0,0,0.0,95,4,4.21,384.55,16.19,0.38,24704,63.13
2020-05-29,Pennsylvania,Juniata,0.0,0,0,0.0,95,4,4.21,384.55,16.19,0.38,24704,63.13
2020-05-28,Pennsylvania,Juniata,0.0,0,0,0.0,95,4,4.21,384.55,16.19,0.38,24704,63.13
2020-05-27,Pennsylvania,Juniata,0.0,0,0,0.0,95,4,4.21,384.55,16.19,0.38,24704,63.13
2020-05-26,Pennsylvania,Juniata,0.0,0,0,0.0,95,4,4.21,384.55,16.19,0.38,24704,63.13
2020-05-25,Pennsylvania,Juniata,0.0,0,0,0.0,95,4,4.21,384.55,16.19,0.38,24704,63.13
2020-05-24,Pennsylvania,Juniata,4.05,1,0,0.0,95,4,4.21,384.55,16.19,0.38,24704,63.13
2020-05-23,Pennsylvania,Juniata,0.0,0,0,0.0,94,4,4.26,380.51,16.19,0.38,24704,63.13
2020-05-22,Pennsylvania,Juniata,0.0,0,1,4.05,94,4,4.26,380.51,16.19,0.38,24704,63.13
2020-05-21,Pennsylvania,Juniata,0.0,0,1,4.05,94,3,3.19,380.51,12.14,0.38,24704,63.13
2020-05-20,Pennsylvania,Juniata,0.0,0,0,0.0,94,2,2.13,380.51,8.1,0.38,24704,63.13
2020-05-19,Pennsylvania,Juniata,0.0,0,0,0.0,94,2,2.13,380.51,8.1,0.38,24704,63.13
2020-05-18,Pennsylvania,Juniata,0.0,0,1,4.05,94,2,2.13,380.51,8.1,0.38,24704,63.13
2020-05-17,Pennsylvania,Juniata,0.0,0,0,0.0,94,1,1.06,380.51,4.05,0.38,24704,63.13
2020-05-16,Pennsylvania,Juniata,0.0,0,0,0.0,94,1,1.06,380.51,4.05,0.38,24704,63.13
2020-05-15,Pennsylvania,Juniata,0.0,0,0,0.0,94,1,1.06,380.51,4.05,0.38,24704,63.13
2020-05-14,Pennsylvania,Juniata,0.0,0,0,0.0,94,1,1.06,380.51,4.05,0.38,24704,63.13
2020-05-13,Pennsylvania,Juniata,0.0,0,0,0.0,94,1,1.06,380.51,4.05,0.38,24704,63.13
2020-05-12,Pennsylvania,Juniata,4.05,1,0,0.0,94,1,1.06,380.51,4.05,0.38,24704,63.13
2020-05-11,Pennsylvania,Juniata,0.0,0,0,0.0,93,1,1.08,376.46,4.05,0.38,24704,63.13
2020-05-10,Pennsylvania,Juniata,0.0,0,0,0.0,93,1,1.08,376.46,4.05,0.38,24704,63.13
2020-05-09,Pennsylvania,Juniata,0.0,0,0,0.0,93,1,1.08,376.46,4.05,0.38,24704,63.13
2020-05-08,Pennsylvania,Juniata,4.05,1,0,0.0,93,1,1.08,376.46,4.05,0.38,24704,63.13
2020-05-07,Pennsylvania,Juniata,24.29,6,0,0.0,92,1,1.09,372.41,4.05,0.37,24704,63.13
2020-05-06,Pennsylvania,Juniata,0.0,0,0,0.0,86,1,1.16,348.12,4.05,0.35,24704,63.13
2020-05-05,Pennsylvania,Juniata,0.0,0,0,0.0,86,1,1.16,348.12,4.05,0.35,24704,63.13
2020-05-04,Pennsylvania,Juniata,0.0,0,0,0.0,86,1,1.16,348.12,4.05,0.35,24704,63.13
2020-05-03,Pennsylvania,Juniata,8.1,2,0,0.0,86,1,1.16,348.12,4.05,0.35,24704,63.13
2020-05-02,Pennsylvania,Juniata,0.0,0,0,0.0,84,1,1.19,340.03,4.05,0.34,24704,63.13
2020-05-01,Pennsylvania,Juniata,4.05,1,0,0.0,84,1,1.19,340.03,4.05,0.34,24704,63.13
2020-04-30,Pennsylvania,Juniata,4.05,1,0,0.0,83,1,1.2,335.98,4.05,0.34,24704,63.13
2020-04-29,Pennsylvania,Juniata,4.05,1,1,4.05,82,1,1.22,331.93,4.05,0.33,24704,63.13
2020-04-28,Pennsylvania,Juniata,8.1,2,0,0.0,81,0,0.0,327.88,0.0,0.33,24704,63.13
2020-04-27,Pennsylvania,Juniata,4.05,1,0,0.0,79,0,0.0,319.79,0.0,0.32,24704,63.13
2020-04-26,Pennsylvania,Juniata,4.05,1,0,0.0,78,0,0.0,315.74,0.0,0.32,24704,63.13
2020-04-25,Pennsylvania,Juniata,0.0,0,0,0.0,77,0,0.0,311.69,0.0,0.31,24704,63.13
2020-04-24,Pennsylvania,Juniata,0.0,0,0,0.0,77,0,0.0,311.69,0.0,0.31,24704,63.13
2020-04-23,Pennsylvania,Juniata,16.19,4,0,0.0,77,0,0.0,311.69,0.0,0.31,24704,63.13
2020-04-22,Pennsylvania,Juniata,4.05,1,0,0.0,73,0,0.0,295.5,0.0,0.3,24704,63.13
2020-04-21,Pennsylvania,Juniata,0.0,0,0,0.0,72,0,0.0,291.45,0.0,0.29,24704,63.13
2020-04-20,Pennsylvania,Juniata,8.1,2,0,0.0,72,0,0.0,291.45,0.0,0.29,24704,63.13
2020-04-19,Pennsylvania,Juniata,16.19,4,0,0.0,70,0,0.0,283.35,0.0,0.28,24704,63.13
2020-04-18,Pennsylvania,Juniata,12.14,3,0,0.0,66,0,0.0,267.16,0.0,0.27,24704,63.13
2020-04-17,Pennsylvania,Juniata,28.34,7,0,0.0,63,0,0.0,255.02,0.0,0.26,24704,63.13
2020-04-16,Pennsylvania,Juniata,36.43,9,0,0.0,56,0,0.0,226.68,0.0,0.23,24704,63.13
2020-04-15,Pennsylvania,Juniata,16.19,4,0,0.0,47,0,0.0,190.25,0.0,0.19,24704,63.13
2020-04-14,Pennsylvania,Juniata,16.19,4,0,0.0,43,0,0.0,174.06,0.0,0.17,24704,63.13
2020-04-13,Pennsylvania,Juniata,4.05,1,0,0.0,39,0,0.0,157.87,0.0,0.16,24704,63.13
2020-04-12,Pennsylvania,Juniata,0.0,0,0,0.0,38,0,0.0,153.82,0.0,0.15,24704,63.13
2020-04-11,Pennsylvania,Juniata,32.38,8,0,0.0,38,0,0.0,153.82,0.0,0.15,24704,63.13
2020-04-10,Pennsylvania,Juniata,28.34,7,0,0.0,30,0,0.0,121.44,0.0,0.12,24704,63.13
2020-04-09,Pennsylvania,Juniata,20.24,5,0,0.0,23,0,0.0,93.1,0.0,0.09,24704,63.13
2020-04-08,Pennsylvania,Juniata,16.19,4,0,0.0,18,0,0.0,72.86,0.0,0.07,24704,63.13
2020-04-07,Pennsylvania,Juniata,12.14,3,0,0.0,14,0,0.0,56.67,0.0,0.06,24704,63.13
2020-04-06,Pennsylvania,Juniata,16.19,4,0,0.0,11,0,0.0,44.53,0.0,0.04,24704,63.13
2020-04-05,Pennsylvania,Juniata,0.0,0,0,0.0,7,0,0.0,28.34,0.0,0.03,24704,63.13
2020-04-04,Pennsylvania,Juniata,8.1,2,0,0.0,7,0,0.0,28.34,0.0,0.03,24704,63.13
2020-04-03,Pennsylvania,Juniata,8.1,2,0,0.0,5,0,0.0,20.24,0.0,0.02,24704,63.13
2020-04-02,Pennsylvania,Juniata,0.0,0,0,0.0,3,0,0.0,12.14,0.0,0.01,24704,63.13
2020-04-01,Pennsylvania,Juniata,0.0,0,0,0.0,3,0,0.0,12.14,0.0,0.01,24704,63.13
2020-03-31,Pennsylvania,Juniata,0.0,0,0,0.0,3,0,0.0,12.14,0.0,0.01,24704,63.13
2020-03-30,Pennsylvania,Juniata,8.1,2,0,0.0,3,0,0.0,12.14,0.0,0.01,24704,63.13
2020-03-29,Pennsylvania,Juniata,0.0,0,0,0.0,1,0,0.0,4.05,0.0,0.0,24704,63.13
2020-03-28,Pennsylvania,Juniata,0.0,0,0,0.0,1,0,0.0,4.05,0.0,0.0,24704,63.13
2020-03-27,Pennsylvania,Juniata,0.0,0,0,0.0,1,0,0.0,4.05,0.0,0.0,24704,63.13
2020-03-26,Pennsylvania,Juniata,0.0,0,0,0.0,1,0,0.0,4.05,0.0,0.0,24704,63.13
2020-03-25,Pennsylvania,Juniata,0.0,0,0,0.0,1,0,0.0,4.05,0.0,0.0,24704,63.13
2020-03-24,Pennsylvania,Juniata,0.0,0,0,0.0,1,0,0.0,4.05,0.0,0.0,24704,63.13
