date,state,county,new_cases_100k,new_cases,new_deaths,new_deaths_100k,total_cases,total_deaths,cfr%,total_cases_100k,total_deaths_100k,%infected,population,pop_density
2020-07-19,Florida,Holmes,87.28,17,0,0.0,303,1,0.33,1555.68,5.13,1.56,19477,40.67
2020-07-18,Florida,Holmes,56.48,11,0,0.0,286,1,0.35,1468.4,5.13,1.47,19477,40.67
2020-07-17,Florida,Holmes,51.34,10,0,0.0,275,1,0.36,1411.92,5.13,1.41,19477,40.67
2020-07-16,Florida,Holmes,35.94,7,0,0.0,265,1,0.38,1360.58,5.13,1.36,19477,40.67
2020-07-15,Florida,Holmes,123.22,24,0,0.0,258,1,0.39,1324.64,5.13,1.32,19477,40.67
2020-07-14,Florida,Holmes,25.67,5,0,0.0,234,1,0.43,1201.42,5.13,1.2,19477,40.67
2020-07-13,Florida,Holmes,10.27,2,0,0.0,229,1,0.44,1175.75,5.13,1.18,19477,40.67
2020-07-12,Florida,Holmes,10.27,2,1,5.13,227,1,0.44,1165.48,5.13,1.17,19477,40.67
2020-07-11,Florida,Holmes,10.27,2,0,0.0,225,0,0.0,1155.21,0.0,1.16,19477,40.67
2020-07-10,Florida,Holmes,56.48,11,0,0.0,223,0,0.0,1144.94,0.0,1.14,19477,40.67
2020-07-09,Florida,Holmes,25.67,5,0,0.0,212,0,0.0,1088.46,0.0,1.09,19477,40.67
2020-07-08,Florida,Holmes,30.81,6,0,0.0,207,0,0.0,1062.79,0.0,1.06,19477,40.67
2020-07-07,Florida,Holmes,10.27,2,0,0.0,201,0,0.0,1031.99,0.0,1.03,19477,40.67
2020-07-06,Florida,Holmes,0.0,0,0,0.0,199,0,0.0,1021.72,0.0,1.02,19477,40.67
2020-07-05,Florida,Holmes,20.54,4,0,0.0,199,0,0.0,1021.72,0.0,1.02,19477,40.67
2020-07-04,Florida,Holmes,-5.13,-1,0,0.0,195,0,0.0,1001.18,0.0,1.0,19477,40.67
2020-07-03,Florida,Holmes,25.67,5,0,0.0,196,0,0.0,1006.32,0.0,1.01,19477,40.67
2020-07-02,Florida,Holmes,51.34,10,0,0.0,191,0,0.0,980.64,0.0,0.98,19477,40.67
2020-07-01,Florida,Holmes,20.54,4,0,0.0,181,0,0.0,929.3,0.0,0.93,19477,40.67
2020-06-30,Florida,Holmes,82.15,16,0,0.0,177,0,0.0,908.76,0.0,0.91,19477,40.67
2020-06-29,Florida,Holmes,0.0,0,0,0.0,161,0,0.0,826.62,0.0,0.83,19477,40.67
2020-06-28,Florida,Holmes,0.0,0,0,0.0,161,0,0.0,826.62,0.0,0.83,19477,40.67
2020-06-27,Florida,Holmes,56.48,11,0,0.0,161,0,0.0,826.62,0.0,0.83,19477,40.67
2020-06-26,Florida,Holmes,15.4,3,0,0.0,150,0,0.0,770.14,0.0,0.77,19477,40.67
2020-06-25,Florida,Holmes,51.34,10,0,0.0,147,0,0.0,754.74,0.0,0.75,19477,40.67
2020-06-24,Florida,Holmes,82.15,16,0,0.0,137,0,0.0,703.39,0.0,0.7,19477,40.67
2020-06-23,Florida,Holmes,323.46,63,0,0.0,121,0,0.0,621.25,0.0,0.62,19477,40.67
2020-06-22,Florida,Holmes,56.48,11,0,0.0,58,0,0.0,297.79,0.0,0.3,19477,40.67
2020-06-21,Florida,Holmes,0.0,0,0,0.0,47,0,0.0,241.31,0.0,0.24,19477,40.67
2020-06-20,Florida,Holmes,10.27,2,0,0.0,47,0,0.0,241.31,0.0,0.24,19477,40.67
2020-06-19,Florida,Holmes,61.61,12,0,0.0,45,0,0.0,231.04,0.0,0.23,19477,40.67
2020-06-18,Florida,Holmes,5.13,1,0,0.0,33,0,0.0,169.43,0.0,0.17,19477,40.67
2020-06-17,Florida,Holmes,5.13,1,0,0.0,32,0,0.0,164.3,0.0,0.16,19477,40.67
2020-06-16,Florida,Holmes,0.0,0,0,0.0,31,0,0.0,159.16,0.0,0.16,19477,40.67
2020-06-15,Florida,Holmes,0.0,0,0,0.0,31,0,0.0,159.16,0.0,0.16,19477,40.67
2020-06-14,Florida,Holmes,0.0,0,0,0.0,31,0,0.0,159.16,0.0,0.16,19477,40.67
2020-06-13,Florida,Holmes,0.0,0,0,0.0,31,0,0.0,159.16,0.0,0.16,19477,40.67
2020-06-12,Florida,Holmes,0.0,0,0,0.0,31,0,0.0,159.16,0.0,0.16,19477,40.67
2020-06-11,Florida,Holmes,0.0,0,0,0.0,31,0,0.0,159.16,0.0,0.16,19477,40.67
2020-06-10,Florida,Holmes,5.13,1,0,0.0,31,0,0.0,159.16,0.0,0.16,19477,40.67
2020-06-09,Florida,Holmes,0.0,0,0,0.0,30,0,0.0,154.03,0.0,0.15,19477,40.67
2020-06-08,Florida,Holmes,0.0,0,0,0.0,30,0,0.0,154.03,0.0,0.15,19477,40.67
2020-06-07,Florida,Holmes,0.0,0,0,0.0,30,0,0.0,154.03,0.0,0.15,19477,40.67
2020-06-06,Florida,Holmes,0.0,0,0,0.0,30,0,0.0,154.03,0.0,0.15,19477,40.67
2020-06-05,Florida,Holmes,20.54,4,0,0.0,30,0,0.0,154.03,0.0,0.15,19477,40.67
2020-06-04,Florida,Holmes,10.27,2,0,0.0,26,0,0.0,133.49,0.0,0.13,19477,40.67
2020-06-03,Florida,Holmes,5.13,1,0,0.0,24,0,0.0,123.22,0.0,0.12,19477,40.67
2020-06-02,Florida,Holmes,20.54,4,0,0.0,23,0,0.0,118.09,0.0,0.12,19477,40.67
2020-06-01,Florida,Holmes,0.0,0,0,0.0,19,0,0.0,97.55,0.0,0.1,19477,40.67
2020-05-31,Florida,Holmes,0.0,0,0,0.0,19,0,0.0,97.55,0.0,0.1,19477,40.67
2020-05-30,Florida,Holmes,0.0,0,0,0.0,19,0,0.0,97.55,0.0,0.1,19477,40.67
2020-05-29,Florida,Holmes,5.13,1,0,0.0,19,0,0.0,97.55,0.0,0.1,19477,40.67
2020-05-28,Florida,Holmes,0.0,0,0,0.0,18,0,0.0,92.42,0.0,0.09,19477,40.67
2020-05-27,Florida,Holmes,0.0,0,0,0.0,18,0,0.0,92.42,0.0,0.09,19477,40.67
2020-05-26,Florida,Holmes,20.54,4,0,0.0,18,0,0.0,92.42,0.0,0.09,19477,40.67
2020-05-25,Florida,Holmes,0.0,0,0,0.0,14,0,0.0,71.88,0.0,0.07,19477,40.67
2020-05-24,Florida,Holmes,0.0,0,0,0.0,14,0,0.0,71.88,0.0,0.07,19477,40.67
2020-05-23,Florida,Holmes,-10.27,-2,0,0.0,14,0,0.0,71.88,0.0,0.07,19477,40.67
2020-05-22,Florida,Holmes,10.27,2,0,0.0,16,0,0.0,82.15,0.0,0.08,19477,40.67
2020-05-21,Florida,Holmes,15.4,3,0,0.0,14,0,0.0,71.88,0.0,0.07,19477,40.67
2020-05-20,Florida,Holmes,5.13,1,0,0.0,11,0,0.0,56.48,0.0,0.06,19477,40.67
2020-05-19,Florida,Holmes,-10.27,-2,0,0.0,10,0,0.0,51.34,0.0,0.05,19477,40.67
2020-05-18,Florida,Holmes,10.27,2,0,0.0,12,0,0.0,61.61,0.0,0.06,19477,40.67
2020-05-17,Florida,Holmes,0.0,0,0,0.0,10,0,0.0,51.34,0.0,0.05,19477,40.67
2020-05-16,Florida,Holmes,-5.13,-1,0,0.0,10,0,0.0,51.34,0.0,0.05,19477,40.67
2020-05-15,Florida,Holmes,5.13,1,0,0.0,11,0,0.0,56.48,0.0,0.06,19477,40.67
2020-05-14,Florida,Holmes,0.0,0,0,0.0,10,0,0.0,51.34,0.0,0.05,19477,40.67
2020-05-13,Florida,Holmes,0.0,0,0,0.0,10,0,0.0,51.34,0.0,0.05,19477,40.67
2020-05-12,Florida,Holmes,0.0,0,0,0.0,10,0,0.0,51.34,0.0,0.05,19477,40.67
2020-05-11,Florida,Holmes,0.0,0,0,0.0,10,0,0.0,51.34,0.0,0.05,19477,40.67
2020-05-10,Florida,Holmes,0.0,0,0,0.0,10,0,0.0,51.34,0.0,0.05,19477,40.67
2020-05-09,Florida,Holmes,0.0,0,0,0.0,10,0,0.0,51.34,0.0,0.05,19477,40.67
2020-05-08,Florida,Holmes,0.0,0,0,0.0,10,0,0.0,51.34,0.0,0.05,19477,40.67
2020-05-07,Florida,Holmes,0.0,0,0,0.0,10,0,0.0,51.34,0.0,0.05,19477,40.67
2020-05-06,Florida,Holmes,0.0,0,0,0.0,10,0,0.0,51.34,0.0,0.05,19477,40.67
2020-05-05,Florida,Holmes,0.0,0,0,0.0,10,0,0.0,51.34,0.0,0.05,19477,40.67
2020-05-04,Florida,Holmes,0.0,0,0,0.0,10,0,0.0,51.34,0.0,0.05,19477,40.67
2020-05-03,Florida,Holmes,0.0,0,0,0.0,10,0,0.0,51.34,0.0,0.05,19477,40.67
2020-05-02,Florida,Holmes,0.0,0,0,0.0,10,0,0.0,51.34,0.0,0.05,19477,40.67
2020-05-01,Florida,Holmes,0.0,0,0,0.0,10,0,0.0,51.34,0.0,0.05,19477,40.67
2020-04-30,Florida,Holmes,5.13,1,0,0.0,10,0,0.0,51.34,0.0,0.05,19477,40.67
2020-04-29,Florida,Holmes,0.0,0,0,0.0,9,0,0.0,46.21,0.0,0.05,19477,40.67
2020-04-28,Florida,Holmes,0.0,0,0,0.0,9,0,0.0,46.21,0.0,0.05,19477,40.67
2020-04-27,Florida,Holmes,0.0,0,0,0.0,9,0,0.0,46.21,0.0,0.05,19477,40.67
2020-04-26,Florida,Holmes,0.0,0,0,0.0,9,0,0.0,46.21,0.0,0.05,19477,40.67
2020-04-25,Florida,Holmes,0.0,0,0,0.0,9,0,0.0,46.21,0.0,0.05,19477,40.67
2020-04-24,Florida,Holmes,0.0,0,0,0.0,9,0,0.0,46.21,0.0,0.05,19477,40.67
2020-04-23,Florida,Holmes,5.13,1,0,0.0,9,0,0.0,46.21,0.0,0.05,19477,40.67
2020-04-22,Florida,Holmes,0.0,0,0,0.0,8,0,0.0,41.07,0.0,0.04,19477,40.67
2020-04-21,Florida,Holmes,10.27,2,0,0.0,8,0,0.0,41.07,0.0,0.04,19477,40.67
2020-04-20,Florida,Holmes,0.0,0,0,0.0,6,0,0.0,30.81,0.0,0.03,19477,40.67
2020-04-19,Florida,Holmes,5.13,1,0,0.0,6,0,0.0,30.81,0.0,0.03,19477,40.67
2020-04-18,Florida,Holmes,0.0,0,0,0.0,5,0,0.0,25.67,0.0,0.03,19477,40.67
2020-04-17,Florida,Holmes,5.13,1,0,0.0,5,0,0.0,25.67,0.0,0.03,19477,40.67
2020-04-16,Florida,Holmes,0.0,0,0,0.0,4,0,0.0,20.54,0.0,0.02,19477,40.67
2020-04-15,Florida,Holmes,0.0,0,0,0.0,4,0,0.0,20.54,0.0,0.02,19477,40.67
2020-04-14,Florida,Holmes,10.27,2,0,0.0,4,0,0.0,20.54,0.0,0.02,19477,40.67
2020-04-13,Florida,Holmes,0.0,0,0,0.0,2,0,0.0,10.27,0.0,0.01,19477,40.67
2020-04-12,Florida,Holmes,0.0,0,0,0.0,2,0,0.0,10.27,0.0,0.01,19477,40.67
2020-04-11,Florida,Holmes,0.0,0,0,0.0,2,0,0.0,10.27,0.0,0.01,19477,40.67
2020-04-10,Florida,Holmes,0.0,0,0,0.0,2,0,0.0,10.27,0.0,0.01,19477,40.67
2020-04-09,Florida,Holmes,0.0,0,0,0.0,2,0,0.0,10.27,0.0,0.01,19477,40.67
2020-04-08,Florida,Holmes,0.0,0,0,0.0,2,0,0.0,10.27,0.0,0.01,19477,40.67
2020-04-07,Florida,Holmes,5.13,1,0,0.0,2,0,0.0,10.27,0.0,0.01,19477,40.67
2020-04-06,Florida,Holmes,0.0,0,0,0.0,1,0,0.0,5.13,0.0,0.01,19477,40.67
2020-04-05,Florida,Holmes,0.0,0,0,0.0,1,0,0.0,5.13,0.0,0.01,19477,40.67
2020-04-04,Florida,Holmes,0.0,0,0,0.0,1,0,0.0,5.13,0.0,0.01,19477,40.67
2020-04-03,Florida,Holmes,0.0,0,0,0.0,1,0,0.0,5.13,0.0,0.01,19477,40.67
2020-04-02,Florida,Holmes,0.0,0,0,0.0,1,0,0.0,5.13,0.0,0.01,19477,40.67
2020-04-01,Florida,Holmes,0.0,0,0,0.0,1,0,0.0,5.13,0.0,0.01,19477,40.67
2020-03-31,Florida,Holmes,0.0,0,0,0.0,1,0,0.0,5.13,0.0,0.01,19477,40.67
2020-03-30,Florida,Holmes,0.0,0,0,0.0,1,0,0.0,5.13,0.0,0.01,19477,40.67
