date,state,county,new_cases_100k,new_cases,new_deaths,new_deaths_100k,total_cases,total_deaths,cfr%,total_cases_100k,total_deaths_100k,%infected,population,pop_density
2020-08-12,Florida,Polk,23.59,167,8,1.13,14812,334,2.25,2092.06,47.17,2.09,708009,393.96
2020-08-11,Florida,Polk,24.01,170,12,1.69,14645,326,2.23,2068.48,46.04,2.07,708009,393.96
2020-08-10,Florida,Polk,24.58,174,2,0.28,14475,314,2.17,2044.47,44.35,2.04,708009,393.96
2020-08-09,Florida,Polk,25.0,177,0,0.0,14301,312,2.18,2019.89,44.07,2.02,708009,393.96
2020-08-08,Florida,Polk,40.25,285,8,1.13,14124,312,2.21,1994.89,44.07,1.99,708009,393.96
2020-08-07,Florida,Polk,26.13,185,0,0.0,13839,304,2.2,1954.64,42.94,1.95,708009,393.96
2020-08-06,Florida,Polk,33.19,235,6,0.85,13654,304,2.23,1928.51,42.94,1.93,708009,393.96
2020-08-05,Florida,Polk,26.55,188,12,1.69,13419,298,2.22,1895.31,42.09,1.9,708009,393.96
2020-08-04,Florida,Polk,13.28,94,15,2.12,13231,286,2.16,1868.76,40.39,1.87,708009,393.96
2020-08-03,Florida,Polk,20.62,146,0,0.0,13137,271,2.06,1855.48,38.28,1.86,708009,393.96
2020-08-02,Florida,Polk,36.16,256,2,0.28,12991,271,2.09,1834.86,38.28,1.83,708009,393.96
2020-08-01,Florida,Polk,34.89,247,1,0.14,12735,269,2.11,1798.71,37.99,1.8,708009,393.96
2020-07-31,Florida,Polk,29.24,207,6,0.85,12488,268,2.15,1763.82,37.85,1.76,708009,393.96
2020-07-30,Florida,Polk,31.36,222,11,1.55,12281,262,2.13,1734.58,37.01,1.73,708009,393.96
2020-07-29,Florida,Polk,23.45,166,15,2.12,12059,251,2.08,1703.23,35.45,1.7,708009,393.96
2020-07-28,Florida,Polk,24.86,176,16,2.26,11893,236,1.98,1679.78,33.33,1.68,708009,393.96
2020-07-27,Florida,Polk,41.52,294,3,0.42,11717,220,1.88,1654.92,31.07,1.65,708009,393.96
2020-07-26,Florida,Polk,31.92,226,1,0.14,11423,217,1.9,1613.4,30.65,1.61,708009,393.96
2020-07-25,Florida,Polk,40.68,288,1,0.14,11197,216,1.93,1581.48,30.51,1.58,708009,393.96
2020-07-24,Florida,Polk,51.41,364,12,1.69,10909,215,1.97,1540.8,30.37,1.54,708009,393.96
2020-07-23,Florida,Polk,33.33,236,3,0.42,10545,203,1.93,1489.39,28.67,1.49,708009,393.96
2020-07-22,Florida,Polk,33.47,237,14,1.98,10309,200,1.94,1456.05,28.25,1.46,708009,393.96
2020-07-21,Florida,Polk,27.54,195,10,1.41,10072,186,1.85,1422.58,26.27,1.42,708009,393.96
2020-07-20,Florida,Polk,49.86,353,2,0.28,9877,176,1.78,1395.04,24.86,1.4,708009,393.96
2020-07-19,Florida,Polk,69.77,494,0,0.0,9524,174,1.83,1345.18,24.58,1.35,708009,393.96
2020-07-18,Florida,Polk,36.44,258,12,1.69,9030,174,1.93,1275.41,24.58,1.28,708009,393.96
2020-07-17,Florida,Polk,38.7,274,3,0.42,8772,162,1.85,1238.97,22.88,1.24,708009,393.96
2020-07-16,Florida,Polk,41.24,292,4,0.56,8498,159,1.87,1200.27,22.46,1.2,708009,393.96
2020-07-15,Florida,Polk,45.9,325,4,0.56,8206,155,1.89,1159.02,21.89,1.16,708009,393.96
2020-07-14,Florida,Polk,35.45,251,10,1.41,7881,151,1.92,1113.12,21.33,1.11,708009,393.96
2020-07-13,Florida,Polk,54.24,384,1,0.14,7630,141,1.85,1077.67,19.92,1.08,708009,393.96
2020-07-12,Florida,Polk,37.15,263,2,0.28,7246,140,1.93,1023.43,19.77,1.02,708009,393.96
2020-07-11,Florida,Polk,52.54,372,9,1.27,6983,138,1.98,986.29,19.49,0.99,708009,393.96
2020-07-10,Florida,Polk,57.2,405,2,0.28,6611,129,1.95,933.75,18.22,0.93,708009,393.96
2020-07-09,Florida,Polk,43.93,311,5,0.71,6206,127,2.05,876.54,17.94,0.88,708009,393.96
2020-07-08,Florida,Polk,32.49,230,7,0.99,5895,122,2.07,832.62,17.23,0.83,708009,393.96
2020-07-07,Florida,Polk,27.26,193,1,0.14,5665,115,2.03,800.13,16.24,0.8,708009,393.96
2020-07-06,Florida,Polk,38.98,276,9,1.27,5472,114,2.08,772.87,16.1,0.77,708009,393.96
2020-07-05,Florida,Polk,40.96,290,0,0.0,5196,105,2.02,733.89,14.83,0.73,708009,393.96
2020-07-04,Florida,Polk,34.75,246,0,0.0,4906,105,2.14,692.93,14.83,0.69,708009,393.96
2020-07-03,Florida,Polk,47.03,333,3,0.42,4660,105,2.25,658.18,14.83,0.66,708009,393.96
2020-07-02,Florida,Polk,39.41,279,0,0.0,4327,102,2.36,611.15,14.41,0.61,708009,393.96
2020-07-01,Florida,Polk,29.94,212,4,0.56,4048,102,2.52,571.74,14.41,0.57,708009,393.96
2020-06-30,Florida,Polk,21.75,154,5,0.71,3836,98,2.55,541.8,13.84,0.54,708009,393.96
2020-06-29,Florida,Polk,26.41,187,0,0.0,3682,93,2.53,520.05,13.14,0.52,708009,393.96
2020-06-28,Florida,Polk,44.21,313,1,0.14,3495,93,2.66,493.64,13.14,0.49,708009,393.96
2020-06-27,Florida,Polk,56.78,402,5,0.71,3182,92,2.89,449.43,12.99,0.45,708009,393.96
2020-06-26,Florida,Polk,29.52,209,3,0.42,2780,87,3.13,392.65,12.29,0.39,708009,393.96
2020-06-25,Florida,Polk,16.53,117,4,0.56,2571,84,3.27,363.13,11.86,0.36,708009,393.96
2020-06-24,Florida,Polk,24.72,175,2,0.28,2454,80,3.26,346.61,11.3,0.35,708009,393.96
2020-06-23,Florida,Polk,7.63,54,0,0.0,2279,78,3.42,321.89,11.02,0.32,708009,393.96
2020-06-22,Florida,Polk,25.85,183,0,0.0,2225,78,3.51,314.26,11.02,0.31,708009,393.96
2020-06-21,Florida,Polk,10.17,72,0,0.0,2042,78,3.82,288.41,11.02,0.29,708009,393.96
2020-06-20,Florida,Polk,16.1,114,1,0.14,1970,78,3.96,278.25,11.02,0.28,708009,393.96
2020-06-19,Florida,Polk,21.75,154,1,0.14,1856,77,4.15,262.14,10.88,0.26,708009,393.96
2020-06-18,Florida,Polk,9.6,68,1,0.14,1702,76,4.47,240.39,10.73,0.24,708009,393.96
2020-06-17,Florida,Polk,9.6,68,0,0.0,1634,75,4.59,230.79,10.59,0.23,708009,393.96
2020-06-16,Florida,Polk,8.05,57,0,0.0,1566,75,4.79,221.18,10.59,0.22,708009,393.96
2020-06-15,Florida,Polk,6.07,43,0,0.0,1509,75,4.97,213.13,10.59,0.21,708009,393.96
2020-06-14,Florida,Polk,7.34,52,0,0.0,1466,75,5.12,207.06,10.59,0.21,708009,393.96
2020-06-13,Florida,Polk,5.79,41,1,0.14,1414,75,5.3,199.71,10.59,0.2,708009,393.96
2020-06-12,Florida,Polk,6.78,48,1,0.14,1373,74,5.39,193.92,10.45,0.19,708009,393.96
2020-06-11,Florida,Polk,5.37,38,2,0.28,1325,73,5.51,187.14,10.31,0.19,708009,393.96
2020-06-10,Florida,Polk,6.21,44,1,0.14,1287,71,5.52,181.78,10.03,0.18,708009,393.96
2020-06-09,Florida,Polk,5.23,37,3,0.42,1243,70,5.63,175.56,9.89,0.18,708009,393.96
2020-06-08,Florida,Polk,3.95,28,0,0.0,1206,67,5.56,170.34,9.46,0.17,708009,393.96
2020-06-07,Florida,Polk,4.66,33,1,0.14,1178,67,5.69,166.38,9.46,0.17,708009,393.96
2020-06-06,Florida,Polk,2.54,18,2,0.28,1145,66,5.76,161.72,9.32,0.16,708009,393.96
2020-06-05,Florida,Polk,3.81,27,1,0.14,1127,64,5.68,159.18,9.04,0.16,708009,393.96
2020-06-04,Florida,Polk,3.67,26,3,0.42,1100,63,5.73,155.37,8.9,0.16,708009,393.96
2020-06-03,Florida,Polk,2.97,21,2,0.28,1074,60,5.59,151.69,8.47,0.15,708009,393.96
2020-06-02,Florida,Polk,2.12,15,1,0.14,1053,58,5.51,148.73,8.19,0.15,708009,393.96
2020-06-01,Florida,Polk,1.55,11,2,0.28,1038,57,5.49,146.61,8.05,0.15,708009,393.96
2020-05-31,Florida,Polk,3.11,22,0,0.0,1027,55,5.36,145.05,7.77,0.15,708009,393.96
2020-05-30,Florida,Polk,3.95,28,0,0.0,1005,55,5.47,141.95,7.77,0.14,708009,393.96
2020-05-29,Florida,Polk,5.37,38,1,0.14,977,55,5.63,137.99,7.77,0.14,708009,393.96
2020-05-28,Florida,Polk,4.52,32,0,0.0,939,54,5.75,132.63,7.63,0.13,708009,393.96
2020-05-27,Florida,Polk,2.26,16,4,0.56,907,54,5.95,128.11,7.63,0.13,708009,393.96
2020-05-26,Florida,Polk,1.84,13,1,0.14,891,50,5.61,125.85,7.06,0.13,708009,393.96
2020-05-25,Florida,Polk,1.27,9,0,0.0,878,49,5.58,124.01,6.92,0.12,708009,393.96
2020-05-24,Florida,Polk,2.26,16,0,0.0,869,49,5.64,122.74,6.92,0.12,708009,393.96
2020-05-23,Florida,Polk,1.84,13,0,0.0,853,49,5.74,120.48,6.92,0.12,708009,393.96
2020-05-22,Florida,Polk,2.54,18,3,0.42,840,49,5.83,118.64,6.92,0.12,708009,393.96
2020-05-21,Florida,Polk,5.08,36,1,0.14,822,46,5.6,116.1,6.5,0.12,708009,393.96
2020-05-20,Florida,Polk,2.82,20,0,0.0,786,45,5.73,111.02,6.36,0.11,708009,393.96
2020-05-19,Florida,Polk,2.82,20,2,0.28,766,45,5.87,108.19,6.36,0.11,708009,393.96
2020-05-18,Florida,Polk,1.41,10,1,0.14,746,43,5.76,105.37,6.07,0.11,708009,393.96
2020-05-17,Florida,Polk,1.98,14,1,0.14,736,42,5.71,103.95,5.93,0.1,708009,393.96
2020-05-16,Florida,Polk,0.85,6,1,0.14,722,41,5.68,101.98,5.79,0.1,708009,393.96
2020-05-15,Florida,Polk,2.54,18,3,0.42,716,40,5.59,101.13,5.65,0.1,708009,393.96
2020-05-14,Florida,Polk,1.55,11,1,0.14,698,37,5.3,98.59,5.23,0.1,708009,393.96
2020-05-13,Florida,Polk,1.69,12,1,0.14,687,36,5.24,97.03,5.08,0.1,708009,393.96
2020-05-12,Florida,Polk,2.82,20,2,0.28,675,35,5.19,95.34,4.94,0.1,708009,393.96
2020-05-11,Florida,Polk,2.68,19,0,0.0,655,33,5.04,92.51,4.66,0.09,708009,393.96
2020-05-10,Florida,Polk,1.84,13,0,0.0,636,33,5.19,89.83,4.66,0.09,708009,393.96
2020-05-09,Florida,Polk,3.11,22,2,0.28,623,33,5.3,87.99,4.66,0.09,708009,393.96
2020-05-08,Florida,Polk,0.99,7,1,0.14,601,31,5.16,84.89,4.38,0.08,708009,393.96
2020-05-07,Florida,Polk,4.24,30,0,0.0,594,30,5.05,83.9,4.24,0.08,708009,393.96
2020-05-06,Florida,Polk,2.4,17,2,0.28,564,30,5.32,79.66,4.24,0.08,708009,393.96
2020-05-05,Florida,Polk,1.55,11,2,0.28,547,28,5.12,77.26,3.95,0.08,708009,393.96
2020-05-04,Florida,Polk,1.84,13,0,0.0,536,26,4.85,75.71,3.67,0.08,708009,393.96
2020-05-03,Florida,Polk,1.27,9,0,0.0,523,26,4.97,73.87,3.67,0.07,708009,393.96
2020-05-02,Florida,Polk,1.98,14,2,0.28,514,26,5.06,72.6,3.67,0.07,708009,393.96
2020-05-01,Florida,Polk,2.4,17,1,0.14,500,24,4.8,70.62,3.39,0.07,708009,393.96
2020-04-30,Florida,Polk,2.12,15,1,0.14,483,23,4.76,68.22,3.25,0.07,708009,393.96
2020-04-29,Florida,Polk,1.55,11,2,0.28,468,22,4.7,66.1,3.11,0.07,708009,393.96
2020-04-28,Florida,Polk,2.26,16,2,0.28,457,20,4.38,64.55,2.82,0.06,708009,393.96
2020-04-27,Florida,Polk,4.38,31,0,0.0,441,18,4.08,62.29,2.54,0.06,708009,393.96
2020-04-26,Florida,Polk,1.41,10,0,0.0,410,18,4.39,57.91,2.54,0.06,708009,393.96
2020-04-25,Florida,Polk,0.99,7,0,0.0,400,18,4.5,56.5,2.54,0.06,708009,393.96
2020-04-24,Florida,Polk,1.98,14,1,0.14,393,18,4.58,55.51,2.54,0.06,708009,393.96
2020-04-23,Florida,Polk,2.54,18,2,0.28,379,17,4.49,53.53,2.4,0.05,708009,393.96
2020-04-22,Florida,Polk,0.71,5,0,0.0,361,15,4.16,50.99,2.12,0.05,708009,393.96
2020-04-21,Florida,Polk,2.97,21,1,0.14,356,15,4.21,50.28,2.12,0.05,708009,393.96
2020-04-20,Florida,Polk,1.27,9,2,0.28,335,14,4.18,47.32,1.98,0.05,708009,393.96
2020-04-19,Florida,Polk,0.85,6,0,0.0,326,12,3.68,46.04,1.69,0.05,708009,393.96
2020-04-18,Florida,Polk,0.56,4,0,0.0,320,12,3.75,45.2,1.69,0.05,708009,393.96
2020-04-17,Florida,Polk,1.69,12,1,0.14,316,12,3.8,44.63,1.69,0.04,708009,393.96
2020-04-16,Florida,Polk,2.4,17,1,0.14,304,11,3.62,42.94,1.55,0.04,708009,393.96
2020-04-15,Florida,Polk,1.13,8,0,0.0,287,10,3.48,40.54,1.41,0.04,708009,393.96
2020-04-14,Florida,Polk,1.27,9,1,0.14,279,10,3.58,39.41,1.41,0.04,708009,393.96
2020-04-13,Florida,Polk,2.26,16,1,0.14,270,9,3.33,38.14,1.27,0.04,708009,393.96
2020-04-12,Florida,Polk,1.41,10,0,0.0,254,8,3.15,35.88,1.13,0.04,708009,393.96
2020-04-11,Florida,Polk,0.42,3,0,0.0,244,8,3.28,34.46,1.13,0.03,708009,393.96
2020-04-10,Florida,Polk,0.99,7,1,0.14,241,8,3.32,34.04,1.13,0.03,708009,393.96
2020-04-09,Florida,Polk,3.95,28,1,0.14,234,7,2.99,33.05,0.99,0.03,708009,393.96
2020-04-08,Florida,Polk,0.99,7,1,0.14,206,6,2.91,29.1,0.85,0.03,708009,393.96
2020-04-07,Florida,Polk,2.68,19,0,0.0,199,5,2.51,28.11,0.71,0.03,708009,393.96
2020-04-06,Florida,Polk,3.25,23,1,0.14,180,5,2.78,25.42,0.71,0.03,708009,393.96
2020-04-05,Florida,Polk,2.12,15,0,0.0,157,4,2.55,22.17,0.56,0.02,708009,393.96
2020-04-04,Florida,Polk,2.26,16,1,0.14,142,4,2.82,20.06,0.56,0.02,708009,393.96
2020-04-03,Florida,Polk,3.25,23,1,0.14,126,3,2.38,17.8,0.42,0.02,708009,393.96
2020-04-02,Florida,Polk,1.69,12,1,0.14,103,2,1.94,14.55,0.28,0.01,708009,393.96
2020-04-01,Florida,Polk,2.54,18,0,0.0,91,1,1.1,12.85,0.14,0.01,708009,393.96
2020-03-31,Florida,Polk,1.41,10,1,0.14,73,1,1.37,10.31,0.14,0.01,708009,393.96
2020-03-30,Florida,Polk,2.4,17,0,0.0,63,0,0.0,8.9,0.0,0.01,708009,393.96
2020-03-29,Florida,Polk,1.27,9,0,0.0,46,0,0.0,6.5,0.0,0.01,708009,393.96
2020-03-28,Florida,Polk,1.27,9,0,0.0,37,0,0.0,5.23,0.0,0.01,708009,393.96
2020-03-27,Florida,Polk,1.13,8,0,0.0,28,0,0.0,3.95,0.0,0.0,708009,393.96
2020-03-26,Florida,Polk,0.71,5,0,0.0,20,0,0.0,2.82,0.0,0.0,708009,393.96
2020-03-25,Florida,Polk,0.28,2,0,0.0,15,0,0.0,2.12,0.0,0.0,708009,393.96
2020-03-24,Florida,Polk,0.0,0,0,0.0,13,0,0.0,1.84,0.0,0.0,708009,393.96
2020-03-23,Florida,Polk,0.28,2,0,0.0,13,0,0.0,1.84,0.0,0.0,708009,393.96
2020-03-22,Florida,Polk,0.14,1,0,0.0,11,0,0.0,1.55,0.0,0.0,708009,393.96
2020-03-21,Florida,Polk,0.14,1,0,0.0,10,0,0.0,1.41,0.0,0.0,708009,393.96
2020-03-20,Florida,Polk,0.71,5,0,0.0,9,0,0.0,1.27,0.0,0.0,708009,393.96
2020-03-19,Florida,Polk,0.28,2,0,0.0,4,0,0.0,0.56,0.0,0.0,708009,393.96
2020-03-18,Florida,Polk,0.14,1,0,0.0,2,0,0.0,0.28,0.0,0.0,708009,393.96
2020-03-17,Florida,Polk,0.0,0,0,0.0,1,0,0.0,0.14,0.0,0.0,708009,393.96
