date,state,city,1day_cases_100k,new_cases,new_deaths,new_deaths_100k,total_cases,total_deaths,cfr%,total_cases_100k,total_deaths_100k,%infected,population,7day_cases_100k,7day_cases_change,28day_cases_100k,28day_cases_change
2020-09-11,Bahia,Biritinga,0.0,0,0,0.0,73,0,0.0,456.85,0.0,0.46,15979,0.0,0.0,156.47,-68.84
2020-09-09,Bahia,Biritinga,0.0,0,0,0.0,73,0,0.0,456.85,0.0,0.46,15979,0.0,0.0,225.31,-12.52
2020-09-08,Bahia,Biritinga,0.0,0,0,0.0,73,0,0.0,456.85,0.0,0.46,15979,0.0,0.0,237.83,-6.26
2020-09-07,Bahia,Biritinga,0.0,0,0,0.0,73,0,0.0,456.85,0.0,0.46,15979,0.0,0.0,244.09,0.0
2020-09-06,Bahia,Biritinga,0.0,0,0,0.0,73,0,0.0,456.85,0.0,0.46,15979,0.0,-6.26,244.09,-12.52
2020-09-05,Bahia,Biritinga,0.0,0,0,0.0,73,0,0.0,456.85,0.0,0.46,15979,6.26,-6.26,256.61,-6.26
2020-09-04,Bahia,Biritinga,0.0,0,0,0.0,73,0,0.0,456.85,0.0,0.46,15979,12.52,0.0,262.87,-6.26
2020-09-03,Bahia,Biritinga,0.0,0,0,0.0,73,0,0.0,456.85,0.0,0.46,15979,12.52,-6.26,269.13,0.0
2020-09-02,Bahia,Biritinga,0.0,0,0,0.0,73,0,0.0,456.85,0.0,0.46,15979,18.78,-6.26,269.13,-6.26
2020-09-01,Bahia,Biritinga,0.0,0,0,0.0,73,0,0.0,456.85,0.0,0.46,15979,25.04,-12.52,275.39,0.0
2020-08-31,Bahia,Biritinga,0.0,0,0,0.0,73,0,0.0,456.85,0.0,0.46,15979,37.56,0.0,275.39,0.0
2020-08-30,Bahia,Biritinga,6.26,1,0,0.0,73,0,0.0,456.85,0.0,0.46,15979,37.56,6.26,275.39,-6.26
2020-08-29,Bahia,Biritinga,6.26,1,0,0.0,72,0,0.0,450.59,0.0,0.45,15979,31.3,6.26,281.65,6.26
2020-08-28,Bahia,Biritinga,0.0,0,0,0.0,71,0,0.0,444.33,0.0,0.44,15979,25.04,-6.26,275.39,0.0
2020-08-27,Bahia,Biritinga,6.26,1,0,0.0,71,0,0.0,444.33,0.0,0.44,15979,31.3,6.26,275.39,6.26
2020-08-26,Bahia,Biritinga,6.26,1,0,0.0,70,0,0.0,438.07,0.0,0.44,15979,25.04,-6.26,269.13,6.26
2020-08-25,Bahia,Biritinga,12.52,2,0,0.0,69,0,0.0,431.82,0.0,0.43,15979,31.3,12.52,262.87,12.52
2020-08-24,Bahia,Biritinga,0.0,0,0,0.0,67,0,0.0,419.3,0.0,0.42,15979,18.78,-12.52,250.35,-18.77
2020-08-23,Bahia,Biritinga,0.0,0,0,0.0,67,0,0.0,419.3,0.0,0.42,15979,31.3,0.0,269.12,-12.52
2020-08-22,Bahia,Biritinga,0.0,0,0,0.0,67,0,0.0,419.3,0.0,0.42,15979,31.3,0.0,281.64,-25.03
2020-08-21,Bahia,Biritinga,6.26,1,0,0.0,67,0,0.0,419.3,0.0,0.42,15979,31.3,-81.35,306.67,6.26
2020-08-20,Bahia,Biritinga,0.0,0,0,0.0,66,0,0.0,413.04,0.0,0.41,15979,112.65,-68.84,300.41,-6.26
2020-08-19,Bahia,Biritinga,12.52,2,0,0.0,66,0,0.0,413.04,0.0,0.41,15979,181.49,0.0,306.67,0.0
2020-08-18,Bahia,Biritinga,0.0,0,0,0.0,64,0,0.0,400.53,0.0,0.4,15979,181.49,-6.26,306.67,-6.26
2020-08-17,Bahia,Biritinga,12.52,2,0,0.0,64,0,0.0,400.53,0.0,0.4,15979,187.75,12.52,312.93,-6.25
2020-08-16,Bahia,Biritinga,0.0,0,0,0.0,62,0,0.0,388.01,0.0,0.39,15979,175.23,-12.52,319.18,0.0
2020-08-15,Bahia,Biritinga,0.0,0,0,0.0,62,0,0.0,388.01,0.0,0.39,15979,187.75,-6.26,319.18,0.0
2020-08-14,Bahia,Biritinga,87.61,14,0,0.0,62,0,0.0,388.01,0.0,0.39,15979,194.01,81.35,319.18,81.35
2020-08-12,Bahia,Biritinga,68.84,11,0,0.0,48,0,0.0,300.39,0.0,0.3,15979,112.66,68.84,237.83,62.58
2020-08-11,Bahia,Biritinga,12.52,2,0,0.0,37,0,0.0,231.55,0.0,0.23,15979,43.82,6.26,175.25,6.26
2020-08-10,Bahia,Biritinga,6.26,1,0,0.0,35,0,0.0,219.04,0.0,0.22,15979,37.56,6.26,168.99,-6.26
2020-08-09,Bahia,Biritinga,0.0,0,0,0.0,34,0,0.0,212.78,0.0,0.21,15979,31.3,0.0,175.25,-6.26
2020-08-08,Bahia,Biritinga,12.52,2,0,0.0,34,0,0.0,212.78,0.0,0.21,15979,31.3,0.0,181.51,6.26
2020-08-07,Bahia,Biritinga,6.26,1,0,0.0,32,0,0.0,200.26,0.0,0.2,15979,31.3,6.26,175.25,6.26
2020-08-06,Bahia,Biritinga,6.26,1,0,0.0,31,0,0.0,194.0,0.0,0.19,15979,25.04,6.26,168.99,-6.26
2020-08-05,Bahia,Biritinga,0.0,0,0,0.0,30,0,0.0,187.75,0.0,0.19,15979,18.78,0.0,175.25,0.0
2020-08-04,Bahia,Biritinga,6.26,1,0,0.0,30,0,0.0,187.75,0.0,0.19,15979,18.78,6.26,175.25,6.26
2020-08-03,Bahia,Biritinga,0.0,0,0,0.0,29,0,0.0,181.49,0.0,0.18,15979,12.52,0.0,168.99,0.0
2020-08-02,Bahia,Biritinga,0.0,0,0,0.0,29,0,0.0,181.49,0.0,0.18,15979,12.52,-18.77,168.99,-6.26
2020-08-01,Bahia,Biritinga,12.52,2,0,0.0,29,0,0.0,181.49,0.0,0.18,15979,31.29,0.0,175.25,12.52
2020-07-31,Bahia,Biritinga,0.0,0,0,0.0,27,0,0.0,168.97,0.0,0.17,15979,31.29,-25.03,162.73,0.0
2020-07-30,Bahia,Biritinga,0.0,0,0,0.0,27,0,0.0,168.97,0.0,0.17,15979,56.32,0.0,162.73,0.0
2020-07-29,Bahia,Biritinga,0.0,0,0,0.0,27,0,0.0,168.97,0.0,0.17,15979,56.32,-6.26,162.73,0.0
2020-07-28,Bahia,Biritinga,0.0,0,0,0.0,27,0,0.0,168.97,0.0,0.17,15979,62.58,-12.52,162.73,0.0
2020-07-27,Bahia,Biritinga,0.0,0,0,0.0,27,0,0.0,168.97,0.0,0.17,15979,75.1,-6.26,162.73,0.0
2020-07-26,Bahia,Biritinga,18.77,3,0,0.0,27,0,0.0,168.97,0.0,0.17,15979,81.36,0.0,162.73,18.77
2020-07-25,Bahia,Biritinga,12.52,2,0,0.0,24,0,0.0,150.2,0.0,0.15,15979,81.36,12.52,143.96,12.52
2020-07-24,Bahia,Biritinga,25.03,4,0,0.0,22,0,0.0,137.68,0.0,0.14,15979,68.84,25.03,131.44,25.03
2020-07-23,Bahia,Biritinga,0.0,0,0,0.0,18,0,0.0,112.65,0.0,0.11,15979,43.81,-6.26,106.41,0.0
2020-07-22,Bahia,Biritinga,6.26,1,0,0.0,18,0,0.0,112.65,0.0,0.11,15979,50.07,0.0,106.41,6.26
2020-07-21,Bahia,Biritinga,12.52,2,0,0.0,17,0,0.0,106.39,0.0,0.11,15979,50.07,6.26,100.15,12.52
2020-07-20,Bahia,Biritinga,6.26,1,0,0.0,15,0,0.0,93.87,0.0,0.09,15979,43.81,-6.26,87.63,6.26
2020-07-19,Bahia,Biritinga,18.77,3,0,0.0,14,0,0.0,87.61,0.0,0.09,15979,50.07,12.51,81.37,18.77
2020-07-18,Bahia,Biritinga,0.0,0,0,0.0,11,0,0.0,68.84,0.0,0.07,15979,37.56,-6.26,62.6,0.0
2020-07-17,Bahia,Biritinga,0.0,0,0,0.0,11,0,0.0,68.84,0.0,0.07,15979,43.82,0.0,62.6,0.0
2020-07-16,Bahia,Biritinga,6.26,1,0,0.0,11,0,0.0,68.84,0.0,0.07,15979,43.82,-6.26,62.6,6.26
2020-07-15,Bahia,Biritinga,6.26,1,0,0.0,10,0,0.0,62.58,0.0,0.06,15979,50.08,6.26,56.34,6.26
2020-07-14,Bahia,Biritinga,6.26,1,0,0.0,9,0,0.0,56.32,0.0,0.06,15979,43.82,6.26,50.08,6.26
2020-07-13,Bahia,Biritinga,12.52,2,0,0.0,8,0,0.0,50.07,0.0,0.05,15979,37.56,12.52,43.82,12.52
2020-07-12,Bahia,Biritinga,6.26,1,0,0.0,6,0,0.0,37.55,0.0,0.04,15979,25.04,0.0,31.3,0.0
2020-07-11,Bahia,Biritinga,6.26,1,0,0.0,5,0,0.0,31.29,0.0,0.03,15979,25.04,6.26,31.3,6.26
2020-07-10,Bahia,Biritinga,0.0,0,0,0.0,4,0,0.0,25.03,0.0,0.03,15979,18.78,0.0,25.04,0.0
2020-07-09,Bahia,Biritinga,12.52,2,0,0.0,4,0,0.0,25.03,0.0,0.03,15979,18.78,12.52,25.04,12.52
2020-07-08,Bahia,Biritinga,0.0,0,0,0.0,2,0,0.0,12.52,0.0,0.01,15979,6.26,0.0,12.52,0.0
2020-07-07,Bahia,Biritinga,0.0,0,0,0.0,2,0,0.0,12.52,0.0,0.01,15979,6.26,0.0,12.52,0.0
2020-07-06,Bahia,Biritinga,0.0,0,0,0.0,2,0,0.0,12.52,0.0,0.01,15979,6.26,0.0,12.52,0.0
2020-07-05,Bahia,Biritinga,6.26,1,0,0.0,2,0,0.0,12.52,0.0,0.01,15979,6.26,6.26,12.52,6.26
2020-07-04,Bahia,Biritinga,0.0,0,0,0.0,1,0,0.0,6.26,0.0,0.01,15979,0.0,0.0,6.26,0.0
2020-07-03,Bahia,Biritinga,0.0,0,0,0.0,1,0,0.0,6.26,0.0,0.01,15979,0.0,0.0,6.26,0.0
2020-07-02,Bahia,Biritinga,0.0,0,0,0.0,1,0,0.0,6.26,0.0,0.01,15979,0.0,0.0,6.26,0.0
2020-07-01,Bahia,Biritinga,0.0,0,0,0.0,1,0,0.0,6.26,0.0,0.01,15979,0.0,0.0,6.26,0.0
2020-06-30,Bahia,Biritinga,0.0,0,0,0.0,1,0,0.0,6.26,0.0,0.01,15979,0.0,0.0,6.26,0.0
2020-06-29,Bahia,Biritinga,0.0,0,0,0.0,1,0,0.0,6.26,0.0,0.01,15979,0.0,0.0,6.26,0.0
2020-06-28,Bahia,Biritinga,0.0,0,0,0.0,1,0,0.0,6.26,0.0,0.01,15979,0.0,0.0,6.26,0.0
2020-06-27,Bahia,Biritinga,0.0,0,0,0.0,1,0,0.0,6.26,0.0,0.01,15979,0.0,0.0,6.26,0.0
2020-06-26,Bahia,Biritinga,0.0,0,0,0.0,1,0,0.0,6.26,0.0,0.01,15979,0.0,0.0,6.26,0.0
2020-06-25,Bahia,Biritinga,0.0,0,0,0.0,1,0,0.0,6.26,0.0,0.01,15979,0.0,0.0,6.26,0.0
2020-06-24,Bahia,Biritinga,0.0,0,0,0.0,1,0,0.0,6.26,0.0,0.01,15979,0.0,0.0,6.26,0.0
2020-06-23,Bahia,Biritinga,0.0,0,0,0.0,1,0,0.0,6.26,0.0,0.01,15979,0.0,0.0,6.26,6.26
2020-06-22,Bahia,Biritinga,0.0,0,0,0.0,1,0,0.0,6.26,0.0,0.01,15979,0.0,0.0,0.0,6.26
2020-06-21,Bahia,Biritinga,0.0,0,0,0.0,1,0,0.0,6.26,0.0,0.01,15979,0.0,-6.26,-6.26,0.0
2020-06-20,Bahia,Biritinga,0.0,0,0,0.0,1,0,0.0,6.26,0.0,0.01,15979,6.26,0.0,-6.26,0.0
2020-06-19,Bahia,Biritinga,0.0,0,0,0.0,1,0,0.0,6.26,0.0,0.01,15979,6.26,0.0,-6.26,0.0
2020-06-18,Bahia,Biritinga,0.0,0,0,0.0,1,0,0.0,6.26,0.0,0.01,15979,6.26,0.0,-6.26,0.0
2020-06-17,Bahia,Biritinga,0.0,0,0,0.0,1,0,0.0,6.26,0.0,0.01,15979,6.26,0.0,-6.26,0.0
2020-06-16,Bahia,Biritinga,0.0,0,0,0.0,1,0,0.0,6.26,0.0,0.01,15979,6.26,0.0,-6.26,0.0
2020-06-15,Bahia,Biritinga,0.0,0,0,0.0,1,0,0.0,6.26,0.0,0.01,15979,6.26,0.0,-6.26,0.0
2020-06-14,Bahia,Biritinga,6.26,1,0,0.0,1,0,0.0,6.26,0.0,0.01,15979,6.26,6.26,-6.26,6.26
2020-06-13,Bahia,Biritinga,0.0,0,0,0.0,0,0,0.0,0.0,0.0,0.0,15979,0.0,0.0,-12.52,0.0
2020-06-12,Bahia,Biritinga,0.0,0,0,0.0,0,0,0.0,0.0,0.0,0.0,15979,0.0,0.0,-12.52,0.0
2020-06-11,Bahia,Biritinga,0.0,0,0,0.0,0,0,0.0,0.0,0.0,0.0,15979,0.0,0.0,-12.52,0.0
2020-06-10,Bahia,Biritinga,0.0,0,0,0.0,0,0,0.0,0.0,0.0,0.0,15979,0.0,0.0,-12.52,0.0
2020-06-09,Bahia,Biritinga,0.0,0,0,0.0,0,0,0.0,0.0,0.0,0.0,15979,0.0,0.0,-12.52,0.0
2020-06-07,Bahia,Biritinga,0.0,0,0,0.0,0,0,0.0,0.0,0.0,0.0,15979,0.0,0.0,-12.52,0.0
2020-06-06,Bahia,Biritinga,0.0,0,0,0.0,0,0,0.0,0.0,0.0,0.0,15979,0.0,0.0,-12.52,0.0
2020-06-05,Bahia,Biritinga,0.0,0,0,0.0,0,0,0.0,0.0,0.0,0.0,15979,0.0,0.0,-12.52,0.0
2020-06-04,Bahia,Biritinga,0.0,0,0,0.0,0,0,0.0,0.0,0.0,0.0,15979,0.0,0.0,-12.52,0.0
2020-06-03,Bahia,Biritinga,0.0,0,0,0.0,0,0,0.0,0.0,0.0,0.0,15979,0.0,0.0,-12.52,0.0
2020-06-02,Bahia,Biritinga,0.0,0,0,0.0,0,0,0.0,0.0,0.0,0.0,15979,0.0,0.0,-12.52,0.0
2020-06-01,Bahia,Biritinga,0.0,0,0,0.0,0,0,0.0,0.0,0.0,0.0,15979,0.0,6.26,-12.52,0.0
2020-05-31,Bahia,Biritinga,0.0,0,0,0.0,0,0,0.0,0.0,0.0,0.0,15979,-6.26,6.26,-12.52,0.0
2020-05-30,Bahia,Biritinga,0.0,0,0,0.0,0,0,0.0,0.0,0.0,0.0,15979,-12.52,0.0,-12.52,0.0
2020-05-29,Bahia,Biritinga,0.0,0,0,0.0,0,0,0.0,0.0,0.0,0.0,15979,-12.52,0.0,-12.52,0.0
2020-05-28,Bahia,Biritinga,0.0,0,0,0.0,0,0,0.0,0.0,0.0,0.0,15979,-12.52,0.0,-12.52,0.0
2020-05-27,Bahia,Biritinga,0.0,0,0,0.0,0,0,0.0,0.0,0.0,0.0,15979,-12.52,0.0,-12.52,0.0
2020-05-26,Bahia,Biritinga,0.0,0,0,0.0,0,0,0.0,0.0,0.0,0.0,15979,-12.52,0.0,-12.52,0.0
2020-05-25,Bahia,Biritinga,-6.26,-1,0,0.0,0,0,0.0,0.0,0.0,0.0,15979,-12.52,-6.26,-12.52,-6.26
2020-05-24,Bahia,Biritinga,-6.26,-1,0,0.0,1,0,0.0,6.26,0.0,0.01,15979,-6.26,-6.26,-6.26,-6.26
