date,state,city,1day_cases_100k,new_cases,new_deaths,new_deaths_100k,total_cases,total_deaths,cfr%,total_cases_100k,total_deaths_100k,%infected,population,7day_cases_100k,7day_cases_change,28day_cases_100k,28day_cases_change
2020-10-02,Bahia,Chorrochó,0.0,0,0,0.0,36,3,8.33,322.09,26.84,0.32,11177,0.0,0.0,53.67,0.0
2020-10-01,Bahia,Chorrochó,0.0,0,0,0.0,36,3,8.33,322.09,26.84,0.32,11177,0.0,-17.89,53.67,0.0
2020-09-30,Bahia,Chorrochó,0.0,0,0,0.0,36,3,8.33,322.09,26.84,0.32,11177,17.89,0.0,53.67,0.0
2020-09-29,Bahia,Chorrochó,0.0,0,0,0.0,36,3,8.33,322.09,26.84,0.32,11177,17.89,0.0,53.67,0.0
2020-09-28,Bahia,Chorrochó,0.0,0,0,0.0,36,3,8.33,322.09,26.84,0.32,11177,17.89,0.0,53.67,0.0
2020-09-27,Bahia,Chorrochó,0.0,0,0,0.0,36,3,8.33,322.09,26.84,0.32,11177,17.89,0.0,53.67,-8.95
2020-09-26,Bahia,Chorrochó,0.0,0,0,0.0,36,3,8.33,322.09,26.84,0.32,11177,17.89,0.0,62.62,-8.95
2020-09-25,Bahia,Chorrochó,0.0,0,0,0.0,36,3,8.33,322.09,26.84,0.32,11177,17.89,0.0,71.57,-44.73
2020-09-24,Bahia,Chorrochó,17.89,2,1,8.95,36,3,8.33,322.09,26.84,0.32,11177,17.89,17.89,116.3,17.89
2020-09-23,Bahia,Chorrochó,0.0,0,0,0.0,34,2,5.88,304.2,17.89,0.3,11177,0.0,0.0,98.41,0.0
2020-09-22,Bahia,Chorrochó,0.0,0,0,0.0,34,2,5.88,304.2,17.89,0.3,11177,0.0,0.0,98.41,0.0
2020-09-21,Bahia,Chorrochó,0.0,0,0,0.0,34,2,5.88,304.2,17.89,0.3,11177,0.0,-17.89,98.41,0.0
2020-09-20,Bahia,Chorrochó,0.0,0,0,0.0,34,2,5.88,304.2,17.89,0.3,11177,17.89,0.0,98.41,0.0
2020-09-19,Bahia,Chorrochó,0.0,0,0,0.0,34,2,5.88,304.2,17.89,0.3,11177,17.89,-17.89,98.41,0.0
2020-09-18,Bahia,Chorrochó,0.0,0,0,0.0,34,2,5.88,304.2,17.89,0.3,11177,35.78,0.0,98.41,0.0
2020-09-17,Bahia,Chorrochó,0.0,0,0,0.0,34,2,5.88,304.2,17.89,0.3,11177,35.78,0.0,98.41,-35.79
2020-09-16,Bahia,Chorrochó,0.0,0,0,0.0,34,2,5.88,304.2,17.89,0.3,11177,35.78,0.0,134.2,0.0
2020-09-15,Bahia,Chorrochó,0.0,0,0,0.0,34,2,5.88,304.2,17.89,0.3,11177,35.78,0.0,134.2,0.0
2020-09-14,Bahia,Chorrochó,17.89,2,0,0.0,34,2,5.88,304.2,17.89,0.3,11177,35.78,17.89,134.2,-17.9
2020-09-13,Bahia,Chorrochó,0.0,0,0,0.0,32,2,6.25,286.3,17.89,0.29,11177,17.89,0.0,152.1,-44.73
2020-09-11,Bahia,Chorrochó,17.89,2,0,0.0,32,2,6.25,286.3,17.89,0.29,11177,17.89,17.89,196.83,17.89
2020-09-09,Bahia,Chorrochó,0.0,0,0,0.0,30,2,6.67,268.41,17.89,0.27,11177,0.0,0.0,178.94,0.0
2020-09-08,Bahia,Chorrochó,0.0,0,0,0.0,30,2,6.67,268.41,17.89,0.27,11177,0.0,0.0,178.94,0.0
2020-09-07,Bahia,Chorrochó,0.0,0,0,0.0,30,2,6.67,268.41,17.89,0.27,11177,0.0,0.0,178.94,0.0
2020-09-06,Bahia,Chorrochó,0.0,0,0,0.0,30,2,6.67,268.41,17.89,0.27,11177,0.0,0.0,178.94,0.0
2020-09-05,Bahia,Chorrochó,0.0,0,0,0.0,30,2,6.67,268.41,17.89,0.27,11177,0.0,0.0,178.94,-8.95
2020-09-04,Bahia,Chorrochó,0.0,0,0,0.0,30,2,6.67,268.41,17.89,0.27,11177,0.0,-8.95,187.89,0.0
2020-09-03,Bahia,Chorrochó,0.0,0,0,0.0,30,2,6.67,268.41,17.89,0.27,11177,8.95,-8.95,187.89,0.0
2020-09-02,Bahia,Chorrochó,0.0,0,0,0.0,30,2,6.67,268.41,17.89,0.27,11177,17.9,-44.73,187.89,0.0
2020-09-01,Bahia,Chorrochó,0.0,0,0,0.0,30,2,6.67,268.41,17.89,0.27,11177,62.63,0.0,187.89,0.0
2020-08-31,Bahia,Chorrochó,0.0,0,1,8.95,30,2,6.67,268.41,17.89,0.27,11177,62.63,0.0,187.89,0.0
2020-08-30,Bahia,Chorrochó,0.0,0,1,8.95,30,1,3.33,268.41,8.95,0.27,11177,62.63,0.0,187.89,0.0
2020-08-29,Bahia,Chorrochó,0.0,0,0,0.0,30,0,0.0,268.41,0.0,0.27,11177,62.63,0.0,187.89,0.0
2020-08-28,Bahia,Chorrochó,8.95,1,0,0.0,30,0,0.0,268.41,0.0,0.27,11177,62.63,8.95,187.89,8.95
2020-08-27,Bahia,Chorrochó,8.95,1,0,0.0,29,0,0.0,259.46,0.0,0.26,11177,53.68,8.95,178.94,8.95
2020-08-26,Bahia,Chorrochó,44.73,5,0,0.0,28,0,0.0,250.51,0.0,0.25,11177,44.73,44.73,169.99,44.73
2020-08-25,Bahia,Chorrochó,0.0,0,0,0.0,23,0,0.0,205.78,0.0,0.21,11177,0.0,-35.79,125.26,-8.95
2020-08-24,Bahia,Chorrochó,0.0,0,0,0.0,23,0,0.0,205.78,0.0,0.21,11177,35.79,0.0,134.21,0.0
2020-08-23,Bahia,Chorrochó,0.0,0,0,0.0,23,0,0.0,205.78,0.0,0.21,11177,35.79,0.0,134.21,0.0
2020-08-22,Bahia,Chorrochó,0.0,0,0,0.0,23,0,0.0,205.78,0.0,0.21,11177,35.79,-35.79,134.21,0.0
2020-08-21,Bahia,Chorrochó,0.0,0,0,0.0,23,0,0.0,205.78,0.0,0.21,11177,71.58,-44.73,134.21,0.0
2020-08-20,Bahia,Chorrochó,0.0,0,0,0.0,23,0,0.0,205.78,0.0,0.21,11177,116.31,0.0,134.21,-8.95
2020-08-19,Bahia,Chorrochó,0.0,0,0,0.0,23,0,0.0,205.78,0.0,0.21,11177,116.31,0.0,143.16,0.0
2020-08-18,Bahia,Chorrochó,35.79,4,0,0.0,23,0,0.0,205.78,0.0,0.21,11177,116.31,35.79,143.16,35.79
2020-08-17,Bahia,Chorrochó,0.0,0,0,0.0,19,0,0.0,169.99,0.0,0.17,11177,80.52,0.0,107.37,0.0
2020-08-16,Bahia,Chorrochó,0.0,0,0,0.0,19,0,0.0,169.99,0.0,0.17,11177,80.52,0.0,107.37,0.0
2020-08-15,Bahia,Chorrochó,35.79,4,0,0.0,19,0,0.0,169.99,0.0,0.17,11177,80.52,26.84,107.37,35.79
2020-08-14,Bahia,Chorrochó,44.73,5,0,0.0,15,0,0.0,134.2,0.0,0.13,11177,53.68,44.73,71.58,35.78
2020-08-12,Bahia,Chorrochó,0.0,0,0,0.0,10,0,0.0,89.47,0.0,0.09,11177,8.95,0.0,35.8,-8.95
2020-08-11,Bahia,Chorrochó,0.0,0,0,0.0,10,0,0.0,89.47,0.0,0.09,11177,8.95,0.0,44.75,0.0
2020-08-10,Bahia,Chorrochó,0.0,0,0,0.0,10,0,0.0,89.47,0.0,0.09,11177,8.95,0.0,44.75,0.0
2020-08-09,Bahia,Chorrochó,0.0,0,0,0.0,10,0,0.0,89.47,0.0,0.09,11177,8.95,0.0,44.75,0.0
2020-08-08,Bahia,Chorrochó,0.0,0,0,0.0,10,0,0.0,89.47,0.0,0.09,11177,8.95,0.0,44.75,0.0
2020-08-07,Bahia,Chorrochó,8.95,1,0,0.0,10,0,0.0,89.47,0.0,0.09,11177,8.95,8.95,44.75,8.95
2020-08-06,Bahia,Chorrochó,0.0,0,0,0.0,9,0,0.0,80.52,0.0,0.08,11177,0.0,0.0,35.8,-17.89
2020-08-05,Bahia,Chorrochó,0.0,0,0,0.0,9,0,0.0,80.52,0.0,0.08,11177,0.0,0.0,53.69,-8.95
2020-08-04,Bahia,Chorrochó,0.0,0,0,0.0,9,0,0.0,80.52,0.0,0.08,11177,0.0,0.0,62.64,0.0
2020-08-03,Bahia,Chorrochó,0.0,0,0,0.0,9,0,0.0,80.52,0.0,0.08,11177,0.0,-8.95,62.64,0.0
2020-08-02,Bahia,Chorrochó,0.0,0,0,0.0,9,0,0.0,80.52,0.0,0.08,11177,8.95,0.0,62.64,-8.95
2020-08-01,Bahia,Chorrochó,0.0,0,0,0.0,9,0,0.0,80.52,0.0,0.08,11177,8.95,0.0,71.59,0.0
2020-07-31,Bahia,Chorrochó,0.0,0,0,0.0,9,0,0.0,80.52,0.0,0.08,11177,8.95,0.0,71.59,0.0
2020-07-30,Bahia,Chorrochó,0.0,0,0,0.0,9,0,0.0,80.52,0.0,0.08,11177,8.95,0.0,71.59,0.0
2020-07-29,Bahia,Chorrochó,0.0,0,0,0.0,9,0,0.0,80.52,0.0,0.08,11177,8.95,-8.95,71.59,0.0
2020-07-28,Bahia,Chorrochó,0.0,0,0,0.0,9,0,0.0,80.52,0.0,0.08,11177,17.9,0.0,71.59,0.0
2020-07-27,Bahia,Chorrochó,8.95,1,0,0.0,9,0,0.0,80.52,0.0,0.08,11177,17.9,8.95,71.59,8.95
2020-07-26,Bahia,Chorrochó,0.0,0,0,0.0,8,0,0.0,71.58,0.0,0.07,11177,8.95,0.0,62.64,0.0
2020-07-25,Bahia,Chorrochó,0.0,0,0,0.0,8,0,0.0,71.58,0.0,0.07,11177,8.95,0.0,62.64,17.89
2020-07-24,Bahia,Chorrochó,0.0,0,0,0.0,8,0,0.0,71.58,0.0,0.07,11177,8.95,0.0,44.75,-8.95
2020-07-23,Bahia,Chorrochó,0.0,0,0,0.0,8,0,0.0,71.58,0.0,0.07,11177,8.95,-8.95,53.7,0.0
2020-07-22,Bahia,Chorrochó,8.95,1,0,0.0,8,0,0.0,71.58,0.0,0.07,11177,17.9,0.0,53.7,8.95
2020-07-21,Bahia,Chorrochó,0.0,0,0,0.0,7,0,0.0,62.63,0.0,0.06,11177,17.9,0.0,44.75,0.0
2020-07-20,Bahia,Chorrochó,0.0,0,0,0.0,7,0,0.0,62.63,0.0,0.06,11177,17.9,0.0,44.75,0.0
2020-07-19,Bahia,Chorrochó,0.0,0,0,0.0,7,0,0.0,62.63,0.0,0.06,11177,17.9,0.0,44.75,0.0
2020-07-18,Bahia,Chorrochó,0.0,0,0,0.0,7,0,0.0,62.63,0.0,0.06,11177,17.9,0.0,44.75,0.0
2020-07-17,Bahia,Chorrochó,0.0,0,0,0.0,7,0,0.0,62.63,0.0,0.06,11177,17.9,0.0,44.75,0.0
2020-07-16,Bahia,Chorrochó,8.95,1,0,0.0,7,0,0.0,62.63,0.0,0.06,11177,17.9,-8.94,44.75,8.95
2020-07-15,Bahia,Chorrochó,8.95,1,0,0.0,6,0,0.0,53.68,0.0,0.05,11177,26.84,0.0,35.8,8.95
2020-07-14,Bahia,Chorrochó,0.0,0,0,0.0,5,0,0.0,44.73,0.0,0.04,11177,26.84,0.0,26.85,0.0
2020-07-13,Bahia,Chorrochó,0.0,0,0,0.0,5,0,0.0,44.73,0.0,0.04,11177,26.84,0.0,26.85,0.0
2020-07-12,Bahia,Chorrochó,0.0,0,0,0.0,5,0,0.0,44.73,0.0,0.04,11177,26.84,-8.95,26.85,0.0
2020-07-11,Bahia,Chorrochó,0.0,0,0,0.0,5,0,0.0,44.73,0.0,0.04,11177,35.79,0.0,26.85,0.0
2020-07-10,Bahia,Chorrochó,0.0,0,0,0.0,5,0,0.0,44.73,0.0,0.04,11177,35.79,0.0,26.85,0.0
2020-07-09,Bahia,Chorrochó,17.89,2,0,0.0,5,0,0.0,44.73,0.0,0.04,11177,35.79,17.89,26.85,17.89
2020-07-08,Bahia,Chorrochó,8.95,1,0,0.0,3,0,0.0,26.84,0.0,0.03,11177,17.9,8.95,8.96,8.95
2020-07-07,Bahia,Chorrochó,0.0,0,0,0.0,2,0,0.0,17.89,0.0,0.02,11177,8.95,0.0,0.01,-8.95
2020-07-06,Bahia,Chorrochó,0.0,0,0,0.0,2,0,0.0,17.89,0.0,0.02,11177,8.95,0.0,8.96,0.0
2020-07-05,Bahia,Chorrochó,8.95,1,0,0.0,2,0,0.0,17.89,0.0,0.02,11177,8.95,8.95,8.96,8.95
2020-07-04,Bahia,Chorrochó,0.0,0,0,0.0,1,0,0.0,8.95,0.0,0.01,11177,0.0,17.89,0.01,0.0
2020-07-03,Bahia,Chorrochó,0.0,0,0,0.0,1,0,0.0,8.95,0.0,0.01,11177,-17.89,-8.95,0.01,0.0
2020-07-02,Bahia,Chorrochó,0.0,0,0,0.0,1,0,0.0,8.95,0.0,0.01,11177,-8.94,0.0,0.01,0.0
2020-07-01,Bahia,Chorrochó,0.0,0,0,0.0,1,0,0.0,8.95,0.0,0.01,11177,-8.94,0.0,0.01,0.0
2020-06-30,Bahia,Chorrochó,0.0,0,0,0.0,1,0,0.0,8.95,0.0,0.01,11177,-8.94,0.0,0.01,0.0
2020-06-29,Bahia,Chorrochó,0.0,0,0,0.0,1,0,0.0,8.95,0.0,0.01,11177,-8.94,0.0,0.01,0.0
2020-06-28,Bahia,Chorrochó,0.0,0,0,0.0,1,0,0.0,8.95,0.0,0.01,11177,-8.94,0.0,0.01,0.0
2020-06-27,Bahia,Chorrochó,-17.89,-2,0,0.0,1,0,0.0,8.95,0.0,0.01,11177,-8.94,-17.89,0.01,-17.89
2020-06-26,Bahia,Chorrochó,8.95,1,0,0.0,3,0,0.0,26.84,0.0,0.03,11177,8.95,8.95,17.9,8.95
2020-06-25,Bahia,Chorrochó,0.0,0,0,0.0,2,0,0.0,17.89,0.0,0.02,11177,0.0,0.0,8.95,0.0
2020-06-24,Bahia,Chorrochó,0.0,0,0,0.0,2,0,0.0,17.89,0.0,0.02,11177,0.0,0.0,8.95,0.0
2020-06-23,Bahia,Chorrochó,0.0,0,0,0.0,2,0,0.0,17.89,0.0,0.02,11177,0.0,0.0,8.95,0.0
2020-06-22,Bahia,Chorrochó,0.0,0,0,0.0,2,0,0.0,17.89,0.0,0.02,11177,0.0,0.0,8.95,0.0
2020-06-21,Bahia,Chorrochó,0.0,0,0,0.0,2,0,0.0,17.89,0.0,0.02,11177,0.0,0.0,8.95,0.0
2020-06-20,Bahia,Chorrochó,0.0,0,0,0.0,2,0,0.0,17.89,0.0,0.02,11177,0.0,0.0,8.95,0.0
2020-06-19,Bahia,Chorrochó,0.0,0,0,0.0,2,0,0.0,17.89,0.0,0.02,11177,0.0,0.0,8.95,0.0
2020-06-18,Bahia,Chorrochó,0.0,0,0,0.0,2,0,0.0,17.89,0.0,0.02,11177,0.0,0.0,8.95,0.0
2020-06-17,Bahia,Chorrochó,0.0,0,0,0.0,2,0,0.0,17.89,0.0,0.02,11177,0.0,0.0,8.95,0.0
2020-06-16,Bahia,Chorrochó,0.0,0,0,0.0,2,0,0.0,17.89,0.0,0.02,11177,0.0,-8.95,8.95,0.0
2020-06-15,Bahia,Chorrochó,0.0,0,0,0.0,2,0,0.0,17.89,0.0,0.02,11177,8.95,0.0,8.95,0.0
2020-06-14,Bahia,Chorrochó,0.0,0,0,0.0,2,0,0.0,17.89,0.0,0.02,11177,8.95,0.0,8.95,0.0
2020-06-13,Bahia,Chorrochó,0.0,0,0,0.0,2,0,0.0,17.89,0.0,0.02,11177,8.95,0.0,8.95,0.0
2020-06-12,Bahia,Chorrochó,0.0,0,0,0.0,2,0,0.0,17.89,0.0,0.02,11177,8.95,0.0,8.95,0.0
2020-06-11,Bahia,Chorrochó,0.0,0,0,0.0,2,0,0.0,17.89,0.0,0.02,11177,8.95,0.0,8.95,0.0
2020-06-10,Bahia,Chorrochó,0.0,0,0,0.0,2,0,0.0,17.89,0.0,0.02,11177,8.95,0.0,8.95,0.0
2020-06-09,Bahia,Chorrochó,8.95,1,0,0.0,2,0,0.0,17.89,0.0,0.02,11177,8.95,8.95,8.95,8.95
2020-06-07,Bahia,Chorrochó,0.0,0,0,0.0,1,0,0.0,8.95,0.0,0.01,11177,0.0,0.0,0.0,0.0
2020-06-06,Bahia,Chorrochó,0.0,0,0,0.0,1,0,0.0,8.95,0.0,0.01,11177,0.0,0.0,0.0,0.0
2020-06-05,Bahia,Chorrochó,0.0,0,0,0.0,1,0,0.0,8.95,0.0,0.01,11177,0.0,0.0,0.0,0.0
