date,state,city,1day_cases_100k,new_cases,new_deaths,new_deaths_100k,total_cases,total_deaths,cfr%,total_cases_100k,total_deaths_100k,%infected,population,7day_cases_100k,7day_cases_change,28day_cases_100k,28day_cases_change
2020-08-25,Bahia,Cristópolis,43.13,6,0,0.0,81,0,0.0,582.31,0.0,0.58,13910,93.46,43.13,258.82,43.13
2020-08-24,Bahia,Cristópolis,7.19,1,0,0.0,75,0,0.0,539.18,0.0,0.54,13910,50.33,7.19,215.69,7.19
2020-08-23,Bahia,Cristópolis,7.19,1,0,0.0,74,0,0.0,531.99,0.0,0.53,13910,43.14,7.19,208.5,7.19
2020-08-20,Bahia,Cristópolis,7.19,1,0,0.0,73,0,0.0,524.8,0.0,0.52,13910,35.95,-14.38,201.31,7.19
2020-08-19,Bahia,Cristópolis,28.76,4,0,0.0,72,0,0.0,517.61,0.0,0.52,13910,50.33,-14.37,194.12,28.76
2020-08-18,Bahia,Cristópolis,0.0,0,0,0.0,68,0,0.0,488.86,0.0,0.49,13910,64.7,0.0,165.36,0.0
2020-08-17,Bahia,Cristópolis,0.0,0,0,0.0,68,0,0.0,488.86,0.0,0.49,13910,64.7,0.0,165.36,-7.19
2020-08-16,Bahia,Cristópolis,0.0,0,0,0.0,68,0,0.0,488.86,0.0,0.49,13910,64.7,-14.38,172.55,0.0
2020-08-15,Bahia,Cristópolis,0.0,0,0,0.0,68,0,0.0,488.86,0.0,0.49,13910,79.08,-21.57,172.55,-7.19
2020-08-14,Bahia,Cristópolis,0.0,0,0,0.0,68,0,0.0,488.86,0.0,0.49,13910,100.65,-7.19,179.74,0.0
2020-08-12,Bahia,Cristópolis,21.57,3,0,0.0,68,0,0.0,488.86,0.0,0.49,13910,107.84,21.57,179.74,14.38
2020-08-11,Bahia,Cristópolis,43.13,6,0,0.0,65,0,0.0,467.29,0.0,0.47,13910,86.27,21.56,165.36,7.18
2020-08-10,Bahia,Cristópolis,0.0,0,0,0.0,59,0,0.0,424.16,0.0,0.42,13910,64.71,0.0,158.18,-14.38
2020-08-09,Bahia,Cristópolis,0.0,0,0,0.0,59,0,0.0,424.16,0.0,0.42,13910,64.71,-7.19,172.56,0.0
2020-08-08,Bahia,Cristópolis,14.38,2,0,0.0,59,0,0.0,424.16,0.0,0.42,13910,71.9,14.38,172.56,14.38
2020-08-07,Bahia,Cristópolis,21.57,3,0,0.0,57,0,0.0,409.78,0.0,0.41,13910,57.52,0.0,158.18,14.38
2020-08-06,Bahia,Cristópolis,7.19,1,0,0.0,54,0,0.0,388.21,0.0,0.39,13910,57.52,7.19,143.8,7.19
2020-08-05,Bahia,Cristópolis,0.0,0,0,0.0,53,0,0.0,381.02,0.0,0.38,13910,50.33,-7.19,136.61,-7.19
2020-08-04,Bahia,Cristópolis,21.57,3,0,0.0,53,0,0.0,381.02,0.0,0.38,13910,57.52,21.57,143.8,7.19
2020-08-03,Bahia,Cristópolis,0.0,0,0,0.0,50,0,0.0,359.45,0.0,0.36,13910,35.95,0.0,136.61,0.0
2020-08-02,Bahia,Cristópolis,7.19,1,0,0.0,50,0,0.0,359.45,0.0,0.36,13910,35.95,7.19,136.61,7.19
2020-08-01,Bahia,Cristópolis,0.0,0,0,0.0,49,0,0.0,352.26,0.0,0.35,13910,28.76,0.0,129.42,0.0
2020-07-31,Bahia,Cristópolis,21.57,3,0,0.0,49,0,0.0,352.26,0.0,0.35,13910,28.76,21.57,129.42,21.57
2020-07-30,Bahia,Cristópolis,0.0,0,0,0.0,46,0,0.0,330.7,0.0,0.33,13910,7.19,0.0,107.85,-28.76
2020-07-29,Bahia,Cristópolis,7.19,1,0,0.0,46,0,0.0,330.7,0.0,0.33,13910,7.19,7.19,136.61,-7.19
2020-07-28,Bahia,Cristópolis,0.0,0,0,0.0,45,0,0.0,323.51,0.0,0.32,13910,-0.0,0.0,143.8,-28.76
2020-07-27,Bahia,Cristópolis,0.0,0,0,0.0,45,0,0.0,323.51,0.0,0.32,13910,-0.0,0.0,172.56,0.0
2020-07-26,Bahia,Cristópolis,0.0,0,0,0.0,45,0,0.0,323.51,0.0,0.32,13910,-0.0,-7.19,172.56,0.0
2020-07-25,Bahia,Cristópolis,0.0,0,0,0.0,45,0,0.0,323.51,0.0,0.32,13910,7.19,0.0,172.56,-28.76
2020-07-24,Bahia,Cristópolis,0.0,0,0,0.0,45,0,0.0,323.51,0.0,0.32,13910,7.19,-7.19,201.32,0.0
2020-07-23,Bahia,Cristópolis,0.0,0,0,0.0,45,0,0.0,323.51,0.0,0.32,13910,14.38,0.0,201.32,-7.19
2020-07-22,Bahia,Cristópolis,0.0,0,0,0.0,45,0,0.0,323.51,0.0,0.32,13910,14.38,-7.19,208.51,-64.7
2020-07-21,Bahia,Cristópolis,0.0,0,0,0.0,45,0,0.0,323.51,0.0,0.32,13910,21.57,-35.95,273.21,0.0
2020-07-20,Bahia,Cristópolis,0.0,0,0,0.0,45,0,0.0,323.51,0.0,0.32,13910,57.52,-14.38,273.21,0.0
2020-07-19,Bahia,Cristópolis,7.19,1,0,0.0,45,0,0.0,323.51,0.0,0.32,13910,71.9,7.19,273.21,7.19
2020-07-18,Bahia,Cristópolis,0.0,0,0,0.0,44,0,0.0,316.32,0.0,0.32,13910,64.71,0.0,266.02,-7.19
2020-07-17,Bahia,Cristópolis,7.19,1,0,0.0,44,0,0.0,316.32,0.0,0.32,13910,64.71,0.0,273.21,7.19
2020-07-16,Bahia,Cristópolis,0.0,0,0,0.0,43,0,0.0,309.13,0.0,0.31,13910,64.71,0.0,266.02,0.0
2020-07-15,Bahia,Cristópolis,7.19,1,0,0.0,43,0,0.0,309.13,0.0,0.31,13910,64.71,0.0,266.02,7.19
2020-07-14,Bahia,Cristópolis,35.95,5,0,0.0,42,0,0.0,301.94,0.0,0.3,13910,64.71,21.57,258.83,35.95
2020-07-13,Bahia,Cristópolis,14.38,2,0,0.0,37,0,0.0,266.0,0.0,0.27,13910,43.14,14.38,222.88,14.38
2020-07-12,Bahia,Cristópolis,0.0,0,0,0.0,35,0,0.0,251.62,0.0,0.25,13910,28.76,0.0,208.5,0.0
2020-07-11,Bahia,Cristópolis,0.0,0,0,0.0,35,0,0.0,251.62,0.0,0.25,13910,28.76,0.0,208.5,0.0
2020-07-10,Bahia,Cristópolis,7.19,1,0,0.0,35,0,0.0,251.62,0.0,0.25,13910,28.76,7.19,208.5,7.19
2020-07-09,Bahia,Cristópolis,0.0,0,0,0.0,34,0,0.0,244.43,0.0,0.24,13910,21.57,-28.76,201.31,0.0
2020-07-08,Bahia,Cristópolis,7.19,1,0,0.0,34,0,0.0,244.43,0.0,0.24,13910,50.33,-7.19,201.31,7.19
2020-07-07,Bahia,Cristópolis,14.38,2,0,0.0,33,0,0.0,237.24,0.0,0.24,13910,57.52,-14.38,194.12,14.38
2020-07-06,Bahia,Cristópolis,0.0,0,0,0.0,31,0,0.0,222.86,0.0,0.22,13910,71.9,0.0,179.74,0.0
2020-07-05,Bahia,Cristópolis,0.0,0,0,0.0,31,0,0.0,222.86,0.0,0.22,13910,71.9,0.0,179.74,7.19
2020-07-04,Bahia,Cristópolis,0.0,0,0,0.0,31,0,0.0,222.86,0.0,0.22,13910,71.9,-28.76,172.55,-21.57
2020-07-03,Bahia,Cristópolis,0.0,0,0,0.0,31,0,0.0,222.86,0.0,0.22,13910,100.66,0.0,194.12,0.0
2020-07-02,Bahia,Cristópolis,28.76,4,0,0.0,31,0,0.0,222.86,0.0,0.22,13910,100.66,21.57,194.12,28.76
2020-07-01,Bahia,Cristópolis,14.38,2,0,0.0,27,0,0.0,194.1,0.0,0.19,13910,79.09,-50.32,165.36,14.38
2020-06-30,Bahia,Cristópolis,28.76,4,0,0.0,25,0,0.0,179.73,0.0,0.18,13910,129.41,28.76,150.98,28.76
2020-06-29,Bahia,Cristópolis,0.0,0,0,0.0,21,0,0.0,150.97,0.0,0.15,13910,100.65,0.0,122.22,0.0
2020-06-28,Bahia,Cristópolis,0.0,0,0,0.0,21,0,0.0,150.97,0.0,0.15,13910,100.65,0.0,122.22,0.0
2020-06-27,Bahia,Cristópolis,28.76,4,0,0.0,21,0,0.0,150.97,0.0,0.15,13910,100.65,21.57,122.22,28.76
2020-06-26,Bahia,Cristópolis,0.0,0,0,0.0,17,0,0.0,122.21,0.0,0.12,13910,79.08,0.0,93.46,0.0
2020-06-25,Bahia,Cristópolis,7.19,1,0,0.0,17,0,0.0,122.21,0.0,0.12,13910,79.08,7.19,93.46,7.19
2020-06-24,Bahia,Cristópolis,64.7,9,0,0.0,16,0,0.0,115.03,0.0,0.12,13910,71.89,64.7,86.27,57.51
2020-06-23,Bahia,Cristópolis,0.0,0,0,0.0,7,0,0.0,50.32,0.0,0.05,13910,7.19,0.0,28.76,0.0
2020-06-22,Bahia,Cristópolis,0.0,0,0,0.0,7,0,0.0,50.32,0.0,0.05,13910,7.19,0.0,28.76,0.0
2020-06-21,Bahia,Cristópolis,0.0,0,0,0.0,7,0,0.0,50.32,0.0,0.05,13910,7.19,0.0,28.76,0.0
2020-06-20,Bahia,Cristópolis,7.19,1,0,0.0,7,0,0.0,50.32,0.0,0.05,13910,7.19,7.19,28.76,7.19
2020-06-19,Bahia,Cristópolis,0.0,0,0,0.0,6,0,0.0,43.13,0.0,0.04,13910,-0.0,0.0,21.57,0.0
2020-06-18,Bahia,Cristópolis,0.0,0,0,0.0,6,0,0.0,43.13,0.0,0.04,13910,-0.0,0.0,21.57,0.0
2020-06-17,Bahia,Cristópolis,0.0,0,0,0.0,6,0,0.0,43.13,0.0,0.04,13910,-0.0,0.0,21.57,-7.19
2020-06-16,Bahia,Cristópolis,0.0,0,0,0.0,6,0,0.0,43.13,0.0,0.04,13910,-0.0,0.0,28.76,0.0
2020-06-15,Bahia,Cristópolis,0.0,0,0,0.0,6,0,0.0,43.13,0.0,0.04,13910,-0.0,0.0,28.76,0.0
2020-06-14,Bahia,Cristópolis,0.0,0,0,0.0,6,0,0.0,43.13,0.0,0.04,13910,-0.0,7.19,28.76,0.0
2020-06-13,Bahia,Cristópolis,0.0,0,0,0.0,6,0,0.0,43.13,0.0,0.04,13910,-7.19,-21.57,28.76,0.0
2020-06-12,Bahia,Cristópolis,0.0,0,0,0.0,6,0,0.0,43.13,0.0,0.04,13910,14.38,0.0,28.76,0.0
2020-06-11,Bahia,Cristópolis,0.0,0,0,0.0,6,0,0.0,43.13,0.0,0.04,13910,14.38,0.0,28.76,0.0
2020-06-10,Bahia,Cristópolis,0.0,0,0,0.0,6,0,0.0,43.13,0.0,0.04,13910,14.38,0.0,28.76,0.0
2020-06-09,Bahia,Cristópolis,0.0,0,0,0.0,6,0,0.0,43.13,0.0,0.04,13910,14.38,0.0,28.76,0.0
2020-06-07,Bahia,Cristópolis,0.0,0,0,0.0,6,0,0.0,43.13,0.0,0.04,13910,14.38,0.0,28.76,0.0
2020-06-06,Bahia,Cristópolis,-7.19,-1,0,0.0,6,0,0.0,43.13,0.0,0.04,13910,14.38,-7.19,28.76,-7.19
2020-06-05,Bahia,Cristópolis,21.57,3,0,0.0,7,0,0.0,50.32,0.0,0.05,13910,21.57,21.57,35.95,21.57
2020-06-04,Bahia,Cristópolis,0.0,0,0,0.0,4,0,0.0,28.76,0.0,0.03,13910,0.0,0.0,14.38,0.0
2020-06-03,Bahia,Cristópolis,0.0,0,0,0.0,4,0,0.0,28.76,0.0,0.03,13910,0.0,0.0,14.38,0.0
2020-06-02,Bahia,Cristópolis,0.0,0,0,0.0,4,0,0.0,28.76,0.0,0.03,13910,0.0,-7.19,14.38,0.0
2020-06-01,Bahia,Cristópolis,0.0,0,0,0.0,4,0,0.0,28.76,0.0,0.03,13910,7.19,0.0,14.38,0.0
2020-05-31,Bahia,Cristópolis,0.0,0,0,0.0,4,0,0.0,28.76,0.0,0.03,13910,7.19,0.0,14.38,0.0
2020-05-30,Bahia,Cristópolis,0.0,0,0,0.0,4,0,0.0,28.76,0.0,0.03,13910,7.19,0.0,14.38,0.0
2020-05-29,Bahia,Cristópolis,0.0,0,0,0.0,4,0,0.0,28.76,0.0,0.03,13910,7.19,0.0,14.38,0.0
2020-05-28,Bahia,Cristópolis,0.0,0,0,0.0,4,0,0.0,28.76,0.0,0.03,13910,7.19,0.0,14.38,0.0
2020-05-27,Bahia,Cristópolis,0.0,0,0,0.0,4,0,0.0,28.76,0.0,0.03,13910,7.19,0.0,14.38,0.0
2020-05-26,Bahia,Cristópolis,7.19,1,0,0.0,4,0,0.0,28.76,0.0,0.03,13910,7.19,0.0,14.38,7.19
2020-05-25,Bahia,Cristópolis,0.0,0,0,0.0,3,0,0.0,21.57,0.0,0.02,13910,7.19,0.0,7.19,0.0
2020-05-24,Bahia,Cristópolis,0.0,0,0,0.0,3,0,0.0,21.57,0.0,0.02,13910,7.19,0.0,7.19,0.0
2020-05-23,Bahia,Cristópolis,0.0,0,0,0.0,3,0,0.0,21.57,0.0,0.02,13910,7.19,0.0,7.19,0.0
2020-05-22,Bahia,Cristópolis,0.0,0,0,0.0,3,0,0.0,21.57,0.0,0.02,13910,7.19,0.0,7.19,0.0
2020-05-21,Bahia,Cristópolis,0.0,0,0,0.0,3,0,0.0,21.57,0.0,0.02,13910,7.19,0.0,7.19,0.0
2020-05-20,Bahia,Cristópolis,0.0,0,0,0.0,3,0,0.0,21.57,0.0,0.02,13910,7.19,0.0,7.19,0.0
2020-05-19,Bahia,Cristópolis,7.19,1,0,0.0,3,0,0.0,21.57,0.0,0.02,13910,7.19,7.19,7.19,7.19
2020-05-18,Bahia,Cristópolis,0.0,0,0,0.0,2,0,0.0,14.38,0.0,0.01,13910,0.0,0.0,0.0,0.0
2020-05-17,Bahia,Cristópolis,0.0,0,0,0.0,2,0,0.0,14.38,0.0,0.01,13910,0.0,0.0,0.0,0.0
2020-05-16,Bahia,Cristópolis,0.0,0,0,0.0,2,0,0.0,14.38,0.0,0.01,13910,0.0,0.0,0.0,0.0
2020-05-15,Bahia,Cristópolis,0.0,0,0,0.0,2,0,0.0,14.38,0.0,0.01,13910,0.0,0.0,0.0,0.0
