date,state,city,new_cases_100k,new_cases,new_deaths,new_deaths_100k,total_cases,total_deaths,cfr%,total_cases_100k,total_deaths_100k,%infected,population
2020-07-30,Bahia,Dias d'Ávila,37.0,30,0,0.0,954,18,1.89,1176.49,22.2,1.18,81089
2020-07-29,Bahia,Dias d'Ávila,56.73,46,0,0.0,924,18,1.95,1139.49,22.2,1.14,81089
2020-07-28,Bahia,Dias d'Ávila,30.83,25,0,0.0,878,18,2.05,1082.76,22.2,1.08,81089
2020-07-27,Bahia,Dias d'Ávila,8.63,7,0,0.0,853,18,2.11,1051.93,22.2,1.05,81089
2020-07-26,Bahia,Dias d'Ávila,7.4,6,0,0.0,846,18,2.13,1043.3,22.2,1.04,81089
2020-07-25,Bahia,Dias d'Ávila,48.1,39,0,0.0,840,18,2.14,1035.9,22.2,1.04,81089
2020-07-24,Bahia,Dias d'Ávila,65.36,53,0,0.0,801,18,2.25,987.8,22.2,0.99,81089
2020-07-23,Bahia,Dias d'Ávila,37.0,30,0,0.0,748,18,2.41,922.44,22.2,0.92,81089
2020-07-22,Bahia,Dias d'Ávila,24.66,20,0,0.0,718,18,2.51,885.45,22.2,0.89,81089
2020-07-21,Bahia,Dias d'Ávila,13.57,11,0,0.0,698,18,2.58,860.78,22.2,0.86,81089
2020-07-20,Bahia,Dias d'Ávila,3.7,3,0,0.0,687,18,2.62,847.22,22.2,0.85,81089
2020-07-19,Bahia,Dias d'Ávila,23.43,19,0,0.0,684,18,2.63,843.52,22.2,0.84,81089
2020-07-18,Bahia,Dias d'Ávila,1.23,1,0,0.0,665,18,2.71,820.09,22.2,0.82,81089
2020-07-17,Bahia,Dias d'Ávila,34.53,28,0,0.0,664,18,2.71,818.85,22.2,0.82,81089
2020-07-16,Bahia,Dias d'Ávila,28.36,23,1,1.23,636,18,2.83,784.32,22.2,0.78,81089
2020-07-15,Bahia,Dias d'Ávila,14.8,12,0,0.0,613,17,2.77,755.96,20.96,0.76,81089
2020-07-14,Bahia,Dias d'Ávila,7.4,6,0,0.0,601,17,2.83,741.16,20.96,0.74,81089
2020-07-13,Bahia,Dias d'Ávila,18.5,15,0,0.0,595,17,2.86,733.76,20.96,0.73,81089
2020-07-12,Bahia,Dias d'Ávila,6.17,5,2,2.47,580,17,2.93,715.26,20.96,0.72,81089
2020-07-11,Bahia,Dias d'Ávila,22.2,18,2,2.47,575,15,2.61,709.1,18.5,0.71,81089
2020-07-10,Bahia,Dias d'Ávila,11.1,9,2,2.47,557,13,2.33,686.9,16.03,0.69,81089
2020-07-09,Bahia,Dias d'Ávila,8.63,7,0,0.0,548,11,2.01,675.8,13.57,0.68,81089
2020-07-08,Bahia,Dias d'Ávila,18.5,15,0,0.0,541,11,2.03,667.17,13.57,0.67,81089
2020-07-07,Bahia,Dias d'Ávila,23.43,19,0,0.0,526,11,2.09,648.67,13.57,0.65,81089
2020-07-06,Bahia,Dias d'Ávila,25.9,21,0,0.0,507,11,2.17,625.24,13.57,0.63,81089
2020-07-05,Bahia,Dias d'Ávila,14.8,12,0,0.0,486,11,2.26,599.34,13.57,0.6,81089
2020-07-04,Bahia,Dias d'Ávila,30.83,25,0,0.0,474,11,2.32,584.54,13.57,0.58,81089
2020-07-03,Bahia,Dias d'Ávila,11.1,9,0,0.0,449,11,2.45,553.71,13.57,0.55,81089
2020-07-02,Bahia,Dias d'Ávila,24.66,20,0,0.0,440,11,2.5,542.61,13.57,0.54,81089
2020-07-01,Bahia,Dias d'Ávila,27.13,22,2,2.47,420,11,2.62,517.95,13.57,0.52,81089
2020-06-30,Bahia,Dias d'Ávila,32.06,26,0,0.0,398,9,2.26,490.82,11.1,0.49,81089
2020-06-29,Bahia,Dias d'Ávila,12.33,10,0,0.0,372,9,2.42,458.76,11.1,0.46,81089
2020-06-28,Bahia,Dias d'Ávila,48.1,39,1,1.23,362,9,2.49,446.42,11.1,0.45,81089
2020-06-27,Bahia,Dias d'Ávila,118.39,96,1,1.23,323,8,2.48,398.33,9.87,0.4,81089
2020-06-26,Bahia,Dias d'Ávila,25.9,21,0,0.0,227,7,3.08,279.94,8.63,0.28,81089
2020-06-25,Bahia,Dias d'Ávila,6.17,5,0,0.0,206,7,3.4,254.04,8.63,0.25,81089
2020-06-24,Bahia,Dias d'Ávila,22.2,18,0,0.0,201,7,3.48,247.88,8.63,0.25,81089
2020-06-23,Bahia,Dias d'Ávila,0.0,0,0,0.0,183,7,3.83,225.68,8.63,0.23,81089
2020-06-22,Bahia,Dias d'Ávila,11.1,9,0,0.0,183,7,3.83,225.68,8.63,0.23,81089
2020-06-21,Bahia,Dias d'Ávila,2.47,2,1,1.23,174,7,4.02,214.58,8.63,0.21,81089
2020-06-20,Bahia,Dias d'Ávila,7.4,6,0,0.0,172,6,3.49,212.11,7.4,0.21,81089
2020-06-19,Bahia,Dias d'Ávila,3.7,3,1,1.23,166,6,3.61,204.71,7.4,0.2,81089
2020-06-18,Bahia,Dias d'Ávila,0.0,0,1,1.23,163,5,3.07,201.01,6.17,0.2,81089
2020-06-17,Bahia,Dias d'Ávila,13.57,11,0,0.0,163,4,2.45,201.01,4.93,0.2,81089
2020-06-16,Bahia,Dias d'Ávila,1.23,1,0,0.0,152,4,2.63,187.45,4.93,0.19,81089
2020-06-15,Bahia,Dias d'Ávila,1.23,1,0,0.0,151,4,2.65,186.22,4.93,0.19,81089
2020-06-14,Bahia,Dias d'Ávila,7.4,6,0,0.0,150,4,2.67,184.98,4.93,0.18,81089
2020-06-13,Bahia,Dias d'Ávila,3.7,3,0,0.0,144,4,2.78,177.58,4.93,0.18,81089
2020-06-12,Bahia,Dias d'Ávila,0.0,0,0,0.0,141,4,2.84,173.88,4.93,0.17,81089
2020-06-11,Bahia,Dias d'Ávila,11.1,9,0,0.0,141,4,2.84,173.88,4.93,0.17,81089
2020-06-10,Bahia,Dias d'Ávila,11.1,9,0,0.0,132,4,3.03,162.78,4.93,0.16,81089
2020-06-09,Bahia,Dias d'Ávila,8.63,7,0,0.0,123,4,3.25,151.69,4.93,0.15,81089
2020-06-07,Bahia,Dias d'Ávila,-1.23,-1,0,0.0,116,4,3.45,143.05,4.93,0.14,81089
2020-06-06,Bahia,Dias d'Ávila,7.4,6,0,0.0,117,4,3.42,144.29,4.93,0.14,81089
2020-06-05,Bahia,Dias d'Ávila,20.96,17,0,0.0,111,4,3.6,136.89,4.93,0.14,81089
2020-06-04,Bahia,Dias d'Ávila,11.1,9,0,0.0,94,4,4.26,115.92,4.93,0.12,81089
2020-06-03,Bahia,Dias d'Ávila,7.4,6,0,0.0,85,4,4.71,104.82,4.93,0.1,81089
2020-06-02,Bahia,Dias d'Ávila,12.33,10,0,0.0,79,4,5.06,97.42,4.93,0.1,81089
2020-06-01,Bahia,Dias d'Ávila,3.7,3,0,0.0,69,4,5.8,85.09,4.93,0.09,81089
2020-05-31,Bahia,Dias d'Ávila,1.23,1,1,1.23,66,4,6.06,81.39,4.93,0.08,81089
2020-05-30,Bahia,Dias d'Ávila,3.7,3,1,1.23,65,3,4.62,80.16,3.7,0.08,81089
2020-05-29,Bahia,Dias d'Ávila,9.87,8,0,0.0,62,2,3.23,76.46,2.47,0.08,81089
2020-05-28,Bahia,Dias d'Ávila,6.17,5,0,0.0,54,2,3.7,66.59,2.47,0.07,81089
2020-05-27,Bahia,Dias d'Ávila,6.17,5,0,0.0,49,2,4.08,60.43,2.47,0.06,81089
2020-05-26,Bahia,Dias d'Ávila,6.17,5,0,0.0,44,2,4.55,54.26,2.47,0.05,81089
2020-05-25,Bahia,Dias d'Ávila,3.7,3,0,0.0,39,2,5.13,48.1,2.47,0.05,81089
2020-05-24,Bahia,Dias d'Ávila,0.0,0,0,0.0,36,2,5.56,44.4,2.47,0.04,81089
2020-05-23,Bahia,Dias d'Ávila,11.1,9,0,0.0,36,2,5.56,44.4,2.47,0.04,81089
2020-05-22,Bahia,Dias d'Ávila,0.0,0,0,0.0,27,2,7.41,33.3,2.47,0.03,81089
2020-05-21,Bahia,Dias d'Ávila,1.23,1,1,1.23,27,2,7.41,33.3,2.47,0.03,81089
2020-05-20,Bahia,Dias d'Ávila,2.47,2,0,0.0,26,1,3.85,32.06,1.23,0.03,81089
2020-05-19,Bahia,Dias d'Ávila,0.0,0,0,0.0,24,1,4.17,29.6,1.23,0.03,81089
2020-05-18,Bahia,Dias d'Ávila,9.87,8,1,1.23,24,1,4.17,29.6,1.23,0.03,81089
2020-05-17,Bahia,Dias d'Ávila,0.0,0,0,0.0,16,0,0.0,19.73,0.0,0.02,81089
2020-05-16,Bahia,Dias d'Ávila,0.0,0,0,0.0,16,0,0.0,19.73,0.0,0.02,81089
2020-05-15,Bahia,Dias d'Ávila,6.17,5,0,0.0,16,0,0.0,19.73,0.0,0.02,81089
2020-05-14,Bahia,Dias d'Ávila,0.0,0,0,0.0,11,0,0.0,13.57,0.0,0.01,81089
2020-05-13,Bahia,Dias d'Ávila,0.0,0,0,0.0,11,0,0.0,13.57,0.0,0.01,81089
2020-05-12,Bahia,Dias d'Ávila,0.0,0,0,0.0,11,0,0.0,13.57,0.0,0.01,81089
2020-05-11,Bahia,Dias d'Ávila,0.0,0,0,0.0,11,0,0.0,13.57,0.0,0.01,81089
2020-05-10,Bahia,Dias d'Ávila,0.0,0,0,0.0,11,0,0.0,13.57,0.0,0.01,81089
2020-05-09,Bahia,Dias d'Ávila,1.23,1,0,0.0,11,0,0.0,13.57,0.0,0.01,81089
2020-05-08,Bahia,Dias d'Ávila,1.23,1,0,0.0,10,0,0.0,12.33,0.0,0.01,81089
2020-05-07,Bahia,Dias d'Ávila,1.23,1,0,0.0,9,0,0.0,11.1,0.0,0.01,81089
2020-05-06,Bahia,Dias d'Ávila,0.0,0,0,0.0,8,0,0.0,9.87,0.0,0.01,81089
2020-05-05,Bahia,Dias d'Ávila,0.0,0,0,0.0,8,0,0.0,9.87,0.0,0.01,81089
2020-05-04,Bahia,Dias d'Ávila,0.0,0,0,0.0,8,0,0.0,9.87,0.0,0.01,81089
2020-05-03,Bahia,Dias d'Ávila,1.23,1,0,0.0,8,0,0.0,9.87,0.0,0.01,81089
2020-05-02,Bahia,Dias d'Ávila,0.0,0,0,0.0,7,0,0.0,8.63,0.0,0.01,81089
2020-05-01,Bahia,Dias d'Ávila,0.0,0,0,0.0,7,0,0.0,8.63,0.0,0.01,81089
2020-04-30,Bahia,Dias d'Ávila,0.0,0,0,0.0,7,0,0.0,8.63,0.0,0.01,81089
2020-04-29,Bahia,Dias d'Ávila,0.0,0,0,0.0,7,0,0.0,8.63,0.0,0.01,81089
2020-04-28,Bahia,Dias d'Ávila,1.23,1,0,0.0,7,0,0.0,8.63,0.0,0.01,81089
2020-04-27,Bahia,Dias d'Ávila,0.0,0,0,0.0,6,0,0.0,7.4,0.0,0.01,81089
2020-04-26,Bahia,Dias d'Ávila,1.23,1,0,0.0,6,0,0.0,7.4,0.0,0.01,81089
2020-04-25,Bahia,Dias d'Ávila,1.23,1,0,0.0,5,0,0.0,6.17,0.0,0.01,81089
2020-04-24,Bahia,Dias d'Ávila,0.0,0,0,0.0,4,0,0.0,4.93,0.0,0.0,81089
2020-04-23,Bahia,Dias d'Ávila,0.0,0,0,0.0,4,0,0.0,4.93,0.0,0.0,81089
2020-04-22,Bahia,Dias d'Ávila,0.0,0,0,0.0,4,0,0.0,4.93,0.0,0.0,81089
2020-04-21,Bahia,Dias d'Ávila,2.47,2,0,0.0,4,0,0.0,4.93,0.0,0.0,81089
2020-04-20,Bahia,Dias d'Ávila,0.0,0,0,0.0,2,0,0.0,2.47,0.0,0.0,81089
2020-04-19,Bahia,Dias d'Ávila,1.23,1,0,0.0,2,0,0.0,2.47,0.0,0.0,81089
2020-04-18,Bahia,Dias d'Ávila,0.0,0,0,0.0,1,0,0.0,1.23,0.0,0.0,81089
2020-04-17,Bahia,Dias d'Ávila,0.0,0,0,0.0,1,0,0.0,1.23,0.0,0.0,81089
2020-04-16,Bahia,Dias d'Ávila,0.0,0,0,0.0,1,0,0.0,1.23,0.0,0.0,81089
2020-04-15,Bahia,Dias d'Ávila,0.0,0,0,0.0,1,0,0.0,1.23,0.0,0.0,81089
2020-04-14,Bahia,Dias d'Ávila,0.0,0,0,0.0,1,0,0.0,1.23,0.0,0.0,81089
2020-04-13,Bahia,Dias d'Ávila,0.0,0,0,0.0,1,0,0.0,1.23,0.0,0.0,81089
2020-04-12,Bahia,Dias d'Ávila,0.0,0,0,0.0,1,0,0.0,1.23,0.0,0.0,81089
2020-04-11,Bahia,Dias d'Ávila,0.0,0,0,0.0,1,0,0.0,1.23,0.0,0.0,81089
2020-04-10,Bahia,Dias d'Ávila,0.0,0,0,0.0,1,0,0.0,1.23,0.0,0.0,81089
2020-04-09,Bahia,Dias d'Ávila,0.0,0,0,0.0,1,0,0.0,1.23,0.0,0.0,81089
2020-04-08,Bahia,Dias d'Ávila,0.0,0,0,0.0,1,0,0.0,1.23,0.0,0.0,81089
2020-04-07,Bahia,Dias d'Ávila,-1.23,-1,0,0.0,1,0,0.0,1.23,0.0,0.0,81089
2020-04-06,Bahia,Dias d'Ávila,1.23,1,0,0.0,2,0,0.0,2.47,0.0,0.0,81089
2020-04-05,Bahia,Dias d'Ávila,0.0,0,0,0.0,1,0,0.0,1.23,0.0,0.0,81089
2020-04-04,Bahia,Dias d'Ávila,0.0,0,0,0.0,1,0,0.0,1.23,0.0,0.0,81089
2020-04-03,Bahia,Dias d'Ávila,0.0,0,0,0.0,1,0,0.0,1.23,0.0,0.0,81089
2020-04-02,Bahia,Dias d'Ávila,0.0,0,0,0.0,1,0,0.0,1.23,0.0,0.0,81089
2020-04-01,Bahia,Dias d'Ávila,0.0,0,0,0.0,1,0,0.0,1.23,0.0,0.0,81089
2020-03-31,Bahia,Dias d'Ávila,0.0,0,0,0.0,1,0,0.0,1.23,0.0,0.0,81089
2020-03-30,Bahia,Dias d'Ávila,0.0,0,0,0.0,1,0,0.0,1.23,0.0,0.0,81089
