date,state,city,1day_cases_100k,new_cases,new_deaths,new_deaths_100k,total_cases,total_deaths,cfr%,total_cases_100k,total_deaths_100k,%infected,population,7day_cases_100k,7day_cases_change,28day_cases_100k,28day_cases_change
2020-12-10,Bahia,Gavião,246.47,11,0,0.0,156,0,0.0,3495.41,0.0,3.5,4463,1254.76,246.47,2375.09,246.47
2020-12-08,Bahia,Gavião,246.47,11,0,0.0,145,0,0.0,3248.94,0.0,3.25,4463,1008.29,44.81,2128.62,246.47
2020-12-06,Bahia,Gavião,268.88,12,0,0.0,134,0,0.0,3002.46,0.0,3.0,4463,963.48,-313.69,1882.15,268.88
2020-12-05,Bahia,Gavião,134.44,6,0,0.0,122,0,0.0,2733.59,0.0,2.73,4463,1277.17,67.22,1613.27,134.44
2020-12-04,Bahia,Gavião,291.28,13,0,0.0,116,0,0.0,2599.15,0.0,2.6,4463,1209.95,268.87,1478.83,291.28
2020-12-03,Bahia,Gavião,44.81,2,0,0.0,103,0,0.0,2307.86,0.0,2.31,4463,941.08,44.81,1187.55,44.81
2020-12-02,Bahia,Gavião,22.41,1,0,0.0,101,0,0.0,2263.05,0.0,2.26,4463,896.27,22.41,1142.74,22.41
2020-12-01,Bahia,Gavião,0.0,0,0,0.0,100,0,0.0,2240.65,0.0,2.24,4463,873.86,-112.03,1120.33,0.0
2020-11-30,Bahia,Gavião,201.66,9,0,0.0,100,0,0.0,2240.65,0.0,2.24,4463,985.89,179.25,1120.33,201.66
2020-11-29,Bahia,Gavião,582.57,26,0,0.0,91,0,0.0,2038.99,0.0,2.04,4463,806.64,537.76,918.67,582.57
2020-11-28,Bahia,Gavião,67.22,3,0,0.0,65,0,0.0,1456.42,0.0,1.46,4463,268.88,0.0,336.1,67.22
2020-11-27,Bahia,Gavião,22.41,1,0,0.0,62,0,0.0,1389.2,0.0,1.39,4463,268.88,22.41,268.88,22.41
2020-11-26,Bahia,Gavião,0.0,0,0,0.0,61,0,0.0,1366.79,0.0,1.37,4463,246.47,0.0,246.47,0.0
2020-11-25,Bahia,Gavião,0.0,0,0,0.0,61,0,0.0,1366.79,0.0,1.37,4463,246.47,0.0,246.47,0.0
2020-11-24,Bahia,Gavião,112.03,5,0,0.0,61,0,0.0,1366.79,0.0,1.37,4463,246.47,112.03,246.47,112.03
2020-11-23,Bahia,Gavião,22.41,1,0,0.0,56,0,0.0,1254.76,0.0,1.25,4463,134.44,22.41,134.44,22.41
2020-11-22,Bahia,Gavião,44.81,2,0,0.0,55,0,0.0,1232.35,0.0,1.23,4463,112.03,44.81,112.03,44.81
2020-11-21,Bahia,Gavião,67.22,3,0,0.0,53,0,0.0,1187.54,0.0,1.19,4463,67.22,67.22,67.22,67.22
2020-11-20,Bahia,Gavião,0.0,0,0,0.0,50,0,0.0,1120.32,0.0,1.12,4463,0.0,0.0,0.0,0.0
2020-11-19,Bahia,Gavião,0.0,0,0,0.0,50,0,0.0,1120.32,0.0,1.12,4463,0.0,0.0,0.0,0.0
2020-11-18,Bahia,Gavião,0.0,0,0,0.0,50,0,0.0,1120.32,0.0,1.12,4463,0.0,0.0,0.0,0.0
2020-11-17,Bahia,Gavião,0.0,0,0,0.0,50,0,0.0,1120.32,0.0,1.12,4463,0.0,0.0,0.0,0.0
2020-11-16,Bahia,Gavião,0.0,0,0,0.0,50,0,0.0,1120.32,0.0,1.12,4463,0.0,0.0,0.0,0.0
2020-11-15,Bahia,Gavião,0.0,0,0,0.0,50,0,0.0,1120.32,0.0,1.12,4463,0.0,0.0,0.0,0.0
2020-11-14,Bahia,Gavião,0.0,0,0,0.0,50,0,0.0,1120.32,0.0,1.12,4463,0.0,0.0,0.0,-44.81
2020-11-13,Bahia,Gavião,0.0,0,0,0.0,50,0,0.0,1120.32,0.0,1.12,4463,0.0,0.0,44.81,0.0
2020-11-12,Bahia,Gavião,0.0,0,0,0.0,50,0,0.0,1120.32,0.0,1.12,4463,0.0,0.0,44.81,0.0
2020-11-11,Bahia,Gavião,0.0,0,0,0.0,50,0,0.0,1120.32,0.0,1.12,4463,0.0,0.0,44.81,0.0
2020-11-10,Bahia,Gavião,0.0,0,0,0.0,50,0,0.0,1120.32,0.0,1.12,4463,0.0,0.0,44.81,-22.41
2020-11-09,Bahia,Gavião,0.0,0,0,0.0,50,0,0.0,1120.32,0.0,1.12,4463,0.0,0.0,67.22,0.0
2020-11-08,Bahia,Gavião,0.0,0,0,0.0,50,0,0.0,1120.32,0.0,1.12,4463,0.0,0.0,67.22,0.0
2020-11-07,Bahia,Gavião,0.0,0,0,0.0,50,0,0.0,1120.32,0.0,1.12,4463,0.0,0.0,67.22,0.0
2020-11-06,Bahia,Gavião,0.0,0,0,0.0,50,0,0.0,1120.32,0.0,1.12,4463,0.0,0.0,67.22,0.0
2020-11-05,Bahia,Gavião,0.0,0,0,0.0,50,0,0.0,1120.32,0.0,1.12,4463,0.0,0.0,67.22,0.0
2020-11-04,Bahia,Gavião,0.0,0,0,0.0,50,0,0.0,1120.32,0.0,1.12,4463,0.0,0.0,67.22,0.0
2020-11-03,Bahia,Gavião,0.0,0,0,0.0,50,0,0.0,1120.32,0.0,1.12,4463,0.0,0.0,67.22,0.0
2020-11-02,Bahia,Gavião,0.0,0,0,0.0,50,0,0.0,1120.32,0.0,1.12,4463,0.0,0.0,67.22,-22.41
2020-11-01,Bahia,Gavião,0.0,0,0,0.0,50,0,0.0,1120.32,0.0,1.12,4463,0.0,0.0,89.63,-44.81
2020-10-31,Bahia,Gavião,0.0,0,0,0.0,50,0,0.0,1120.32,0.0,1.12,4463,0.0,0.0,134.44,0.0
2020-10-30,Bahia,Gavião,0.0,0,0,0.0,50,0,0.0,1120.32,0.0,1.12,4463,0.0,0.0,134.44,0.0
2020-10-29,Bahia,Gavião,0.0,0,0,0.0,50,0,0.0,1120.32,0.0,1.12,4463,0.0,0.0,134.44,0.0
2020-10-28,Bahia,Gavião,0.0,0,0,0.0,50,0,0.0,1120.32,0.0,1.12,4463,0.0,0.0,134.44,0.0
2020-10-27,Bahia,Gavião,0.0,0,0,0.0,50,0,0.0,1120.32,0.0,1.12,4463,0.0,0.0,134.44,-22.41
2020-10-26,Bahia,Gavião,0.0,0,0,0.0,50,0,0.0,1120.32,0.0,1.12,4463,0.0,0.0,156.85,0.0
2020-10-25,Bahia,Gavião,0.0,0,0,0.0,50,0,0.0,1120.32,0.0,1.12,4463,0.0,0.0,156.85,0.0
2020-10-24,Bahia,Gavião,0.0,0,0,0.0,50,0,0.0,1120.32,0.0,1.12,4463,0.0,-44.81,156.85,0.0
2020-10-23,Bahia,Gavião,0.0,0,0,0.0,50,0,0.0,1120.32,0.0,1.12,4463,44.81,0.0,156.85,0.0
2020-10-22,Bahia,Gavião,0.0,0,0,0.0,50,0,0.0,1120.32,0.0,1.12,4463,44.81,0.0,156.85,0.0
2020-10-21,Bahia,Gavião,0.0,0,0,0.0,50,0,0.0,1120.32,0.0,1.12,4463,44.81,0.0,156.85,-22.41
2020-10-20,Bahia,Gavião,0.0,0,0,0.0,50,0,0.0,1120.32,0.0,1.12,4463,44.81,-22.41,179.26,0.0
2020-10-19,Bahia,Gavião,0.0,0,0,0.0,50,0,0.0,1120.32,0.0,1.12,4463,67.22,0.0,179.26,0.0
2020-10-18,Bahia,Gavião,0.0,0,0,0.0,50,0,0.0,1120.32,0.0,1.12,4463,67.22,0.0,179.26,0.0
2020-10-17,Bahia,Gavião,44.81,2,0,0.0,50,0,0.0,1120.32,0.0,1.12,4463,67.22,44.81,179.26,22.4
2020-10-16,Bahia,Gavião,0.0,0,0,0.0,48,0,0.0,1075.51,0.0,1.08,4463,22.41,0.0,156.86,-22.41
2020-10-15,Bahia,Gavião,0.0,0,0,0.0,48,0,0.0,1075.51,0.0,1.08,4463,22.41,0.0,179.27,0.0
2020-10-14,Bahia,Gavião,0.0,0,0,0.0,48,0,0.0,1075.51,0.0,1.08,4463,22.41,0.0,179.27,0.0
2020-10-13,Bahia,Gavião,22.41,1,0,0.0,48,0,0.0,1075.51,0.0,1.08,4463,22.41,22.41,179.27,22.41
2020-10-12,Bahia,Gavião,0.0,0,0,0.0,47,0,0.0,1053.1,0.0,1.05,4463,-0.0,-22.41,156.86,0.0
2020-10-11,Bahia,Gavião,0.0,0,0,0.0,47,0,0.0,1053.1,0.0,1.05,4463,22.41,-44.81,156.86,-44.81
2020-10-10,Bahia,Gavião,0.0,0,0,0.0,47,0,0.0,1053.1,0.0,1.05,4463,67.22,0.0,201.67,-22.41
2020-10-09,Bahia,Gavião,0.0,0,0,0.0,47,0,0.0,1053.1,0.0,1.05,4463,67.22,0.0,224.08,0.0
2020-10-08,Bahia,Gavião,0.0,0,0,0.0,47,0,0.0,1053.1,0.0,1.05,4463,67.22,0.0,224.08,-22.41
2020-10-07,Bahia,Gavião,0.0,0,0,0.0,47,0,0.0,1053.1,0.0,1.05,4463,67.22,0.0,246.49,-425.72
2020-10-06,Bahia,Gavião,0.0,0,0,0.0,47,0,0.0,1053.1,0.0,1.05,4463,67.22,-22.41,672.21,-22.41
2020-10-05,Bahia,Gavião,22.41,1,0,0.0,47,0,0.0,1053.1,0.0,1.05,4463,89.63,22.41,694.62,-22.4
2020-10-04,Bahia,Gavião,44.81,2,0,0.0,46,0,0.0,1030.7,0.0,1.03,4463,67.22,44.81,717.02,22.4
2020-10-03,Bahia,Gavião,0.0,0,0,0.0,44,0,0.0,985.88,0.0,0.99,4463,22.41,0.0,694.62,-156.85
2020-10-02,Bahia,Gavião,0.0,0,0,0.0,44,0,0.0,985.88,0.0,0.99,4463,22.41,0.0,851.47,-22.41
2020-10-01,Bahia,Gavião,0.0,0,0,0.0,44,0,0.0,985.88,0.0,0.99,4463,22.41,0.0,873.88,-22.41
2020-09-30,Bahia,Gavião,0.0,0,0,0.0,44,0,0.0,985.88,0.0,0.99,4463,22.41,-22.41,896.29,0.0
2020-09-29,Bahia,Gavião,22.41,1,0,0.0,44,0,0.0,985.88,0.0,0.99,4463,44.82,22.41,896.29,22.41
2020-09-28,Bahia,Gavião,0.0,0,0,0.0,43,0,0.0,963.48,0.0,0.96,4463,22.41,0.0,873.88,-22.41
2020-09-27,Bahia,Gavião,0.0,0,0,0.0,43,0,0.0,963.48,0.0,0.96,4463,22.41,0.0,896.29,0.0
2020-09-26,Bahia,Gavião,0.0,0,0,0.0,43,0,0.0,963.48,0.0,0.96,4463,22.41,-22.41,896.29,-22.41
2020-09-25,Bahia,Gavião,0.0,0,0,0.0,43,0,0.0,963.48,0.0,0.96,4463,44.82,-22.41,918.7,0.0
2020-09-24,Bahia,Gavião,0.0,0,0,0.0,43,0,0.0,963.48,0.0,0.96,4463,67.23,0.0,918.7,0.0
2020-09-23,Bahia,Gavião,22.41,1,0,0.0,43,0,0.0,963.48,0.0,0.96,4463,67.23,22.41,918.7,22.41
2020-09-22,Bahia,Gavião,0.0,0,0,0.0,42,0,0.0,941.07,0.0,0.94,4463,44.82,0.0,896.29,0.0
2020-09-21,Bahia,Gavião,0.0,0,0,0.0,42,0,0.0,941.07,0.0,0.94,4463,44.82,0.0,896.29,0.0
2020-09-20,Bahia,Gavião,0.0,0,0,0.0,42,0,0.0,941.07,0.0,0.94,4463,44.82,-44.81,896.29,0.0
2020-09-19,Bahia,Gavião,22.41,1,0,0.0,42,0,0.0,941.07,0.0,0.94,4463,89.63,0.0,896.29,22.41
2020-09-18,Bahia,Gavião,22.41,1,0,0.0,41,0,0.0,918.66,0.0,0.92,4463,89.63,22.41,873.88,22.41
2020-09-17,Bahia,Gavião,0.0,0,0,0.0,40,0,0.0,896.26,0.0,0.9,4463,67.22,-22.41,851.47,0.0
2020-09-16,Bahia,Gavião,0.0,0,0,0.0,40,0,0.0,896.26,0.0,0.9,4463,89.63,-425.72,851.47,0.0
2020-09-15,Bahia,Gavião,0.0,0,0,0.0,40,0,0.0,896.26,0.0,0.9,4463,515.35,-22.41,851.47,0.0
2020-09-14,Bahia,Gavião,0.0,0,0,0.0,40,0,0.0,896.26,0.0,0.9,4463,537.76,-44.81,851.47,0.0
2020-09-13,Bahia,Gavião,44.81,2,0,0.0,40,0,0.0,896.26,0.0,0.9,4463,582.57,22.4,851.47,44.81
2020-09-12,Bahia,Gavião,22.41,1,0,0.0,38,0,0.0,851.45,0.0,0.85,4463,560.17,-134.44,806.66,22.41
2020-09-11,Bahia,Gavião,0.0,0,0,0.0,37,0,0.0,829.04,0.0,0.83,4463,694.61,-22.41,784.25,0.0
2020-09-10,Bahia,Gavião,22.41,1,0,0.0,37,0,0.0,829.04,0.0,0.83,4463,717.02,0.0,784.25,22.41
2020-09-09,Bahia,Gavião,425.72,19,0,0.0,36,0,0.0,806.63,0.0,0.81,4463,717.02,425.72,761.84,425.72
2020-09-08,Bahia,Gavião,22.41,1,0,0.0,17,0,0.0,380.91,0.0,0.38,4463,291.3,22.41,336.12,0.0
2020-09-07,Bahia,Gavião,44.81,2,0,0.0,16,0,0.0,358.5,0.0,0.36,4463,268.89,22.4,336.12,44.81
2020-09-06,Bahia,Gavião,22.41,1,0,0.0,14,0,0.0,313.69,0.0,0.31,4463,246.49,22.41,291.31,22.41
2020-09-05,Bahia,Gavião,156.85,7,0,0.0,13,0,0.0,291.28,0.0,0.29,4463,224.08,134.44,268.9,156.85
2020-09-04,Bahia,Gavião,22.41,1,0,0.0,6,0,0.0,134.44,0.0,0.13,4463,89.64,22.41,112.05,22.41
2020-09-03,Bahia,Gavião,22.41,1,0,0.0,5,0,0.0,112.03,0.0,0.11,4463,67.23,22.41,89.64,22.41
2020-09-02,Bahia,Gavião,0.0,0,0,0.0,4,0,0.0,89.63,0.0,0.09,4463,44.82,0.0,67.23,0.0
2020-09-01,Bahia,Gavião,0.0,0,0,0.0,4,0,0.0,89.63,0.0,0.09,4463,44.82,0.0,67.23,0.0
2020-08-31,Bahia,Gavião,22.41,1,0,0.0,4,0,0.0,89.63,0.0,0.09,4463,44.82,22.41,67.23,0.0
2020-08-30,Bahia,Gavião,0.0,0,0,0.0,3,0,0.0,67.22,0.0,0.07,4463,22.41,0.0,67.23,0.0
2020-08-29,Bahia,Gavião,22.41,1,0,0.0,3,0,0.0,67.22,0.0,0.07,4463,22.41,22.41,67.23,22.41
2020-08-28,Bahia,Gavião,0.0,0,0,0.0,2,0,0.0,44.81,0.0,0.04,4463,0.0,0.0,44.82,0.0
2020-08-27,Bahia,Gavião,0.0,0,0,0.0,2,0,0.0,44.81,0.0,0.04,4463,0.0,0.0,44.82,0.0
2020-08-26,Bahia,Gavião,0.0,0,0,0.0,2,0,0.0,44.81,0.0,0.04,4463,0.0,0.0,44.82,0.0
2020-08-25,Bahia,Gavião,0.0,0,0,0.0,2,0,0.0,44.81,0.0,0.04,4463,0.0,0.0,44.82,0.0
2020-08-24,Bahia,Gavião,0.0,0,0,0.0,2,0,0.0,44.81,0.0,0.04,4463,0.0,0.0,44.82,0.0
2020-08-23,Bahia,Gavião,0.0,0,0,0.0,2,0,0.0,44.81,0.0,0.04,4463,0.0,0.0,44.82,0.0
2020-08-22,Bahia,Gavião,0.0,0,0,0.0,2,0,0.0,44.81,0.0,0.04,4463,0.0,0.0,44.82,0.0
2020-08-21,Bahia,Gavião,0.0,0,0,0.0,2,0,0.0,44.81,0.0,0.04,4463,0.0,0.0,44.82,0.0
2020-08-20,Bahia,Gavião,0.0,0,0,0.0,2,0,0.0,44.81,0.0,0.04,4463,0.0,0.0,44.82,0.0
2020-08-19,Bahia,Gavião,0.0,0,0,0.0,2,0,0.0,44.81,0.0,0.04,4463,0.0,0.0,44.82,0.0
2020-08-18,Bahia,Gavião,0.0,0,0,0.0,2,0,0.0,44.81,0.0,0.04,4463,0.0,-22.41,44.82,0.0
2020-08-17,Bahia,Gavião,0.0,0,0,0.0,2,0,0.0,44.81,0.0,0.04,4463,22.41,0.0,44.82,0.0
2020-08-16,Bahia,Gavião,0.0,0,0,0.0,2,0,0.0,44.81,0.0,0.04,4463,22.41,0.0,44.82,0.0
2020-08-15,Bahia,Gavião,0.0,0,0,0.0,2,0,0.0,44.81,0.0,0.04,4463,22.41,0.0,44.82,0.0
2020-08-14,Bahia,Gavião,0.0,0,0,0.0,2,0,0.0,44.81,0.0,0.04,4463,22.41,0.0,44.82,0.0
2020-08-13,Bahia,Gavião,0.0,0,0,0.0,2,0,0.0,44.81,0.0,0.04,4463,22.41,0.0,44.82,0.0
2020-08-12,Bahia,Gavião,0.0,0,0,0.0,2,0,0.0,44.81,0.0,0.04,4463,22.41,0.0,44.82,0.0
2020-08-11,Bahia,Gavião,22.41,1,0,0.0,2,0,0.0,44.81,0.0,0.04,4463,22.41,22.41,44.82,22.41
2020-08-10,Bahia,Gavião,0.0,0,0,0.0,1,0,0.0,22.41,0.0,0.02,4463,0.0,-22.41,22.41,0.0
2020-08-09,Bahia,Gavião,0.0,0,0,0.0,1,0,0.0,22.41,0.0,0.02,4463,22.41,0.0,22.41,0.0
2020-08-08,Bahia,Gavião,0.0,0,0,0.0,1,0,0.0,22.41,0.0,0.02,4463,22.41,0.0,22.41,0.0
2020-08-07,Bahia,Gavião,0.0,0,0,0.0,1,0,0.0,22.41,0.0,0.02,4463,22.41,0.0,22.41,0.0
2020-08-06,Bahia,Gavião,0.0,0,0,0.0,1,0,0.0,22.41,0.0,0.02,4463,22.41,0.0,22.41,0.0
2020-08-05,Bahia,Gavião,0.0,0,0,0.0,1,0,0.0,22.41,0.0,0.02,4463,22.41,0.0,22.41,0.0
2020-08-04,Bahia,Gavião,0.0,0,0,0.0,1,0,0.0,22.41,0.0,0.02,4463,22.41,0.0,22.41,0.0
2020-08-03,Bahia,Gavião,22.41,1,0,0.0,1,0,0.0,22.41,0.0,0.02,4463,22.41,22.41,22.41,22.41
2020-08-02,Bahia,Gavião,0.0,0,0,0.0,0,0,0.0,0.0,0.0,0.0,4463,0.0,0.0,0.0,0.0
2020-06-08,Bahia,Gavião,0.0,0,0,0.0,0,0,0.0,0.0,0.0,0.0,4463,0.0,0.0,0.0,0.0
