date,state,city,1day_cases_100k,new_cases,new_deaths,new_deaths_100k,total_cases,total_deaths,cfr%,total_cases_100k,total_deaths_100k,%infected,population,7day_cases_100k,7day_cases_change,28day_cases_100k,28day_cases_change
2020-09-25,Bahia,Itapitanga,29.09,3,0,0.0,259,2,0.77,2511.39,19.39,2.51,10313,533.3,19.39,1473.86,19.39
2020-09-24,Bahia,Itapitanga,96.96,10,0,0.0,256,2,0.78,2482.3,19.39,2.48,10313,513.91,9.69,1454.47,0.0
2020-09-23,Bahia,Itapitanga,29.09,3,0,0.0,246,2,0.81,2385.34,19.39,2.39,10313,504.22,0.0,1454.47,29.09
2020-09-22,Bahia,Itapitanga,0.0,0,0,0.0,243,2,0.82,2356.25,19.39,2.36,10313,504.22,-9.7,1425.38,0.0
2020-09-21,Bahia,Itapitanga,184.23,19,0,0.0,243,2,0.82,2356.25,19.39,2.36,10313,513.92,58.18,1425.38,174.53
2020-09-20,Bahia,Itapitanga,0.0,0,0,0.0,224,2,0.89,2172.02,19.39,2.17,10313,455.74,-19.39,1250.85,-29.09
2020-09-19,Bahia,Itapitanga,193.93,20,0,0.0,224,2,0.89,2172.02,19.39,2.17,10313,475.13,38.79,1279.94,193.93
2020-09-18,Bahia,Itapitanga,9.7,1,0,0.0,204,2,0.98,1978.09,19.39,1.98,10313,436.34,-96.96,1086.01,-19.39
2020-09-17,Bahia,Itapitanga,87.27,9,0,0.0,203,2,0.99,1968.39,19.39,1.97,10313,533.3,87.27,1105.4,87.27
2020-09-16,Bahia,Itapitanga,29.09,3,0,0.0,194,2,1.03,1881.12,19.39,1.88,10313,446.03,19.39,1018.13,29.09
2020-09-15,Bahia,Itapitanga,9.7,1,0,0.0,191,2,1.05,1852.03,19.39,1.85,10313,426.64,0.0,989.04,-9.69
2020-09-14,Bahia,Itapitanga,126.05,13,0,0.0,190,2,1.05,1842.33,19.39,1.84,10313,426.64,19.39,998.73,126.05
2020-09-13,Bahia,Itapitanga,19.39,2,0,0.0,177,2,1.13,1716.28,19.39,1.72,10313,407.25,-38.79,872.68,0.0
2020-09-11,Bahia,Itapitanga,155.14,16,0,0.0,175,2,1.14,1696.89,19.39,1.7,10313,446.04,155.14,872.68,126.05
2020-09-09,Bahia,Itapitanga,106.66,11,0,0.0,159,2,1.26,1541.74,19.39,1.54,10313,290.9,87.27,746.63,106.66
2020-09-08,Bahia,Itapitanga,0.0,0,0,0.0,148,2,1.35,1435.08,19.39,1.44,10313,203.63,-9.7,639.97,0.0
2020-09-07,Bahia,Itapitanga,9.7,1,0,0.0,148,2,1.35,1435.08,19.39,1.44,10313,213.33,-9.69,639.97,-67.87
2020-09-06,Bahia,Itapitanga,9.7,1,0,0.0,147,2,1.36,1425.39,19.39,1.43,10313,223.02,0.0,707.84,-19.39
2020-09-05,Bahia,Itapitanga,106.66,11,0,0.0,146,2,1.37,1415.69,19.39,1.42,10313,223.02,0.0,727.23,106.66
2020-09-04,Bahia,Itapitanga,58.18,6,0,0.0,135,2,1.48,1309.03,19.39,1.31,10313,223.02,29.09,620.57,9.7
2020-09-03,Bahia,Itapitanga,0.0,0,0,0.0,129,2,1.55,1250.85,19.39,1.25,10313,193.93,-19.39,610.87,-67.88
2020-09-02,Bahia,Itapitanga,19.39,2,1,9.7,129,2,1.55,1250.85,19.39,1.25,10313,213.32,9.69,678.75,-19.4
2020-09-01,Bahia,Itapitanga,9.7,1,0,0.0,127,1,0.79,1231.46,9.7,1.23,10313,203.63,-87.26,698.15,-48.48
2020-08-31,Bahia,Itapitanga,19.39,2,0,0.0,126,1,0.79,1221.76,9.7,1.22,10313,290.89,19.39,746.63,-38.79
2020-08-30,Bahia,Itapitanga,9.7,1,0,0.0,124,1,0.81,1202.37,9.7,1.2,10313,271.5,9.7,785.42,-96.96
2020-08-29,Bahia,Itapitanga,106.66,11,0,0.0,123,1,0.81,1192.67,9.7,1.19,10313,261.8,96.96,882.38,77.57
2020-08-28,Bahia,Itapitanga,29.09,3,0,0.0,112,1,0.89,1086.01,9.7,1.09,10313,164.84,0.0,804.81,19.39
2020-08-27,Bahia,Itapitanga,19.39,2,0,0.0,109,1,0.92,1056.92,9.7,1.06,10313,164.84,19.39,785.42,-19.4
2020-08-26,Bahia,Itapitanga,9.7,1,0,0.0,107,1,0.93,1037.53,9.7,1.04,10313,145.45,-19.39,804.82,0.0
2020-08-25,Bahia,Itapitanga,96.96,10,0,0.0,106,1,0.94,1027.83,9.7,1.03,10313,164.84,96.96,804.82,87.26
2020-08-24,Bahia,Itapitanga,0.0,0,0,0.0,96,1,1.04,930.86,9.7,0.93,10313,67.88,0.0,717.56,0.0
2020-08-23,Bahia,Itapitanga,0.0,0,0,0.0,96,1,1.04,930.86,9.7,0.93,10313,67.88,-19.39,717.56,-19.39
2020-08-22,Bahia,Itapitanga,9.7,1,0,0.0,96,1,1.04,930.86,9.7,0.93,10313,87.27,9.7,736.95,9.7
2020-08-21,Bahia,Itapitanga,29.09,3,0,0.0,95,1,1.05,921.17,9.7,0.92,10313,77.57,9.7,727.25,29.09
2020-08-20,Bahia,Itapitanga,0.0,0,0,0.0,92,1,1.09,892.08,9.7,0.89,10313,67.87,-29.09,698.16,0.0
2020-08-19,Bahia,Itapitanga,29.09,3,0,0.0,92,1,1.09,892.08,9.7,0.89,10313,96.96,29.09,698.16,19.39
2020-08-18,Bahia,Itapitanga,0.0,0,0,0.0,89,1,1.12,862.99,9.7,0.86,10313,67.87,0.0,678.77,0.0
2020-08-17,Bahia,Itapitanga,0.0,0,0,0.0,89,1,1.12,862.99,9.7,0.86,10313,67.87,-77.57,678.77,-9.7
2020-08-16,Bahia,Itapitanga,19.39,2,0,0.0,89,1,1.12,862.99,9.7,0.86,10313,145.44,-9.7,688.47,19.39
2020-08-15,Bahia,Itapitanga,0.0,0,0,0.0,87,1,1.15,843.6,9.7,0.84,10313,155.14,0.0,669.08,0.0
2020-08-14,Bahia,Itapitanga,19.39,2,0,0.0,87,1,1.15,843.6,9.7,0.84,10313,155.14,-29.09,669.08,19.39
2020-08-12,Bahia,Itapitanga,29.09,3,0,0.0,85,1,1.18,824.2,9.7,0.82,10313,184.23,-38.79,649.69,19.39
2020-08-11,Bahia,Itapitanga,0.0,0,0,0.0,82,1,1.22,795.11,9.7,0.8,10313,223.02,-38.79,630.3,0.0
2020-08-10,Bahia,Itapitanga,0.0,0,0,0.0,82,1,1.22,795.11,9.7,0.8,10313,261.81,-58.18,630.3,0.0
2020-08-09,Bahia,Itapitanga,77.57,8,0,0.0,82,1,1.22,795.11,9.7,0.8,10313,319.99,19.39,630.3,77.57
2020-08-08,Bahia,Itapitanga,29.09,3,0,0.0,74,1,1.35,717.54,9.7,0.72,10313,300.6,-77.57,552.73,29.09
2020-08-07,Bahia,Itapitanga,0.0,0,0,0.0,71,1,1.41,688.45,9.7,0.69,10313,378.17,-29.09,523.64,-9.7
2020-08-06,Bahia,Itapitanga,48.48,5,0,0.0,71,1,1.41,688.45,9.7,0.69,10313,407.26,38.78,533.34,48.48
2020-08-05,Bahia,Itapitanga,67.88,7,0,0.0,66,1,1.52,639.97,9.7,0.64,10313,368.48,29.09,484.86,67.88
2020-08-04,Bahia,Itapitanga,38.79,4,0,0.0,59,1,1.69,572.09,9.7,0.57,10313,339.39,29.09,416.98,38.79
2020-08-03,Bahia,Itapitanga,58.18,6,0,0.0,55,1,1.82,533.31,9.7,0.53,10313,310.3,48.48,378.19,58.18
2020-08-02,Bahia,Itapitanga,58.18,6,0,0.0,49,1,2.04,475.13,9.7,0.48,10313,261.82,58.18,320.01,58.18
2020-08-01,Bahia,Itapitanga,106.66,11,0,0.0,43,1,2.33,416.95,9.7,0.42,10313,203.64,87.27,261.83,106.66
2020-07-31,Bahia,Itapitanga,29.09,3,0,0.0,32,1,3.12,310.29,9.7,0.31,10313,116.37,29.09,155.17,29.09
2020-07-30,Bahia,Itapitanga,9.7,1,0,0.0,29,1,3.45,281.2,9.7,0.28,10313,87.28,9.7,126.08,9.7
2020-07-29,Bahia,Itapitanga,38.79,4,0,0.0,28,1,3.57,271.5,9.7,0.27,10313,77.58,38.79,116.38,9.7
2020-07-28,Bahia,Itapitanga,9.7,1,0,0.0,24,1,4.17,232.72,9.7,0.23,10313,38.79,0.0,106.68,9.7
2020-07-27,Bahia,Itapitanga,9.7,1,0,0.0,23,1,4.35,223.02,9.7,0.22,10313,38.79,9.7,96.98,9.7
2020-07-26,Bahia,Itapitanga,0.0,0,0,0.0,22,1,4.55,213.32,9.7,0.21,10313,29.09,-9.7,87.28,0.0
2020-07-25,Bahia,Itapitanga,19.39,2,0,0.0,22,1,4.55,213.32,9.7,0.21,10313,38.79,19.39,87.28,9.69
2020-07-24,Bahia,Itapitanga,0.0,0,0,0.0,20,1,5.0,193.93,9.7,0.19,10313,19.4,0.0,77.59,0.0
2020-07-23,Bahia,Itapitanga,0.0,0,0,0.0,20,1,5.0,193.93,9.7,0.19,10313,19.4,0.0,77.59,0.0
2020-07-22,Bahia,Itapitanga,0.0,0,0,0.0,20,1,5.0,193.93,9.7,0.19,10313,19.4,-9.7,77.59,-9.7
2020-07-21,Bahia,Itapitanga,9.7,1,0,0.0,20,1,5.0,193.93,9.7,0.19,10313,29.1,9.7,87.29,9.7
2020-07-20,Bahia,Itapitanga,0.0,0,0,0.0,19,1,5.26,184.23,9.7,0.18,10313,19.4,0.0,77.59,0.0
2020-07-19,Bahia,Itapitanga,9.7,1,0,0.0,19,1,5.26,184.23,9.7,0.18,10313,19.4,9.7,77.59,9.7
2020-07-18,Bahia,Itapitanga,0.0,0,0,0.0,18,1,5.56,174.54,9.7,0.17,10313,9.7,0.0,67.89,0.0
2020-07-17,Bahia,Itapitanga,0.0,0,0,0.0,18,1,5.56,174.54,9.7,0.17,10313,9.7,-9.7,67.89,0.0
2020-07-16,Bahia,Itapitanga,0.0,0,0,0.0,18,1,5.56,174.54,9.7,0.17,10313,19.4,0.0,67.89,0.0
2020-07-15,Bahia,Itapitanga,9.7,1,0,0.0,18,1,5.56,174.54,9.7,0.17,10313,19.4,9.7,67.89,9.7
2020-07-14,Bahia,Itapitanga,0.0,0,0,0.0,17,1,5.88,164.84,9.7,0.16,10313,9.7,0.0,58.19,0.0
2020-07-13,Bahia,Itapitanga,0.0,0,0,0.0,17,1,5.88,164.84,9.7,0.16,10313,9.7,0.0,58.19,0.0
2020-07-12,Bahia,Itapitanga,0.0,0,0,0.0,17,1,5.88,164.84,9.7,0.16,10313,9.7,0.0,58.19,-9.7
2020-07-11,Bahia,Itapitanga,0.0,0,0,0.0,17,1,5.88,164.84,9.7,0.16,10313,9.7,0.0,67.89,0.0
2020-07-10,Bahia,Itapitanga,9.7,1,0,0.0,17,1,5.88,164.84,9.7,0.16,10313,9.7,9.7,67.89,9.7
2020-07-09,Bahia,Itapitanga,0.0,0,0,0.0,16,1,6.25,155.14,9.7,0.16,10313,-0.0,0.0,58.19,-9.7
2020-07-08,Bahia,Itapitanga,0.0,0,0,0.0,16,1,6.25,155.14,9.7,0.16,10313,-0.0,-29.09,67.89,0.0
2020-07-07,Bahia,Itapitanga,0.0,0,0,0.0,16,1,6.25,155.14,9.7,0.16,10313,29.09,0.0,67.89,-19.39
2020-07-06,Bahia,Itapitanga,0.0,0,0,0.0,16,1,6.25,155.14,9.7,0.16,10313,29.09,0.0,87.28,0.0
2020-07-05,Bahia,Itapitanga,0.0,0,0,0.0,16,1,6.25,155.14,9.7,0.16,10313,29.09,0.0,87.28,0.0
2020-07-04,Bahia,Itapitanga,0.0,0,0,0.0,16,1,6.25,155.14,9.7,0.16,10313,29.09,-9.7,87.28,-9.7
2020-07-03,Bahia,Itapitanga,0.0,0,0,0.0,16,1,6.25,155.14,9.7,0.16,10313,38.79,0.0,96.98,0.0
2020-07-02,Bahia,Itapitanga,0.0,0,0,0.0,16,1,6.25,155.14,9.7,0.16,10313,38.79,0.0,96.98,0.0
2020-07-01,Bahia,Itapitanga,29.09,3,0,0.0,16,1,6.25,155.14,9.7,0.16,10313,38.79,19.39,96.98,0.0
2020-06-30,Bahia,Itapitanga,0.0,0,0,0.0,13,1,7.69,126.05,9.7,0.13,10313,19.4,0.0,96.98,0.0
2020-06-29,Bahia,Itapitanga,0.0,0,0,0.0,13,1,7.69,126.05,9.7,0.13,10313,19.4,0.0,96.98,0.0
2020-06-28,Bahia,Itapitanga,0.0,0,0,0.0,13,1,7.69,126.05,9.7,0.13,10313,19.4,0.0,96.98,0.0
2020-06-27,Bahia,Itapitanga,9.7,1,1,9.7,13,1,7.69,126.05,9.7,0.13,10313,19.4,9.7,96.98,9.7
2020-06-26,Bahia,Itapitanga,0.0,0,0,0.0,12,0,0.0,116.36,0.0,0.12,10313,9.7,0.0,87.28,0.0
2020-06-25,Bahia,Itapitanga,0.0,0,0,0.0,12,0,0.0,116.36,0.0,0.12,10313,9.7,0.0,87.28,0.0
2020-06-24,Bahia,Itapitanga,9.7,1,0,0.0,12,0,0.0,116.36,0.0,0.12,10313,9.7,9.7,87.28,9.7
2020-06-23,Bahia,Itapitanga,0.0,0,0,0.0,11,0,0.0,106.66,0.0,0.11,10313,0.0,0.0,77.58,0.0
2020-06-22,Bahia,Itapitanga,0.0,0,0,0.0,11,0,0.0,106.66,0.0,0.11,10313,0.0,0.0,77.58,0.0
2020-06-21,Bahia,Itapitanga,0.0,0,0,0.0,11,0,0.0,106.66,0.0,0.11,10313,0.0,-9.7,77.58,-19.39
2020-06-20,Bahia,Itapitanga,0.0,0,0,0.0,11,0,0.0,106.66,0.0,0.11,10313,9.7,0.0,96.97,0.0
2020-06-19,Bahia,Itapitanga,0.0,0,0,0.0,11,0,0.0,106.66,0.0,0.11,10313,9.7,0.0,96.97,0.0
2020-06-18,Bahia,Itapitanga,0.0,0,0,0.0,11,0,0.0,106.66,0.0,0.11,10313,9.7,-9.7,96.97,0.0
2020-06-17,Bahia,Itapitanga,0.0,0,0,0.0,11,0,0.0,106.66,0.0,0.11,10313,19.4,0.0,96.97,0.0
2020-06-16,Bahia,Itapitanga,0.0,0,0,0.0,11,0,0.0,106.66,0.0,0.11,10313,19.4,-19.39,96.97,0.0
2020-06-15,Bahia,Itapitanga,0.0,0,0,0.0,11,0,0.0,106.66,0.0,0.11,10313,38.79,0.0,96.97,0.0
2020-06-14,Bahia,Itapitanga,9.7,1,0,0.0,11,0,0.0,106.66,0.0,0.11,10313,38.79,9.7,96.97,9.7
2020-06-13,Bahia,Itapitanga,0.0,0,0,0.0,10,0,0.0,96.96,0.0,0.1,10313,29.09,-9.7,87.27,19.39
2020-06-12,Bahia,Itapitanga,0.0,0,0,0.0,10,0,0.0,96.96,0.0,0.1,10313,38.79,0.0,67.88,-19.39
2020-06-11,Bahia,Itapitanga,9.7,1,0,0.0,10,0,0.0,96.96,0.0,0.1,10313,38.79,9.7,87.27,9.7
2020-06-10,Bahia,Itapitanga,0.0,0,0,0.0,9,0,0.0,87.27,0.0,0.09,10313,29.09,-29.09,77.57,0.0
2020-06-09,Bahia,Itapitanga,19.39,2,0,0.0,9,0,0.0,87.27,0.0,0.09,10313,58.18,19.39,77.57,19.39
2020-06-07,Bahia,Itapitanga,0.0,0,0,0.0,7,0,0.0,67.88,0.0,0.07,10313,38.79,0.0,58.18,0.0
2020-06-06,Bahia,Itapitanga,0.0,0,0,0.0,7,0,0.0,67.88,0.0,0.07,10313,38.79,0.0,58.18,0.0
2020-06-05,Bahia,Itapitanga,9.7,1,0,0.0,7,0,0.0,67.88,0.0,0.07,10313,38.79,9.7,58.18,9.7
2020-06-04,Bahia,Itapitanga,0.0,0,0,0.0,6,0,0.0,58.18,0.0,0.06,10313,29.09,0.0,48.48,0.0
2020-06-03,Bahia,Itapitanga,0.0,0,0,0.0,6,0,0.0,58.18,0.0,0.06,10313,29.09,0.0,48.48,0.0
2020-06-02,Bahia,Itapitanga,29.09,3,0,0.0,6,0,0.0,58.18,0.0,0.06,10313,29.09,29.09,48.48,29.09
2020-06-01,Bahia,Itapitanga,0.0,0,0,0.0,3,0,0.0,29.09,0.0,0.03,10313,0.0,0.0,19.39,0.0
2020-05-31,Bahia,Itapitanga,0.0,0,0,0.0,3,0,0.0,29.09,0.0,0.03,10313,0.0,0.0,19.39,0.0
2020-05-30,Bahia,Itapitanga,0.0,0,0,0.0,3,0,0.0,29.09,0.0,0.03,10313,0.0,-19.39,19.39,0.0
2020-05-29,Bahia,Itapitanga,0.0,0,0,0.0,3,0,0.0,29.09,0.0,0.03,10313,19.39,0.0,19.39,0.0
2020-05-28,Bahia,Itapitanga,0.0,0,0,0.0,3,0,0.0,29.09,0.0,0.03,10313,19.39,0.0,19.39,0.0
2020-05-27,Bahia,Itapitanga,0.0,0,0,0.0,3,0,0.0,29.09,0.0,0.03,10313,19.39,0.0,19.39,0.0
2020-05-26,Bahia,Itapitanga,0.0,0,0,0.0,3,0,0.0,29.09,0.0,0.03,10313,19.39,0.0,19.39,0.0
2020-05-25,Bahia,Itapitanga,0.0,0,0,0.0,3,0,0.0,29.09,0.0,0.03,10313,19.39,0.0,19.39,0.0
2020-05-24,Bahia,Itapitanga,0.0,0,0,0.0,3,0,0.0,29.09,0.0,0.03,10313,19.39,0.0,19.39,0.0
2020-05-23,Bahia,Itapitanga,19.39,2,0,0.0,3,0,0.0,29.09,0.0,0.03,10313,19.39,19.39,19.39,19.39
2020-05-22,Bahia,Itapitanga,0.0,0,0,0.0,1,0,0.0,9.7,0.0,0.01,10313,0.0,19.39,0.0,0.0
2020-05-21,Bahia,Itapitanga,0.0,0,0,0.0,1,0,0.0,9.7,0.0,0.01,10313,-19.39,-19.39,0.0,0.0
2020-05-20,Bahia,Itapitanga,0.0,0,0,0.0,1,0,0.0,9.7,0.0,0.01,10313,0.0,0.0,0.0,0.0
2020-05-19,Bahia,Itapitanga,0.0,0,0,0.0,1,0,0.0,9.7,0.0,0.01,10313,0.0,0.0,0.0,0.0
2020-05-18,Bahia,Itapitanga,0.0,0,0,0.0,1,0,0.0,9.7,0.0,0.01,10313,0.0,0.0,0.0,0.0
2020-05-17,Bahia,Itapitanga,0.0,0,0,0.0,1,0,0.0,9.7,0.0,0.01,10313,0.0,0.0,0.0,0.0
2020-05-16,Bahia,Itapitanga,0.0,0,0,0.0,1,0,0.0,9.7,0.0,0.01,10313,0.0,0.0,0.0,0.0
2020-05-15,Bahia,Itapitanga,-19.39,-2,0,0.0,1,0,0.0,9.7,0.0,0.01,10313,0.0,-19.39,0.0,-19.39
2020-05-14,Bahia,Itapitanga,19.39,2,0,0.0,3,0,0.0,29.09,0.0,0.03,10313,19.39,19.39,19.39,19.39
2020-05-13,Bahia,Itapitanga,0.0,0,0,0.0,1,0,0.0,9.7,0.0,0.01,10313,0.0,0.0,0.0,0.0
2020-05-12,Bahia,Itapitanga,0.0,0,0,0.0,1,0,0.0,9.7,0.0,0.01,10313,0.0,0.0,0.0,0.0
2020-05-11,Bahia,Itapitanga,0.0,0,0,0.0,1,0,0.0,9.7,0.0,0.01,10313,0.0,0.0,0.0,0.0
2020-05-10,Bahia,Itapitanga,0.0,0,0,0.0,1,0,0.0,9.7,0.0,0.01,10313,0.0,0.0,0.0,0.0
2020-05-09,Bahia,Itapitanga,0.0,0,0,0.0,1,0,0.0,9.7,0.0,0.01,10313,0.0,0.0,0.0,0.0
