date,state,city,1day_cases_100k,new_cases,new_deaths,new_deaths_100k,total_cases,total_deaths,cfr%,total_cases_100k,total_deaths_100k,%infected,population,7day_cases_100k,7day_cases_change,28day_cases_100k,28day_cases_change
2020-10-23,Bahia,Macaúbas,0.0,0,0,0.0,71,1,1.41,142.5,2.01,0.14,49826,12.05,0.0,52.19,-2.01
2020-10-22,Bahia,Macaúbas,2.01,1,0,0.0,71,1,1.41,142.5,2.01,0.14,49826,12.05,2.01,54.2,-4.01
2020-10-21,Bahia,Macaúbas,2.01,1,0,0.0,70,1,1.43,140.49,2.01,0.14,49826,10.04,2.01,58.21,2.01
2020-10-20,Bahia,Macaúbas,2.01,1,0,0.0,69,1,1.45,138.48,2.01,0.14,49826,8.03,-2.0,56.2,-6.02
2020-10-19,Bahia,Macaúbas,0.0,0,0,0.0,68,1,1.47,136.47,2.01,0.14,49826,10.03,-4.01,62.22,0.0
2020-10-18,Bahia,Macaúbas,6.02,3,0,0.0,68,1,1.47,136.47,2.01,0.14,49826,14.04,6.02,62.22,6.02
2020-10-17,Bahia,Macaúbas,0.0,0,0,0.0,65,1,1.54,130.45,2.01,0.13,49826,8.02,0.0,56.2,-4.01
2020-10-16,Bahia,Macaúbas,0.0,0,0,0.0,65,1,1.54,130.45,2.01,0.13,49826,8.02,0.0,60.21,0.0
2020-10-15,Bahia,Macaúbas,0.0,0,0,0.0,65,1,1.54,130.45,2.01,0.13,49826,8.02,-2.01,60.21,-2.01
2020-10-14,Bahia,Macaúbas,0.0,0,0,0.0,65,1,1.54,130.45,2.01,0.13,49826,10.03,-8.03,62.22,0.0
2020-10-13,Bahia,Macaúbas,4.01,2,0,0.0,65,1,1.54,130.45,2.01,0.13,49826,18.06,4.01,62.22,4.01
2020-10-12,Bahia,Macaúbas,4.01,2,0,0.0,63,1,1.59,126.44,2.01,0.13,49826,14.05,4.01,58.21,4.01
2020-10-11,Bahia,Macaúbas,0.0,0,0,0.0,61,1,1.64,122.43,2.01,0.12,49826,10.04,-2.01,54.2,0.0
2020-10-10,Bahia,Macaúbas,0.0,0,0,0.0,61,1,1.64,122.43,2.01,0.12,49826,12.05,0.0,54.2,0.0
2020-10-09,Bahia,Macaúbas,0.0,0,0,0.0,61,1,1.64,122.43,2.01,0.12,49826,12.05,-2.01,54.2,0.0
2020-10-08,Bahia,Macaúbas,2.01,1,0,0.0,61,1,1.64,122.43,2.01,0.12,49826,14.06,0.0,54.2,2.01
2020-10-07,Bahia,Macaúbas,8.03,4,0,0.0,60,1,1.67,120.42,2.01,0.12,49826,14.06,-2.0,52.19,8.03
2020-10-06,Bahia,Macaúbas,0.0,0,0,0.0,56,1,1.79,112.39,2.01,0.11,49826,16.06,0.0,44.16,0.0
2020-10-05,Bahia,Macaúbas,0.0,0,0,0.0,56,1,1.79,112.39,2.01,0.11,49826,16.06,-4.01,44.16,0.0
2020-10-04,Bahia,Macaúbas,2.01,1,0,0.0,56,1,1.79,112.39,2.01,0.11,49826,20.07,0.0,44.16,2.01
2020-10-03,Bahia,Macaúbas,0.0,0,0,0.0,55,1,1.82,110.38,2.01,0.11,49826,20.07,0.0,42.15,0.0
2020-10-02,Bahia,Macaúbas,2.01,1,0,0.0,55,1,1.82,110.38,2.01,0.11,49826,20.07,0.0,42.15,2.01
2020-10-01,Bahia,Macaúbas,2.01,1,0,0.0,54,1,1.85,108.38,2.01,0.11,49826,20.07,-4.01,40.14,2.01
2020-09-30,Bahia,Macaúbas,10.03,5,0,0.0,53,1,1.89,106.37,2.01,0.11,49826,24.08,10.03,38.13,10.03
2020-09-29,Bahia,Macaúbas,0.0,0,0,0.0,48,1,2.08,96.34,2.01,0.1,49826,14.05,-8.03,28.1,0.0
2020-09-28,Bahia,Macaúbas,4.01,2,0,0.0,48,1,2.08,96.34,2.01,0.1,49826,22.08,4.01,28.1,4.01
2020-09-27,Bahia,Macaúbas,2.01,1,0,0.0,46,1,2.17,92.32,2.01,0.09,49826,18.07,2.01,24.09,2.01
2020-09-26,Bahia,Macaúbas,0.0,0,0,0.0,45,1,2.22,90.31,2.01,0.09,49826,16.06,-4.01,22.08,-2.01
2020-09-25,Bahia,Macaúbas,2.01,1,0,0.0,45,1,2.22,90.31,2.01,0.09,49826,20.07,2.01,24.09,4.02
2020-09-24,Bahia,Macaúbas,6.02,3,0,0.0,44,1,2.27,88.31,2.01,0.09,49826,18.06,4.01,20.07,2.01
2020-09-23,Bahia,Macaúbas,0.0,0,0,0.0,41,1,2.44,82.29,2.01,0.08,49826,14.05,0.0,18.06,0.0
2020-09-22,Bahia,Macaúbas,8.03,4,0,0.0,41,1,2.44,82.29,2.01,0.08,49826,14.05,8.03,18.06,8.03
2020-09-21,Bahia,Macaúbas,0.0,0,0,0.0,37,1,2.7,74.26,2.01,0.07,49826,6.02,0.0,10.03,0.0
2020-09-20,Bahia,Macaúbas,0.0,0,0,0.0,37,1,2.7,74.26,2.01,0.07,49826,6.02,0.0,10.03,0.0
2020-09-19,Bahia,Macaúbas,4.01,2,0,0.0,37,1,2.7,74.26,2.01,0.07,49826,6.02,4.01,10.03,4.01
2020-09-18,Bahia,Macaúbas,0.0,0,0,0.0,35,1,2.86,70.24,2.01,0.07,49826,2.01,0.0,6.02,0.0
2020-09-17,Bahia,Macaúbas,2.01,1,0,0.0,35,1,2.86,70.24,2.01,0.07,49826,2.01,2.01,6.02,2.01
2020-09-16,Bahia,Macaúbas,0.0,0,0,0.0,34,1,2.94,68.24,2.01,0.07,49826,0.0,0.0,4.01,0.0
2020-09-15,Bahia,Macaúbas,0.0,0,0,0.0,34,1,2.94,68.24,2.01,0.07,49826,0.0,0.0,4.01,0.0
2020-09-14,Bahia,Macaúbas,0.0,0,0,0.0,34,1,2.94,68.24,2.01,0.07,49826,0.0,0.0,4.01,0.0
2020-09-13,Bahia,Macaúbas,0.0,0,0,0.0,34,1,2.94,68.24,2.01,0.07,49826,0.0,0.0,4.01,-4.01
2020-09-11,Bahia,Macaúbas,0.0,0,0,0.0,34,1,2.94,68.24,2.01,0.07,49826,0.0,0.0,8.02,-4.01
2020-09-09,Bahia,Macaúbas,0.0,0,0,0.0,34,1,2.94,68.24,2.01,0.07,49826,0.0,0.0,12.03,0.0
2020-09-08,Bahia,Macaúbas,0.0,0,0,0.0,34,1,2.94,68.24,2.01,0.07,49826,0.0,0.0,12.03,0.0
2020-09-07,Bahia,Macaúbas,0.0,0,0,0.0,34,1,2.94,68.24,2.01,0.07,49826,0.0,0.0,12.03,-2.01
2020-09-06,Bahia,Macaúbas,0.0,0,0,0.0,34,1,2.94,68.24,2.01,0.07,49826,0.0,0.0,14.04,0.0
2020-09-05,Bahia,Macaúbas,0.0,0,0,0.0,34,1,2.94,68.24,2.01,0.07,49826,0.0,0.0,14.04,-4.01
2020-09-04,Bahia,Macaúbas,0.0,0,0,0.0,34,1,2.94,68.24,2.01,0.07,49826,0.0,0.0,18.05,2.01
2020-09-03,Bahia,Macaúbas,0.0,0,0,0.0,34,1,2.94,68.24,2.01,0.07,49826,0.0,-2.01,16.04,-4.01
2020-09-02,Bahia,Macaúbas,0.0,0,0,0.0,34,1,2.94,68.24,2.01,0.07,49826,2.01,2.01,20.05,2.01
2020-09-01,Bahia,Macaúbas,0.0,0,0,0.0,34,1,2.94,68.24,2.01,0.07,49826,0.0,-4.01,18.04,0.0
2020-08-31,Bahia,Macaúbas,0.0,0,0,0.0,34,1,2.94,68.24,2.01,0.07,49826,4.01,0.0,18.04,0.0
2020-08-30,Bahia,Macaúbas,0.0,0,0,0.0,34,1,2.94,68.24,2.01,0.07,49826,4.01,0.0,18.04,-2.01
2020-08-29,Bahia,Macaúbas,0.0,0,0,0.0,34,1,2.94,68.24,2.01,0.07,49826,4.01,0.0,20.05,0.0
2020-08-28,Bahia,Macaúbas,0.0,0,0,0.0,34,1,2.94,68.24,2.01,0.07,49826,4.01,0.0,20.05,-4.01
2020-08-27,Bahia,Macaúbas,2.01,1,0,0.0,34,1,2.94,68.24,2.01,0.07,49826,4.01,2.01,24.06,-2.0
2020-08-26,Bahia,Macaúbas,-2.01,-1,0,0.0,33,1,3.03,66.23,2.01,0.07,49826,2.0,-2.01,26.06,-2.01
2020-08-25,Bahia,Macaúbas,4.01,2,0,0.0,34,1,2.94,68.24,2.01,0.07,49826,4.01,4.01,28.07,2.0
2020-08-24,Bahia,Macaúbas,0.0,0,0,0.0,32,1,3.12,64.22,2.01,0.06,49826,0.0,0.0,26.07,-2.01
2020-08-23,Bahia,Macaúbas,0.0,0,0,0.0,32,1,3.12,64.22,2.01,0.06,49826,0.0,0.0,28.08,-6.02
2020-08-22,Bahia,Macaúbas,0.0,0,0,0.0,32,1,3.12,64.22,2.01,0.06,49826,0.0,0.0,34.1,0.0
2020-08-21,Bahia,Macaúbas,0.0,0,0,0.0,32,1,3.12,64.22,2.01,0.06,49826,0.0,-4.01,34.1,-2.01
2020-08-20,Bahia,Macaúbas,0.0,0,0,0.0,32,1,3.12,64.22,2.01,0.06,49826,4.01,-4.01,36.11,-6.02
2020-08-19,Bahia,Macaúbas,0.0,0,0,0.0,32,1,3.12,64.22,2.01,0.06,49826,8.02,0.0,42.13,0.0
2020-08-18,Bahia,Macaúbas,0.0,0,0,0.0,32,1,3.12,64.22,2.01,0.06,49826,8.02,0.0,42.13,-2.01
2020-08-17,Bahia,Macaúbas,0.0,0,0,0.0,32,1,3.12,64.22,2.01,0.06,49826,8.02,-2.01,44.14,0.0
2020-08-16,Bahia,Macaúbas,0.0,0,0,0.0,32,1,3.12,64.22,2.01,0.06,49826,10.03,0.0,44.14,0.0
2020-08-15,Bahia,Macaúbas,0.0,0,0,0.0,32,1,3.12,64.22,2.01,0.06,49826,10.03,-4.01,44.14,-2.01
2020-08-14,Bahia,Macaúbas,4.01,2,1,2.01,32,1,3.12,64.22,2.01,0.06,49826,14.04,6.02,46.15,2.0
2020-08-12,Bahia,Macaúbas,4.01,2,0,0.0,30,0,0.0,60.21,0.0,0.06,49826,8.02,0.0,44.15,4.01
2020-08-11,Bahia,Macaúbas,0.0,0,0,0.0,28,0,0.0,56.2,0.0,0.06,49826,8.02,2.01,40.14,-2.01
2020-08-10,Bahia,Macaúbas,0.0,0,0,0.0,28,0,0.0,56.2,0.0,0.06,49826,6.01,0.0,42.15,0.0
2020-08-09,Bahia,Macaúbas,2.01,1,0,0.0,28,0,0.0,56.2,0.0,0.06,49826,6.01,2.01,42.15,2.01
2020-08-08,Bahia,Macaúbas,0.0,0,0,0.0,27,0,0.0,54.19,0.0,0.05,49826,4.0,-2.01,40.14,-4.01
2020-08-07,Bahia,Macaúbas,4.01,2,0,0.0,27,0,0.0,54.19,0.0,0.05,49826,6.01,4.01,44.15,2.0
2020-08-06,Bahia,Macaúbas,-2.01,-1,0,0.0,25,0,0.0,50.17,0.0,0.05,49826,2.0,-6.02,42.15,-2.01
2020-08-05,Bahia,Macaúbas,4.01,2,0,0.0,26,0,0.0,52.18,0.0,0.05,49826,8.02,0.0,44.16,4.01
2020-08-04,Bahia,Macaúbas,-2.01,-1,0,0.0,24,0,0.0,48.17,0.0,0.05,49826,8.02,-2.01,40.15,-2.01
2020-08-03,Bahia,Macaúbas,0.0,0,0,0.0,25,0,0.0,50.17,0.0,0.05,49826,10.03,-2.01,42.16,0.0
2020-08-02,Bahia,Macaúbas,0.0,0,0,0.0,25,0,0.0,50.17,0.0,0.05,49826,12.04,-2.01,42.16,0.0
2020-08-01,Bahia,Macaúbas,2.01,1,0,0.0,25,0,0.0,50.17,0.0,0.05,49826,14.05,-4.01,42.16,2.01
2020-07-31,Bahia,Macaúbas,0.0,0,0,0.0,24,0,0.0,48.17,0.0,0.05,49826,18.06,0.0,40.15,0.0
2020-07-30,Bahia,Macaúbas,4.01,2,0,0.0,24,0,0.0,48.17,0.0,0.05,49826,18.06,2.0,40.15,4.01
2020-07-29,Bahia,Macaúbas,4.01,2,0,0.0,22,0,0.0,44.15,0.0,0.04,49826,16.06,-2.01,36.14,4.01
2020-07-28,Bahia,Macaúbas,0.0,0,0,0.0,20,0,0.0,40.14,0.0,0.04,49826,18.07,0.0,32.13,0.0
2020-07-27,Bahia,Macaúbas,2.01,1,0,0.0,20,0,0.0,40.14,0.0,0.04,49826,18.07,0.0,32.13,2.01
2020-07-26,Bahia,Macaúbas,2.01,1,0,0.0,19,0,0.0,38.13,0.0,0.04,49826,18.07,2.01,30.12,2.01
2020-07-25,Bahia,Macaúbas,6.02,3,0,0.0,18,0,0.0,36.13,0.0,0.04,49826,16.06,6.02,28.11,6.02
2020-07-24,Bahia,Macaúbas,0.0,0,0,0.0,15,0,0.0,30.1,0.0,0.03,49826,10.04,-2.01,22.09,-2.01
2020-07-23,Bahia,Macaúbas,2.01,1,0,0.0,15,0,0.0,30.1,0.0,0.03,49826,12.05,0.0,24.1,2.01
2020-07-22,Bahia,Macaúbas,6.02,3,0,0.0,14,0,0.0,28.1,0.0,0.03,49826,12.05,6.02,22.09,6.02
2020-07-21,Bahia,Macaúbas,0.0,0,0,0.0,11,0,0.0,22.08,0.0,0.02,49826,6.03,-2.01,16.07,0.0
2020-07-20,Bahia,Macaúbas,2.01,1,0,0.0,11,0,0.0,22.08,0.0,0.02,49826,8.04,2.01,16.07,2.01
2020-07-19,Bahia,Macaúbas,0.0,0,0,0.0,10,0,0.0,20.07,0.0,0.02,49826,6.03,0.0,14.06,0.0
2020-07-18,Bahia,Macaúbas,0.0,0,0,0.0,10,0,0.0,20.07,0.0,0.02,49826,6.03,-4.01,14.06,0.0
2020-07-17,Bahia,Macaúbas,2.01,1,0,0.0,10,0,0.0,20.07,0.0,0.02,49826,10.04,0.0,14.06,4.02
2020-07-16,Bahia,Macaúbas,2.01,1,0,0.0,9,0,0.0,18.06,0.0,0.02,49826,10.04,2.01,10.04,2.01
2020-07-15,Bahia,Macaúbas,0.0,0,0,0.0,8,0,0.0,16.06,0.0,0.02,49826,8.03,0.0,8.03,-2.01
2020-07-14,Bahia,Macaúbas,2.01,1,0,0.0,8,0,0.0,16.06,0.0,0.02,49826,8.03,2.01,10.04,2.01
2020-07-13,Bahia,Macaúbas,0.0,0,0,0.0,7,0,0.0,14.05,0.0,0.01,49826,6.02,0.0,8.03,0.0
2020-07-12,Bahia,Macaúbas,0.0,0,0,0.0,7,0,0.0,14.05,0.0,0.01,49826,6.02,0.0,8.03,0.0
2020-07-11,Bahia,Macaúbas,4.01,2,0,0.0,7,0,0.0,14.05,0.0,0.01,49826,6.02,4.01,8.03,4.01
2020-07-10,Bahia,Macaúbas,2.01,1,0,0.0,5,0,0.0,10.03,0.0,0.01,49826,2.01,2.01,4.02,2.01
2020-07-09,Bahia,Macaúbas,0.0,0,0,0.0,4,0,0.0,8.03,0.0,0.01,49826,0.0,0.0,2.01,-2.01
2020-07-08,Bahia,Macaúbas,0.0,0,0,0.0,4,0,0.0,8.03,0.0,0.01,49826,0.0,0.0,4.02,0.0
2020-07-07,Bahia,Macaúbas,0.0,0,0,0.0,4,0,0.0,8.03,0.0,0.01,49826,0.0,0.0,4.02,0.0
2020-07-06,Bahia,Macaúbas,0.0,0,0,0.0,4,0,0.0,8.03,0.0,0.01,49826,0.0,0.0,4.02,-2.01
2020-07-05,Bahia,Macaúbas,0.0,0,0,0.0,4,0,0.0,8.03,0.0,0.01,49826,0.0,0.0,6.03,0.0
2020-07-04,Bahia,Macaúbas,0.0,0,0,0.0,4,0,0.0,8.03,0.0,0.01,49826,0.0,0.0,6.03,0.0
2020-07-03,Bahia,Macaúbas,0.0,0,0,0.0,4,0,0.0,8.03,0.0,0.01,49826,0.0,-2.01,6.03,0.0
2020-07-02,Bahia,Macaúbas,0.0,0,0,0.0,4,0,0.0,8.03,0.0,0.01,49826,2.01,0.0,6.03,2.01
2020-07-01,Bahia,Macaúbas,0.0,0,0,0.0,4,0,0.0,8.03,0.0,0.01,49826,2.01,0.0,4.02,-2.01
2020-06-30,Bahia,Macaúbas,0.0,0,0,0.0,4,0,0.0,8.03,0.0,0.01,49826,2.01,0.0,6.03,-2.01
2020-06-29,Bahia,Macaúbas,0.0,0,0,0.0,4,0,0.0,8.03,0.0,0.01,49826,2.01,0.0,8.04,-2.01
2020-06-28,Bahia,Macaúbas,0.0,0,0,0.0,4,0,0.0,8.03,0.0,0.01,49826,2.01,0.0,10.05,0.0
2020-06-27,Bahia,Macaúbas,0.0,0,0,0.0,4,0,0.0,8.03,0.0,0.01,49826,2.01,0.0,10.05,0.0
2020-06-26,Bahia,Macaúbas,2.01,1,0,0.0,4,0,0.0,8.03,0.0,0.01,49826,2.01,4.02,10.05,2.01
2020-06-25,Bahia,Macaúbas,0.0,0,0,0.0,3,0,0.0,6.02,0.0,0.01,49826,-2.01,0.0,8.04,0.0
2020-06-24,Bahia,Macaúbas,0.0,0,0,0.0,3,0,0.0,6.02,0.0,0.01,49826,-2.01,-2.01,8.04,0.0
2020-06-23,Bahia,Macaúbas,0.0,0,0,0.0,3,0,0.0,6.02,0.0,0.01,49826,0.0,0.0,8.04,0.0
2020-06-22,Bahia,Macaúbas,0.0,0,0,0.0,3,0,0.0,6.02,0.0,0.01,49826,0.0,0.0,8.04,0.0
2020-06-21,Bahia,Macaúbas,0.0,0,0,0.0,3,0,0.0,6.02,0.0,0.01,49826,0.0,0.0,8.04,0.0
2020-06-20,Bahia,Macaúbas,0.0,0,0,0.0,3,0,0.0,6.02,0.0,0.01,49826,0.0,0.0,8.04,0.0
2020-06-19,Bahia,Macaúbas,-2.01,-1,0,0.0,3,0,0.0,6.02,0.0,0.01,49826,0.0,-2.01,8.04,-2.01
2020-06-18,Bahia,Macaúbas,0.0,0,0,0.0,4,0,0.0,8.03,0.0,0.01,49826,2.01,-2.01,10.05,0.0
2020-06-17,Bahia,Macaúbas,2.01,1,0,0.0,4,0,0.0,8.03,0.0,0.01,49826,4.02,2.01,10.05,2.01
2020-06-16,Bahia,Macaúbas,0.0,0,0,0.0,3,0,0.0,6.02,0.0,0.01,49826,2.01,0.0,8.04,0.0
2020-06-15,Bahia,Macaúbas,0.0,0,0,0.0,3,0,0.0,6.02,0.0,0.01,49826,2.01,-2.01,8.04,0.0
2020-06-14,Bahia,Macaúbas,0.0,0,0,0.0,3,0,0.0,6.02,0.0,0.01,49826,4.02,0.0,8.04,0.0
2020-06-13,Bahia,Macaúbas,0.0,0,0,0.0,3,0,0.0,6.02,0.0,0.01,49826,4.02,0.0,8.04,0.0
2020-06-12,Bahia,Macaúbas,0.0,0,0,0.0,3,0,0.0,6.02,0.0,0.01,49826,4.02,0.0,8.04,0.0
2020-06-11,Bahia,Macaúbas,2.01,1,0,0.0,3,0,0.0,6.02,0.0,0.01,49826,4.02,4.02,8.04,2.01
2020-06-10,Bahia,Macaúbas,0.0,0,0,0.0,2,0,0.0,4.01,0.0,0.0,49826,0.0,-2.01,6.03,0.0
2020-06-09,Bahia,Macaúbas,0.0,0,0,0.0,2,0,0.0,4.01,0.0,0.0,49826,2.01,-2.01,6.03,0.0
2020-06-07,Bahia,Macaúbas,2.01,1,0,0.0,2,0,0.0,4.01,0.0,0.0,49826,4.02,0.0,6.03,2.01
2020-06-06,Bahia,Macaúbas,0.0,0,0,0.0,1,0,0.0,2.01,0.0,0.0,49826,4.02,0.0,4.02,0.0
2020-06-05,Bahia,Macaúbas,0.0,0,0,0.0,1,0,0.0,2.01,0.0,0.0,49826,4.02,0.0,4.02,0.0
2020-06-04,Bahia,Macaúbas,0.0,0,0,0.0,1,0,0.0,2.01,0.0,0.0,49826,4.02,0.0,4.02,0.0
2020-06-03,Bahia,Macaúbas,-2.01,-1,0,0.0,1,0,0.0,2.01,0.0,0.0,49826,4.02,-2.01,4.02,-2.01
2020-06-02,Bahia,Macaúbas,2.01,1,0,0.0,2,0,0.0,4.01,0.0,0.0,49826,6.03,2.01,6.03,2.01
2020-06-01,Bahia,Macaúbas,2.01,1,0,0.0,1,0,0.0,2.01,0.0,0.0,49826,4.02,2.01,4.02,2.01
2020-05-31,Bahia,Macaúbas,2.01,1,0,0.0,0,0,0.0,0.0,0.0,0.0,49826,2.01,2.01,2.01,2.01
