date,state,city,1day_cases_100k,new_cases,new_deaths,new_deaths_100k,total_cases,total_deaths,cfr%,total_cases_100k,total_deaths_100k,%infected,population,7day_cases_100k,7day_cases_change,28day_cases_100k,28day_cases_change
2020-10-15,Bahia,Mansidão,0.0,0,0,0.0,72,1,1.39,527.74,7.33,0.53,13643,-0.0,0.0,14.66,0.0
2020-10-14,Bahia,Mansidão,0.0,0,0,0.0,72,1,1.39,527.74,7.33,0.53,13643,-0.0,0.0,14.66,0.0
2020-10-13,Bahia,Mansidão,0.0,0,0,0.0,72,1,1.39,527.74,7.33,0.53,13643,-0.0,0.0,14.66,0.0
2020-10-12,Bahia,Mansidão,0.0,0,0,0.0,72,1,1.39,527.74,7.33,0.53,13643,-0.0,0.0,14.66,0.0
2020-10-11,Bahia,Mansidão,0.0,0,0,0.0,72,1,1.39,527.74,7.33,0.53,13643,-0.0,0.0,14.66,-21.99
2020-10-10,Bahia,Mansidão,0.0,0,0,0.0,72,1,1.39,527.74,7.33,0.53,13643,-0.0,0.0,36.65,0.0
2020-10-09,Bahia,Mansidão,0.0,0,0,0.0,72,1,1.39,527.74,7.33,0.53,13643,-0.0,0.0,36.65,-14.66
2020-10-08,Bahia,Mansidão,0.0,0,0,0.0,72,1,1.39,527.74,7.33,0.53,13643,-0.0,0.0,51.31,0.0
2020-10-07,Bahia,Mansidão,0.0,0,0,0.0,72,1,1.39,527.74,7.33,0.53,13643,-0.0,0.0,51.31,0.0
2020-10-06,Bahia,Mansidão,0.0,0,0,0.0,72,1,1.39,527.74,7.33,0.53,13643,-0.0,0.0,51.31,-7.33
2020-10-05,Bahia,Mansidão,0.0,0,0,0.0,72,1,1.39,527.74,7.33,0.53,13643,-0.0,0.0,58.64,-21.99
2020-10-04,Bahia,Mansidão,0.0,0,0,0.0,72,1,1.39,527.74,7.33,0.53,13643,-0.0,0.0,80.63,0.0
2020-10-03,Bahia,Mansidão,0.0,0,0,0.0,72,1,1.39,527.74,7.33,0.53,13643,-0.0,0.0,80.63,0.0
2020-10-02,Bahia,Mansidão,0.0,0,0,0.0,72,1,1.39,527.74,7.33,0.53,13643,-0.0,0.0,80.63,0.0
2020-10-01,Bahia,Mansidão,0.0,0,0,0.0,72,1,1.39,527.74,7.33,0.53,13643,-0.0,0.0,80.63,0.0
2020-09-30,Bahia,Mansidão,0.0,0,0,0.0,72,1,1.39,527.74,7.33,0.53,13643,-0.0,0.0,80.63,0.0
2020-09-29,Bahia,Mansidão,0.0,0,0,0.0,72,1,1.39,527.74,7.33,0.53,13643,-0.0,0.0,80.63,-14.66
2020-09-28,Bahia,Mansidão,0.0,0,0,0.0,72,1,1.39,527.74,7.33,0.53,13643,-0.0,0.0,95.29,0.0
2020-09-27,Bahia,Mansidão,0.0,0,0,0.0,72,1,1.39,527.74,7.33,0.53,13643,-0.0,0.0,95.29,0.0
2020-09-26,Bahia,Mansidão,0.0,0,0,0.0,72,1,1.39,527.74,7.33,0.53,13643,-0.0,-7.33,95.29,0.0
2020-09-25,Bahia,Mansidão,0.0,0,0,0.0,72,1,1.39,527.74,7.33,0.53,13643,7.33,-7.33,95.29,0.0
2020-09-24,Bahia,Mansidão,0.0,0,0,0.0,72,1,1.39,527.74,7.33,0.53,13643,14.66,0.0,95.29,0.0
2020-09-23,Bahia,Mansidão,0.0,0,0,0.0,72,1,1.39,527.74,7.33,0.53,13643,14.66,0.0,95.29,0.0
2020-09-22,Bahia,Mansidão,0.0,0,0,0.0,72,1,1.39,527.74,7.33,0.53,13643,14.66,0.0,95.29,0.0
2020-09-21,Bahia,Mansidão,0.0,0,0,0.0,72,1,1.39,527.74,7.33,0.53,13643,14.66,0.0,95.29,0.0
2020-09-20,Bahia,Mansidão,0.0,0,0,0.0,72,1,1.39,527.74,7.33,0.53,13643,14.66,-21.99,95.29,-7.33
2020-09-19,Bahia,Mansidão,7.33,1,0,0.0,72,1,1.39,527.74,7.33,0.53,13643,36.65,7.33,102.62,-7.33
2020-09-18,Bahia,Mansidão,7.33,1,0,0.0,71,1,1.41,520.41,7.33,0.52,13643,29.32,-7.33,109.95,7.33
2020-09-17,Bahia,Mansidão,0.0,0,0,0.0,70,1,1.43,513.08,7.33,0.51,13643,36.65,0.0,102.62,0.0
2020-09-16,Bahia,Mansidão,0.0,0,0,0.0,70,1,1.43,513.08,7.33,0.51,13643,36.65,0.0,102.62,0.0
2020-09-15,Bahia,Mansidão,0.0,0,0,0.0,70,1,1.43,513.08,7.33,0.51,13643,36.65,-7.33,102.62,0.0
2020-09-14,Bahia,Mansidão,0.0,0,0,0.0,70,1,1.43,513.08,7.33,0.51,13643,43.98,-21.99,102.62,0.0
2020-09-13,Bahia,Mansidão,21.99,3,0,0.0,70,1,1.43,513.08,7.33,0.51,13643,65.97,21.99,102.62,7.33
2020-09-11,Bahia,Mansidão,0.0,0,0,0.0,67,1,1.49,491.09,7.33,0.49,13643,43.98,0.0,95.29,-14.66
2020-09-09,Bahia,Mansidão,14.66,2,0,0.0,67,1,1.49,491.09,7.33,0.49,13643,43.98,14.66,109.95,14.66
2020-09-08,Bahia,Mansidão,0.0,0,0,0.0,65,1,1.54,476.43,7.33,0.48,13643,29.32,0.0,95.29,-14.66
2020-09-07,Bahia,Mansidão,0.0,0,0,0.0,65,1,1.54,476.43,7.33,0.48,13643,29.32,0.0,109.95,0.0
2020-09-06,Bahia,Mansidão,7.33,1,0,0.0,65,1,1.54,476.43,7.33,0.48,13643,29.32,-7.33,109.95,7.33
2020-09-05,Bahia,Mansidão,21.99,3,0,0.0,64,1,1.56,469.11,7.33,0.47,13643,36.65,21.99,102.62,14.66
2020-09-04,Bahia,Mansidão,0.0,0,0,0.0,61,1,1.64,447.12,7.33,0.45,13643,14.66,0.0,87.96,-14.66
2020-09-03,Bahia,Mansidão,0.0,0,0,0.0,61,1,1.64,447.12,7.33,0.45,13643,14.66,0.0,102.62,-7.33
2020-09-02,Bahia,Mansidão,0.0,0,0,0.0,61,1,1.64,447.12,7.33,0.45,13643,14.66,0.0,109.95,-7.33
2020-09-01,Bahia,Mansidão,0.0,0,0,0.0,61,1,1.64,447.12,7.33,0.45,13643,14.66,0.0,117.28,-7.33
2020-08-31,Bahia,Mansidão,0.0,0,0,0.0,61,1,1.64,447.12,7.33,0.45,13643,14.66,0.0,124.61,0.0
2020-08-30,Bahia,Mansidão,14.66,2,0,0.0,61,1,1.64,447.12,7.33,0.45,13643,14.66,14.66,124.61,7.33
2020-08-29,Bahia,Mansidão,0.0,0,0,0.0,59,1,1.69,432.46,7.33,0.43,13643,-0.0,0.0,117.28,-14.66
2020-08-28,Bahia,Mansidão,0.0,0,0,0.0,59,1,1.69,432.46,7.33,0.43,13643,-0.0,-7.33,131.94,0.0
2020-08-27,Bahia,Mansidão,0.0,0,0,0.0,59,1,1.69,432.46,7.33,0.43,13643,7.33,-14.66,131.94,0.0
2020-08-26,Bahia,Mansidão,0.0,0,0,0.0,59,1,1.69,432.46,7.33,0.43,13643,21.99,0.0,131.94,0.0
2020-08-25,Bahia,Mansidão,0.0,0,0,0.0,59,1,1.69,432.46,7.33,0.43,13643,21.99,0.0,131.94,0.0
2020-08-24,Bahia,Mansidão,0.0,0,0,0.0,59,1,1.69,432.46,7.33,0.43,13643,21.99,0.0,131.94,7.33
2020-08-23,Bahia,Mansidão,0.0,0,0,0.0,59,1,1.69,432.46,7.33,0.43,13643,21.99,0.0,124.61,0.0
2020-08-22,Bahia,Mansidão,0.0,0,0,0.0,59,1,1.69,432.46,7.33,0.43,13643,21.99,0.0,124.61,-7.33
2020-08-21,Bahia,Mansidão,7.33,1,0,0.0,59,1,1.69,432.46,7.33,0.43,13643,21.99,-7.33,131.94,-7.33
2020-08-20,Bahia,Mansidão,14.66,2,0,0.0,58,1,1.72,425.13,7.33,0.43,13643,29.32,0.0,139.27,14.66
2020-08-19,Bahia,Mansidão,0.0,0,0,0.0,56,1,1.79,410.47,7.33,0.41,13643,29.32,0.0,124.61,0.0
2020-08-18,Bahia,Mansidão,0.0,0,0,0.0,56,1,1.79,410.47,7.33,0.41,13643,29.32,-14.66,124.61,0.0
2020-08-17,Bahia,Mansidão,0.0,0,0,0.0,56,1,1.79,410.47,7.33,0.41,13643,43.98,0.0,124.61,0.0
2020-08-16,Bahia,Mansidão,0.0,0,0,0.0,56,1,1.79,410.47,7.33,0.41,13643,43.98,0.0,124.61,0.0
2020-08-15,Bahia,Mansidão,0.0,0,0,0.0,56,1,1.79,410.47,7.33,0.41,13643,43.98,-7.33,124.61,0.0
2020-08-14,Bahia,Mansidão,14.66,2,0,0.0,56,1,1.79,410.47,7.33,0.41,13643,51.31,0.0,124.61,7.33
2020-08-12,Bahia,Mansidão,14.66,2,0,0.0,54,1,1.85,395.81,7.33,0.4,13643,51.31,7.33,117.28,14.66
2020-08-11,Bahia,Mansidão,0.0,0,0,0.0,52,1,1.92,381.15,7.33,0.38,13643,43.98,-7.33,102.62,0.0
2020-08-10,Bahia,Mansidão,14.66,2,0,0.0,52,1,1.92,381.15,7.33,0.38,13643,51.31,7.33,102.62,14.66
2020-08-09,Bahia,Mansidão,0.0,0,0,0.0,50,1,2.0,366.49,7.33,0.37,13643,43.98,0.0,87.96,0.0
2020-08-08,Bahia,Mansidão,0.0,0,0,0.0,50,1,2.0,366.49,7.33,0.37,13643,43.98,-7.33,87.96,0.0
2020-08-07,Bahia,Mansidão,7.33,1,0,0.0,50,1,2.0,366.49,7.33,0.37,13643,51.31,-7.33,87.96,7.33
2020-08-06,Bahia,Mansidão,14.66,2,0,0.0,49,1,2.04,359.16,7.33,0.36,13643,58.64,14.66,80.63,14.66
2020-08-05,Bahia,Mansidão,7.33,1,0,0.0,47,1,2.13,344.5,7.33,0.34,13643,43.98,7.33,65.97,7.33
2020-08-04,Bahia,Mansidão,7.33,1,0,0.0,46,1,2.17,337.17,7.33,0.34,13643,36.65,7.33,58.64,7.33
2020-08-03,Bahia,Mansidão,7.33,1,0,0.0,45,1,2.22,329.84,7.33,0.33,13643,29.32,7.33,51.31,7.33
2020-08-02,Bahia,Mansidão,0.0,0,0,0.0,44,1,2.27,322.51,7.33,0.32,13643,21.99,7.33,43.98,0.0
2020-08-01,Bahia,Mansidão,7.33,1,0,0.0,44,1,2.27,322.51,7.33,0.32,13643,14.66,7.33,43.98,7.33
2020-07-31,Bahia,Mansidão,14.66,2,0,0.0,43,1,2.33,315.18,7.33,0.32,13643,7.33,7.33,36.65,14.66
2020-07-30,Bahia,Mansidão,0.0,0,0,0.0,41,1,2.44,300.52,7.33,0.3,13643,-0.0,-14.66,21.99,-7.33
2020-07-29,Bahia,Mansidão,0.0,0,0,0.0,41,1,2.44,300.52,7.33,0.3,13643,14.66,0.0,29.32,0.0
2020-07-28,Bahia,Mansidão,0.0,0,0,0.0,41,1,2.44,300.52,7.33,0.3,13643,14.66,0.0,29.32,0.0
2020-07-27,Bahia,Mansidão,0.0,0,0,0.0,41,1,2.44,300.52,7.33,0.3,13643,14.66,0.0,29.32,0.0
2020-07-26,Bahia,Mansidão,-7.33,-1,0,0.0,41,1,2.44,300.52,7.33,0.3,13643,14.66,-7.33,29.32,-7.33
2020-07-25,Bahia,Mansidão,0.0,0,0,0.0,42,1,2.38,307.85,7.33,0.31,13643,21.99,0.0,36.65,-7.33
2020-07-24,Bahia,Mansidão,7.33,1,0,0.0,42,1,2.38,307.85,7.33,0.31,13643,21.99,7.33,43.98,7.33
2020-07-23,Bahia,Mansidão,14.66,2,0,0.0,41,1,2.44,300.52,7.33,0.3,13643,14.66,7.33,36.65,7.33
2020-07-22,Bahia,Mansidão,0.0,0,0,0.0,39,1,2.56,285.86,7.33,0.29,13643,7.33,0.0,29.32,0.0
2020-07-21,Bahia,Mansidão,0.0,0,0,0.0,39,1,2.56,285.86,7.33,0.29,13643,7.33,0.0,29.32,-14.66
2020-07-20,Bahia,Mansidão,0.0,0,0,0.0,39,1,2.56,285.86,7.33,0.29,13643,7.33,0.0,43.98,0.0
2020-07-19,Bahia,Mansidão,0.0,0,0,0.0,39,1,2.56,285.86,7.33,0.29,13643,7.33,0.0,43.98,0.0
2020-07-18,Bahia,Mansidão,0.0,0,0,0.0,39,1,2.56,285.86,7.33,0.29,13643,7.33,0.0,43.98,-7.33
2020-07-17,Bahia,Mansidão,0.0,0,0,0.0,39,1,2.56,285.86,7.33,0.29,13643,7.33,0.0,51.31,0.0
2020-07-16,Bahia,Mansidão,7.33,1,0,0.0,39,1,2.56,285.86,7.33,0.29,13643,7.33,7.33,51.31,7.33
2020-07-15,Bahia,Mansidão,0.0,0,0,0.0,38,1,2.63,278.53,7.33,0.28,13643,-0.0,0.0,43.98,-43.98
2020-07-14,Bahia,Mansidão,0.0,0,0,0.0,38,1,2.63,278.53,7.33,0.28,13643,-0.0,0.0,87.96,0.0
2020-07-13,Bahia,Mansidão,0.0,0,0,0.0,38,1,2.63,278.53,7.33,0.28,13643,-0.0,0.0,87.96,0.0
2020-07-12,Bahia,Mansidão,0.0,0,0,0.0,38,1,2.63,278.53,7.33,0.28,13643,-0.0,0.0,87.96,0.0
2020-07-11,Bahia,Mansidão,0.0,0,0,0.0,38,1,2.63,278.53,7.33,0.28,13643,-0.0,0.0,87.96,0.0
2020-07-10,Bahia,Mansidão,0.0,0,0,0.0,38,1,2.63,278.53,7.33,0.28,13643,-0.0,0.0,87.96,0.0
2020-07-09,Bahia,Mansidão,0.0,0,0,0.0,38,1,2.63,278.53,7.33,0.28,13643,-0.0,-7.33,87.96,-14.66
2020-07-08,Bahia,Mansidão,0.0,0,0,0.0,38,1,2.63,278.53,7.33,0.28,13643,7.33,0.0,102.62,-36.65
2020-07-07,Bahia,Mansidão,0.0,0,0,0.0,38,1,2.63,278.53,7.33,0.28,13643,7.33,0.0,139.27,-29.32
2020-07-06,Bahia,Mansidão,0.0,0,0,0.0,38,1,2.63,278.53,7.33,0.28,13643,7.33,0.0,168.59,-58.64
2020-07-05,Bahia,Mansidão,0.0,0,0,0.0,38,1,2.63,278.53,7.33,0.28,13643,7.33,0.0,227.23,0.0
2020-07-04,Bahia,Mansidão,0.0,0,0,0.0,38,1,2.63,278.53,7.33,0.28,13643,7.33,-7.33,227.23,-7.33
2020-07-03,Bahia,Mansidão,0.0,0,1,7.33,38,1,2.63,278.53,7.33,0.28,13643,14.66,0.0,234.56,-14.66
2020-07-02,Bahia,Mansidão,7.33,1,0,0.0,38,0,0.0,278.53,0.0,0.28,13643,14.66,0.0,249.22,-7.33
2020-07-01,Bahia,Mansidão,0.0,0,0,0.0,37,0,0.0,271.2,0.0,0.27,13643,14.66,0.0,256.55,-7.33
2020-06-30,Bahia,Mansidão,0.0,0,0,0.0,37,0,0.0,271.2,0.0,0.27,13643,14.66,-14.66,263.88,0.0
2020-06-29,Bahia,Mansidão,0.0,0,0,0.0,37,0,0.0,271.2,0.0,0.27,13643,29.32,0.0,263.88,-7.33
2020-06-28,Bahia,Mansidão,0.0,0,0,0.0,37,0,0.0,271.2,0.0,0.27,13643,29.32,0.0,271.21,-7.33
2020-06-27,Bahia,Mansidão,7.33,1,0,0.0,37,0,0.0,271.2,0.0,0.27,13643,29.32,0.0,278.54,7.33
2020-06-26,Bahia,Mansidão,0.0,0,0,0.0,36,0,0.0,263.87,0.0,0.26,13643,29.32,0.0,271.21,0.0
2020-06-25,Bahia,Mansidão,7.33,1,0,0.0,36,0,0.0,263.87,0.0,0.26,13643,29.32,7.33,271.21,7.33
2020-06-24,Bahia,Mansidão,0.0,0,0,0.0,35,0,0.0,256.54,0.0,0.26,13643,21.99,-43.98,263.88,0.0
2020-06-23,Bahia,Mansidão,14.66,2,0,0.0,35,0,0.0,256.54,0.0,0.26,13643,65.97,14.66,263.88,14.66
2020-06-22,Bahia,Mansidão,0.0,0,0,0.0,33,0,0.0,241.88,0.0,0.24,13643,51.31,0.0,249.22,0.0
2020-06-21,Bahia,Mansidão,0.0,0,0,0.0,33,0,0.0,241.88,0.0,0.24,13643,51.31,0.0,249.22,0.0
2020-06-20,Bahia,Mansidão,7.33,1,0,0.0,33,0,0.0,241.88,0.0,0.24,13643,51.31,7.33,249.22,7.33
2020-06-19,Bahia,Mansidão,0.0,0,0,0.0,32,0,0.0,234.55,0.0,0.23,13643,43.98,0.0,241.89,0.0
2020-06-18,Bahia,Mansidão,0.0,0,0,0.0,32,0,0.0,234.55,0.0,0.23,13643,43.98,-14.66,241.89,0.0
2020-06-17,Bahia,Mansidão,43.98,6,0,0.0,32,0,0.0,234.55,0.0,0.23,13643,58.64,7.33,241.89,43.98
2020-06-16,Bahia,Mansidão,0.0,0,0,0.0,26,0,0.0,190.57,0.0,0.19,13643,51.31,-29.32,197.91,0.0
2020-06-15,Bahia,Mansidão,0.0,0,0,0.0,26,0,0.0,190.57,0.0,0.19,13643,80.63,-58.64,197.91,0.0
2020-06-14,Bahia,Mansidão,0.0,0,0,0.0,26,0,0.0,190.57,0.0,0.19,13643,139.27,0.0,197.91,0.0
2020-06-13,Bahia,Mansidão,0.0,0,0,0.0,26,0,0.0,190.57,0.0,0.19,13643,139.27,-7.33,197.91,0.0
2020-06-12,Bahia,Mansidão,0.0,0,0,0.0,26,0,0.0,190.57,0.0,0.19,13643,146.6,-14.66,197.91,0.0
2020-06-11,Bahia,Mansidão,14.66,2,0,0.0,26,0,0.0,190.57,0.0,0.19,13643,161.26,0.0,197.91,14.66
2020-06-10,Bahia,Mansidão,36.65,5,0,0.0,24,0,0.0,175.91,0.0,0.18,13643,161.26,29.32,183.25,36.65
2020-06-09,Bahia,Mansidão,29.32,4,0,0.0,19,0,0.0,139.27,0.0,0.14,13643,131.94,29.32,146.6,29.32
2020-06-07,Bahia,Mansidão,58.64,8,0,0.0,15,0,0.0,109.95,0.0,0.11,13643,102.62,51.31,117.28,58.64
2020-06-06,Bahia,Mansidão,0.0,0,0,0.0,7,0,0.0,51.31,0.0,0.05,13643,51.31,-7.33,58.64,0.0
2020-06-05,Bahia,Mansidão,7.33,1,0,0.0,7,0,0.0,51.31,0.0,0.05,13643,58.64,7.33,58.64,7.33
2020-06-04,Bahia,Mansidão,14.66,2,0,0.0,6,0,0.0,43.98,0.0,0.04,13643,51.31,14.66,51.31,14.66
2020-06-03,Bahia,Mansidão,14.66,2,0,0.0,4,0,0.0,29.32,0.0,0.03,13643,36.65,14.66,36.65,14.66
2020-06-02,Bahia,Mansidão,7.33,1,0,0.0,2,0,0.0,14.66,0.0,0.01,13643,21.99,7.33,21.99,7.33
2020-06-01,Bahia,Mansidão,0.0,0,0,0.0,1,0,0.0,7.33,0.0,0.01,13643,14.66,0.0,14.66,0.0
2020-05-31,Bahia,Mansidão,7.33,1,0,0.0,1,0,0.0,7.33,0.0,0.01,13643,14.66,7.33,14.66,7.33
2020-05-30,Bahia,Mansidão,7.33,1,0,0.0,0,0,0.0,0.0,0.0,0.0,13643,7.33,7.33,7.33,7.33
