date,state,city,1day_cases_100k,new_cases,new_deaths,new_deaths_100k,total_cases,total_deaths,cfr%,total_cases_100k,total_deaths_100k,%infected,population,7day_cases_100k,7day_cases_change,28day_cases_100k,28day_cases_change
2020-09-13,Bahia,Pau Brasil,81.38,8,1,10.17,270,10,3.7,2746.41,101.72,2.75,9831,539.12,81.38,1525.78,40.69
2020-09-11,Bahia,Pau Brasil,162.75,16,2,20.34,262,9,3.44,2665.04,91.55,2.67,9831,457.74,162.75,1485.09,142.41
2020-09-09,Bahia,Pau Brasil,0.0,0,0,0.0,246,7,2.85,2502.29,71.2,2.5,9831,294.99,-20.34,1342.68,-20.34
2020-09-08,Bahia,Pau Brasil,40.69,4,0,0.0,246,7,2.85,2502.29,71.2,2.5,9831,315.33,40.69,1363.02,-111.89
2020-09-07,Bahia,Pau Brasil,10.17,1,1,10.17,242,7,2.89,2461.6,71.2,2.46,9831,274.64,-91.55,1474.91,-30.52
2020-09-06,Bahia,Pau Brasil,213.61,21,0,0.0,241,6,2.49,2451.43,61.03,2.45,9831,366.19,193.27,1505.43,152.58
2020-09-05,Bahia,Pau Brasil,30.52,3,0,0.0,220,6,2.73,2237.82,61.03,2.24,9831,172.92,-101.71,1352.85,30.52
2020-09-04,Bahia,Pau Brasil,0.0,0,0,0.0,217,6,2.76,2207.3,61.03,2.21,9831,274.63,0.0,1322.33,0.0
2020-09-03,Bahia,Pau Brasil,0.0,0,1,10.17,217,6,2.76,2207.3,61.03,2.21,9831,274.63,-10.17,1322.33,-20.34
2020-09-02,Bahia,Pau Brasil,20.34,2,0,0.0,217,5,2.3,2207.3,50.86,2.21,9831,284.8,-10.18,1342.67,-61.04
2020-09-01,Bahia,Pau Brasil,0.0,0,0,0.0,215,5,2.33,2186.96,50.86,2.19,9831,294.98,-122.06,1403.71,-10.17
2020-08-31,Bahia,Pau Brasil,101.72,10,0,0.0,215,5,2.33,2186.96,50.86,2.19,9831,417.04,101.72,1413.88,-20.34
2020-08-30,Bahia,Pau Brasil,20.34,2,0,0.0,205,5,2.44,2085.24,50.86,2.09,9831,315.32,20.34,1434.22,20.34
2020-08-29,Bahia,Pau Brasil,132.23,13,0,0.0,203,5,2.46,2064.9,50.86,2.06,9831,294.98,71.2,1413.88,111.89
2020-08-28,Bahia,Pau Brasil,0.0,0,0,0.0,190,5,2.63,1932.66,50.86,1.93,9831,223.78,-132.23,1301.99,-40.69
2020-08-27,Bahia,Pau Brasil,10.17,1,0,0.0,190,5,2.63,1932.66,50.86,1.93,9831,356.01,10.17,1342.68,10.17
2020-08-26,Bahia,Pau Brasil,30.52,3,0,0.0,189,5,2.65,1922.49,50.86,1.92,9831,345.84,30.52,1332.51,0.0
2020-08-25,Bahia,Pau Brasil,122.06,12,0,0.0,186,5,2.69,1891.97,50.86,1.89,9831,315.32,111.89,1332.51,122.06
2020-08-24,Bahia,Pau Brasil,0.0,0,0,0.0,174,5,2.87,1769.91,50.86,1.77,9831,203.43,0.0,1210.45,-40.69
2020-08-23,Bahia,Pau Brasil,0.0,0,0,0.0,174,5,2.87,1769.91,50.86,1.77,9831,203.43,-305.16,1251.14,-50.86
2020-08-22,Bahia,Pau Brasil,61.03,6,0,0.0,174,5,2.87,1769.91,50.86,1.77,9831,508.59,20.34,1302.0,61.03
2020-08-21,Bahia,Pau Brasil,132.23,13,0,0.0,168,5,2.98,1708.88,50.86,1.71,9831,488.25,91.54,1240.97,132.23
2020-08-20,Bahia,Pau Brasil,0.0,0,1,10.17,155,5,3.23,1576.65,50.86,1.58,9831,396.71,-20.34,1108.74,0.0
2020-08-19,Bahia,Pau Brasil,0.0,0,0,0.0,155,4,2.58,1576.65,40.69,1.58,9831,417.05,-20.34,1108.74,-20.34
2020-08-18,Bahia,Pau Brasil,10.17,1,0,0.0,155,4,2.58,1576.65,40.69,1.58,9831,437.39,-142.41,1129.08,0.0
2020-08-17,Bahia,Pau Brasil,0.0,0,0,0.0,154,4,2.6,1566.47,40.69,1.57,9831,579.8,-40.69,1129.08,-40.69
2020-08-16,Bahia,Pau Brasil,305.16,30,0,0.0,154,4,2.6,1566.47,40.69,1.57,9831,620.49,244.13,1169.77,305.16
2020-08-15,Bahia,Pau Brasil,40.69,4,0,0.0,124,4,3.23,1261.32,40.69,1.26,9831,376.36,40.69,864.61,40.69
2020-08-14,Bahia,Pau Brasil,40.69,4,0,0.0,120,4,3.33,1220.63,40.69,1.22,9831,335.67,40.69,823.92,40.69
2020-08-12,Bahia,Pau Brasil,20.34,2,0,0.0,116,4,3.45,1179.94,40.69,1.18,9831,294.98,0.0,783.23,0.0
2020-08-11,Bahia,Pau Brasil,20.34,2,0,0.0,114,4,3.51,1159.6,40.69,1.16,9831,294.98,-61.04,783.23,10.17
2020-08-10,Bahia,Pau Brasil,152.58,15,0,0.0,112,4,3.57,1139.25,40.69,1.14,9831,356.02,142.41,773.06,152.58
2020-08-09,Bahia,Pau Brasil,40.69,4,0,0.0,97,4,4.12,986.67,40.69,0.99,9831,213.61,-81.37,620.48,30.52
2020-08-08,Bahia,Pau Brasil,61.03,6,0,0.0,93,4,4.3,945.99,40.69,0.95,9831,294.98,61.03,589.96,61.03
2020-08-07,Bahia,Pau Brasil,0.0,0,0,0.0,87,4,4.6,884.96,40.69,0.88,9831,233.95,-20.34,528.93,0.0
2020-08-06,Bahia,Pau Brasil,0.0,0,0,0.0,87,4,4.6,884.96,40.69,0.88,9831,254.29,-40.69,528.93,0.0
2020-08-05,Bahia,Pau Brasil,20.34,2,0,0.0,87,4,4.6,884.96,40.69,0.88,9831,294.98,20.34,528.93,20.34
2020-08-04,Bahia,Pau Brasil,81.38,8,0,0.0,85,4,4.71,864.61,40.69,0.86,9831,274.64,50.86,508.59,71.21
2020-08-03,Bahia,Pau Brasil,10.17,1,0,0.0,77,4,5.19,783.24,40.69,0.78,9831,223.78,10.17,437.38,10.17
2020-08-02,Bahia,Pau Brasil,122.06,12,0,0.0,76,4,5.26,773.06,40.69,0.77,9831,213.61,81.37,427.21,122.06
2020-08-01,Bahia,Pau Brasil,0.0,0,0,0.0,64,4,6.25,651.0,40.69,0.65,9831,132.24,-50.86,305.15,0.0
2020-07-31,Bahia,Pau Brasil,20.34,2,0,0.0,64,4,6.25,651.0,40.69,0.65,9831,183.1,20.34,305.15,-20.35
2020-07-30,Bahia,Pau Brasil,40.69,4,0,0.0,62,4,6.45,630.66,40.69,0.63,9831,162.76,40.69,325.5,40.69
2020-07-29,Bahia,Pau Brasil,0.0,0,0,0.0,58,4,6.9,589.97,40.69,0.59,9831,122.07,0.0,284.81,0.0
2020-07-28,Bahia,Pau Brasil,30.52,3,0,0.0,58,4,6.9,589.97,40.69,0.59,9831,122.07,10.18,284.81,30.52
2020-07-27,Bahia,Pau Brasil,0.0,0,0,0.0,55,4,7.27,559.45,40.69,0.56,9831,111.89,-10.17,254.29,0.0
2020-07-26,Bahia,Pau Brasil,40.69,4,0,0.0,55,4,7.27,559.45,40.69,0.56,9831,122.06,0.0,254.29,20.35
2020-07-25,Bahia,Pau Brasil,50.86,5,0,0.0,51,4,7.84,518.77,40.69,0.52,9831,122.06,50.86,233.94,10.17
2020-07-24,Bahia,Pau Brasil,0.0,0,0,0.0,46,4,8.7,467.91,40.69,0.47,9831,71.2,0.0,223.77,-10.17
2020-07-23,Bahia,Pau Brasil,0.0,0,0,0.0,46,4,8.7,467.91,40.69,0.47,9831,71.2,0.0,233.94,0.0
2020-07-22,Bahia,Pau Brasil,0.0,0,0,0.0,46,4,8.7,467.91,40.69,0.47,9831,71.2,-20.34,233.94,0.0
2020-07-21,Bahia,Pau Brasil,20.34,2,0,0.0,46,4,8.7,467.91,40.69,0.47,9831,91.54,10.17,233.94,20.34
2020-07-20,Bahia,Pau Brasil,10.17,1,0,0.0,44,4,9.09,447.56,40.69,0.45,9831,81.37,10.17,213.6,10.17
2020-07-19,Bahia,Pau Brasil,40.69,4,0,0.0,43,4,9.3,437.39,40.69,0.44,9831,71.2,30.52,203.43,20.35
2020-07-18,Bahia,Pau Brasil,0.0,0,0,0.0,39,4,10.26,396.7,40.69,0.4,9831,40.68,0.0,183.08,-30.52
2020-07-17,Bahia,Pau Brasil,0.0,0,0,0.0,39,4,10.26,396.7,40.69,0.4,9831,40.68,0.0,213.6,0.0
2020-07-16,Bahia,Pau Brasil,0.0,0,0,0.0,39,4,10.26,396.7,40.69,0.4,9831,40.68,0.0,213.6,0.0
2020-07-15,Bahia,Pau Brasil,20.34,2,0,0.0,39,4,10.26,396.7,40.69,0.4,9831,40.68,20.34,213.6,20.34
2020-07-14,Bahia,Pau Brasil,10.17,1,0,0.0,37,4,10.81,376.36,40.69,0.38,9831,20.34,0.0,193.26,10.17
2020-07-13,Bahia,Pau Brasil,0.0,0,0,0.0,36,4,11.11,366.19,40.69,0.37,9831,20.34,0.0,183.09,0.0
2020-07-12,Bahia,Pau Brasil,10.17,1,0,0.0,36,4,11.11,366.19,40.69,0.37,9831,20.34,10.17,183.09,0.0
2020-07-11,Bahia,Pau Brasil,0.0,0,0,0.0,35,4,11.43,356.02,40.69,0.36,9831,10.17,0.0,183.09,0.0
2020-07-10,Bahia,Pau Brasil,0.0,0,0,0.0,35,4,11.43,356.02,40.69,0.36,9831,10.17,-40.69,183.09,-10.17
2020-07-09,Bahia,Pau Brasil,0.0,0,0,0.0,35,4,11.43,356.02,40.69,0.36,9831,50.86,0.0,193.26,0.0
2020-07-08,Bahia,Pau Brasil,0.0,0,1,10.17,35,4,11.43,356.02,40.69,0.36,9831,50.86,0.0,193.26,0.0
2020-07-07,Bahia,Pau Brasil,10.17,1,0,0.0,35,3,8.57,356.02,30.52,0.36,9831,50.86,10.17,193.26,10.17
2020-07-06,Bahia,Pau Brasil,0.0,0,0,0.0,34,3,8.82,345.84,30.52,0.35,9831,40.69,0.0,183.09,0.0
2020-07-05,Bahia,Pau Brasil,0.0,0,0,0.0,34,3,8.82,345.84,30.52,0.35,9831,40.69,-20.34,183.09,0.0
2020-07-04,Bahia,Pau Brasil,0.0,0,0,0.0,34,3,8.82,345.84,30.52,0.35,9831,61.03,-40.69,183.09,0.0
2020-07-03,Bahia,Pau Brasil,40.69,4,0,0.0,34,3,8.82,345.84,30.52,0.35,9831,101.72,30.52,183.09,20.35
2020-07-02,Bahia,Pau Brasil,0.0,0,0,0.0,30,3,10.0,305.16,30.52,0.31,9831,71.2,0.0,162.74,0.0
2020-07-01,Bahia,Pau Brasil,0.0,0,0,0.0,30,3,10.0,305.16,30.52,0.31,9831,71.2,0.0,162.74,-20.34
2020-06-30,Bahia,Pau Brasil,0.0,0,0,0.0,30,3,10.0,305.16,30.52,0.31,9831,71.2,0.0,183.08,0.0
2020-06-29,Bahia,Pau Brasil,0.0,0,0,0.0,30,3,10.0,305.16,30.52,0.31,9831,71.2,0.0,183.08,0.0
2020-06-28,Bahia,Pau Brasil,20.34,2,0,0.0,30,3,10.0,305.16,30.52,0.31,9831,71.2,0.0,183.08,20.34
2020-06-27,Bahia,Pau Brasil,40.69,4,0,0.0,28,3,10.71,284.81,30.52,0.28,9831,71.2,10.17,162.74,40.69
2020-06-26,Bahia,Pau Brasil,10.17,1,0,0.0,24,3,12.5,244.13,30.52,0.24,9831,61.03,10.17,122.05,10.17
2020-06-25,Bahia,Pau Brasil,0.0,0,0,0.0,23,3,13.04,233.95,30.52,0.23,9831,50.86,0.0,111.88,-20.34
2020-06-24,Bahia,Pau Brasil,0.0,0,0,0.0,23,3,13.04,233.95,30.52,0.23,9831,50.86,0.0,132.22,0.0
2020-06-23,Bahia,Pau Brasil,0.0,0,0,0.0,23,3,13.04,233.95,30.52,0.23,9831,50.86,0.0,132.22,0.0
2020-06-22,Bahia,Pau Brasil,0.0,0,0,0.0,23,3,13.04,233.95,30.52,0.23,9831,50.86,0.0,132.22,0.0
2020-06-21,Bahia,Pau Brasil,20.34,2,0,0.0,23,3,13.04,233.95,30.52,0.23,9831,50.86,10.17,132.22,10.17
2020-06-20,Bahia,Pau Brasil,30.52,3,0,0.0,21,3,14.29,213.61,30.52,0.21,9831,40.69,30.52,122.05,30.52
2020-06-19,Bahia,Pau Brasil,0.0,0,0,0.0,18,3,16.67,183.09,30.52,0.18,9831,10.17,-10.17,91.53,0.0
2020-06-18,Bahia,Pau Brasil,0.0,0,0,0.0,18,3,16.67,183.09,30.52,0.18,9831,20.34,0.0,91.53,0.0
2020-06-17,Bahia,Pau Brasil,0.0,0,0,0.0,18,3,16.67,183.09,30.52,0.18,9831,20.34,0.0,91.53,0.0
2020-06-16,Bahia,Pau Brasil,0.0,0,0,0.0,18,3,16.67,183.09,30.52,0.18,9831,20.34,0.0,91.53,0.0
2020-06-15,Bahia,Pau Brasil,0.0,0,0,0.0,18,3,16.67,183.09,30.52,0.18,9831,20.34,0.0,91.53,-10.17
2020-06-14,Bahia,Pau Brasil,10.17,1,0,0.0,18,3,16.67,183.09,30.52,0.18,9831,20.34,10.17,101.7,10.17
2020-06-13,Bahia,Pau Brasil,0.0,0,0,0.0,17,3,17.65,172.92,30.52,0.17,9831,10.17,0.0,91.53,-30.52
2020-06-12,Bahia,Pau Brasil,10.17,1,0,0.0,17,3,17.65,172.92,30.52,0.17,9831,10.17,-10.17,122.05,-10.17
2020-06-11,Bahia,Pau Brasil,0.0,0,0,0.0,16,3,18.75,162.75,30.52,0.16,9831,20.34,0.0,132.22,0.0
2020-06-10,Bahia,Pau Brasil,0.0,0,0,0.0,16,3,18.75,162.75,30.52,0.16,9831,20.34,-20.34,132.22,0.0
2020-06-09,Bahia,Pau Brasil,0.0,0,0,0.0,16,3,18.75,162.75,30.52,0.16,9831,40.68,0.0,132.22,0.0
2020-06-07,Bahia,Pau Brasil,0.0,0,1,10.17,16,3,18.75,162.75,30.52,0.16,9831,40.68,0.0,132.22,0.0
2020-06-06,Bahia,Pau Brasil,0.0,0,0,0.0,16,2,12.5,162.75,20.34,0.16,9831,40.68,0.0,132.22,0.0
2020-06-05,Bahia,Pau Brasil,0.0,0,0,0.0,16,2,12.5,162.75,20.34,0.16,9831,40.68,0.0,132.22,0.0
2020-06-04,Bahia,Pau Brasil,20.34,2,0,0.0,16,2,12.5,162.75,20.34,0.16,9831,40.68,20.34,132.22,20.34
2020-06-03,Bahia,Pau Brasil,0.0,0,0,0.0,14,2,14.29,142.41,20.34,0.14,9831,20.34,-20.34,111.88,0.0
2020-06-02,Bahia,Pau Brasil,20.34,2,0,0.0,14,2,14.29,142.41,20.34,0.14,9831,40.68,20.34,111.88,20.34
2020-06-01,Bahia,Pau Brasil,0.0,0,1,10.17,12,2,16.67,122.06,20.34,0.12,9831,20.34,0.0,91.54,0.0
2020-05-31,Bahia,Pau Brasil,0.0,0,1,10.17,12,1,8.33,122.06,10.17,0.12,9831,20.34,0.0,91.54,-20.34
2020-05-30,Bahia,Pau Brasil,0.0,0,0,0.0,12,0,0.0,122.06,0.0,0.12,9831,20.34,-10.17,111.88,-20.34
2020-05-29,Bahia,Pau Brasil,0.0,0,0,0.0,12,0,0.0,122.06,0.0,0.12,9831,30.51,0.0,132.22,0.0
2020-05-28,Bahia,Pau Brasil,0.0,0,0,0.0,12,0,0.0,122.06,0.0,0.12,9831,30.51,0.0,132.22,0.0
2020-05-27,Bahia,Pau Brasil,20.34,2,0,0.0,12,0,0.0,122.06,0.0,0.12,9831,30.51,20.34,132.22,20.34
2020-05-26,Bahia,Pau Brasil,0.0,0,0,0.0,10,0,0.0,101.72,0.0,0.1,9831,10.17,0.0,111.88,0.0
2020-05-25,Bahia,Pau Brasil,0.0,0,0,0.0,10,0,0.0,101.72,0.0,0.1,9831,10.17,0.0,111.88,0.0
2020-05-24,Bahia,Pau Brasil,0.0,0,0,0.0,10,0,0.0,101.72,0.0,0.1,9831,10.17,-10.17,111.88,0.0
2020-05-23,Bahia,Pau Brasil,10.17,1,0,0.0,10,0,0.0,101.72,0.0,0.1,9831,20.34,10.17,111.88,10.17
2020-05-22,Bahia,Pau Brasil,0.0,0,0,0.0,9,0,0.0,91.55,0.0,0.09,9831,10.17,-30.52,101.71,0.0
2020-05-21,Bahia,Pau Brasil,0.0,0,0,0.0,9,0,0.0,91.55,0.0,0.09,9831,40.69,-20.34,101.71,0.0
2020-05-20,Bahia,Pau Brasil,0.0,0,0,0.0,9,0,0.0,91.55,0.0,0.09,9831,61.03,0.0,101.71,0.0
2020-05-19,Bahia,Pau Brasil,0.0,0,0,0.0,9,0,0.0,91.55,0.0,0.09,9831,61.03,0.0,101.71,0.0
2020-05-18,Bahia,Pau Brasil,0.0,0,0,0.0,9,0,0.0,91.55,0.0,0.09,9831,61.03,0.0,101.71,0.0
2020-05-17,Bahia,Pau Brasil,10.17,1,0,0.0,9,0,0.0,91.55,0.0,0.09,9831,61.03,10.17,101.71,10.17
2020-05-16,Bahia,Pau Brasil,0.0,0,0,0.0,8,0,0.0,81.38,0.0,0.08,9831,50.86,0.0,91.54,0.0
2020-05-15,Bahia,Pau Brasil,30.52,3,0,0.0,8,0,0.0,81.38,0.0,0.08,9831,50.86,30.52,91.54,30.52
2020-05-14,Bahia,Pau Brasil,20.34,2,0,0.0,5,0,0.0,50.86,0.0,0.05,9831,20.34,20.34,61.02,20.34
2020-05-13,Bahia,Pau Brasil,0.0,0,0,0.0,3,0,0.0,30.52,0.0,0.03,9831,0.0,0.0,40.68,0.0
2020-05-12,Bahia,Pau Brasil,0.0,0,0,0.0,3,0,0.0,30.52,0.0,0.03,9831,0.0,0.0,40.68,0.0
2020-05-11,Bahia,Pau Brasil,0.0,0,0,0.0,3,0,0.0,30.52,0.0,0.03,9831,0.0,0.0,40.68,0.0
2020-05-10,Bahia,Pau Brasil,0.0,0,0,0.0,3,0,0.0,30.52,0.0,0.03,9831,0.0,-20.34,40.68,0.0
2020-05-09,Bahia,Pau Brasil,0.0,0,0,0.0,3,0,0.0,30.52,0.0,0.03,9831,20.34,-20.34,40.68,0.0
2020-05-08,Bahia,Pau Brasil,0.0,0,0,0.0,3,0,0.0,30.52,0.0,0.03,9831,40.68,0.0,40.68,0.0
2020-05-07,Bahia,Pau Brasil,0.0,0,0,0.0,3,0,0.0,30.52,0.0,0.03,9831,40.68,0.0,40.68,0.0
2020-05-06,Bahia,Pau Brasil,0.0,0,0,0.0,3,0,0.0,30.52,0.0,0.03,9831,40.68,0.0,40.68,0.0
2020-05-05,Bahia,Pau Brasil,0.0,0,0,0.0,3,0,0.0,30.52,0.0,0.03,9831,40.68,0.0,40.68,0.0
2020-05-04,Bahia,Pau Brasil,0.0,0,0,0.0,3,0,0.0,30.52,0.0,0.03,9831,40.68,0.0,40.68,0.0
2020-05-03,Bahia,Pau Brasil,20.34,2,0,0.0,3,0,0.0,30.52,0.0,0.03,9831,40.68,20.34,40.68,20.34
2020-05-02,Bahia,Pau Brasil,20.34,2,0,0.0,1,0,0.0,10.17,0.0,0.01,9831,20.34,20.34,20.34,20.34
