date,state,city,1day_cases_100k,new_cases,new_deaths,new_deaths_100k,total_cases,total_deaths,cfr%,total_cases_100k,total_deaths_100k,%infected,population,7day_cases_100k,7day_cases_change,28day_cases_100k,28day_cases_change
2020-08-31,Bahia,Rio de Contas,0.0,0,0,0.0,42,0,0.0,323.35,0.0,0.32,12989,53.9,0.0,154.0,-23.1
2020-08-30,Bahia,Rio de Contas,7.7,1,0,0.0,42,0,0.0,323.35,0.0,0.32,12989,53.9,7.7,177.1,-15.4
2020-08-29,Bahia,Rio de Contas,30.8,4,0,0.0,41,0,0.0,315.65,0.0,0.32,12989,46.2,30.8,192.5,23.1
2020-08-28,Bahia,Rio de Contas,0.0,0,0,0.0,37,0,0.0,284.86,0.0,0.28,12989,15.4,0.0,169.4,-15.4
2020-08-27,Bahia,Rio de Contas,0.0,0,0,0.0,37,0,0.0,284.86,0.0,0.28,12989,15.4,-7.7,184.8,0.0
2020-08-26,Bahia,Rio de Contas,15.4,2,0,0.0,37,0,0.0,284.86,0.0,0.28,12989,23.1,15.4,184.8,7.7
2020-08-25,Bahia,Rio de Contas,0.0,0,0,0.0,35,0,0.0,269.46,0.0,0.27,12989,7.7,0.0,177.1,-30.8
2020-08-24,Bahia,Rio de Contas,0.0,0,0,0.0,35,0,0.0,269.46,0.0,0.27,12989,7.7,0.0,207.9,-7.7
2020-08-23,Bahia,Rio de Contas,0.0,0,0,0.0,35,0,0.0,269.46,0.0,0.27,12989,7.7,0.0,215.6,-7.7
2020-08-22,Bahia,Rio de Contas,0.0,0,0,0.0,35,0,0.0,269.46,0.0,0.27,12989,7.7,-7.7,223.3,-7.7
2020-08-21,Bahia,Rio de Contas,0.0,0,0,0.0,35,0,0.0,269.46,0.0,0.27,12989,15.4,0.0,231.0,-7.7
2020-08-20,Bahia,Rio de Contas,7.7,1,0,0.0,35,0,0.0,269.46,0.0,0.27,12989,15.4,0.0,238.7,7.7
2020-08-19,Bahia,Rio de Contas,0.0,0,0,0.0,34,0,0.0,261.76,0.0,0.26,12989,15.4,-30.8,231.0,0.0
2020-08-18,Bahia,Rio de Contas,0.0,0,0,0.0,34,0,0.0,261.76,0.0,0.26,12989,46.2,0.0,231.0,0.0
2020-08-17,Bahia,Rio de Contas,0.0,0,0,0.0,34,0,0.0,261.76,0.0,0.26,12989,46.2,0.0,231.0,0.0
2020-08-16,Bahia,Rio de Contas,0.0,0,0,0.0,34,0,0.0,261.76,0.0,0.26,12989,46.2,0.0,231.0,0.0
2020-08-15,Bahia,Rio de Contas,7.7,1,0,0.0,34,0,0.0,261.76,0.0,0.26,12989,46.2,7.7,231.0,7.7
2020-08-14,Bahia,Rio de Contas,0.0,0,0,0.0,33,0,0.0,254.06,0.0,0.25,12989,38.5,0.0,223.3,0.0
2020-08-12,Bahia,Rio de Contas,7.7,1,0,0.0,33,0,0.0,254.06,0.0,0.25,12989,38.5,0.0,223.3,7.7
2020-08-11,Bahia,Rio de Contas,30.8,4,0,0.0,32,0,0.0,246.36,0.0,0.25,12989,38.5,23.1,215.6,30.8
2020-08-10,Bahia,Rio de Contas,0.0,0,0,0.0,28,0,0.0,215.57,0.0,0.22,12989,15.4,-30.8,184.8,0.0
2020-08-09,Bahia,Rio de Contas,0.0,0,0,0.0,28,0,0.0,215.57,0.0,0.22,12989,46.2,-23.1,184.8,0.0
2020-08-08,Bahia,Rio de Contas,0.0,0,0,0.0,28,0,0.0,215.57,0.0,0.22,12989,69.3,-23.1,184.8,0.0
2020-08-07,Bahia,Rio de Contas,0.0,0,0,0.0,28,0,0.0,215.57,0.0,0.22,12989,92.4,-7.7,184.8,-7.7
2020-08-06,Bahia,Rio de Contas,0.0,0,0,0.0,28,0,0.0,215.57,0.0,0.22,12989,100.1,-15.4,192.5,0.0
2020-08-05,Bahia,Rio de Contas,7.7,1,0,0.0,28,0,0.0,215.57,0.0,0.22,12989,115.5,7.7,192.5,7.7
2020-08-04,Bahia,Rio de Contas,7.7,1,0,0.0,27,0,0.0,207.87,0.0,0.21,12989,107.8,0.0,184.8,0.0
2020-08-03,Bahia,Rio de Contas,30.8,4,0,0.0,26,0,0.0,200.17,0.0,0.2,12989,107.8,0.0,184.8,23.1
2020-08-02,Bahia,Rio de Contas,23.1,3,0,0.0,22,0,0.0,169.37,0.0,0.17,12989,107.8,15.4,161.7,23.1
2020-08-01,Bahia,Rio de Contas,23.1,3,0,0.0,19,0,0.0,146.28,0.0,0.15,12989,92.4,15.4,138.6,23.1
2020-07-31,Bahia,Rio de Contas,7.7,1,0,0.0,16,0,0.0,123.18,0.0,0.12,12989,77.0,0.0,115.5,7.7
2020-07-30,Bahia,Rio de Contas,15.4,2,0,0.0,15,0,0.0,115.48,0.0,0.12,12989,77.0,7.7,107.8,15.4
2020-07-29,Bahia,Rio de Contas,0.0,0,0,0.0,13,0,0.0,100.08,0.0,0.1,12989,69.3,0.0,92.4,0.0
2020-07-28,Bahia,Rio de Contas,7.7,1,0,0.0,13,0,0.0,100.08,0.0,0.1,12989,69.3,7.7,92.4,7.7
2020-07-27,Bahia,Rio de Contas,30.8,4,0,0.0,12,0,0.0,92.39,0.0,0.09,12989,61.6,30.8,84.7,30.8
2020-07-26,Bahia,Rio de Contas,7.7,1,0,0.0,8,0,0.0,61.59,0.0,0.06,12989,30.8,7.7,53.9,7.7
2020-07-25,Bahia,Rio de Contas,7.7,1,0,0.0,7,0,0.0,53.89,0.0,0.05,12989,23.1,7.7,46.2,7.7
2020-07-24,Bahia,Rio de Contas,7.7,1,0,0.0,6,0,0.0,46.19,0.0,0.05,12989,15.4,7.7,38.5,7.7
2020-07-23,Bahia,Rio de Contas,7.7,1,0,0.0,5,0,0.0,38.49,0.0,0.04,12989,7.7,7.7,30.8,7.7
2020-07-22,Bahia,Rio de Contas,0.0,0,0,0.0,4,0,0.0,30.8,0.0,0.03,12989,0.0,0.0,23.1,0.0
2020-07-21,Bahia,Rio de Contas,0.0,0,0,0.0,4,0,0.0,30.8,0.0,0.03,12989,0.0,0.0,23.1,0.0
2020-07-20,Bahia,Rio de Contas,0.0,0,0,0.0,4,0,0.0,30.8,0.0,0.03,12989,0.0,0.0,23.1,0.0
2020-07-19,Bahia,Rio de Contas,0.0,0,0,0.0,4,0,0.0,30.8,0.0,0.03,12989,0.0,0.0,23.1,0.0
2020-07-18,Bahia,Rio de Contas,0.0,0,0,0.0,4,0,0.0,30.8,0.0,0.03,12989,0.0,0.0,23.1,0.0
2020-07-17,Bahia,Rio de Contas,0.0,0,0,0.0,4,0,0.0,30.8,0.0,0.03,12989,0.0,-7.7,23.1,0.0
2020-07-16,Bahia,Rio de Contas,0.0,0,0,0.0,4,0,0.0,30.8,0.0,0.03,12989,7.7,0.0,23.1,0.0
2020-07-15,Bahia,Rio de Contas,0.0,0,0,0.0,4,0,0.0,30.8,0.0,0.03,12989,7.7,0.0,23.1,0.0
2020-07-14,Bahia,Rio de Contas,0.0,0,0,0.0,4,0,0.0,30.8,0.0,0.03,12989,7.7,-7.7,23.1,0.0
2020-07-13,Bahia,Rio de Contas,0.0,0,0,0.0,4,0,0.0,30.8,0.0,0.03,12989,15.4,-7.7,23.1,0.0
2020-07-12,Bahia,Rio de Contas,0.0,0,0,0.0,4,0,0.0,30.8,0.0,0.03,12989,23.1,0.0,23.1,0.0
2020-07-11,Bahia,Rio de Contas,0.0,0,0,0.0,4,0,0.0,30.8,0.0,0.03,12989,23.1,0.0,23.1,0.0
2020-07-10,Bahia,Rio de Contas,7.7,1,0,0.0,4,0,0.0,30.8,0.0,0.03,12989,23.1,7.7,23.1,7.7
2020-07-09,Bahia,Rio de Contas,0.0,0,0,0.0,3,0,0.0,23.1,0.0,0.02,12989,15.4,0.0,15.4,0.0
2020-07-08,Bahia,Rio de Contas,0.0,0,0,0.0,3,0,0.0,23.1,0.0,0.02,12989,15.4,0.0,15.4,0.0
2020-07-07,Bahia,Rio de Contas,7.7,1,0,0.0,3,0,0.0,23.1,0.0,0.02,12989,15.4,7.7,15.4,7.7
2020-07-06,Bahia,Rio de Contas,7.7,1,0,0.0,2,0,0.0,15.4,0.0,0.02,12989,7.7,7.7,7.7,7.7
2020-07-05,Bahia,Rio de Contas,0.0,0,0,0.0,1,0,0.0,7.7,0.0,0.01,12989,0.0,0.0,0.0,0.0
2020-07-04,Bahia,Rio de Contas,0.0,0,0,0.0,1,0,0.0,7.7,0.0,0.01,12989,0.0,0.0,0.0,0.0
