date,state,city,1day_cases_100k,new_cases,new_deaths,new_deaths_100k,total_cases,total_deaths,cfr%,total_cases_100k,total_deaths_100k,%infected,population,7day_cases_100k,7day_cases_change,28day_cases_100k,28day_cases_change
2020-12-02,Bahia,Sítio do Mato,0.0,0,0,0.0,53,1,1.89,407.32,7.69,0.41,13012,0.0,0.0,0.0,0.0
2020-12-01,Bahia,Sítio do Mato,0.0,0,0,0.0,53,1,1.89,407.32,7.69,0.41,13012,0.0,0.0,0.0,0.0
2020-11-30,Bahia,Sítio do Mato,0.0,0,0,0.0,53,1,1.89,407.32,7.69,0.41,13012,0.0,0.0,0.0,0.0
2020-11-29,Bahia,Sítio do Mato,0.0,0,0,0.0,53,1,1.89,407.32,7.69,0.41,13012,0.0,0.0,0.0,0.0
2020-11-28,Bahia,Sítio do Mato,0.0,0,0,0.0,53,1,1.89,407.32,7.69,0.41,13012,0.0,0.0,0.0,0.0
2020-11-27,Bahia,Sítio do Mato,0.0,0,0,0.0,53,1,1.89,407.32,7.69,0.41,13012,0.0,0.0,0.0,0.0
2020-11-26,Bahia,Sítio do Mato,0.0,0,0,0.0,53,1,1.89,407.32,7.69,0.41,13012,0.0,0.0,0.0,0.0
2020-11-25,Bahia,Sítio do Mato,0.0,0,0,0.0,53,1,1.89,407.32,7.69,0.41,13012,0.0,0.0,0.0,0.0
2020-11-24,Bahia,Sítio do Mato,0.0,0,0,0.0,53,1,1.89,407.32,7.69,0.41,13012,0.0,0.0,0.0,0.0
2020-11-23,Bahia,Sítio do Mato,0.0,0,0,0.0,53,1,1.89,407.32,7.69,0.41,13012,0.0,0.0,0.0,0.0
2020-11-22,Bahia,Sítio do Mato,0.0,0,0,0.0,53,1,1.89,407.32,7.69,0.41,13012,0.0,0.0,0.0,0.0
2020-11-21,Bahia,Sítio do Mato,0.0,0,0,0.0,53,1,1.89,407.32,7.69,0.41,13012,0.0,0.0,0.0,0.0
2020-11-20,Bahia,Sítio do Mato,0.0,0,0,0.0,53,1,1.89,407.32,7.69,0.41,13012,0.0,0.0,0.0,-7.69
2020-11-19,Bahia,Sítio do Mato,0.0,0,0,0.0,53,1,1.89,407.32,7.69,0.41,13012,0.0,0.0,7.69,0.0
2020-11-18,Bahia,Sítio do Mato,0.0,0,0,0.0,53,1,1.89,407.32,7.69,0.41,13012,0.0,0.0,7.69,0.0
2020-11-17,Bahia,Sítio do Mato,0.0,0,0,0.0,53,1,1.89,407.32,7.69,0.41,13012,0.0,0.0,7.69,0.0
2020-11-16,Bahia,Sítio do Mato,0.0,0,1,7.69,53,1,1.89,407.32,7.69,0.41,13012,0.0,0.0,7.69,0.0
2020-11-15,Bahia,Sítio do Mato,0.0,0,0,0.0,53,0,0.0,407.32,0.0,0.41,13012,0.0,0.0,7.69,-7.69
2020-11-14,Bahia,Sítio do Mato,0.0,0,0,0.0,53,0,0.0,407.32,0.0,0.41,13012,0.0,0.0,15.38,-61.48
2020-11-13,Bahia,Sítio do Mato,0.0,0,0,0.0,53,0,0.0,407.32,0.0,0.41,13012,0.0,0.0,76.86,-169.07
2020-11-12,Bahia,Sítio do Mato,0.0,0,0,0.0,53,0,0.0,407.32,0.0,0.41,13012,0.0,0.0,245.93,0.0
2020-11-11,Bahia,Sítio do Mato,0.0,0,0,0.0,53,0,0.0,407.32,0.0,0.41,13012,0.0,0.0,245.93,0.0
2020-11-10,Bahia,Sítio do Mato,0.0,0,0,0.0,53,0,0.0,407.32,0.0,0.41,13012,0.0,0.0,245.93,0.0
2020-11-09,Bahia,Sítio do Mato,0.0,0,0,0.0,53,0,0.0,407.32,0.0,0.41,13012,0.0,0.0,245.93,-7.69
2020-11-08,Bahia,Sítio do Mato,0.0,0,0,0.0,53,0,0.0,407.32,0.0,0.41,13012,0.0,0.0,253.62,-15.37
2020-11-07,Bahia,Sítio do Mato,0.0,0,0,0.0,53,0,0.0,407.32,0.0,0.41,13012,0.0,0.0,268.99,-7.69
2020-11-06,Bahia,Sítio do Mato,0.0,0,0,0.0,53,0,0.0,407.32,0.0,0.41,13012,0.0,0.0,276.68,-7.69
2020-11-05,Bahia,Sítio do Mato,0.0,0,0,0.0,53,0,0.0,407.32,0.0,0.41,13012,0.0,0.0,284.37,-30.74
2020-11-04,Bahia,Sítio do Mato,0.0,0,0,0.0,53,0,0.0,407.32,0.0,0.41,13012,0.0,0.0,315.11,-7.69
2020-11-03,Bahia,Sítio do Mato,0.0,0,0,0.0,53,0,0.0,407.32,0.0,0.41,13012,0.0,0.0,322.8,0.0
2020-11-02,Bahia,Sítio do Mato,0.0,0,0,0.0,53,0,0.0,407.32,0.0,0.41,13012,0.0,0.0,322.8,0.0
2020-11-01,Bahia,Sítio do Mato,0.0,0,0,0.0,53,0,0.0,407.32,0.0,0.41,13012,0.0,0.0,322.8,0.0
2020-10-31,Bahia,Sítio do Mato,0.0,0,0,0.0,53,0,0.0,407.32,0.0,0.41,13012,0.0,0.0,322.8,0.0
2020-10-30,Bahia,Sítio do Mato,0.0,0,0,0.0,53,0,0.0,407.32,0.0,0.41,13012,0.0,-7.69,322.8,0.0
2020-10-29,Bahia,Sítio do Mato,0.0,0,0,0.0,53,0,0.0,407.32,0.0,0.41,13012,7.69,0.0,322.8,0.0
2020-10-28,Bahia,Sítio do Mato,0.0,0,0,0.0,53,0,0.0,407.32,0.0,0.41,13012,7.69,0.0,322.8,0.0
2020-10-27,Bahia,Sítio do Mato,0.0,0,0,0.0,53,0,0.0,407.32,0.0,0.41,13012,7.69,0.0,322.8,0.0
2020-10-26,Bahia,Sítio do Mato,0.0,0,0,0.0,53,0,0.0,407.32,0.0,0.41,13012,7.69,0.0,322.8,0.0
2020-10-25,Bahia,Sítio do Mato,0.0,0,0,0.0,53,0,0.0,407.32,0.0,0.41,13012,7.69,-7.69,322.8,0.0
2020-10-24,Bahia,Sítio do Mato,0.0,0,0,0.0,53,0,0.0,407.32,0.0,0.41,13012,15.38,-61.48,322.8,0.0
2020-10-23,Bahia,Sítio do Mato,7.69,1,0,0.0,53,0,0.0,407.32,0.0,0.41,13012,76.86,-161.38,322.8,7.69
2020-10-22,Bahia,Sítio do Mato,0.0,0,0,0.0,52,0,0.0,399.63,0.0,0.4,13012,238.24,0.0,315.11,0.0
2020-10-21,Bahia,Sítio do Mato,0.0,0,0,0.0,52,0,0.0,399.63,0.0,0.4,13012,238.24,0.0,315.11,0.0
2020-10-20,Bahia,Sítio do Mato,0.0,0,0,0.0,52,0,0.0,399.63,0.0,0.4,13012,238.24,0.0,315.11,0.0
2020-10-19,Bahia,Sítio do Mato,0.0,0,0,0.0,52,0,0.0,399.63,0.0,0.4,13012,238.24,-7.69,315.11,0.0
2020-10-18,Bahia,Sítio do Mato,7.69,1,0,0.0,52,0,0.0,399.63,0.0,0.4,13012,245.93,-7.68,315.11,7.69
2020-10-17,Bahia,Sítio do Mato,61.48,8,0,0.0,51,0,0.0,391.95,0.0,0.39,13012,253.61,53.79,307.42,61.48
2020-10-16,Bahia,Sítio do Mato,169.07,22,0,0.0,43,0,0.0,330.46,0.0,0.33,13012,199.82,161.38,245.94,161.38
2020-10-15,Bahia,Sítio do Mato,0.0,0,0,0.0,21,0,0.0,161.39,0.0,0.16,13012,38.44,-30.74,84.56,0.0
2020-10-14,Bahia,Sítio do Mato,0.0,0,0,0.0,21,0,0.0,161.39,0.0,0.16,13012,69.18,-7.69,84.56,0.0
2020-10-13,Bahia,Sítio do Mato,0.0,0,0,0.0,21,0,0.0,161.39,0.0,0.16,13012,76.87,0.0,84.56,0.0
2020-10-12,Bahia,Sítio do Mato,7.69,1,0,0.0,21,0,0.0,161.39,0.0,0.16,13012,76.87,7.69,84.56,7.69
2020-10-11,Bahia,Sítio do Mato,15.37,2,0,0.0,20,0,0.0,153.7,0.0,0.15,13012,69.18,15.37,76.87,15.37
2020-10-10,Bahia,Sítio do Mato,7.69,1,0,0.0,18,0,0.0,138.33,0.0,0.14,13012,53.81,7.69,61.5,7.69
2020-10-09,Bahia,Sítio do Mato,7.69,1,0,0.0,17,0,0.0,130.65,0.0,0.13,13012,46.12,7.69,53.81,7.69
2020-10-08,Bahia,Sítio do Mato,30.74,4,0,0.0,16,0,0.0,122.96,0.0,0.12,13012,38.43,30.74,46.12,7.68
2020-10-07,Bahia,Sítio do Mato,7.69,1,0,0.0,12,0,0.0,92.22,0.0,0.09,13012,7.69,7.69,38.44,7.69
2020-10-06,Bahia,Sítio do Mato,0.0,0,0,0.0,11,0,0.0,84.54,0.0,0.08,13012,0.0,0.0,30.75,0.0
2020-10-05,Bahia,Sítio do Mato,0.0,0,0,0.0,11,0,0.0,84.54,0.0,0.08,13012,0.0,0.0,30.75,0.0
2020-10-04,Bahia,Sítio do Mato,0.0,0,0,0.0,11,0,0.0,84.54,0.0,0.08,13012,0.0,0.0,30.75,0.0
2020-10-03,Bahia,Sítio do Mato,0.0,0,0,0.0,11,0,0.0,84.54,0.0,0.08,13012,0.0,0.0,30.75,0.0
2020-10-02,Bahia,Sítio do Mato,0.0,0,0,0.0,11,0,0.0,84.54,0.0,0.08,13012,0.0,0.0,30.75,0.0
2020-10-01,Bahia,Sítio do Mato,0.0,0,0,0.0,11,0,0.0,84.54,0.0,0.08,13012,0.0,0.0,30.75,-7.69
2020-09-30,Bahia,Sítio do Mato,0.0,0,0,0.0,11,0,0.0,84.54,0.0,0.08,13012,0.0,0.0,38.44,0.0
2020-09-29,Bahia,Sítio do Mato,0.0,0,0,0.0,11,0,0.0,84.54,0.0,0.08,13012,0.0,0.0,38.44,0.0
2020-09-28,Bahia,Sítio do Mato,0.0,0,0,0.0,11,0,0.0,84.54,0.0,0.08,13012,0.0,0.0,38.44,0.0
2020-09-27,Bahia,Sítio do Mato,0.0,0,0,0.0,11,0,0.0,84.54,0.0,0.08,13012,0.0,0.0,38.44,-7.69
2020-09-26,Bahia,Sítio do Mato,0.0,0,0,0.0,11,0,0.0,84.54,0.0,0.08,13012,0.0,0.0,46.13,0.0
2020-09-25,Bahia,Sítio do Mato,0.0,0,0,0.0,11,0,0.0,84.54,0.0,0.08,13012,0.0,-7.69,46.13,0.0
2020-09-24,Bahia,Sítio do Mato,0.0,0,0,0.0,11,0,0.0,84.54,0.0,0.08,13012,7.69,0.0,46.13,0.0
2020-09-23,Bahia,Sítio do Mato,0.0,0,0,0.0,11,0,0.0,84.54,0.0,0.08,13012,7.69,0.0,46.13,-7.69
2020-09-22,Bahia,Sítio do Mato,0.0,0,0,0.0,11,0,0.0,84.54,0.0,0.08,13012,7.69,0.0,53.82,0.0
2020-09-21,Bahia,Sítio do Mato,0.0,0,0,0.0,11,0,0.0,84.54,0.0,0.08,13012,7.69,0.0,53.82,0.0
2020-09-20,Bahia,Sítio do Mato,0.0,0,0,0.0,11,0,0.0,84.54,0.0,0.08,13012,7.69,0.0,53.82,0.0
2020-09-19,Bahia,Sítio do Mato,0.0,0,0,0.0,11,0,0.0,84.54,0.0,0.08,13012,7.69,0.0,53.82,-7.69
2020-09-18,Bahia,Sítio do Mato,7.69,1,0,0.0,11,0,0.0,84.54,0.0,0.08,13012,7.69,7.69,61.51,7.69
2020-09-17,Bahia,Sítio do Mato,0.0,0,0,0.0,10,0,0.0,76.85,0.0,0.08,13012,0.0,-23.06,53.82,0.0
2020-09-16,Bahia,Sítio do Mato,0.0,0,0,0.0,10,0,0.0,76.85,0.0,0.08,13012,23.06,0.0,53.82,0.0
2020-09-15,Bahia,Sítio do Mato,0.0,0,0,0.0,10,0,0.0,76.85,0.0,0.08,13012,23.06,0.0,53.82,0.0
2020-09-14,Bahia,Sítio do Mato,0.0,0,0,0.0,10,0,0.0,76.85,0.0,0.08,13012,23.06,0.0,53.82,0.0
2020-09-13,Bahia,Sítio do Mato,0.0,0,0,0.0,10,0,0.0,76.85,0.0,0.08,13012,23.06,0.0,53.82,0.0
2020-09-12,Bahia,Sítio do Mato,0.0,0,0,0.0,10,0,0.0,76.85,0.0,0.08,13012,23.06,0.0,53.82,0.0
2020-09-11,Bahia,Sítio do Mato,0.0,0,0,0.0,10,0,0.0,76.85,0.0,0.08,13012,23.06,0.0,53.82,0.0
2020-09-10,Bahia,Sítio do Mato,23.06,3,0,0.0,10,0,0.0,76.85,0.0,0.08,13012,23.06,15.37,53.82,15.37
2020-09-09,Bahia,Sítio do Mato,0.0,0,0,0.0,7,0,0.0,53.8,0.0,0.05,13012,7.69,0.0,38.45,-7.69
2020-09-08,Bahia,Sítio do Mato,0.0,0,0,0.0,7,0,0.0,53.8,0.0,0.05,13012,7.69,0.0,46.14,0.0
2020-09-07,Bahia,Sítio do Mato,0.0,0,0,0.0,7,0,0.0,53.8,0.0,0.05,13012,7.69,0.0,46.14,0.0
2020-09-06,Bahia,Sítio do Mato,0.0,0,0,0.0,7,0,0.0,53.8,0.0,0.05,13012,7.69,-7.69,46.14,0.0
2020-09-05,Bahia,Sítio do Mato,0.0,0,0,0.0,7,0,0.0,53.8,0.0,0.05,13012,15.38,0.0,46.14,0.0
2020-09-04,Bahia,Sítio do Mato,0.0,0,0,0.0,7,0,0.0,53.8,0.0,0.05,13012,15.38,0.0,46.14,0.0
2020-09-03,Bahia,Sítio do Mato,7.69,1,0,0.0,7,0,0.0,53.8,0.0,0.05,13012,15.38,7.69,46.14,7.69
2020-09-02,Bahia,Sítio do Mato,0.0,0,0,0.0,6,0,0.0,46.11,0.0,0.05,13012,7.69,-7.69,38.45,-7.69
2020-09-01,Bahia,Sítio do Mato,0.0,0,0,0.0,6,0,0.0,46.11,0.0,0.05,13012,15.38,0.0,46.14,-7.69
2020-08-31,Bahia,Sítio do Mato,0.0,0,0,0.0,6,0,0.0,46.11,0.0,0.05,13012,15.38,0.0,53.83,0.0
2020-08-30,Bahia,Sítio do Mato,7.69,1,0,0.0,6,0,0.0,46.11,0.0,0.05,13012,15.38,7.69,53.83,7.69
2020-08-29,Bahia,Sítio do Mato,0.0,0,0,0.0,5,0,0.0,38.43,0.0,0.04,13012,7.69,-7.69,46.14,0.0
2020-08-28,Bahia,Sítio do Mato,0.0,0,0,0.0,5,0,0.0,38.43,0.0,0.04,13012,15.38,0.0,46.14,0.0
2020-08-27,Bahia,Sítio do Mato,0.0,0,0,0.0,5,0,0.0,38.43,0.0,0.04,13012,15.38,0.0,46.14,0.0
2020-08-26,Bahia,Sítio do Mato,7.69,1,0,0.0,5,0,0.0,38.43,0.0,0.04,13012,15.38,7.69,46.14,7.69
2020-08-25,Bahia,Sítio do Mato,0.0,0,0,0.0,4,0,0.0,30.74,0.0,0.03,13012,7.69,0.0,38.45,0.0
2020-08-24,Bahia,Sítio do Mato,0.0,0,0,0.0,4,0,0.0,30.74,0.0,0.03,13012,7.69,0.0,38.45,0.0
2020-08-23,Bahia,Sítio do Mato,0.0,0,0,0.0,4,0,0.0,30.74,0.0,0.03,13012,7.69,0.0,38.45,0.0
2020-08-22,Bahia,Sítio do Mato,7.69,1,0,0.0,4,0,0.0,30.74,0.0,0.03,13012,7.69,7.69,38.45,7.69
2020-08-21,Bahia,Sítio do Mato,0.0,0,0,0.0,3,0,0.0,23.06,0.0,0.02,13012,0.0,0.0,30.76,0.0
2020-08-20,Bahia,Sítio do Mato,0.0,0,0,0.0,3,0,0.0,23.06,0.0,0.02,13012,0.0,-7.69,30.76,0.0
2020-08-19,Bahia,Sítio do Mato,0.0,0,0,0.0,3,0,0.0,23.06,0.0,0.02,13012,7.69,-7.69,30.76,0.0
2020-08-18,Bahia,Sítio do Mato,0.0,0,0,0.0,3,0,0.0,23.06,0.0,0.02,13012,15.38,0.0,30.76,0.0
2020-08-17,Bahia,Sítio do Mato,0.0,0,0,0.0,3,0,0.0,23.06,0.0,0.02,13012,15.38,0.0,30.76,0.0
2020-08-16,Bahia,Sítio do Mato,0.0,0,0,0.0,3,0,0.0,23.06,0.0,0.02,13012,15.38,0.0,30.76,0.0
2020-08-15,Bahia,Sítio do Mato,0.0,0,0,0.0,3,0,0.0,23.06,0.0,0.02,13012,15.38,0.0,30.76,0.0
2020-08-14,Bahia,Sítio do Mato,0.0,0,0,0.0,3,0,0.0,23.06,0.0,0.02,13012,15.38,0.0,30.76,0.0
2020-08-13,Bahia,Sítio do Mato,7.69,1,0,0.0,3,0,0.0,23.06,0.0,0.02,13012,15.38,7.69,30.76,7.69
2020-08-12,Bahia,Sítio do Mato,7.69,1,0,0.0,2,0,0.0,15.37,0.0,0.02,13012,7.69,0.0,23.07,7.69
2020-08-11,Bahia,Sítio do Mato,0.0,0,0,0.0,1,0,0.0,7.69,0.0,0.01,13012,7.69,-7.69,15.38,0.0
2020-08-10,Bahia,Sítio do Mato,0.0,0,0,0.0,1,0,0.0,7.69,0.0,0.01,13012,15.38,0.0,15.38,0.0
2020-08-09,Bahia,Sítio do Mato,0.0,0,0,0.0,1,0,0.0,7.69,0.0,0.01,13012,15.38,0.0,15.38,0.0
2020-08-08,Bahia,Sítio do Mato,0.0,0,0,0.0,1,0,0.0,7.69,0.0,0.01,13012,15.38,0.0,15.38,0.0
2020-08-07,Bahia,Sítio do Mato,0.0,0,0,0.0,1,0,0.0,7.69,0.0,0.01,13012,15.38,0.0,15.38,0.0
2020-08-06,Bahia,Sítio do Mato,0.0,0,0,0.0,1,0,0.0,7.69,0.0,0.01,13012,15.38,0.0,15.38,0.0
2020-08-05,Bahia,Sítio do Mato,7.69,1,0,0.0,1,0,0.0,7.69,0.0,0.01,13012,15.38,7.69,15.38,7.69
2020-06-08,Bahia,Sítio do Mato,7.69,1,0,0.0,0,0,0.0,0.0,0.0,0.0,13012,7.69,7.69,7.69,7.69
