date,state,city,1day_cases_100k,new_cases,new_deaths,new_deaths_100k,total_cases,total_deaths,cfr%,total_cases_100k,total_deaths_100k,%infected,population,7day_cases_100k,7day_cases_change,28day_cases_100k,28day_cases_change
2020-09-20,Bahia,Sítio do Quinto,0.0,0,0,0.0,125,1,0.8,1251.75,10.01,1.25,9986,90.13,-30.04,300.42,-10.01
2020-09-19,Bahia,Sítio do Quinto,0.0,0,0,0.0,125,1,0.8,1251.75,10.01,1.25,9986,120.17,0.0,310.43,-60.08
2020-09-18,Bahia,Sítio do Quinto,0.0,0,0,0.0,125,1,0.8,1251.75,10.01,1.25,9986,120.17,0.0,370.51,-10.01
2020-09-17,Bahia,Sítio do Quinto,50.07,5,0,0.0,125,1,0.8,1251.75,10.01,1.25,9986,120.17,30.04,380.52,50.07
2020-09-16,Bahia,Sítio do Quinto,0.0,0,0,0.0,120,1,0.83,1201.68,10.01,1.2,9986,90.13,0.0,330.45,0.0
2020-09-15,Bahia,Sítio do Quinto,0.0,0,0,0.0,120,1,0.83,1201.68,10.01,1.2,9986,90.13,0.0,330.45,-10.01
2020-09-14,Bahia,Sítio do Quinto,40.06,4,0,0.0,120,1,0.83,1201.68,10.01,1.2,9986,90.13,10.02,340.46,40.06
2020-09-13,Bahia,Sítio do Quinto,30.04,3,0,0.0,116,1,0.86,1161.63,10.01,1.16,9986,80.11,-10.02,300.4,-10.02
2020-09-11,Bahia,Sítio do Quinto,0.0,0,0,0.0,113,1,0.88,1131.58,10.01,1.13,9986,90.13,-10.01,310.42,-10.01
2020-09-09,Bahia,Sítio do Quinto,0.0,0,0,0.0,113,1,0.88,1131.58,10.01,1.13,9986,100.14,0.0,320.43,0.0
2020-09-08,Bahia,Sítio do Quinto,20.03,2,0,0.0,113,1,0.88,1131.58,10.01,1.13,9986,100.14,20.03,320.43,20.03
2020-09-07,Bahia,Sítio do Quinto,0.0,0,0,0.0,111,1,0.9,1111.56,10.01,1.11,9986,80.11,0.0,300.4,-10.01
2020-09-06,Bahia,Sítio do Quinto,0.0,0,0,0.0,111,1,0.9,1111.56,10.01,1.11,9986,80.11,-20.03,310.41,0.0
2020-09-05,Bahia,Sítio do Quinto,30.04,3,0,0.0,111,1,0.9,1111.56,10.01,1.11,9986,100.14,30.04,310.41,20.03
2020-09-04,Bahia,Sítio do Quinto,40.06,4,0,0.0,108,1,0.93,1081.51,10.01,1.08,9986,70.1,30.05,290.38,40.06
2020-09-03,Bahia,Sítio do Quinto,10.01,1,0,0.0,104,1,0.96,1041.46,10.01,1.04,9986,40.05,-10.02,250.32,-60.09
2020-09-02,Bahia,Sítio do Quinto,0.0,0,0,0.0,103,1,0.97,1031.44,10.01,1.03,9986,50.07,0.0,310.41,0.0
2020-09-01,Bahia,Sítio do Quinto,0.0,0,0,0.0,103,1,0.97,1031.44,10.01,1.03,9986,50.07,-10.01,310.41,0.0
2020-08-31,Bahia,Sítio do Quinto,0.0,0,0,0.0,103,1,0.97,1031.44,10.01,1.03,9986,60.08,0.0,310.41,-10.01
2020-08-30,Bahia,Sítio do Quinto,20.03,2,0,0.0,103,1,0.97,1031.44,10.01,1.03,9986,60.08,20.03,320.42,-20.03
2020-08-29,Bahia,Sítio do Quinto,0.0,0,0,0.0,101,1,0.99,1011.42,10.01,1.01,9986,40.05,-20.03,340.45,-10.01
2020-08-28,Bahia,Sítio do Quinto,10.01,1,0,0.0,101,1,0.99,1011.42,10.01,1.01,9986,60.08,0.0,350.46,10.01
2020-08-27,Bahia,Sítio do Quinto,20.03,2,0,0.0,100,1,1.0,1001.4,10.01,1.0,9986,60.08,-40.05,340.45,10.02
2020-08-26,Bahia,Sítio do Quinto,0.0,0,0,0.0,98,1,1.02,981.37,10.01,0.98,9986,100.13,-10.01,330.43,-30.04
2020-08-25,Bahia,Sítio do Quinto,10.01,1,0,0.0,98,1,1.02,981.37,10.01,0.98,9986,110.14,10.01,360.47,10.01
2020-08-24,Bahia,Sítio do Quinto,0.0,0,1,10.01,97,1,1.03,971.36,10.01,0.97,9986,100.13,0.0,350.46,-20.03
2020-08-23,Bahia,Sítio do Quinto,0.0,0,0,0.0,97,0,0.0,971.36,0.0,0.97,9986,100.13,-10.01,370.49,-20.03
2020-08-22,Bahia,Sítio do Quinto,20.03,2,0,0.0,97,0,0.0,971.36,0.0,0.97,9986,110.14,20.03,390.52,-30.04
2020-08-21,Bahia,Sítio do Quinto,10.01,1,0,0.0,95,0,0.0,951.33,0.0,0.95,9986,90.11,-30.05,420.56,-10.02
2020-08-20,Bahia,Sítio do Quinto,60.08,6,0,0.0,94,0,0.0,941.32,0.0,0.94,9986,120.16,50.07,430.58,50.07
2020-08-19,Bahia,Sítio do Quinto,10.01,1,0,0.0,88,0,0.0,881.23,0.0,0.88,9986,70.09,10.01,380.51,10.01
2020-08-18,Bahia,Sítio do Quinto,0.0,0,0,0.0,87,0,0.0,871.22,0.0,0.87,9986,60.08,0.0,370.5,0.0
2020-08-17,Bahia,Sítio do Quinto,0.0,0,0,0.0,87,0,0.0,871.22,0.0,0.87,9986,60.08,-10.01,370.5,-40.06
2020-08-16,Bahia,Sítio do Quinto,10.01,1,0,0.0,87,0,0.0,871.22,0.0,0.87,9986,70.09,10.01,410.56,0.0
2020-08-15,Bahia,Sítio do Quinto,0.0,0,0,0.0,86,0,0.0,861.21,0.0,0.86,9986,60.08,-10.01,410.56,-10.01
2020-08-14,Bahia,Sítio do Quinto,40.06,4,0,0.0,86,0,0.0,861.21,0.0,0.86,9986,70.09,40.06,420.57,30.05
2020-08-12,Bahia,Sítio do Quinto,10.01,1,0,0.0,82,0,0.0,821.15,0.0,0.82,9986,30.03,-60.09,390.52,0.0
2020-08-11,Bahia,Sítio do Quinto,0.0,0,0,0.0,81,0,0.0,811.14,0.0,0.81,9986,90.12,0.0,390.52,-10.01
2020-08-10,Bahia,Sítio do Quinto,0.0,0,0,0.0,81,0,0.0,811.14,0.0,0.81,9986,90.12,0.0,400.53,0.0
2020-08-09,Bahia,Sítio do Quinto,10.01,1,0,0.0,81,0,0.0,811.14,0.0,0.81,9986,90.12,0.0,400.53,10.01
2020-08-08,Bahia,Sítio do Quinto,0.0,0,0,0.0,80,0,0.0,801.12,0.0,0.8,9986,90.12,-40.06,390.52,-10.01
2020-08-07,Bahia,Sítio do Quinto,10.01,1,0,0.0,80,0,0.0,801.12,0.0,0.8,9986,130.18,0.0,400.53,10.01
2020-08-06,Bahia,Sítio do Quinto,0.0,0,0,0.0,79,0,0.0,791.11,0.0,0.79,9986,130.18,0.0,390.52,-20.03
2020-08-05,Bahia,Sítio do Quinto,70.1,7,0,0.0,79,0,0.0,791.11,0.0,0.79,9986,130.18,60.09,410.55,40.06
2020-08-04,Bahia,Sítio do Quinto,0.0,0,0,0.0,72,0,0.0,721.01,0.0,0.72,9986,70.09,-30.04,370.49,0.0
2020-08-03,Bahia,Sítio do Quinto,0.0,0,0,0.0,72,0,0.0,721.01,0.0,0.72,9986,100.13,0.0,370.49,-20.03
2020-08-02,Bahia,Sítio do Quinto,10.01,1,0,0.0,72,0,0.0,721.01,0.0,0.72,9986,100.13,-10.02,390.52,10.01
2020-08-01,Bahia,Sítio do Quinto,40.06,4,0,0.0,71,0,0.0,711.0,0.0,0.71,9986,110.15,20.03,380.51,40.06
2020-07-31,Bahia,Sítio do Quinto,10.01,1,0,0.0,67,0,0.0,670.94,0.0,0.67,9986,90.12,-40.06,340.45,-40.06
2020-07-30,Bahia,Sítio do Quinto,0.0,0,0,0.0,66,0,0.0,660.93,0.0,0.66,9986,130.18,-20.03,380.51,0.0
2020-07-29,Bahia,Sítio do Quinto,10.01,1,0,0.0,66,0,0.0,660.93,0.0,0.66,9986,150.21,0.0,380.51,-30.05
2020-07-28,Bahia,Sítio do Quinto,30.04,3,0,0.0,65,0,0.0,650.91,0.0,0.65,9986,150.21,30.04,410.56,20.03
2020-07-27,Bahia,Sítio do Quinto,0.0,0,0,0.0,62,0,0.0,620.87,0.0,0.62,9986,120.17,0.0,390.53,-70.1
2020-07-26,Bahia,Sítio do Quinto,20.03,2,0,0.0,62,0,0.0,620.87,0.0,0.62,9986,120.17,-20.03,460.63,20.03
2020-07-25,Bahia,Sítio do Quinto,20.03,2,0,0.0,60,0,0.0,600.84,0.0,0.6,9986,140.2,10.02,440.6,-20.03
2020-07-24,Bahia,Sítio do Quinto,50.07,5,0,0.0,58,0,0.0,580.81,0.0,0.58,9986,130.18,40.06,460.63,40.06
2020-07-23,Bahia,Sítio do Quinto,20.03,2,0,0.0,53,0,0.0,530.74,0.0,0.53,9986,90.12,10.02,420.57,0.0
2020-07-22,Bahia,Sítio do Quinto,10.01,1,0,0.0,51,0,0.0,510.72,0.0,0.51,9986,80.1,0.0,420.57,-70.1
2020-07-21,Bahia,Sítio do Quinto,0.0,0,0,0.0,50,0,0.0,500.7,0.0,0.5,9986,80.1,-10.01,490.67,0.0
2020-07-20,Bahia,Sítio do Quinto,0.0,0,0,0.0,50,0,0.0,500.7,0.0,0.5,9986,90.11,0.0,490.67,0.0
2020-07-19,Bahia,Sítio do Quinto,40.06,4,0,0.0,50,0,0.0,500.7,0.0,0.5,9986,90.11,40.06,490.67,40.06
2020-07-18,Bahia,Sítio do Quinto,10.01,1,0,0.0,46,0,0.0,460.64,0.0,0.46,9986,50.05,0.0,450.61,10.01
2020-07-17,Bahia,Sítio do Quinto,10.01,1,0,0.0,45,0,0.0,450.63,0.0,0.45,9986,50.05,10.01,440.6,10.01
2020-07-16,Bahia,Sítio do Quinto,10.01,1,0,0.0,44,0,0.0,440.62,0.0,0.44,9986,40.04,-10.02,430.59,10.01
2020-07-15,Bahia,Sítio do Quinto,10.01,1,0,0.0,43,0,0.0,430.6,0.0,0.43,9986,50.06,-20.03,420.58,10.01
2020-07-14,Bahia,Sítio do Quinto,10.01,1,0,0.0,42,0,0.0,420.59,0.0,0.42,9986,70.09,10.01,410.57,10.01
2020-07-13,Bahia,Sítio do Quinto,0.0,0,0,0.0,41,0,0.0,410.57,0.0,0.41,9986,60.08,-20.03,400.56,0.0
2020-07-12,Bahia,Sítio do Quinto,0.0,0,0,0.0,41,0,0.0,410.57,0.0,0.41,9986,80.11,0.0,400.56,0.0
2020-07-11,Bahia,Sítio do Quinto,10.01,1,0,0.0,41,0,0.0,410.57,0.0,0.41,9986,80.11,10.01,400.56,10.01
2020-07-10,Bahia,Sítio do Quinto,0.0,0,0,0.0,40,0,0.0,400.56,0.0,0.4,9986,70.1,-50.07,390.55,0.0
2020-07-09,Bahia,Sítio do Quinto,20.03,2,0,0.0,40,0,0.0,400.56,0.0,0.4,9986,120.17,20.03,390.55,20.03
2020-07-08,Bahia,Sítio do Quinto,30.04,3,0,0.0,38,0,0.0,380.53,0.0,0.38,9986,100.14,-10.02,370.52,30.04
2020-07-07,Bahia,Sítio do Quinto,0.0,0,0,0.0,35,0,0.0,350.49,0.0,0.35,9986,110.16,-10.01,340.48,0.0
2020-07-06,Bahia,Sítio do Quinto,20.03,2,0,0.0,35,0,0.0,350.49,0.0,0.35,9986,120.17,-50.07,340.48,20.03
2020-07-05,Bahia,Sítio do Quinto,0.0,0,0,0.0,33,0,0.0,330.46,0.0,0.33,9986,170.24,0.0,320.45,0.0
2020-07-04,Bahia,Sítio do Quinto,0.0,0,0,0.0,33,0,0.0,330.46,0.0,0.33,9986,170.24,-40.06,320.45,0.0
2020-07-03,Bahia,Sítio do Quinto,50.07,5,0,0.0,33,0,0.0,330.46,0.0,0.33,9986,210.3,40.06,320.45,40.06
2020-07-02,Bahia,Sítio do Quinto,0.0,0,0,0.0,28,0,0.0,280.39,0.0,0.28,9986,170.24,-20.03,280.39,-10.01
2020-07-01,Bahia,Sítio do Quinto,40.06,4,0,0.0,28,0,0.0,280.39,0.0,0.28,9986,190.27,-40.05,290.4,40.06
2020-06-30,Bahia,Sítio do Quinto,10.01,1,0,0.0,24,0,0.0,240.34,0.0,0.24,9986,230.32,10.01,250.34,10.01
2020-06-29,Bahia,Sítio do Quinto,70.1,7,0,0.0,23,0,0.0,230.32,0.0,0.23,9986,220.31,70.1,240.33,70.1
2020-06-28,Bahia,Sítio do Quinto,0.0,0,0,0.0,16,0,0.0,160.22,0.0,0.16,9986,150.21,0.0,170.23,0.0
2020-06-27,Bahia,Sítio do Quinto,40.06,4,0,0.0,16,0,0.0,160.22,0.0,0.16,9986,150.21,40.06,170.23,40.06
2020-06-26,Bahia,Sítio do Quinto,10.01,1,0,0.0,12,0,0.0,120.17,0.0,0.12,9986,110.15,10.01,130.17,10.01
2020-06-25,Bahia,Sítio do Quinto,20.03,2,0,0.0,11,0,0.0,110.15,0.0,0.11,9986,100.14,20.03,120.16,20.03
2020-06-24,Bahia,Sítio do Quinto,80.11,8,0,0.0,9,0,0.0,90.13,0.0,0.09,9986,80.11,80.11,100.13,80.11
2020-06-23,Bahia,Sítio do Quinto,0.0,0,0,0.0,1,0,0.0,10.01,0.0,0.01,9986,0.0,0.0,20.02,0.0
2020-06-22,Bahia,Sítio do Quinto,0.0,0,0,0.0,1,0,0.0,10.01,0.0,0.01,9986,0.0,0.0,20.02,0.0
2020-06-21,Bahia,Sítio do Quinto,0.0,0,0,0.0,1,0,0.0,10.01,0.0,0.01,9986,0.0,0.0,20.02,0.0
2020-06-20,Bahia,Sítio do Quinto,0.0,0,0,0.0,1,0,0.0,10.01,0.0,0.01,9986,0.0,0.0,20.02,0.0
2020-06-19,Bahia,Sítio do Quinto,0.0,0,0,0.0,1,0,0.0,10.01,0.0,0.01,9986,0.0,0.0,20.02,0.0
2020-06-18,Bahia,Sítio do Quinto,0.0,0,0,0.0,1,0,0.0,10.01,0.0,0.01,9986,0.0,0.0,20.02,0.0
2020-06-17,Bahia,Sítio do Quinto,0.0,0,0,0.0,1,0,0.0,10.01,0.0,0.01,9986,0.0,0.0,20.02,0.0
2020-06-16,Bahia,Sítio do Quinto,0.0,0,0,0.0,1,0,0.0,10.01,0.0,0.01,9986,0.0,0.0,20.02,0.0
2020-06-15,Bahia,Sítio do Quinto,0.0,0,0,0.0,1,0,0.0,10.01,0.0,0.01,9986,0.0,0.0,20.02,0.0
2020-06-14,Bahia,Sítio do Quinto,0.0,0,0,0.0,1,0,0.0,10.01,0.0,0.01,9986,0.0,0.0,20.02,0.0
2020-06-13,Bahia,Sítio do Quinto,0.0,0,0,0.0,1,0,0.0,10.01,0.0,0.01,9986,0.0,0.0,20.02,0.0
2020-06-12,Bahia,Sítio do Quinto,0.0,0,0,0.0,1,0,0.0,10.01,0.0,0.01,9986,0.0,-10.01,20.02,0.0
2020-06-11,Bahia,Sítio do Quinto,0.0,0,0,0.0,1,0,0.0,10.01,0.0,0.01,9986,10.01,-10.01,20.02,0.0
2020-06-10,Bahia,Sítio do Quinto,0.0,0,0,0.0,1,0,0.0,10.01,0.0,0.01,9986,20.02,0.0,20.02,0.0
2020-06-09,Bahia,Sítio do Quinto,0.0,0,0,0.0,1,0,0.0,10.01,0.0,0.01,9986,20.02,0.0,20.02,0.0
2020-06-07,Bahia,Sítio do Quinto,0.0,0,0,0.0,1,0,0.0,10.01,0.0,0.01,9986,20.02,0.0,20.02,0.0
2020-06-06,Bahia,Sítio do Quinto,0.0,0,0,0.0,1,0,0.0,10.01,0.0,0.01,9986,20.02,0.0,20.02,0.0
2020-06-05,Bahia,Sítio do Quinto,0.0,0,0,0.0,1,0,0.0,10.01,0.0,0.01,9986,20.02,0.0,20.02,0.0
2020-06-04,Bahia,Sítio do Quinto,10.01,1,0,0.0,1,0,0.0,10.01,0.0,0.01,9986,20.02,10.01,20.02,10.01
2020-06-03,Bahia,Sítio do Quinto,10.01,1,0,0.0,0,0,0.0,0.0,0.0,0.0,9986,10.01,10.01,10.01,10.01
