date,state,city,1day_cases_100k,new_cases,new_deaths,new_deaths_100k,total_cases,total_deaths,cfr%,total_cases_100k,total_deaths_100k,%infected,population,7day_cases_100k,7day_cases_change,28day_cases_100k,28day_cases_change
2020-09-08,Bahia,Teolândia,6.69,1,0,0.0,250,1,0.4,1673.02,6.69,1.67,14943,167.3,6.69,401.51,0.0
2020-09-07,Bahia,Teolândia,6.69,1,0,0.0,249,1,0.4,1666.33,6.69,1.67,14943,160.61,-20.08,401.51,-33.46
2020-09-06,Bahia,Teolândia,0.0,0,0,0.0,248,1,0.4,1659.64,6.69,1.66,14943,180.69,-33.46,434.97,-6.69
2020-09-05,Bahia,Teolândia,40.15,6,0,0.0,248,1,0.4,1659.64,6.69,1.66,14943,214.15,33.46,441.66,33.46
2020-09-04,Bahia,Teolândia,20.08,3,0,0.0,242,1,0.41,1619.49,6.69,1.62,14943,180.69,6.7,408.2,20.08
2020-09-03,Bahia,Teolândia,80.31,12,0,0.0,239,1,0.42,1599.41,6.69,1.6,14943,173.99,53.54,388.12,60.23
2020-09-01,Bahia,Teolândia,13.38,2,0,0.0,227,1,0.44,1519.11,6.69,1.52,14943,120.45,-6.7,327.89,13.38
2020-08-31,Bahia,Teolândia,0.0,0,0,0.0,225,1,0.44,1505.72,6.69,1.51,14943,127.15,0.0,314.51,0.0
2020-08-30,Bahia,Teolândia,26.77,4,0,0.0,225,1,0.44,1505.72,6.69,1.51,14943,127.15,26.77,314.51,20.08
2020-08-29,Bahia,Teolândia,33.46,5,0,0.0,221,1,0.45,1478.95,6.69,1.48,14943,100.38,33.46,294.43,33.46
2020-08-28,Bahia,Teolândia,6.69,1,0,0.0,216,1,0.46,1445.49,6.69,1.45,14943,66.92,6.69,260.97,-13.39
2020-08-27,Bahia,Teolândia,13.38,2,0,0.0,215,1,0.47,1438.8,6.69,1.44,14943,60.23,6.69,274.36,6.69
2020-08-26,Bahia,Teolândia,26.77,4,0,0.0,213,1,0.47,1425.42,6.69,1.43,14943,53.54,20.08,267.67,13.39
2020-08-25,Bahia,Teolândia,20.08,3,0,0.0,209,1,0.48,1398.65,6.69,1.4,14943,33.46,6.7,254.28,20.08
2020-08-24,Bahia,Teolândia,0.0,0,0,0.0,206,1,0.49,1378.57,6.69,1.38,14943,26.76,0.0,234.2,-40.15
2020-08-23,Bahia,Teolândia,0.0,0,0,0.0,206,1,0.49,1378.57,6.69,1.38,14943,26.76,-13.38,274.35,-46.84
2020-08-22,Bahia,Teolândia,0.0,0,0,0.0,206,1,0.49,1378.57,6.69,1.38,14943,40.14,0.0,321.19,-13.38
2020-08-21,Bahia,Teolândia,0.0,0,0,0.0,206,1,0.49,1378.57,6.69,1.38,14943,40.14,-20.08,334.57,-147.23
2020-08-20,Bahia,Teolândia,6.69,1,0,0.0,206,1,0.49,1378.57,6.69,1.38,14943,60.22,-26.77,481.8,-26.77
2020-08-19,Bahia,Teolândia,6.69,1,0,0.0,205,1,0.49,1371.88,6.69,1.37,14943,86.99,-6.69,508.57,6.69
2020-08-18,Bahia,Teolândia,13.38,2,0,0.0,204,1,0.49,1365.19,6.69,1.37,14943,93.68,13.38,501.88,6.69
2020-08-17,Bahia,Teolândia,0.0,0,0,0.0,202,1,0.5,1351.8,6.69,1.35,14943,80.3,-6.69,495.19,-20.08
2020-08-16,Bahia,Teolândia,13.38,2,0,0.0,202,1,0.5,1351.8,6.69,1.35,14943,86.99,-26.77,515.27,6.69
2020-08-15,Bahia,Teolândia,0.0,0,1,6.69,200,1,0.5,1338.42,6.69,1.34,14943,113.76,-6.69,508.58,-33.46
2020-08-14,Bahia,Teolândia,20.08,3,0,0.0,200,0,0.0,1338.42,0.0,1.34,14943,120.45,13.39,542.04,-6.69
2020-08-12,Bahia,Teolândia,33.46,5,0,0.0,197,0,0.0,1318.34,0.0,1.32,14943,107.06,33.46,548.73,-20.08
2020-08-11,Bahia,Teolândia,13.38,2,0,0.0,192,0,0.0,1284.88,0.0,1.28,14943,73.6,-6.7,568.81,-20.08
2020-08-10,Bahia,Teolândia,0.0,0,0,0.0,190,0,0.0,1271.5,0.0,1.27,14943,80.3,0.0,588.89,-6.69
2020-08-09,Bahia,Teolândia,6.69,1,0,0.0,190,0,0.0,1271.5,0.0,1.27,14943,80.3,6.69,595.58,0.0
2020-08-08,Bahia,Teolândia,40.15,6,0,0.0,189,0,0.0,1264.81,0.0,1.26,14943,73.61,33.46,595.58,13.38
2020-08-07,Bahia,Teolândia,6.69,1,0,0.0,183,0,0.0,1224.65,0.0,1.22,14943,40.15,6.69,582.2,-53.54
2020-08-06,Bahia,Teolândia,6.69,1,0,0.0,182,0,0.0,1217.96,0.0,1.22,14943,33.46,-13.39,635.74,-53.54
2020-08-05,Bahia,Teolândia,0.0,0,0,0.0,181,0,0.0,1211.27,0.0,1.21,14943,46.85,-6.69,689.28,-33.46
2020-08-04,Bahia,Teolândia,20.08,3,0,0.0,181,0,0.0,1211.27,0.0,1.21,14943,53.54,6.7,722.74,13.39
2020-08-03,Bahia,Teolândia,0.0,0,0,0.0,178,0,0.0,1191.19,0.0,1.19,14943,46.84,0.0,709.35,0.0
2020-08-02,Bahia,Teolândia,0.0,0,0,0.0,178,0,0.0,1191.19,0.0,1.19,14943,46.84,-40.15,709.35,-46.84
2020-08-01,Bahia,Teolândia,6.69,1,0,0.0,178,0,0.0,1191.19,0.0,1.19,14943,86.99,-40.15,756.19,0.0
2020-07-31,Bahia,Teolândia,0.0,0,0,0.0,177,0,0.0,1184.5,0.0,1.18,14943,127.14,-13.38,756.19,-20.08
2020-07-30,Bahia,Teolândia,20.08,3,0,0.0,177,0,0.0,1184.5,0.0,1.18,14943,140.52,-127.15,776.27,-13.38
2020-07-29,Bahia,Teolândia,6.69,1,0,0.0,174,0,0.0,1164.42,0.0,1.16,14943,267.67,-26.77,789.65,-20.08
2020-07-28,Bahia,Teolândia,13.38,2,0,0.0,173,0,0.0,1157.73,0.0,1.16,14943,294.44,13.38,809.73,13.38
2020-07-27,Bahia,Teolândia,0.0,0,0,0.0,171,0,0.0,1144.35,0.0,1.14,14943,281.06,-6.69,796.35,0.0
2020-07-26,Bahia,Teolândia,40.15,6,0,0.0,171,0,0.0,1144.35,0.0,1.14,14943,287.75,20.07,796.35,6.69
2020-07-25,Bahia,Teolândia,46.84,7,0,0.0,165,0,0.0,1104.2,0.0,1.1,14943,267.68,40.15,789.66,33.46
2020-07-24,Bahia,Teolândia,13.38,2,0,0.0,158,0,0.0,1057.35,0.0,1.06,14943,227.53,-20.08,756.2,0.0
2020-07-23,Bahia,Teolândia,147.23,22,0,0.0,156,0,0.0,1043.97,0.0,1.04,14943,247.61,120.46,756.2,140.54
2020-07-22,Bahia,Teolândia,33.46,5,0,0.0,134,0,0.0,896.74,0.0,0.9,14943,127.15,-20.08,615.66,-13.38
2020-07-21,Bahia,Teolândia,0.0,0,0,0.0,129,0,0.0,863.28,0.0,0.86,14943,147.23,-33.46,629.04,-13.38
2020-07-20,Bahia,Teolândia,6.69,1,0,0.0,129,0,0.0,863.28,0.0,0.86,14943,180.69,0.0,642.42,6.69
2020-07-19,Bahia,Teolândia,20.08,3,0,0.0,128,0,0.0,856.59,0.0,0.86,14943,180.69,13.39,635.73,6.7
2020-07-18,Bahia,Teolândia,6.69,1,0,0.0,125,0,0.0,836.51,0.0,0.84,14943,167.3,-20.08,629.03,-60.23
2020-07-17,Bahia,Teolândia,33.46,5,0,0.0,124,0,0.0,829.82,0.0,0.83,14943,187.38,-26.77,689.26,20.08
2020-07-16,Bahia,Teolândia,26.77,4,0,0.0,119,0,0.0,796.36,0.0,0.8,14943,214.15,-33.46,669.18,26.77
2020-07-15,Bahia,Teolândia,53.54,8,0,0.0,115,0,0.0,769.59,0.0,0.77,14943,247.61,20.08,642.41,20.08
2020-07-14,Bahia,Teolândia,33.46,5,0,0.0,107,0,0.0,716.05,0.0,0.72,14943,227.53,26.77,622.33,26.77
2020-07-13,Bahia,Teolândia,6.69,1,0,0.0,102,0,0.0,682.59,0.0,0.68,14943,200.76,6.69,595.56,6.69
2020-07-12,Bahia,Teolândia,6.69,1,0,0.0,101,0,0.0,675.9,0.0,0.68,14943,194.07,-40.15,588.87,-20.08
2020-07-11,Bahia,Teolândia,26.77,4,0,0.0,100,0,0.0,669.21,0.0,0.67,14943,234.22,20.08,608.95,20.08
2020-07-10,Bahia,Teolândia,60.23,9,0,0.0,96,0,0.0,642.44,0.0,0.64,14943,214.14,40.15,588.87,53.54
2020-07-09,Bahia,Teolândia,60.23,9,0,0.0,87,0,0.0,582.21,0.0,0.58,14943,173.99,26.77,535.33,46.85
2020-07-08,Bahia,Teolândia,33.46,5,0,0.0,78,0,0.0,521.98,0.0,0.52,14943,147.22,6.69,488.48,33.46
2020-07-07,Bahia,Teolândia,6.69,1,0,0.0,73,0,0.0,488.52,0.0,0.49,14943,140.53,6.69,455.02,-20.08
2020-07-06,Bahia,Teolândia,0.0,0,0,0.0,72,0,0.0,481.83,0.0,0.48,14943,133.84,0.0,475.1,0.0
2020-07-05,Bahia,Teolândia,46.84,7,0,0.0,72,0,0.0,481.83,0.0,0.48,14943,133.84,13.38,475.1,40.15
2020-07-04,Bahia,Teolândia,6.69,1,0,0.0,65,0,0.0,434.99,0.0,0.43,14943,120.46,-6.69,434.95,0.0
2020-07-03,Bahia,Teolândia,20.08,3,0,0.0,64,0,0.0,428.29,0.0,0.43,14943,127.15,6.7,434.95,20.08
2020-07-02,Bahia,Teolândia,33.46,5,0,0.0,61,0,0.0,408.22,0.0,0.41,14943,120.45,26.77,414.87,33.46
2020-07-01,Bahia,Teolândia,26.77,4,0,0.0,56,0,0.0,374.76,0.0,0.37,14943,93.68,-20.07,381.41,26.77
2020-06-30,Bahia,Teolândia,0.0,0,0,0.0,52,0,0.0,347.99,0.0,0.35,14943,113.75,-13.38,354.64,0.0
2020-06-29,Bahia,Teolândia,0.0,0,0,0.0,52,0,0.0,347.99,0.0,0.35,14943,127.13,0.0,354.64,0.0
2020-06-28,Bahia,Teolândia,33.46,5,0,0.0,52,0,0.0,347.99,0.0,0.35,14943,127.13,20.08,354.64,33.46
2020-06-27,Bahia,Teolândia,13.38,2,0,0.0,47,0,0.0,314.53,0.0,0.31,14943,107.05,-53.54,321.18,13.38
2020-06-26,Bahia,Teolândia,13.38,2,0,0.0,45,0,0.0,301.14,0.0,0.3,14943,160.59,0.0,307.8,13.38
2020-06-25,Bahia,Teolândia,6.69,1,0,0.0,43,0,0.0,287.76,0.0,0.29,14943,160.59,6.69,294.42,6.69
2020-06-24,Bahia,Teolândia,46.84,7,0,0.0,42,0,0.0,281.07,0.0,0.28,14943,153.9,13.38,287.73,46.84
2020-06-23,Bahia,Teolândia,13.38,2,0,0.0,35,0,0.0,234.22,0.0,0.23,14943,140.52,6.69,240.89,13.38
2020-06-22,Bahia,Teolândia,0.0,0,0,0.0,33,0,0.0,220.84,0.0,0.22,14943,133.83,0.0,227.51,0.0
2020-06-21,Bahia,Teolândia,13.38,2,0,0.0,33,0,0.0,220.84,0.0,0.22,14943,133.83,-13.39,227.51,13.38
2020-06-20,Bahia,Teolândia,66.92,10,0,0.0,31,0,0.0,207.45,0.0,0.21,14943,147.22,60.23,214.13,66.92
2020-06-19,Bahia,Teolândia,13.38,2,0,0.0,21,0,0.0,140.53,0.0,0.14,14943,86.99,6.69,147.21,13.38
2020-06-18,Bahia,Teolândia,0.0,0,0,0.0,19,0,0.0,127.15,0.0,0.13,14943,80.3,-13.38,133.83,0.0
2020-06-17,Bahia,Teolândia,33.46,5,0,0.0,19,0,0.0,127.15,0.0,0.13,14943,93.68,33.46,133.83,33.46
2020-06-16,Bahia,Teolândia,6.69,1,0,0.0,14,0,0.0,93.69,0.0,0.09,14943,60.22,-20.08,100.37,6.69
2020-06-15,Bahia,Teolândia,0.0,0,0,0.0,13,0,0.0,87.0,0.0,0.09,14943,80.3,0.0,93.68,0.0
2020-06-14,Bahia,Teolândia,26.77,4,0,0.0,13,0,0.0,87.0,0.0,0.09,14943,80.3,20.08,93.68,26.77
2020-06-13,Bahia,Teolândia,6.69,1,0,0.0,9,0,0.0,60.23,0.0,0.06,14943,60.22,0.0,66.91,6.69
2020-06-12,Bahia,Teolândia,6.69,1,0,0.0,8,0,0.0,53.54,0.0,0.05,14943,60.22,6.69,60.22,6.69
2020-06-11,Bahia,Teolândia,13.38,2,0,0.0,7,0,0.0,46.84,0.0,0.05,14943,53.53,13.38,53.53,13.38
2020-06-10,Bahia,Teolândia,0.0,0,0,0.0,5,0,0.0,33.46,0.0,0.03,14943,40.15,0.0,40.15,0.0
2020-06-09,Bahia,Teolândia,26.77,4,0,0.0,5,0,0.0,33.46,0.0,0.03,14943,40.15,26.77,40.15,26.77
2020-06-07,Bahia,Teolândia,0.0,0,0,0.0,1,0,0.0,6.69,0.0,0.01,14943,13.38,0.0,13.38,0.0
2020-06-06,Bahia,Teolândia,6.69,1,0,0.0,1,0,0.0,6.69,0.0,0.01,14943,13.38,6.69,13.38,6.69
2020-06-05,Bahia,Teolândia,6.69,1,0,0.0,0,0,0.0,0.0,0.0,0.0,14943,6.69,6.69,6.69,6.69
