date,state,county,new_cases_100k,new_cases,new_deaths,new_deaths_100k,total_cases,total_deaths,cfr%,total_cases_100k,total_deaths_100k,%infected,population,pop_density
2020-08-09,Mississippi,Carroll,0.0,0,0,0.0,261,11,4.21,2633.44,110.99,2.63,9911,15.77
2020-08-08,Mississippi,Carroll,10.09,1,0,0.0,261,11,4.21,2633.44,110.99,2.63,9911,15.77
2020-08-07,Mississippi,Carroll,60.54,6,0,0.0,260,11,4.23,2623.35,110.99,2.62,9911,15.77
2020-08-06,Mississippi,Carroll,60.54,6,0,0.0,254,11,4.33,2562.81,110.99,2.56,9911,15.77
2020-08-05,Mississippi,Carroll,0.0,0,0,0.0,248,11,4.44,2502.27,110.99,2.5,9911,15.77
2020-08-04,Mississippi,Carroll,30.27,3,0,0.0,248,11,4.44,2502.27,110.99,2.5,9911,15.77
2020-08-03,Mississippi,Carroll,0.0,0,0,0.0,245,11,4.49,2472.0,110.99,2.47,9911,15.77
2020-08-02,Mississippi,Carroll,0.0,0,0,0.0,245,11,4.49,2472.0,110.99,2.47,9911,15.77
2020-08-01,Mississippi,Carroll,50.45,5,0,0.0,245,11,4.49,2472.0,110.99,2.47,9911,15.77
2020-07-31,Mississippi,Carroll,30.27,3,0,0.0,240,11,4.58,2421.55,110.99,2.42,9911,15.77
2020-07-30,Mississippi,Carroll,10.09,1,0,0.0,237,11,4.64,2391.28,110.99,2.39,9911,15.77
2020-07-29,Mississippi,Carroll,30.27,3,0,0.0,236,11,4.66,2381.19,110.99,2.38,9911,15.77
2020-07-28,Mississippi,Carroll,10.09,1,0,0.0,233,11,4.72,2350.92,110.99,2.35,9911,15.77
2020-07-27,Mississippi,Carroll,10.09,1,0,0.0,232,11,4.74,2340.83,110.99,2.34,9911,15.77
2020-07-26,Mississippi,Carroll,0.0,0,0,0.0,231,11,4.76,2330.74,110.99,2.33,9911,15.77
2020-07-25,Mississippi,Carroll,10.09,1,0,0.0,231,11,4.76,2330.74,110.99,2.33,9911,15.77
2020-07-24,Mississippi,Carroll,0.0,0,0,0.0,230,11,4.78,2320.65,110.99,2.32,9911,15.77
2020-07-23,Mississippi,Carroll,50.45,5,0,0.0,230,11,4.78,2320.65,110.99,2.32,9911,15.77
2020-07-22,Mississippi,Carroll,40.36,4,0,0.0,225,11,4.89,2270.2,110.99,2.27,9911,15.77
2020-07-21,Mississippi,Carroll,10.09,1,0,0.0,221,11,4.98,2229.85,110.99,2.23,9911,15.77
2020-07-20,Mississippi,Carroll,20.18,2,0,0.0,220,11,5.0,2219.76,110.99,2.22,9911,15.77
2020-07-19,Mississippi,Carroll,20.18,2,0,0.0,218,11,5.05,2199.58,110.99,2.2,9911,15.77
2020-07-18,Mississippi,Carroll,161.44,16,0,0.0,216,11,5.09,2179.4,110.99,2.18,9911,15.77
2020-07-17,Mississippi,Carroll,10.09,1,0,0.0,200,11,5.5,2017.96,110.99,2.02,9911,15.77
2020-07-16,Mississippi,Carroll,30.27,3,0,0.0,199,11,5.53,2007.87,110.99,2.01,9911,15.77
2020-07-15,Mississippi,Carroll,70.63,7,0,0.0,196,11,5.61,1977.6,110.99,1.98,9911,15.77
2020-07-14,Mississippi,Carroll,60.54,6,0,0.0,189,11,5.82,1906.97,110.99,1.91,9911,15.77
2020-07-13,Mississippi,Carroll,10.09,1,0,0.0,183,11,6.01,1846.43,110.99,1.85,9911,15.77
2020-07-12,Mississippi,Carroll,10.09,1,0,0.0,182,11,6.04,1836.34,110.99,1.84,9911,15.77
2020-07-11,Mississippi,Carroll,70.63,7,0,0.0,181,11,6.08,1826.25,110.99,1.83,9911,15.77
2020-07-10,Mississippi,Carroll,10.09,1,0,0.0,174,11,6.32,1755.63,110.99,1.76,9911,15.77
2020-07-09,Mississippi,Carroll,20.18,2,0,0.0,173,11,6.36,1745.54,110.99,1.75,9911,15.77
2020-07-08,Mississippi,Carroll,30.27,3,0,0.0,171,11,6.43,1725.36,110.99,1.73,9911,15.77
2020-07-07,Mississippi,Carroll,20.18,2,0,0.0,168,11,6.55,1695.09,110.99,1.7,9911,15.77
2020-07-06,Mississippi,Carroll,10.09,1,0,0.0,166,11,6.63,1674.91,110.99,1.67,9911,15.77
2020-07-05,Mississippi,Carroll,10.09,1,0,0.0,165,11,6.67,1664.82,110.99,1.66,9911,15.77
2020-07-04,Mississippi,Carroll,0.0,0,0,0.0,164,11,6.71,1654.73,110.99,1.65,9911,15.77
2020-07-03,Mississippi,Carroll,30.27,3,0,0.0,164,11,6.71,1654.73,110.99,1.65,9911,15.77
2020-07-02,Mississippi,Carroll,10.09,1,0,0.0,161,11,6.83,1624.46,110.99,1.62,9911,15.77
2020-07-01,Mississippi,Carroll,30.27,3,0,0.0,160,11,6.88,1614.37,110.99,1.61,9911,15.77
2020-06-30,Mississippi,Carroll,80.72,8,0,0.0,157,11,7.01,1584.1,110.99,1.58,9911,15.77
2020-06-29,Mississippi,Carroll,20.18,2,0,0.0,149,11,7.38,1503.38,110.99,1.5,9911,15.77
2020-06-28,Mississippi,Carroll,0.0,0,0,0.0,147,11,7.48,1483.2,110.99,1.48,9911,15.77
2020-06-27,Mississippi,Carroll,20.18,2,0,0.0,147,11,7.48,1483.2,110.99,1.48,9911,15.77
2020-06-26,Mississippi,Carroll,40.36,4,0,0.0,145,11,7.59,1463.02,110.99,1.46,9911,15.77
2020-06-25,Mississippi,Carroll,30.27,3,0,0.0,141,11,7.8,1422.66,110.99,1.42,9911,15.77
2020-06-24,Mississippi,Carroll,30.27,3,0,0.0,138,11,7.97,1392.39,110.99,1.39,9911,15.77
2020-06-23,Mississippi,Carroll,20.18,2,0,0.0,135,11,8.15,1362.12,110.99,1.36,9911,15.77
2020-06-22,Mississippi,Carroll,110.99,11,0,0.0,133,11,8.27,1341.94,110.99,1.34,9911,15.77
2020-06-21,Mississippi,Carroll,0.0,0,0,0.0,122,11,9.02,1230.96,110.99,1.23,9911,15.77
2020-06-20,Mississippi,Carroll,0.0,0,0,0.0,122,11,9.02,1230.96,110.99,1.23,9911,15.77
2020-06-19,Mississippi,Carroll,0.0,0,0,0.0,122,11,9.02,1230.96,110.99,1.23,9911,15.77
2020-06-18,Mississippi,Carroll,0.0,0,0,0.0,122,11,9.02,1230.96,110.99,1.23,9911,15.77
2020-06-17,Mississippi,Carroll,0.0,0,0,0.0,122,11,9.02,1230.96,110.99,1.23,9911,15.77
2020-06-16,Mississippi,Carroll,0.0,0,0,0.0,122,11,9.02,1230.96,110.99,1.23,9911,15.77
2020-06-15,Mississippi,Carroll,0.0,0,0,0.0,122,11,9.02,1230.96,110.99,1.23,9911,15.77
2020-06-14,Mississippi,Carroll,0.0,0,0,0.0,122,11,9.02,1230.96,110.99,1.23,9911,15.77
2020-06-13,Mississippi,Carroll,0.0,0,0,0.0,122,11,9.02,1230.96,110.99,1.23,9911,15.77
2020-06-12,Mississippi,Carroll,-10.09,-1,0,0.0,122,11,9.02,1230.96,110.99,1.23,9911,15.77
2020-06-11,Mississippi,Carroll,0.0,0,0,0.0,123,11,8.94,1241.05,110.99,1.24,9911,15.77
2020-06-10,Mississippi,Carroll,20.18,2,0,0.0,123,11,8.94,1241.05,110.99,1.24,9911,15.77
2020-06-09,Mississippi,Carroll,10.09,1,0,0.0,121,11,9.09,1220.87,110.99,1.22,9911,15.77
2020-06-08,Mississippi,Carroll,10.09,1,0,0.0,120,11,9.17,1210.78,110.99,1.21,9911,15.77
2020-06-07,Mississippi,Carroll,0.0,0,0,0.0,119,11,9.24,1200.69,110.99,1.2,9911,15.77
2020-06-06,Mississippi,Carroll,0.0,0,0,0.0,119,11,9.24,1200.69,110.99,1.2,9911,15.77
2020-06-05,Mississippi,Carroll,0.0,0,0,0.0,119,11,9.24,1200.69,110.99,1.2,9911,15.77
2020-06-04,Mississippi,Carroll,30.27,3,0,0.0,119,11,9.24,1200.69,110.99,1.2,9911,15.77
2020-06-03,Mississippi,Carroll,0.0,0,0,0.0,116,11,9.48,1170.42,110.99,1.17,9911,15.77
2020-06-02,Mississippi,Carroll,-10.09,-1,0,0.0,116,11,9.48,1170.42,110.99,1.17,9911,15.77
2020-06-01,Mississippi,Carroll,0.0,0,0,0.0,117,11,9.4,1180.51,110.99,1.18,9911,15.77
2020-05-31,Mississippi,Carroll,0.0,0,0,0.0,117,11,9.4,1180.51,110.99,1.18,9911,15.77
2020-05-30,Mississippi,Carroll,-10.09,-1,0,0.0,117,11,9.4,1180.51,110.99,1.18,9911,15.77
2020-05-29,Mississippi,Carroll,30.27,3,0,0.0,118,11,9.32,1190.6,110.99,1.19,9911,15.77
2020-05-28,Mississippi,Carroll,10.09,1,1,10.09,115,11,9.57,1160.33,110.99,1.16,9911,15.77
2020-05-27,Mississippi,Carroll,0.0,0,0,0.0,114,10,8.77,1150.24,100.9,1.15,9911,15.77
2020-05-26,Mississippi,Carroll,10.09,1,0,0.0,114,10,8.77,1150.24,100.9,1.15,9911,15.77
2020-05-25,Mississippi,Carroll,0.0,0,0,0.0,113,10,8.85,1140.15,100.9,1.14,9911,15.77
2020-05-24,Mississippi,Carroll,0.0,0,1,10.09,113,10,8.85,1140.15,100.9,1.14,9911,15.77
2020-05-23,Mississippi,Carroll,0.0,0,0,0.0,113,9,7.96,1140.15,90.81,1.14,9911,15.77
2020-05-22,Mississippi,Carroll,10.09,1,0,0.0,113,9,7.96,1140.15,90.81,1.14,9911,15.77
2020-05-21,Mississippi,Carroll,10.09,1,1,10.09,112,9,8.04,1130.06,90.81,1.13,9911,15.77
2020-05-20,Mississippi,Carroll,10.09,1,0,0.0,111,8,7.21,1119.97,80.72,1.12,9911,15.77
2020-05-19,Mississippi,Carroll,0.0,0,1,10.09,110,8,7.27,1109.88,80.72,1.11,9911,15.77
2020-05-18,Mississippi,Carroll,0.0,0,0,0.0,110,7,6.36,1109.88,70.63,1.11,9911,15.77
2020-05-17,Mississippi,Carroll,0.0,0,1,10.09,110,7,6.36,1109.88,70.63,1.11,9911,15.77
2020-05-16,Mississippi,Carroll,10.09,1,2,20.18,110,6,5.45,1109.88,60.54,1.11,9911,15.77
2020-05-15,Mississippi,Carroll,30.27,3,0,0.0,109,4,3.67,1099.79,40.36,1.1,9911,15.77
2020-05-14,Mississippi,Carroll,10.09,1,0,0.0,106,4,3.77,1069.52,40.36,1.07,9911,15.77
2020-05-13,Mississippi,Carroll,0.0,0,0,0.0,105,4,3.81,1059.43,40.36,1.06,9911,15.77
2020-05-12,Mississippi,Carroll,20.18,2,0,0.0,105,4,3.81,1059.43,40.36,1.06,9911,15.77
2020-05-11,Mississippi,Carroll,0.0,0,0,0.0,103,4,3.88,1039.25,40.36,1.04,9911,15.77
2020-05-10,Mississippi,Carroll,20.18,2,0,0.0,103,4,3.88,1039.25,40.36,1.04,9911,15.77
2020-05-09,Mississippi,Carroll,40.36,4,0,0.0,101,4,3.96,1019.07,40.36,1.02,9911,15.77
2020-05-08,Mississippi,Carroll,-20.18,-2,1,10.09,97,4,4.12,978.71,40.36,0.98,9911,15.77
2020-05-07,Mississippi,Carroll,-30.27,-3,0,0.0,99,3,3.03,998.89,30.27,1.0,9911,15.77
2020-05-06,Mississippi,Carroll,-90.81,-9,0,0.0,102,3,2.94,1029.16,30.27,1.03,9911,15.77
2020-05-05,Mississippi,Carroll,343.05,34,1,10.09,111,3,2.7,1119.97,30.27,1.12,9911,15.77
2020-05-04,Mississippi,Carroll,151.35,15,0,0.0,77,2,2.6,776.91,20.18,0.78,9911,15.77
2020-05-03,Mississippi,Carroll,20.18,2,1,10.09,62,2,3.23,625.57,20.18,0.63,9911,15.77
2020-05-02,Mississippi,Carroll,20.18,2,0,0.0,60,1,1.67,605.39,10.09,0.61,9911,15.77
2020-05-01,Mississippi,Carroll,201.8,20,0,0.0,58,1,1.72,585.21,10.09,0.59,9911,15.77
2020-04-30,Mississippi,Carroll,131.17,13,0,0.0,38,1,2.63,383.41,10.09,0.38,9911,15.77
2020-04-29,Mississippi,Carroll,30.27,3,0,0.0,25,1,4.0,252.24,10.09,0.25,9911,15.77
2020-04-28,Mississippi,Carroll,20.18,2,0,0.0,22,1,4.55,221.98,10.09,0.22,9911,15.77
2020-04-27,Mississippi,Carroll,20.18,2,0,0.0,20,1,5.0,201.8,10.09,0.2,9911,15.77
2020-04-26,Mississippi,Carroll,30.27,3,0,0.0,18,1,5.56,181.62,10.09,0.18,9911,15.77
2020-04-25,Mississippi,Carroll,0.0,0,0,0.0,15,1,6.67,151.35,10.09,0.15,9911,15.77
2020-04-24,Mississippi,Carroll,0.0,0,0,0.0,15,1,6.67,151.35,10.09,0.15,9911,15.77
2020-04-23,Mississippi,Carroll,0.0,0,0,0.0,15,1,6.67,151.35,10.09,0.15,9911,15.77
2020-04-22,Mississippi,Carroll,10.09,1,0,0.0,15,1,6.67,151.35,10.09,0.15,9911,15.77
2020-04-21,Mississippi,Carroll,0.0,0,0,0.0,14,1,7.14,141.26,10.09,0.14,9911,15.77
2020-04-20,Mississippi,Carroll,0.0,0,0,0.0,14,1,7.14,141.26,10.09,0.14,9911,15.77
2020-04-19,Mississippi,Carroll,40.36,4,0,0.0,14,1,7.14,141.26,10.09,0.14,9911,15.77
2020-04-18,Mississippi,Carroll,0.0,0,0,0.0,10,1,10.0,100.9,10.09,0.1,9911,15.77
2020-04-17,Mississippi,Carroll,10.09,1,0,0.0,10,1,10.0,100.9,10.09,0.1,9911,15.77
2020-04-16,Mississippi,Carroll,0.0,0,1,10.09,9,1,11.11,90.81,10.09,0.09,9911,15.77
2020-04-15,Mississippi,Carroll,10.09,1,0,0.0,9,0,0.0,90.81,0.0,0.09,9911,15.77
2020-04-14,Mississippi,Carroll,0.0,0,0,0.0,8,0,0.0,80.72,0.0,0.08,9911,15.77
2020-04-13,Mississippi,Carroll,10.09,1,0,0.0,8,0,0.0,80.72,0.0,0.08,9911,15.77
2020-04-12,Mississippi,Carroll,0.0,0,0,0.0,7,0,0.0,70.63,0.0,0.07,9911,15.77
2020-04-11,Mississippi,Carroll,0.0,0,0,0.0,7,0,0.0,70.63,0.0,0.07,9911,15.77
2020-04-10,Mississippi,Carroll,0.0,0,0,0.0,7,0,0.0,70.63,0.0,0.07,9911,15.77
2020-04-09,Mississippi,Carroll,0.0,0,0,0.0,7,0,0.0,70.63,0.0,0.07,9911,15.77
2020-04-08,Mississippi,Carroll,0.0,0,0,0.0,7,0,0.0,70.63,0.0,0.07,9911,15.77
2020-04-07,Mississippi,Carroll,10.09,1,0,0.0,7,0,0.0,70.63,0.0,0.07,9911,15.77
2020-04-06,Mississippi,Carroll,10.09,1,0,0.0,6,0,0.0,60.54,0.0,0.06,9911,15.77
2020-04-05,Mississippi,Carroll,0.0,0,0,0.0,5,0,0.0,50.45,0.0,0.05,9911,15.77
2020-04-04,Mississippi,Carroll,0.0,0,0,0.0,5,0,0.0,50.45,0.0,0.05,9911,15.77
2020-04-03,Mississippi,Carroll,20.18,2,0,0.0,5,0,0.0,50.45,0.0,0.05,9911,15.77
2020-04-02,Mississippi,Carroll,10.09,1,0,0.0,3,0,0.0,30.27,0.0,0.03,9911,15.77
2020-04-01,Mississippi,Carroll,10.09,1,0,0.0,2,0,0.0,20.18,0.0,0.02,9911,15.77
2020-03-31,Mississippi,Carroll,0.0,0,0,0.0,1,0,0.0,10.09,0.0,0.01,9911,15.77
2020-03-30,Mississippi,Carroll,0.0,0,0,0.0,1,0,0.0,10.09,0.0,0.01,9911,15.77
2020-03-29,Mississippi,Carroll,0.0,0,0,0.0,1,0,0.0,10.09,0.0,0.01,9911,15.77
