date,country,region,1day_cases_100k,new_cases,new_deaths,new_deaths_100k,total_cases,total_deaths,cfr%,total_cases_100k,total_deaths_100k,%infected,population,7day_cases_100k,7day_cases_change,28day_cases_100k,28day_cases_change
2020-09-04,Honduras,Intibuca,14.62,34,0,0.0,628,14,2.23,270.05,6.02,0.27,232553,57.62,14.62,99.33,14.62
2020-09-03,Honduras,Intibuca,13.76,32,0,0.0,594,14,2.36,255.43,6.02,0.26,232553,43.0,6.45,84.71,-6.02
2020-09-02,Honduras,Intibuca,0.0,0,0,0.0,562,14,2.49,241.67,6.02,0.24,232553,36.55,-3.44,90.73,-6.02
2020-09-01,Honduras,Intibuca,2.58,6,0,0.0,562,14,2.49,241.67,6.02,0.24,232553,39.99,-0.86,96.75,2.58
2020-08-31,Honduras,Intibuca,0.0,0,0,0.0,556,14,2.52,239.09,6.02,0.24,232553,40.85,0.0,94.17,0.0
2020-08-30,Honduras,Intibuca,5.16,12,0,0.0,556,14,2.52,239.09,6.02,0.24,232553,40.85,-0.43,94.17,4.3
2020-08-29,Honduras,Intibuca,21.5,50,0,0.0,544,14,2.57,233.93,6.02,0.23,232553,41.28,21.5,89.87,20.64
2020-08-28,Honduras,Intibuca,0.0,0,0,0.0,494,14,2.83,212.42,6.02,0.21,232553,19.78,0.0,69.23,-8.17
2020-08-27,Honduras,Intibuca,7.31,17,0,0.0,494,14,2.83,212.42,6.02,0.21,232553,19.78,5.59,77.4,7.31
2020-08-26,Honduras,Intibuca,3.44,8,3,1.29,477,14,2.94,205.11,6.02,0.21,232553,14.19,3.44,70.09,-1.29
2020-08-25,Honduras,Intibuca,3.44,8,0,0.0,469,11,2.35,201.67,4.73,0.2,232553,10.75,3.44,71.38,0.43
2020-08-24,Honduras,Intibuca,0.0,0,0,0.0,461,11,2.39,198.23,4.73,0.2,232553,7.31,-0.86,70.95,-0.43
2020-08-23,Honduras,Intibuca,5.59,13,0,0.0,461,11,2.39,198.23,4.73,0.2,232553,8.17,-0.43,71.38,5.59
2020-08-22,Honduras,Intibuca,0.0,0,0,0.0,448,11,2.46,192.64,4.73,0.19,232553,8.6,-0.86,65.79,-7.74
2020-08-21,Honduras,Intibuca,0.0,0,0,0.0,448,11,2.46,192.64,4.73,0.19,232553,9.46,0.0,73.53,-4.73
2020-08-20,Honduras,Intibuca,1.72,4,0,0.0,448,11,2.46,192.64,4.73,0.19,232553,9.46,1.72,78.26,-5.59
2020-08-19,Honduras,Intibuca,0.0,0,0,0.0,444,11,2.48,190.92,4.73,0.19,232553,7.74,-2.15,83.85,-2.15
2020-08-18,Honduras,Intibuca,0.0,0,0,0.0,444,11,2.48,190.92,4.73,0.19,232553,9.89,0.0,86.0,-8.6
2020-08-17,Honduras,Intibuca,0.86,2,0,0.0,444,11,2.48,190.92,4.73,0.19,232553,9.89,-4.73,94.6,-8.6
2020-08-16,Honduras,Intibuca,6.02,14,0,0.0,442,11,2.49,190.06,4.73,0.19,232553,14.62,3.44,103.2,6.02
2020-08-15,Honduras,Intibuca,0.86,2,0,0.0,428,11,2.57,184.04,4.73,0.18,232553,11.18,-1.29,97.18,0.86
2020-08-14,Honduras,Intibuca,0.0,0,0,0.0,426,11,2.58,183.18,4.73,0.18,232553,12.47,0.0,96.32,-1.72
2020-08-13,Honduras,Intibuca,0.0,0,0,0.0,426,11,2.58,183.18,4.73,0.18,232553,12.47,-19.78,98.04,-9.89
2020-08-12,Honduras,Intibuca,2.15,5,0,0.0,426,11,2.58,183.18,4.73,0.18,232553,32.25,-3.87,107.93,-27.95
2020-08-11,Honduras,Intibuca,0.0,0,0,0.0,421,11,2.61,181.03,4.73,0.18,232553,36.12,0.0,135.88,0.0
2020-08-10,Honduras,Intibuca,5.59,13,0,0.0,421,11,2.61,181.03,4.73,0.18,232553,36.12,5.59,135.88,4.73
2020-08-09,Honduras,Intibuca,2.58,6,1,0.43,408,11,2.7,175.44,4.73,0.18,232553,30.53,1.72,131.15,1.72
2020-08-08,Honduras,Intibuca,2.15,5,0,0.0,402,10,2.49,172.86,4.3,0.17,232553,28.81,1.29,129.43,1.29
2020-08-07,Honduras,Intibuca,0.0,0,3,1.29,397,10,2.52,170.71,4.3,0.17,232553,27.52,-8.17,128.14,0.0
2020-08-06,Honduras,Intibuca,19.78,46,2,0.86,397,7,1.76,170.71,3.01,0.17,232553,35.69,19.78,128.14,19.78
2020-08-05,Honduras,Intibuca,6.02,14,0,0.0,351,5,1.42,150.93,2.15,0.15,232553,15.91,1.29,108.36,5.59
2020-08-04,Honduras,Intibuca,0.0,0,0,0.0,337,5,1.48,144.91,2.15,0.14,232553,14.62,-3.01,102.77,0.0
2020-08-03,Honduras,Intibuca,0.0,0,0,0.0,337,5,1.48,144.91,2.15,0.14,232553,17.63,-0.43,102.77,-0.86
2020-08-02,Honduras,Intibuca,0.86,2,0,0.0,337,5,1.48,144.91,2.15,0.14,232553,18.06,0.86,103.63,-5.59
2020-08-01,Honduras,Intibuca,0.86,2,0,0.0,335,5,1.49,144.05,2.15,0.14,232553,17.2,-6.88,109.22,0.86
2020-07-31,Honduras,Intibuca,8.17,19,0,0.0,333,5,1.5,143.19,2.15,0.14,232553,24.08,3.44,108.36,8.17
2020-07-30,Honduras,Intibuca,0.0,0,0,0.0,314,5,1.59,135.02,2.15,0.14,232553,20.64,-7.31,100.19,0.0
2020-07-29,Honduras,Intibuca,4.73,11,0,0.0,314,5,1.59,135.02,2.15,0.14,232553,27.95,2.58,100.19,4.73
2020-07-28,Honduras,Intibuca,3.01,7,0,0.0,303,5,1.65,130.29,2.15,0.13,232553,25.37,-5.59,95.46,2.58
2020-07-27,Honduras,Intibuca,0.43,1,0,0.0,296,5,1.69,127.28,2.15,0.13,232553,30.96,-9.03,92.88,0.43
2020-07-26,Honduras,Intibuca,0.0,0,0,0.0,295,5,1.69,126.85,2.15,0.13,232553,39.99,0.0,92.45,-2.58
2020-07-25,Honduras,Intibuca,7.74,18,0,0.0,295,5,1.69,126.85,2.15,0.13,232553,39.99,7.74,95.03,7.74
2020-07-24,Honduras,Intibuca,4.73,11,0,0.0,277,5,1.81,119.11,2.15,0.12,232553,32.25,3.01,87.29,4.73
2020-07-23,Honduras,Intibuca,7.31,17,0,0.0,266,5,1.88,114.38,2.15,0.11,232553,29.24,-2.58,82.56,3.01
2020-07-22,Honduras,Intibuca,2.15,5,0,0.0,249,5,2.01,107.07,2.15,0.11,232553,31.82,-27.95,79.55,2.15
2020-07-21,Honduras,Intibuca,8.6,20,0,0.0,244,5,2.05,104.92,2.15,0.1,232553,59.77,8.6,77.4,8.6
2020-07-20,Honduras,Intibuca,9.46,22,0,0.0,224,5,2.23,96.32,2.15,0.1,232553,51.17,8.6,68.8,5.59
2020-07-19,Honduras,Intibuca,0.0,0,0,0.0,202,5,2.48,86.86,2.15,0.09,232553,42.57,-0.86,63.21,0.0
2020-07-18,Honduras,Intibuca,0.0,0,0,0.0,202,5,2.48,86.86,2.15,0.09,232553,43.43,-0.86,63.21,0.0
2020-07-17,Honduras,Intibuca,1.72,4,0,0.0,202,5,2.48,86.86,2.15,0.09,232553,44.29,1.72,63.21,-3.01
2020-07-16,Honduras,Intibuca,9.89,23,0,0.0,198,5,2.53,85.14,2.15,0.09,232553,42.57,9.89,66.22,8.6
2020-07-15,Honduras,Intibuca,30.1,70,0,0.0,175,5,2.86,75.25,2.15,0.08,232553,32.68,29.67,57.62,26.66
2020-07-14,Honduras,Intibuca,0.0,0,0,0.0,105,5,4.76,45.15,2.15,0.05,232553,3.01,0.0,30.96,-5.59
2020-07-13,Honduras,Intibuca,0.86,2,0,0.0,105,5,4.76,45.15,2.15,0.05,232553,3.01,0.0,36.55,0.86
2020-07-12,Honduras,Intibuca,0.86,2,0,0.0,103,5,4.85,44.29,2.15,0.04,232553,3.01,-5.59,35.69,0.86
2020-07-11,Honduras,Intibuca,0.86,2,0,0.0,101,5,4.95,43.43,2.15,0.04,232553,8.6,0.86,34.83,0.86
2020-07-10,Honduras,Intibuca,0.0,0,0,0.0,99,5,5.05,42.57,2.15,0.04,232553,7.74,0.0,33.97,0.0
2020-07-09,Honduras,Intibuca,0.0,0,0,0.0,99,5,5.05,42.57,2.15,0.04,232553,7.74,0.0,33.97,-0.43
2020-07-08,Honduras,Intibuca,0.43,1,0,0.0,99,5,5.05,42.57,2.15,0.04,232553,7.74,0.43,34.4,0.0
2020-07-07,Honduras,Intibuca,0.0,0,1,0.43,98,5,5.1,42.14,2.15,0.04,232553,7.31,-0.43,34.4,0.0
2020-07-06,Honduras,Intibuca,0.86,2,1,0.43,98,4,4.08,42.14,1.72,0.04,232553,7.74,0.86,34.4,0.86
2020-07-05,Honduras,Intibuca,6.45,15,0,0.0,96,3,3.12,41.28,1.29,0.04,232553,6.88,3.87,33.54,6.02
2020-07-04,Honduras,Intibuca,0.0,0,0,0.0,81,3,3.7,34.83,1.29,0.03,232553,3.01,0.0,27.52,-0.43
2020-07-03,Honduras,Intibuca,0.0,0,0,0.0,81,3,3.7,34.83,1.29,0.03,232553,3.01,0.0,27.95,0.0
2020-07-02,Honduras,Intibuca,0.0,0,0,0.0,81,3,3.7,34.83,1.29,0.03,232553,3.01,-4.3,27.95,0.0
2020-07-01,Honduras,Intibuca,0.0,0,1,0.43,81,3,3.7,34.83,1.29,0.03,232553,7.31,0.0,27.95,0.0
2020-06-30,Honduras,Intibuca,0.43,1,1,0.43,81,2,2.47,34.83,0.86,0.03,232553,7.31,0.43,27.95,0.43
2020-06-29,Honduras,Intibuca,0.0,0,0,0.0,80,1,1.25,34.4,0.43,0.03,232553,6.88,-3.87,27.52,-0.86
2020-06-28,Honduras,Intibuca,2.58,6,0,0.0,80,1,1.25,34.4,0.43,0.03,232553,10.75,2.58,28.38,2.15
2020-06-27,Honduras,Intibuca,0.0,0,0,0.0,74,1,1.35,31.82,0.43,0.03,232553,8.17,0.0,26.23,0.0
2020-06-26,Honduras,Intibuca,0.0,0,0,0.0,74,1,1.35,31.82,0.43,0.03,232553,8.17,-4.73,26.23,0.0
2020-06-25,Honduras,Intibuca,4.3,10,0,0.0,74,1,1.35,31.82,0.43,0.03,232553,12.9,3.01,26.23,4.3
2020-06-24,Honduras,Intibuca,0.0,0,0,0.0,64,1,1.56,27.52,0.43,0.03,232553,9.89,-3.44,21.93,0.0
2020-06-23,Honduras,Intibuca,0.0,0,0,0.0,64,1,1.56,27.52,0.43,0.03,232553,13.33,-5.59,21.93,0.0
2020-06-22,Honduras,Intibuca,3.87,9,0,0.0,64,1,1.56,27.52,0.43,0.03,232553,18.92,3.87,21.93,3.87
2020-06-21,Honduras,Intibuca,0.0,0,0,0.0,55,1,1.82,23.65,0.43,0.02,232553,15.05,0.0,18.06,-0.43
2020-06-20,Honduras,Intibuca,0.0,0,0,0.0,55,1,1.82,23.65,0.43,0.02,232553,15.05,0.0,18.49,0.0
2020-06-19,Honduras,Intibuca,4.73,11,0,0.0,55,1,1.82,23.65,0.43,0.02,232553,15.05,4.73,18.49,4.73
2020-06-18,Honduras,Intibuca,1.29,3,0,0.0,44,1,2.27,18.92,0.43,0.02,232553,10.32,0.86,13.76,1.29
2020-06-17,Honduras,Intibuca,3.44,8,0,0.0,41,1,2.44,17.63,0.43,0.02,232553,9.46,3.01,12.47,3.01
2020-06-16,Honduras,Intibuca,5.59,13,0,0.0,33,1,3.03,14.19,0.43,0.01,232553,6.45,5.59,9.46,5.16
2020-06-15,Honduras,Intibuca,0.0,0,0,0.0,20,1,5.0,8.6,0.43,0.01,232553,0.86,0.0,4.3,0.0
2020-06-14,Honduras,Intibuca,0.0,0,0,0.0,20,1,5.0,8.6,0.43,0.01,232553,0.86,-0.43,4.3,-0.43
2020-06-13,Honduras,Intibuca,0.0,0,0,0.0,20,1,5.0,8.6,0.43,0.01,232553,1.29,-0.43,4.73,0.0
2020-06-12,Honduras,Intibuca,0.0,0,0,0.0,20,1,5.0,8.6,0.43,0.01,232553,1.72,0.0,4.73,0.0
2020-06-11,Honduras,Intibuca,0.43,1,0,0.0,20,1,5.0,8.6,0.43,0.01,232553,1.72,0.43,4.73,0.43
2020-06-10,Honduras,Intibuca,0.43,1,0,0.0,19,1,5.26,8.17,0.43,0.01,232553,1.29,0.43,4.3,0.43
2020-06-09,Honduras,Intibuca,0.0,0,0,0.0,18,1,5.56,7.74,0.43,0.01,232553,0.86,0.0,3.87,0.0
2020-06-08,Honduras,Intibuca,0.0,0,0,0.0,18,1,5.56,7.74,0.43,0.01,232553,0.86,-0.86,3.87,0.0
2020-06-07,Honduras,Intibuca,0.43,1,0,0.0,18,1,5.56,7.74,0.43,0.01,232553,1.72,0.0,3.87,0.43
2020-06-06,Honduras,Intibuca,0.43,1,0,0.0,17,1,5.88,7.31,0.43,0.01,232553,1.72,0.43,3.44,-0.43
2020-06-05,Honduras,Intibuca,0.0,0,0,0.0,16,1,6.25,6.88,0.43,0.01,232553,1.29,0.0,3.87,0.0
2020-06-04,Honduras,Intibuca,0.0,0,0,0.0,16,1,6.25,6.88,0.43,0.01,232553,1.29,0.0,3.87,0.0
2020-06-03,Honduras,Intibuca,0.0,0,0,0.0,16,1,6.25,6.88,0.43,0.01,232553,1.29,0.0,3.87,0.0
2020-06-02,Honduras,Intibuca,0.0,0,0,0.0,16,1,6.25,6.88,0.43,0.01,232553,1.29,0.0,3.87,0.0
2020-06-01,Honduras,Intibuca,0.86,2,0,0.0,16,1,6.25,6.88,0.43,0.01,232553,1.29,0.86,3.87,0.0
2020-05-31,Honduras,Intibuca,0.43,1,0,0.0,14,1,7.14,6.02,0.43,0.01,232553,0.43,0.0,3.87,0.43
2020-05-30,Honduras,Intibuca,0.0,0,0,0.0,13,1,7.69,5.59,0.43,0.01,232553,0.43,0.0,3.44,0.0
2020-05-29,Honduras,Intibuca,0.0,0,0,0.0,13,1,7.69,5.59,0.43,0.01,232553,0.43,0.0,3.44,0.0
2020-05-28,Honduras,Intibuca,0.0,0,0,0.0,13,1,7.69,5.59,0.43,0.01,232553,0.43,0.0,3.44,0.0
2020-05-27,Honduras,Intibuca,0.0,0,0,0.0,13,1,7.69,5.59,0.43,0.01,232553,0.43,-0.43,3.44,0.0
2020-05-26,Honduras,Intibuca,0.0,0,0,0.0,13,1,7.69,5.59,0.43,0.01,232553,0.86,-0.43,3.44,-0.86
2020-05-25,Honduras,Intibuca,0.0,0,0,0.0,13,1,7.69,5.59,0.43,0.01,232553,1.29,0.0,4.3,-0.86
2020-05-24,Honduras,Intibuca,0.43,1,0,0.0,13,1,7.69,5.59,0.43,0.01,232553,1.29,0.0,5.16,0.43
2020-05-23,Honduras,Intibuca,0.0,0,0,0.0,12,1,8.33,5.16,0.43,0.01,232553,1.29,0.0,4.73,0.0
2020-05-22,Honduras,Intibuca,0.0,0,0,0.0,12,1,8.33,5.16,0.43,0.01,232553,1.29,0.0,4.73,0.0
2020-05-21,Honduras,Intibuca,0.0,0,0,0.0,12,1,8.33,5.16,0.43,0.01,232553,1.29,0.0,4.73,0.0
2020-05-20,Honduras,Intibuca,0.43,1,0,0.0,12,1,8.33,5.16,0.43,0.01,232553,1.29,0.43,4.73,0.43
2020-05-19,Honduras,Intibuca,0.43,1,0,0.0,11,1,9.09,4.73,0.43,0.0,232553,0.86,0.43,4.3,0.43
2020-05-18,Honduras,Intibuca,0.0,0,0,0.0,10,1,10.0,4.3,0.43,0.0,232553,0.43,0.0,3.87,0.0
2020-05-17,Honduras,Intibuca,0.43,1,0,0.0,10,1,10.0,4.3,0.43,0.0,232553,0.43,0.43,3.87,0.43
2020-05-16,Honduras,Intibuca,0.0,0,0,0.0,9,1,11.11,3.87,0.43,0.0,232553,0.0,-0.86,3.44,0.0
2020-05-15,Honduras,Intibuca,0.0,0,0,0.0,9,1,11.11,3.87,0.43,0.0,232553,0.86,0.0,3.44,0.0
2020-05-14,Honduras,Intibuca,0.0,0,0,0.0,9,1,11.11,3.87,0.43,0.0,232553,0.86,0.0,3.44,0.0
2020-05-13,Honduras,Intibuca,0.0,0,0,0.0,9,1,11.11,3.87,0.43,0.0,232553,0.86,0.0,3.44,0.0
2020-05-12,Honduras,Intibuca,0.0,0,0,0.0,9,1,11.11,3.87,0.43,0.0,232553,0.86,0.0,3.44,0.0
2020-05-11,Honduras,Intibuca,0.0,0,0,0.0,9,1,11.11,3.87,0.43,0.0,232553,0.86,-0.86,3.44,0.0
2020-05-10,Honduras,Intibuca,0.0,0,0,0.0,9,1,11.11,3.87,0.43,0.0,232553,1.72,0.0,3.44,0.0
2020-05-09,Honduras,Intibuca,0.86,2,0,0.0,9,1,11.11,3.87,0.43,0.0,232553,1.72,0.86,3.44,0.86
2020-05-08,Honduras,Intibuca,0.0,0,0,0.0,7,1,14.29,3.01,0.43,0.0,232553,0.86,0.0,2.58,0.0
2020-05-07,Honduras,Intibuca,0.0,0,0,0.0,7,1,14.29,3.01,0.43,0.0,232553,0.86,0.0,2.58,0.0
2020-05-06,Honduras,Intibuca,0.0,0,0,0.0,7,1,14.29,3.01,0.43,0.0,232553,0.86,0.0,2.58,0.0
2020-05-05,Honduras,Intibuca,0.0,0,0,0.0,7,1,14.29,3.01,0.43,0.0,232553,0.86,-0.86,2.58,0.0
2020-05-04,Honduras,Intibuca,0.86,2,0,0.0,7,1,14.29,3.01,0.43,0.0,232553,1.72,0.0,2.58,0.86
2020-05-03,Honduras,Intibuca,0.0,0,0,0.0,5,1,20.0,2.15,0.43,0.0,232553,1.72,0.0,1.72,0.0
2020-05-02,Honduras,Intibuca,0.0,0,0,0.0,5,1,20.0,2.15,0.43,0.0,232553,1.72,0.0,1.72,0.0
2020-05-01,Honduras,Intibuca,0.0,0,0,0.0,5,1,20.0,2.15,0.43,0.0,232553,1.72,0.0,1.72,0.0
2020-04-30,Honduras,Intibuca,0.0,0,0,0.0,5,1,20.0,2.15,0.43,0.0,232553,1.72,0.0,1.72,0.0
2020-04-29,Honduras,Intibuca,0.0,0,0,0.0,5,1,20.0,2.15,0.43,0.0,232553,1.72,0.0,1.72,0.0
2020-04-28,Honduras,Intibuca,0.86,2,1,0.43,5,1,20.0,2.15,0.43,0.0,232553,1.72,0.86,1.72,0.86
2020-04-27,Honduras,Intibuca,0.86,2,1,0.43,3,0,0.0,1.29,0.0,0.0,232553,0.86,0.86,0.86,0.86
