date,country,region,1day_cases_100k,new_cases,new_deaths,new_deaths_100k,total_cases,total_deaths,cfr%,total_cases_100k,total_deaths_100k,%infected,population,7day_cases_100k,7day_cases_change,28day_cases_100k,28day_cases_change
2020-08-24,Honduras,Islas de la Bahia,3.2,2,0,0.0,270,3,1.11,431.61,4.8,0.43,62557,12.79,3.2,143.88,3.2
2020-08-23,Honduras,Islas de la Bahia,9.59,6,0,0.0,268,3,1.12,428.41,4.8,0.43,62557,9.59,9.59,140.68,3.2
2020-08-22,Honduras,Islas de la Bahia,0.0,0,0,0.0,262,3,1.15,418.82,4.8,0.42,62557,-0.0,0.0,137.48,0.0
2020-08-21,Honduras,Islas de la Bahia,0.0,0,0,0.0,262,3,1.15,418.82,4.8,0.42,62557,-0.0,0.0,137.48,-4.8
2020-08-20,Honduras,Islas de la Bahia,0.0,0,0,0.0,262,3,1.15,418.82,4.8,0.42,62557,-0.0,-3.2,142.28,-1.6
2020-08-19,Honduras,Islas de la Bahia,0.0,0,0,0.0,262,3,1.15,418.82,4.8,0.42,62557,3.2,-12.79,143.88,-1.6
2020-08-18,Honduras,Islas de la Bahia,0.0,0,0,0.0,262,3,1.15,418.82,4.8,0.42,62557,15.99,-35.17,145.48,-38.37
2020-08-17,Honduras,Islas de la Bahia,0.0,0,0,0.0,262,3,1.15,418.82,4.8,0.42,62557,51.16,0.0,183.85,-19.18
2020-08-16,Honduras,Islas de la Bahia,0.0,0,0,0.0,262,3,1.15,418.82,4.8,0.42,62557,51.16,0.0,203.03,0.0
2020-08-15,Honduras,Islas de la Bahia,0.0,0,0,0.0,262,3,1.15,418.82,4.8,0.42,62557,51.16,0.0,203.03,0.0
2020-08-14,Honduras,Islas de la Bahia,0.0,0,0,0.0,262,3,1.15,418.82,4.8,0.42,62557,51.16,-33.57,203.03,0.0
2020-08-13,Honduras,Islas de la Bahia,3.2,2,0,0.0,262,3,1.15,418.82,4.8,0.42,62557,84.73,3.2,203.03,1.6
2020-08-12,Honduras,Islas de la Bahia,12.79,8,0,0.0,260,3,1.15,415.62,4.8,0.42,62557,81.53,12.79,201.43,12.79
2020-08-11,Honduras,Islas de la Bahia,35.17,22,0,0.0,252,3,1.19,402.83,4.8,0.4,62557,68.74,35.17,188.64,35.17
2020-08-10,Honduras,Islas de la Bahia,0.0,0,0,0.0,230,3,1.3,367.66,4.8,0.37,62557,33.57,0.0,153.47,0.0
2020-08-09,Honduras,Islas de la Bahia,0.0,0,0,0.0,230,3,1.3,367.66,4.8,0.37,62557,33.57,-9.59,153.47,0.0
2020-08-08,Honduras,Islas de la Bahia,0.0,0,0,0.0,230,3,1.3,367.66,4.8,0.37,62557,43.16,-1.6,153.47,-1.6
2020-08-07,Honduras,Islas de la Bahia,33.57,21,0,0.0,230,3,1.3,367.66,4.8,0.37,62557,44.76,33.57,155.07,33.57
2020-08-06,Honduras,Islas de la Bahia,0.0,0,0,0.0,209,3,1.44,334.1,4.8,0.33,62557,11.19,0.0,121.5,0.0
2020-08-05,Honduras,Islas de la Bahia,0.0,0,0,0.0,209,3,1.44,334.1,4.8,0.33,62557,11.19,-20.78,121.5,0.0
2020-08-04,Honduras,Islas de la Bahia,0.0,0,0,0.0,209,3,1.44,334.1,4.8,0.33,62557,31.97,-14.39,121.5,0.0
2020-08-03,Honduras,Islas de la Bahia,0.0,0,0,0.0,209,3,1.44,334.1,4.8,0.33,62557,46.36,0.0,121.5,0.0
2020-08-02,Honduras,Islas de la Bahia,9.59,6,0,0.0,209,3,1.44,334.1,4.8,0.33,62557,46.36,3.2,121.5,1.6
2020-08-01,Honduras,Islas de la Bahia,1.6,1,0,0.0,203,3,1.48,324.5,4.8,0.32,62557,43.16,1.6,119.9,0.0
2020-07-31,Honduras,Islas de la Bahia,0.0,0,0,0.0,202,3,1.49,322.91,4.8,0.32,62557,41.56,-4.8,119.9,0.0
2020-07-30,Honduras,Islas de la Bahia,0.0,0,0,0.0,202,3,1.49,322.91,4.8,0.32,62557,46.36,-1.6,119.9,0.0
2020-07-29,Honduras,Islas de la Bahia,20.78,13,2,3.2,202,3,1.49,322.91,4.8,0.32,62557,47.96,19.18,119.9,70.33
2020-07-28,Honduras,Islas de la Bahia,14.39,9,0,0.0,189,1,0.53,302.12,1.6,0.3,62557,28.78,-23.98,49.57,-11.19
2020-07-27,Honduras,Islas de la Bahia,0.0,0,0,0.0,180,1,0.56,287.74,1.6,0.29,62557,52.76,-19.18,60.76,-1.6
2020-07-26,Honduras,Islas de la Bahia,6.39,4,0,0.0,180,1,0.56,287.74,1.6,0.29,62557,71.94,6.39,62.36,-6.4
2020-07-25,Honduras,Islas de la Bahia,0.0,0,0,0.0,176,1,0.57,281.34,1.6,0.28,62557,65.55,0.0,68.76,0.0
2020-07-24,Honduras,Islas de la Bahia,4.8,3,0,0.0,176,1,0.57,281.34,1.6,0.28,62557,65.55,4.8,68.76,3.2
2020-07-23,Honduras,Islas de la Bahia,1.6,1,0,0.0,173,1,0.58,276.55,1.6,0.28,62557,60.75,0.0,65.56,1.6
2020-07-22,Honduras,Islas de la Bahia,1.6,1,0,0.0,172,1,0.58,274.95,1.6,0.27,62557,60.75,1.6,63.96,1.6
2020-07-21,Honduras,Islas de la Bahia,38.37,24,0,0.0,171,1,0.58,273.35,1.6,0.27,62557,59.15,38.37,62.36,-6.39
2020-07-20,Honduras,Islas de la Bahia,19.18,12,0,0.0,147,1,0.68,234.99,1.6,0.23,62557,20.78,19.18,68.75,-12.79
2020-07-19,Honduras,Islas de la Bahia,0.0,0,0,0.0,135,1,0.74,215.8,1.6,0.22,62557,1.6,0.0,81.54,0.0
2020-07-18,Honduras,Islas de la Bahia,0.0,0,0,0.0,135,1,0.74,215.8,1.6,0.22,62557,1.6,-1.6,81.54,-52.75
2020-07-17,Honduras,Islas de la Bahia,0.0,0,0,0.0,135,1,0.74,215.8,1.6,0.22,62557,3.2,0.0,134.29,-1.6
2020-07-16,Honduras,Islas de la Bahia,1.6,1,0,0.0,135,1,0.74,215.8,1.6,0.22,62557,3.2,1.6,135.89,1.6
2020-07-15,Honduras,Islas de la Bahia,0.0,0,0,0.0,134,1,0.75,214.2,1.6,0.21,62557,1.6,0.0,134.29,0.0
2020-07-14,Honduras,Islas de la Bahia,0.0,0,0,0.0,134,1,0.75,214.2,1.6,0.21,62557,1.6,0.0,134.29,-51.15
2020-07-13,Honduras,Islas de la Bahia,0.0,0,0,0.0,134,1,0.75,214.2,1.6,0.21,62557,1.6,0.0,185.44,0.0
2020-07-12,Honduras,Islas de la Bahia,0.0,0,0,0.0,134,1,0.75,214.2,1.6,0.21,62557,1.6,-7.99,185.44,0.0
2020-07-11,Honduras,Islas de la Bahia,1.6,1,0,0.0,134,1,0.75,214.2,1.6,0.21,62557,9.59,0.0,185.44,-7.99
2020-07-10,Honduras,Islas de la Bahia,0.0,0,0,0.0,133,1,0.75,212.61,1.6,0.21,62557,9.59,0.0,193.43,0.0
2020-07-09,Honduras,Islas de la Bahia,0.0,0,0,0.0,133,1,0.75,212.61,1.6,0.21,62557,9.59,0.0,193.43,0.0
2020-07-08,Honduras,Islas de la Bahia,0.0,0,0,0.0,133,1,0.75,212.61,1.6,0.21,62557,9.59,49.55,193.43,0.0
2020-07-07,Honduras,Islas de la Bahia,0.0,0,0,0.0,133,1,0.75,212.61,1.6,0.21,62557,-39.96,-25.58,193.43,0.0
2020-07-06,Honduras,Islas de la Bahia,0.0,0,0,0.0,133,1,0.75,212.61,1.6,0.21,62557,-14.38,-1.6,193.43,0.0
2020-07-05,Honduras,Islas de la Bahia,7.99,5,0,0.0,133,1,0.75,212.61,1.6,0.21,62557,-12.78,-4.8,193.43,-3.2
2020-07-04,Honduras,Islas de la Bahia,1.6,1,0,0.0,128,1,0.78,204.61,1.6,0.2,62557,-7.98,1.6,196.63,-4.79
2020-07-03,Honduras,Islas de la Bahia,0.0,0,0,0.0,127,1,0.79,203.01,1.6,0.2,62557,-9.58,-1.6,201.42,0.0
2020-07-02,Honduras,Islas de la Bahia,0.0,0,0,0.0,127,1,0.79,203.01,1.6,0.2,62557,-7.98,0.0,201.42,0.0
2020-07-01,Honduras,Islas de la Bahia,-49.55,-31,0,0.0,127,1,0.79,203.01,1.6,0.2,62557,-7.98,-49.55,201.42,-49.55
2020-06-30,Honduras,Islas de la Bahia,25.58,16,1,1.6,158,1,0.63,252.57,1.6,0.25,62557,41.57,-19.18,250.97,25.58
2020-06-29,Honduras,Islas de la Bahia,1.6,1,0,0.0,142,0,0.0,226.99,0.0,0.23,62557,60.75,-30.37,225.39,1.6
2020-06-28,Honduras,Islas de la Bahia,12.79,8,0,0.0,141,0,0.0,225.39,0.0,0.23,62557,91.12,12.79,223.79,12.79
2020-06-27,Honduras,Islas de la Bahia,0.0,0,0,0.0,133,0,0.0,212.61,0.0,0.21,62557,78.33,-52.75,211.0,0.0
2020-06-26,Honduras,Islas de la Bahia,1.6,1,0,0.0,133,0,0.0,212.61,0.0,0.21,62557,131.08,0.0,211.0,1.6
2020-06-25,Honduras,Islas de la Bahia,0.0,0,0,0.0,132,0,0.0,211.01,0.0,0.21,62557,131.08,0.0,209.4,0.0
2020-06-24,Honduras,Islas de la Bahia,0.0,0,0,0.0,132,0,0.0,211.01,0.0,0.21,62557,131.08,0.0,209.4,0.0
2020-06-23,Honduras,Islas de la Bahia,44.76,28,0,0.0,132,0,0.0,211.01,0.0,0.21,62557,131.08,-6.39,209.4,44.76
2020-06-22,Honduras,Islas de la Bahia,31.97,20,0,0.0,104,0,0.0,166.25,0.0,0.17,62557,137.47,31.97,164.64,31.97
2020-06-21,Honduras,Islas de la Bahia,0.0,0,0,0.0,84,0,0.0,134.28,0.0,0.13,62557,105.5,0.0,132.67,0.0
2020-06-20,Honduras,Islas de la Bahia,52.75,33,0,0.0,84,0,0.0,134.28,0.0,0.13,62557,105.5,43.16,132.67,52.75
2020-06-19,Honduras,Islas de la Bahia,1.6,1,0,0.0,51,0,0.0,81.53,0.0,0.08,62557,62.34,1.6,79.92,1.6
2020-06-18,Honduras,Islas de la Bahia,0.0,0,0,0.0,50,0,0.0,79.93,0.0,0.08,62557,60.74,0.0,78.32,0.0
2020-06-17,Honduras,Islas de la Bahia,0.0,0,0,0.0,50,0,0.0,79.93,0.0,0.08,62557,60.74,0.0,78.32,0.0
2020-06-16,Honduras,Islas de la Bahia,51.15,32,0,0.0,50,0,0.0,79.93,0.0,0.08,62557,60.74,51.15,78.32,51.15
2020-06-15,Honduras,Islas de la Bahia,0.0,0,0,0.0,18,0,0.0,28.77,0.0,0.03,62557,9.59,0.0,27.17,0.0
2020-06-14,Honduras,Islas de la Bahia,0.0,0,0,0.0,18,0,0.0,28.77,0.0,0.03,62557,9.59,-11.19,27.17,0.0
2020-06-13,Honduras,Islas de la Bahia,9.59,6,0,0.0,18,0,0.0,28.77,0.0,0.03,62557,20.78,3.2,27.17,9.59
2020-06-12,Honduras,Islas de la Bahia,0.0,0,0,0.0,12,0,0.0,19.18,0.0,0.02,62557,17.58,0.0,17.58,0.0
2020-06-11,Honduras,Islas de la Bahia,0.0,0,0,0.0,12,0,0.0,19.18,0.0,0.02,62557,17.58,0.0,17.58,0.0
2020-06-10,Honduras,Islas de la Bahia,0.0,0,0,0.0,12,0,0.0,19.18,0.0,0.02,62557,17.58,0.0,17.58,0.0
2020-06-09,Honduras,Islas de la Bahia,0.0,0,0,0.0,12,0,0.0,19.18,0.0,0.02,62557,17.58,0.0,17.58,0.0
2020-06-08,Honduras,Islas de la Bahia,0.0,0,0,0.0,12,0,0.0,19.18,0.0,0.02,62557,17.58,0.0,17.58,0.0
2020-06-07,Honduras,Islas de la Bahia,11.19,7,0,0.0,12,0,0.0,19.18,0.0,0.02,62557,17.58,11.19,17.58,11.19
2020-06-06,Honduras,Islas de la Bahia,6.39,4,0,0.0,5,0,0.0,7.99,0.0,0.01,62557,6.39,6.39,6.39,6.39
2020-06-05,Honduras,Islas de la Bahia,0.0,0,0,0.0,1,0,0.0,1.6,0.0,0.0,62557,0.0,0.0,0.0,0.0
2020-06-04,Honduras,Islas de la Bahia,0.0,0,0,0.0,1,0,0.0,1.6,0.0,0.0,62557,0.0,0.0,0.0,0.0
2020-06-03,Honduras,Islas de la Bahia,0.0,0,0,0.0,1,0,0.0,1.6,0.0,0.0,62557,0.0,0.0,0.0,0.0
2020-06-02,Honduras,Islas de la Bahia,0.0,0,0,0.0,1,0,0.0,1.6,0.0,0.0,62557,0.0,0.0,0.0,0.0
2020-06-01,Honduras,Islas de la Bahia,0.0,0,0,0.0,1,0,0.0,1.6,0.0,0.0,62557,0.0,0.0,0.0,0.0
2020-05-31,Honduras,Islas de la Bahia,0.0,0,0,0.0,1,0,0.0,1.6,0.0,0.0,62557,0.0,0.0,0.0,0.0
2020-05-30,Honduras,Islas de la Bahia,0.0,0,0,0.0,1,0,0.0,1.6,0.0,0.0,62557,0.0,0.0,0.0,0.0
2020-05-29,Honduras,Islas de la Bahia,0.0,0,0,0.0,1,0,0.0,1.6,0.0,0.0,62557,0.0,0.0,0.0,0.0
2020-05-28,Honduras,Islas de la Bahia,0.0,0,0,0.0,1,0,0.0,1.6,0.0,0.0,62557,0.0,0.0,0.0,0.0
2020-05-27,Honduras,Islas de la Bahia,0.0,0,0,0.0,1,0,0.0,1.6,0.0,0.0,62557,0.0,0.0,0.0,0.0
2020-05-26,Honduras,Islas de la Bahia,0.0,0,0,0.0,1,0,0.0,1.6,0.0,0.0,62557,0.0,0.0,0.0,0.0
2020-05-25,Honduras,Islas de la Bahia,0.0,0,0,0.0,1,0,0.0,1.6,0.0,0.0,62557,0.0,0.0,0.0,0.0
2020-05-24,Honduras,Islas de la Bahia,0.0,0,0,0.0,1,0,0.0,1.6,0.0,0.0,62557,0.0,0.0,0.0,0.0
2020-05-23,Honduras,Islas de la Bahia,0.0,0,0,0.0,1,0,0.0,1.6,0.0,0.0,62557,0.0,0.0,0.0,0.0
