date,state,city,1day_cases_100k,new_cases,new_deaths,new_deaths_100k,total_cases,total_deaths,cfr%,total_cases_100k,total_deaths_100k,%infected,population,7day_cases_100k,7day_cases_change,28day_cases_100k,28day_cases_change
2020-10-04,Tocantins,Angico,29.13,1,1,29.13,67,1,1.49,1951.65,29.13,1.95,3433,174.78,29.13,815.63,0.0
2020-10-02,Tocantins,Angico,29.13,1,0,0.0,66,0,0.0,1922.52,0.0,1.92,3433,145.65,29.13,815.63,-58.26
2020-09-29,Tocantins,Angico,0.0,0,0,0.0,65,0,0.0,1893.39,0.0,1.89,3433,116.52,-58.26,873.89,0.0
2020-09-28,Tocantins,Angico,0.0,0,0,0.0,65,0,0.0,1893.39,0.0,1.89,3433,174.78,0.0,873.89,0.0
2020-09-27,Tocantins,Angico,0.0,0,0,0.0,65,0,0.0,1893.39,0.0,1.89,3433,174.78,-203.9,873.89,0.0
2020-09-25,Tocantins,Angico,0.0,0,0,0.0,65,0,0.0,1893.39,0.0,1.89,3433,378.68,0.0,873.89,0.0
2020-09-21,Tocantins,Angico,116.52,4,0,0.0,65,0,0.0,1893.39,0.0,1.89,3433,378.68,116.52,873.89,116.52
2020-09-20,Tocantins,Angico,0.0,0,0,0.0,61,0,0.0,1776.87,0.0,1.78,3433,262.16,0.0,757.37,-29.13
2020-09-19,Tocantins,Angico,0.0,0,0,0.0,61,0,0.0,1776.87,0.0,1.78,3433,262.16,0.0,786.5,0.0
2020-09-18,Tocantins,Angico,58.26,2,0,0.0,61,0,0.0,1776.87,0.0,1.78,3433,262.16,-87.39,786.5,58.26
2020-09-15,Tocantins,Angico,0.0,0,0,0.0,59,0,0.0,1718.61,0.0,1.72,3433,349.55,0.0,728.24,0.0
2020-09-14,Tocantins,Angico,203.9,7,0,0.0,59,0,0.0,1718.61,0.0,1.72,3433,349.55,203.9,728.24,145.64
2020-09-13,Tocantins,Angico,0.0,0,0,0.0,52,0,0.0,1514.71,0.0,1.51,3433,145.65,0.0,582.6,0.0
2020-09-11,Tocantins,Angico,0.0,0,0,0.0,52,0,0.0,1514.71,0.0,1.51,3433,145.65,0.0,582.6,0.0
2020-09-10,Tocantins,Angico,0.0,0,0,0.0,52,0,0.0,1514.71,0.0,1.51,3433,145.65,0.0,582.6,-29.13
2020-09-09,Tocantins,Angico,0.0,0,0,0.0,52,0,0.0,1514.71,0.0,1.51,3433,145.65,0.0,611.73,0.0
2020-09-08,Tocantins,Angico,145.65,5,0,0.0,52,0,0.0,1514.71,0.0,1.51,3433,145.65,145.65,611.73,87.39
2020-09-07,Tocantins,Angico,0.0,0,0,0.0,47,0,0.0,1369.06,0.0,1.37,3433,0.0,-145.65,524.34,-58.26
2020-09-06,Tocantins,Angico,0.0,0,0,0.0,47,0,0.0,1369.06,0.0,1.37,3433,145.65,0.0,582.6,0.0
2020-09-05,Tocantins,Angico,0.0,0,0,0.0,47,0,0.0,1369.06,0.0,1.37,3433,145.65,-87.39,582.6,-58.26
2020-09-04,Tocantins,Angico,0.0,0,0,0.0,47,0,0.0,1369.06,0.0,1.37,3433,233.04,0.0,640.86,0.0
2020-09-03,Tocantins,Angico,0.0,0,0,0.0,47,0,0.0,1369.06,0.0,1.37,3433,233.04,-29.13,640.86,-29.13
2020-09-02,Tocantins,Angico,0.0,0,0,0.0,47,0,0.0,1369.06,0.0,1.37,3433,262.17,-87.39,669.99,-58.26
2020-09-01,Tocantins,Angico,0.0,0,0,0.0,47,0,0.0,1369.06,0.0,1.37,3433,349.56,0.0,728.25,0.0
2020-08-31,Tocantins,Angico,145.65,5,0,0.0,47,0,0.0,1369.06,0.0,1.37,3433,349.56,145.65,728.25,145.65
2020-08-29,Tocantins,Angico,0.0,0,0,0.0,42,0,0.0,1223.42,0.0,1.22,3433,203.91,0.0,582.6,-29.13
2020-08-27,Tocantins,Angico,87.39,3,0,0.0,42,0,0.0,1223.42,0.0,1.22,3433,203.91,87.39,611.73,58.26
2020-08-26,Tocantins,Angico,0.0,0,0,0.0,39,0,0.0,1136.03,0.0,1.14,3433,116.52,0.0,553.47,-116.52
2020-08-25,Tocantins,Angico,29.13,1,0,0.0,39,0,0.0,1136.03,0.0,1.14,3433,116.52,0.0,669.99,29.13
2020-08-24,Tocantins,Angico,87.39,3,0,0.0,38,0,0.0,1106.9,0.0,1.11,3433,116.52,87.39,640.86,87.39
2020-08-23,Tocantins,Angico,0.0,0,0,0.0,35,0,0.0,1019.52,0.0,1.02,3433,29.13,0.0,553.47,0.0
2020-08-22,Tocantins,Angico,0.0,0,0,0.0,35,0,0.0,1019.52,0.0,1.02,3433,29.13,0.0,553.47,0.0
2020-08-21,Tocantins,Angico,0.0,0,0,0.0,35,0,0.0,1019.52,0.0,1.02,3433,29.13,-58.26,553.47,-29.13
2020-08-20,Tocantins,Angico,0.0,0,0,0.0,35,0,0.0,1019.52,0.0,1.02,3433,87.39,0.0,582.6,0.0
2020-08-18,Tocantins,Angico,0.0,0,0,0.0,35,0,0.0,1019.52,0.0,1.02,3433,87.39,0.0,582.6,-145.65
2020-08-17,Tocantins,Angico,29.13,1,0,0.0,35,0,0.0,1019.52,0.0,1.02,3433,87.39,0.0,728.25,29.13
2020-08-16,Tocantins,Angico,0.0,0,0,0.0,34,0,0.0,990.39,0.0,0.99,3433,87.39,0.0,699.12,0.0
2020-08-15,Tocantins,Angico,0.0,0,0,0.0,34,0,0.0,990.39,0.0,0.99,3433,87.39,-58.26,699.12,0.0
2020-08-14,Tocantins,Angico,0.0,0,0,0.0,34,0,0.0,990.39,0.0,0.99,3433,145.65,-58.26,699.12,0.0
2020-08-13,Tocantins,Angico,58.26,2,0,0.0,34,0,0.0,990.39,0.0,0.99,3433,203.91,58.26,699.12,58.26
2020-08-12,Tocantins,Angico,0.0,0,0,0.0,32,0,0.0,932.13,0.0,0.93,3433,145.65,-58.26,640.86,0.0
2020-08-11,Tocantins,Angico,0.0,0,0,0.0,32,0,0.0,932.13,0.0,0.93,3433,203.91,0.0,640.86,0.0
2020-08-10,Tocantins,Angico,29.13,1,0,0.0,32,0,0.0,932.13,0.0,0.93,3433,203.91,0.0,640.86,58.26
2020-08-08,Tocantins,Angico,0.0,0,0,0.0,31,0,0.0,903.0,0.0,0.9,3433,203.91,-58.26,582.6,0.0
2020-08-07,Tocantins,Angico,58.26,2,0,0.0,31,0,0.0,903.0,0.0,0.9,3433,262.17,58.26,582.6,58.26
2020-08-06,Tocantins,Angico,58.26,2,0,0.0,29,0,0.0,844.74,0.0,0.84,3433,203.91,58.26,524.34,58.26
2020-08-05,Tocantins,Angico,0.0,0,0,0.0,27,0,0.0,786.48,0.0,0.79,3433,145.65,-29.13,466.08,0.0
2020-08-04,Tocantins,Angico,58.26,2,0,0.0,27,0,0.0,786.48,0.0,0.79,3433,174.78,29.13,466.08,58.26
2020-08-03,Tocantins,Angico,0.0,0,0,0.0,25,0,0.0,728.23,0.0,0.73,3433,145.65,-116.52,407.82,0.0
2020-08-02,Tocantins,Angico,29.13,1,0,0.0,25,0,0.0,728.23,0.0,0.73,3433,262.17,29.13,407.82,29.13
2020-08-01,Tocantins,Angico,58.26,2,0,0.0,24,0,0.0,699.1,0.0,0.7,3433,233.04,58.26,378.69,58.26
2020-07-31,Tocantins,Angico,0.0,0,0,0.0,22,0,0.0,640.84,0.0,0.64,3433,174.78,0.0,320.43,0.0
2020-07-30,Tocantins,Angico,0.0,0,0,0.0,22,0,0.0,640.84,0.0,0.64,3433,174.78,0.0,320.43,-29.13
2020-07-29,Tocantins,Angico,29.13,1,0,0.0,22,0,0.0,640.84,0.0,0.64,3433,174.78,0.0,349.56,29.13
2020-07-28,Tocantins,Angico,29.13,1,0,0.0,21,0,0.0,611.71,0.0,0.61,3433,174.78,29.13,320.43,29.13
2020-07-27,Tocantins,Angico,116.52,4,0,0.0,20,0,0.0,582.58,0.0,0.58,3433,145.65,-29.13,291.3,116.52
2020-07-26,Tocantins,Angico,0.0,0,0,0.0,16,0,0.0,466.06,0.0,0.47,3433,174.78,0.0,174.78,0.0
2020-07-25,Tocantins,Angico,0.0,0,0,0.0,16,0,0.0,466.06,0.0,0.47,3433,174.78,0.0,174.78,-58.26
2020-07-24,Tocantins,Angico,0.0,0,0,0.0,16,0,0.0,466.06,0.0,0.47,3433,174.78,0.0,233.04,-87.39
2020-07-23,Tocantins,Angico,0.0,0,0,0.0,16,0,0.0,466.06,0.0,0.47,3433,174.78,0.0,320.43,0.0
2020-07-22,Tocantins,Angico,29.13,1,0,0.0,16,0,0.0,466.06,0.0,0.47,3433,174.78,29.13,320.43,29.13
2020-07-21,Tocantins,Angico,0.0,0,0,0.0,15,0,0.0,436.94,0.0,0.44,3433,145.65,0.0,291.3,-29.13
2020-07-20,Tocantins,Angico,145.65,5,0,0.0,15,0,0.0,436.94,0.0,0.44,3433,145.65,145.65,320.43,145.65
2020-07-19,Tocantins,Angico,0.0,0,0,0.0,10,0,0.0,291.29,0.0,0.29,3433,0.0,29.13,174.78,0.0
2020-07-18,Tocantins,Angico,0.0,0,0,0.0,10,0,0.0,291.29,0.0,0.29,3433,-29.13,0.0,174.78,0.0
2020-07-16,Tocantins,Angico,0.0,0,0,0.0,10,0,0.0,291.29,0.0,0.29,3433,-29.13,0.0,174.78,0.0
2020-07-15,Tocantins,Angico,0.0,0,0,0.0,10,0,0.0,291.29,0.0,0.29,3433,-29.13,0.0,174.78,-58.26
2020-07-14,Tocantins,Angico,0.0,0,0,0.0,10,0,0.0,291.29,0.0,0.29,3433,-29.13,0.0,233.04,0.0
2020-07-13,Tocantins,Angico,0.0,0,0,0.0,10,0,0.0,291.29,0.0,0.29,3433,-29.13,0.0,233.04,0.0
2020-07-12,Tocantins,Angico,0.0,0,0,0.0,10,0,0.0,291.29,0.0,0.29,3433,-29.13,0.0,233.04,0.0
2020-07-11,Tocantins,Angico,-29.13,-1,0,0.0,10,0,0.0,291.29,0.0,0.29,3433,-29.13,-29.13,233.04,-29.13
2020-07-10,Tocantins,Angico,0.0,0,0,0.0,11,0,0.0,320.42,0.0,0.32,3433,0.0,0.0,262.17,0.0
2020-07-09,Tocantins,Angico,0.0,0,0,0.0,11,0,0.0,320.42,0.0,0.32,3433,0.0,0.0,262.17,0.0
2020-07-08,Tocantins,Angico,0.0,0,0,0.0,11,0,0.0,320.42,0.0,0.32,3433,0.0,-29.13,262.17,0.0
2020-07-07,Tocantins,Angico,0.0,0,0,0.0,11,0,0.0,320.42,0.0,0.32,3433,29.13,0.0,262.17,-29.13
2020-07-06,Tocantins,Angico,0.0,0,0,0.0,11,0,0.0,320.42,0.0,0.32,3433,29.13,0.0,291.3,29.13
2020-07-05,Tocantins,Angico,0.0,0,0,0.0,11,0,0.0,320.42,0.0,0.32,3433,29.13,0.0,262.17,-29.13
2020-07-04,Tocantins,Angico,0.0,0,0,0.0,11,0,0.0,320.42,0.0,0.32,3433,29.13,0.0,291.3,0.0
2020-07-03,Tocantins,Angico,0.0,0,0,0.0,11,0,0.0,320.42,0.0,0.32,3433,29.13,-58.26,291.3,0.0
2020-07-02,Tocantins,Angico,0.0,0,0,0.0,11,0,0.0,320.42,0.0,0.32,3433,87.39,-87.39,291.3,0.0
2020-07-01,Tocantins,Angico,29.13,1,0,0.0,11,0,0.0,320.42,0.0,0.32,3433,174.78,29.13,291.3,29.13
2020-06-30,Tocantins,Angico,0.0,0,0,0.0,10,0,0.0,291.29,0.0,0.29,3433,145.65,0.0,262.17,0.0
2020-06-29,Tocantins,Angico,0.0,0,0,0.0,10,0,0.0,291.29,0.0,0.29,3433,145.65,-29.13,262.17,0.0
2020-06-28,Tocantins,Angico,0.0,0,0,0.0,10,0,0.0,291.29,0.0,0.29,3433,174.78,0.0,262.17,0.0
2020-06-27,Tocantins,Angico,0.0,0,0,0.0,10,0,0.0,291.29,0.0,0.29,3433,174.78,0.0,262.17,0.0
2020-06-26,Tocantins,Angico,58.26,2,0,0.0,10,0,0.0,291.29,0.0,0.29,3433,174.78,58.26,262.17,58.26
2020-06-25,Tocantins,Angico,87.39,3,0,0.0,8,0,0.0,233.03,0.0,0.23,3433,116.52,87.39,203.91,87.39
2020-06-24,Tocantins,Angico,0.0,0,0,0.0,5,0,0.0,145.65,0.0,0.15,3433,29.13,-58.26,116.52,0.0
2020-06-23,Tocantins,Angico,0.0,0,0,0.0,5,0,0.0,145.65,0.0,0.15,3433,87.39,0.0,116.52,0.0
2020-06-22,Tocantins,Angico,29.13,1,0,0.0,5,0,0.0,145.65,0.0,0.15,3433,87.39,29.13,116.52,29.13
2020-06-21,Tocantins,Angico,0.0,0,0,0.0,4,0,0.0,116.52,0.0,0.12,3433,58.26,0.0,87.39,0.0
2020-06-20,Tocantins,Angico,0.0,0,0,0.0,4,0,0.0,116.52,0.0,0.12,3433,58.26,0.0,87.39,0.0
2020-06-18,Tocantins,Angico,0.0,0,0,0.0,4,0,0.0,116.52,0.0,0.12,3433,58.26,0.0,87.39,0.0
2020-06-17,Tocantins,Angico,0.0,0,0,0.0,4,0,0.0,116.52,0.0,0.12,3433,58.26,0.0,87.39,0.0
2020-06-16,Tocantins,Angico,58.26,2,0,0.0,4,0,0.0,116.52,0.0,0.12,3433,58.26,58.26,87.39,58.26
2020-06-15,Tocantins,Angico,0.0,0,0,0.0,2,0,0.0,58.26,0.0,0.06,3433,0.0,-29.13,29.13,0.0
2020-06-14,Tocantins,Angico,0.0,0,0,0.0,2,0,0.0,58.26,0.0,0.06,3433,29.13,29.13,29.13,0.0
2020-06-11,Tocantins,Angico,0.0,0,0,0.0,2,0,0.0,58.26,0.0,0.06,3433,0.0,-29.13,29.13,0.0
2020-06-10,Tocantins,Angico,0.0,0,0,0.0,2,0,0.0,58.26,0.0,0.06,3433,29.13,0.0,29.13,0.0
2020-06-09,Tocantins,Angico,0.0,0,0,0.0,2,0,0.0,58.26,0.0,0.06,3433,29.13,0.0,29.13,0.0
2020-06-08,Tocantins,Angico,0.0,0,0,0.0,2,0,0.0,58.26,0.0,0.06,3433,29.13,0.0,29.13,0.0
2020-06-07,Tocantins,Angico,0.0,0,0,0.0,2,0,0.0,58.26,0.0,0.06,3433,29.13,0.0,29.13,0.0
2020-06-06,Tocantins,Angico,29.13,1,0,0.0,2,0,0.0,58.26,0.0,0.06,3433,29.13,29.13,29.13,29.13
2020-06-05,Tocantins,Angico,-29.13,-1,0,0.0,1,0,0.0,29.13,0.0,0.03,3433,0.0,-29.13,0.0,-29.13
2020-06-03,Tocantins,Angico,29.13,1,0,0.0,2,0,0.0,58.26,0.0,0.06,3433,29.13,29.13,29.13,29.13
2020-06-02,Tocantins,Angico,0.0,0,0,0.0,1,0,0.0,29.13,0.0,0.03,3433,0.0,0.0,0.0,0.0
2020-06-01,Tocantins,Angico,0.0,0,0,0.0,1,0,0.0,29.13,0.0,0.03,3433,0.0,0.0,0.0,0.0
2020-05-31,Tocantins,Angico,0.0,0,0,0.0,1,0,0.0,29.13,0.0,0.03,3433,0.0,0.0,0.0,0.0
2020-05-30,Tocantins,Angico,0.0,0,0,0.0,1,0,0.0,29.13,0.0,0.03,3433,0.0,0.0,0.0,0.0
2020-05-29,Tocantins,Angico,0.0,0,0,0.0,1,0,0.0,29.13,0.0,0.03,3433,0.0,0.0,0.0,0.0
2020-05-28,Tocantins,Angico,0.0,0,0,0.0,1,0,0.0,29.13,0.0,0.03,3433,0.0,0.0,0.0,0.0
2020-05-26,Tocantins,Angico,0.0,0,0,0.0,1,0,0.0,29.13,0.0,0.03,3433,0.0,0.0,0.0,0.0
2020-05-25,Tocantins,Angico,0.0,0,0,0.0,1,0,0.0,29.13,0.0,0.03,3433,0.0,0.0,0.0,0.0
2020-05-23,Tocantins,Angico,0.0,0,0,0.0,1,0,0.0,29.13,0.0,0.03,3433,0.0,0.0,0.0,0.0
2020-05-22,Tocantins,Angico,0.0,0,0,0.0,1,0,0.0,29.13,0.0,0.03,3433,0.0,0.0,0.0,0.0
2020-05-21,Tocantins,Angico,0.0,0,0,0.0,1,0,0.0,29.13,0.0,0.03,3433,0.0,0.0,0.0,0.0
2020-05-20,Tocantins,Angico,0.0,0,0,0.0,1,0,0.0,29.13,0.0,0.03,3433,0.0,0.0,0.0,0.0
2020-05-19,Tocantins,Angico,0.0,0,0,0.0,1,0,0.0,29.13,0.0,0.03,3433,0.0,0.0,0.0,0.0
2020-05-18,Tocantins,Angico,0.0,0,0,0.0,1,0,0.0,29.13,0.0,0.03,3433,0.0,0.0,0.0,0.0
