date,state,city,1day_cases_100k,new_cases,new_deaths,new_deaths_100k,total_cases,total_deaths,cfr%,total_cases_100k,total_deaths_100k,%infected,population,7day_cases_100k,7day_cases_change,28day_cases_100k,28day_cases_change
2020-09-28,Tocantins,Lagoa do Tocantins,0.0,0,0,0.0,58,4,6.9,1343.84,92.68,1.34,4316,115.85,0.0,347.55,0.0
2020-09-27,Tocantins,Lagoa do Tocantins,0.0,0,0,0.0,58,4,6.9,1343.84,92.68,1.34,4316,115.85,-23.17,347.55,0.0
2020-09-25,Tocantins,Lagoa do Tocantins,0.0,0,0,0.0,58,4,6.9,1343.84,92.68,1.34,4316,139.02,0.0,347.55,0.0
2020-09-21,Tocantins,Lagoa do Tocantins,92.68,4,0,0.0,58,4,6.9,1343.84,92.68,1.34,4316,139.02,92.68,347.55,69.51
2020-09-20,Tocantins,Lagoa do Tocantins,0.0,0,0,0.0,54,4,7.41,1251.16,92.68,1.25,4316,46.34,-23.17,278.04,0.0
2020-09-19,Tocantins,Lagoa do Tocantins,0.0,0,0,0.0,54,4,7.41,1251.16,92.68,1.25,4316,69.51,0.0,278.04,0.0
2020-09-18,Tocantins,Lagoa do Tocantins,23.17,1,0,0.0,54,4,7.41,1251.16,92.68,1.25,4316,69.51,23.17,278.04,23.17
2020-09-15,Tocantins,Lagoa do Tocantins,0.0,0,0,0.0,53,4,7.55,1227.99,92.68,1.23,4316,46.34,0.0,254.87,0.0
2020-09-14,Tocantins,Lagoa do Tocantins,23.17,1,0,0.0,53,4,7.55,1227.99,92.68,1.23,4316,46.34,23.17,254.87,92.68
2020-09-13,Tocantins,Lagoa do Tocantins,0.0,0,0,0.0,52,4,7.69,1204.82,92.68,1.2,4316,23.17,-23.17,162.19,0.0
2020-09-11,Tocantins,Lagoa do Tocantins,0.0,0,0,0.0,52,4,7.69,1204.82,92.68,1.2,4316,46.34,0.0,162.19,0.0
2020-09-10,Tocantins,Lagoa do Tocantins,23.17,1,0,0.0,52,4,7.69,1204.82,92.68,1.2,4316,46.34,0.0,162.19,-23.17
2020-09-09,Tocantins,Lagoa do Tocantins,0.0,0,0,0.0,51,4,7.84,1181.65,92.68,1.18,4316,46.34,0.0,185.36,0.0
2020-09-08,Tocantins,Lagoa do Tocantins,0.0,0,0,0.0,51,4,7.84,1181.65,92.68,1.18,4316,46.34,-46.34,185.36,0.0
2020-09-07,Tocantins,Lagoa do Tocantins,0.0,0,0,0.0,51,4,7.84,1181.65,92.68,1.18,4316,92.68,0.0,185.36,0.0
2020-09-06,Tocantins,Lagoa do Tocantins,0.0,0,0,0.0,51,4,7.84,1181.65,92.68,1.18,4316,92.68,0.0,185.36,0.0
2020-09-05,Tocantins,Lagoa do Tocantins,23.17,1,0,0.0,51,4,7.84,1181.65,92.68,1.18,4316,92.68,23.17,185.36,23.17
2020-09-04,Tocantins,Lagoa do Tocantins,0.0,0,0,0.0,50,4,8.0,1158.48,92.68,1.16,4316,69.51,-23.17,162.19,0.0
2020-09-03,Tocantins,Lagoa do Tocantins,23.17,1,0,0.0,50,4,8.0,1158.48,92.68,1.16,4316,92.68,-23.17,162.19,23.17
2020-09-02,Tocantins,Lagoa do Tocantins,0.0,0,0,0.0,49,4,8.16,1135.31,92.68,1.14,4316,115.85,0.0,139.02,-92.68
2020-09-01,Tocantins,Lagoa do Tocantins,46.34,2,0,0.0,49,4,8.16,1135.31,92.68,1.14,4316,115.85,23.17,231.7,46.34
2020-08-31,Tocantins,Lagoa do Tocantins,0.0,0,0,0.0,47,4,8.51,1088.97,92.68,1.09,4316,92.68,0.0,185.36,0.0
2020-08-29,Tocantins,Lagoa do Tocantins,0.0,0,0,0.0,47,4,8.51,1088.97,92.68,1.09,4316,92.68,0.0,185.36,0.0
2020-08-27,Tocantins,Lagoa do Tocantins,0.0,0,0,0.0,47,4,8.51,1088.97,92.68,1.09,4316,92.68,0.0,185.36,0.0
2020-08-26,Tocantins,Lagoa do Tocantins,23.17,1,0,0.0,47,4,8.51,1088.97,92.68,1.09,4316,92.68,0.0,185.36,23.17
2020-08-25,Tocantins,Lagoa do Tocantins,46.34,2,0,0.0,46,4,8.7,1065.8,92.68,1.07,4316,92.68,46.34,162.19,46.34
2020-08-24,Tocantins,Lagoa do Tocantins,0.0,0,0,0.0,44,4,9.09,1019.46,92.68,1.02,4316,46.34,0.0,115.85,0.0
2020-08-23,Tocantins,Lagoa do Tocantins,23.17,1,0,0.0,44,4,9.09,1019.46,92.68,1.02,4316,46.34,23.17,115.85,0.0
2020-08-22,Tocantins,Lagoa do Tocantins,0.0,0,0,0.0,43,4,9.3,996.29,92.68,1.0,4316,23.17,0.0,115.85,-46.34
2020-08-21,Tocantins,Lagoa do Tocantins,0.0,0,0,0.0,43,4,9.3,996.29,92.68,1.0,4316,23.17,69.51,162.19,-46.34
2020-08-20,Tocantins,Lagoa do Tocantins,0.0,0,0,0.0,43,4,9.3,996.29,92.68,1.0,4316,-46.34,0.0,208.53,-92.68
2020-08-18,Tocantins,Lagoa do Tocantins,23.17,1,0,0.0,43,4,9.3,996.29,92.68,1.0,4316,-46.34,23.17,301.21,46.34
2020-08-17,Tocantins,Lagoa do Tocantins,0.0,0,0,0.0,42,4,9.52,973.12,92.68,0.97,4316,-69.51,-46.34,254.87,-23.17
2020-08-16,Tocantins,Lagoa do Tocantins,0.0,0,0,0.0,42,4,9.52,973.12,92.68,0.97,4316,-23.17,0.0,278.04,-46.34
2020-08-15,Tocantins,Lagoa do Tocantins,0.0,0,0,0.0,42,4,9.52,973.12,92.68,0.97,4316,-23.17,0.0,324.38,-46.34
2020-08-14,Tocantins,Lagoa do Tocantins,0.0,0,0,0.0,42,4,9.52,973.12,92.68,0.97,4316,-23.17,0.0,370.72,-46.34
2020-08-13,Tocantins,Lagoa do Tocantins,-69.51,-3,0,0.0,42,4,9.52,973.12,92.68,0.97,4316,-23.17,-69.51,417.06,-92.68
2020-08-12,Tocantins,Lagoa do Tocantins,0.0,0,0,0.0,45,4,8.89,1042.63,92.68,1.04,4316,46.34,0.0,509.74,-23.17
2020-08-11,Tocantins,Lagoa do Tocantins,0.0,0,0,0.0,45,4,8.89,1042.63,92.68,1.04,4316,46.34,0.0,532.91,-23.17
2020-08-10,Tocantins,Lagoa do Tocantins,46.34,2,0,0.0,45,4,8.89,1042.63,92.68,1.04,4316,46.34,46.34,556.08,-92.68
2020-08-08,Tocantins,Lagoa do Tocantins,0.0,0,0,0.0,43,4,9.3,996.29,92.68,1.0,4316,-0.0,-92.68,648.76,-115.85
2020-08-07,Tocantins,Lagoa do Tocantins,0.0,0,0,0.0,43,4,9.3,996.29,92.68,1.0,4316,92.68,0.0,764.61,-23.17
2020-08-06,Tocantins,Lagoa do Tocantins,0.0,0,0,0.0,43,4,9.3,996.29,92.68,1.0,4316,92.68,0.0,787.78,-69.51
2020-08-05,Tocantins,Lagoa do Tocantins,0.0,0,0,0.0,43,4,9.3,996.29,92.68,1.0,4316,92.68,0.0,857.29,-23.17
2020-08-04,Tocantins,Lagoa do Tocantins,0.0,0,0,0.0,43,4,9.3,996.29,92.68,1.0,4316,92.68,0.0,880.46,0.0
2020-08-03,Tocantins,Lagoa do Tocantins,0.0,0,0,0.0,43,4,9.3,996.29,92.68,1.0,4316,92.68,0.0,880.46,0.0
2020-08-02,Tocantins,Lagoa do Tocantins,0.0,0,0,0.0,43,4,9.3,996.29,92.68,1.0,4316,92.68,0.0,880.46,0.0
2020-08-01,Tocantins,Lagoa do Tocantins,92.68,4,0,0.0,43,4,9.3,996.29,92.68,1.0,4316,92.68,92.68,880.46,69.51
2020-07-31,Tocantins,Lagoa do Tocantins,0.0,0,0,0.0,39,4,10.26,903.61,92.68,0.9,4316,-0.0,-23.17,810.95,-23.17
2020-07-30,Tocantins,Lagoa do Tocantins,0.0,0,0,0.0,39,4,10.26,903.61,92.68,0.9,4316,23.17,-46.34,834.12,-23.17
2020-07-29,Tocantins,Lagoa do Tocantins,0.0,0,0,0.0,39,4,10.26,903.61,92.68,0.9,4316,69.51,-46.34,857.29,-23.17
2020-07-28,Tocantins,Lagoa do Tocantins,0.0,0,0,0.0,39,4,10.26,903.61,92.68,0.9,4316,115.85,-92.68,880.46,-23.17
2020-07-27,Tocantins,Lagoa do Tocantins,0.0,0,0,0.0,39,4,10.26,903.61,92.68,0.9,4316,208.53,23.17,903.63,0.0
2020-07-26,Tocantins,Lagoa do Tocantins,0.0,0,0,0.0,39,4,10.26,903.61,92.68,0.9,4316,185.36,-23.17,903.63,0.0
2020-07-25,Tocantins,Lagoa do Tocantins,0.0,0,0,0.0,39,4,10.26,903.61,92.68,0.9,4316,208.53,-46.34,903.63,0.0
2020-07-24,Tocantins,Lagoa do Tocantins,23.17,1,0,0.0,39,4,10.26,903.61,92.68,0.9,4316,254.87,-23.17,903.63,23.17
2020-07-23,Tocantins,Lagoa do Tocantins,46.34,2,1,23.17,38,4,10.53,880.44,92.68,0.88,4316,278.04,0.0,880.46,46.34
2020-07-22,Tocantins,Lagoa do Tocantins,46.34,2,0,0.0,36,3,8.33,834.11,69.51,0.83,4316,278.04,23.17,834.12,46.34
2020-07-21,Tocantins,Lagoa do Tocantins,92.68,4,0,0.0,34,3,8.82,787.77,69.51,0.79,4316,254.87,69.51,787.78,92.68
2020-07-20,Tocantins,Lagoa do Tocantins,-23.17,-1,0,0.0,30,3,10.0,695.09,69.51,0.7,4316,185.36,-46.34,695.1,-23.17
2020-07-19,Tocantins,Lagoa do Tocantins,23.17,1,0,0.0,31,3,9.68,718.26,69.51,0.72,4316,231.7,-115.85,718.27,23.17
2020-07-18,Tocantins,Lagoa do Tocantins,46.34,2,0,0.0,30,3,10.0,695.09,69.51,0.7,4316,347.55,-69.51,695.1,46.34
2020-07-16,Tocantins,Lagoa do Tocantins,46.34,2,1,23.17,28,3,10.71,648.75,69.51,0.65,4316,417.06,23.17,648.76,46.34
2020-07-15,Tocantins,Lagoa do Tocantins,46.34,2,0,0.0,26,2,7.69,602.41,46.34,0.6,4316,393.89,-23.17,602.42,46.34
2020-07-14,Tocantins,Lagoa do Tocantins,23.17,1,0,0.0,24,2,8.33,556.07,46.34,0.56,4316,417.06,0.0,556.08,23.17
2020-07-13,Tocantins,Lagoa do Tocantins,23.17,1,1,23.17,23,2,8.7,532.9,46.34,0.53,4316,417.06,23.17,532.91,23.17
2020-07-12,Tocantins,Lagoa do Tocantins,23.17,1,1,23.17,22,1,4.55,509.73,23.17,0.51,4316,393.89,23.17,509.74,23.17
2020-07-11,Tocantins,Lagoa do Tocantins,139.02,6,0,0.0,21,0,0.0,486.56,0.0,0.49,4316,370.72,139.02,486.57,139.02
2020-07-10,Tocantins,Lagoa do Tocantins,115.85,5,0,0.0,15,0,0.0,347.54,0.0,0.35,4316,231.7,92.68,347.55,115.85
2020-07-09,Tocantins,Lagoa do Tocantins,23.17,1,0,0.0,10,0,0.0,231.7,0.0,0.23,4316,139.02,0.0,231.7,23.17
2020-07-08,Tocantins,Lagoa do Tocantins,69.51,3,0,0.0,9,0,0.0,208.53,0.0,0.21,4316,139.02,46.34,208.53,69.51
2020-07-07,Tocantins,Lagoa do Tocantins,23.17,1,0,0.0,6,0,0.0,139.02,0.0,0.14,4316,92.68,0.0,139.02,23.17
2020-07-06,Tocantins,Lagoa do Tocantins,0.0,0,0,0.0,5,0,0.0,115.85,0.0,0.12,4316,92.68,-23.17,115.85,0.0
2020-07-05,Tocantins,Lagoa do Tocantins,0.0,0,0,0.0,5,0,0.0,115.85,0.0,0.12,4316,115.85,0.0,115.85,0.0
2020-07-04,Tocantins,Lagoa do Tocantins,0.0,0,0,0.0,5,0,0.0,115.85,0.0,0.12,4316,115.85,0.0,115.85,0.0
2020-07-03,Tocantins,Lagoa do Tocantins,23.17,1,0,0.0,5,0,0.0,115.85,0.0,0.12,4316,115.85,23.17,115.85,46.34
2020-07-02,Tocantins,Lagoa do Tocantins,23.17,1,0,0.0,4,0,0.0,92.68,0.0,0.09,4316,92.68,23.17,69.51,0.0
2020-07-01,Tocantins,Lagoa do Tocantins,23.17,1,0,0.0,3,0,0.0,69.51,0.0,0.07,4316,69.51,23.17,69.51,23.17
2020-06-30,Tocantins,Lagoa do Tocantins,23.17,1,0,0.0,2,0,0.0,46.34,0.0,0.05,4316,46.34,23.17,46.34,23.17
2020-06-29,Tocantins,Lagoa do Tocantins,23.17,1,0,0.0,1,0,0.0,23.17,0.0,0.02,4316,23.17,23.17,23.17,23.17
2020-06-28,Tocantins,Lagoa do Tocantins,0.0,0,0,0.0,0,0,0.0,0.0,0.0,0.0,4316,0.0,0.0,0.0,0.0
2020-06-27,Tocantins,Lagoa do Tocantins,0.0,0,0,0.0,0,0,0.0,0.0,0.0,0.0,4316,0.0,0.0,0.0,0.0
2020-06-26,Tocantins,Lagoa do Tocantins,0.0,0,0,0.0,0,0,0.0,0.0,0.0,0.0,4316,0.0,0.0,0.0,0.0
2020-06-25,Tocantins,Lagoa do Tocantins,0.0,0,0,0.0,0,0,0.0,0.0,0.0,0.0,4316,0.0,0.0,0.0,0.0
2020-06-24,Tocantins,Lagoa do Tocantins,0.0,0,0,0.0,0,0,0.0,0.0,0.0,0.0,4316,0.0,0.0,0.0,0.0
2020-06-23,Tocantins,Lagoa do Tocantins,0.0,0,0,0.0,0,0,0.0,0.0,0.0,0.0,4316,0.0,0.0,0.0,0.0
2020-06-22,Tocantins,Lagoa do Tocantins,0.0,0,0,0.0,0,0,0.0,0.0,0.0,0.0,4316,0.0,0.0,0.0,0.0
2020-06-21,Tocantins,Lagoa do Tocantins,0.0,0,0,0.0,0,0,0.0,0.0,0.0,0.0,4316,0.0,0.0,0.0,0.0
2020-06-20,Tocantins,Lagoa do Tocantins,0.0,0,0,0.0,0,0,0.0,0.0,0.0,0.0,4316,0.0,0.0,0.0,0.0
2020-06-18,Tocantins,Lagoa do Tocantins,0.0,0,0,0.0,0,0,0.0,0.0,0.0,0.0,4316,0.0,0.0,0.0,0.0
2020-06-17,Tocantins,Lagoa do Tocantins,0.0,0,0,0.0,0,0,0.0,0.0,0.0,0.0,4316,0.0,0.0,0.0,0.0
2020-06-16,Tocantins,Lagoa do Tocantins,0.0,0,0,0.0,0,0,0.0,0.0,0.0,0.0,4316,0.0,0.0,0.0,0.0
2020-06-15,Tocantins,Lagoa do Tocantins,0.0,0,0,0.0,0,0,0.0,0.0,0.0,0.0,4316,0.0,0.0,0.0,0.0
2020-06-14,Tocantins,Lagoa do Tocantins,0.0,0,0,0.0,0,0,0.0,0.0,0.0,0.0,4316,0.0,0.0,0.0,0.0
2020-06-11,Tocantins,Lagoa do Tocantins,0.0,0,0,0.0,0,0,0.0,0.0,0.0,0.0,4316,0.0,0.0,0.0,0.0
2020-06-10,Tocantins,Lagoa do Tocantins,0.0,0,0,0.0,0,0,0.0,0.0,0.0,0.0,4316,0.0,0.0,0.0,0.0
2020-06-09,Tocantins,Lagoa do Tocantins,0.0,0,0,0.0,0,0,0.0,0.0,0.0,0.0,4316,0.0,23.17,0.0,0.0
2020-06-08,Tocantins,Lagoa do Tocantins,0.0,0,0,0.0,0,0,0.0,0.0,0.0,0.0,4316,-23.17,-23.17,0.0,0.0
2020-06-07,Tocantins,Lagoa do Tocantins,0.0,0,0,0.0,0,0,0.0,0.0,0.0,0.0,4316,0.0,0.0,0.0,0.0
2020-06-06,Tocantins,Lagoa do Tocantins,0.0,0,0,0.0,0,0,0.0,0.0,0.0,0.0,4316,0.0,0.0,0.0,0.0
2020-06-05,Tocantins,Lagoa do Tocantins,0.0,0,0,0.0,0,0,0.0,0.0,0.0,0.0,4316,0.0,0.0,0.0,0.0
2020-06-03,Tocantins,Lagoa do Tocantins,0.0,0,0,0.0,0,0,0.0,0.0,0.0,0.0,4316,0.0,0.0,0.0,0.0
2020-06-02,Tocantins,Lagoa do Tocantins,0.0,0,0,0.0,0,0,0.0,0.0,0.0,0.0,4316,0.0,0.0,0.0,0.0
2020-06-01,Tocantins,Lagoa do Tocantins,-23.17,-1,0,0.0,0,0,0.0,0.0,0.0,0.0,4316,0.0,-23.17,0.0,-23.17
2020-05-31,Tocantins,Lagoa do Tocantins,23.17,1,0,0.0,1,0,0.0,23.17,0.0,0.02,4316,23.17,23.17,23.17,23.17
2020-05-30,Tocantins,Lagoa do Tocantins,0.0,0,0,0.0,0,0,0.0,0.0,0.0,0.0,4316,0.0,0.0,0.0,0.0
2020-05-29,Tocantins,Lagoa do Tocantins,0.0,0,0,0.0,0,0,0.0,0.0,0.0,0.0,4316,0.0,0.0,0.0,0.0
2020-05-28,Tocantins,Lagoa do Tocantins,0.0,0,0,0.0,0,0,0.0,0.0,0.0,0.0,4316,0.0,0.0,0.0,0.0
2020-05-26,Tocantins,Lagoa do Tocantins,0.0,0,0,0.0,0,0,0.0,0.0,0.0,0.0,4316,0.0,0.0,0.0,0.0
2020-05-25,Tocantins,Lagoa do Tocantins,0.0,0,0,0.0,0,0,0.0,0.0,0.0,0.0,4316,0.0,0.0,0.0,0.0
2020-05-23,Tocantins,Lagoa do Tocantins,0.0,0,0,0.0,0,0,0.0,0.0,0.0,0.0,4316,0.0,0.0,0.0,0.0
