date,state,city,1day_cases_100k,new_cases,new_deaths,new_deaths_100k,total_cases,total_deaths,cfr%,total_cases_100k,total_deaths_100k,%infected,population,7day_cases_100k,7day_cases_change,28day_cases_100k,28day_cases_change
2020-10-22,Tocantins,Rio dos Bois,-35.29,-1,0,0.0,135,1,0.74,4763.59,35.29,4.76,2834,35.28,-141.15,988.01,-141.15
2020-10-08,Tocantins,Rio dos Bois,70.57,2,0,0.0,136,1,0.74,4798.87,35.29,4.8,2834,176.43,105.86,1129.16,-35.29
2020-10-04,Tocantins,Rio dos Bois,0.0,0,0,0.0,134,1,0.75,4728.3,35.29,4.73,2834,70.57,0.0,1164.45,-105.86
2020-10-02,Tocantins,Rio dos Bois,0.0,0,0,0.0,134,1,0.75,4728.3,35.29,4.73,2834,70.57,0.0,1270.31,-70.57
2020-09-29,Tocantins,Rio dos Bois,0.0,0,0,0.0,134,1,0.75,4728.3,35.29,4.73,2834,70.57,-35.29,1340.88,-317.57
2020-09-28,Tocantins,Rio dos Bois,0.0,0,0,0.0,134,1,0.75,4728.3,35.29,4.73,2834,105.86,0.0,1658.45,0.0
2020-09-27,Tocantins,Rio dos Bois,0.0,0,0,0.0,134,1,0.75,4728.3,35.29,4.73,2834,105.86,0.0,1658.45,0.0
2020-09-25,Tocantins,Rio dos Bois,105.86,3,1,35.29,134,1,0.75,4728.3,35.29,4.73,2834,105.86,105.86,1658.45,70.57
2020-09-21,Tocantins,Rio dos Bois,-35.29,-1,0,0.0,131,0,0.0,4622.44,0.0,4.62,2834,-0.0,-35.29,1587.88,0.0
2020-09-20,Tocantins,Rio dos Bois,0.0,0,0,0.0,132,0,0.0,4657.73,0.0,4.66,2834,35.29,-105.86,1587.88,-70.57
2020-09-19,Tocantins,Rio dos Bois,0.0,0,0,0.0,132,0,0.0,4657.73,0.0,4.66,2834,141.15,-70.57,1658.45,-176.43
2020-09-18,Tocantins,Rio dos Bois,35.29,1,0,0.0,132,0,0.0,4657.73,0.0,4.66,2834,211.72,35.29,1834.88,-105.85
2020-09-15,Tocantins,Rio dos Bois,0.0,0,0,0.0,131,0,0.0,4622.44,0.0,4.62,2834,176.43,-247.0,1940.73,-35.29
2020-09-14,Tocantins,Rio dos Bois,0.0,0,0,0.0,131,0,0.0,4622.44,0.0,4.62,2834,423.43,0.0,1976.02,-141.14
2020-09-13,Tocantins,Rio dos Bois,0.0,0,0,0.0,131,0,0.0,4622.44,0.0,4.62,2834,423.43,0.0,2117.16,-35.29
2020-09-11,Tocantins,Rio dos Bois,0.0,0,0,0.0,131,0,0.0,4622.44,0.0,4.62,2834,423.43,0.0,2152.45,-141.14
2020-09-10,Tocantins,Rio dos Bois,105.86,3,0,0.0,131,0,0.0,4622.44,0.0,4.62,2834,423.43,-176.43,2293.59,-70.57
2020-09-09,Tocantins,Rio dos Bois,70.57,2,0,0.0,128,0,0.0,4516.58,0.0,4.52,2834,599.86,0.0,2364.16,-352.86
2020-09-08,Tocantins,Rio dos Bois,0.0,0,0,0.0,126,0,0.0,4446.01,0.0,4.45,2834,599.86,-35.29,2717.02,-35.29
2020-09-07,Tocantins,Rio dos Bois,247.0,7,0,0.0,126,0,0.0,4446.01,0.0,4.45,2834,635.15,247.0,2752.31,176.43
2020-09-06,Tocantins,Rio dos Bois,0.0,0,0,0.0,119,0,0.0,4199.01,0.0,4.2,2834,388.15,-35.29,2575.88,-35.29
2020-09-05,Tocantins,Rio dos Bois,0.0,0,0,0.0,119,0,0.0,4199.01,0.0,4.2,2834,423.44,-105.86,2611.17,-35.29
2020-09-04,Tocantins,Rio dos Bois,0.0,0,0,0.0,119,0,0.0,4199.01,0.0,4.2,2834,529.3,-105.86,2646.46,-35.29
2020-09-03,Tocantins,Rio dos Bois,282.29,8,0,0.0,119,0,0.0,4199.01,0.0,4.2,2834,635.16,176.43,2681.75,176.43
2020-09-02,Tocantins,Rio dos Bois,70.57,2,0,0.0,111,0,0.0,3916.73,0.0,3.92,2834,458.73,0.0,2505.32,0.0
2020-09-01,Tocantins,Rio dos Bois,35.29,1,0,0.0,109,0,0.0,3846.15,0.0,3.85,2834,458.73,-282.28,2505.32,-70.57
2020-08-31,Tocantins,Rio dos Bois,0.0,0,0,0.0,108,0,0.0,3810.87,0.0,3.81,2834,741.01,0.0,2575.89,-352.86
2020-08-29,Tocantins,Rio dos Bois,35.29,1,0,0.0,108,0,0.0,3810.87,0.0,3.81,2834,741.01,35.29,2928.75,-388.14
2020-08-27,Tocantins,Rio dos Bois,105.86,3,0,0.0,107,0,0.0,3775.58,0.0,3.78,2834,705.72,70.57,3316.89,70.57
2020-08-26,Tocantins,Rio dos Bois,105.86,3,0,0.0,104,0,0.0,3669.72,0.0,3.67,2834,635.15,141.15,3246.32,-35.28
2020-08-25,Tocantins,Rio dos Bois,105.86,3,0,0.0,101,0,0.0,3563.87,0.0,3.56,2834,494.0,35.29,3281.6,105.86
2020-08-24,Tocantins,Rio dos Bois,70.57,2,0,0.0,98,0,0.0,3458.01,0.0,3.46,2834,458.71,-105.86,3175.74,0.0
2020-08-23,Tocantins,Rio dos Bois,317.57,9,0,0.0,96,0,0.0,3387.44,0.0,3.39,2834,564.57,176.43,3175.74,282.28
2020-08-22,Tocantins,Rio dos Bois,0.0,0,0,0.0,87,0,0.0,3069.87,0.0,3.07,2834,388.14,-35.29,2893.46,0.0
2020-08-21,Tocantins,Rio dos Bois,0.0,0,0,0.0,87,0,0.0,3069.87,0.0,3.07,2834,423.43,-141.14,2893.46,0.0
2020-08-20,Tocantins,Rio dos Bois,35.29,1,0,0.0,87,0,0.0,3069.87,0.0,3.07,2834,564.57,0.0,2893.46,0.0
2020-08-18,Tocantins,Rio dos Bois,-35.29,-1,0,0.0,86,0,0.0,3034.58,0.0,3.03,2834,564.57,-176.43,2893.46,-35.29
2020-08-17,Tocantins,Rio dos Bois,70.57,2,0,0.0,87,0,0.0,3069.87,0.0,3.07,2834,741.0,-105.86,2928.75,70.57
2020-08-16,Tocantins,Rio dos Bois,176.43,5,0,0.0,85,0,0.0,2999.29,0.0,3.0,2834,846.86,-247.0,2858.18,105.86
2020-08-15,Tocantins,Rio dos Bois,141.14,4,0,0.0,80,0,0.0,2822.87,0.0,2.82,2834,1093.86,105.85,2752.32,141.14
2020-08-14,Tocantins,Rio dos Bois,35.29,1,0,0.0,76,0,0.0,2681.72,0.0,2.68,2834,988.01,-35.28,2611.18,35.29
2020-08-13,Tocantins,Rio dos Bois,141.14,4,0,0.0,75,0,0.0,2646.44,0.0,2.65,2834,1023.29,105.85,2575.89,141.14
2020-08-12,Tocantins,Rio dos Bois,35.29,1,0,0.0,71,0,0.0,2505.29,0.0,2.51,2834,917.44,0.0,2434.75,35.29
2020-08-11,Tocantins,Rio dos Bois,141.14,4,0,0.0,70,0,0.0,2470.01,0.0,2.47,2834,917.44,105.85,2399.46,141.14
2020-08-10,Tocantins,Rio dos Bois,176.43,5,0,0.0,66,0,0.0,2328.86,0.0,2.33,2834,811.59,70.57,2258.32,176.43
2020-08-08,Tocantins,Rio dos Bois,423.43,12,0,0.0,61,0,0.0,2152.43,0.0,2.15,2834,741.02,352.86,2081.89,423.43
2020-08-07,Tocantins,Rio dos Bois,35.29,1,0,0.0,49,0,0.0,1729.0,0.0,1.73,2834,388.16,-70.57,1658.46,35.29
2020-08-06,Tocantins,Rio dos Bois,70.57,2,0,0.0,48,0,0.0,1693.72,0.0,1.69,2834,458.73,-282.29,1623.17,70.57
2020-08-05,Tocantins,Rio dos Bois,35.29,1,0,0.0,46,0,0.0,1623.15,0.0,1.62,2834,741.02,-388.14,1552.6,35.29
2020-08-04,Tocantins,Rio dos Bois,35.29,1,0,0.0,45,0,0.0,1587.86,0.0,1.59,2834,1129.16,0.0,1517.31,35.29
2020-08-03,Tocantins,Rio dos Bois,35.29,1,0,0.0,44,0,0.0,1552.58,0.0,1.55,2834,1129.16,-105.85,1482.02,35.29
2020-08-02,Tocantins,Rio dos Bois,105.86,3,0,0.0,43,0,0.0,1517.29,0.0,1.52,2834,1235.01,105.86,1446.73,105.86
2020-08-01,Tocantins,Rio dos Bois,70.57,2,0,0.0,40,0,0.0,1411.43,0.0,1.41,2834,1129.15,0.0,1340.87,70.57
2020-07-31,Tocantins,Rio dos Bois,105.86,3,0,0.0,38,0,0.0,1340.86,0.0,1.34,2834,1129.15,70.57,1270.3,105.86
2020-07-30,Tocantins,Rio dos Bois,352.86,10,0,0.0,35,0,0.0,1235.0,0.0,1.24,2834,1058.58,352.86,1164.44,352.86
2020-07-29,Tocantins,Rio dos Bois,423.43,12,0,0.0,25,0,0.0,882.15,0.0,0.88,2834,705.72,423.43,811.58,423.43
2020-07-28,Tocantins,Rio dos Bois,35.29,1,0,0.0,13,0,0.0,458.72,0.0,0.46,2834,282.29,0.0,388.15,35.29
2020-07-27,Tocantins,Rio dos Bois,141.14,4,0,0.0,12,0,0.0,423.43,0.0,0.42,2834,282.29,141.14,352.86,141.14
2020-07-26,Tocantins,Rio dos Bois,0.0,0,0,0.0,8,0,0.0,282.29,0.0,0.28,2834,141.15,0.0,211.72,0.0
2020-07-25,Tocantins,Rio dos Bois,70.57,2,0,0.0,8,0,0.0,282.29,0.0,0.28,2834,141.15,0.0,211.72,70.57
2020-07-24,Tocantins,Rio dos Bois,35.29,1,0,0.0,6,0,0.0,211.71,0.0,0.21,2834,141.15,35.29,141.15,35.29
2020-07-23,Tocantins,Rio dos Bois,0.0,0,0,0.0,5,0,0.0,176.43,0.0,0.18,2834,105.86,0.0,105.86,0.0
2020-07-22,Tocantins,Rio dos Bois,0.0,0,0,0.0,5,0,0.0,176.43,0.0,0.18,2834,105.86,0.0,105.86,-35.29
2020-07-21,Tocantins,Rio dos Bois,35.29,1,0,0.0,5,0,0.0,176.43,0.0,0.18,2834,105.86,35.29,141.15,35.29
2020-07-20,Tocantins,Rio dos Bois,0.0,0,0,0.0,4,0,0.0,141.14,0.0,0.14,2834,70.57,0.0,105.86,0.0
2020-07-19,Tocantins,Rio dos Bois,0.0,0,0,0.0,4,0,0.0,141.14,0.0,0.14,2834,70.57,0.0,105.86,-35.29
2020-07-18,Tocantins,Rio dos Bois,70.57,2,0,0.0,4,0,0.0,141.14,0.0,0.14,2834,70.57,70.57,141.15,70.57
2020-07-16,Tocantins,Rio dos Bois,0.0,0,0,0.0,2,0,0.0,70.57,0.0,0.07,2834,0.0,0.0,70.58,0.0
2020-07-15,Tocantins,Rio dos Bois,0.0,0,0,0.0,2,0,0.0,70.57,0.0,0.07,2834,0.0,0.0,70.58,0.0
2020-07-14,Tocantins,Rio dos Bois,0.0,0,0,0.0,2,0,0.0,70.57,0.0,0.07,2834,0.0,0.0,70.58,0.0
2020-07-13,Tocantins,Rio dos Bois,0.0,0,0,0.0,2,0,0.0,70.57,0.0,0.07,2834,0.0,0.0,70.58,0.0
2020-07-12,Tocantins,Rio dos Bois,0.0,0,0,0.0,2,0,0.0,70.57,0.0,0.07,2834,0.0,0.0,70.58,0.0
2020-07-11,Tocantins,Rio dos Bois,0.0,0,0,0.0,2,0,0.0,70.57,0.0,0.07,2834,0.0,0.0,70.58,0.0
2020-07-10,Tocantins,Rio dos Bois,0.0,0,0,0.0,2,0,0.0,70.57,0.0,0.07,2834,0.0,0.0,70.58,0.0
2020-07-09,Tocantins,Rio dos Bois,0.0,0,0,0.0,2,0,0.0,70.57,0.0,0.07,2834,0.0,0.0,70.58,0.0
2020-07-08,Tocantins,Rio dos Bois,0.0,0,0,0.0,2,0,0.0,70.57,0.0,0.07,2834,0.0,0.0,70.58,0.0
2020-07-07,Tocantins,Rio dos Bois,0.0,0,0,0.0,2,0,0.0,70.57,0.0,0.07,2834,0.0,0.0,70.58,0.0
2020-07-06,Tocantins,Rio dos Bois,0.0,0,0,0.0,2,0,0.0,70.57,0.0,0.07,2834,0.0,0.0,70.58,0.0
2020-07-05,Tocantins,Rio dos Bois,0.0,0,0,0.0,2,0,0.0,70.57,0.0,0.07,2834,0.0,0.0,70.58,0.0
2020-07-04,Tocantins,Rio dos Bois,0.0,0,0,0.0,2,0,0.0,70.57,0.0,0.07,2834,0.0,0.0,70.58,0.0
2020-07-03,Tocantins,Rio dos Bois,0.0,0,0,0.0,2,0,0.0,70.57,0.0,0.07,2834,0.0,0.0,70.58,0.0
2020-07-02,Tocantins,Rio dos Bois,0.0,0,0,0.0,2,0,0.0,70.57,0.0,0.07,2834,0.0,0.0,70.58,0.0
2020-07-01,Tocantins,Rio dos Bois,0.0,0,0,0.0,2,0,0.0,70.57,0.0,0.07,2834,0.0,0.0,70.58,0.0
2020-06-30,Tocantins,Rio dos Bois,0.0,0,0,0.0,2,0,0.0,70.57,0.0,0.07,2834,0.0,-35.29,70.58,0.0
2020-06-29,Tocantins,Rio dos Bois,0.0,0,0,0.0,2,0,0.0,70.57,0.0,0.07,2834,35.29,0.0,70.58,0.0
2020-06-28,Tocantins,Rio dos Bois,0.0,0,0,0.0,2,0,0.0,70.57,0.0,0.07,2834,35.29,0.0,70.58,0.0
2020-06-27,Tocantins,Rio dos Bois,0.0,0,0,0.0,2,0,0.0,70.57,0.0,0.07,2834,35.29,-35.29,70.58,0.0
2020-06-26,Tocantins,Rio dos Bois,0.0,0,0,0.0,2,0,0.0,70.57,0.0,0.07,2834,70.58,0.0,70.58,0.0
2020-06-25,Tocantins,Rio dos Bois,0.0,0,0,0.0,2,0,0.0,70.57,0.0,0.07,2834,70.58,0.0,70.58,0.0
2020-06-24,Tocantins,Rio dos Bois,0.0,0,0,0.0,2,0,0.0,70.57,0.0,0.07,2834,70.58,0.0,70.58,0.0
2020-06-23,Tocantins,Rio dos Bois,35.29,1,0,0.0,2,0,0.0,70.57,0.0,0.07,2834,70.58,35.29,70.58,35.29
2020-06-22,Tocantins,Rio dos Bois,0.0,0,0,0.0,1,0,0.0,35.29,0.0,0.04,2834,35.29,0.0,35.29,0.0
2020-06-21,Tocantins,Rio dos Bois,0.0,0,0,0.0,1,0,0.0,35.29,0.0,0.04,2834,35.29,0.0,35.29,0.0
2020-06-20,Tocantins,Rio dos Bois,35.29,1,0,0.0,1,0,0.0,35.29,0.0,0.04,2834,35.29,35.29,35.29,35.29
2020-06-18,Tocantins,Rio dos Bois,0.0,0,0,0.0,0,0,0.0,0.0,0.0,0.0,2834,0.0,0.0,0.0,0.0
2020-06-17,Tocantins,Rio dos Bois,0.0,0,0,0.0,0,0,0.0,0.0,0.0,0.0,2834,0.0,0.0,0.0,0.0
2020-06-16,Tocantins,Rio dos Bois,0.0,0,0,0.0,0,0,0.0,0.0,0.0,0.0,2834,0.0,0.0,0.0,0.0
2020-06-15,Tocantins,Rio dos Bois,0.0,0,0,0.0,0,0,0.0,0.0,0.0,0.0,2834,0.0,0.0,0.0,0.0
2020-06-14,Tocantins,Rio dos Bois,0.0,0,0,0.0,0,0,0.0,0.0,0.0,0.0,2834,0.0,0.0,0.0,0.0
2020-06-11,Tocantins,Rio dos Bois,0.0,0,0,0.0,0,0,0.0,0.0,0.0,0.0,2834,0.0,0.0,0.0,0.0
2020-06-10,Tocantins,Rio dos Bois,0.0,0,0,0.0,0,0,0.0,0.0,0.0,0.0,2834,0.0,0.0,0.0,0.0
2020-06-09,Tocantins,Rio dos Bois,0.0,0,0,0.0,0,0,0.0,0.0,0.0,0.0,2834,0.0,0.0,0.0,0.0
2020-06-08,Tocantins,Rio dos Bois,0.0,0,0,0.0,0,0,0.0,0.0,0.0,0.0,2834,0.0,0.0,0.0,0.0
2020-06-07,Tocantins,Rio dos Bois,0.0,0,0,0.0,0,0,0.0,0.0,0.0,0.0,2834,0.0,0.0,0.0,0.0
2020-06-06,Tocantins,Rio dos Bois,0.0,0,0,0.0,0,0,0.0,0.0,0.0,0.0,2834,0.0,0.0,0.0,0.0
2020-06-05,Tocantins,Rio dos Bois,0.0,0,0,0.0,0,0,0.0,0.0,0.0,0.0,2834,0.0,0.0,0.0,0.0
2020-06-03,Tocantins,Rio dos Bois,0.0,0,0,0.0,0,0,0.0,0.0,0.0,0.0,2834,0.0,0.0,0.0,0.0
2020-06-02,Tocantins,Rio dos Bois,0.0,0,0,0.0,0,0,0.0,0.0,0.0,0.0,2834,0.0,0.0,0.0,0.0
2020-06-01,Tocantins,Rio dos Bois,0.0,0,0,0.0,0,0,0.0,0.0,0.0,0.0,2834,0.0,0.0,0.0,0.0
2020-05-31,Tocantins,Rio dos Bois,0.0,0,0,0.0,0,0,0.0,0.0,0.0,0.0,2834,0.0,0.0,0.0,0.0
2020-05-30,Tocantins,Rio dos Bois,0.0,0,0,0.0,0,0,0.0,0.0,0.0,0.0,2834,0.0,0.0,0.0,0.0
2020-05-29,Tocantins,Rio dos Bois,0.0,0,0,0.0,0,0,0.0,0.0,0.0,0.0,2834,0.0,0.0,0.0,0.0
2020-05-28,Tocantins,Rio dos Bois,0.0,0,0,0.0,0,0,0.0,0.0,0.0,0.0,2834,0.0,0.0,0.0,0.0
2020-05-26,Tocantins,Rio dos Bois,0.0,0,0,0.0,0,0,0.0,0.0,0.0,0.0,2834,0.0,0.0,0.0,0.0
2020-05-25,Tocantins,Rio dos Bois,0.0,0,0,0.0,0,0,0.0,0.0,0.0,0.0,2834,0.0,0.0,0.0,0.0
2020-05-23,Tocantins,Rio dos Bois,0.0,0,0,0.0,0,0,0.0,0.0,0.0,0.0,2834,0.0,0.0,0.0,0.0
