date,state,city,1day_cases_100k,new_cases,new_deaths,new_deaths_100k,total_cases,total_deaths,cfr%,total_cases_100k,total_deaths_100k,%infected,population,7day_cases_100k,7day_cases_change,28day_cases_100k,28day_cases_change
2020-11-17,Tocantins,Sandolândia,0.0,0,0,0.0,146,4,2.74,4325.93,118.52,4.33,3375,59.26,-88.89,2637.05,0.0
2020-11-16,Tocantins,Sandolândia,0.0,0,0,0.0,146,4,2.74,4325.93,118.52,4.33,3375,148.15,0.0,2637.05,0.0
2020-11-15,Tocantins,Sandolândia,0.0,0,0,0.0,146,4,2.74,4325.93,118.52,4.33,3375,148.15,0.0,2637.05,-148.15
2020-11-14,Tocantins,Sandolândia,29.63,1,1,29.63,146,4,2.74,4325.93,118.52,4.33,3375,148.15,29.63,2785.2,29.63
2020-11-13,Tocantins,Sandolândia,0.0,0,0,0.0,145,3,2.07,4296.3,88.89,4.3,3375,118.52,0.0,2755.57,0.0
2020-11-12,Tocantins,Sandolândia,29.63,1,0,0.0,145,3,2.07,4296.3,88.89,4.3,3375,118.52,29.63,2755.57,-325.93
2020-11-11,Tocantins,Sandolândia,0.0,0,0,0.0,144,3,2.08,4266.67,88.89,4.27,3375,88.89,-59.26,3081.5,0.0
2020-11-10,Tocantins,Sandolândia,88.89,3,0,0.0,144,3,2.08,4266.67,88.89,4.27,3375,148.15,88.89,3081.5,88.89
2020-11-09,Tocantins,Sandolândia,0.0,0,0,0.0,141,3,2.13,4177.78,88.89,4.18,3375,59.26,0.0,2992.61,0.0
2020-11-08,Tocantins,Sandolândia,0.0,0,0,0.0,141,3,2.13,4177.78,88.89,4.18,3375,59.26,0.0,2992.61,-177.78
2020-11-07,Tocantins,Sandolândia,0.0,0,0,0.0,141,3,2.13,4177.78,88.89,4.18,3375,59.26,0.0,3170.39,0.0
2020-11-06,Tocantins,Sandolândia,0.0,0,0,0.0,141,3,2.13,4177.78,88.89,4.18,3375,59.26,0.0,3170.39,-88.89
2020-11-05,Tocantins,Sandolândia,0.0,0,0,0.0,141,3,2.13,4177.78,88.89,4.18,3375,59.26,-88.89,3259.28,0.0
2020-11-04,Tocantins,Sandolândia,59.26,2,0,0.0,141,3,2.13,4177.78,88.89,4.18,3375,148.15,-29.63,3259.28,59.26
2020-11-03,Tocantins,Sandolândia,0.0,0,0,0.0,139,3,2.16,4118.52,88.89,4.12,3375,177.78,-118.52,3200.02,29.63
2020-11-02,Tocantins,Sandolândia,0.0,0,0,0.0,139,3,2.16,4118.52,88.89,4.12,3375,296.3,-59.26,3170.39,-29.63
2020-11-01,Tocantins,Sandolândia,0.0,0,0,0.0,139,3,2.16,4118.52,88.89,4.12,3375,355.56,0.0,3200.02,0.0
2020-10-31,Tocantins,Sandolândia,0.0,0,0,0.0,139,3,2.16,4118.52,88.89,4.12,3375,355.56,0.0,3200.02,0.0
2020-10-30,Tocantins,Sandolândia,0.0,0,0,0.0,139,3,2.16,4118.52,88.89,4.12,3375,355.56,-148.15,3200.02,0.0
2020-10-29,Tocantins,Sandolândia,88.89,3,0,0.0,139,3,2.16,4118.52,88.89,4.12,3375,503.71,-1629.63,3200.02,59.26
2020-10-28,Tocantins,Sandolândia,88.89,3,0,0.0,136,3,2.21,4029.63,88.89,4.03,3375,2133.34,-118.52,3140.76,-177.78
2020-10-27,Tocantins,Sandolândia,118.52,4,0,0.0,133,3,2.26,3940.74,88.89,3.94,3375,2251.86,118.52,3318.54,88.89
2020-10-26,Tocantins,Sandolândia,59.26,2,0,0.0,129,3,2.33,3822.22,88.89,3.82,3375,2133.34,59.26,3229.65,59.26
2020-10-25,Tocantins,Sandolândia,0.0,0,0,0.0,127,3,2.36,3762.96,88.89,3.76,3375,2074.08,-148.15,3170.39,0.0
2020-10-24,Tocantins,Sandolândia,0.0,0,0,0.0,127,3,2.36,3762.96,88.89,3.76,3375,2222.23,0.0,3170.39,-29.63
2020-10-23,Tocantins,Sandolândia,148.15,5,0,0.0,127,3,2.36,3762.96,88.89,3.76,3375,2222.23,148.15,3200.02,148.15
2020-10-22,Tocantins,Sandolândia,1718.52,58,0,0.0,122,3,2.46,3614.81,88.89,3.61,3375,2074.08,1362.96,3051.87,1718.52
2020-10-08,Tocantins,Sandolândia,207.41,7,0,0.0,64,3,4.69,1896.3,88.89,1.9,3375,711.12,207.41,1333.35,207.41
2020-10-04,Tocantins,Sandolândia,0.0,0,0,0.0,57,3,5.26,1688.89,88.89,1.69,3375,503.71,0.0,1125.94,0.0
2020-10-02,Tocantins,Sandolândia,0.0,0,0,0.0,57,3,5.26,1688.89,88.89,1.69,3375,503.71,0.0,1125.94,0.0
2020-09-29,Tocantins,Sandolândia,148.15,5,0,0.0,57,3,5.26,1688.89,88.89,1.69,3375,503.71,-29.63,1125.94,118.52
2020-09-28,Tocantins,Sandolândia,0.0,0,0,0.0,52,3,5.77,1540.74,88.89,1.54,3375,533.34,0.0,1007.42,-29.63
2020-09-27,Tocantins,Sandolândia,0.0,0,0,0.0,52,3,5.77,1540.74,88.89,1.54,3375,533.34,-88.89,1037.05,0.0
2020-09-25,Tocantins,Sandolândia,355.56,12,0,0.0,52,3,5.77,1540.74,88.89,1.54,3375,622.23,355.56,1037.05,385.19
2020-09-21,Tocantins,Sandolândia,0.0,0,0,0.0,40,3,7.5,1185.19,88.89,1.19,3375,266.67,0.0,651.86,-29.63
2020-09-20,Tocantins,Sandolândia,0.0,0,0,0.0,40,3,7.5,1185.19,88.89,1.19,3375,266.67,29.63,681.49,0.0
2020-09-19,Tocantins,Sandolândia,0.0,0,0,0.0,40,3,7.5,1185.19,88.89,1.19,3375,237.04,-29.63,681.49,0.0
2020-09-18,Tocantins,Sandolândia,177.78,6,0,0.0,40,3,7.5,1185.19,88.89,1.19,3375,266.67,177.78,681.49,177.78
2020-09-15,Tocantins,Sandolândia,0.0,0,0,0.0,34,3,8.82,1007.41,88.89,1.01,3375,88.89,0.0,503.71,0.0
2020-09-14,Tocantins,Sandolândia,88.89,3,0,0.0,34,3,8.82,1007.41,88.89,1.01,3375,88.89,88.89,503.71,29.63
2020-09-13,Tocantins,Sandolândia,0.0,0,0,0.0,31,3,9.68,918.52,88.89,0.92,3375,0.0,-29.63,474.08,-29.63
2020-09-11,Tocantins,Sandolândia,0.0,0,0,0.0,31,3,9.68,918.52,88.89,0.92,3375,29.63,-266.67,503.71,0.0
2020-09-10,Tocantins,Sandolândia,-29.63,-1,0,0.0,31,3,9.68,918.52,88.89,0.92,3375,296.3,-59.26,503.71,-29.63
2020-09-09,Tocantins,Sandolândia,29.63,1,0,0.0,32,3,9.38,948.15,88.89,0.95,3375,355.56,29.63,533.34,29.63
2020-09-08,Tocantins,Sandolândia,0.0,0,0,0.0,31,3,9.68,918.52,88.89,0.92,3375,325.93,0.0,503.71,29.63
2020-09-07,Tocantins,Sandolândia,0.0,0,0,0.0,31,3,9.68,918.52,88.89,0.92,3375,325.93,-29.63,474.08,0.0
2020-09-06,Tocantins,Sandolândia,0.0,0,0,0.0,31,3,9.68,918.52,88.89,0.92,3375,355.56,0.0,474.08,0.0
2020-09-05,Tocantins,Sandolândia,29.63,1,0,0.0,31,3,9.68,918.52,88.89,0.92,3375,355.56,29.63,474.08,29.63
2020-09-04,Tocantins,Sandolândia,266.67,9,0,0.0,30,3,10.0,888.89,88.89,0.89,3375,325.93,266.67,444.45,266.67
2020-09-03,Tocantins,Sandolândia,29.63,1,0,0.0,21,3,14.29,622.22,88.89,0.62,3375,59.26,29.63,177.78,29.63
2020-09-02,Tocantins,Sandolândia,0.0,0,0,0.0,20,3,15.0,592.59,88.89,0.59,3375,29.63,0.0,148.15,-29.63
2020-09-01,Tocantins,Sandolândia,0.0,0,0,0.0,20,3,15.0,592.59,88.89,0.59,3375,29.63,-29.63,177.78,0.0
2020-08-31,Tocantins,Sandolândia,29.63,1,0,0.0,20,3,15.0,592.59,88.89,0.59,3375,59.26,0.0,177.78,0.0
2020-08-29,Tocantins,Sandolândia,0.0,0,0,0.0,19,3,15.79,562.96,88.89,0.56,3375,59.26,0.0,177.78,0.0
2020-08-27,Tocantins,Sandolândia,0.0,0,0,0.0,19,3,15.79,562.96,88.89,0.56,3375,59.26,29.63,177.78,0.0
2020-08-26,Tocantins,Sandolândia,0.0,0,0,0.0,19,3,15.79,562.96,88.89,0.56,3375,29.63,-29.63,177.78,0.0
2020-08-25,Tocantins,Sandolândia,0.0,0,0,0.0,19,3,15.79,562.96,88.89,0.56,3375,59.26,0.0,177.78,0.0
2020-08-24,Tocantins,Sandolândia,0.0,0,0,0.0,19,3,15.79,562.96,88.89,0.56,3375,59.26,0.0,177.78,0.0
2020-08-23,Tocantins,Sandolândia,29.63,1,0,0.0,19,3,15.79,562.96,88.89,0.56,3375,59.26,29.63,177.78,-29.63
2020-08-22,Tocantins,Sandolândia,29.63,1,1,29.63,18,3,16.67,533.33,88.89,0.53,3375,29.63,29.63,207.41,59.26
2020-08-21,Tocantins,Sandolândia,0.0,0,0,0.0,17,2,11.76,503.7,59.26,0.5,3375,0.0,-59.26,148.15,0.0
2020-08-20,Tocantins,Sandolândia,-29.63,-1,0,0.0,17,2,11.76,503.7,59.26,0.5,3375,59.26,-59.26,148.15,-29.63
2020-08-18,Tocantins,Sandolândia,29.63,1,0,0.0,18,2,11.11,533.33,59.26,0.53,3375,118.52,29.63,177.78,0.0
2020-08-17,Tocantins,Sandolândia,0.0,0,0,0.0,17,2,11.76,503.7,59.26,0.5,3375,88.89,0.0,177.78,0.0
2020-08-16,Tocantins,Sandolândia,0.0,0,0,0.0,17,2,11.76,503.7,59.26,0.5,3375,88.89,0.0,177.78,0.0
2020-08-15,Tocantins,Sandolândia,0.0,0,0,0.0,17,2,11.76,503.7,59.26,0.5,3375,88.89,29.63,177.78,0.0
2020-08-14,Tocantins,Sandolândia,0.0,0,0,0.0,17,2,11.76,503.7,59.26,0.5,3375,59.26,0.0,177.78,0.0
2020-08-13,Tocantins,Sandolândia,59.26,2,0,0.0,17,2,11.76,503.7,59.26,0.5,3375,59.26,59.26,177.78,59.26
2020-08-12,Tocantins,Sandolândia,29.63,1,0,0.0,15,2,13.33,444.44,59.26,0.44,3375,0.0,29.63,118.52,29.63
2020-08-11,Tocantins,Sandolândia,0.0,0,0,0.0,14,2,14.29,414.81,59.26,0.41,3375,-29.63,0.0,88.89,0.0
2020-08-10,Tocantins,Sandolândia,0.0,0,1,29.63,14,2,14.29,414.81,59.26,0.41,3375,-29.63,0.0,88.89,0.0
2020-08-08,Tocantins,Sandolândia,0.0,0,0,0.0,14,1,7.14,414.81,29.63,0.41,3375,-29.63,-29.63,88.89,-29.63
2020-08-07,Tocantins,Sandolândia,-29.63,-1,0,0.0,14,1,7.14,414.81,29.63,0.41,3375,0.0,-29.63,118.52,-59.26
2020-08-06,Tocantins,Sandolândia,0.0,0,0,0.0,15,1,6.67,444.44,29.63,0.44,3375,29.63,-29.63,177.78,0.0
2020-08-05,Tocantins,Sandolândia,0.0,0,1,29.63,15,1,6.67,444.44,29.63,0.44,3375,59.26,0.0,177.78,-29.63
2020-08-04,Tocantins,Sandolândia,0.0,0,0,0.0,15,0,0.0,444.44,0.0,0.44,3375,59.26,0.0,207.41,-29.63
2020-08-03,Tocantins,Sandolândia,0.0,0,0,0.0,15,0,0.0,444.44,0.0,0.44,3375,59.26,0.0,237.04,0.0
2020-08-02,Tocantins,Sandolândia,0.0,0,0,0.0,15,0,0.0,444.44,0.0,0.44,3375,59.26,0.0,237.04,0.0
2020-08-01,Tocantins,Sandolândia,29.63,1,0,0.0,15,0,0.0,444.44,0.0,0.44,3375,59.26,29.63,237.04,-29.63
2020-07-31,Tocantins,Sandolândia,0.0,0,0,0.0,14,0,0.0,414.81,0.0,0.41,3375,29.63,-59.26,266.67,0.0
2020-07-30,Tocantins,Sandolândia,29.63,1,0,0.0,14,0,0.0,414.81,0.0,0.41,3375,88.89,59.26,266.67,29.63
2020-07-29,Tocantins,Sandolândia,0.0,0,0,0.0,13,0,0.0,385.19,0.0,0.39,3375,29.63,0.0,237.04,0.0
2020-07-28,Tocantins,Sandolândia,0.0,0,0,0.0,13,0,0.0,385.19,0.0,0.39,3375,29.63,0.0,237.04,0.0
2020-07-27,Tocantins,Sandolândia,0.0,0,0,0.0,13,0,0.0,385.19,0.0,0.39,3375,29.63,-29.63,237.04,0.0
2020-07-26,Tocantins,Sandolândia,0.0,0,0,0.0,13,0,0.0,385.19,0.0,0.39,3375,59.26,0.0,237.04,0.0
2020-07-25,Tocantins,Sandolândia,0.0,0,0,0.0,13,0,0.0,385.19,0.0,0.39,3375,59.26,0.0,237.04,0.0
2020-07-24,Tocantins,Sandolândia,59.26,2,0,0.0,13,0,0.0,385.19,0.0,0.39,3375,59.26,59.26,237.04,59.26
2020-07-23,Tocantins,Sandolândia,-29.63,-1,0,0.0,11,0,0.0,325.93,0.0,0.33,3375,0.0,-29.63,177.78,-29.63
2020-07-22,Tocantins,Sandolândia,0.0,0,0,0.0,12,0,0.0,355.56,0.0,0.36,3375,29.63,0.0,207.41,0.0
2020-07-21,Tocantins,Sandolândia,0.0,0,0,0.0,12,0,0.0,355.56,0.0,0.36,3375,29.63,0.0,207.41,0.0
2020-07-20,Tocantins,Sandolândia,29.63,1,0,0.0,12,0,0.0,355.56,0.0,0.36,3375,29.63,29.63,207.41,29.63
2020-07-19,Tocantins,Sandolândia,0.0,0,0,0.0,11,0,0.0,325.93,0.0,0.33,3375,0.0,0.0,177.78,0.0
2020-07-18,Tocantins,Sandolândia,0.0,0,0,0.0,11,0,0.0,325.93,0.0,0.33,3375,0.0,-29.63,177.78,0.0
2020-07-16,Tocantins,Sandolândia,0.0,0,0,0.0,11,0,0.0,325.93,0.0,0.33,3375,29.63,-29.63,177.78,0.0
2020-07-15,Tocantins,Sandolândia,0.0,0,0,0.0,11,0,0.0,325.93,0.0,0.33,3375,59.26,0.0,177.78,0.0
2020-07-14,Tocantins,Sandolândia,0.0,0,0,0.0,11,0,0.0,325.93,0.0,0.33,3375,59.26,-29.63,177.78,0.0
2020-07-13,Tocantins,Sandolândia,0.0,0,0,0.0,11,0,0.0,325.93,0.0,0.33,3375,88.89,-29.63,177.78,0.0
2020-07-12,Tocantins,Sandolândia,0.0,0,0,0.0,11,0,0.0,325.93,0.0,0.33,3375,118.52,0.0,177.78,-59.26
2020-07-11,Tocantins,Sandolândia,0.0,0,0,0.0,11,0,0.0,325.93,0.0,0.33,3375,118.52,0.0,237.04,0.0
2020-07-10,Tocantins,Sandolândia,29.63,1,0,0.0,11,0,0.0,325.93,0.0,0.33,3375,118.52,-29.63,237.04,29.63
2020-07-09,Tocantins,Sandolândia,29.63,1,0,0.0,10,0,0.0,296.3,0.0,0.3,3375,148.15,29.63,207.41,29.63
2020-07-08,Tocantins,Sandolândia,0.0,0,0,0.0,9,0,0.0,266.67,0.0,0.27,3375,118.52,0.0,177.78,0.0
2020-07-07,Tocantins,Sandolândia,29.63,1,0,0.0,9,0,0.0,266.67,0.0,0.27,3375,118.52,29.63,177.78,29.63
2020-07-06,Tocantins,Sandolândia,29.63,1,0,0.0,8,0,0.0,237.04,0.0,0.24,3375,88.89,29.63,148.15,0.0
2020-07-05,Tocantins,Sandolândia,0.0,0,0,0.0,7,0,0.0,207.41,0.0,0.21,3375,59.26,0.0,148.15,-29.63
2020-07-04,Tocantins,Sandolândia,0.0,0,0,0.0,7,0,0.0,207.41,0.0,0.21,3375,59.26,0.0,177.78,0.0
2020-07-03,Tocantins,Sandolândia,59.26,2,0,0.0,7,0,0.0,207.41,0.0,0.21,3375,59.26,59.26,177.78,59.26
2020-07-02,Tocantins,Sandolândia,0.0,0,0,0.0,5,0,0.0,148.15,0.0,0.15,3375,0.0,0.0,118.52,-29.63
2020-07-01,Tocantins,Sandolândia,0.0,0,0,0.0,5,0,0.0,148.15,0.0,0.15,3375,0.0,0.0,148.15,0.0
2020-06-30,Tocantins,Sandolândia,0.0,0,0,0.0,5,0,0.0,148.15,0.0,0.15,3375,0.0,0.0,148.15,0.0
2020-06-29,Tocantins,Sandolândia,0.0,0,0,0.0,5,0,0.0,148.15,0.0,0.15,3375,0.0,0.0,148.15,0.0
2020-06-28,Tocantins,Sandolândia,0.0,0,0,0.0,5,0,0.0,148.15,0.0,0.15,3375,0.0,0.0,148.15,0.0
2020-06-27,Tocantins,Sandolândia,0.0,0,0,0.0,5,0,0.0,148.15,0.0,0.15,3375,0.0,0.0,148.15,0.0
2020-06-26,Tocantins,Sandolândia,0.0,0,0,0.0,5,0,0.0,148.15,0.0,0.15,3375,0.0,0.0,148.15,0.0
2020-06-25,Tocantins,Sandolândia,0.0,0,0,0.0,5,0,0.0,148.15,0.0,0.15,3375,0.0,0.0,148.15,0.0
2020-06-24,Tocantins,Sandolândia,0.0,0,0,0.0,5,0,0.0,148.15,0.0,0.15,3375,0.0,0.0,148.15,0.0
2020-06-23,Tocantins,Sandolândia,0.0,0,0,0.0,5,0,0.0,148.15,0.0,0.15,3375,0.0,0.0,148.15,0.0
2020-06-22,Tocantins,Sandolândia,0.0,0,0,0.0,5,0,0.0,148.15,0.0,0.15,3375,0.0,0.0,148.15,0.0
2020-06-21,Tocantins,Sandolândia,0.0,0,0,0.0,5,0,0.0,148.15,0.0,0.15,3375,0.0,-59.26,148.15,0.0
2020-06-20,Tocantins,Sandolândia,0.0,0,0,0.0,5,0,0.0,148.15,0.0,0.15,3375,59.26,0.0,148.15,0.0
2020-06-18,Tocantins,Sandolândia,0.0,0,0,0.0,5,0,0.0,148.15,0.0,0.15,3375,59.26,0.0,148.15,0.0
2020-06-17,Tocantins,Sandolândia,0.0,0,0,0.0,5,0,0.0,148.15,0.0,0.15,3375,59.26,0.0,148.15,0.0
2020-06-16,Tocantins,Sandolândia,0.0,0,0,0.0,5,0,0.0,148.15,0.0,0.15,3375,59.26,0.0,148.15,0.0
2020-06-15,Tocantins,Sandolândia,0.0,0,0,0.0,5,0,0.0,148.15,0.0,0.15,3375,59.26,0.0,148.15,0.0
2020-06-14,Tocantins,Sandolândia,0.0,0,0,0.0,5,0,0.0,148.15,0.0,0.15,3375,59.26,-29.63,148.15,0.0
2020-06-11,Tocantins,Sandolândia,59.26,2,0,0.0,5,0,0.0,148.15,0.0,0.15,3375,88.89,29.63,148.15,59.26
2020-06-10,Tocantins,Sandolândia,0.0,0,0,0.0,3,0,0.0,88.89,0.0,0.09,3375,59.26,0.0,88.89,0.0
2020-06-09,Tocantins,Sandolândia,0.0,0,0,0.0,3,0,0.0,88.89,0.0,0.09,3375,59.26,0.0,88.89,0.0
2020-06-08,Tocantins,Sandolândia,0.0,0,0,0.0,3,0,0.0,88.89,0.0,0.09,3375,59.26,-29.63,88.89,0.0
2020-06-07,Tocantins,Sandolândia,0.0,0,0,0.0,3,0,0.0,88.89,0.0,0.09,3375,88.89,0.0,88.89,0.0
2020-06-06,Tocantins,Sandolândia,0.0,0,0,0.0,3,0,0.0,88.89,0.0,0.09,3375,88.89,0.0,88.89,0.0
2020-06-05,Tocantins,Sandolândia,29.63,1,0,0.0,3,0,0.0,88.89,0.0,0.09,3375,88.89,29.63,88.89,29.63
2020-06-03,Tocantins,Sandolândia,29.63,1,0,0.0,2,0,0.0,59.26,0.0,0.06,3375,59.26,29.63,59.26,29.63
2020-06-02,Tocantins,Sandolândia,0.0,0,0,0.0,1,0,0.0,29.63,0.0,0.03,3375,29.63,0.0,29.63,0.0
2020-06-01,Tocantins,Sandolândia,0.0,0,0,0.0,1,0,0.0,29.63,0.0,0.03,3375,29.63,0.0,29.63,0.0
2020-05-31,Tocantins,Sandolândia,29.63,1,0,0.0,1,0,0.0,29.63,0.0,0.03,3375,29.63,29.63,29.63,29.63
2020-05-30,Tocantins,Sandolândia,0.0,0,0,0.0,0,0,0.0,0.0,0.0,0.0,3375,0.0,0.0,0.0,0.0
2020-05-29,Tocantins,Sandolândia,0.0,0,0,0.0,0,0,0.0,0.0,0.0,0.0,3375,0.0,0.0,0.0,0.0
2020-05-28,Tocantins,Sandolândia,0.0,0,0,0.0,0,0,0.0,0.0,0.0,0.0,3375,0.0,0.0,0.0,0.0
2020-05-26,Tocantins,Sandolândia,0.0,0,0,0.0,0,0,0.0,0.0,0.0,0.0,3375,0.0,0.0,0.0,0.0
2020-05-25,Tocantins,Sandolândia,0.0,0,0,0.0,0,0,0.0,0.0,0.0,0.0,3375,0.0,0.0,0.0,0.0
2020-05-23,Tocantins,Sandolândia,0.0,0,0,0.0,0,0,0.0,0.0,0.0,0.0,3375,0.0,0.0,0.0,0.0
