date,district,new_cases_100k,new_cases,new_deaths,new_deaths_100k,total_cases,total_deaths,cfr%,total_cases_100k,total_deaths_100k,%infected,population
2020-07-16,Dahod,0.75,16,0,0.0,199,2,1.01,9.36,0.09,0.01,2126558
2020-07-15,Dahod,0.56,12,0,0.0,183,2,1.09,8.61,0.09,0.01,2126558
2020-07-14,Dahod,0.89,19,0,0.0,171,2,1.17,8.04,0.09,0.01,2126558
2020-07-13,Dahod,0.75,16,0,0.0,152,2,1.32,7.15,0.09,0.01,2126558
2020-07-12,Dahod,0.42,9,0,0.0,136,2,1.47,6.4,0.09,0.01,2126558
2020-07-11,Dahod,0.14,3,1,0.05,127,2,1.57,5.97,0.09,0.01,2126558
2020-07-10,Dahod,0.38,8,0,0.0,124,1,0.81,5.83,0.05,0.01,2126558
2020-07-09,Dahod,0.61,13,0,0.0,116,1,0.86,5.45,0.05,0.01,2126558
2020-07-08,Dahod,0.85,18,0,0.0,103,1,0.97,4.84,0.05,0.0,2126558
2020-07-07,Dahod,0.28,6,0,0.0,85,1,1.18,4.0,0.05,0.0,2126558
2020-07-06,Dahod,0.24,5,0,0.0,79,1,1.27,3.71,0.05,0.0,2126558
2020-07-05,Dahod,0.38,8,0,0.0,74,1,1.35,3.48,0.05,0.0,2126558
2020-07-04,Dahod,0.05,1,0,0.0,66,1,1.52,3.1,0.05,0.0,2126558
2020-07-03,Dahod,0.05,1,0,0.0,65,1,1.54,3.06,0.05,0.0,2126558
2020-07-02,Dahod,0.14,3,0,0.0,64,1,1.56,3.01,0.05,0.0,2126558
2020-07-01,Dahod,0.09,2,1,0.05,61,1,1.64,2.87,0.05,0.0,2126558
2020-06-30,Dahod,0.0,0,0,0.0,59,0,0.0,2.77,0.0,0.0,2126558
2020-06-29,Dahod,0.0,0,0,0.0,59,0,0.0,2.77,0.0,0.0,2126558
2020-06-28,Dahod,0.0,0,0,0.0,59,0,0.0,2.77,0.0,0.0,2126558
2020-06-27,Dahod,0.09,2,0,0.0,59,0,0.0,2.77,0.0,0.0,2126558
2020-06-26,Dahod,0.09,2,0,0.0,57,0,0.0,2.68,0.0,0.0,2126558
2020-06-25,Dahod,0.05,1,0,0.0,55,0,0.0,2.59,0.0,0.0,2126558
2020-06-24,Dahod,0.05,1,0,0.0,54,0,0.0,2.54,0.0,0.0,2126558
2020-06-23,Dahod,0.05,1,0,0.0,53,0,0.0,2.49,0.0,0.0,2126558
2020-06-22,Dahod,0.0,0,0,0.0,52,0,0.0,2.45,0.0,0.0,2126558
2020-06-21,Dahod,0.05,1,0,0.0,52,0,0.0,2.45,0.0,0.0,2126558
2020-06-20,Dahod,0.0,0,0,0.0,51,0,0.0,2.4,0.0,0.0,2126558
2020-06-19,Dahod,0.09,2,0,0.0,51,0,0.0,2.4,0.0,0.0,2126558
2020-06-18,Dahod,0.0,0,0,0.0,49,0,0.0,2.3,0.0,0.0,2126558
2020-06-17,Dahod,0.05,1,0,0.0,49,0,0.0,2.3,0.0,0.0,2126558
2020-06-16,Dahod,0.0,0,0,0.0,48,0,0.0,2.26,0.0,0.0,2126558
2020-06-15,Dahod,0.0,0,0,0.0,48,0,0.0,2.26,0.0,0.0,2126558
2020-06-14,Dahod,0.0,0,0,0.0,48,0,0.0,2.26,0.0,0.0,2126558
2020-06-13,Dahod,0.0,0,0,0.0,48,0,0.0,2.26,0.0,0.0,2126558
2020-06-12,Dahod,0.0,0,0,0.0,48,0,0.0,2.26,0.0,0.0,2126558
2020-06-11,Dahod,0.09,2,0,0.0,48,0,0.0,2.26,0.0,0.0,2126558
2020-06-10,Dahod,0.0,0,0,0.0,46,0,0.0,2.16,0.0,0.0,2126558
2020-06-09,Dahod,0.0,0,0,0.0,46,0,0.0,2.16,0.0,0.0,2126558
2020-06-08,Dahod,0.0,0,0,0.0,46,0,0.0,2.16,0.0,0.0,2126558
2020-06-07,Dahod,0.05,1,0,0.0,46,0,0.0,2.16,0.0,0.0,2126558
2020-06-06,Dahod,0.0,0,0,0.0,45,0,0.0,2.12,0.0,0.0,2126558
2020-06-05,Dahod,0.0,0,0,0.0,45,0,0.0,2.12,0.0,0.0,2126558
2020-06-04,Dahod,0.19,4,0,0.0,45,0,0.0,2.12,0.0,0.0,2126558
2020-06-03,Dahod,0.05,1,0,0.0,41,0,0.0,1.93,0.0,0.0,2126558
2020-06-02,Dahod,0.19,4,0,0.0,40,0,0.0,1.88,0.0,0.0,2126558
2020-06-01,Dahod,0.0,0,0,0.0,36,0,0.0,1.69,0.0,0.0,2126558
2020-05-31,Dahod,0.0,0,0,0.0,36,0,0.0,1.69,0.0,0.0,2126558
2020-05-30,Dahod,0.0,0,0,0.0,36,0,0.0,1.69,0.0,0.0,2126558
2020-05-29,Dahod,0.0,0,0,0.0,36,0,0.0,1.69,0.0,0.0,2126558
2020-05-28,Dahod,0.0,0,0,0.0,36,0,0.0,1.69,0.0,0.0,2126558
2020-05-27,Dahod,0.0,0,0,0.0,36,0,0.0,1.69,0.0,0.0,2126558
2020-05-26,Dahod,0.0,0,0,0.0,36,0,0.0,1.69,0.0,0.0,2126558
2020-05-25,Dahod,0.0,0,0,0.0,36,0,0.0,1.69,0.0,0.0,2126558
2020-05-24,Dahod,0.19,4,0,0.0,36,0,0.0,1.69,0.0,0.0,2126558
2020-05-23,Dahod,0.0,0,0,0.0,32,0,0.0,1.5,0.0,0.0,2126558
2020-05-22,Dahod,0.0,0,0,0.0,32,0,0.0,1.5,0.0,0.0,2126558
2020-05-21,Dahod,0.14,3,0,0.0,32,0,0.0,1.5,0.0,0.0,2126558
2020-05-20,Dahod,0.05,1,0,0.0,29,0,0.0,1.36,0.0,0.0,2126558
2020-05-19,Dahod,0.0,0,0,0.0,28,0,0.0,1.32,0.0,0.0,2126558
2020-05-18,Dahod,0.19,4,0,0.0,28,0,0.0,1.32,0.0,0.0,2126558
2020-05-17,Dahod,0.09,2,0,0.0,24,0,0.0,1.13,0.0,0.0,2126558
2020-05-16,Dahod,0.09,2,0,0.0,22,0,0.0,1.03,0.0,0.0,2126558
2020-05-15,Dahod,0.0,0,0,0.0,20,0,0.0,0.94,0.0,0.0,2126558
2020-05-14,Dahod,0.0,0,0,0.0,20,0,0.0,0.94,0.0,0.0,2126558
2020-05-13,Dahod,0.0,0,0,0.0,20,0,0.0,0.94,0.0,0.0,2126558
2020-05-12,Dahod,0.0,0,0,0.0,20,0,0.0,0.94,0.0,0.0,2126558
2020-05-11,Dahod,0.0,0,0,0.0,20,0,0.0,0.94,0.0,0.0,2126558
2020-05-10,Dahod,0.0,0,0,0.0,20,0,0.0,0.94,0.0,0.0,2126558
2020-05-09,Dahod,0.05,1,0,0.0,20,0,0.0,0.94,0.0,0.0,2126558
2020-05-08,Dahod,0.0,0,0,0.0,19,0,0.0,0.89,0.0,0.0,2126558
2020-05-07,Dahod,0.19,4,0,0.0,19,0,0.0,0.89,0.0,0.0,2126558
2020-05-06,Dahod,0.09,2,0,0.0,15,0,0.0,0.71,0.0,0.0,2126558
2020-05-05,Dahod,0.0,0,0,0.0,13,0,0.0,0.61,0.0,0.0,2126558
2020-05-04,Dahod,0.28,6,0,0.0,13,0,0.0,0.61,0.0,0.0,2126558
2020-05-03,Dahod,0.05,1,0,0.0,7,0,0.0,0.33,0.0,0.0,2126558
2020-05-02,Dahod,0.05,1,0,0.0,6,0,0.0,0.28,0.0,0.0,2126558
2020-05-01,Dahod,0.0,0,0,0.0,5,0,0.0,0.24,0.0,0.0,2126558
2020-04-30,Dahod,0.05,1,0,0.0,5,0,0.0,0.24,0.0,0.0,2126558
2020-04-29,Dahod,0.0,0,0,0.0,4,0,0.0,0.19,0.0,0.0,2126558
2020-04-28,Dahod,0.0,0,0,0.0,4,0,0.0,0.19,0.0,0.0,2126558
2020-04-27,Dahod,0.0,0,0,0.0,4,0,0.0,0.19,0.0,0.0,2126558
2020-04-26,Dahod,0.19,4,0,0.0,4,0,0.0,0.19,0.0,0.0,2126558
