date,state,county,new_cases_100k,new_cases,new_deaths,new_deaths_100k,total_cases,total_deaths,cfr%,total_cases_100k,total_deaths_100k,%infected,population,pop_density
2020-08-09,New York,Chemung,0.0,0,0,0.0,171,2,1.17,202.96,2.37,0.2,84254,206.83
2020-08-08,New York,Chemung,3.56,3,0,0.0,171,2,1.17,202.96,2.37,0.2,84254,206.83
2020-08-07,New York,Chemung,3.56,3,0,0.0,168,2,1.19,199.4,2.37,0.2,84254,206.83
2020-08-06,New York,Chemung,0.0,0,-3,-3.56,165,2,1.21,195.84,2.37,0.2,84254,206.83
2020-08-05,New York,Chemung,2.37,2,0,0.0,165,5,3.03,195.84,5.93,0.2,84254,206.83
2020-08-04,New York,Chemung,0.0,0,0,0.0,163,5,3.07,193.46,5.93,0.19,84254,206.83
2020-08-03,New York,Chemung,0.0,0,0,0.0,163,5,3.07,193.46,5.93,0.19,84254,206.83
2020-08-02,New York,Chemung,0.0,0,0,0.0,163,5,3.07,193.46,5.93,0.19,84254,206.83
2020-08-01,New York,Chemung,0.0,0,0,0.0,163,5,3.07,193.46,5.93,0.19,84254,206.83
2020-07-31,New York,Chemung,1.19,1,0,0.0,163,5,3.07,193.46,5.93,0.19,84254,206.83
2020-07-30,New York,Chemung,1.19,1,0,0.0,162,5,3.09,192.28,5.93,0.19,84254,206.83
2020-07-29,New York,Chemung,1.19,1,0,0.0,161,5,3.11,191.09,5.93,0.19,84254,206.83
2020-07-28,New York,Chemung,0.0,0,0,0.0,160,5,3.12,189.9,5.93,0.19,84254,206.83
2020-07-27,New York,Chemung,0.0,0,0,0.0,160,5,3.12,189.9,5.93,0.19,84254,206.83
2020-07-26,New York,Chemung,0.0,0,0,0.0,160,5,3.12,189.9,5.93,0.19,84254,206.83
2020-07-25,New York,Chemung,2.37,2,0,0.0,160,5,3.12,189.9,5.93,0.19,84254,206.83
2020-07-24,New York,Chemung,1.19,1,0,0.0,158,5,3.16,187.53,5.93,0.19,84254,206.83
2020-07-23,New York,Chemung,1.19,1,0,0.0,157,5,3.18,186.34,5.93,0.19,84254,206.83
2020-07-22,New York,Chemung,1.19,1,0,0.0,156,5,3.21,185.15,5.93,0.19,84254,206.83
2020-07-21,New York,Chemung,0.0,0,0,0.0,155,5,3.23,183.97,5.93,0.18,84254,206.83
2020-07-20,New York,Chemung,1.19,1,0,0.0,155,5,3.23,183.97,5.93,0.18,84254,206.83
2020-07-19,New York,Chemung,1.19,1,0,0.0,154,5,3.25,182.78,5.93,0.18,84254,206.83
2020-07-18,New York,Chemung,2.37,2,0,0.0,153,5,3.27,181.59,5.93,0.18,84254,206.83
2020-07-17,New York,Chemung,0.0,0,0,0.0,151,5,3.31,179.22,5.93,0.18,84254,206.83
2020-07-16,New York,Chemung,0.0,0,0,0.0,151,5,3.31,179.22,5.93,0.18,84254,206.83
2020-07-15,New York,Chemung,2.37,2,0,0.0,151,5,3.31,179.22,5.93,0.18,84254,206.83
2020-07-14,New York,Chemung,1.19,1,0,0.0,149,5,3.36,176.85,5.93,0.18,84254,206.83
2020-07-13,New York,Chemung,0.0,0,0,0.0,148,5,3.38,175.66,5.93,0.18,84254,206.83
2020-07-12,New York,Chemung,0.0,0,0,0.0,148,5,3.38,175.66,5.93,0.18,84254,206.83
2020-07-11,New York,Chemung,0.0,0,0,0.0,148,5,3.38,175.66,5.93,0.18,84254,206.83
2020-07-10,New York,Chemung,0.0,0,0,0.0,148,5,3.38,175.66,5.93,0.18,84254,206.83
2020-07-09,New York,Chemung,1.19,1,0,0.0,148,5,3.38,175.66,5.93,0.18,84254,206.83
2020-07-08,New York,Chemung,0.0,0,0,0.0,147,5,3.4,174.47,5.93,0.17,84254,206.83
2020-07-07,New York,Chemung,1.19,1,0,0.0,147,5,3.4,174.47,5.93,0.17,84254,206.83
2020-07-06,New York,Chemung,0.0,0,0,0.0,146,5,3.42,173.29,5.93,0.17,84254,206.83
2020-07-05,New York,Chemung,0.0,0,0,0.0,146,5,3.42,173.29,5.93,0.17,84254,206.83
2020-07-04,New York,Chemung,1.19,1,0,0.0,146,5,3.42,173.29,5.93,0.17,84254,206.83
2020-07-03,New York,Chemung,1.19,1,0,0.0,145,5,3.45,172.1,5.93,0.17,84254,206.83
2020-07-02,New York,Chemung,0.0,0,0,0.0,144,5,3.47,170.91,5.93,0.17,84254,206.83
2020-07-01,New York,Chemung,3.56,3,0,0.0,144,5,3.47,170.91,5.93,0.17,84254,206.83
2020-06-30,New York,Chemung,1.19,1,0,0.0,141,5,3.55,167.35,5.93,0.17,84254,206.83
2020-06-29,New York,Chemung,0.0,0,0,0.0,140,5,3.57,166.16,5.93,0.17,84254,206.83
2020-06-28,New York,Chemung,1.19,1,0,0.0,140,5,3.57,166.16,5.93,0.17,84254,206.83
2020-06-27,New York,Chemung,0.0,0,0,0.0,139,5,3.6,164.98,5.93,0.16,84254,206.83
2020-06-26,New York,Chemung,0.0,0,0,0.0,139,5,3.6,164.98,5.93,0.16,84254,206.83
2020-06-25,New York,Chemung,0.0,0,0,0.0,139,5,3.6,164.98,5.93,0.16,84254,206.83
2020-06-24,New York,Chemung,0.0,0,0,0.0,139,5,3.6,164.98,5.93,0.16,84254,206.83
2020-06-23,New York,Chemung,0.0,0,0,0.0,139,5,3.6,164.98,5.93,0.16,84254,206.83
2020-06-22,New York,Chemung,0.0,0,0,0.0,139,5,3.6,164.98,5.93,0.16,84254,206.83
2020-06-21,New York,Chemung,0.0,0,0,0.0,139,5,3.6,164.98,5.93,0.16,84254,206.83
2020-06-20,New York,Chemung,0.0,0,0,0.0,139,5,3.6,164.98,5.93,0.16,84254,206.83
2020-06-19,New York,Chemung,1.19,1,0,0.0,139,5,3.6,164.98,5.93,0.16,84254,206.83
2020-06-18,New York,Chemung,0.0,0,0,0.0,138,5,3.62,163.79,5.93,0.16,84254,206.83
2020-06-17,New York,Chemung,0.0,0,0,0.0,138,5,3.62,163.79,5.93,0.16,84254,206.83
2020-06-16,New York,Chemung,0.0,0,0,0.0,138,5,3.62,163.79,5.93,0.16,84254,206.83
2020-06-15,New York,Chemung,0.0,0,0,0.0,138,5,3.62,163.79,5.93,0.16,84254,206.83
2020-06-14,New York,Chemung,0.0,0,0,0.0,138,5,3.62,163.79,5.93,0.16,84254,206.83
2020-06-13,New York,Chemung,0.0,0,0,0.0,138,5,3.62,163.79,5.93,0.16,84254,206.83
2020-06-12,New York,Chemung,0.0,0,0,0.0,138,5,3.62,163.79,5.93,0.16,84254,206.83
2020-06-11,New York,Chemung,0.0,0,0,0.0,138,5,3.62,163.79,5.93,0.16,84254,206.83
2020-06-10,New York,Chemung,0.0,0,0,0.0,138,5,3.62,163.79,5.93,0.16,84254,206.83
2020-06-09,New York,Chemung,1.19,1,0,0.0,138,5,3.62,163.79,5.93,0.16,84254,206.83
2020-06-08,New York,Chemung,0.0,0,0,0.0,137,5,3.65,162.6,5.93,0.16,84254,206.83
2020-06-07,New York,Chemung,0.0,0,0,0.0,137,5,3.65,162.6,5.93,0.16,84254,206.83
2020-06-06,New York,Chemung,0.0,0,0,0.0,137,5,3.65,162.6,5.93,0.16,84254,206.83
2020-06-05,New York,Chemung,0.0,0,0,0.0,137,5,3.65,162.6,5.93,0.16,84254,206.83
2020-06-04,New York,Chemung,0.0,0,0,0.0,137,5,3.65,162.6,5.93,0.16,84254,206.83
2020-06-03,New York,Chemung,0.0,0,0,0.0,137,5,3.65,162.6,5.93,0.16,84254,206.83
2020-06-02,New York,Chemung,0.0,0,0,0.0,137,5,3.65,162.6,5.93,0.16,84254,206.83
2020-06-01,New York,Chemung,0.0,0,0,0.0,137,5,3.65,162.6,5.93,0.16,84254,206.83
2020-05-31,New York,Chemung,0.0,0,0,0.0,137,5,3.65,162.6,5.93,0.16,84254,206.83
2020-05-30,New York,Chemung,0.0,0,0,0.0,137,5,3.65,162.6,5.93,0.16,84254,206.83
2020-05-29,New York,Chemung,1.19,1,0,0.0,137,5,3.65,162.6,5.93,0.16,84254,206.83
2020-05-28,New York,Chemung,0.0,0,0,0.0,136,5,3.68,161.42,5.93,0.16,84254,206.83
2020-05-27,New York,Chemung,0.0,0,0,0.0,136,5,3.68,161.42,5.93,0.16,84254,206.83
2020-05-26,New York,Chemung,0.0,0,0,0.0,136,5,3.68,161.42,5.93,0.16,84254,206.83
2020-05-25,New York,Chemung,0.0,0,0,0.0,136,5,3.68,161.42,5.93,0.16,84254,206.83
2020-05-24,New York,Chemung,0.0,0,0,0.0,136,5,3.68,161.42,5.93,0.16,84254,206.83
2020-05-23,New York,Chemung,1.19,1,0,0.0,136,5,3.68,161.42,5.93,0.16,84254,206.83
2020-05-22,New York,Chemung,1.19,1,0,0.0,135,5,3.7,160.23,5.93,0.16,84254,206.83
2020-05-21,New York,Chemung,0.0,0,0,0.0,134,5,3.73,159.04,5.93,0.16,84254,206.83
2020-05-20,New York,Chemung,0.0,0,0,0.0,134,5,3.73,159.04,5.93,0.16,84254,206.83
2020-05-19,New York,Chemung,0.0,0,0,0.0,134,5,3.73,159.04,5.93,0.16,84254,206.83
2020-05-18,New York,Chemung,0.0,0,0,0.0,134,5,3.73,159.04,5.93,0.16,84254,206.83
2020-05-17,New York,Chemung,0.0,0,0,0.0,134,5,3.73,159.04,5.93,0.16,84254,206.83
2020-05-16,New York,Chemung,1.19,1,0,0.0,134,5,3.73,159.04,5.93,0.16,84254,206.83
2020-05-15,New York,Chemung,1.19,1,0,0.0,133,5,3.76,157.86,5.93,0.16,84254,206.83
2020-05-14,New York,Chemung,0.0,0,0,0.0,132,5,3.79,156.67,5.93,0.16,84254,206.83
2020-05-13,New York,Chemung,1.19,1,0,0.0,132,5,3.79,156.67,5.93,0.16,84254,206.83
2020-05-12,New York,Chemung,0.0,0,0,0.0,131,5,3.82,155.48,5.93,0.16,84254,206.83
2020-05-11,New York,Chemung,0.0,0,0,0.0,131,5,3.82,155.48,5.93,0.16,84254,206.83
2020-05-10,New York,Chemung,0.0,0,0,0.0,131,5,3.82,155.48,5.93,0.16,84254,206.83
2020-05-09,New York,Chemung,1.19,1,0,0.0,131,5,3.82,155.48,5.93,0.16,84254,206.83
2020-05-08,New York,Chemung,1.19,1,1,1.19,130,5,3.85,154.3,5.93,0.15,84254,206.83
2020-05-07,New York,Chemung,1.19,1,0,0.0,129,4,3.1,153.11,4.75,0.15,84254,206.83
2020-05-06,New York,Chemung,2.37,2,1,1.19,128,4,3.12,151.92,4.75,0.15,84254,206.83
2020-05-05,New York,Chemung,0.0,0,0,0.0,126,3,2.38,149.55,3.56,0.15,84254,206.83
2020-05-04,New York,Chemung,1.19,1,0,0.0,126,3,2.38,149.55,3.56,0.15,84254,206.83
2020-05-03,New York,Chemung,1.19,1,0,0.0,125,3,2.4,148.36,3.56,0.15,84254,206.83
2020-05-02,New York,Chemung,1.19,1,0,0.0,124,3,2.42,147.17,3.56,0.15,84254,206.83
2020-05-01,New York,Chemung,1.19,1,0,0.0,123,3,2.44,145.99,3.56,0.15,84254,206.83
2020-04-30,New York,Chemung,3.56,3,0,0.0,122,3,2.46,144.8,3.56,0.14,84254,206.83
2020-04-29,New York,Chemung,7.12,6,0,0.0,119,3,2.52,141.24,3.56,0.14,84254,206.83
2020-04-28,New York,Chemung,5.93,5,0,0.0,113,3,2.65,134.12,3.56,0.13,84254,206.83
2020-04-27,New York,Chemung,2.37,2,0,0.0,108,3,2.78,128.18,3.56,0.13,84254,206.83
2020-04-26,New York,Chemung,3.56,3,0,0.0,106,3,2.83,125.81,3.56,0.13,84254,206.83
2020-04-25,New York,Chemung,28.49,24,0,0.0,103,3,2.91,122.25,3.56,0.12,84254,206.83
2020-04-24,New York,Chemung,3.56,3,0,0.0,79,3,3.8,93.76,3.56,0.09,84254,206.83
2020-04-23,New York,Chemung,1.19,1,1,1.19,76,3,3.95,90.2,3.56,0.09,84254,206.83
2020-04-22,New York,Chemung,0.0,0,0,0.0,75,2,2.67,89.02,2.37,0.09,84254,206.83
2020-04-21,New York,Chemung,2.37,2,0,0.0,75,2,2.67,89.02,2.37,0.09,84254,206.83
2020-04-20,New York,Chemung,0.0,0,0,0.0,73,2,2.74,86.64,2.37,0.09,84254,206.83
2020-04-19,New York,Chemung,1.19,1,0,0.0,73,2,2.74,86.64,2.37,0.09,84254,206.83
2020-04-18,New York,Chemung,1.19,1,0,0.0,72,2,2.78,85.46,2.37,0.09,84254,206.83
2020-04-17,New York,Chemung,1.19,1,0,0.0,71,2,2.82,84.27,2.37,0.08,84254,206.83
2020-04-16,New York,Chemung,1.19,1,0,0.0,70,2,2.86,83.08,2.37,0.08,84254,206.83
2020-04-15,New York,Chemung,5.93,5,0,0.0,69,2,2.9,81.9,2.37,0.08,84254,206.83
2020-04-14,New York,Chemung,4.75,4,0,0.0,64,2,3.12,75.96,2.37,0.08,84254,206.83
2020-04-13,New York,Chemung,0.0,0,0,0.0,60,2,3.33,71.21,2.37,0.07,84254,206.83
2020-04-12,New York,Chemung,0.0,0,0,0.0,60,2,3.33,71.21,2.37,0.07,84254,206.83
2020-04-11,New York,Chemung,1.19,1,0,0.0,60,2,3.33,71.21,2.37,0.07,84254,206.83
2020-04-10,New York,Chemung,0.0,0,0,0.0,59,2,3.39,70.03,2.37,0.07,84254,206.83
2020-04-09,New York,Chemung,4.75,4,1,1.19,59,2,3.39,70.03,2.37,0.07,84254,206.83
2020-04-08,New York,Chemung,7.12,6,1,1.19,55,1,1.82,65.28,1.19,0.07,84254,206.83
2020-04-07,New York,Chemung,2.37,2,0,0.0,49,0,0.0,58.16,0.0,0.06,84254,206.83
2020-04-06,New York,Chemung,10.68,9,0,0.0,47,0,0.0,55.78,0.0,0.06,84254,206.83
2020-04-05,New York,Chemung,2.37,2,0,0.0,38,0,0.0,45.1,0.0,0.05,84254,206.83
2020-04-04,New York,Chemung,16.62,14,0,0.0,36,0,0.0,42.73,0.0,0.04,84254,206.83
2020-04-03,New York,Chemung,0.0,0,0,0.0,22,0,0.0,26.11,0.0,0.03,84254,206.83
2020-04-02,New York,Chemung,0.0,0,0,0.0,22,0,0.0,26.11,0.0,0.03,84254,206.83
2020-04-01,New York,Chemung,2.37,2,0,0.0,22,0,0.0,26.11,0.0,0.03,84254,206.83
2020-03-31,New York,Chemung,5.93,5,0,0.0,20,0,0.0,23.74,0.0,0.02,84254,206.83
2020-03-30,New York,Chemung,0.0,0,0,0.0,15,0,0.0,17.8,0.0,0.02,84254,206.83
2020-03-29,New York,Chemung,3.56,3,0,0.0,15,0,0.0,17.8,0.0,0.02,84254,206.83
2020-03-28,New York,Chemung,1.19,1,0,0.0,12,0,0.0,14.24,0.0,0.01,84254,206.83
2020-03-27,New York,Chemung,4.75,4,0,0.0,11,0,0.0,13.06,0.0,0.01,84254,206.83
2020-03-26,New York,Chemung,7.12,6,0,0.0,7,0,0.0,8.31,0.0,0.01,84254,206.83
2020-03-25,New York,Chemung,0.0,0,0,0.0,1,0,0.0,1.19,0.0,0.0,84254,206.83
2020-03-24,New York,Chemung,0.0,0,0,0.0,1,0,0.0,1.19,0.0,0.0,84254,206.83
