Date,Country,New_Cases,Total_Cases,New_Deaths,Total_Deaths,New_Cases_Rate,New_Deaths_Rate,Total_Cases_Rate,Total_Deaths_Rate,Infected(%),CFR(%),Population,PopDensity (km2)
2020-01-22,Burkina Faso,0,0,0,0,0.0,0.0,0.0,0.0,0.0,0.0,20321383,74.27
2020-01-23,Burkina Faso,0,0,0,0,0.0,0.0,0.0,0.0,0.0,0.0,20321383,74.27
2020-01-24,Burkina Faso,0,0,0,0,0.0,0.0,0.0,0.0,0.0,0.0,20321383,74.27
2020-01-25,Burkina Faso,0,0,0,0,0.0,0.0,0.0,0.0,0.0,0.0,20321383,74.27
2020-01-26,Burkina Faso,0,0,0,0,0.0,0.0,0.0,0.0,0.0,0.0,20321383,74.27
2020-01-27,Burkina Faso,0,0,0,0,0.0,0.0,0.0,0.0,0.0,0.0,20321383,74.27
2020-01-28,Burkina Faso,0,0,0,0,0.0,0.0,0.0,0.0,0.0,0.0,20321383,74.27
2020-01-29,Burkina Faso,0,0,0,0,0.0,0.0,0.0,0.0,0.0,0.0,20321383,74.27
2020-01-30,Burkina Faso,0,0,0,0,0.0,0.0,0.0,0.0,0.0,0.0,20321383,74.27
2020-01-31,Burkina Faso,0,0,0,0,0.0,0.0,0.0,0.0,0.0,0.0,20321383,74.27
2020-02-01,Burkina Faso,0,0,0,0,0.0,0.0,0.0,0.0,0.0,0.0,20321383,74.27
2020-02-02,Burkina Faso,0,0,0,0,0.0,0.0,0.0,0.0,0.0,0.0,20321383,74.27
2020-02-03,Burkina Faso,0,0,0,0,0.0,0.0,0.0,0.0,0.0,0.0,20321383,74.27
2020-02-04,Burkina Faso,0,0,0,0,0.0,0.0,0.0,0.0,0.0,0.0,20321383,74.27
2020-02-05,Burkina Faso,0,0,0,0,0.0,0.0,0.0,0.0,0.0,0.0,20321383,74.27
2020-02-06,Burkina Faso,0,0,0,0,0.0,0.0,0.0,0.0,0.0,0.0,20321383,74.27
2020-02-07,Burkina Faso,0,0,0,0,0.0,0.0,0.0,0.0,0.0,0.0,20321383,74.27
2020-02-08,Burkina Faso,0,0,0,0,0.0,0.0,0.0,0.0,0.0,0.0,20321383,74.27
2020-02-09,Burkina Faso,0,0,0,0,0.0,0.0,0.0,0.0,0.0,0.0,20321383,74.27
2020-02-10,Burkina Faso,0,0,0,0,0.0,0.0,0.0,0.0,0.0,0.0,20321383,74.27
2020-02-11,Burkina Faso,0,0,0,0,0.0,0.0,0.0,0.0,0.0,0.0,20321383,74.27
2020-02-12,Burkina Faso,0,0,0,0,0.0,0.0,0.0,0.0,0.0,0.0,20321383,74.27
2020-02-13,Burkina Faso,0,0,0,0,0.0,0.0,0.0,0.0,0.0,0.0,20321383,74.27
2020-02-14,Burkina Faso,0,0,0,0,0.0,0.0,0.0,0.0,0.0,0.0,20321383,74.27
2020-02-15,Burkina Faso,0,0,0,0,0.0,0.0,0.0,0.0,0.0,0.0,20321383,74.27
2020-02-16,Burkina Faso,0,0,0,0,0.0,0.0,0.0,0.0,0.0,0.0,20321383,74.27
2020-02-17,Burkina Faso,0,0,0,0,0.0,0.0,0.0,0.0,0.0,0.0,20321383,74.27
2020-02-18,Burkina Faso,0,0,0,0,0.0,0.0,0.0,0.0,0.0,0.0,20321383,74.27
2020-02-19,Burkina Faso,0,0,0,0,0.0,0.0,0.0,0.0,0.0,0.0,20321383,74.27
2020-02-20,Burkina Faso,0,0,0,0,0.0,0.0,0.0,0.0,0.0,0.0,20321383,74.27
2020-02-21,Burkina Faso,0,0,0,0,0.0,0.0,0.0,0.0,0.0,0.0,20321383,74.27
2020-02-22,Burkina Faso,0,0,0,0,0.0,0.0,0.0,0.0,0.0,0.0,20321383,74.27
2020-02-23,Burkina Faso,0,0,0,0,0.0,0.0,0.0,0.0,0.0,0.0,20321383,74.27
2020-02-24,Burkina Faso,0,0,0,0,0.0,0.0,0.0,0.0,0.0,0.0,20321383,74.27
2020-02-25,Burkina Faso,0,0,0,0,0.0,0.0,0.0,0.0,0.0,0.0,20321383,74.27
2020-02-26,Burkina Faso,0,0,0,0,0.0,0.0,0.0,0.0,0.0,0.0,20321383,74.27
2020-02-27,Burkina Faso,0,0,0,0,0.0,0.0,0.0,0.0,0.0,0.0,20321383,74.27
2020-02-28,Burkina Faso,0,0,0,0,0.0,0.0,0.0,0.0,0.0,0.0,20321383,74.27
2020-02-29,Burkina Faso,0,0,0,0,0.0,0.0,0.0,0.0,0.0,0.0,20321383,74.27
2020-03-01,Burkina Faso,0,0,0,0,0.0,0.0,0.0,0.0,0.0,0.0,20321383,74.27
2020-03-02,Burkina Faso,0,0,0,0,0.0,0.0,0.0,0.0,0.0,0.0,20321383,74.27
2020-03-03,Burkina Faso,0,0,0,0,0.0,0.0,0.0,0.0,0.0,0.0,20321383,74.27
2020-03-04,Burkina Faso,0,0,0,0,0.0,0.0,0.0,0.0,0.0,0.0,20321383,74.27
2020-03-05,Burkina Faso,0,0,0,0,0.0,0.0,0.0,0.0,0.0,0.0,20321383,74.27
2020-03-06,Burkina Faso,0,0,0,0,0.0,0.0,0.0,0.0,0.0,0.0,20321383,74.27
2020-03-07,Burkina Faso,0,0,0,0,0.0,0.0,0.0,0.0,0.0,0.0,20321383,74.27
2020-03-08,Burkina Faso,0,0,0,0,0.0,0.0,0.0,0.0,0.0,0.0,20321383,74.27
2020-03-09,Burkina Faso,0,0,0,0,0.0,0.0,0.0,0.0,0.0,0.0,20321383,74.27
2020-03-10,Burkina Faso,1,1,0,0,0.0,0.0,0.0,0.0,0.0,0.0,20321383,74.27
2020-03-11,Burkina Faso,1,2,0,0,0.0,0.0,0.01,0.0,0.0,0.0,20321383,74.27
2020-03-12,Burkina Faso,0,2,0,0,0.0,0.0,0.01,0.0,0.0,0.0,20321383,74.27
2020-03-13,Burkina Faso,0,2,0,0,0.0,0.0,0.01,0.0,0.0,0.0,20321383,74.27
2020-03-14,Burkina Faso,0,2,0,0,0.0,0.0,0.01,0.0,0.0,0.0,20321383,74.27
2020-03-15,Burkina Faso,1,3,0,0,0.0,0.0,0.01,0.0,0.0,0.0,20321383,74.27
2020-03-16,Burkina Faso,12,15,0,0,0.06,0.0,0.07,0.0,0.0,0.0,20321383,74.27
2020-03-17,Burkina Faso,0,15,0,0,0.0,0.0,0.07,0.0,0.0,0.0,20321383,74.27
2020-03-18,Burkina Faso,5,20,1,1,0.02,0.0,0.1,0.0,0.0,5.0,20321383,74.27
2020-03-19,Burkina Faso,13,33,0,1,0.06,0.0,0.16,0.0,0.0,3.03,20321383,74.27
2020-03-20,Burkina Faso,7,40,0,1,0.03,0.0,0.2,0.0,0.0,2.5,20321383,74.27
2020-03-21,Burkina Faso,24,64,1,2,0.12,0.0,0.31,0.01,0.0,3.12,20321383,74.27
2020-03-22,Burkina Faso,11,75,2,4,0.05,0.01,0.37,0.02,0.0,5.33,20321383,74.27
2020-03-23,Burkina Faso,24,99,0,4,0.12,0.0,0.49,0.02,0.0,4.04,20321383,74.27
2020-03-24,Burkina Faso,15,114,0,4,0.07,0.0,0.56,0.02,0.0,3.51,20321383,74.27
2020-03-25,Burkina Faso,32,146,0,4,0.16,0.0,0.72,0.02,0.0,2.74,20321383,74.27
2020-03-26,Burkina Faso,6,152,3,7,0.03,0.01,0.75,0.03,0.0,4.61,20321383,74.27
2020-03-27,Burkina Faso,28,180,2,9,0.14,0.01,0.89,0.04,0.0,5.0,20321383,74.27
2020-03-28,Burkina Faso,27,207,2,11,0.13,0.01,1.02,0.05,0.0,5.31,20321383,74.27
2020-03-29,Burkina Faso,15,222,1,12,0.07,0.0,1.09,0.06,0.0,5.41,20321383,74.27
2020-03-30,Burkina Faso,24,246,0,12,0.12,0.0,1.21,0.06,0.0,4.88,20321383,74.27
2020-03-31,Burkina Faso,15,261,2,14,0.07,0.01,1.28,0.07,0.0,5.36,20321383,74.27
2020-04-01,Burkina Faso,21,282,2,16,0.1,0.01,1.39,0.08,0.0,5.67,20321383,74.27
2020-04-02,Burkina Faso,6,288,0,16,0.03,0.0,1.42,0.08,0.0,5.56,20321383,74.27
2020-04-03,Burkina Faso,14,302,0,16,0.07,0.0,1.49,0.08,0.0,5.3,20321383,74.27
2020-04-04,Burkina Faso,16,318,0,16,0.08,0.0,1.56,0.08,0.0,5.03,20321383,74.27
2020-04-05,Burkina Faso,27,345,1,17,0.13,0.0,1.7,0.08,0.0,4.93,20321383,74.27
2020-04-06,Burkina Faso,19,364,1,18,0.09,0.0,1.79,0.09,0.0,4.95,20321383,74.27
2020-04-07,Burkina Faso,20,384,1,19,0.1,0.0,1.89,0.09,0.0,4.95,20321383,74.27
2020-04-08,Burkina Faso,30,414,4,23,0.15,0.02,2.04,0.11,0.0,5.56,20321383,74.27
2020-04-09,Burkina Faso,29,443,1,24,0.14,0.0,2.18,0.12,0.0,5.42,20321383,74.27
2020-04-10,Burkina Faso,0,443,0,24,0.0,0.0,2.18,0.12,0.0,5.42,20321383,74.27
2020-04-11,Burkina Faso,41,484,3,27,0.2,0.01,2.38,0.13,0.0,5.58,20321383,74.27
2020-04-12,Burkina Faso,13,497,0,27,0.06,0.0,2.45,0.13,0.0,5.43,20321383,74.27
2020-04-13,Burkina Faso,0,497,0,27,0.0,0.0,2.45,0.13,0.0,5.43,20321383,74.27
2020-04-14,Burkina Faso,31,528,3,30,0.15,0.01,2.6,0.15,0.0,5.68,20321383,74.27
2020-04-15,Burkina Faso,14,542,2,32,0.07,0.01,2.67,0.16,0.0,5.9,20321383,74.27
2020-04-16,Burkina Faso,4,546,0,32,0.02,0.0,2.69,0.16,0.0,5.86,20321383,74.27
2020-04-17,Burkina Faso,11,557,3,35,0.05,0.01,2.74,0.17,0.0,6.28,20321383,74.27
2020-04-18,Burkina Faso,8,565,1,36,0.04,0.0,2.78,0.18,0.0,6.37,20321383,74.27
2020-04-19,Burkina Faso,11,576,0,36,0.05,0.0,2.83,0.18,0.0,6.25,20321383,74.27
2020-04-20,Burkina Faso,5,581,2,38,0.02,0.01,2.86,0.19,0.0,6.54,20321383,74.27
2020-04-21,Burkina Faso,19,600,0,38,0.09,0.0,2.95,0.19,0.0,6.33,20321383,74.27
2020-04-22,Burkina Faso,9,609,1,39,0.04,0.0,3.0,0.19,0.0,6.4,20321383,74.27
2020-04-23,Burkina Faso,7,616,2,41,0.03,0.01,3.03,0.2,0.0,6.66,20321383,74.27
2020-04-24,Burkina Faso,13,629,0,41,0.06,0.0,3.1,0.2,0.0,6.52,20321383,74.27
2020-04-25,Burkina Faso,0,629,0,41,0.0,0.0,3.1,0.2,0.0,6.52,20321383,74.27
2020-04-26,Burkina Faso,3,632,1,42,0.01,0.0,3.11,0.21,0.0,6.65,20321383,74.27
2020-04-27,Burkina Faso,3,635,0,42,0.01,0.0,3.12,0.21,0.0,6.61,20321383,74.27
2020-04-28,Burkina Faso,3,638,0,42,0.01,0.0,3.14,0.21,0.0,6.58,20321383,74.27
2020-04-29,Burkina Faso,3,641,1,43,0.01,0.0,3.15,0.21,0.0,6.71,20321383,74.27
2020-04-30,Burkina Faso,4,645,0,43,0.02,0.0,3.17,0.21,0.0,6.67,20321383,74.27
2020-05-01,Burkina Faso,4,649,1,44,0.02,0.0,3.19,0.22,0.0,6.78,20321383,74.27
2020-05-02,Burkina Faso,3,652,0,44,0.01,0.0,3.21,0.22,0.0,6.75,20321383,74.27
2020-05-03,Burkina Faso,10,662,1,45,0.05,0.0,3.26,0.22,0.0,6.8,20321383,74.27
2020-05-04,Burkina Faso,10,672,1,46,0.05,0.0,3.31,0.23,0.0,6.85,20321383,74.27
2020-05-05,Burkina Faso,16,688,2,48,0.08,0.01,3.39,0.24,0.0,6.98,20321383,74.27
2020-05-06,Burkina Faso,41,729,0,48,0.2,0.0,3.59,0.24,0.0,6.58,20321383,74.27
2020-05-07,Burkina Faso,7,736,0,48,0.03,0.0,3.62,0.24,0.0,6.52,20321383,74.27
2020-05-08,Burkina Faso,8,744,0,48,0.04,0.0,3.66,0.24,0.0,6.45,20321383,74.27
2020-05-09,Burkina Faso,4,748,0,48,0.02,0.0,3.68,0.24,0.0,6.42,20321383,74.27
2020-05-10,Burkina Faso,3,751,1,49,0.01,0.0,3.7,0.24,0.0,6.52,20321383,74.27
2020-05-11,Burkina Faso,9,760,1,50,0.04,0.0,3.74,0.25,0.0,6.58,20321383,74.27
2020-05-12,Burkina Faso,6,766,1,51,0.03,0.0,3.77,0.25,0.0,6.66,20321383,74.27
2020-05-13,Burkina Faso,7,773,0,51,0.03,0.0,3.8,0.25,0.0,6.6,20321383,74.27
2020-05-14,Burkina Faso,0,773,0,51,0.0,0.0,3.8,0.25,0.0,6.6,20321383,74.27
2020-05-15,Burkina Faso,7,780,0,51,0.03,0.0,3.84,0.25,0.0,6.54,20321383,74.27
2020-05-16,Burkina Faso,2,782,0,51,0.01,0.0,3.85,0.25,0.0,6.52,20321383,74.27
2020-05-17,Burkina Faso,14,796,0,51,0.07,0.0,3.92,0.25,0.0,6.41,20321383,74.27
2020-05-18,Burkina Faso,0,796,0,51,0.0,0.0,3.92,0.25,0.0,6.41,20321383,74.27
2020-05-19,Burkina Faso,0,796,0,51,0.0,0.0,3.92,0.25,0.0,6.41,20321383,74.27
2020-05-20,Burkina Faso,13,809,1,52,0.06,0.0,3.98,0.26,0.0,6.43,20321383,74.27
2020-05-21,Burkina Faso,3,812,0,52,0.01,0.0,4.0,0.26,0.0,6.4,20321383,74.27
2020-05-22,Burkina Faso,2,814,0,52,0.01,0.0,4.01,0.26,0.0,6.39,20321383,74.27
2020-05-23,Burkina Faso,0,814,0,52,0.0,0.0,4.01,0.26,0.0,6.39,20321383,74.27
2020-05-24,Burkina Faso,0,814,0,52,0.0,0.0,4.01,0.26,0.0,6.39,20321383,74.27
2020-05-25,Burkina Faso,18,832,0,52,0.09,0.0,4.09,0.26,0.0,6.25,20321383,74.27
2020-05-26,Burkina Faso,0,832,0,52,0.0,0.0,4.09,0.26,0.0,6.25,20321383,74.27
2020-05-27,Burkina Faso,13,845,1,53,0.06,0.0,4.16,0.26,0.0,6.27,20321383,74.27
2020-05-28,Burkina Faso,2,847,0,53,0.01,0.0,4.17,0.26,0.0,6.26,20321383,74.27
2020-05-29,Burkina Faso,0,847,0,53,0.0,0.0,4.17,0.26,0.0,6.26,20321383,74.27
2020-05-30,Burkina Faso,0,847,0,53,0.0,0.0,4.17,0.26,0.0,6.26,20321383,74.27
2020-05-31,Burkina Faso,0,847,0,53,0.0,0.0,4.17,0.26,0.0,6.26,20321383,74.27
2020-06-01,Burkina Faso,0,847,0,53,0.0,0.0,4.17,0.26,0.0,6.26,20321383,74.27
2020-06-02,Burkina Faso,34,881,0,53,0.17,0.0,4.34,0.26,0.0,6.02,20321383,74.27
2020-06-03,Burkina Faso,3,884,0,53,0.01,0.0,4.35,0.26,0.0,6.0,20321383,74.27
2020-06-04,Burkina Faso,1,885,0,53,0.0,0.0,4.36,0.26,0.0,5.99,20321383,74.27
2020-06-05,Burkina Faso,3,888,0,53,0.01,0.0,4.37,0.26,0.0,5.97,20321383,74.27
2020-06-06,Burkina Faso,0,888,0,53,0.0,0.0,4.37,0.26,0.0,5.97,20321383,74.27
2020-06-07,Burkina Faso,1,889,0,53,0.0,0.0,4.37,0.26,0.0,5.96,20321383,74.27
2020-06-08,Burkina Faso,1,890,0,53,0.0,0.0,4.38,0.26,0.0,5.96,20321383,74.27
2020-06-09,Burkina Faso,1,891,0,53,0.0,0.0,4.38,0.26,0.0,5.95,20321383,74.27
2020-06-10,Burkina Faso,0,891,0,53,0.0,0.0,4.38,0.26,0.0,5.95,20321383,74.27
2020-06-11,Burkina Faso,1,892,0,53,0.0,0.0,4.39,0.26,0.0,5.94,20321383,74.27
2020-06-12,Burkina Faso,0,892,0,53,0.0,0.0,4.39,0.26,0.0,5.94,20321383,74.27
2020-06-13,Burkina Faso,0,892,0,53,0.0,0.0,4.39,0.26,0.0,5.94,20321383,74.27
2020-06-14,Burkina Faso,2,894,0,53,0.01,0.0,4.4,0.26,0.0,5.93,20321383,74.27
2020-06-15,Burkina Faso,0,894,0,53,0.0,0.0,4.4,0.26,0.0,5.93,20321383,74.27
2020-06-16,Burkina Faso,1,895,0,53,0.0,0.0,4.4,0.26,0.0,5.92,20321383,74.27
2020-06-17,Burkina Faso,4,899,0,53,0.02,0.0,4.42,0.26,0.0,5.9,20321383,74.27
2020-06-18,Burkina Faso,0,899,0,53,0.0,0.0,4.42,0.26,0.0,5.9,20321383,74.27
2020-06-19,Burkina Faso,1,900,0,53,0.0,0.0,4.43,0.26,0.0,5.89,20321383,74.27
2020-06-20,Burkina Faso,1,901,0,53,0.0,0.0,4.43,0.26,0.0,5.88,20321383,74.27
2020-06-21,Burkina Faso,2,903,0,53,0.01,0.0,4.44,0.26,0.0,5.87,20321383,74.27
2020-06-22,Burkina Faso,0,903,0,53,0.0,0.0,4.44,0.26,0.0,5.87,20321383,74.27
2020-06-23,Burkina Faso,4,907,0,53,0.02,0.0,4.46,0.26,0.0,5.84,20321383,74.27
2020-06-24,Burkina Faso,12,919,0,53,0.06,0.0,4.52,0.26,0.0,5.77,20321383,74.27
2020-06-25,Burkina Faso,15,934,0,53,0.07,0.0,4.6,0.26,0.0,5.67,20321383,74.27
2020-06-26,Burkina Faso,7,941,0,53,0.03,0.0,4.63,0.26,0.0,5.63,20321383,74.27
2020-06-27,Burkina Faso,0,941,0,53,0.0,0.0,4.63,0.26,0.0,5.63,20321383,74.27
2020-06-28,Burkina Faso,18,959,0,53,0.09,0.0,4.72,0.26,0.0,5.53,20321383,74.27
2020-06-29,Burkina Faso,0,959,0,53,0.0,0.0,4.72,0.26,0.0,5.53,20321383,74.27
2020-06-30,Burkina Faso,3,962,0,53,0.01,0.0,4.73,0.26,0.0,5.51,20321383,74.27
2020-07-01,Burkina Faso,0,962,0,53,0.0,0.0,4.73,0.26,0.0,5.51,20321383,74.27
2020-07-02,Burkina Faso,5,967,0,53,0.02,0.0,4.76,0.26,0.0,5.48,20321383,74.27
2020-07-03,Burkina Faso,13,980,0,53,0.06,0.0,4.82,0.26,0.0,5.41,20321383,74.27
2020-07-04,Burkina Faso,7,987,0,53,0.03,0.0,4.86,0.26,0.0,5.37,20321383,74.27
2020-07-05,Burkina Faso,0,987,0,53,0.0,0.0,4.86,0.26,0.0,5.37,20321383,74.27
2020-07-06,Burkina Faso,13,1000,0,53,0.06,0.0,4.92,0.26,0.0,5.3,20321383,74.27
2020-07-07,Burkina Faso,3,1003,0,53,0.01,0.0,4.94,0.26,0.0,5.28,20321383,74.27
2020-07-08,Burkina Faso,0,1003,0,53,0.0,0.0,4.94,0.26,0.0,5.28,20321383,74.27
