LAD20CD,date,local_authority,1day_cases_100k,new_cases,total_cases,total_cases_100k,%infected,population,7day_cases_100k,7day_cases_change,28day_cases_100k,28day_cases_change
E09000002,2020-08-24,Barking and Dagenham,0.0,0,834,391.72,0.39,212906,6.11,-2.82,42.3,-1.41
E09000002,2020-08-23,Barking and Dagenham,0.0,0,834,391.72,0.39,212906,8.93,-1.88,43.71,-3.29
E09000002,2020-08-22,Barking and Dagenham,0.0,0,834,391.72,0.39,212906,10.81,-0.94,47.0,-0.47
E09000002,2020-08-21,Barking and Dagenham,1.41,3,834,391.72,0.39,212906,11.75,0.94,47.47,1.41
E09000002,2020-08-20,Barking and Dagenham,2.35,5,831,390.31,0.39,212906,10.81,-2.35,46.06,1.41
E09000002,2020-08-19,Barking and Dagenham,0.0,0,826,387.96,0.39,212906,13.16,-3.29,44.65,-1.41
E09000002,2020-08-18,Barking and Dagenham,2.35,5,826,387.96,0.39,212906,16.45,0.47,46.06,1.41
E09000002,2020-08-17,Barking and Dagenham,2.82,6,821,385.62,0.39,212906,15.98,0.94,44.65,1.88
E09000002,2020-08-16,Barking and Dagenham,1.88,4,815,382.8,0.38,212906,15.04,1.41,42.77,1.88
E09000002,2020-08-15,Barking and Dagenham,0.94,2,811,380.92,0.38,212906,13.63,-0.47,40.89,0.47
E09000002,2020-08-14,Barking and Dagenham,0.47,1,809,379.98,0.38,212906,14.1,0.0,40.42,0.0
E09000002,2020-08-13,Barking and Dagenham,4.7,10,808,379.51,0.38,212906,14.1,4.23,40.42,4.23
E09000002,2020-08-12,Barking and Dagenham,3.29,7,798,374.81,0.37,212906,9.87,0.47,36.19,1.41
E09000002,2020-08-11,Barking and Dagenham,1.88,4,791,371.53,0.37,212906,9.4,0.94,34.78,0.94
E09000002,2020-08-10,Barking and Dagenham,1.88,4,787,369.65,0.37,212906,8.46,1.41,33.84,1.41
E09000002,2020-08-09,Barking and Dagenham,0.47,1,783,367.77,0.37,212906,7.05,-0.47,32.43,0.0
E09000002,2020-08-08,Barking and Dagenham,1.41,3,782,367.3,0.37,212906,7.52,0.47,32.43,1.41
E09000002,2020-08-07,Barking and Dagenham,0.47,1,779,365.89,0.37,212906,7.05,0.0,31.02,0.0
E09000002,2020-08-06,Barking and Dagenham,0.47,1,778,365.42,0.37,212906,7.05,-1.41,31.02,0.47
E09000002,2020-08-05,Barking and Dagenham,2.82,6,777,364.95,0.36,212906,8.46,-1.41,30.55,1.41
E09000002,2020-08-04,Barking and Dagenham,0.94,2,771,362.13,0.36,212906,9.87,-1.88,29.14,0.47
E09000002,2020-08-03,Barking and Dagenham,0.47,1,769,361.19,0.36,212906,11.75,-0.94,28.67,0.47
E09000002,2020-08-02,Barking and Dagenham,0.94,2,768,360.72,0.36,212906,12.69,-2.35,28.2,0.94
E09000002,2020-08-01,Barking and Dagenham,0.94,2,766,359.78,0.36,212906,15.04,0.47,27.26,0.94
E09000002,2020-07-31,Barking and Dagenham,0.47,1,764,358.84,0.36,212906,14.57,0.47,26.32,0.47
E09000002,2020-07-30,Barking and Dagenham,1.88,4,763,358.37,0.36,212906,14.1,0.94,25.85,1.88
E09000002,2020-07-29,Barking and Dagenham,4.23,9,759,356.5,0.36,212906,13.16,2.82,23.97,3.29
E09000002,2020-07-28,Barking and Dagenham,2.82,6,750,352.27,0.35,212906,10.34,1.88,20.68,1.88
E09000002,2020-07-27,Barking and Dagenham,1.41,3,744,349.45,0.35,212906,8.46,0.47,18.8,0.47
E09000002,2020-07-26,Barking and Dagenham,3.29,7,741,348.04,0.35,212906,7.99,3.29,18.33,3.29
E09000002,2020-07-25,Barking and Dagenham,0.47,1,734,344.75,0.34,212906,4.7,0.0,15.04,0.0
E09000002,2020-07-24,Barking and Dagenham,0.0,0,733,344.28,0.34,212906,4.7,-0.47,15.04,-1.41
E09000002,2020-07-23,Barking and Dagenham,0.94,2,733,344.28,0.34,212906,5.17,0.47,16.45,0.0
E09000002,2020-07-22,Barking and Dagenham,1.41,3,731,343.34,0.34,212906,4.7,-0.47,16.45,-0.47
E09000002,2020-07-21,Barking and Dagenham,0.94,2,728,341.93,0.34,212906,5.17,0.0,16.92,0.47
E09000002,2020-07-20,Barking and Dagenham,0.94,2,726,341.0,0.34,212906,5.17,0.47,16.45,0.47
E09000002,2020-07-19,Barking and Dagenham,0.0,0,724,340.06,0.34,212906,4.7,-0.47,15.98,-0.94
E09000002,2020-07-18,Barking and Dagenham,0.47,1,724,340.06,0.34,212906,5.17,0.47,16.92,0.47
E09000002,2020-07-17,Barking and Dagenham,0.47,1,723,339.59,0.34,212906,4.7,0.0,16.45,0.47
E09000002,2020-07-16,Barking and Dagenham,0.47,1,722,339.12,0.34,212906,4.7,0.47,15.98,0.47
E09000002,2020-07-15,Barking and Dagenham,1.88,4,721,338.65,0.34,212906,4.23,0.47,15.51,0.94
E09000002,2020-07-14,Barking and Dagenham,0.94,2,717,336.77,0.34,212906,3.76,0.47,14.57,0.94
E09000002,2020-07-13,Barking and Dagenham,0.47,1,715,335.83,0.34,212906,3.29,0.47,13.63,0.0
E09000002,2020-07-12,Barking and Dagenham,0.47,1,714,335.36,0.34,212906,2.82,0.47,13.63,0.0
E09000002,2020-07-11,Barking and Dagenham,0.0,0,713,334.89,0.33,212906,2.35,0.0,13.63,-0.94
E09000002,2020-07-10,Barking and Dagenham,0.47,1,713,334.89,0.33,212906,2.35,0.47,14.57,-0.94
E09000002,2020-07-09,Barking and Dagenham,0.0,0,712,334.42,0.33,212906,1.88,0.0,15.51,-0.47
E09000002,2020-07-08,Barking and Dagenham,1.41,3,712,334.42,0.33,212906,1.88,0.47,15.98,1.41
E09000002,2020-07-07,Barking and Dagenham,0.47,1,709,333.01,0.33,212906,1.41,-0.47,14.57,0.47
E09000002,2020-07-06,Barking and Dagenham,0.0,0,708,332.54,0.33,212906,1.88,-0.94,14.1,-0.47
E09000002,2020-07-05,Barking and Dagenham,0.0,0,708,332.54,0.33,212906,2.82,0.0,14.57,0.0
E09000002,2020-07-04,Barking and Dagenham,0.0,0,708,332.54,0.33,212906,2.82,-0.47,14.57,0.0
E09000002,2020-07-03,Barking and Dagenham,0.0,0,708,332.54,0.33,212906,3.29,-1.41,14.57,0.0
E09000002,2020-07-02,Barking and Dagenham,0.0,0,708,332.54,0.33,212906,4.7,-0.94,14.57,-0.94
E09000002,2020-07-01,Barking and Dagenham,0.94,2,708,332.54,0.33,212906,5.64,-0.94,15.51,-0.94
E09000002,2020-06-30,Barking and Dagenham,0.94,2,706,331.6,0.33,212906,6.58,0.47,16.45,0.47
E09000002,2020-06-29,Barking and Dagenham,0.94,2,704,330.66,0.33,212906,6.11,0.47,15.98,0.0
E09000002,2020-06-28,Barking and Dagenham,0.0,0,702,329.72,0.33,212906,5.64,-0.94,15.98,0.0
E09000002,2020-06-27,Barking and Dagenham,0.47,1,702,329.72,0.33,212906,6.58,0.47,15.98,0.47
E09000002,2020-06-26,Barking and Dagenham,1.41,3,701,329.25,0.33,212906,6.11,1.41,15.51,1.41
E09000002,2020-06-25,Barking and Dagenham,0.94,2,698,327.84,0.33,212906,4.7,0.94,14.1,-0.94
E09000002,2020-06-24,Barking and Dagenham,1.88,4,696,326.9,0.33,212906,3.76,0.94,15.04,1.88
E09000002,2020-06-23,Barking and Dagenham,0.47,1,692,325.03,0.33,212906,2.82,0.47,13.16,-1.41
E09000002,2020-06-22,Barking and Dagenham,0.47,1,691,324.56,0.32,212906,2.35,0.0,14.57,-0.94
E09000002,2020-06-21,Barking and Dagenham,0.94,2,690,324.09,0.32,212906,2.35,0.47,15.51,0.94
E09000002,2020-06-20,Barking and Dagenham,0.0,0,688,323.15,0.32,212906,1.88,-0.94,14.57,-0.94
E09000002,2020-06-19,Barking and Dagenham,0.0,0,688,323.15,0.32,212906,2.82,-1.41,15.51,-0.47
E09000002,2020-06-18,Barking and Dagenham,0.0,0,688,323.15,0.32,212906,4.23,-0.47,15.98,-1.88
E09000002,2020-06-17,Barking and Dagenham,0.94,2,688,323.15,0.32,212906,4.7,0.94,17.86,-0.94
E09000002,2020-06-16,Barking and Dagenham,0.0,0,686,322.21,0.32,212906,3.76,0.0,18.8,-2.35
E09000002,2020-06-15,Barking and Dagenham,0.47,1,686,322.21,0.32,212906,3.76,0.0,21.15,-0.47
E09000002,2020-06-14,Barking and Dagenham,0.47,1,685,321.74,0.32,212906,3.76,0.47,21.62,0.0
E09000002,2020-06-13,Barking and Dagenham,0.94,2,684,321.27,0.32,212906,3.29,0.94,21.62,0.0
E09000002,2020-06-12,Barking and Dagenham,1.41,3,682,320.33,0.32,212906,2.35,1.41,21.62,0.94
E09000002,2020-06-11,Barking and Dagenham,0.47,1,679,318.92,0.32,212906,0.94,-0.47,20.68,-0.47
E09000002,2020-06-10,Barking and Dagenham,0.0,0,678,318.45,0.32,212906,1.41,-1.88,21.15,-5.17
E09000002,2020-06-09,Barking and Dagenham,0.0,0,678,318.45,0.32,212906,3.29,-0.47,26.32,-1.41
E09000002,2020-06-08,Barking and Dagenham,0.47,1,678,318.45,0.32,212906,3.76,-0.47,27.73,-2.82
E09000002,2020-06-07,Barking and Dagenham,0.0,0,677,317.98,0.32,212906,4.23,0.0,30.55,-3.29
E09000002,2020-06-06,Barking and Dagenham,0.0,0,677,317.98,0.32,212906,4.23,0.0,33.84,-1.88
E09000002,2020-06-05,Barking and Dagenham,0.0,0,677,317.98,0.32,212906,4.23,0.0,35.72,-2.82
E09000002,2020-06-04,Barking and Dagenham,0.94,2,677,317.98,0.32,212906,4.23,-0.94,38.54,-1.88
E09000002,2020-06-03,Barking and Dagenham,1.88,4,675,317.04,0.32,212906,5.17,1.88,40.42,0.0
E09000002,2020-06-02,Barking and Dagenham,0.47,1,671,315.16,0.32,212906,3.29,-1.41,40.42,-2.35
E09000002,2020-06-01,Barking and Dagenham,0.94,2,670,314.69,0.31,212906,4.7,-0.47,42.77,-0.94
E09000002,2020-05-31,Barking and Dagenham,0.0,0,668,313.75,0.31,212906,5.17,0.0,43.71,-3.76
E09000002,2020-05-30,Barking and Dagenham,0.0,0,668,313.75,0.31,212906,5.17,-0.94,47.47,-2.82
E09000002,2020-05-29,Barking and Dagenham,0.0,0,668,313.75,0.31,212906,6.11,-0.47,50.29,-5.17
E09000002,2020-05-28,Barking and Dagenham,1.88,4,668,313.75,0.31,212906,6.58,0.0,55.46,-0.47
E09000002,2020-05-27,Barking and Dagenham,0.0,0,664,311.87,0.31,212906,6.58,-1.88,55.93,-3.29
E09000002,2020-05-26,Barking and Dagenham,1.88,4,664,311.87,0.31,212906,8.46,-0.47,59.22,-0.94
E09000002,2020-05-25,Barking and Dagenham,1.41,3,660,310.0,0.31,212906,8.93,0.47,60.16,-2.35
E09000002,2020-05-24,Barking and Dagenham,0.0,0,657,308.59,0.31,212906,8.46,-0.47,62.51,-4.7
E09000002,2020-05-23,Barking and Dagenham,0.94,2,657,308.59,0.31,212906,8.93,0.0,67.21,-2.35
E09000002,2020-05-22,Barking and Dagenham,0.47,1,655,307.65,0.31,212906,8.93,0.0,69.56,-0.94
E09000002,2020-05-21,Barking and Dagenham,1.88,4,654,307.18,0.31,212906,8.93,0.94,70.5,-3.29
E09000002,2020-05-20,Barking and Dagenham,1.88,4,650,305.3,0.31,212906,7.99,-3.29,73.79,-2.35
E09000002,2020-05-19,Barking and Dagenham,2.35,5,646,303.42,0.3,212906,11.28,0.94,76.14,-4.23
E09000002,2020-05-18,Barking and Dagenham,0.94,2,641,301.07,0.3,212906,10.34,-2.35,80.37,-2.35
E09000002,2020-05-17,Barking and Dagenham,0.47,1,639,300.13,0.3,212906,12.69,-2.82,82.72,-6.58
E09000002,2020-05-16,Barking and Dagenham,0.94,2,638,299.66,0.3,212906,15.51,-0.94,89.3,-2.35
E09000002,2020-05-15,Barking and Dagenham,0.47,1,636,298.72,0.3,212906,16.45,-2.35,91.65,-4.23
E09000002,2020-05-14,Barking and Dagenham,0.94,2,635,298.25,0.3,212906,18.8,-1.88,95.88,-4.7
E09000002,2020-05-13,Barking and Dagenham,5.17,11,633,297.31,0.3,212906,20.68,3.29,100.58,-0.47
E09000002,2020-05-12,Barking and Dagenham,1.41,3,622,292.15,0.29,212906,17.39,-1.41,101.05,-5.17
E09000002,2020-05-11,Barking and Dagenham,3.29,7,619,290.74,0.29,212906,18.8,1.41,106.22,-5.16
E09000002,2020-05-10,Barking and Dagenham,3.29,7,612,287.45,0.29,212906,17.39,-0.47,111.38,-5.16
E09000002,2020-05-09,Barking and Dagenham,1.88,4,605,284.16,0.28,212906,17.86,-0.94,116.54,-2.35
E09000002,2020-05-08,Barking and Dagenham,2.82,6,601,282.28,0.28,212906,18.8,-2.35,118.89,-2.35
E09000002,2020-05-07,Barking and Dagenham,2.82,6,595,279.47,0.28,212906,21.15,0.47,121.24,-4.23
E09000002,2020-05-06,Barking and Dagenham,1.88,4,589,276.65,0.28,212906,20.68,-1.41,125.47,-8.45
E09000002,2020-05-05,Barking and Dagenham,2.82,6,585,274.77,0.27,212906,22.09,0.0,133.92,-7.51
E09000002,2020-05-04,Barking and Dagenham,1.88,4,579,271.95,0.27,212906,22.09,-1.88,141.43,-3.76
E09000002,2020-05-03,Barking and Dagenham,3.76,8,575,270.07,0.27,212906,23.97,-0.94,145.19,-5.16
E09000002,2020-05-02,Barking and Dagenham,2.82,6,567,266.31,0.27,212906,24.91,-0.47,150.35,-5.16
E09000002,2020-05-01,Barking and Dagenham,5.17,11,561,263.5,0.26,212906,25.38,3.76,155.51,-3.28
E09000002,2020-04-30,Barking and Dagenham,2.35,5,550,258.33,0.26,212906,21.62,-2.82,158.79,-9.86
E09000002,2020-04-29,Barking and Dagenham,3.29,7,545,255.98,0.26,212906,24.44,-0.94,168.65,-7.04
E09000002,2020-04-28,Barking and Dagenham,2.82,6,538,252.69,0.25,212906,25.38,-3.76,175.69,-6.1
E09000002,2020-04-27,Barking and Dagenham,3.76,8,532,249.88,0.25,212906,29.14,0.47,181.79,-1.41
E09000002,2020-04-26,Barking and Dagenham,4.7,10,524,246.12,0.25,212906,28.67,-2.35,183.2,-0.47
E09000002,2020-04-25,Barking and Dagenham,3.29,7,514,241.42,0.24,212906,31.02,0.0,183.67,-1.88
E09000002,2020-04-24,Barking and Dagenham,1.41,3,507,238.13,0.24,212906,31.02,-3.29,185.55,-4.23
E09000002,2020-04-23,Barking and Dagenham,5.17,11,504,236.72,0.24,212906,34.31,-0.47,189.78,1.88
E09000002,2020-04-22,Barking and Dagenham,4.23,9,493,231.56,0.23,212906,34.78,-1.41,187.9,-0.94
E09000002,2020-04-21,Barking and Dagenham,6.58,14,484,227.33,0.23,212906,36.19,0.0,188.84,0.94
E09000002,2020-04-20,Barking and Dagenham,3.29,7,470,220.75,0.22,212906,36.19,-5.16,187.9,-1.88
E09000002,2020-04-19,Barking and Dagenham,7.05,15,463,217.47,0.22,212906,41.35,-1.4,189.78,3.76
E09000002,2020-04-18,Barking and Dagenham,3.29,7,448,210.42,0.21,212906,42.75,-0.94,186.02,-1.41
E09000002,2020-04-17,Barking and Dagenham,4.7,10,441,207.13,0.21,212906,43.69,-0.47,187.43,0.47
E09000002,2020-04-16,Barking and Dagenham,5.64,12,431,202.44,0.2,212906,44.16,-1.41,186.96,3.76
E09000002,2020-04-15,Barking and Dagenham,5.64,12,419,196.8,0.2,212906,45.57,-4.69,183.2,3.29
E09000002,2020-04-14,Barking and Dagenham,6.58,14,407,191.16,0.19,212906,50.26,-3.75,179.91,4.23
E09000002,2020-04-13,Barking and Dagenham,8.45,18,393,184.59,0.18,212906,54.01,2.81,175.68,6.57
E09000002,2020-04-12,Barking and Dagenham,8.45,18,375,176.13,0.18,212906,51.2,-0.47,169.11,6.57
E09000002,2020-04-11,Barking and Dagenham,4.23,9,357,167.68,0.17,212906,51.67,-3.75,162.54,3.29
E09000002,2020-04-10,Barking and Dagenham,5.17,11,348,163.45,0.16,212906,55.42,-3.28,159.25,4.7
E09000002,2020-04-09,Barking and Dagenham,7.05,15,337,158.29,0.16,212906,58.7,-5.16,154.55,5.17
E09000002,2020-04-08,Barking and Dagenham,10.33,22,322,151.24,0.15,212906,63.86,0.0,149.38,9.86
E09000002,2020-04-07,Barking and Dagenham,10.33,22,300,140.91,0.14,212906,63.86,1.41,139.52,10.33
E09000002,2020-04-06,Barking and Dagenham,5.64,12,278,130.57,0.13,212906,62.45,0.47,129.19,5.17
E09000002,2020-04-05,Barking and Dagenham,8.92,19,266,124.94,0.12,212906,61.98,3.75,124.02,8.45
E09000002,2020-04-04,Barking and Dagenham,7.98,17,247,116.01,0.12,212906,58.23,2.81,115.57,7.98
E09000002,2020-04-03,Barking and Dagenham,8.45,18,230,108.03,0.11,212906,55.42,2.81,107.59,8.45
E09000002,2020-04-02,Barking and Dagenham,12.21,26,212,99.57,0.1,212906,52.61,8.92,99.14,12.21
E09000002,2020-04-01,Barking and Dagenham,10.33,22,186,87.36,0.09,212906,43.69,5.16,86.93,10.33
E09000002,2020-03-31,Barking and Dagenham,8.92,19,164,77.03,0.08,212906,38.53,3.28,76.6,8.92
E09000002,2020-03-30,Barking and Dagenham,5.17,11,145,68.11,0.07,212906,35.25,0.0,67.68,5.17
E09000002,2020-03-29,Barking and Dagenham,5.17,11,134,62.94,0.06,212906,35.25,1.88,62.51,4.7
E09000002,2020-03-28,Barking and Dagenham,5.17,11,123,57.77,0.06,212906,33.37,0.47,57.81,5.17
E09000002,2020-03-27,Barking and Dagenham,5.64,12,112,52.61,0.05,212906,32.9,1.41,52.64,5.64
E09000002,2020-03-26,Barking and Dagenham,3.29,7,100,46.97,0.05,212906,31.49,1.41,47.0,3.29
E09000002,2020-03-25,Barking and Dagenham,5.17,11,93,43.68,0.04,212906,30.08,2.82,43.71,5.17
E09000002,2020-03-24,Barking and Dagenham,5.64,12,82,38.51,0.04,212906,27.26,3.29,38.54,5.64
E09000002,2020-03-23,Barking and Dagenham,5.17,11,70,32.88,0.03,212906,23.97,3.29,32.9,5.17
E09000002,2020-03-22,Barking and Dagenham,3.29,7,59,27.71,0.03,212906,20.68,1.41,27.73,3.29
E09000002,2020-03-21,Barking and Dagenham,4.7,10,52,24.42,0.02,212906,19.27,3.76,24.44,4.7
E09000002,2020-03-20,Barking and Dagenham,4.23,9,42,19.73,0.02,212906,15.51,3.76,19.74,4.23
E09000002,2020-03-19,Barking and Dagenham,1.88,4,33,15.5,0.02,212906,11.75,0.0,15.51,1.88
E09000002,2020-03-18,Barking and Dagenham,2.35,5,29,13.62,0.01,212906,11.75,1.88,13.63,2.35
E09000002,2020-03-17,Barking and Dagenham,2.35,5,24,11.27,0.01,212906,9.87,2.35,11.28,2.35
E09000002,2020-03-16,Barking and Dagenham,1.88,4,19,8.92,0.01,212906,7.52,1.41,8.93,1.88
E09000002,2020-03-15,Barking and Dagenham,1.88,4,15,7.05,0.01,212906,6.11,1.41,7.05,1.88
E09000002,2020-03-14,Barking and Dagenham,0.94,2,11,5.17,0.01,212906,4.7,0.94,5.17,0.94
E09000002,2020-03-13,Barking and Dagenham,0.47,1,9,4.23,0.0,212906,3.76,0.47,4.23,0.47
E09000002,2020-03-12,Barking and Dagenham,1.88,4,8,3.76,0.0,212906,3.29,1.88,3.76,1.88
E09000002,2020-03-11,Barking and Dagenham,0.47,1,4,1.88,0.0,212906,1.41,0.47,1.88,0.47
E09000002,2020-03-10,Barking and Dagenham,0.0,0,3,1.41,0.0,212906,0.94,0.0,1.41,0.0
E09000002,2020-03-09,Barking and Dagenham,0.47,1,3,1.41,0.0,212906,0.94,0.47,1.41,0.47
E09000002,2020-03-08,Barking and Dagenham,0.47,1,2,0.94,0.0,212906,0.47,0.0,0.94,0.47
E09000002,2020-03-07,Barking and Dagenham,0.0,0,1,0.47,0.0,212906,0.47,0.0,0.47,0.0
E09000002,2020-03-06,Barking and Dagenham,0.0,0,1,0.47,0.0,212906,0.47,0.0,0.47,0.0
E09000002,2020-03-05,Barking and Dagenham,0.0,0,1,0.47,0.0,212906,0.47,0.0,0.47,0.0
E09000002,2020-03-04,Barking and Dagenham,0.0,0,1,0.47,0.0,212906,0.47,0.0,0.47,0.0
E09000002,2020-03-03,Barking and Dagenham,0.0,0,1,0.47,0.0,212906,0.47,0.0,0.47,0.0
E09000002,2020-03-02,Barking and Dagenham,0.0,0,1,0.47,0.0,212906,0.47,0.0,0.47,0.0
E09000002,2020-03-01,Barking and Dagenham,0.47,1,1,0.47,0.0,212906,0.47,0.47,0.47,0.47
