LAD20CD,date,local_authority,1day_cases_100k,new_cases,total_cases,total_cases_100k,%infected,population,7day_cases_100k,7day_cases_change,28day_cases_100k,28day_cases_change
E07000144,2020-09-14,Broadland,0.0,0,454,347.14,0.35,130783,4.59,-1.53,21.38,0.0
E07000144,2020-09-13,Broadland,0.0,0,454,347.14,0.35,130783,6.12,-0.76,21.38,0.0
E07000144,2020-09-12,Broadland,1.53,2,454,347.14,0.35,130783,6.88,0.77,21.38,1.53
E07000144,2020-09-11,Broadland,0.0,0,452,345.61,0.35,130783,6.11,-1.53,19.85,-2.29
E07000144,2020-09-10,Broadland,1.53,2,452,345.61,0.35,130783,7.64,-1.53,22.14,0.77
E07000144,2020-09-09,Broadland,0.0,0,450,344.08,0.34,130783,9.17,-2.29,21.37,-0.76
E07000144,2020-09-08,Broadland,1.53,2,450,344.08,0.34,130783,11.46,0.77,22.13,1.53
E07000144,2020-09-07,Broadland,1.53,2,448,342.55,0.34,130783,10.69,0.77,20.6,1.53
E07000144,2020-09-06,Broadland,0.76,1,446,341.02,0.34,130783,9.92,0.76,19.07,0.76
E07000144,2020-09-05,Broadland,0.76,1,445,340.26,0.34,130783,9.16,0.76,18.31,0.76
E07000144,2020-09-04,Broadland,1.53,2,444,339.49,0.34,130783,8.4,0.77,17.55,1.53
E07000144,2020-09-03,Broadland,3.06,4,442,337.96,0.34,130783,7.63,3.06,16.02,2.3
E07000144,2020-09-02,Broadland,2.29,3,438,334.91,0.33,130783,4.57,1.53,13.72,-0.77
E07000144,2020-09-01,Broadland,0.76,1,435,332.61,0.33,130783,3.04,-0.77,14.49,-1.53
E07000144,2020-08-31,Broadland,0.76,1,434,331.85,0.33,130783,3.81,0.76,16.02,0.0
E07000144,2020-08-30,Broadland,0.0,0,433,331.08,0.33,130783,3.05,0.0,16.02,0.0
E07000144,2020-08-29,Broadland,0.0,0,433,331.08,0.33,130783,3.05,0.0,16.02,0.0
E07000144,2020-08-28,Broadland,0.76,1,433,331.08,0.33,130783,3.05,0.76,16.02,0.76
E07000144,2020-08-27,Broadland,0.0,0,432,330.32,0.33,130783,2.29,-1.53,15.26,0.0
E07000144,2020-08-26,Broadland,0.76,1,432,330.32,0.33,130783,3.82,0.76,15.26,-0.77
E07000144,2020-08-25,Broadland,1.53,2,431,329.55,0.33,130783,3.06,0.77,16.03,1.53
E07000144,2020-08-24,Broadland,0.0,0,429,328.02,0.33,130783,2.29,0.0,14.5,0.0
E07000144,2020-08-23,Broadland,0.0,0,429,328.02,0.33,130783,2.29,0.0,14.5,0.0
E07000144,2020-08-22,Broadland,0.0,0,429,328.02,0.33,130783,2.29,0.0,14.5,0.0
E07000144,2020-08-21,Broadland,0.0,0,429,328.02,0.33,130783,2.29,-2.29,14.5,0.0
E07000144,2020-08-20,Broadland,1.53,2,429,328.02,0.33,130783,4.58,0.77,14.5,1.53
E07000144,2020-08-19,Broadland,0.0,0,427,326.5,0.33,130783,3.81,-0.76,12.97,0.0
E07000144,2020-08-18,Broadland,0.76,1,427,326.5,0.33,130783,4.57,0.76,12.97,0.0
E07000144,2020-08-17,Broadland,0.0,0,426,325.73,0.33,130783,3.81,0.0,12.97,0.0
E07000144,2020-08-16,Broadland,0.0,0,426,325.73,0.33,130783,3.81,0.0,12.97,0.0
E07000144,2020-08-15,Broadland,0.0,0,426,325.73,0.33,130783,3.81,0.0,12.97,0.0
E07000144,2020-08-14,Broadland,2.29,3,426,325.73,0.33,130783,3.81,2.29,12.97,2.29
E07000144,2020-08-13,Broadland,0.76,1,423,323.44,0.32,130783,1.52,0.0,10.68,-0.77
E07000144,2020-08-12,Broadland,0.76,1,422,322.67,0.32,130783,1.52,-2.3,11.45,0.76
E07000144,2020-08-11,Broadland,0.0,0,421,321.91,0.32,130783,3.82,-2.29,10.69,0.0
E07000144,2020-08-10,Broadland,0.0,0,421,321.91,0.32,130783,6.11,-0.76,10.69,0.0
E07000144,2020-08-09,Broadland,0.0,0,421,321.91,0.32,130783,6.87,0.0,10.69,0.0
E07000144,2020-08-08,Broadland,0.0,0,421,321.91,0.32,130783,6.87,0.0,10.69,0.0
E07000144,2020-08-07,Broadland,0.0,0,421,321.91,0.32,130783,6.87,0.0,10.69,0.0
E07000144,2020-08-06,Broadland,0.76,1,421,321.91,0.32,130783,6.87,0.76,10.69,0.76
E07000144,2020-08-05,Broadland,3.06,4,420,321.14,0.32,130783,6.11,1.53,9.93,2.3
E07000144,2020-08-04,Broadland,2.29,3,416,318.08,0.32,130783,4.58,2.29,7.63,2.29
E07000144,2020-08-03,Broadland,0.76,1,413,315.79,0.32,130783,2.29,0.76,5.34,0.76
E07000144,2020-08-02,Broadland,0.0,0,412,315.03,0.32,130783,1.53,0.0,4.58,0.0
E07000144,2020-08-01,Broadland,0.0,0,412,315.03,0.32,130783,1.53,0.0,4.58,-0.76
E07000144,2020-07-31,Broadland,0.0,0,412,315.03,0.32,130783,1.53,0.0,5.34,-0.76
E07000144,2020-07-30,Broadland,0.0,0,412,315.03,0.32,130783,1.53,0.0,6.1,0.0
E07000144,2020-07-29,Broadland,1.53,2,412,315.03,0.32,130783,1.53,1.53,6.1,1.53
E07000144,2020-07-28,Broadland,0.0,0,410,313.5,0.31,130783,0.0,-0.76,4.57,0.0
E07000144,2020-07-27,Broadland,0.0,0,410,313.5,0.31,130783,0.76,0.0,4.57,0.0
E07000144,2020-07-26,Broadland,0.0,0,410,313.5,0.31,130783,0.76,0.0,4.57,0.0
E07000144,2020-07-25,Broadland,0.0,0,410,313.5,0.31,130783,0.76,0.0,4.57,-0.76
E07000144,2020-07-24,Broadland,0.0,0,410,313.5,0.31,130783,0.76,0.0,5.33,-0.76
E07000144,2020-07-23,Broadland,0.0,0,410,313.5,0.31,130783,0.76,-1.53,6.09,0.0
E07000144,2020-07-22,Broadland,0.0,0,410,313.5,0.31,130783,2.29,0.0,6.09,0.0
E07000144,2020-07-21,Broadland,0.76,1,410,313.5,0.31,130783,2.29,0.76,6.09,0.0
E07000144,2020-07-20,Broadland,0.0,0,409,312.73,0.31,130783,1.53,0.0,6.09,0.0
E07000144,2020-07-19,Broadland,0.0,0,409,312.73,0.31,130783,1.53,0.0,6.09,-2.29
E07000144,2020-07-18,Broadland,0.0,0,409,312.73,0.31,130783,1.53,0.0,8.38,-1.53
E07000144,2020-07-17,Broadland,0.0,0,409,312.73,0.31,130783,1.53,0.0,9.91,-0.76
E07000144,2020-07-16,Broadland,1.53,2,409,312.73,0.31,130783,1.53,1.53,10.67,-3.06
E07000144,2020-07-15,Broadland,0.0,0,407,311.2,0.31,130783,0.0,-0.76,13.73,-1.53
E07000144,2020-07-14,Broadland,0.0,0,407,311.2,0.31,130783,0.76,0.0,15.26,0.0
E07000144,2020-07-13,Broadland,0.0,0,407,311.2,0.31,130783,0.76,0.0,15.26,0.0
E07000144,2020-07-12,Broadland,0.0,0,407,311.2,0.31,130783,0.76,0.0,15.26,0.0
E07000144,2020-07-11,Broadland,0.0,0,407,311.2,0.31,130783,0.76,-0.76,15.26,0.0
E07000144,2020-07-10,Broadland,0.0,0,407,311.2,0.31,130783,1.52,-0.76,15.26,-0.76
E07000144,2020-07-09,Broadland,0.0,0,407,311.2,0.31,130783,2.28,0.0,16.02,-0.76
E07000144,2020-07-08,Broadland,0.76,1,407,311.2,0.31,130783,2.28,0.76,16.78,-11.47
E07000144,2020-07-07,Broadland,0.0,0,406,310.44,0.31,130783,1.52,0.0,28.25,-2.29
E07000144,2020-07-06,Broadland,0.0,0,406,310.44,0.31,130783,1.52,0.0,30.54,0.0
E07000144,2020-07-05,Broadland,0.0,0,406,310.44,0.31,130783,1.52,0.0,30.54,0.0
E07000144,2020-07-04,Broadland,0.76,1,406,310.44,0.31,130783,1.52,0.0,30.54,0.76
E07000144,2020-07-03,Broadland,0.76,1,405,309.67,0.31,130783,1.52,0.0,29.78,0.0
E07000144,2020-07-02,Broadland,0.0,0,404,308.91,0.31,130783,1.52,0.0,29.78,-4.59
E07000144,2020-07-01,Broadland,0.0,0,404,308.91,0.31,130783,1.52,0.0,34.37,-2.29
E07000144,2020-06-30,Broadland,0.0,0,404,308.91,0.31,130783,1.52,-0.76,36.66,0.0
E07000144,2020-06-29,Broadland,0.0,0,404,308.91,0.31,130783,2.28,0.0,36.66,-2.29
E07000144,2020-06-28,Broadland,0.0,0,404,308.91,0.31,130783,2.28,-2.29,38.95,0.0
E07000144,2020-06-27,Broadland,0.76,1,404,308.91,0.31,130783,4.57,-0.77,38.95,0.76
E07000144,2020-06-26,Broadland,0.76,1,403,308.14,0.31,130783,5.34,0.0,38.19,-1.53
E07000144,2020-06-25,Broadland,0.0,0,402,307.38,0.31,130783,5.34,-4.59,39.72,-0.76
E07000144,2020-06-24,Broadland,0.0,0,402,307.38,0.31,130783,9.93,-1.53,40.48,-0.76
E07000144,2020-06-23,Broadland,0.76,1,402,307.38,0.31,130783,11.46,0.76,41.24,-2.3
E07000144,2020-06-22,Broadland,0.0,0,401,306.61,0.31,130783,10.7,0.0,43.54,-1.53
E07000144,2020-06-21,Broadland,2.29,3,401,306.61,0.31,130783,10.7,2.29,45.07,2.29
E07000144,2020-06-20,Broadland,1.53,2,398,304.32,0.3,130783,8.41,1.53,42.78,1.53
E07000144,2020-06-19,Broadland,0.76,1,396,302.79,0.3,130783,6.88,0.0,41.25,-0.77
E07000144,2020-06-18,Broadland,4.59,6,395,302.03,0.3,130783,6.88,3.83,42.02,-4.59
E07000144,2020-06-17,Broadland,1.53,2,389,297.44,0.3,130783,3.05,-10.7,46.61,-0.76
E07000144,2020-06-16,Broadland,0.0,0,387,295.91,0.3,130783,13.75,-2.29,47.37,-3.06
E07000144,2020-06-15,Broadland,0.0,0,387,295.91,0.3,130783,16.04,0.0,50.43,-3.82
E07000144,2020-06-14,Broadland,0.0,0,387,295.91,0.3,130783,16.04,0.0,54.25,-2.29
E07000144,2020-06-13,Broadland,0.0,0,387,295.91,0.3,130783,16.04,0.0,56.54,-3.82
E07000144,2020-06-12,Broadland,0.76,1,387,295.91,0.3,130783,16.04,0.0,60.36,-1.53
E07000144,2020-06-11,Broadland,0.76,1,386,295.15,0.3,130783,16.04,-3.83,61.89,-1.53
E07000144,2020-06-10,Broadland,12.23,16,385,294.38,0.29,130783,19.87,9.94,63.42,9.17
E07000144,2020-06-09,Broadland,2.29,3,369,282.15,0.28,130783,9.93,2.29,54.25,-9.18
E07000144,2020-06-08,Broadland,0.0,0,366,279.85,0.28,130783,7.64,-2.29,63.43,-2.29
E07000144,2020-06-07,Broadland,0.0,0,366,279.85,0.28,130783,9.93,0.0,65.72,-3.82
E07000144,2020-06-06,Broadland,0.0,0,366,279.85,0.28,130783,9.93,0.0,69.54,-1.53
E07000144,2020-06-05,Broadland,0.76,1,366,279.85,0.28,130783,9.93,-1.53,71.07,-3.83
E07000144,2020-06-04,Broadland,4.59,6,365,279.09,0.28,130783,11.46,3.83,74.9,1.53
E07000144,2020-06-03,Broadland,2.29,3,359,274.5,0.27,130783,7.63,1.53,73.37,-9.94
E07000144,2020-06-02,Broadland,0.0,0,356,272.21,0.27,130783,6.1,-3.06,83.31,-11.47
E07000144,2020-06-01,Broadland,2.29,3,356,272.21,0.27,130783,9.16,0.76,94.78,-15.3
E07000144,2020-05-31,Broadland,0.0,0,353,269.91,0.27,130783,8.4,0.0,110.08,-12.23
E07000144,2020-05-30,Broadland,0.0,0,353,269.91,0.27,130783,8.4,0.0,122.31,-4.59
E07000144,2020-05-29,Broadland,2.29,3,353,269.91,0.27,130783,8.4,0.76,126.9,-2.3
E07000144,2020-05-28,Broadland,0.76,1,350,267.62,0.27,130783,7.64,-8.42,129.2,-3.83
E07000144,2020-05-27,Broadland,0.76,1,349,266.85,0.27,130783,16.06,-1.53,133.03,-5.36
E07000144,2020-05-26,Broadland,3.06,4,348,266.09,0.27,130783,17.59,0.0,138.39,-0.76
E07000144,2020-05-25,Broadland,1.53,2,344,263.03,0.26,130783,17.59,-2.29,139.15,-6.12
E07000144,2020-05-24,Broadland,0.0,0,342,261.5,0.26,130783,19.88,-2.29,145.27,-1.53
E07000144,2020-05-23,Broadland,0.0,0,342,261.5,0.26,130783,22.17,-3.82,146.8,-3.82
E07000144,2020-05-22,Broadland,1.53,2,342,261.5,0.26,130783,25.99,-0.76,150.62,-2.29
E07000144,2020-05-21,Broadland,9.18,12,340,259.97,0.26,130783,26.75,6.89,152.91,6.12
E07000144,2020-05-20,Broadland,2.29,3,328,250.8,0.25,130783,19.86,-0.77,146.79,-4.59
E07000144,2020-05-19,Broadland,3.06,4,325,248.5,0.25,130783,20.63,-8.41,151.38,-1.53
E07000144,2020-05-18,Broadland,3.82,5,321,245.44,0.25,130783,29.04,1.53,152.91,0.76
E07000144,2020-05-17,Broadland,2.29,3,316,241.62,0.24,130783,27.51,-1.53,152.15,-3.83
E07000144,2020-05-16,Broadland,3.82,5,313,239.33,0.24,130783,29.04,2.29,155.98,1.53
E07000144,2020-05-15,Broadland,2.29,3,308,235.5,0.24,130783,26.75,-2.3,154.45,1.53
E07000144,2020-05-14,Broadland,2.29,3,305,233.21,0.23,130783,29.05,-0.77,152.92,0.0
E07000144,2020-05-13,Broadland,3.06,4,302,230.92,0.23,130783,29.82,-9.17,152.92,0.0
E07000144,2020-05-12,Broadland,11.47,15,298,227.86,0.23,130783,38.99,0.0,152.92,7.65
E07000144,2020-05-11,Broadland,2.29,3,283,216.39,0.22,130783,38.99,-15.3,145.27,-3.06
E07000144,2020-05-10,Broadland,3.82,5,280,214.1,0.21,130783,54.29,-8.41,148.33,1.53
E07000144,2020-05-09,Broadland,1.53,2,275,210.27,0.21,130783,62.7,-3.06,146.8,-3.82
E07000144,2020-05-08,Broadland,4.59,6,273,208.74,0.21,130783,65.76,0.0,150.62,0.0
E07000144,2020-05-07,Broadland,3.06,4,267,204.15,0.2,130783,65.76,-1.53,150.62,-2.29
E07000144,2020-05-06,Broadland,12.23,16,263,201.1,0.2,130783,67.29,6.11,152.91,8.41
E07000144,2020-05-05,Broadland,11.47,15,247,188.86,0.19,130783,61.18,7.65,144.5,6.12
E07000144,2020-05-04,Broadland,17.59,23,232,177.39,0.18,130783,53.53,9.94,138.38,15.3
E07000144,2020-05-03,Broadland,12.23,16,209,159.81,0.16,130783,43.59,10.7,123.08,7.64
E07000144,2020-05-02,Broadland,4.59,6,193,147.57,0.15,130783,32.89,0.77,115.44,3.83
E07000144,2020-05-01,Broadland,4.59,6,187,142.98,0.14,130783,32.12,0.77,111.61,-0.76
E07000144,2020-04-30,Broadland,4.59,6,181,138.4,0.14,130783,31.35,1.53,112.37,3.06
E07000144,2020-04-29,Broadland,6.12,8,175,133.81,0.13,130783,29.82,-0.76,109.31,3.06
E07000144,2020-04-28,Broadland,3.82,5,167,127.69,0.13,130783,30.58,-0.77,106.25,1.53
E07000144,2020-04-27,Broadland,7.65,10,162,123.87,0.12,130783,31.35,4.59,104.72,3.06
E07000144,2020-04-26,Broadland,1.53,2,152,116.22,0.12,130783,26.76,-4.59,101.66,-0.76
E07000144,2020-04-25,Broadland,3.82,5,150,114.69,0.11,130783,31.35,1.53,102.42,2.29
E07000144,2020-04-24,Broadland,3.82,5,145,110.87,0.11,130783,29.82,3.06,100.13,3.06
E07000144,2020-04-23,Broadland,3.06,4,140,107.05,0.11,130783,26.76,0.77,97.07,1.53
E07000144,2020-04-22,Broadland,6.88,9,136,103.99,0.1,130783,25.99,3.82,95.54,6.88
E07000144,2020-04-21,Broadland,4.59,6,127,97.11,0.1,130783,22.17,0.77,88.66,3.06
E07000144,2020-04-20,Broadland,3.06,4,121,92.52,0.09,130783,21.4,-2.29,85.6,1.53
E07000144,2020-04-19,Broadland,6.12,8,117,89.46,0.09,130783,23.69,3.83,84.07,5.36
E07000144,2020-04-18,Broadland,2.29,3,109,83.34,0.08,130783,19.86,-3.06,78.71,0.76
E07000144,2020-04-17,Broadland,0.76,1,106,81.05,0.08,130783,22.92,-3.83,77.95,0.76
E07000144,2020-04-16,Broadland,2.29,3,105,80.29,0.08,130783,26.75,-3.06,77.19,2.29
E07000144,2020-04-15,Broadland,3.06,4,102,77.99,0.08,130783,29.81,-0.76,74.9,2.3
E07000144,2020-04-14,Broadland,3.82,5,98,74.93,0.07,130783,30.57,-1.53,72.6,3.06
E07000144,2020-04-13,Broadland,5.35,7,93,71.11,0.07,130783,32.1,3.06,69.54,4.59
E07000144,2020-04-12,Broadland,2.29,3,86,65.76,0.07,130783,29.04,-2.3,64.95,2.29
E07000144,2020-04-11,Broadland,5.35,7,83,63.46,0.06,130783,31.34,4.59,62.66,5.35
E07000144,2020-04-10,Broadland,4.59,6,76,58.11,0.06,130783,26.75,-0.76,57.31,3.83
E07000144,2020-04-09,Broadland,5.35,7,70,53.52,0.05,130783,27.51,3.82,53.48,5.35
E07000144,2020-04-08,Broadland,3.82,5,63,48.17,0.05,130783,23.69,0.76,48.13,3.82
E07000144,2020-04-07,Broadland,5.35,7,58,44.35,0.04,130783,22.93,3.06,44.31,5.35
E07000144,2020-04-06,Broadland,2.29,3,51,39.0,0.04,130783,19.87,-2.3,38.96,2.29
E07000144,2020-04-05,Broadland,4.59,6,48,36.7,0.04,130783,22.17,2.3,36.67,4.59
E07000144,2020-04-04,Broadland,0.76,1,42,32.11,0.03,130783,19.87,-0.77,32.08,0.76
E07000144,2020-04-03,Broadland,5.35,7,41,31.35,0.03,130783,20.64,4.59,31.32,5.35
E07000144,2020-04-02,Broadland,1.53,2,34,26.0,0.03,130783,16.05,0.0,25.97,1.53
E07000144,2020-04-01,Broadland,3.06,4,32,24.47,0.02,130783,16.05,3.06,24.44,3.06
E07000144,2020-03-31,Broadland,2.29,3,28,21.41,0.02,130783,12.99,0.76,21.38,2.29
E07000144,2020-03-30,Broadland,4.59,6,25,19.12,0.02,130783,12.23,3.06,19.09,4.59
E07000144,2020-03-29,Broadland,2.29,3,19,14.53,0.01,130783,9.17,1.53,14.5,2.29
E07000144,2020-03-28,Broadland,1.53,2,16,12.23,0.01,130783,7.64,0.0,12.21,1.53
E07000144,2020-03-27,Broadland,0.76,1,14,10.7,0.01,130783,7.64,0.76,10.68,0.76
E07000144,2020-03-26,Broadland,1.53,2,13,9.94,0.01,130783,6.88,1.53,9.92,1.53
E07000144,2020-03-25,Broadland,0.0,0,11,8.41,0.01,130783,5.35,-0.76,8.39,0.0
E07000144,2020-03-24,Broadland,1.53,2,11,8.41,0.01,130783,6.11,0.77,8.39,1.53
E07000144,2020-03-23,Broadland,1.53,2,9,6.88,0.01,130783,5.34,0.77,6.86,1.53
E07000144,2020-03-22,Broadland,0.76,1,7,5.35,0.01,130783,4.57,0.76,5.33,0.76
E07000144,2020-03-21,Broadland,1.53,2,6,4.59,0.0,130783,3.81,1.53,4.57,1.53
E07000144,2020-03-20,Broadland,0.0,0,4,3.06,0.0,130783,2.28,-0.76,3.04,0.0
E07000144,2020-03-19,Broadland,0.0,0,4,3.06,0.0,130783,3.04,0.0,3.04,0.0
E07000144,2020-03-18,Broadland,0.76,1,4,3.06,0.0,130783,3.04,0.76,3.04,0.76
E07000144,2020-03-17,Broadland,0.76,1,3,2.29,0.0,130783,2.28,0.76,2.28,0.76
E07000144,2020-03-16,Broadland,0.76,1,2,1.53,0.0,130783,1.52,0.76,1.52,0.76
E07000144,2020-03-15,Broadland,0.0,0,1,0.76,0.0,130783,0.76,0.0,0.76,0.0
E07000144,2020-03-14,Broadland,0.0,0,1,0.76,0.0,130783,0.76,0.0,0.76,0.0
E07000144,2020-03-13,Broadland,0.76,1,1,0.76,0.0,130783,0.76,0.76,0.76,0.76
