LAD20CD,date,local_authority,1day_cases_100k,new_cases,total_cases,total_cases_100k,%infected,population,7day_cases_100k,7day_cases_change,28day_cases_100k,28day_cases_change
E06000056,2022-11-09,Central Bedfordshire,3.46,10,107328,37183.0,37.18,288648,39.49,-5.2,255.66,-14.21
E06000056,2022-11-08,Central Bedfordshire,4.85,14,107318,37179.54,37.18,288648,44.69,-4.16,269.87,-7.97
E06000056,2022-11-07,Central Bedfordshire,6.58,19,107304,37174.69,37.17,288648,48.85,-0.35,277.84,-13.17
E06000056,2022-11-06,Central Bedfordshire,8.66,25,107285,37168.11,37.17,288648,49.2,1.73,291.01,-9.7
E06000056,2022-11-05,Central Bedfordshire,4.85,14,107260,37159.45,37.16,288648,47.47,-1.39,300.71,-7.97
E06000056,2022-11-04,Central Bedfordshire,3.81,11,107246,37154.6,37.15,288648,48.86,-4.5,308.68,-14.9
E06000056,2022-11-03,Central Bedfordshire,7.28,21,107235,37150.79,37.15,288648,53.36,1.74,323.58,-7.27
E06000056,2022-11-02,Central Bedfordshire,8.66,25,107214,37143.51,37.14,288648,51.62,-0.69,330.85,-11.09
E06000056,2022-11-01,Central Bedfordshire,9.01,26,107189,37134.85,37.13,288648,52.31,-3.46,341.94,-11.43
E06000056,2022-10-31,Central Bedfordshire,6.93,20,107163,37125.84,37.13,288648,55.77,-4.85,353.37,-16.63
E06000056,2022-10-30,Central Bedfordshire,6.93,20,107143,37118.91,37.12,288648,60.62,-0.69,370.0,-11.43
E06000056,2022-10-29,Central Bedfordshire,6.24,18,107123,37111.98,37.11,288648,61.31,-1.04,381.43,-7.62
E06000056,2022-10-28,Central Bedfordshire,8.31,24,107105,37105.75,37.11,288648,62.35,-1.04,389.05,-5.55
E06000056,2022-10-27,Central Bedfordshire,5.54,16,107081,37097.43,37.1,288648,63.39,-4.51,394.6,-8.66
E06000056,2022-10-26,Central Bedfordshire,9.35,27,107065,37091.89,37.09,288648,67.9,-3.12,403.26,-2.43
E06000056,2022-10-25,Central Bedfordshire,12.47,36,107038,37082.54,37.08,288648,71.02,-0.69,405.69,0.34
E06000056,2022-10-24,Central Bedfordshire,11.78,34,107002,37070.06,37.07,288648,71.71,-12.12,405.35,-4.16
E06000056,2022-10-23,Central Bedfordshire,7.62,22,106968,37058.29,37.06,288648,83.83,-7.97,409.51,-3.47
E06000056,2022-10-22,Central Bedfordshire,7.28,21,106946,37050.66,37.05,288648,91.8,0.0,412.98,-4.15
E06000056,2022-10-21,Central Bedfordshire,9.35,27,106925,37043.39,37.04,288648,91.8,1.38,417.13,-0.35
E06000056,2022-10-20,Central Bedfordshire,10.05,29,106898,37034.03,37.03,288648,90.42,-6.23,417.48,0.35
E06000056,2022-10-19,Central Bedfordshire,12.47,36,106869,37023.99,37.02,288648,96.65,-5.2,417.13,1.04
E06000056,2022-10-18,Central Bedfordshire,13.16,38,106833,37011.52,37.01,288648,101.85,0.34,416.09,0.69
E06000056,2022-10-17,Central Bedfordshire,23.9,69,106795,36998.35,37.0,288648,101.51,4.15,415.4,10.04
E06000056,2022-10-16,Central Bedfordshire,15.59,45,106726,36974.45,36.97,288648,97.36,-2.77,405.36,7.62
E06000056,2022-10-15,Central Bedfordshire,7.28,21,106681,36958.86,36.96,288648,100.13,-5.54,397.74,1.39
E06000056,2022-10-14,Central Bedfordshire,7.97,23,106660,36951.58,36.95,288648,105.67,-10.74,396.35,-0.34
E06000056,2022-10-13,Central Bedfordshire,16.28,47,106637,36943.61,36.94,288648,116.41,1.73,396.69,12.12
E06000056,2022-10-12,Central Bedfordshire,17.67,51,106590,36927.33,36.93,288648,114.68,-2.08,384.57,6.93
E06000056,2022-10-11,Central Bedfordshire,12.82,37,106539,36909.66,36.91,288648,116.76,-7.62,377.64,4.85
E06000056,2022-10-10,Central Bedfordshire,19.75,57,106502,36896.84,36.9,288648,124.38,-3.81,372.79,11.44
E06000056,2022-10-09,Central Bedfordshire,18.36,53,106445,36877.1,36.88,288648,128.19,0.0,361.35,9.7
E06000056,2022-10-08,Central Bedfordshire,12.82,37,106392,36858.73,36.86,288648,128.19,-1.04,351.65,4.85
E06000056,2022-10-07,Central Bedfordshire,18.71,54,106355,36845.92,36.85,288648,129.23,4.85,346.8,13.51
E06000056,2022-10-06,Central Bedfordshire,14.55,42,106301,36827.21,36.83,288648,124.38,0.35,333.29,9.01
E06000056,2022-10-05,Central Bedfordshire,19.75,57,106259,36812.66,36.81,288648,124.03,7.97,324.28,13.17
E06000056,2022-10-04,Central Bedfordshire,20.44,59,106202,36792.91,36.79,288648,116.06,8.31,311.11,12.82
E06000056,2022-10-03,Central Bedfordshire,23.56,68,106143,36772.47,36.77,288648,107.75,7.62,298.29,15.25
E06000056,2022-10-02,Central Bedfordshire,18.36,53,106075,36748.91,36.75,288648,100.13,7.27,283.04,13.86
E06000056,2022-10-01,Central Bedfordshire,13.86,40,106022,36730.55,36.73,288648,92.86,2.43,269.18,8.32
E06000056,2022-09-30,Central Bedfordshire,13.86,40,105982,36716.69,36.72,288648,90.43,4.16,260.86,7.97
E06000056,2022-09-29,Central Bedfordshire,14.2,41,105942,36702.84,36.7,288648,86.27,4.5,252.89,4.5
E06000056,2022-09-28,Central Bedfordshire,11.78,34,105901,36688.63,36.69,288648,81.77,0.35,248.39,0.69
E06000056,2022-09-27,Central Bedfordshire,12.13,35,105867,36676.85,36.68,288648,81.42,-0.34,247.7,4.85
E06000056,2022-09-26,Central Bedfordshire,15.94,46,105832,36664.73,36.66,288648,81.76,2.08,242.85,8.32
E06000056,2022-09-25,Central Bedfordshire,11.09,32,105786,36648.79,36.65,288648,79.68,3.12,234.53,4.51
E06000056,2022-09-24,Central Bedfordshire,11.43,33,105754,36637.7,36.64,288648,76.56,5.54,230.02,5.89
E06000056,2022-09-23,Central Bedfordshire,9.7,28,105721,36626.27,36.63,288648,71.02,1.39,224.13,4.85
E06000056,2022-09-22,Central Bedfordshire,9.7,28,105693,36616.57,36.62,288648,69.63,5.54,219.28,5.54
E06000056,2022-09-21,Central Bedfordshire,11.43,33,105665,36606.87,36.61,288648,64.09,0.69,213.74,4.15
E06000056,2022-09-20,Central Bedfordshire,12.47,36,105632,36595.44,36.6,288648,63.4,4.5,209.59,7.27
E06000056,2022-09-19,Central Bedfordshire,13.86,40,105596,36582.97,36.58,288648,58.9,5.55,202.32,6.24
E06000056,2022-09-18,Central Bedfordshire,7.97,23,105556,36569.11,36.57,288648,53.35,-0.69,196.08,3.12
E06000056,2022-09-17,Central Bedfordshire,5.89,17,105533,36561.14,36.56,288648,54.04,-2.08,192.96,0.35
E06000056,2022-09-16,Central Bedfordshire,8.31,24,105516,36555.25,36.56,288648,56.12,3.11,192.61,3.46
E06000056,2022-09-15,Central Bedfordshire,4.16,12,105492,36546.94,36.55,288648,53.01,-1.38,189.15,-4.15
E06000056,2022-09-14,Central Bedfordshire,10.74,31,105480,36542.78,36.54,288648,54.39,4.16,193.3,-1.39
E06000056,2022-09-13,Central Bedfordshire,7.97,23,105449,36532.04,36.53,288648,50.23,0.35,194.69,1.04
E06000056,2022-09-12,Central Bedfordshire,8.31,24,105426,36524.07,36.52,288648,49.88,0.0,193.65,-2.78
E06000056,2022-09-11,Central Bedfordshire,8.66,25,105402,36515.76,36.52,288648,49.88,4.16,196.43,-1.73
E06000056,2022-09-10,Central Bedfordshire,7.97,23,105377,36507.1,36.51,288648,45.72,2.43,198.16,-2.08
E06000056,2022-09-09,Central Bedfordshire,5.2,15,105354,36499.13,36.5,288648,43.29,-0.69,200.24,0.0
E06000056,2022-09-08,Central Bedfordshire,5.54,16,105339,36493.93,36.49,288648,43.98,-4.16,200.24,-1.74
E06000056,2022-09-07,Central Bedfordshire,6.58,19,105323,36488.39,36.49,288648,48.14,-4.51,201.98,-4.85
E06000056,2022-09-06,Central Bedfordshire,7.62,22,105304,36481.8,36.48,288648,52.65,0.34,206.83,-3.81
E06000056,2022-09-05,Central Bedfordshire,8.31,24,105282,36474.18,36.47,288648,52.31,0.69,210.64,-4.85
E06000056,2022-09-04,Central Bedfordshire,4.5,13,105258,36465.87,36.47,288648,51.62,-2.08,215.49,-3.12
E06000056,2022-09-03,Central Bedfordshire,5.54,16,105245,36461.36,36.46,288648,53.7,0.0,218.61,-5.2
E06000056,2022-09-02,Central Bedfordshire,5.89,17,105229,36455.82,36.46,288648,53.7,1.04,223.81,-3.12
E06000056,2022-09-01,Central Bedfordshire,9.7,28,105212,36449.93,36.45,288648,52.66,5.54,226.93,-1.39
E06000056,2022-08-31,Central Bedfordshire,11.09,32,105184,36440.23,36.44,288648,47.12,3.81,228.32,-3.81
E06000056,2022-08-30,Central Bedfordshire,7.28,21,105152,36429.15,36.43,288648,43.31,2.08,232.13,-10.04
E06000056,2022-08-29,Central Bedfordshire,7.62,22,105131,36421.87,36.42,288648,41.23,0.0,242.17,-7.97
E06000056,2022-08-28,Central Bedfordshire,6.58,19,105109,36414.25,36.41,288648,41.23,1.73,250.14,-11.09
E06000056,2022-08-27,Central Bedfordshire,5.54,16,105090,36407.67,36.41,288648,39.5,0.0,261.23,-2.77
E06000056,2022-08-26,Central Bedfordshire,4.85,14,105074,36402.12,36.4,288648,39.5,0.0,264.0,-13.17
E06000056,2022-08-25,Central Bedfordshire,4.16,12,105060,36397.27,36.4,288648,39.5,-4.15,277.17,-8.66
E06000056,2022-08-24,Central Bedfordshire,7.28,21,105048,36393.12,36.39,288648,43.65,-4.85,285.83,-5.54
E06000056,2022-08-23,Central Bedfordshire,5.2,15,105027,36385.84,36.39,288648,48.5,-1.73,291.37,-10.04
E06000056,2022-08-22,Central Bedfordshire,7.62,22,105012,36380.64,36.38,288648,50.23,-3.47,301.41,-22.17
E06000056,2022-08-21,Central Bedfordshire,4.85,14,104990,36373.02,36.37,288648,53.7,-5.54,323.58,-14.55
E06000056,2022-08-20,Central Bedfordshire,5.54,16,104976,36368.17,36.37,288648,59.24,-4.51,338.13,-13.17
E06000056,2022-08-19,Central Bedfordshire,4.85,14,104960,36362.63,36.36,288648,63.75,-0.35,351.3,-20.44
E06000056,2022-08-18,Central Bedfordshire,8.31,24,104946,36357.78,36.36,288648,64.1,1.03,371.74,-15.25
E06000056,2022-08-17,Central Bedfordshire,12.13,35,104922,36349.46,36.35,288648,63.07,0.7,386.99,-16.97
E06000056,2022-08-16,Central Bedfordshire,6.93,20,104887,36337.34,36.34,288648,62.37,-4.5,403.96,-24.6
E06000056,2022-08-15,Central Bedfordshire,11.09,32,104867,36330.41,36.33,288648,66.87,-2.07,428.56,-26.33
E06000056,2022-08-14,Central Bedfordshire,10.39,30,104835,36319.32,36.32,288648,68.94,2.77,454.89,-23.91
E06000056,2022-08-13,Central Bedfordshire,10.05,29,104805,36308.93,36.31,288648,66.17,-0.69,478.8,-20.44
E06000056,2022-08-12,Central Bedfordshire,5.2,15,104776,36298.88,36.3,288648,66.86,-3.81,499.24,-28.75
E06000056,2022-08-11,Central Bedfordshire,7.28,21,104761,36293.69,36.29,288648,70.67,-3.81,527.99,-38.45
E06000056,2022-08-10,Central Bedfordshire,11.43,33,104740,36286.41,36.29,288648,74.48,-3.47,566.44,-30.49
E06000056,2022-08-09,Central Bedfordshire,11.43,33,104707,36274.98,36.27,288648,77.95,-5.89,596.93,-35.69
E06000056,2022-08-08,Central Bedfordshire,13.16,38,104674,36263.55,36.26,288648,83.84,-2.43,632.62,-44.35
E06000056,2022-08-07,Central Bedfordshire,7.62,22,104636,36250.38,36.25,288648,86.27,-10.05,676.97,-38.46
E06000056,2022-08-06,Central Bedfordshire,10.74,31,104614,36242.76,36.24,288648,96.32,2.43,715.43,-36.03
E06000056,2022-08-05,Central Bedfordshire,9.01,26,104583,36232.02,36.23,288648,93.89,-9.01,751.46,-41.92
E06000056,2022-08-04,Central Bedfordshire,11.09,32,104557,36223.01,36.22,288648,102.9,-1.73,793.38,-36.72
E06000056,2022-08-03,Central Bedfordshire,14.9,43,104525,36211.93,36.21,288648,104.63,2.08,830.1,-43.3
E06000056,2022-08-02,Central Bedfordshire,17.32,50,104482,36197.03,36.2,288648,102.55,2.08,873.4,-31.87
E06000056,2022-08-01,Central Bedfordshire,15.59,45,104432,36179.71,36.18,288648,100.47,-14.2,905.27,-48.5
E06000056,2022-07-31,Central Bedfordshire,17.67,51,104387,36164.12,36.16,288648,114.67,-1.73,953.77,-37.76
E06000056,2022-07-30,Central Bedfordshire,8.31,24,104336,36146.45,36.15,288648,116.4,-10.4,991.53,-30.84
E06000056,2022-07-29,Central Bedfordshire,18.02,52,104312,36138.13,36.14,288648,126.8,-7.27,1022.37,-21.82
E06000056,2022-07-28,Central Bedfordshire,12.82,37,104260,36120.12,36.12,288648,134.07,-10.74,1044.19,-29.1
E06000056,2022-07-27,Central Bedfordshire,12.82,37,104223,36107.3,36.11,288648,144.81,-16.28,1073.29,-32.91
E06000056,2022-07-26,Central Bedfordshire,15.24,44,104186,36094.48,36.09,288648,161.09,-16.29,1106.2,-42.27
E06000056,2022-07-25,Central Bedfordshire,29.79,86,104142,36079.24,36.08,288648,177.38,-7.63,1148.47,-17.67
E06000056,2022-07-24,Central Bedfordshire,19.4,56,104056,36049.44,36.05,288648,185.01,-14.9,1166.14,-20.09
E06000056,2022-07-23,Central Bedfordshire,18.71,54,104000,36030.04,36.03,288648,199.91,-11.78,1186.23,-17.67
E06000056,2022-07-22,Central Bedfordshire,25.29,73,103946,36011.34,36.01,288648,211.69,-8.66,1203.9,-5.89
E06000056,2022-07-21,Central Bedfordshire,23.56,68,103873,35986.05,35.99,288648,220.35,-22.17,1209.79,-17.32
E06000056,2022-07-20,Central Bedfordshire,29.1,84,103805,35962.49,35.96,288648,242.52,-12.82,1227.11,-7.62
E06000056,2022-07-19,Central Bedfordshire,31.53,91,103721,35933.39,35.93,288648,255.34,-15.59,1234.73,0.35
E06000056,2022-07-18,Central Bedfordshire,37.42,108,103630,35901.86,35.9,288648,270.93,-20.09,1234.38,2.08
E06000056,2022-07-17,Central Bedfordshire,34.3,99,103522,35864.44,35.86,288648,291.02,-11.78,1232.3,3.12
E06000056,2022-07-16,Central Bedfordshire,30.49,88,103423,35830.15,35.83,288648,302.8,-16.28,1229.18,4.51
E06000056,2022-07-15,Central Bedfordshire,33.95,98,103335,35799.66,35.8,288648,319.08,-16.98,1224.67,11.43
E06000056,2022-07-14,Central Bedfordshire,45.73,132,103237,35765.71,35.77,288648,336.06,-2.08,1213.24,16.63
E06000056,2022-07-13,Central Bedfordshire,41.92,121,103105,35719.98,35.72,288648,338.14,-16.28,1196.61,21.48
E06000056,2022-07-12,Central Bedfordshire,47.12,136,102984,35678.06,35.68,288648,354.42,-2.07,1175.13,20.1
E06000056,2022-07-11,Central Bedfordshire,57.51,166,102848,35630.94,35.63,288648,356.49,-6.58,1155.03,28.06
E06000056,2022-07-10,Central Bedfordshire,46.08,133,102682,35573.43,35.57,288648,363.07,-9.35,1126.97,22.52
E06000056,2022-07-09,Central Bedfordshire,46.77,135,102549,35527.36,35.53,288648,372.42,7.62,1104.45,28.41
E06000056,2022-07-08,Central Bedfordshire,50.93,147,102414,35480.59,35.48,288648,364.8,11.09,1076.04,36.03
E06000056,2022-07-07,Central Bedfordshire,47.81,138,102267,35429.66,35.43,288648,353.71,5.89,1040.01,29.45
E06000056,2022-07-06,Central Bedfordshire,58.2,168,102129,35381.85,35.38,288648,347.82,12.47,1010.56,39.84
E06000056,2022-07-05,Central Bedfordshire,49.19,142,101961,35323.65,35.32,288648,335.35,-8.32,970.72,33.95
E06000056,2022-07-04,Central Bedfordshire,64.09,185,101819,35274.45,35.27,288648,343.67,16.63,936.77,53.0
E06000056,2022-07-03,Central Bedfordshire,55.43,160,101634,35210.36,35.21,288648,327.04,15.94,883.77,36.38
E06000056,2022-07-02,Central Bedfordshire,39.15,113,101474,35154.93,35.15,288648,311.1,2.77,847.39,28.41
E06000056,2022-07-01,Central Bedfordshire,39.84,115,101361,35115.78,35.12,288648,308.33,8.66,818.98,31.18
E06000056,2022-06-30,Central Bedfordshire,41.92,121,101246,35075.94,35.08,288648,299.67,1.04,787.8,31.53
E06000056,2022-06-29,Central Bedfordshire,45.73,132,101125,35034.02,35.03,288648,298.63,9.01,756.27,35.68
E06000056,2022-06-28,Central Bedfordshire,57.51,166,100993,34988.29,34.99,288648,289.62,26.33,720.59,48.5
E06000056,2022-06-27,Central Bedfordshire,47.46,137,100827,34930.78,34.93,288648,263.29,12.12,672.09,34.99
E06000056,2022-06-26,Central Bedfordshire,39.49,114,100690,34883.32,34.88,288648,251.17,8.31,637.1,33.6
E06000056,2022-06-25,Central Bedfordshire,36.38,105,100576,34843.82,34.84,288648,242.86,10.4,603.5,26.33
E06000056,2022-06-24,Central Bedfordshire,31.18,90,100471,34807.45,34.81,288648,232.46,8.66,577.17,19.75
E06000056,2022-06-23,Central Bedfordshire,40.88,118,100381,34776.27,34.78,288648,223.8,11.78,557.42,31.87
E06000056,2022-06-22,Central Bedfordshire,36.72,106,100263,34735.39,34.74,288648,212.02,16.28,525.55,28.75
E06000056,2022-06-21,Central Bedfordshire,31.18,90,100157,34698.66,34.7,288648,195.74,4.16,496.8,21.13
E06000056,2022-06-20,Central Bedfordshire,35.34,102,100067,34667.48,34.67,288648,191.58,5.89,475.67,27.03
E06000056,2022-06-19,Central Bedfordshire,31.18,90,99965,34632.15,34.63,288648,185.69,7.62,448.64,23.9
E06000056,2022-06-18,Central Bedfordshire,25.98,75,99875,34600.97,34.6,288648,178.07,7.62,424.74,21.82
E06000056,2022-06-17,Central Bedfordshire,22.52,65,99800,34574.98,34.57,288648,170.45,7.62,402.92,14.21
E06000056,2022-06-16,Central Bedfordshire,29.1,84,99735,34552.47,34.55,288648,162.83,10.74,388.71,16.97
E06000056,2022-06-15,Central Bedfordshire,20.44,59,99651,34523.36,34.52,288648,152.09,2.08,371.74,13.16
E06000056,2022-06-14,Central Bedfordshire,27.02,78,99592,34502.92,34.5,288648,150.01,11.78,358.58,13.51
E06000056,2022-06-13,Central Bedfordshire,29.45,85,99514,34475.9,34.48,288648,138.23,18.36,345.07,14.55
E06000056,2022-06-12,Central Bedfordshire,23.56,68,99429,34446.45,34.45,288648,119.87,4.51,330.52,6.24
E06000056,2022-06-11,Central Bedfordshire,18.36,53,99361,34422.9,34.42,288648,115.36,7.62,324.28,6.93
E06000056,2022-06-10,Central Bedfordshire,14.9,43,99308,34404.53,34.4,288648,107.74,6.24,317.35,4.51
E06000056,2022-06-09,Central Bedfordshire,18.36,53,99265,34389.64,34.39,288648,101.5,7.97,312.84,4.5
E06000056,2022-06-08,Central Bedfordshire,18.36,53,99212,34371.28,34.37,288648,93.53,8.31,308.34,-4.16
E06000056,2022-06-07,Central Bedfordshire,15.24,44,99159,34352.91,34.35,288648,85.22,6.23,312.5,-9.01
E06000056,2022-06-06,Central Bedfordshire,11.09,32,99115,34337.67,34.34,288648,78.99,-1.38,321.51,-5.89
E06000056,2022-06-05,Central Bedfordshire,19.05,55,99083,34326.58,34.33,288648,80.37,13.16,327.4,1.73
E06000056,2022-06-04,Central Bedfordshire,10.74,31,99028,34307.53,34.31,288648,67.21,0.69,325.67,-3.46
E06000056,2022-06-03,Central Bedfordshire,8.66,25,98997,34296.79,34.3,288648,66.52,-2.77,329.13,-10.05
E06000056,2022-06-02,Central Bedfordshire,10.39,30,98972,34288.13,34.29,288648,69.29,1.38,339.18,-9.7
E06000056,2022-06-01,Central Bedfordshire,10.05,29,98942,34277.74,34.28,288648,67.91,2.08,348.88,-13.51
E06000056,2022-05-31,Central Bedfordshire,9.01,26,98913,34267.69,34.27,288648,65.83,-1.04,362.39,-17.32
E06000056,2022-05-30,Central Bedfordshire,12.47,36,98887,34258.68,34.26,288648,66.87,4.16,379.71,-13.51
E06000056,2022-05-29,Central Bedfordshire,5.89,17,98851,34246.21,34.25,288648,62.71,-1.39,393.22,-12.82
E06000056,2022-05-28,Central Bedfordshire,10.05,29,98834,34240.32,34.24,288648,64.1,5.89,406.04,-0.34
E06000056,2022-05-27,Central Bedfordshire,11.43,33,98805,34230.27,34.23,288648,58.21,3.12,406.38,-7.28
E06000056,2022-05-26,Central Bedfordshire,9.01,26,98772,34218.84,34.22,288648,55.09,-3.12,413.66,-12.12
E06000056,2022-05-25,Central Bedfordshire,7.97,23,98746,34209.83,34.21,288648,58.21,0.69,425.78,-10.39
E06000056,2022-05-24,Central Bedfordshire,10.05,29,98723,34201.87,34.2,288648,57.52,-3.46,436.17,-10.39
E06000056,2022-05-23,Central Bedfordshire,8.31,24,98694,34191.82,34.19,288648,60.98,-6.59,446.56,-18.02
E06000056,2022-05-22,Central Bedfordshire,7.28,21,98670,34183.5,34.18,288648,67.57,-10.04,464.58,-18.7
E06000056,2022-05-21,Central Bedfordshire,4.16,12,98649,34176.23,34.18,288648,77.61,-7.27,483.28,-9.0
E06000056,2022-05-20,Central Bedfordshire,8.31,24,98637,34172.07,34.17,288648,84.88,-2.08,492.28,-16.29
E06000056,2022-05-19,Central Bedfordshire,12.13,35,98613,34163.76,34.16,288648,86.96,-1.73,508.57,-17.32
E06000056,2022-05-18,Central Bedfordshire,7.28,21,98578,34151.63,34.15,288648,88.69,-15.24,525.89,-33.25
E06000056,2022-05-17,Central Bedfordshire,13.51,39,98557,34144.36,34.14,288648,103.93,-10.74,559.14,-28.41
E06000056,2022-05-16,Central Bedfordshire,14.9,43,98518,34130.84,34.13,288648,114.67,-2.08,587.55,-22.52
E06000056,2022-05-15,Central Bedfordshire,17.32,50,98475,34115.95,34.12,288648,116.75,0.0,610.07,-14.21
E06000056,2022-05-14,Central Bedfordshire,11.43,33,98425,34098.63,34.1,288648,116.75,-2.77,624.28,-16.98
E06000056,2022-05-13,Central Bedfordshire,10.39,30,98392,34087.19,34.09,288648,119.52,-8.32,641.26,-18.36
E06000056,2022-05-12,Central Bedfordshire,13.86,40,98362,34076.8,34.08,288648,127.84,-6.23,659.62,-24.25
E06000056,2022-05-11,Central Bedfordshire,22.52,65,98322,34062.94,34.06,288648,134.07,-1.04,683.87,-29.45
E06000056,2022-05-10,Central Bedfordshire,24.25,70,98257,34040.42,34.04,288648,135.11,-2.08,713.32,-23.56
E06000056,2022-05-09,Central Bedfordshire,16.98,49,98187,34016.17,34.02,288648,137.19,-9.0,736.88,-41.57
E06000056,2022-05-08,Central Bedfordshire,17.32,50,98138,33999.2,34.0,288648,146.19,-1.39,778.45,-27.02
E06000056,2022-05-07,Central Bedfordshire,14.2,41,98088,33981.87,33.98,288648,147.58,3.81,805.47,-35.69
E06000056,2022-05-06,Central Bedfordshire,18.71,54,98047,33967.67,33.97,288648,143.77,0.0,841.16,-38.11
E06000056,2022-05-05,Central Bedfordshire,20.09,58,97993,33948.96,33.95,288648,143.77,-1.04,879.27,-42.27
E06000056,2022-05-04,Central Bedfordshire,23.56,68,97935,33928.87,33.93,288648,144.81,5.2,921.54,-44.34
E06000056,2022-05-03,Central Bedfordshire,26.33,76,97867,33905.31,33.91,288648,139.61,5.89,965.88,-57.86
E06000056,2022-05-02,Central Bedfordshire,25.98,75,97791,33878.98,33.88,288648,133.72,-0.35,1023.74,-63.75
E06000056,2022-05-01,Central Bedfordshire,18.71,54,97716,33853.0,33.85,288648,134.07,-7.27,1087.49,-51.96
E06000056,2022-04-30,Central Bedfordshire,10.39,30,97662,33834.29,33.83,288648,141.34,-2.77,1139.45,-49.89
E06000056,2022-04-29,Central Bedfordshire,18.71,54,97632,33823.9,33.82,288648,144.11,-5.89,1189.34,-62.01
E06000056,2022-04-28,Central Bedfordshire,21.13,61,97578,33805.19,33.81,288648,150.0,-8.32,1251.35,-75.87
E06000056,2022-04-27,Central Bedfordshire,18.36,53,97517,33784.06,33.78,288648,158.32,-22.17,1327.22,-101.51
E06000056,2022-04-26,Central Bedfordshire,20.44,59,97464,33765.69,33.77,288648,180.49,-21.48,1428.73,-116.75
E06000056,2022-04-25,Central Bedfordshire,26.33,76,97405,33745.25,33.75,288648,201.97,-11.09,1545.48,-139.96
E06000056,2022-04-24,Central Bedfordshire,25.98,75,97329,33718.92,33.72,288648,213.06,-5.55,1685.44,-98.74
E06000056,2022-04-23,Central Bedfordshire,13.16,38,97254,33692.94,33.69,288648,218.61,-15.25,1784.18,-90.08
E06000056,2022-04-22,Central Bedfordshire,24.6,71,97216,33679.78,33.68,288648,233.86,-4.15,1874.26,-89.73
E06000056,2022-04-21,Central Bedfordshire,29.45,85,97145,33655.18,33.66,288648,238.01,-8.66,1963.99,-115.36
E06000056,2022-04-20,Central Bedfordshire,40.53,117,97060,33625.73,33.63,288648,246.67,-11.44,2079.35,-129.92
E06000056,2022-04-19,Central Bedfordshire,41.92,121,96943,33585.2,33.59,288648,258.11,-5.89,2209.27,-126.1
E06000056,2022-04-18,Central Bedfordshire,37.42,108,96822,33543.28,33.54,288648,264.0,-21.13,2335.37,-156.24
E06000056,2022-04-17,Central Bedfordshire,31.53,91,96714,33505.86,33.51,288648,285.13,-12.81,2491.61,-112.59
E06000056,2022-04-16,Central Bedfordshire,28.41,82,96623,33474.34,33.47,288648,297.94,-21.48,2604.2,-78.99
E06000056,2022-04-15,Central Bedfordshire,28.75,83,96541,33445.93,33.45,288648,319.42,-28.07,2683.19,-94.24
E06000056,2022-04-14,Central Bedfordshire,38.11,110,96458,33417.17,33.42,288648,347.49,-24.25,2777.43,-117.44
E06000056,2022-04-13,Central Bedfordshire,51.97,150,96348,33379.06,33.38,288648,371.74,-15.93,2894.87,-126.79
E06000056,2022-04-12,Central Bedfordshire,47.81,138,96198,33327.1,33.33,288648,387.67,-36.38,3021.66,-102.89
E06000056,2022-04-11,Central Bedfordshire,58.55,169,96060,33279.29,33.28,288648,424.05,-31.18,3124.55,-114.32
E06000056,2022-04-10,Central Bedfordshire,44.34,128,95891,33220.74,33.22,288648,455.23,-26.33,3238.87,-92.16
E06000056,2022-04-09,Central Bedfordshire,49.89,144,95763,33176.39,33.18,288648,481.56,-10.39,3331.03,-61.32
E06000056,2022-04-08,Central Bedfordshire,56.82,164,95619,33126.51,33.13,288648,491.95,-23.9,3392.35,-64.09
E06000056,2022-04-07,Central Bedfordshire,62.36,180,95455,33069.69,33.07,288648,515.85,-34.64,3456.44,-54.04
E06000056,2022-04-06,Central Bedfordshire,67.9,196,95275,33007.33,33.01,288648,550.49,-51.97,3510.48,-66.87
E06000056,2022-04-05,Central Bedfordshire,84.19,243,95079,32939.43,32.94,288648,602.46,-53.0,3577.35,-22.86
E06000056,2022-04-04,Central Bedfordshire,89.73,259,94836,32855.24,32.86,288648,655.46,-76.56,3600.21,-36.72
E06000056,2022-04-03,Central Bedfordshire,70.67,204,94577,32765.51,32.77,288648,732.02,-54.05,3636.93,-25.99
E06000056,2022-04-02,Central Bedfordshire,60.28,174,94373,32694.84,32.69,288648,786.07,-42.96,3662.92,0.69
E06000056,2022-04-01,Central Bedfordshire,80.72,233,94199,32634.56,32.63,288648,829.03,-33.61,3662.23,12.47
E06000056,2022-03-31,Central Bedfordshire,97.0,280,93966,32553.84,32.55,288648,862.64,-47.81,3649.76,32.91
E06000056,2022-03-30,Central Bedfordshire,119.87,346,93686,32456.83,32.46,288648,910.45,-50.58,3616.85,45.73
E06000056,2022-03-29,Central Bedfordshire,137.19,396,93340,32336.96,32.34,288648,961.03,-30.83,3571.12,77.6
E06000056,2022-03-28,Central Bedfordshire,166.29,480,92944,32199.77,32.2,288648,991.86,-27.37,3493.52,98.04
E06000056,2022-03-27,Central Bedfordshire,124.72,360,92464,32033.48,32.03,288648,1019.23,-19.4,3395.48,85.23
E06000056,2022-03-26,Central Bedfordshire,103.24,298,92104,31908.76,31.91,288648,1038.63,-4.16,3310.25,64.78
E06000056,2022-03-25,Central Bedfordshire,114.33,330,91806,31805.52,31.81,288648,1042.79,-8.66,3245.47,74.84
E06000056,2022-03-24,Central Bedfordshire,144.81,418,91476,31691.19,31.69,288648,1051.45,-10.74,3170.63,93.54
E06000056,2022-03-23,Central Bedfordshire,170.45,492,91058,31546.38,31.55,288648,1062.19,-8.31,3077.09,119.87
E06000056,2022-03-22,Central Bedfordshire,168.02,485,90566,31375.93,31.38,288648,1070.5,17.32,2957.22,117.09
E06000056,2022-03-21,Central Bedfordshire,193.66,559,90081,31207.91,31.21,288648,1053.18,20.79,2840.13,127.84
E06000056,2022-03-20,Central Bedfordshire,144.12,416,89522,31014.25,31.01,288648,1032.39,7.62,2712.29,72.06
E06000056,2022-03-19,Central Bedfordshire,107.4,310,89106,30870.13,30.87,288648,1024.77,-3.81,2640.23,49.54
E06000056,2022-03-18,Central Bedfordshire,122.99,355,88796,30762.73,30.76,288648,1028.58,2.08,2590.69,68.6
E06000056,2022-03-17,Central Bedfordshire,155.55,449,88441,30639.74,30.64,288648,1026.5,39.15,2522.09,89.03
E06000056,2022-03-16,Central Bedfordshire,178.76,516,87992,30484.19,30.48,288648,987.35,43.99,2433.06,109.13
E06000056,2022-03-15,Central Bedfordshire,150.7,435,87476,30305.42,30.31,288648,943.36,43.65,2323.93,81.41
E06000056,2022-03-14,Central Bedfordshire,172.87,499,87041,30154.72,30.15,288648,899.71,46.42,2242.52,91.11
E06000056,2022-03-13,Central Bedfordshire,136.5,394,86542,29981.85,29.98,288648,853.29,39.84,2151.41,76.57
E06000056,2022-03-12,Central Bedfordshire,111.21,321,86148,29845.35,29.85,288648,813.45,51.62,2074.84,60.63
E06000056,2022-03-11,Central Bedfordshire,120.91,349,85827,29734.14,29.73,288648,761.83,52.66,2014.21,53.7
E06000056,2022-03-10,Central Bedfordshire,116.4,336,85478,29613.23,29.61,288648,709.17,52.31,1960.51,36.37
E06000056,2022-03-09,Central Bedfordshire,134.77,389,85142,29496.83,29.5,288648,656.86,60.63,1924.14,39.84
E06000056,2022-03-08,Central Bedfordshire,107.05,309,84753,29362.06,29.36,288648,596.23,47.46,1884.3,6.93
E06000056,2022-03-07,Central Bedfordshire,126.45,365,84444,29255.01,29.26,288648,548.77,58.2,1877.37,-6.24
E06000056,2022-03-06,Central Bedfordshire,96.66,279,84079,29128.56,29.13,288648,490.57,57.17,1883.61,-11.08
E06000056,2022-03-05,Central Bedfordshire,59.59,172,83800,29031.9,29.03,288648,433.4,21.13,1894.69,-14.9
E06000056,2022-03-04,Central Bedfordshire,68.25,197,83628,28972.31,28.97,288648,412.27,28.76,1909.59,-35.34
E06000056,2022-03-03,Central Bedfordshire,64.09,185,83431,28904.06,28.9,288648,383.51,12.82,1944.93,-64.44
E06000056,2022-03-02,Central Bedfordshire,74.14,214,83246,28839.97,28.84,288648,370.69,23.56,2009.37,-86.96
E06000056,2022-03-01,Central Bedfordshire,59.59,172,83032,28765.83,28.77,288648,347.13,8.66,2096.33,-105.32
E06000056,2022-02-28,Central Bedfordshire,68.25,197,82860,28706.24,28.71,288648,338.47,2.43,2201.65,-117.1
E06000056,2022-02-27,Central Bedfordshire,39.49,114,82663,28638.0,28.64,288648,336.04,-32.57,2318.75,-142.39
E06000056,2022-02-26,Central Bedfordshire,38.46,111,82549,28598.5,28.6,288648,368.61,-19.4,2461.14,-107.39
E06000056,2022-02-25,Central Bedfordshire,39.49,114,82438,28560.05,28.56,288648,388.01,-14.9,2568.53,-133.38
E06000056,2022-02-24,Central Bedfordshire,51.27,148,82324,28520.55,28.52,288648,402.91,-15.25,2701.91,-121.6
E06000056,2022-02-23,Central Bedfordshire,50.58,146,82176,28469.28,28.47,288648,418.16,-19.05,2823.51,-153.13
E06000056,2022-02-22,Central Bedfordshire,50.93,147,82030,28418.7,28.42,288648,437.21,-18.36,2976.64,-137.53
E06000056,2022-02-21,Central Bedfordshire,65.82,190,81883,28367.77,28.37,288648,455.57,-15.94,3114.17,-148.97
E06000056,2022-02-20,Central Bedfordshire,72.06,208,81693,28301.95,28.3,288648,471.51,12.13,3263.14,-128.88
E06000056,2022-02-19,Central Bedfordshire,57.86,167,81485,28229.89,28.23,288648,459.38,7.28,3392.02,-98.04
E06000056,2022-02-18,Central Bedfordshire,54.39,157,81318,28172.03,28.17,288648,452.1,-12.82,3490.06,-100.82
E06000056,2022-02-17,Central Bedfordshire,66.52,192,81161,28117.64,28.12,288648,464.92,-13.51,3590.88,-97.0
E06000056,2022-02-16,Central Bedfordshire,69.63,201,80969,28051.12,28.05,288648,478.43,-25.3,3687.88,-125.76
E06000056,2022-02-15,Central Bedfordshire,69.29,200,80768,27981.49,27.98,288648,503.73,-30.83,3813.64,-139.61
E06000056,2022-02-14,Central Bedfordshire,81.76,236,80568,27912.2,27.91,288648,534.56,-50.93,3953.25,-153.47
E06000056,2022-02-13,Central Bedfordshire,59.93,173,80332,27830.44,27.83,288648,585.49,-47.81,4106.72,-94.58
E06000056,2022-02-12,Central Bedfordshire,50.58,146,80159,27770.5,27.77,288648,633.3,-23.91,4201.3,-77.26
E06000056,2022-02-11,Central Bedfordshire,67.21,194,80013,27719.92,27.72,288648,657.21,-36.38,4278.56,-66.17
E06000056,2022-02-10,Central Bedfordshire,80.03,231,79819,27652.71,27.65,288648,693.59,-48.5,4344.73,-69.29
E06000056,2022-02-09,Central Bedfordshire,94.93,274,79588,27572.68,27.57,288648,742.09,-66.17,4414.02,-55.08
E06000056,2022-02-08,Central Bedfordshire,100.12,289,79314,27477.76,27.48,288648,808.26,-64.79,4469.1,-65.13
E06000056,2022-02-07,Central Bedfordshire,132.69,383,79025,27377.64,27.38,288648,873.05,-52.66,4534.23,-50.92
E06000056,2022-02-06,Central Bedfordshire,107.74,311,78642,27244.95,27.24,288648,925.71,-74.14,4585.15,-30.49
E06000056,2022-02-05,Central Bedfordshire,74.49,215,78331,27137.21,27.14,288648,999.85,-71.36,4615.64,-57.5
E06000056,2022-02-04,Central Bedfordshire,103.59,299,78116,27062.72,27.06,288648,1071.21,-69.28,4673.14,-59.24
E06000056,2022-02-03,Central Bedfordshire,128.53,371,77817,26959.13,26.96,288648,1140.49,-44.34,4732.38,-93.54
E06000056,2022-02-02,Central Bedfordshire,161.1,465,77446,26830.6,26.83,288648,1184.83,-42.61,4825.92,-139.27
E06000056,2022-02-01,Central Bedfordshire,164.91,476,76981,26669.51,26.67,288648,1227.44,-23.55,4965.19,-189.15
E06000056,2022-01-31,Central Bedfordshire,185.35,535,76505,26504.6,26.5,288648,1250.99,-29.44,5154.34,-112.94
E06000056,2022-01-30,Central Bedfordshire,181.88,525,75970,26319.25,26.32,288648,1280.43,-19.06,5267.28,-37.42
E06000056,2022-01-29,Central Bedfordshire,145.85,421,75445,26137.37,26.14,288648,1299.49,-10.05,5304.7,-31.18
E06000056,2022-01-28,Central Bedfordshire,172.87,499,75024,25991.52,25.99,288648,1309.54,17.66,5335.88,-66.87
E06000056,2022-01-27,Central Bedfordshire,172.87,499,74525,25818.64,25.82,288648,1291.88,9.35,5402.75,-154.52
E06000056,2022-01-26,Central Bedfordshire,203.71,588,74026,25645.77,25.65,288648,1282.53,8.32,5557.27,-189.85
E06000056,2022-01-25,Central Bedfordshire,188.46,544,73438,25442.06,25.44,288648,1274.21,-20.44,5747.12,-135.46
E06000056,2022-01-24,Central Bedfordshire,214.79,620,72894,25253.6,25.25,288648,1294.65,-20.44,5882.58,-75.53
E06000056,2022-01-23,Central Bedfordshire,200.94,580,72274,25038.8,25.04,288648,1315.09,46.43,5958.11,22.52
E06000056,2022-01-22,Central Bedfordshire,155.9,450,71694,24837.86,24.84,288648,1268.66,28.06,5935.59,28.06
E06000056,2022-01-21,Central Bedfordshire,155.21,448,71244,24681.97,24.68,288648,1240.6,21.83,5907.53,-59.93
E06000056,2022-01-20,Central Bedfordshire,163.52,472,70796,24526.76,24.53,288648,1218.77,14.2,5967.46,-93.19
E06000056,2022-01-19,Central Bedfordshire,195.39,564,70324,24363.24,24.36,288648,1204.57,45.38,6060.65,-57.17
E06000056,2022-01-18,Central Bedfordshire,208.9,603,69760,24167.84,24.17,288648,1159.19,43.65,6117.82,-50.24
E06000056,2022-01-17,Central Bedfordshire,235.23,679,69157,23958.94,23.96,288648,1115.54,51.62,6168.06,28.06
E06000056,2022-01-16,Central Bedfordshire,154.51,446,68478,23723.7,23.72,288648,1063.92,16.28,6140.0,2.77
E06000056,2022-01-15,Central Bedfordshire,127.84,369,68032,23569.19,23.57,288648,1047.64,-4.15,6137.23,-20.78
E06000056,2022-01-14,Central Bedfordshire,133.38,385,67663,23441.35,23.44,288648,1051.79,-29.45,6158.01,-27.72
E06000056,2022-01-13,Central Bedfordshire,149.32,431,67278,23307.97,23.31,288648,1081.24,-72.75,6185.73,-19.4
E06000056,2022-01-12,Central Bedfordshire,150.01,433,66847,23158.66,23.16,288648,1153.99,-150.36,6205.13,-57.16
E06000056,2022-01-11,Central Bedfordshire,165.25,477,66414,23008.65,23.01,288648,1304.35,-188.81,6262.29,-11.44
E06000056,2022-01-10,Central Bedfordshire,183.61,530,65937,22843.39,22.84,288648,1493.16,-114.68,6273.73,28.4
E06000056,2022-01-09,Central Bedfordshire,138.23,399,65407,22659.78,22.66,288648,1607.84,-81.07,6245.33,32.22
E06000056,2022-01-08,Central Bedfordshire,131.99,381,65008,22521.55,22.52,288648,1688.91,-45.04,6213.11,36.03
E06000056,2022-01-07,Central Bedfordshire,162.83,470,64627,22389.55,22.39,288648,1733.95,-76.91,6177.08,50.58
E06000056,2022-01-06,Central Bedfordshire,222.07,641,64157,22226.73,22.23,288648,1810.86,-105.32,6126.5,105.67
E06000056,2022-01-05,Central Bedfordshire,300.37,867,63516,22004.66,22.0,288648,1916.18,-93.19,6020.83,174.96
E06000056,2022-01-04,Central Bedfordshire,354.06,1022,62649,21704.29,21.7,288648,2009.37,30.14,5845.87,227.26
E06000056,2022-01-03,Central Bedfordshire,298.29,861,61627,21350.23,21.35,288648,1979.23,7.97,5618.61,187.43
E06000056,2022-01-02,Central Bedfordshire,219.3,633,60766,21051.94,21.05,288648,1971.26,40.88,5431.18,124.37
E06000056,2022-01-01,Central Bedfordshire,177.03,511,60133,20832.64,20.83,288648,1930.38,49.19,5306.81,87.65
E06000056,2021-12-31,Central Bedfordshire,239.74,692,59622,20655.61,20.66,288648,1881.19,24.6,5219.16,130.26
E06000056,2021-12-30,Central Bedfordshire,327.39,945,58930,20415.87,20.42,288648,1856.59,70.68,5088.9,221.03
E06000056,2021-12-29,Central Bedfordshire,393.56,1136,57985,20088.48,20.09,288648,1785.91,141.0,4867.87,266.07
E06000056,2021-12-28,Central Bedfordshire,323.92,935,56849,19694.92,19.69,288648,1644.91,64.78,4601.8,194.7
E06000056,2021-12-27,Central Bedfordshire,290.32,838,55914,19371.0,19.37,288648,1580.13,83.15,4407.1,168.03
E06000056,2021-12-26,Central Bedfordshire,178.42,515,55076,19080.68,19.08,288648,1496.98,26.68,4239.07,91.46
E06000056,2021-12-25,Central Bedfordshire,127.84,369,54561,18902.26,18.9,288648,1470.3,-20.78,4147.61,48.5
E06000056,2021-12-24,Central Bedfordshire,215.14,621,54192,18774.42,18.77,288648,1491.08,54.04,4099.11,141.35
E06000056,2021-12-23,Central Bedfordshire,256.71,741,53571,18559.28,18.56,288648,1437.04,87.99,3957.76,181.88
E06000056,2021-12-22,Central Bedfordshire,252.56,729,52830,18302.57,18.3,288648,1349.05,45.39,3775.88,161.1
E06000056,2021-12-21,Central Bedfordshire,259.14,748,52101,18050.01,18.05,288648,1303.66,82.45,3614.78,163.52
E06000056,2021-12-20,Central Bedfordshire,207.17,598,51353,17790.87,17.79,288648,1221.21,51.96,3451.26,95.62
E06000056,2021-12-19,Central Bedfordshire,151.74,438,50755,17583.7,17.58,288648,1169.25,45.73,3355.64,82.45
E06000056,2021-12-18,Central Bedfordshire,148.62,429,50317,17431.96,17.43,288648,1123.52,52.66,3273.19,84.53
E06000056,2021-12-17,Central Bedfordshire,161.1,465,49888,17283.33,17.28,288648,1070.86,48.85,3188.66,98.74
E06000056,2021-12-16,Central Bedfordshire,168.72,487,49423,17122.24,17.12,288648,1022.01,52.32,3089.92,90.77
E06000056,2021-12-15,Central Bedfordshire,207.17,598,48936,16953.52,16.95,288648,969.69,81.76,2999.15,126.8
E06000056,2021-12-14,Central Bedfordshire,176.69,510,48338,16746.35,16.75,288648,887.93,49.89,2872.35,102.2
E06000056,2021-12-13,Central Bedfordshire,155.21,448,47828,16569.66,16.57,288648,838.04,44.35,2770.15,63.75
E06000056,2021-12-12,Central Bedfordshire,106.01,306,47380,16414.46,16.41,288648,793.69,11.08,2706.4,38.45
E06000056,2021-12-11,Central Bedfordshire,95.96,277,47074,16308.44,16.31,288648,782.61,6.58,2667.95,34.99
E06000056,2021-12-10,Central Bedfordshire,112.25,324,46797,16212.48,16.21,288648,776.03,2.77,2632.96,37.76
E06000056,2021-12-09,Central Bedfordshire,116.4,336,46473,16100.23,16.1,288648,773.26,10.04,2595.2,27.36
E06000056,2021-12-08,Central Bedfordshire,125.41,362,46137,15983.83,15.98,288648,763.22,-2.08,2567.84,40.88
E06000056,2021-12-07,Central Bedfordshire,126.8,366,45775,15858.42,15.86,288648,765.3,-2.42,2526.96,47.12
E06000056,2021-12-06,Central Bedfordshire,110.86,320,45409,15731.62,15.73,288648,767.72,-11.43,2479.84,14.2
E06000056,2021-12-05,Central Bedfordshire,94.93,274,45089,15620.76,15.62,288648,779.15,7.97,2465.64,35.69
E06000056,2021-12-04,Central Bedfordshire,89.38,258,44815,15525.83,15.53,288648,771.18,10.04,2429.95,34.99
E06000056,2021-12-03,Central Bedfordshire,109.48,316,44557,15436.45,15.44,288648,761.14,35.69,2394.96,41.58
E06000056,2021-12-02,Central Bedfordshire,106.36,307,44241,15326.97,15.33,288648,725.45,31.53,2353.38,35.69
E06000056,2021-12-01,Central Bedfordshire,127.49,368,43934,15220.61,15.22,288648,693.92,36.03,2317.69,57.51
E06000056,2021-11-30,Central Bedfordshire,129.22,373,43566,15093.12,15.09,288648,657.89,33.6,2260.18,51.96
E06000056,2021-11-29,Central Bedfordshire,122.29,353,43193,14963.9,14.96,288648,624.29,10.74,2208.22,23.9
E06000056,2021-11-28,Central Bedfordshire,86.96,251,42840,14841.61,14.84,288648,613.55,17.67,2184.32,0.35
E06000056,2021-11-27,Central Bedfordshire,79.34,229,42589,14754.65,14.75,288648,595.88,15.25,2183.97,1.39
E06000056,2021-11-26,Central Bedfordshire,73.79,213,42360,14675.31,14.68,288648,580.63,11.43,2182.58,-22.52
E06000056,2021-11-25,Central Bedfordshire,74.83,216,42147,14601.52,14.6,288648,569.2,-3.12,2205.1,-1.04
E06000056,2021-11-24,Central Bedfordshire,91.46,264,41931,14526.69,14.53,288648,572.32,11.09,2206.14,1.04
E06000056,2021-11-23,Central Bedfordshire,95.62,276,41667,14435.23,14.44,288648,561.23,21.13,2205.1,5.54
E06000056,2021-11-22,Central Bedfordshire,111.55,322,41391,14339.61,14.34,288648,540.1,20.09,2199.56,11.43
E06000056,2021-11-21,Central Bedfordshire,69.29,200,41069,14228.06,14.23,288648,520.01,1.73,2188.13,-5.54
E06000056,2021-11-20,Central Bedfordshire,64.09,185,40869,14158.77,14.16,288648,518.28,3.12,2193.67,-7.62
E06000056,2021-11-19,Central Bedfordshire,62.36,180,40684,14094.68,14.09,288648,515.16,-12.13,2201.29,-20.79
E06000056,2021-11-18,Central Bedfordshire,77.95,225,40504,14032.32,14.03,288648,527.29,-11.09,2222.08,-9.7
E06000056,2021-11-17,Central Bedfordshire,80.37,232,40279,13954.37,13.95,288648,538.38,-4.16,2231.78,-20.1
E06000056,2021-11-16,Central Bedfordshire,74.49,215,40047,13873.99,13.87,288648,542.54,-5.19,2251.88,-33.25
E06000056,2021-11-15,Central Bedfordshire,91.46,264,39832,13799.51,13.8,288648,547.73,-5.2,2285.13,-24.94
E06000056,2021-11-14,Central Bedfordshire,67.56,195,39568,13708.05,13.71,288648,552.93,8.32,2310.07,-20.78
E06000056,2021-11-13,Central Bedfordshire,60.97,176,39373,13640.49,13.64,288648,544.61,6.58,2330.85,-0.35
E06000056,2021-11-12,Central Bedfordshire,74.49,215,39197,13579.52,13.58,288648,538.03,6.59,2331.2,19.41
E06000056,2021-11-11,Central Bedfordshire,89.04,257,38982,13505.03,13.51,288648,531.44,18.37,2311.79,20.79
E06000056,2021-11-10,Central Bedfordshire,84.53,244,38725,13415.99,13.42,288648,513.07,14.55,2291.0,17.32
E06000056,2021-11-09,Central Bedfordshire,79.68,230,38481,13331.46,13.33,288648,498.52,2.42,2273.68,19.4
E06000056,2021-11-08,Central Bedfordshire,96.66,279,38251,13251.78,13.25,288648,496.1,-1.73,2254.28,26.33
E06000056,2021-11-07,Central Bedfordshire,59.24,171,37972,13155.12,13.16,288648,497.83,-27.37,2227.95,12.12
E06000056,2021-11-06,Central Bedfordshire,54.39,157,37801,13095.88,13.1,288648,525.2,-23.56,2215.83,10.74
E06000056,2021-11-05,Central Bedfordshire,67.9,196,37644,13041.49,13.04,288648,548.76,-28.41,2205.09,22.86
E06000056,2021-11-04,Central Bedfordshire,70.67,204,37448,12973.59,12.97,288648,577.17,-5.2,2182.23,23.21
E06000056,2021-11-03,Central Bedfordshire,69.98,202,37244,12902.91,12.9,288648,582.37,-20.44,2159.02,18.01
E06000056,2021-11-02,Central Bedfordshire,77.26,223,37042,12832.93,12.83,288648,602.81,-12.82,2141.01,24.25
E06000056,2021-11-01,Central Bedfordshire,98.39,284,36819,12755.67,12.76,288648,615.63,-1.73,2116.76,44.34
E06000056,2021-10-31,Central Bedfordshire,86.61,250,36535,12657.28,12.66,288648,617.36,11.78,2072.42,46.77
E06000056,2021-10-30,Central Bedfordshire,77.95,225,36285,12570.67,12.57,288648,605.58,6.24,2025.65,47.46
E06000056,2021-10-29,Central Bedfordshire,96.31,278,36060,12492.72,12.49,288648,599.34,13.16,1978.19,64.44
E06000056,2021-10-28,Central Bedfordshire,75.87,219,35782,12396.41,12.4,288648,586.18,-11.78,1913.75,32.56
E06000056,2021-10-27,Central Bedfordshire,90.42,261,35563,12320.54,12.32,288648,597.96,-10.05,1881.19,45.04
E06000056,2021-10-26,Central Bedfordshire,90.08,260,35302,12230.12,12.23,288648,608.01,-17.66,1836.15,37.07
E06000056,2021-10-25,Central Bedfordshire,100.12,289,35042,12140.05,12.14,288648,625.67,-16.28,1799.08,44.0
E06000056,2021-10-24,Central Bedfordshire,74.83,216,34753,12039.92,12.04,288648,641.95,-13.51,1755.08,29.45
E06000056,2021-10-23,Central Bedfordshire,71.71,207,34537,11965.09,11.97,288648,655.46,10.39,1725.63,28.4
E06000056,2021-10-22,Central Bedfordshire,83.15,240,34330,11893.38,11.89,288648,645.07,28.07,1697.23,36.38
E06000056,2021-10-21,Central Bedfordshire,87.65,253,34090,11810.23,11.81,288648,617.0,19.4,1660.85,36.03
E06000056,2021-10-20,Central Bedfordshire,100.47,290,33837,11722.58,11.72,288648,597.6,33.26,1624.82,52.66
E06000056,2021-10-19,Central Bedfordshire,107.74,311,33547,11622.11,11.62,288648,564.34,47.46,1572.16,45.03
E06000056,2021-10-18,Central Bedfordshire,116.4,336,33236,11514.37,11.51,288648,516.88,46.07,1527.13,59.24
E06000056,2021-10-17,Central Bedfordshire,88.34,255,32900,11397.97,11.4,288648,470.81,41.22,1467.89,52.31
E06000056,2021-10-16,Central Bedfordshire,61.32,177,32645,11309.62,11.31,288648,429.59,17.67,1415.58,27.37
E06000056,2021-10-15,Central Bedfordshire,55.08,159,32468,11248.3,11.25,288648,411.92,10.04,1388.21,16.62
E06000056,2021-10-14,Central Bedfordshire,68.25,197,32309,11193.22,11.19,288648,401.88,20.79,1371.59,23.56
E06000056,2021-10-13,Central Bedfordshire,67.21,194,32112,11124.97,11.12,288648,381.09,15.24,1348.03,31.18
E06000056,2021-10-12,Central Bedfordshire,60.28,174,31918,11057.76,11.06,288648,365.85,7.27,1316.85,21.48
E06000056,2021-10-11,Central Bedfordshire,70.33,203,31744,10997.48,11.0,288648,358.58,16.28,1295.37,29.8
E06000056,2021-10-10,Central Bedfordshire,47.12,136,31541,10927.15,10.93,288648,342.3,7.28,1265.57,14.21
E06000056,2021-10-09,Central Bedfordshire,43.65,126,31405,10880.03,10.88,288648,335.02,13.16,1251.36,7.27
E06000056,2021-10-08,Central Bedfordshire,45.04,130,31279,10836.38,10.84,288648,321.86,13.17,1244.09,7.62
E06000056,2021-10-07,Central Bedfordshire,47.46,137,31149,10791.34,10.79,288648,308.69,4.15,1236.47,10.39
E06000056,2021-10-06,Central Bedfordshire,51.97,150,31012,10743.88,10.74,288648,304.54,6.59,1226.08,20.1
E06000056,2021-10-05,Central Bedfordshire,53.01,153,30862,10691.92,10.69,288648,297.95,0.0,1205.98,7.97
E06000056,2021-10-04,Central Bedfordshire,54.05,156,30709,10638.91,10.64,288648,297.95,-2.07,1198.01,-4.15
E06000056,2021-10-03,Central Bedfordshire,39.84,115,30553,10584.86,10.58,288648,300.02,-5.54,1202.16,-4.85
E06000056,2021-10-02,Central Bedfordshire,30.49,88,30438,10545.02,10.55,288648,305.56,-12.82,1207.01,-14.89
E06000056,2021-10-01,Central Bedfordshire,31.87,92,30350,10514.54,10.51,288648,318.38,-14.9,1221.9,-18.36
E06000056,2021-09-30,Central Bedfordshire,43.31,125,30258,10482.66,10.48,288648,333.28,-8.31,1240.26,-12.47
E06000056,2021-09-29,Central Bedfordshire,45.38,131,30133,10439.36,10.44,288648,341.59,-2.43,1252.73,-14.21
E06000056,2021-09-28,Central Bedfordshire,53.01,153,30002,10393.97,10.39,288648,344.02,-9.7,1266.94,-4.5
E06000056,2021-09-27,Central Bedfordshire,56.12,162,29849,10340.97,10.34,288648,353.72,-1.04,1271.44,22.86
E06000056,2021-09-26,Central Bedfordshire,45.38,131,29687,10284.85,10.28,288648,354.76,9.35,1248.58,18.01
E06000056,2021-09-25,Central Bedfordshire,43.31,125,29556,10239.46,10.24,288648,345.41,9.36,1230.57,10.4
E06000056,2021-09-24,Central Bedfordshire,46.77,135,29431,10196.16,10.2,288648,336.05,8.31,1220.17,10.74
E06000056,2021-09-23,Central Bedfordshire,51.62,149,29296,10149.39,10.15,288648,327.74,6.93,1209.43,5.54
E06000056,2021-09-22,Central Bedfordshire,47.81,138,29147,10097.77,10.1,288648,320.81,11.78,1203.89,-9.7
E06000056,2021-09-21,Central Bedfordshire,62.71,181,29009,10049.96,10.05,288648,309.03,23.91,1213.59,20.1
E06000056,2021-09-20,Central Bedfordshire,57.16,165,28828,9987.25,9.99,288648,285.12,16.63,1193.49,10.39
E06000056,2021-09-19,Central Bedfordshire,36.03,104,28663,9930.09,9.93,288648,268.49,3.12,1183.1,0.69
E06000056,2021-09-18,Central Bedfordshire,33.95,98,28559,9894.06,9.89,288648,265.37,-2.43,1182.41,-6.93
E06000056,2021-09-17,Central Bedfordshire,38.46,111,28461,9860.11,9.86,288648,267.8,1.04,1189.34,-2.77
E06000056,2021-09-16,Central Bedfordshire,44.69,129,28350,9821.65,9.82,288648,266.76,7.62,1192.11,-6.58
E06000056,2021-09-15,Central Bedfordshire,36.03,104,28221,9776.96,9.78,288648,259.14,4.16,1198.69,-12.13
E06000056,2021-09-14,Central Bedfordshire,38.8,112,28117,9740.93,9.74,288648,254.98,-6.24,1210.82,-6.58
E06000056,2021-09-13,Central Bedfordshire,40.53,117,28005,9702.13,9.7,288648,261.22,-17.67,1217.4,-3.47
E06000056,2021-09-12,Central Bedfordshire,32.91,95,27888,9661.59,9.66,288648,278.89,-11.78,1220.87,-4.85
E06000056,2021-09-11,Central Bedfordshire,36.38,105,27793,9628.68,9.63,288648,290.67,-9.0,1225.72,3.47
E06000056,2021-09-10,Central Bedfordshire,37.42,108,27688,9592.31,9.59,288648,299.67,-12.81,1222.25,-12.47
E06000056,2021-09-09,Central Bedfordshire,37.07,107,27580,9554.89,9.55,288648,312.48,-18.71,1234.72,-4.85
E06000056,2021-09-08,Central Bedfordshire,31.87,92,27473,9517.82,9.52,288648,331.19,-27.72,1239.57,-6.93
E06000056,2021-09-07,Central Bedfordshire,45.04,130,27381,9485.95,9.49,288648,358.91,-12.47,1246.5,6.93
E06000056,2021-09-06,Central Bedfordshire,58.2,168,27251,9440.91,9.44,288648,371.38,24.94,1239.57,16.63
E06000056,2021-09-05,Central Bedfordshire,44.69,129,27083,9382.71,9.38,288648,346.44,17.32,1222.94,16.97
E06000056,2021-09-04,Central Bedfordshire,45.38,131,26954,9338.02,9.34,288648,329.12,12.47,1205.97,21.13
E06000056,2021-09-03,Central Bedfordshire,50.23,145,26823,9292.63,9.29,288648,316.65,14.2,1184.84,12.81
E06000056,2021-09-02,Central Bedfordshire,55.78,161,26678,9242.4,9.24,288648,302.45,9.7,1172.03,17.32
E06000056,2021-09-01,Central Bedfordshire,59.59,172,26517,9186.62,9.19,288648,292.75,2.08,1154.71,20.1
E06000056,2021-08-31,Central Bedfordshire,57.51,166,26345,9127.03,9.13,288648,290.67,14.9,1134.61,22.17
E06000056,2021-08-30,Central Bedfordshire,33.26,96,26179,9069.52,9.07,288648,275.77,-13.51,1112.44,0.69
E06000056,2021-08-29,Central Bedfordshire,27.37,79,26083,9036.27,9.04,288648,289.28,-7.97,1111.75,-0.69
E06000056,2021-08-28,Central Bedfordshire,32.91,95,26004,9008.9,9.01,288648,297.25,-7.97,1112.44,4.85
E06000056,2021-08-27,Central Bedfordshire,36.03,104,25909,8975.98,8.98,288648,305.22,-5.2,1107.59,2.77
E06000056,2021-08-26,Central Bedfordshire,46.08,133,25805,8939.95,8.94,288648,310.42,-5.19,1104.82,7.97
E06000056,2021-08-25,Central Bedfordshire,57.51,166,25672,8893.88,8.89,288648,315.61,9.35,1096.85,10.05
E06000056,2021-08-24,Central Bedfordshire,42.61,123,25506,8836.37,8.84,288648,306.26,-2.77,1086.8,2.42
E06000056,2021-08-23,Central Bedfordshire,46.77,135,25383,8793.76,8.79,288648,309.03,2.77,1084.38,-0.69
E06000056,2021-08-22,Central Bedfordshire,35.34,102,25248,8746.99,8.75,288648,306.26,-2.42,1085.07,-4.15
E06000056,2021-08-21,Central Bedfordshire,40.88,118,25146,8711.65,8.71,288648,308.68,7.97,1089.22,3.12
E06000056,2021-08-20,Central Bedfordshire,41.23,119,25028,8670.77,8.67,288648,300.71,-8.66,1086.1,2.77
E06000056,2021-08-19,Central Bedfordshire,51.27,148,24909,8629.54,8.63,288648,309.37,9.35,1083.33,0.34
E06000056,2021-08-18,Central Bedfordshire,48.16,139,24761,8578.27,8.58,288648,300.02,9.36,1082.99,-11.43
E06000056,2021-08-17,Central Bedfordshire,45.38,131,24622,8530.11,8.53,288648,290.66,7.27,1094.42,-22.18
E06000056,2021-08-16,Central Bedfordshire,44.0,127,24491,8484.73,8.48,288648,283.39,2.43,1116.6,-42.26
E06000056,2021-08-15,Central Bedfordshire,37.76,109,24364,8440.73,8.44,288648,280.96,10.04,1158.86,-23.21
E06000056,2021-08-14,Central Bedfordshire,32.91,95,24255,8402.97,8.4,288648,270.92,8.66,1182.07,-40.54
E06000056,2021-08-13,Central Bedfordshire,49.89,144,24160,8370.06,8.37,288648,262.26,12.47,1222.61,-40.53
E06000056,2021-08-12,Central Bedfordshire,41.92,121,24016,8320.17,8.32,288648,249.79,3.46,1263.14,-75.52
E06000056,2021-08-11,Central Bedfordshire,38.8,112,23895,8278.25,8.28,288648,246.33,-0.69,1338.66,-52.31
E06000056,2021-08-10,Central Bedfordshire,38.11,110,23783,8239.45,8.24,288648,247.02,2.77,1390.97,-38.45
E06000056,2021-08-09,Central Bedfordshire,41.57,120,23673,8201.34,8.2,288648,244.25,9.0,1429.42,-20.79
E06000056,2021-08-08,Central Bedfordshire,27.72,80,23553,8159.77,8.16,288648,235.25,-0.34,1450.21,-13.51
E06000056,2021-08-07,Central Bedfordshire,24.25,70,23473,8132.05,8.13,288648,235.59,-3.81,1463.72,-13.17
E06000056,2021-08-06,Central Bedfordshire,37.42,108,23403,8107.8,8.11,288648,239.4,4.16,1476.89,-19.74
E06000056,2021-08-05,Central Bedfordshire,38.46,111,23295,8070.38,8.07,288648,235.24,0.35,1496.63,-9.0
E06000056,2021-08-04,Central Bedfordshire,39.49,114,23184,8031.93,8.03,288648,234.89,-7.97,1505.63,-16.29
E06000056,2021-08-03,Central Bedfordshire,35.34,102,23070,7992.43,7.99,288648,242.86,-4.85,1521.92,-14.55
E06000056,2021-08-02,Central Bedfordshire,32.57,94,22968,7957.1,7.96,288648,247.71,-14.89,1536.47,-25.63
E06000056,2021-08-01,Central Bedfordshire,28.06,81,22874,7924.53,7.92,288648,262.6,-11.43,1562.1,-16.63
E06000056,2021-07-31,Central Bedfordshire,28.06,81,22793,7896.47,7.9,288648,274.03,-9.7,1578.73,-9.7
E06000056,2021-07-30,Central Bedfordshire,33.26,96,22712,7868.41,7.87,288648,283.73,-5.2,1588.43,-6.58
E06000056,2021-07-29,Central Bedfordshire,38.11,110,22616,7835.15,7.84,288648,288.93,-12.82,1595.01,1.73
E06000056,2021-07-28,Central Bedfordshire,47.46,137,22506,7797.04,7.8,288648,301.75,-12.13,1593.28,11.43
E06000056,2021-07-27,Central Bedfordshire,40.19,116,22369,7749.58,7.75,288648,313.88,-27.37,1581.85,2.08
E06000056,2021-07-26,Central Bedfordshire,47.46,137,22253,7709.39,7.71,288648,341.25,-38.8,1579.77,10.04
E06000056,2021-07-25,Central Bedfordshire,39.49,114,22116,7661.93,7.66,288648,380.05,-21.48,1569.73,12.12
E06000056,2021-07-24,Central Bedfordshire,37.76,109,22002,7622.43,7.62,288648,401.53,-35.69,1557.61,17.32
E06000056,2021-07-23,Central Bedfordshire,38.46,111,21893,7584.67,7.58,288648,437.22,-51.96,1540.29,23.22
E06000056,2021-07-22,Central Bedfordshire,50.93,147,21782,7546.22,7.55,288648,489.18,-66.51,1517.07,32.22
E06000056,2021-07-21,Central Bedfordshire,59.59,172,21635,7495.29,7.5,288648,555.69,-31.52,1484.85,42.61
E06000056,2021-07-20,Central Bedfordshire,67.56,195,21463,7435.7,7.44,288648,587.21,-9.0,1442.24,54.05
E06000056,2021-07-19,Central Bedfordshire,86.26,249,21268,7368.14,7.37,288648,596.21,23.9,1388.19,75.17
E06000056,2021-07-18,Central Bedfordshire,60.97,176,21019,7281.88,7.28,288648,572.31,19.74,1313.02,54.73
E06000056,2021-07-17,Central Bedfordshire,73.45,212,20843,7220.91,7.22,288648,552.57,36.03,1258.29,66.87
E06000056,2021-07-16,Central Bedfordshire,90.42,261,20631,7147.46,7.15,288648,516.54,33.26,1191.42,82.11
E06000056,2021-07-15,Central Bedfordshire,117.44,339,20370,7057.04,7.06,288648,483.28,69.98,1109.31,109.13
E06000056,2021-07-14,Central Bedfordshire,91.11,263,20031,6939.59,6.94,288648,413.3,35.33,1000.18,82.45
E06000056,2021-07-13,Central Bedfordshire,76.56,221,19768,6848.48,6.85,288648,377.97,26.67,917.73,68.94
E06000056,2021-07-12,Central Bedfordshire,62.36,180,19547,6771.92,6.77,288648,351.3,4.16,848.79,50.58
E06000056,2021-07-11,Central Bedfordshire,41.23,119,19367,6709.56,6.71,288648,347.14,-3.46,798.21,33.61
E06000056,2021-07-10,Central Bedfordshire,37.42,108,19248,6668.33,6.67,288648,350.6,-0.34,764.6,27.72
E06000056,2021-07-09,Central Bedfordshire,57.16,165,19140,6630.91,6.63,288648,350.94,17.32,736.88,46.77
E06000056,2021-07-08,Central Bedfordshire,47.46,137,18975,6573.75,6.57,288648,333.62,11.08,690.11,39.15
E06000056,2021-07-07,Central Bedfordshire,55.78,161,18838,6526.29,6.53,288648,322.54,19.75,650.96,46.77
E06000056,2021-07-06,Central Bedfordshire,49.89,144,18677,6470.51,6.47,288648,302.79,11.78,604.19,38.11
E06000056,2021-07-05,Central Bedfordshire,58.2,168,18533,6420.62,6.42,288648,291.01,20.78,566.08,45.38
E06000056,2021-07-04,Central Bedfordshire,44.69,129,18365,6362.42,6.36,288648,270.23,17.32,520.7,36.03
E06000056,2021-07-03,Central Bedfordshire,37.76,109,18236,6317.73,6.32,288648,252.91,17.32,484.67,30.83
E06000056,2021-07-02,Central Bedfordshire,39.84,115,18127,6279.97,6.28,288648,235.59,24.6,453.84,31.18
E06000056,2021-07-01,Central Bedfordshire,36.38,105,18012,6240.13,6.24,288648,210.99,17.67,422.66,25.64
E06000056,2021-06-30,Central Bedfordshire,36.03,104,17907,6203.75,6.2,288648,193.32,19.05,397.02,27.02
E06000056,2021-06-29,Central Bedfordshire,38.11,110,17803,6167.72,6.17,288648,174.27,24.6,370.0,27.37
E06000056,2021-06-28,Central Bedfordshire,37.42,108,17693,6129.61,6.13,288648,149.67,26.33,342.63,28.76
E06000056,2021-06-27,Central Bedfordshire,27.37,79,17585,6092.2,6.09,288648,123.34,21.13,313.87,22.17
E06000056,2021-06-26,Central Bedfordshire,20.44,59,17506,6064.83,6.06,288648,102.21,13.86,291.7,14.2
E06000056,2021-06-25,Central Bedfordshire,15.24,44,17447,6044.39,6.04,288648,88.35,6.93,277.5,9.35
E06000056,2021-06-24,Central Bedfordshire,18.71,54,17403,6029.14,6.03,288648,81.42,10.4,268.15,11.43
E06000056,2021-06-23,Central Bedfordshire,16.98,49,17349,6010.43,6.01,288648,71.02,8.32,256.72,12.13
E06000056,2021-06-22,Central Bedfordshire,13.51,39,17300,5993.46,5.99,288648,62.7,5.89,244.59,5.54
E06000056,2021-06-21,Central Bedfordshire,11.09,32,17261,5979.95,5.98,288648,56.81,-0.69,239.05,5.2
E06000056,2021-06-20,Central Bedfordshire,6.24,18,17229,5968.86,5.97,288648,57.5,-1.38,233.85,0.7
E06000056,2021-06-19,Central Bedfordshire,6.58,19,17211,5962.63,5.96,288648,58.88,-3.12,233.15,2.08
E06000056,2021-06-18,Central Bedfordshire,8.31,24,17192,5956.04,5.96,288648,62.0,-2.08,231.07,1.73
E06000056,2021-06-17,Central Bedfordshire,8.31,24,17168,5947.73,5.95,288648,64.08,0.0,229.34,1.73
E06000056,2021-06-16,Central Bedfordshire,8.66,25,17144,5939.41,5.94,288648,64.08,-0.35,227.61,1.73
E06000056,2021-06-15,Central Bedfordshire,7.62,22,17119,5930.75,5.93,288648,64.43,-4.16,225.88,3.46
E06000056,2021-06-14,Central Bedfordshire,11.78,34,17097,5923.13,5.92,288648,68.59,-1.04,222.42,5.2
E06000056,2021-06-13,Central Bedfordshire,7.62,22,17063,5911.35,5.91,288648,69.63,-1.04,217.22,4.5
E06000056,2021-06-12,Central Bedfordshire,9.7,28,17041,5903.73,5.9,288648,70.67,2.77,212.72,6.93
E06000056,2021-06-11,Central Bedfordshire,10.39,30,17013,5894.03,5.89,288648,67.9,1.73,205.79,5.19
E06000056,2021-06-10,Central Bedfordshire,8.31,24,16983,5883.64,5.88,288648,66.17,-2.43,200.6,0.69
E06000056,2021-06-09,Central Bedfordshire,9.01,26,16959,5875.32,5.88,288648,68.6,0.0,199.91,2.43
E06000056,2021-06-08,Central Bedfordshire,11.78,34,16933,5866.31,5.87,288648,68.6,1.04,197.48,6.24
E06000056,2021-06-07,Central Bedfordshire,12.82,37,16899,5854.54,5.85,288648,67.56,4.16,191.24,9.36
E06000056,2021-06-06,Central Bedfordshire,8.66,25,16862,5841.72,5.84,288648,63.4,3.46,181.88,6.23
E06000056,2021-06-05,Central Bedfordshire,6.93,20,16837,5833.06,5.83,288648,59.94,0.69,175.65,5.2
E06000056,2021-06-04,Central Bedfordshire,8.66,25,16817,5826.13,5.83,288648,59.25,2.77,170.45,6.93
E06000056,2021-06-03,Central Bedfordshire,10.74,31,16792,5817.47,5.82,288648,56.48,3.46,163.52,7.62
E06000056,2021-06-02,Central Bedfordshire,9.01,26,16761,5806.73,5.81,288648,53.02,4.16,155.9,7.62
E06000056,2021-06-01,Central Bedfordshire,10.74,31,16735,5797.72,5.8,288648,48.86,2.77,148.28,6.58
E06000056,2021-05-31,Central Bedfordshire,8.66,25,16704,5786.98,5.79,288648,46.09,2.77,141.7,5.2
E06000056,2021-05-30,Central Bedfordshire,5.2,15,16679,5778.32,5.78,288648,43.32,-0.34,136.5,3.47
E06000056,2021-05-29,Central Bedfordshire,6.24,18,16664,5773.12,5.77,288648,43.66,1.74,133.03,4.85
E06000056,2021-05-28,Central Bedfordshire,5.89,17,16646,5766.89,5.77,288648,41.92,-0.69,128.18,5.2
E06000056,2021-05-27,Central Bedfordshire,7.28,21,16629,5761.0,5.76,288648,42.61,0.7,122.98,2.08
E06000056,2021-05-26,Central Bedfordshire,4.85,14,16608,5753.72,5.75,288648,41.91,-2.08,120.9,1.39
E06000056,2021-05-25,Central Bedfordshire,7.97,23,16594,5748.87,5.75,288648,43.99,3.81,119.51,4.51
E06000056,2021-05-24,Central Bedfordshire,5.89,17,16571,5740.9,5.74,288648,40.18,-0.69,115.0,1.39
E06000056,2021-05-23,Central Bedfordshire,5.54,16,16554,5735.01,5.74,288648,40.87,2.42,113.61,0.34
E06000056,2021-05-22,Central Bedfordshire,4.5,13,16538,5729.47,5.73,288648,38.45,1.73,113.27,2.42
E06000056,2021-05-21,Central Bedfordshire,6.58,19,16525,5724.97,5.72,288648,36.72,1.38,110.85,3.46
E06000056,2021-05-20,Central Bedfordshire,6.58,19,16506,5718.38,5.72,288648,35.34,-1.04,107.39,4.5
E06000056,2021-05-19,Central Bedfordshire,6.93,20,16487,5711.8,5.71,288648,36.38,0.35,102.89,4.16
E06000056,2021-05-18,Central Bedfordshire,4.16,12,16467,5704.87,5.7,288648,36.03,-1.38,98.73,1.73
E06000056,2021-05-17,Central Bedfordshire,6.58,19,16455,5700.72,5.7,288648,37.41,3.12,97.0,4.5
E06000056,2021-05-16,Central Bedfordshire,3.12,9,16436,5694.13,5.69,288648,34.29,0.69,92.5,0.0
E06000056,2021-05-15,Central Bedfordshire,2.77,8,16427,5691.01,5.69,288648,33.6,1.04,92.5,2.08
E06000056,2021-05-14,Central Bedfordshire,5.2,15,16419,5688.24,5.69,288648,32.56,3.47,90.42,2.43
E06000056,2021-05-13,Central Bedfordshire,7.62,22,16404,5683.05,5.68,288648,29.09,4.5,87.99,3.12
E06000056,2021-05-12,Central Bedfordshire,6.58,19,16382,5675.42,5.68,288648,24.59,5.19,84.87,4.5
E06000056,2021-05-11,Central Bedfordshire,5.54,16,16363,5668.84,5.67,288648,19.4,1.38,80.37,3.81
E06000056,2021-05-10,Central Bedfordshire,3.46,10,16347,5663.3,5.66,288648,18.02,0.0,76.56,-1.04
E06000056,2021-05-09,Central Bedfordshire,2.43,7,16337,5659.83,5.66,288648,18.02,0.7,77.6,0.35
E06000056,2021-05-08,Central Bedfordshire,1.73,5,16330,5657.41,5.66,288648,17.32,0.34,77.25,-0.7
E06000056,2021-05-07,Central Bedfordshire,1.73,5,16325,5655.68,5.66,288648,16.98,1.04,77.95,-1.73
E06000056,2021-05-06,Central Bedfordshire,3.12,9,16320,5653.95,5.65,288648,15.94,-2.08,79.68,-2.08
E06000056,2021-05-05,Central Bedfordshire,1.39,4,16311,5650.83,5.65,288648,18.02,-2.07,81.76,-3.46
E06000056,2021-05-04,Central Bedfordshire,4.16,12,16307,5649.44,5.65,288648,20.09,0.7,85.22,-1.38
E06000056,2021-05-03,Central Bedfordshire,3.46,10,16295,5645.28,5.65,288648,19.39,-1.04,86.6,0.69
E06000056,2021-05-02,Central Bedfordshire,1.73,5,16285,5641.82,5.64,288648,20.43,-3.47,85.91,-0.7
E06000056,2021-05-01,Central Bedfordshire,1.39,4,16280,5640.09,5.64,288648,23.9,-0.69,86.61,-0.69
E06000056,2021-04-30,Central Bedfordshire,0.69,2,16276,5638.7,5.64,288648,24.59,-2.43,87.3,-2.08
E06000056,2021-04-29,Central Bedfordshire,5.2,15,16274,5638.01,5.64,288648,27.02,3.12,89.38,0.0
E06000056,2021-04-28,Central Bedfordshire,3.46,10,16259,5632.81,5.63,288648,23.9,0.69,89.38,-1.74
E06000056,2021-04-27,Central Bedfordshire,3.46,10,16249,5629.35,5.63,288648,23.21,1.03,91.12,-1.74
E06000056,2021-04-26,Central Bedfordshire,4.5,13,16239,5625.88,5.63,288648,22.18,2.42,92.86,1.38
E06000056,2021-04-25,Central Bedfordshire,5.2,15,16226,5621.38,5.62,288648,19.76,2.08,91.48,-4.5
E06000056,2021-04-24,Central Bedfordshire,2.08,6,16211,5616.18,5.62,288648,17.68,1.39,95.98,-3.46
E06000056,2021-04-23,Central Bedfordshire,3.12,9,16205,5614.1,5.61,288648,16.29,0.35,99.44,-3.46
E06000056,2021-04-22,Central Bedfordshire,2.08,6,16196,5610.99,5.61,288648,15.94,-2.42,102.9,-4.5
E06000056,2021-04-21,Central Bedfordshire,2.77,8,16190,5608.91,5.61,288648,18.36,0.69,107.4,-10.05
E06000056,2021-04-20,Central Bedfordshire,2.43,7,16182,5606.14,5.61,288648,17.67,0.7,117.45,-7.62
E06000056,2021-04-19,Central Bedfordshire,2.08,6,16175,5603.71,5.6,288648,16.97,-2.42,125.07,-3.81
E06000056,2021-04-18,Central Bedfordshire,3.12,9,16169,5601.63,5.6,288648,19.39,1.04,128.88,-6.58
E06000056,2021-04-17,Central Bedfordshire,0.69,2,16160,5598.51,5.6,288648,18.35,-1.74,135.46,-8.66
E06000056,2021-04-16,Central Bedfordshire,2.77,8,16158,5597.82,5.6,288648,20.09,-0.69,144.12,-1.73
E06000056,2021-04-15,Central Bedfordshire,4.5,13,16150,5595.05,5.6,288648,20.78,-0.7,145.85,-3.12
E06000056,2021-04-14,Central Bedfordshire,2.08,6,16137,5590.55,5.59,288648,21.48,-2.77,148.97,-6.23
E06000056,2021-04-13,Central Bedfordshire,1.73,5,16131,5588.47,5.59,288648,24.25,-3.81,155.2,-3.81
E06000056,2021-04-12,Central Bedfordshire,4.5,13,16126,5586.74,5.59,288648,28.06,1.73,159.01,-3.12
E06000056,2021-04-11,Central Bedfordshire,2.08,6,16113,5582.23,5.58,288648,26.33,-0.35,162.13,-4.16
E06000056,2021-04-10,Central Bedfordshire,2.43,7,16107,5580.15,5.58,288648,26.68,0.35,166.29,-1.38
E06000056,2021-04-09,Central Bedfordshire,3.46,10,16100,5577.73,5.58,288648,26.33,0.69,167.67,-1.04
E06000056,2021-04-08,Central Bedfordshire,5.2,15,16090,5574.26,5.57,288648,25.64,0.0,168.71,-1.38
E06000056,2021-04-07,Central Bedfordshire,4.85,14,16075,5569.07,5.57,288648,25.64,-0.35,170.09,-3.81
E06000056,2021-04-06,Central Bedfordshire,5.54,16,16061,5564.22,5.56,288648,25.99,0.34,173.9,-5.2
E06000056,2021-04-05,Central Bedfordshire,2.77,8,16045,5558.67,5.56,288648,25.65,-0.35,179.1,-4.51
E06000056,2021-04-04,Central Bedfordshire,2.43,7,16037,5555.9,5.56,288648,26.0,-7.27,183.61,-4.15
E06000056,2021-04-03,Central Bedfordshire,2.08,6,16030,5553.48,5.55,288648,33.27,-3.46,187.76,-0.69
E06000056,2021-04-02,Central Bedfordshire,2.77,8,16024,5551.4,5.55,288648,36.73,-3.81,188.45,-3.47
E06000056,2021-04-01,Central Bedfordshire,5.2,15,16016,5548.63,5.55,288648,40.54,-1.38,191.92,-4.15
E06000056,2021-03-31,Central Bedfordshire,5.2,15,16001,5543.43,5.54,288648,41.92,-7.62,196.07,0.0
E06000056,2021-03-30,Central Bedfordshire,5.2,15,15986,5538.23,5.54,288648,49.54,-4.85,196.07,-4.5
E06000056,2021-03-29,Central Bedfordshire,3.12,9,15971,5533.04,5.53,288648,54.39,-2.77,200.57,-5.54
E06000056,2021-03-28,Central Bedfordshire,9.7,28,15962,5529.92,5.53,288648,57.16,0.0,206.11,2.08
E06000056,2021-03-27,Central Bedfordshire,5.54,16,15934,5520.22,5.52,288648,57.16,-3.81,204.03,2.08
E06000056,2021-03-26,Central Bedfordshire,6.58,19,15918,5514.68,5.51,288648,60.97,2.08,201.95,-1.04
E06000056,2021-03-25,Central Bedfordshire,6.58,19,15899,5508.09,5.51,288648,58.89,-1.04,202.99,-2.08
E06000056,2021-03-24,Central Bedfordshire,12.82,37,15880,5501.51,5.5,288648,59.93,4.51,205.07,1.73
E06000056,2021-03-23,Central Bedfordshire,10.05,29,15843,5488.69,5.49,288648,55.42,4.51,203.34,-3.81
E06000056,2021-03-22,Central Bedfordshire,5.89,17,15814,5478.65,5.48,288648,50.91,-1.73,207.15,-9.35
E06000056,2021-03-21,Central Bedfordshire,9.7,28,15797,5472.76,5.47,288648,52.64,3.46,216.5,1.04
E06000056,2021-03-20,Central Bedfordshire,9.35,27,15769,5463.06,5.46,288648,49.18,5.54,215.46,-1.74
E06000056,2021-03-19,Central Bedfordshire,4.5,13,15742,5453.7,5.45,288648,43.64,0.0,217.2,-7.63
E06000056,2021-03-18,Central Bedfordshire,7.62,22,15729,5449.2,5.45,288648,43.64,1.04,224.83,-6.24
E06000056,2021-03-17,Central Bedfordshire,8.31,24,15707,5441.58,5.44,288648,42.6,-0.35,231.07,-9.71
E06000056,2021-03-16,Central Bedfordshire,5.54,16,15683,5433.26,5.43,288648,42.95,-5.2,240.78,-9.36
E06000056,2021-03-15,Central Bedfordshire,7.62,22,15667,5427.72,5.43,288648,48.15,0.34,250.14,-6.58
E06000056,2021-03-14,Central Bedfordshire,6.24,18,15645,5420.1,5.42,288648,47.81,-0.34,256.72,-4.85
E06000056,2021-03-13,Central Bedfordshire,3.81,11,15627,5413.86,5.41,288648,48.15,1.04,261.57,-7.62
E06000056,2021-03-12,Central Bedfordshire,4.5,13,15616,5410.05,5.41,288648,47.11,-1.74,269.19,-14.9
E06000056,2021-03-11,Central Bedfordshire,6.58,19,15603,5405.55,5.41,288648,48.85,-2.77,284.09,-11.09
E06000056,2021-03-10,Central Bedfordshire,8.66,25,15584,5398.96,5.4,288648,51.62,3.46,295.18,-9.36
E06000056,2021-03-09,Central Bedfordshire,10.74,31,15559,5390.3,5.39,288648,48.16,1.04,304.54,-11.78
E06000056,2021-03-08,Central Bedfordshire,7.28,21,15528,5379.56,5.38,288648,47.12,-1.38,316.32,-16.97
E06000056,2021-03-07,Central Bedfordshire,6.58,19,15507,5372.29,5.37,288648,48.5,-1.04,333.29,-13.17
E06000056,2021-03-06,Central Bedfordshire,2.77,8,15488,5365.7,5.37,288648,49.54,-0.69,346.46,-13.17
E06000056,2021-03-05,Central Bedfordshire,6.24,18,15480,5362.93,5.36,288648,50.23,-1.38,359.63,-17.66
E06000056,2021-03-04,Central Bedfordshire,9.35,27,15462,5356.7,5.36,288648,51.61,0.69,377.29,-14.21
E06000056,2021-03-03,Central Bedfordshire,5.2,15,15435,5347.34,5.35,288648,50.92,-5.89,391.5,-21.13
E06000056,2021-03-02,Central Bedfordshire,9.7,28,15420,5342.15,5.34,288648,56.81,-4.16,412.63,-21.13
E06000056,2021-03-01,Central Bedfordshire,8.66,25,15392,5332.45,5.33,288648,60.97,-6.58,433.76,-22.17
E06000056,2021-02-28,Central Bedfordshire,7.62,22,15367,5323.79,5.32,288648,67.55,-1.04,455.93,-14.21
E06000056,2021-02-27,Central Bedfordshire,3.46,10,15345,5316.16,5.32,288648,68.59,-7.63,470.14,-25.29
E06000056,2021-02-26,Central Bedfordshire,7.62,22,15335,5312.7,5.31,288648,76.22,-4.51,495.43,-37.07
E06000056,2021-02-25,Central Bedfordshire,8.66,25,15313,5305.08,5.31,288648,80.73,-5.2,532.5,-30.83
E06000056,2021-02-24,Central Bedfordshire,11.09,32,15288,5296.42,5.3,288648,85.93,-6.93,563.33,-25.29
E06000056,2021-02-23,Central Bedfordshire,13.86,40,15256,5285.33,5.29,288648,92.86,-1.04,588.62,-30.48
E06000056,2021-02-22,Central Bedfordshire,15.24,44,15216,5271.47,5.27,288648,93.9,1.04,619.1,-21.83
E06000056,2021-02-21,Central Bedfordshire,8.66,25,15172,5256.23,5.26,288648,92.86,-2.43,640.93,-15.94
E06000056,2021-02-20,Central Bedfordshire,11.09,32,15147,5247.57,5.25,288648,95.29,-0.34,656.87,-20.09
E06000056,2021-02-19,Central Bedfordshire,12.13,35,15115,5236.48,5.24,288648,95.63,-7.27,676.96,-32.91
E06000056,2021-02-18,Central Bedfordshire,13.86,40,15080,5224.36,5.22,288648,102.9,-3.81,709.87,-42.26
E06000056,2021-02-17,Central Bedfordshire,18.02,52,15040,5210.5,5.21,288648,106.71,0.0,752.13,-36.72
E06000056,2021-02-16,Central Bedfordshire,14.9,43,14988,5192.48,5.19,288648,106.71,-7.62,788.85,-45.38
E06000056,2021-02-15,Central Bedfordshire,14.2,41,14945,5177.59,5.18,288648,114.33,-10.05,834.23,-59.59
E06000056,2021-02-14,Central Bedfordshire,11.09,32,14904,5163.38,5.16,288648,124.38,-8.66,893.82,-30.48
E06000056,2021-02-13,Central Bedfordshire,11.43,33,14872,5152.3,5.15,288648,133.04,-4.51,924.3,-24.95
E06000056,2021-02-12,Central Bedfordshire,19.4,56,14839,5140.86,5.14,288648,137.55,-4.5,949.25,-41.92
E06000056,2021-02-11,Central Bedfordshire,17.67,51,14783,5121.46,5.12,288648,142.05,-5.89,991.17,-60.97
E06000056,2021-02-10,Central Bedfordshire,18.02,52,14732,5103.79,5.1,288648,147.94,-8.31,1052.14,-52.65
E06000056,2021-02-09,Central Bedfordshire,22.52,65,14680,5085.78,5.09,288648,156.25,-8.31,1104.79,-36.03
E06000056,2021-02-08,Central Bedfordshire,24.25,70,14615,5063.26,5.06,288648,164.56,-6.58,1140.82,-60.63
E06000056,2021-02-07,Central Bedfordshire,19.75,57,14545,5039.01,5.04,288648,171.14,-2.08,1201.45,-36.03
E06000056,2021-02-06,Central Bedfordshire,15.94,46,14488,5019.26,5.02,288648,173.22,-12.81,1237.48,-45.73
E06000056,2021-02-05,Central Bedfordshire,23.9,69,14442,5003.33,5.0,288648,186.03,-20.79,1283.21,-30.49
E06000056,2021-02-04,Central Bedfordshire,23.56,68,14373,4979.42,4.98,288648,206.82,-15.93,1313.7,-46.42
E06000056,2021-02-03,Central Bedfordshire,26.33,76,14305,4955.86,4.96,288648,222.75,-10.05,1360.12,-42.61
E06000056,2021-02-02,Central Bedfordshire,30.83,89,14229,4929.53,4.93,288648,232.8,-13.51,1402.73,-72.41
E06000056,2021-02-01,Central Bedfordshire,30.83,89,14140,4898.7,4.9,288648,246.31,-6.24,1475.14,-85.57
E06000056,2021-01-31,Central Bedfordshire,21.83,63,14051,4867.87,4.87,288648,252.55,-2.77,1560.71,-60.97
E06000056,2021-01-30,Central Bedfordshire,28.75,83,13988,4846.04,4.85,288648,255.32,-2.43,1621.68,-62.02
E06000056,2021-01-29,Central Bedfordshire,44.69,129,13905,4817.29,4.82,288648,257.75,-0.35,1683.7,-2.43
E06000056,2021-01-28,Central Bedfordshire,39.49,114,13776,4772.59,4.77,288648,258.1,-16.63,1686.13,-36.03
E06000056,2021-01-27,Central Bedfordshire,36.38,105,13662,4733.1,4.73,288648,274.73,-18.36,1722.16,-65.82
E06000056,2021-01-26,Central Bedfordshire,44.34,128,13557,4696.72,4.7,288648,293.09,-15.94,1787.98,-139.27
E06000056,2021-01-25,Central Bedfordshire,37.07,107,13429,4652.38,4.65,288648,309.03,-36.72,1927.25,-37.07
E06000056,2021-01-24,Central Bedfordshire,24.6,71,13322,4615.31,4.62,288648,345.75,-16.97,1964.32,-66.17
E06000056,2021-01-23,Central Bedfordshire,31.18,90,13251,4590.71,4.59,288648,362.72,-5.2,2030.49,-49.54
E06000056,2021-01-22,Central Bedfordshire,45.04,130,13161,4559.53,4.56,288648,367.92,-16.28,2080.03,20.1
E06000056,2021-01-21,Central Bedfordshire,56.12,162,13031,4514.5,4.51,288648,384.2,-22.52,2059.93,-1.04
E06000056,2021-01-20,Central Bedfordshire,54.74,158,12869,4458.37,4.46,288648,406.72,-15.93,2060.97,-42.96
E06000056,2021-01-19,Central Bedfordshire,60.28,174,12711,4403.63,4.4,288648,422.65,1.73,2103.93,-30.14
E06000056,2021-01-18,Central Bedfordshire,73.79,213,12537,4343.35,4.34,288648,420.92,-11.09,2134.07,-19.06
E06000056,2021-01-17,Central Bedfordshire,41.57,120,12324,4269.56,4.27,288648,432.01,-14.21,2153.13,-19.4
E06000056,2021-01-16,Central Bedfordshire,36.38,105,12204,4227.99,4.23,288648,446.22,-25.29,2172.53,-15.93
E06000056,2021-01-15,Central Bedfordshire,61.32,177,12099,4191.61,4.19,288648,471.51,6.93,2188.46,-21.13
E06000056,2021-01-14,Central Bedfordshire,78.64,227,11922,4130.29,4.13,288648,464.58,8.66,2209.59,8.31
E06000056,2021-01-13,Central Bedfordshire,70.67,204,11695,4051.65,4.05,288648,455.92,1.73,2201.28,-0.35
E06000056,2021-01-12,Central Bedfordshire,58.55,169,11491,3980.97,3.98,288648,454.19,-44.69,2201.63,4.5
E06000056,2021-01-11,Central Bedfordshire,84.88,245,11322,3922.42,3.92,288648,498.88,-31.52,2197.13,29.45
E06000056,2021-01-10,Central Bedfordshire,55.78,161,11077,3837.55,3.84,288648,530.4,-27.02,2167.68,13.51
E06000056,2021-01-09,Central Bedfordshire,61.67,178,10916,3781.77,3.78,288648,557.42,-29.1,2154.17,28.07
E06000056,2021-01-08,Central Bedfordshire,54.39,157,10738,3720.1,3.72,288648,586.52,7.27,2126.1,5.2
E06000056,2021-01-07,Central Bedfordshire,69.98,202,10581,3665.71,3.67,288648,579.25,-5.54,2120.9,23.56
E06000056,2021-01-06,Central Bedfordshire,68.94,199,10379,3595.73,3.6,288648,584.79,-33.26,2097.34,32.56
E06000056,2021-01-05,Central Bedfordshire,103.24,298,10180,3526.79,3.53,288648,618.05,-80.37,2064.78,66.86
E06000056,2021-01-04,Central Bedfordshire,116.4,336,9882,3423.55,3.42,288648,698.42,42.26,1997.92,75.17
E06000056,2021-01-03,Central Bedfordshire,82.8,239,9546,3307.14,3.31,288648,656.16,-7.97,1922.75,61.32
E06000056,2021-01-02,Central Bedfordshire,90.77,262,9307,3224.34,3.22,288648,664.13,10.05,1861.43,73.79
E06000056,2021-01-01,Central Bedfordshire,47.12,136,9045,3133.57,3.13,288648,654.08,22.18,1787.64,25.99
E06000056,2020-12-31,Central Bedfordshire,75.52,218,8909,3086.46,3.09,288648,631.9,18.36,1761.65,58.89
E06000056,2020-12-30,Central Bedfordshire,102.2,295,8691,3010.93,3.01,288648,613.54,4.5,1702.76,84.18
E06000056,2020-12-29,Central Bedfordshire,183.61,530,8396,2908.73,2.91,288648,609.04,93.19,1618.58,169.41
E06000056,2020-12-28,Central Bedfordshire,74.14,214,7866,2725.12,2.73,288648,515.85,-18.71,1449.17,56.47
E06000056,2020-12-27,Central Bedfordshire,90.77,262,7652,2650.98,2.65,288648,534.56,29.8,1392.7,80.38
E06000056,2020-12-26,Central Bedfordshire,80.72,233,7390,2560.21,2.56,288648,504.76,28.41,1312.32,72.75
E06000056,2020-12-25,Central Bedfordshire,24.94,72,7157,2479.49,2.48,288648,476.35,-57.51,1239.57,15.93
E06000056,2020-12-24,Central Bedfordshire,57.16,165,7085,2454.55,2.45,288648,533.86,-13.17,1223.64,42.96
E06000056,2020-12-23,Central Bedfordshire,97.7,282,6920,2397.38,2.4,288648,547.03,26.68,1180.68,83.84
E06000056,2020-12-22,Central Bedfordshire,90.42,261,6638,2299.69,2.3,288648,520.35,36.37,1096.84,74.14
E06000056,2020-12-21,Central Bedfordshire,92.85,268,6377,2209.27,2.21,288648,483.98,37.42,1022.7,83.5
E06000056,2020-12-20,Central Bedfordshire,60.97,176,6109,2116.42,2.12,288648,446.56,18.7,939.2,47.46
E06000056,2020-12-19,Central Bedfordshire,52.31,151,5933,2055.44,2.06,288648,427.86,18.71,891.74,47.11
E06000056,2020-12-18,Central Bedfordshire,82.45,238,5782,2003.13,2.0,288648,409.15,33.26,844.63,72.06
E06000056,2020-12-17,Central Bedfordshire,70.33,203,5544,1920.68,1.92,288648,375.89,23.91,772.57,62.71
E06000056,2020-12-16,Central Bedfordshire,71.02,205,5341,1850.35,1.85,288648,351.98,34.64,709.86,57.16
E06000056,2020-12-15,Central Bedfordshire,54.05,156,5136,1779.33,1.78,288648,317.34,17.67,652.7,35.69
E06000056,2020-12-14,Central Bedfordshire,55.43,160,4980,1725.28,1.73,288648,299.67,14.2,617.01,38.45
E06000056,2020-12-13,Central Bedfordshire,42.27,122,4820,1669.85,1.67,288648,285.47,20.79,578.56,32.57
E06000056,2020-12-12,Central Bedfordshire,33.6,97,4698,1627.59,1.63,288648,264.68,16.62,545.99,20.44
E06000056,2020-12-11,Central Bedfordshire,49.19,142,4601,1593.98,1.59,288648,248.06,28.06,525.55,33.25
E06000056,2020-12-10,Central Bedfordshire,46.42,134,4459,1544.79,1.54,288648,220.0,29.79,492.3,28.06
E06000056,2020-12-09,Central Bedfordshire,36.38,105,4325,1498.36,1.5,288648,190.21,18.36,464.24,15.59
E06000056,2020-12-08,Central Bedfordshire,36.38,105,4220,1461.99,1.46,288648,171.85,22.18,448.65,15.94
E06000056,2020-12-07,Central Bedfordshire,41.23,119,4115,1425.61,1.43,288648,149.67,23.56,432.71,14.9
E06000056,2020-12-06,Central Bedfordshire,21.48,62,3996,1384.39,1.38,288648,126.11,11.09,417.81,2.77
E06000056,2020-12-05,Central Bedfordshire,16.98,49,3934,1362.91,1.36,288648,115.02,9.01,415.04,1.04
E06000056,2020-12-04,Central Bedfordshire,21.13,61,3885,1345.93,1.35,288648,106.01,12.12,414.0,6.93
E06000056,2020-12-03,Central Bedfordshire,16.63,48,3824,1324.8,1.32,288648,93.89,2.43,407.07,5.89
E06000056,2020-12-02,Central Bedfordshire,18.02,52,3776,1308.17,1.31,288648,91.46,4.16,401.18,0.7
E06000056,2020-12-01,Central Bedfordshire,14.2,41,3724,1290.15,1.29,288648,87.3,-2.08,400.48,-7.97
E06000056,2020-11-30,Central Bedfordshire,17.67,51,3683,1275.95,1.28,288648,89.38,8.32,408.45,-2.77
E06000056,2020-11-29,Central Bedfordshire,10.39,30,3632,1258.28,1.26,288648,81.06,-3.12,411.22,0.34
E06000056,2020-11-28,Central Bedfordshire,7.97,23,3602,1247.89,1.25,288648,84.18,2.77,410.88,-5.19
E06000056,2020-11-27,Central Bedfordshire,9.01,26,3579,1239.92,1.24,288648,81.41,-1.38,416.07,-10.04
E06000056,2020-11-26,Central Bedfordshire,14.2,41,3553,1230.91,1.23,288648,82.79,6.58,426.11,-3.82
E06000056,2020-11-25,Central Bedfordshire,13.86,40,3512,1216.71,1.22,288648,76.21,0.0,429.93,0.35
E06000056,2020-11-24,Central Bedfordshire,16.28,47,3472,1202.85,1.2,288648,76.21,-2.08,429.58,6.93
E06000056,2020-11-23,Central Bedfordshire,9.35,27,3425,1186.57,1.19,288648,78.29,-7.63,422.65,-4.85
E06000056,2020-11-22,Central Bedfordshire,13.51,39,3398,1177.21,1.18,288648,85.92,3.81,427.5,7.27
E06000056,2020-11-21,Central Bedfordshire,5.2,15,3359,1163.7,1.16,288648,82.11,-7.96,420.23,-2.77
E06000056,2020-11-20,Central Bedfordshire,10.39,30,3344,1158.5,1.16,288648,90.07,-5.55,423.0,-0.7
E06000056,2020-11-19,Central Bedfordshire,7.62,22,3314,1148.11,1.15,288648,95.62,-10.74,423.7,-10.05
E06000056,2020-11-18,Central Bedfordshire,13.86,40,3292,1140.49,1.14,288648,106.36,-6.93,433.75,-0.34
E06000056,2020-11-17,Central Bedfordshire,18.36,53,3252,1126.63,1.13,288648,113.29,-2.08,434.09,10.74
E06000056,2020-11-16,Central Bedfordshire,16.98,49,3199,1108.27,1.11,288648,115.37,-9.35,423.35,5.55
E06000056,2020-11-15,Central Bedfordshire,9.7,28,3150,1091.29,1.09,288648,124.72,-9.01,417.8,2.42
E06000056,2020-11-14,Central Bedfordshire,13.16,38,3122,1081.59,1.08,288648,133.73,-2.78,415.38,8.31
E06000056,2020-11-13,Central Bedfordshire,15.94,46,3084,1068.43,1.07,288648,136.51,1.74,407.07,6.59
E06000056,2020-11-12,Central Bedfordshire,18.36,53,3038,1052.49,1.05,288648,134.77,7.62,400.48,12.82
E06000056,2020-11-11,Central Bedfordshire,20.79,60,2985,1034.13,1.03,288648,127.15,3.47,387.66,13.17
E06000056,2020-11-10,Central Bedfordshire,20.44,59,2925,1013.34,1.01,288648,123.68,-1.73,374.49,10.05
E06000056,2020-11-09,Central Bedfordshire,26.33,76,2866,992.9,0.99,288648,125.41,5.89,364.44,14.55
E06000056,2020-11-08,Central Bedfordshire,18.71,54,2790,966.58,0.97,288648,119.52,8.66,349.89,12.82
E06000056,2020-11-07,Central Bedfordshire,15.94,46,2736,947.87,0.95,288648,110.86,2.78,337.07,10.74
E06000056,2020-11-06,Central Bedfordshire,14.2,41,2690,931.93,0.93,288648,108.08,-4.85,326.33,6.92
E06000056,2020-11-05,Central Bedfordshire,10.74,31,2649,917.73,0.92,288648,112.93,-7.28,319.41,5.54
E06000056,2020-11-04,Central Bedfordshire,17.32,50,2618,906.99,0.91,288648,120.21,3.81,313.87,8.31
E06000056,2020-11-03,Central Bedfordshire,22.17,64,2568,889.66,0.89,288648,116.4,12.82,305.56,15.93
E06000056,2020-11-02,Central Bedfordshire,20.44,59,2504,867.49,0.87,288648,103.58,6.24,289.63,14.9
E06000056,2020-11-01,Central Bedfordshire,10.05,29,2445,847.05,0.85,288648,97.34,3.81,274.73,4.16
E06000056,2020-10-31,Central Bedfordshire,13.16,38,2416,837.01,0.84,288648,93.53,5.19,270.57,9.7
E06000056,2020-10-30,Central Bedfordshire,19.05,55,2378,823.84,0.82,288648,88.34,7.96,260.87,14.55
E06000056,2020-10-29,Central Bedfordshire,18.02,52,2323,804.79,0.8,288648,80.38,0.35,246.32,14.21
E06000056,2020-10-28,Central Bedfordshire,13.51,39,2271,786.77,0.79,288648,80.03,-0.69,232.11,8.31
E06000056,2020-10-27,Central Bedfordshire,9.35,27,2232,773.26,0.77,288648,80.72,1.73,223.8,6.58
E06000056,2020-10-26,Central Bedfordshire,14.2,41,2205,763.91,0.76,288648,78.99,2.77,217.22,9.0
E06000056,2020-10-25,Central Bedfordshire,6.24,18,2164,749.7,0.75,288648,76.22,-1.04,208.22,3.81
E06000056,2020-10-24,Central Bedfordshire,7.97,23,2146,743.47,0.74,288648,77.26,3.12,204.41,6.24
E06000056,2020-10-23,Central Bedfordshire,11.09,32,2123,735.5,0.74,288648,74.14,1.74,198.17,6.93
E06000056,2020-10-22,Central Bedfordshire,17.67,51,2091,724.41,0.72,288648,72.4,12.13,191.24,13.86
E06000056,2020-10-21,Central Bedfordshire,14.2,41,2040,706.74,0.71,288648,60.27,6.58,177.38,12.12
E06000056,2020-10-20,Central Bedfordshire,7.62,22,1999,692.54,0.69,288648,53.69,-2.77,165.26,4.5
E06000056,2020-10-19,Central Bedfordshire,11.43,33,1977,684.92,0.68,288648,56.46,-0.35,160.76,9.0
E06000056,2020-10-18,Central Bedfordshire,7.28,21,1944,673.48,0.67,288648,56.81,1.39,151.76,3.82
E06000056,2020-10-17,Central Bedfordshire,4.85,14,1923,666.21,0.67,288648,55.42,-0.35,147.94,3.81
E06000056,2020-10-16,Central Bedfordshire,9.35,27,1909,661.36,0.66,288648,55.77,2.07,144.13,2.42
E06000056,2020-10-15,Central Bedfordshire,5.54,16,1882,652.01,0.65,288648,53.7,0.34,141.71,1.38
E06000056,2020-10-14,Central Bedfordshire,7.62,22,1866,646.46,0.65,288648,53.36,-1.39,140.33,4.85
E06000056,2020-10-13,Central Bedfordshire,10.39,30,1844,638.84,0.64,288648,54.75,4.15,135.48,6.23
E06000056,2020-10-12,Central Bedfordshire,11.78,34,1814,628.45,0.63,288648,50.6,6.24,129.25,10.39
E06000056,2020-10-11,Central Bedfordshire,5.89,17,1780,616.67,0.62,288648,44.36,0.0,118.86,4.16
E06000056,2020-10-10,Central Bedfordshire,5.2,15,1763,610.78,0.61,288648,44.36,1.74,114.7,2.43
E06000056,2020-10-09,Central Bedfordshire,7.28,21,1748,605.58,0.61,288648,42.62,2.78,112.27,5.2
E06000056,2020-10-08,Central Bedfordshire,5.2,15,1727,598.31,0.6,288648,39.84,1.39,107.07,2.43
E06000056,2020-10-07,Central Bedfordshire,9.01,26,1712,593.11,0.59,288648,38.45,3.81,104.64,6.58
E06000056,2020-10-06,Central Bedfordshire,6.24,18,1686,584.1,0.58,288648,34.64,3.47,98.06,4.16
E06000056,2020-10-05,Central Bedfordshire,5.54,16,1668,577.87,0.58,288648,31.17,0.34,93.9,4.85
E06000056,2020-10-04,Central Bedfordshire,5.89,17,1652,572.32,0.57,288648,30.83,3.46,89.05,5.2
E06000056,2020-10-03,Central Bedfordshire,3.46,10,1635,566.43,0.57,288648,27.37,1.73,83.85,1.73
E06000056,2020-10-02,Central Bedfordshire,4.5,13,1625,562.97,0.56,288648,25.64,0.34,82.12,3.11
E06000056,2020-10-01,Central Bedfordshire,3.81,11,1612,558.47,0.56,288648,25.3,0.0,79.01,1.04
E06000056,2020-09-30,Central Bedfordshire,5.2,15,1601,554.65,0.55,288648,25.3,3.12,77.97,2.08
E06000056,2020-09-29,Central Bedfordshire,2.77,8,1586,549.46,0.55,288648,22.18,-0.35,75.89,1.73
E06000056,2020-09-28,Central Bedfordshire,5.2,15,1578,546.69,0.55,288648,22.53,2.77,74.16,4.16
E06000056,2020-09-27,Central Bedfordshire,2.43,7,1563,541.49,0.54,288648,19.76,-1.03,70.0,0.7
E06000056,2020-09-26,Central Bedfordshire,1.73,5,1556,539.06,0.54,288648,20.79,0.69,69.3,1.38
E06000056,2020-09-25,Central Bedfordshire,4.16,12,1551,537.33,0.54,288648,20.1,-2.77,67.92,3.47
E06000056,2020-09-24,Central Bedfordshire,3.81,11,1539,533.18,0.53,288648,22.87,-0.35,64.45,2.08
E06000056,2020-09-23,Central Bedfordshire,2.08,6,1528,529.36,0.53,288648,23.22,-0.69,62.37,1.39
E06000056,2020-09-22,Central Bedfordshire,3.12,9,1522,527.29,0.53,288648,23.91,-1.04,60.98,1.73
E06000056,2020-09-21,Central Bedfordshire,2.43,7,1513,524.17,0.52,288648,24.95,1.04,59.25,0.35
E06000056,2020-09-20,Central Bedfordshire,3.46,10,1506,521.74,0.52,288648,23.91,1.73,58.9,2.07
E06000056,2020-09-19,Central Bedfordshire,1.04,3,1496,518.28,0.52,288648,22.18,-1.73,56.83,-0.69
E06000056,2020-09-18,Central Bedfordshire,6.93,20,1493,517.24,0.52,288648,23.91,4.85,57.52,5.89
E06000056,2020-09-17,Central Bedfordshire,4.16,12,1473,510.31,0.51,288648,19.06,1.39,51.63,3.12
E06000056,2020-09-16,Central Bedfordshire,2.77,8,1461,506.15,0.51,288648,17.67,0.34,48.51,2.42
E06000056,2020-09-15,Central Bedfordshire,4.16,12,1453,503.38,0.5,288648,17.33,2.08,46.09,3.12
E06000056,2020-09-14,Central Bedfordshire,1.39,4,1441,499.22,0.5,288648,15.25,0.7,42.97,0.0
E06000056,2020-09-13,Central Bedfordshire,1.73,5,1437,497.84,0.5,288648,14.55,1.04,42.97,1.38
E06000056,2020-09-12,Central Bedfordshire,2.77,8,1432,496.11,0.5,288648,13.51,1.04,41.59,2.08
E06000056,2020-09-11,Central Bedfordshire,2.08,6,1424,493.33,0.49,288648,12.47,0.69,39.51,1.39
E06000056,2020-09-10,Central Bedfordshire,2.77,8,1418,491.26,0.49,288648,11.78,0.0,38.12,1.38
E06000056,2020-09-09,Central Bedfordshire,2.43,7,1410,488.48,0.49,288648,11.78,-0.69,36.74,-0.34
E06000056,2020-09-08,Central Bedfordshire,2.08,6,1403,486.06,0.49,288648,12.47,1.04,37.08,1.04
E06000056,2020-09-07,Central Bedfordshire,0.69,2,1397,483.98,0.48,288648,11.43,-0.35,36.04,-0.35
E06000056,2020-09-06,Central Bedfordshire,0.69,2,1395,483.29,0.48,288648,11.78,-1.04,36.39,0.69
E06000056,2020-09-05,Central Bedfordshire,1.73,5,1393,482.59,0.48,288648,12.82,1.38,35.7,1.73
E06000056,2020-09-04,Central Bedfordshire,1.39,4,1388,480.86,0.48,288648,11.44,0.7,33.97,-0.34
E06000056,2020-09-03,Central Bedfordshire,2.77,8,1384,479.48,0.48,288648,10.74,1.04,34.31,2.42
E06000056,2020-09-02,Central Bedfordshire,3.12,9,1376,476.71,0.48,288648,9.7,2.43,31.89,2.08
E06000056,2020-09-01,Central Bedfordshire,1.04,3,1367,473.59,0.47,288648,7.27,-0.35,29.81,0.35
E06000056,2020-08-31,Central Bedfordshire,1.04,3,1364,472.55,0.47,288648,7.62,-1.04,29.46,0.69
E06000056,2020-08-30,Central Bedfordshire,1.73,5,1361,471.51,0.47,288648,8.66,0.34,28.77,1.38
E06000056,2020-08-29,Central Bedfordshire,0.35,1,1356,469.78,0.47,288648,8.32,-1.38,27.39,-0.34
E06000056,2020-08-28,Central Bedfordshire,0.69,2,1355,469.43,0.47,288648,9.7,-0.35,27.73,0.0
E06000056,2020-08-27,Central Bedfordshire,1.73,5,1353,468.74,0.47,288648,10.05,0.69,27.73,1.04
E06000056,2020-08-26,Central Bedfordshire,0.69,2,1348,467.0,0.47,288648,9.36,0.34,26.69,-2.43
E06000056,2020-08-25,Central Bedfordshire,1.39,4,1346,466.31,0.47,288648,9.02,0.35,29.12,1.04
E06000056,2020-08-24,Central Bedfordshire,2.08,6,1342,464.93,0.46,288648,8.67,0.69,28.08,2.08
E06000056,2020-08-23,Central Bedfordshire,1.39,4,1336,462.85,0.46,288648,7.98,1.04,26.0,0.7
E06000056,2020-08-22,Central Bedfordshire,1.73,5,1332,461.46,0.46,288648,6.94,1.04,25.3,1.73
E06000056,2020-08-21,Central Bedfordshire,1.04,3,1327,459.73,0.46,288648,5.9,0.35,23.57,0.35
E06000056,2020-08-20,Central Bedfordshire,1.04,3,1324,458.69,0.46,288648,5.55,-0.35,23.22,0.69
E06000056,2020-08-19,Central Bedfordshire,0.35,1,1321,457.65,0.46,288648,5.9,-2.42,22.53,-0.34
E06000056,2020-08-18,Central Bedfordshire,1.04,3,1320,457.3,0.46,288648,8.32,0.0,22.87,1.04
E06000056,2020-08-17,Central Bedfordshire,1.39,4,1317,456.27,0.46,288648,8.32,0.35,21.83,-1.04
E06000056,2020-08-16,Central Bedfordshire,0.35,1,1313,454.88,0.45,288648,7.97,0.35,22.87,0.35
E06000056,2020-08-15,Central Bedfordshire,0.69,2,1312,454.53,0.45,288648,7.62,0.69,22.52,0.34
E06000056,2020-08-14,Central Bedfordshire,0.69,2,1310,453.84,0.45,288648,6.93,-1.04,22.18,-0.7
E06000056,2020-08-13,Central Bedfordshire,1.39,4,1308,453.15,0.45,288648,7.97,1.04,22.88,0.7
E06000056,2020-08-12,Central Bedfordshire,2.77,8,1304,451.76,0.45,288648,6.93,1.73,22.18,1.73
E06000056,2020-08-11,Central Bedfordshire,1.04,3,1296,448.99,0.45,288648,5.2,0.35,20.45,0.0
E06000056,2020-08-10,Central Bedfordshire,1.04,3,1293,447.95,0.45,288648,4.85,0.69,20.45,-1.04
E06000056,2020-08-09,Central Bedfordshire,0.0,0,1290,446.91,0.45,288648,4.16,-0.35,21.49,-0.35
E06000056,2020-08-08,Central Bedfordshire,0.0,0,1290,446.91,0.45,288648,4.51,-0.69,21.84,-0.35
E06000056,2020-08-07,Central Bedfordshire,1.73,5,1290,446.91,0.45,288648,5.2,1.04,22.19,0.69
E06000056,2020-08-06,Central Bedfordshire,0.35,1,1285,445.18,0.45,288648,4.16,-0.34,21.5,0.0
E06000056,2020-08-05,Central Bedfordshire,1.04,3,1284,444.83,0.44,288648,4.5,-2.08,21.5,0.35
E06000056,2020-08-04,Central Bedfordshire,0.69,2,1281,443.79,0.44,288648,6.58,0.34,21.15,0.0
E06000056,2020-08-03,Central Bedfordshire,0.35,1,1279,443.1,0.44,288648,6.24,0.35,21.15,-1.04
E06000056,2020-08-02,Central Bedfordshire,0.35,1,1278,442.75,0.44,288648,5.89,-0.34,22.19,0.35
E06000056,2020-08-01,Central Bedfordshire,0.69,2,1277,442.41,0.44,288648,6.23,0.69,21.84,0.0
E06000056,2020-07-31,Central Bedfordshire,0.69,2,1275,441.71,0.44,288648,5.54,0.0,21.84,-0.7
E06000056,2020-07-30,Central Bedfordshire,0.69,2,1273,441.02,0.44,288648,5.54,0.34,22.54,-0.7
E06000056,2020-07-29,Central Bedfordshire,3.12,9,1271,440.33,0.44,288648,5.2,2.43,23.24,2.08
E06000056,2020-07-28,Central Bedfordshire,0.35,1,1262,437.21,0.44,288648,2.77,0.35,21.16,-0.34
E06000056,2020-07-27,Central Bedfordshire,0.0,0,1261,436.86,0.44,288648,2.42,-2.43,21.5,-0.69
E06000056,2020-07-26,Central Bedfordshire,0.69,2,1261,436.86,0.44,288648,4.85,0.69,22.19,-1.04
E06000056,2020-07-25,Central Bedfordshire,0.0,0,1259,436.17,0.44,288648,4.16,-0.35,23.23,0.0
E06000056,2020-07-24,Central Bedfordshire,0.69,2,1259,436.17,0.44,288648,4.51,-0.7,23.23,0.34
E06000056,2020-07-23,Central Bedfordshire,0.35,1,1257,435.48,0.44,288648,5.21,-0.34,22.89,0.35
E06000056,2020-07-22,Central Bedfordshire,0.69,2,1256,435.13,0.44,288648,5.55,-0.35,22.54,-0.7
E06000056,2020-07-21,Central Bedfordshire,0.0,0,1254,434.44,0.43,288648,5.9,-1.04,23.24,-1.73
E06000056,2020-07-20,Central Bedfordshire,2.43,7,1254,434.44,0.43,288648,6.94,0.35,24.97,0.35
E06000056,2020-07-19,Central Bedfordshire,0.0,0,1247,432.01,0.43,288648,6.59,-0.35,24.62,-2.08
E06000056,2020-07-18,Central Bedfordshire,0.35,1,1247,432.01,0.43,288648,6.94,0.0,26.7,-0.34
E06000056,2020-07-17,Central Bedfordshire,1.39,4,1246,431.67,0.43,288648,6.94,0.35,27.04,-1.04
E06000056,2020-07-16,Central Bedfordshire,0.69,2,1242,430.28,0.43,288648,6.59,0.34,28.08,-2.43
E06000056,2020-07-15,Central Bedfordshire,1.04,3,1240,429.59,0.43,288648,6.25,0.35,30.51,-3.12
E06000056,2020-07-14,Central Bedfordshire,1.04,3,1237,428.55,0.43,288648,5.9,0.35,33.63,-1.04
E06000056,2020-07-13,Central Bedfordshire,2.08,6,1234,427.51,0.43,288648,5.55,0.69,34.67,-1.04
E06000056,2020-07-12,Central Bedfordshire,0.35,1,1228,425.43,0.43,288648,4.86,0.35,35.71,-1.38
E06000056,2020-07-11,Central Bedfordshire,0.35,1,1227,425.09,0.43,288648,4.51,-0.34,37.09,-3.11
E06000056,2020-07-10,Central Bedfordshire,1.04,3,1226,424.74,0.42,288648,4.85,-0.35,40.2,0.0
E06000056,2020-07-09,Central Bedfordshire,0.35,1,1223,423.7,0.42,288648,5.2,-1.04,40.2,-1.73
E06000056,2020-07-08,Central Bedfordshire,0.69,2,1222,423.35,0.42,288648,6.24,-0.35,41.93,-2.77
E06000056,2020-07-07,Central Bedfordshire,0.69,2,1220,422.66,0.42,288648,6.59,0.0,44.7,-2.43
E06000056,2020-07-06,Central Bedfordshire,1.39,4,1218,421.97,0.42,288648,6.59,0.7,47.13,-1.04
E06000056,2020-07-05,Central Bedfordshire,0.0,0,1214,420.58,0.42,288648,5.89,-1.73,48.17,-0.35
E06000056,2020-07-04,Central Bedfordshire,0.69,2,1214,420.58,0.42,288648,7.62,0.69,48.52,-3.12
E06000056,2020-07-03,Central Bedfordshire,1.39,4,1212,419.89,0.42,288648,6.93,1.04,51.64,-1.04
E06000056,2020-07-02,Central Bedfordshire,1.39,4,1208,418.5,0.42,288648,5.89,1.39,52.68,-1.04
E06000056,2020-07-01,Central Bedfordshire,1.04,3,1204,417.12,0.42,288648,4.5,-0.35,53.72,-2.08
E06000056,2020-06-30,Central Bedfordshire,0.69,2,1201,416.08,0.42,288648,4.85,-1.04,55.8,-1.74
E06000056,2020-06-29,Central Bedfordshire,0.69,2,1199,415.38,0.42,288648,5.89,-1.39,57.54,-1.74
E06000056,2020-06-28,Central Bedfordshire,1.73,5,1197,414.69,0.41,288648,7.28,-0.35,59.28,-2.43
E06000056,2020-06-27,Central Bedfordshire,0.0,0,1192,412.96,0.41,288648,7.63,-0.69,61.71,-1.04
E06000056,2020-06-26,Central Bedfordshire,0.35,1,1192,412.96,0.41,288648,8.32,-2.08,62.75,-6.23
E06000056,2020-06-25,Central Bedfordshire,0.0,0,1191,412.61,0.41,288648,10.4,-3.12,68.98,-7.62
E06000056,2020-06-24,Central Bedfordshire,1.39,4,1191,412.61,0.41,288648,13.52,-2.77,76.6,-3.46
E06000056,2020-06-23,Central Bedfordshire,1.73,5,1187,411.23,0.41,288648,16.29,-0.35,80.06,-3.12
E06000056,2020-06-22,Central Bedfordshire,2.08,6,1182,409.5,0.41,288648,16.64,-1.04,83.18,-2.08
E06000056,2020-06-21,Central Bedfordshire,2.08,6,1176,407.42,0.41,288648,17.68,0.35,85.26,-0.69
E06000056,2020-06-20,Central Bedfordshire,0.69,2,1170,405.34,0.41,288648,17.33,-2.77,85.95,-3.12
E06000056,2020-06-19,Central Bedfordshire,2.43,7,1168,404.65,0.4,288648,20.1,1.39,89.07,-0.34
E06000056,2020-06-18,Central Bedfordshire,3.12,9,1161,402.22,0.4,288648,18.71,1.04,89.41,-1.38
E06000056,2020-06-17,Central Bedfordshire,4.16,12,1152,399.1,0.4,288648,17.67,0.7,90.79,2.43
E06000056,2020-06-16,Central Bedfordshire,2.08,6,1140,394.94,0.39,288648,16.97,-1.04,88.36,-3.12
E06000056,2020-06-15,Central Bedfordshire,3.12,9,1134,392.87,0.39,288648,18.01,0.69,91.48,-2.42
E06000056,2020-06-14,Central Bedfordshire,1.73,5,1125,389.75,0.39,288648,17.32,1.38,93.9,-0.35
E06000056,2020-06-13,Central Bedfordshire,3.46,10,1120,388.02,0.39,288648,15.94,-0.35,94.25,1.03
E06000056,2020-06-12,Central Bedfordshire,1.04,3,1110,384.55,0.38,288648,16.29,-1.39,93.22,-2.77
E06000056,2020-06-11,Central Bedfordshire,2.08,6,1107,383.51,0.38,288648,17.68,-0.35,95.99,-2.77
E06000056,2020-06-10,Central Bedfordshire,3.46,10,1101,381.43,0.38,288648,18.03,0.34,98.76,-4.85
E06000056,2020-06-09,Central Bedfordshire,3.12,9,1091,377.97,0.38,288648,17.69,0.69,103.61,-2.77
E06000056,2020-06-08,Central Bedfordshire,2.43,7,1082,374.85,0.37,288648,17.0,0.0,106.38,-1.73
E06000056,2020-06-07,Central Bedfordshire,0.35,1,1075,372.43,0.37,288648,17.0,-3.81,108.11,-3.11
E06000056,2020-06-06,Central Bedfordshire,3.81,11,1074,372.08,0.37,288648,20.81,2.77,111.22,2.08
E06000056,2020-06-05,Central Bedfordshire,2.43,7,1063,368.27,0.37,288648,18.04,-4.15,109.14,-0.69
E06000056,2020-06-04,Central Bedfordshire,2.43,7,1056,365.84,0.37,288648,22.19,-5.19,109.83,-2.07
E06000056,2020-06-03,Central Bedfordshire,3.12,9,1049,363.42,0.36,288648,27.38,-1.73,111.9,-1.73
E06000056,2020-06-02,Central Bedfordshire,2.43,7,1040,360.3,0.36,288648,29.11,-2.42,113.63,-0.34
E06000056,2020-06-01,Central Bedfordshire,2.43,7,1033,357.88,0.36,288648,31.53,-1.73,113.97,-4.85
E06000056,2020-05-31,Central Bedfordshire,4.16,12,1026,355.45,0.36,288648,33.26,1.39,118.82,1.39
E06000056,2020-05-30,Central Bedfordshire,1.04,3,1014,351.29,0.35,288648,31.87,-2.77,117.43,-7.27
E06000056,2020-05-29,Central Bedfordshire,6.58,19,1011,350.25,0.35,288648,34.64,3.81,124.7,-1.39
E06000056,2020-05-28,Central Bedfordshire,7.62,22,992,343.67,0.34,288648,30.83,3.12,126.09,3.46
E06000056,2020-05-27,Central Bedfordshire,4.85,14,970,336.05,0.34,288648,27.71,3.12,122.63,0.0
E06000056,2020-05-26,Central Bedfordshire,4.85,14,956,331.2,0.33,288648,24.59,-0.35,122.63,1.73
E06000056,2020-05-25,Central Bedfordshire,4.16,12,942,326.35,0.33,288648,24.94,-1.38,120.9,-7.27
E06000056,2020-05-24,Central Bedfordshire,2.77,8,930,322.19,0.32,288648,26.32,0.69,128.17,-1.73
E06000056,2020-05-23,Central Bedfordshire,3.81,11,922,319.42,0.32,288648,25.63,1.38,129.9,-4.5
E06000056,2020-05-22,Central Bedfordshire,2.77,8,911,315.61,0.32,288648,24.25,-1.04,134.4,-2.77
E06000056,2020-05-21,Central Bedfordshire,4.5,13,903,312.84,0.31,288648,25.29,-0.35,137.17,-4.16
E06000056,2020-05-20,Central Bedfordshire,1.73,5,890,308.33,0.31,288648,25.64,-6.58,141.33,-6.93
E06000056,2020-05-19,Central Bedfordshire,5.2,15,885,306.6,0.31,288648,32.22,-0.69,148.26,-4.85
E06000056,2020-05-18,Central Bedfordshire,5.54,16,870,301.41,0.3,288648,32.91,1.38,153.11,1.04
E06000056,2020-05-17,Central Bedfordshire,2.08,6,854,295.86,0.3,288648,31.53,-1.38,152.07,-0.35
E06000056,2020-05-16,Central Bedfordshire,2.43,7,848,293.78,0.29,288648,32.91,0.7,152.42,-2.42
E06000056,2020-05-15,Central Bedfordshire,3.81,11,841,291.36,0.29,288648,32.21,0.69,154.84,-4.5
E06000056,2020-05-14,Central Bedfordshire,4.85,14,830,287.55,0.29,288648,31.52,0.35,159.34,2.08
E06000056,2020-05-13,Central Bedfordshire,8.31,24,816,282.7,0.28,288648,31.17,3.46,157.26,2.77
E06000056,2020-05-12,Central Bedfordshire,5.89,17,792,274.38,0.27,288648,27.71,3.12,154.49,0.0
E06000056,2020-05-11,Central Bedfordshire,4.16,12,775,268.49,0.27,288648,24.59,-3.12,154.49,1.04
E06000056,2020-05-10,Central Bedfordshire,3.46,10,763,264.34,0.26,288648,27.71,0.69,153.45,-2.78
E06000056,2020-05-09,Central Bedfordshire,1.73,5,753,260.87,0.26,288648,27.02,-6.58,156.23,-3.12
E06000056,2020-05-08,Central Bedfordshire,3.12,9,748,259.14,0.26,288648,33.6,-4.85,159.35,-3.12
E06000056,2020-05-07,Central Bedfordshire,4.5,13,739,256.02,0.26,288648,38.45,0.34,162.47,-1.39
E06000056,2020-05-06,Central Bedfordshire,4.85,14,726,251.52,0.25,288648,38.11,0.0,163.86,-0.69
E06000056,2020-05-05,Central Bedfordshire,2.77,8,712,246.67,0.25,288648,38.11,-0.35,164.55,-3.12
E06000056,2020-05-04,Central Bedfordshire,7.28,21,704,243.9,0.24,288648,38.46,-4.15,167.67,0.35
E06000056,2020-05-03,Central Bedfordshire,2.77,8,683,236.62,0.24,288648,42.61,-1.73,167.32,-2.77
E06000056,2020-05-02,Central Bedfordshire,8.31,24,675,233.85,0.23,288648,44.34,0.0,170.09,4.15
E06000056,2020-05-01,Central Bedfordshire,7.97,23,651,225.53,0.23,288648,44.34,2.43,165.94,3.12
E06000056,2020-04-30,Central Bedfordshire,4.16,12,628,217.57,0.22,288648,41.91,-4.5,162.82,-3.12
E06000056,2020-04-29,Central Bedfordshire,4.85,14,616,213.41,0.21,288648,46.41,-3.81,165.94,-0.35
E06000056,2020-04-28,Central Bedfordshire,3.12,9,602,208.56,0.21,288648,50.22,-6.93,166.29,-3.46
E06000056,2020-04-27,Central Bedfordshire,11.43,33,593,205.44,0.21,288648,57.15,6.93,169.75,7.62
E06000056,2020-04-26,Central Bedfordshire,4.5,13,560,194.01,0.19,288648,50.22,2.07,162.13,2.77
E06000056,2020-04-25,Central Bedfordshire,8.31,24,547,189.5,0.19,288648,48.15,3.46,159.36,4.85
E06000056,2020-04-24,Central Bedfordshire,5.54,16,523,181.19,0.18,288648,44.69,-2.77,154.51,1.73
E06000056,2020-04-23,Central Bedfordshire,8.66,25,507,175.65,0.18,288648,47.46,5.89,152.78,5.89
E06000056,2020-04-22,Central Bedfordshire,8.66,25,482,166.99,0.17,288648,41.57,3.12,146.89,6.58
E06000056,2020-04-21,Central Bedfordshire,10.05,29,457,158.32,0.16,288648,38.45,4.16,140.31,6.59
E06000056,2020-04-20,Central Bedfordshire,4.5,13,428,148.28,0.15,288648,34.29,1.38,133.72,1.04
E06000056,2020-04-19,Central Bedfordshire,2.43,7,415,143.77,0.14,288648,32.91,-3.81,132.68,0.35
E06000056,2020-04-18,Central Bedfordshire,4.85,14,408,141.35,0.14,288648,36.72,0.0,132.33,3.81
E06000056,2020-04-17,Central Bedfordshire,8.31,24,394,136.5,0.14,288648,36.72,2.07,128.52,7.62
E06000056,2020-04-16,Central Bedfordshire,2.77,8,370,128.18,0.13,288648,34.65,-3.12,120.9,1.38
E06000056,2020-04-15,Central Bedfordshire,5.54,16,362,125.41,0.13,288648,37.77,0.0,119.52,3.46
E06000056,2020-04-14,Central Bedfordshire,5.89,17,346,119.87,0.12,288648,37.77,0.0,116.06,5.89
E06000056,2020-04-13,Central Bedfordshire,3.12,9,329,113.98,0.11,288648,37.77,-3.81,110.17,3.12
E06000056,2020-04-12,Central Bedfordshire,6.24,18,320,110.86,0.11,288648,41.58,0.7,107.05,4.51
E06000056,2020-04-11,Central Bedfordshire,4.85,14,302,104.63,0.1,288648,40.88,0.69,102.54,4.85
E06000056,2020-04-10,Central Bedfordshire,6.24,18,288,99.78,0.1,288648,40.19,1.39,97.69,5.2
E06000056,2020-04-09,Central Bedfordshire,5.89,17,270,93.54,0.09,288648,38.8,-1.39,92.49,5.89
E06000056,2020-04-08,Central Bedfordshire,5.54,16,253,87.65,0.09,288648,40.19,0.34,86.6,5.19
E06000056,2020-04-07,Central Bedfordshire,5.89,17,237,82.11,0.08,288648,39.85,-0.69,81.41,5.2
E06000056,2020-04-06,Central Bedfordshire,6.93,20,220,76.22,0.08,288648,40.54,3.12,76.21,6.93
E06000056,2020-04-05,Central Bedfordshire,5.54,16,200,69.29,0.07,288648,37.42,3.81,69.28,5.54
E06000056,2020-04-04,Central Bedfordshire,4.16,12,184,63.75,0.06,288648,33.61,0.7,63.74,4.16
E06000056,2020-04-03,Central Bedfordshire,4.85,14,172,59.59,0.06,288648,32.91,1.04,59.58,4.85
E06000056,2020-04-02,Central Bedfordshire,7.28,21,158,54.74,0.05,288648,31.87,4.51,54.73,7.28
E06000056,2020-04-01,Central Bedfordshire,5.2,15,137,47.46,0.05,288648,27.36,3.12,47.45,5.2
E06000056,2020-03-31,Central Bedfordshire,6.58,19,122,42.27,0.04,288648,24.24,3.12,42.25,6.58
E06000056,2020-03-30,Central Bedfordshire,3.81,11,103,35.68,0.04,288648,21.12,0.35,35.67,3.81
E06000056,2020-03-29,Central Bedfordshire,1.73,5,92,31.87,0.03,288648,20.77,-0.35,31.86,1.73
E06000056,2020-03-28,Central Bedfordshire,3.46,10,87,30.14,0.03,288648,21.12,2.42,30.13,3.46
E06000056,2020-03-27,Central Bedfordshire,3.81,11,77,26.68,0.03,288648,18.7,3.12,26.67,3.81
E06000056,2020-03-26,Central Bedfordshire,2.77,8,66,22.87,0.02,288648,15.58,1.38,22.86,2.77
E06000056,2020-03-25,Central Bedfordshire,2.08,6,58,20.09,0.02,288648,14.2,0.0,20.09,2.08
E06000056,2020-03-24,Central Bedfordshire,3.46,10,52,18.02,0.02,288648,14.2,3.46,18.01,3.46
E06000056,2020-03-23,Central Bedfordshire,3.46,10,42,14.55,0.01,288648,10.74,3.46,14.55,3.46
E06000056,2020-03-22,Central Bedfordshire,2.08,6,32,11.09,0.01,288648,7.28,0.35,11.09,2.08
E06000056,2020-03-21,Central Bedfordshire,1.04,3,26,9.01,0.01,288648,6.93,1.04,9.01,1.04
E06000056,2020-03-20,Central Bedfordshire,0.69,2,23,7.97,0.01,288648,5.89,-0.35,7.97,0.69
E06000056,2020-03-19,Central Bedfordshire,1.39,4,21,7.28,0.01,288648,6.24,1.39,7.28,1.39
E06000056,2020-03-18,Central Bedfordshire,2.08,6,17,5.89,0.01,288648,4.85,1.73,5.89,2.08
E06000056,2020-03-17,Central Bedfordshire,0.0,0,11,3.81,0.0,288648,3.12,-0.69,3.81,0.0
E06000056,2020-03-16,Central Bedfordshire,0.0,0,11,3.81,0.0,288648,3.81,0.0,3.81,0.0
E06000056,2020-03-15,Central Bedfordshire,1.73,5,11,3.81,0.0,288648,3.81,1.73,3.81,1.73
E06000056,2020-03-14,Central Bedfordshire,0.0,0,6,2.08,0.0,288648,2.08,0.0,2.08,0.0
E06000056,2020-03-13,Central Bedfordshire,1.04,3,6,2.08,0.0,288648,2.08,1.04,2.08,1.04
E06000056,2020-03-12,Central Bedfordshire,0.0,0,3,1.04,0.0,288648,1.04,0.0,1.04,0.0
E06000056,2020-03-11,Central Bedfordshire,0.35,1,3,1.04,0.0,288648,1.04,0.35,1.04,0.35
