LAD20CD,date,local_authority,1day_cases_100k,new_cases,total_cases,total_cases_100k,%infected,population,7day_cases_100k,7day_cases_change,28day_cases_100k,28day_cases_change
E07000035,2020-08-25,Derbyshire Dales,0.0,0,265,366.4,0.37,72325,1.38,0.0,9.67,0.0
E07000035,2020-08-24,Derbyshire Dales,0.0,0,265,366.4,0.37,72325,1.38,-1.38,9.67,0.0
E07000035,2020-08-23,Derbyshire Dales,0.0,0,265,366.4,0.37,72325,2.76,0.0,9.67,0.0
E07000035,2020-08-22,Derbyshire Dales,1.38,1,265,366.4,0.37,72325,2.76,1.38,9.67,1.38
E07000035,2020-08-21,Derbyshire Dales,0.0,0,264,365.02,0.37,72325,1.38,0.0,8.29,0.0
E07000035,2020-08-20,Derbyshire Dales,0.0,0,264,365.02,0.37,72325,1.38,0.0,8.29,0.0
E07000035,2020-08-19,Derbyshire Dales,0.0,0,264,365.02,0.37,72325,1.38,0.0,8.29,-1.38
E07000035,2020-08-18,Derbyshire Dales,0.0,0,264,365.02,0.37,72325,1.38,0.0,9.67,0.0
E07000035,2020-08-17,Derbyshire Dales,1.38,1,264,365.02,0.37,72325,1.38,1.38,9.67,1.38
E07000035,2020-08-16,Derbyshire Dales,0.0,0,263,363.64,0.36,72325,0.0,0.0,8.29,0.0
E07000035,2020-08-15,Derbyshire Dales,0.0,0,263,363.64,0.36,72325,0.0,0.0,8.29,-1.38
E07000035,2020-08-14,Derbyshire Dales,0.0,0,263,363.64,0.36,72325,0.0,0.0,9.67,0.0
E07000035,2020-08-13,Derbyshire Dales,0.0,0,263,363.64,0.36,72325,0.0,0.0,9.67,0.0
E07000035,2020-08-12,Derbyshire Dales,0.0,0,263,363.64,0.36,72325,0.0,0.0,9.67,0.0
E07000035,2020-08-11,Derbyshire Dales,0.0,0,263,363.64,0.36,72325,0.0,0.0,9.67,-1.38
E07000035,2020-08-10,Derbyshire Dales,0.0,0,263,363.64,0.36,72325,0.0,-1.38,11.05,-1.38
E07000035,2020-08-09,Derbyshire Dales,0.0,0,263,363.64,0.36,72325,1.38,0.0,12.43,0.0
E07000035,2020-08-08,Derbyshire Dales,0.0,0,263,363.64,0.36,72325,1.38,0.0,12.43,0.0
E07000035,2020-08-07,Derbyshire Dales,0.0,0,263,363.64,0.36,72325,1.38,0.0,12.43,0.0
E07000035,2020-08-06,Derbyshire Dales,0.0,0,263,363.64,0.36,72325,1.38,-5.53,12.43,0.0
E07000035,2020-08-05,Derbyshire Dales,0.0,0,263,363.64,0.36,72325,6.91,0.0,12.43,0.0
E07000035,2020-08-04,Derbyshire Dales,0.0,0,263,363.64,0.36,72325,6.91,0.0,12.43,0.0
E07000035,2020-08-03,Derbyshire Dales,1.38,1,263,363.64,0.36,72325,6.91,1.38,12.43,1.38
E07000035,2020-08-02,Derbyshire Dales,0.0,0,262,362.25,0.36,72325,5.53,0.0,11.05,0.0
E07000035,2020-08-01,Derbyshire Dales,0.0,0,262,362.25,0.36,72325,5.53,0.0,11.05,-1.38
E07000035,2020-07-31,Derbyshire Dales,0.0,0,262,362.25,0.36,72325,5.53,0.0,12.43,0.0
E07000035,2020-07-30,Derbyshire Dales,5.53,4,262,362.25,0.36,72325,5.53,5.53,12.43,4.15
E07000035,2020-07-29,Derbyshire Dales,0.0,0,258,356.72,0.36,72325,0.0,-1.38,8.28,-2.77
E07000035,2020-07-28,Derbyshire Dales,0.0,0,258,356.72,0.36,72325,1.38,0.0,11.05,0.0
E07000035,2020-07-27,Derbyshire Dales,0.0,0,258,356.72,0.36,72325,1.38,0.0,11.05,0.0
E07000035,2020-07-26,Derbyshire Dales,0.0,0,258,356.72,0.36,72325,1.38,0.0,11.05,-2.77
E07000035,2020-07-25,Derbyshire Dales,0.0,0,258,356.72,0.36,72325,1.38,-1.38,13.82,0.0
E07000035,2020-07-24,Derbyshire Dales,0.0,0,258,356.72,0.36,72325,2.76,0.0,13.82,-2.77
E07000035,2020-07-23,Derbyshire Dales,0.0,0,258,356.72,0.36,72325,2.76,0.0,16.59,0.0
E07000035,2020-07-22,Derbyshire Dales,1.38,1,258,356.72,0.36,72325,2.76,1.38,16.59,0.0
E07000035,2020-07-21,Derbyshire Dales,0.0,0,257,355.34,0.36,72325,1.38,-1.38,16.59,0.0
E07000035,2020-07-20,Derbyshire Dales,0.0,0,257,355.34,0.36,72325,2.76,-1.38,16.59,0.0
E07000035,2020-07-19,Derbyshire Dales,0.0,0,257,355.34,0.36,72325,4.14,0.0,16.59,0.0
E07000035,2020-07-18,Derbyshire Dales,1.38,1,257,355.34,0.36,72325,4.14,1.38,16.59,1.38
E07000035,2020-07-17,Derbyshire Dales,0.0,0,256,353.96,0.35,72325,2.76,0.0,15.21,-1.38
E07000035,2020-07-16,Derbyshire Dales,0.0,0,256,353.96,0.35,72325,2.76,0.0,16.59,0.0
E07000035,2020-07-15,Derbyshire Dales,0.0,0,256,353.96,0.35,72325,2.76,0.0,16.59,-1.38
E07000035,2020-07-14,Derbyshire Dales,1.38,1,256,353.96,0.35,72325,2.76,1.38,17.97,0.0
E07000035,2020-07-13,Derbyshire Dales,1.38,1,255,352.58,0.35,72325,1.38,1.38,17.97,1.38
E07000035,2020-07-12,Derbyshire Dales,0.0,0,254,351.19,0.35,72325,0.0,0.0,16.59,-1.38
E07000035,2020-07-11,Derbyshire Dales,0.0,0,254,351.19,0.35,72325,0.0,-1.38,17.97,-1.38
E07000035,2020-07-10,Derbyshire Dales,0.0,0,254,351.19,0.35,72325,1.38,0.0,19.35,0.0
E07000035,2020-07-09,Derbyshire Dales,0.0,0,254,351.19,0.35,72325,1.38,-1.38,19.35,0.0
E07000035,2020-07-08,Derbyshire Dales,0.0,0,254,351.19,0.35,72325,2.76,-2.77,19.35,-1.38
E07000035,2020-07-07,Derbyshire Dales,0.0,0,254,351.19,0.35,72325,5.53,0.0,20.73,0.0
E07000035,2020-07-06,Derbyshire Dales,0.0,0,254,351.19,0.35,72325,5.53,0.0,20.73,0.0
E07000035,2020-07-05,Derbyshire Dales,0.0,0,254,351.19,0.35,72325,5.53,-2.77,20.73,0.0
E07000035,2020-07-04,Derbyshire Dales,1.38,1,254,351.19,0.35,72325,8.3,1.38,20.73,1.38
E07000035,2020-07-03,Derbyshire Dales,0.0,0,253,349.81,0.35,72325,6.92,-2.77,19.35,0.0
E07000035,2020-07-02,Derbyshire Dales,1.38,1,253,349.81,0.35,72325,9.69,1.38,19.35,-1.39
E07000035,2020-07-01,Derbyshire Dales,2.77,2,252,348.43,0.35,72325,8.31,1.39,20.74,2.77
E07000035,2020-06-30,Derbyshire Dales,0.0,0,250,345.66,0.35,72325,6.92,0.0,17.97,-1.38
E07000035,2020-06-29,Derbyshire Dales,0.0,0,250,345.66,0.35,72325,6.92,0.0,19.35,0.0
E07000035,2020-06-28,Derbyshire Dales,2.77,2,250,345.66,0.35,72325,6.92,2.77,19.35,2.77
E07000035,2020-06-27,Derbyshire Dales,0.0,0,248,342.9,0.34,72325,4.15,0.0,16.58,-1.38
E07000035,2020-06-26,Derbyshire Dales,2.77,2,248,342.9,0.34,72325,4.15,1.39,17.96,0.0
E07000035,2020-06-25,Derbyshire Dales,0.0,0,246,340.13,0.34,72325,2.76,0.0,17.96,0.0
E07000035,2020-06-24,Derbyshire Dales,1.38,1,246,340.13,0.34,72325,2.76,0.0,17.96,1.38
E07000035,2020-06-23,Derbyshire Dales,0.0,0,245,338.75,0.34,72325,2.76,-1.38,16.58,-5.53
E07000035,2020-06-22,Derbyshire Dales,0.0,0,245,338.75,0.34,72325,4.14,0.0,22.11,-9.68
E07000035,2020-06-21,Derbyshire Dales,0.0,0,245,338.75,0.34,72325,4.14,-1.38,31.79,-1.38
E07000035,2020-06-20,Derbyshire Dales,0.0,0,245,338.75,0.34,72325,5.52,-1.38,33.17,-1.38
E07000035,2020-06-19,Derbyshire Dales,1.38,1,245,338.75,0.34,72325,6.9,1.38,34.55,-1.39
E07000035,2020-06-18,Derbyshire Dales,0.0,0,244,337.37,0.34,72325,5.52,0.0,35.94,-5.53
E07000035,2020-06-17,Derbyshire Dales,1.38,1,244,337.37,0.34,72325,5.52,0.0,41.47,0.0
E07000035,2020-06-16,Derbyshire Dales,1.38,1,243,335.98,0.34,72325,5.52,1.38,41.47,-5.53
E07000035,2020-06-15,Derbyshire Dales,0.0,0,242,334.6,0.33,72325,4.14,0.0,47.0,-5.53
E07000035,2020-06-14,Derbyshire Dales,1.38,1,242,334.6,0.33,72325,4.14,1.38,52.53,0.0
E07000035,2020-06-13,Derbyshire Dales,1.38,1,241,333.22,0.33,72325,2.76,1.38,52.53,0.0
E07000035,2020-06-12,Derbyshire Dales,0.0,0,240,331.84,0.33,72325,1.38,0.0,52.53,0.0
E07000035,2020-06-11,Derbyshire Dales,0.0,0,240,331.84,0.33,72325,1.38,-2.77,52.53,0.0
E07000035,2020-06-10,Derbyshire Dales,1.38,1,240,331.84,0.33,72325,4.15,1.38,52.53,0.0
E07000035,2020-06-09,Derbyshire Dales,0.0,0,239,330.45,0.33,72325,2.77,-1.38,52.53,-2.77
E07000035,2020-06-08,Derbyshire Dales,0.0,0,239,330.45,0.33,72325,4.15,0.0,55.3,-1.38
E07000035,2020-06-07,Derbyshire Dales,0.0,0,239,330.45,0.33,72325,4.15,0.0,56.68,-6.91
E07000035,2020-06-06,Derbyshire Dales,0.0,0,239,330.45,0.33,72325,4.15,-1.38,63.59,-2.77
E07000035,2020-06-05,Derbyshire Dales,0.0,0,239,330.45,0.33,72325,5.53,-2.77,66.36,-5.53
E07000035,2020-06-04,Derbyshire Dales,2.77,2,239,330.45,0.33,72325,8.3,2.77,71.89,-2.76
E07000035,2020-06-03,Derbyshire Dales,0.0,0,237,327.69,0.33,72325,5.53,0.0,74.65,-5.53
E07000035,2020-06-02,Derbyshire Dales,1.38,1,237,327.69,0.33,72325,5.53,-4.15,80.18,-5.53
E07000035,2020-06-01,Derbyshire Dales,0.0,0,236,326.3,0.33,72325,9.68,-9.68,85.71,-1.38
E07000035,2020-05-31,Derbyshire Dales,0.0,0,236,326.3,0.33,72325,19.36,-1.38,87.09,-4.15
E07000035,2020-05-30,Derbyshire Dales,1.38,1,236,326.3,0.33,72325,20.74,0.0,91.24,-9.68
E07000035,2020-05-29,Derbyshire Dales,2.77,2,235,324.92,0.32,72325,20.74,0.0,100.92,-12.44
E07000035,2020-05-28,Derbyshire Dales,0.0,0,233,322.16,0.32,72325,20.74,-5.53,113.36,-1.38
E07000035,2020-05-27,Derbyshire Dales,0.0,0,233,322.16,0.32,72325,26.27,-1.38,114.74,-2.77
E07000035,2020-05-26,Derbyshire Dales,5.53,4,233,322.16,0.32,72325,27.65,-1.38,117.51,4.15
E07000035,2020-05-25,Derbyshire Dales,9.68,7,229,316.63,0.32,72325,29.03,4.15,113.36,1.38
E07000035,2020-05-24,Derbyshire Dales,1.38,1,222,306.95,0.31,72325,24.88,0.0,111.98,-23.51
E07000035,2020-05-23,Derbyshire Dales,1.38,1,221,305.57,0.31,72325,24.88,0.0,135.49,-13.83
E07000035,2020-05-22,Derbyshire Dales,2.77,2,220,304.18,0.3,72325,24.88,2.77,149.32,0.0
E07000035,2020-05-21,Derbyshire Dales,5.53,4,218,301.42,0.3,72325,22.11,5.53,149.32,-1.38
E07000035,2020-05-20,Derbyshire Dales,1.38,1,214,295.89,0.3,72325,16.58,0.0,150.7,-6.92
E07000035,2020-05-19,Derbyshire Dales,6.91,5,213,294.5,0.29,72325,16.58,4.14,157.62,4.14
E07000035,2020-05-18,Derbyshire Dales,5.53,4,208,287.59,0.29,72325,12.44,4.15,153.48,4.15
E07000035,2020-05-17,Derbyshire Dales,1.38,1,204,282.06,0.28,72325,8.29,-5.53,149.33,-1.39
E07000035,2020-05-16,Derbyshire Dales,1.38,1,203,280.68,0.28,72325,13.82,-1.39,150.72,1.38
E07000035,2020-05-15,Derbyshire Dales,0.0,0,202,279.29,0.28,72325,15.21,-5.53,149.34,-4.15
E07000035,2020-05-14,Derbyshire Dales,0.0,0,202,279.29,0.28,72325,20.74,-5.53,153.49,-4.15
E07000035,2020-05-13,Derbyshire Dales,1.38,1,202,279.29,0.28,72325,26.27,-4.15,157.64,-5.53
E07000035,2020-05-12,Derbyshire Dales,2.77,2,201,277.91,0.28,72325,30.42,-4.14,163.17,-9.67
E07000035,2020-05-11,Derbyshire Dales,1.38,1,199,275.15,0.28,72325,34.56,0.0,172.84,-2.77
E07000035,2020-05-10,Derbyshire Dales,6.91,5,198,273.76,0.27,72325,34.56,2.76,175.61,0.0
E07000035,2020-05-09,Derbyshire Dales,2.77,2,193,266.85,0.27,72325,31.8,-8.29,175.61,2.77
E07000035,2020-05-08,Derbyshire Dales,5.53,4,191,264.09,0.26,72325,40.09,-9.68,172.84,2.76
E07000035,2020-05-07,Derbyshire Dales,5.53,4,187,258.56,0.26,72325,49.77,4.15,170.08,0.0
E07000035,2020-05-06,Derbyshire Dales,5.53,4,183,253.02,0.25,72325,45.62,2.76,170.08,1.38
E07000035,2020-05-05,Derbyshire Dales,6.91,5,179,247.49,0.25,72325,42.86,5.53,168.7,2.76
E07000035,2020-05-04,Derbyshire Dales,1.38,1,174,240.58,0.24,72325,37.33,-6.92,165.94,1.38
E07000035,2020-05-03,Derbyshire Dales,4.15,3,173,239.2,0.24,72325,44.25,-20.74,164.56,2.77
E07000035,2020-05-02,Derbyshire Dales,11.06,8,170,235.05,0.24,72325,64.99,-4.15,161.79,8.29
E07000035,2020-05-01,Derbyshire Dales,15.21,11,162,223.99,0.22,72325,69.14,12.44,153.5,13.83
E07000035,2020-04-30,Derbyshire Dales,1.38,1,151,208.78,0.21,72325,56.7,-5.53,139.67,1.38
E07000035,2020-04-29,Derbyshire Dales,2.77,2,150,207.4,0.21,72325,62.23,-5.53,138.29,-4.14
E07000035,2020-04-28,Derbyshire Dales,1.38,1,148,204.63,0.2,72325,67.76,-1.39,142.43,-2.77
E07000035,2020-04-27,Derbyshire Dales,8.3,6,147,203.25,0.2,72325,69.15,6.92,145.2,-2.76
E07000035,2020-04-26,Derbyshire Dales,24.89,18,141,194.95,0.19,72325,62.23,22.12,147.96,22.12
E07000035,2020-04-25,Derbyshire Dales,15.21,11,123,170.07,0.17,72325,40.11,15.21,125.84,4.15
E07000035,2020-04-24,Derbyshire Dales,2.77,2,112,154.86,0.15,72325,24.9,-1.38,121.69,0.0
E07000035,2020-04-23,Derbyshire Dales,6.91,5,110,152.09,0.15,72325,26.28,2.76,121.69,2.76
E07000035,2020-04-22,Derbyshire Dales,8.3,6,105,145.18,0.15,72325,23.52,1.39,118.93,6.92
E07000035,2020-04-21,Derbyshire Dales,2.77,2,99,136.88,0.14,72325,22.13,-9.67,112.01,-1.38
E07000035,2020-04-20,Derbyshire Dales,1.38,1,97,134.12,0.13,72325,31.8,-2.77,113.39,-2.77
E07000035,2020-04-19,Derbyshire Dales,2.77,2,96,132.73,0.13,72325,34.57,-4.14,116.16,-1.38
E07000035,2020-04-18,Derbyshire Dales,0.0,0,94,129.97,0.13,72325,38.71,0.0,117.54,-5.53
E07000035,2020-04-17,Derbyshire Dales,4.15,3,94,129.97,0.13,72325,38.71,1.38,123.07,4.15
E07000035,2020-04-16,Derbyshire Dales,4.15,3,91,125.82,0.13,72325,37.33,-1.38,118.92,4.15
E07000035,2020-04-15,Derbyshire Dales,6.91,5,88,121.67,0.12,72325,38.71,2.76,114.77,6.91
E07000035,2020-04-14,Derbyshire Dales,12.44,9,83,114.76,0.11,72325,35.95,8.29,107.86,11.06
E07000035,2020-04-13,Derbyshire Dales,4.15,3,74,102.32,0.1,72325,27.66,4.15,96.8,2.77
E07000035,2020-04-12,Derbyshire Dales,6.91,5,71,98.17,0.1,72325,23.51,5.53,94.03,6.91
E07000035,2020-04-11,Derbyshire Dales,0.0,0,66,91.25,0.09,72325,17.98,-2.77,87.12,0.0
E07000035,2020-04-10,Derbyshire Dales,2.77,2,66,91.25,0.09,72325,20.75,1.39,87.12,2.77
E07000035,2020-04-09,Derbyshire Dales,5.53,4,64,88.49,0.09,72325,19.36,5.53,84.35,5.53
E07000035,2020-04-08,Derbyshire Dales,4.15,3,60,82.96,0.08,72325,13.83,-2.76,78.82,1.38
E07000035,2020-04-07,Derbyshire Dales,4.15,3,57,78.81,0.08,72325,16.59,0.0,77.44,4.15
E07000035,2020-04-06,Derbyshire Dales,0.0,0,54,74.66,0.07,72325,16.59,-11.06,73.29,-1.38
E07000035,2020-04-05,Derbyshire Dales,1.38,1,54,74.66,0.07,72325,27.65,-1.39,74.67,1.38
E07000035,2020-04-04,Derbyshire Dales,2.77,2,53,73.28,0.07,72325,29.04,-8.29,73.29,2.77
E07000035,2020-04-03,Derbyshire Dales,1.38,1,51,70.52,0.07,72325,37.33,-1.39,70.52,1.38
E07000035,2020-04-02,Derbyshire Dales,0.0,0,50,69.13,0.07,72325,38.72,-4.15,69.14,0.0
E07000035,2020-04-01,Derbyshire Dales,6.91,5,50,69.13,0.07,72325,42.87,5.53,69.14,6.91
E07000035,2020-03-31,Derbyshire Dales,4.15,3,45,62.22,0.06,72325,37.34,0.0,62.23,4.15
E07000035,2020-03-30,Derbyshire Dales,11.06,8,42,58.07,0.06,72325,37.34,6.91,58.08,11.06
E07000035,2020-03-29,Derbyshire Dales,2.77,2,34,47.01,0.05,72325,30.43,-1.38,47.02,2.77
E07000035,2020-03-28,Derbyshire Dales,11.06,8,32,44.24,0.04,72325,31.81,5.53,44.25,11.06
E07000035,2020-03-27,Derbyshire Dales,2.77,2,24,33.18,0.03,72325,26.28,2.77,33.19,2.77
E07000035,2020-03-26,Derbyshire Dales,4.15,3,22,30.42,0.03,72325,23.51,4.15,30.42,4.15
E07000035,2020-03-25,Derbyshire Dales,1.38,1,19,26.27,0.03,72325,19.36,1.38,26.27,1.38
E07000035,2020-03-24,Derbyshire Dales,4.15,3,18,24.89,0.02,72325,17.98,2.77,24.89,4.15
E07000035,2020-03-23,Derbyshire Dales,4.15,3,15,20.74,0.02,72325,15.21,2.77,20.74,4.15
E07000035,2020-03-22,Derbyshire Dales,4.15,3,12,16.59,0.02,72325,12.44,4.15,16.59,4.15
E07000035,2020-03-21,Derbyshire Dales,5.53,4,9,12.44,0.01,72325,8.29,5.53,12.44,5.53
E07000035,2020-03-20,Derbyshire Dales,0.0,0,5,6.91,0.01,72325,2.76,0.0,6.91,0.0
E07000035,2020-03-19,Derbyshire Dales,0.0,0,5,6.91,0.01,72325,2.76,0.0,6.91,0.0
E07000035,2020-03-18,Derbyshire Dales,0.0,0,5,6.91,0.01,72325,2.76,-2.77,6.91,0.0
E07000035,2020-03-17,Derbyshire Dales,1.38,1,5,6.91,0.01,72325,5.53,1.38,6.91,1.38
E07000035,2020-03-16,Derbyshire Dales,1.38,1,4,5.53,0.01,72325,4.15,0.0,5.53,1.38
E07000035,2020-03-15,Derbyshire Dales,0.0,0,3,4.15,0.0,72325,4.15,0.0,4.15,0.0
E07000035,2020-03-14,Derbyshire Dales,0.0,0,3,4.15,0.0,72325,4.15,0.0,4.15,0.0
E07000035,2020-03-13,Derbyshire Dales,0.0,0,3,4.15,0.0,72325,4.15,0.0,4.15,0.0
E07000035,2020-03-12,Derbyshire Dales,0.0,0,3,4.15,0.0,72325,4.15,0.0,4.15,0.0
E07000035,2020-03-11,Derbyshire Dales,2.77,2,3,4.15,0.0,72325,4.15,2.77,4.15,2.77
E07000035,2020-03-10,Derbyshire Dales,0.0,0,1,1.38,0.0,72325,1.38,0.0,1.38,0.0
E07000035,2020-03-09,Derbyshire Dales,1.38,1,1,1.38,0.0,72325,1.38,1.38,1.38,1.38
