LAD20CD,date,local_authority,1day_cases_100k,new_cases,total_cases,total_cases_100k,%infected,population,7day_cases_100k,7day_cases_change,28day_cases_100k,28day_cases_change
E06000059,2020-09-12,Dorset,0.0,0,713,188.37,0.19,378508,5.01,-1.06,19.53,-0.26
E06000059,2020-09-11,Dorset,0.53,2,713,188.37,0.19,378508,6.07,-3.7,19.79,-0.26
E06000059,2020-09-10,Dorset,0.79,3,711,187.84,0.19,378508,9.77,-1.06,20.05,0.53
E06000059,2020-09-09,Dorset,0.26,1,708,187.05,0.19,378508,10.83,0.26,19.52,0.26
E06000059,2020-09-08,Dorset,0.26,1,707,186.79,0.19,378508,10.57,-0.27,19.26,-1.06
E06000059,2020-09-07,Dorset,1.06,4,706,186.52,0.19,378508,10.84,0.53,20.32,1.06
E06000059,2020-09-06,Dorset,2.11,8,702,185.47,0.19,378508,10.31,2.11,19.26,1.32
E06000059,2020-09-05,Dorset,1.06,4,694,183.35,0.18,378508,8.2,0.27,17.94,1.06
E06000059,2020-09-04,Dorset,4.23,16,690,182.29,0.18,378508,7.93,3.7,16.88,3.97
E06000059,2020-09-03,Dorset,1.85,7,674,178.07,0.18,378508,4.23,1.59,12.91,1.06
E06000059,2020-09-02,Dorset,0.0,0,667,176.22,0.18,378508,2.64,-0.53,11.85,-0.26
E06000059,2020-09-01,Dorset,0.53,2,667,176.22,0.18,378508,3.17,0.53,12.11,0.53
E06000059,2020-08-31,Dorset,0.53,2,665,175.69,0.18,378508,2.64,0.27,11.58,0.53
E06000059,2020-08-30,Dorset,0.0,0,663,175.16,0.18,378508,2.37,-0.79,11.05,-0.26
E06000059,2020-08-29,Dorset,0.79,3,663,175.16,0.18,378508,3.16,0.53,11.31,0.79
E06000059,2020-08-28,Dorset,0.53,2,660,174.37,0.17,378508,2.63,-0.26,10.52,0.27
E06000059,2020-08-27,Dorset,0.26,1,658,173.84,0.17,378508,2.89,0.0,10.25,-0.53
E06000059,2020-08-26,Dorset,0.53,2,657,173.58,0.17,378508,2.89,-0.53,10.78,0.27
E06000059,2020-08-25,Dorset,0.0,0,655,173.05,0.17,378508,3.42,-0.53,10.51,-0.26
E06000059,2020-08-24,Dorset,0.26,1,655,173.05,0.17,378508,3.95,0.0,10.77,0.26
E06000059,2020-08-23,Dorset,0.79,3,654,172.78,0.17,378508,3.95,0.79,10.51,0.79
E06000059,2020-08-22,Dorset,0.26,1,651,171.99,0.17,378508,3.16,0.0,9.72,0.26
E06000059,2020-08-21,Dorset,0.79,3,650,171.73,0.17,378508,3.16,0.0,9.46,0.53
E06000059,2020-08-20,Dorset,0.26,1,647,170.93,0.17,378508,3.16,0.0,8.93,0.26
E06000059,2020-08-19,Dorset,1.06,4,646,170.67,0.17,378508,3.16,1.06,8.67,1.06
E06000059,2020-08-18,Dorset,0.53,2,642,169.61,0.17,378508,2.1,-0.79,7.61,0.27
E06000059,2020-08-17,Dorset,0.26,1,640,169.08,0.17,378508,2.89,0.26,7.34,0.0
E06000059,2020-08-16,Dorset,0.0,0,639,168.82,0.17,378508,2.63,-0.79,7.34,0.0
E06000059,2020-08-15,Dorset,0.26,1,639,168.82,0.17,378508,3.42,0.26,7.34,0.0
E06000059,2020-08-14,Dorset,0.79,3,638,168.56,0.17,378508,3.16,0.53,7.34,0.79
E06000059,2020-08-13,Dorset,0.26,1,635,167.76,0.17,378508,2.63,-0.53,6.55,-0.27
E06000059,2020-08-12,Dorset,0.0,0,634,167.5,0.17,378508,3.16,-0.26,6.82,-0.53
E06000059,2020-08-11,Dorset,1.32,5,634,167.5,0.17,378508,3.42,1.32,7.35,1.32
E06000059,2020-08-10,Dorset,0.0,0,629,166.18,0.17,378508,2.1,0.0,6.03,0.0
E06000059,2020-08-09,Dorset,0.79,3,629,166.18,0.17,378508,2.1,0.53,6.03,0.79
E06000059,2020-08-08,Dorset,0.0,0,626,165.39,0.17,378508,1.57,0.0,5.24,0.0
E06000059,2020-08-07,Dorset,0.26,1,626,165.39,0.17,378508,1.57,0.0,5.24,-0.27
E06000059,2020-08-06,Dorset,0.79,3,625,165.12,0.17,378508,1.57,0.0,5.51,0.53
E06000059,2020-08-05,Dorset,0.26,1,622,164.33,0.16,378508,1.57,0.0,4.98,-0.27
E06000059,2020-08-04,Dorset,0.0,0,621,164.07,0.16,378508,1.57,-0.26,5.25,-0.26
E06000059,2020-08-03,Dorset,0.0,0,621,164.07,0.16,378508,1.83,0.0,5.51,-0.26
E06000059,2020-08-02,Dorset,0.26,1,621,164.07,0.16,378508,1.83,0.26,5.77,0.26
E06000059,2020-08-01,Dorset,0.0,0,620,163.8,0.16,378508,1.57,0.0,5.51,-0.26
E06000059,2020-07-31,Dorset,0.26,1,620,163.8,0.16,378508,1.57,0.0,5.77,0.26
E06000059,2020-07-30,Dorset,0.79,3,619,163.54,0.16,378508,1.57,0.79,5.51,0.79
E06000059,2020-07-29,Dorset,0.26,1,616,162.74,0.16,378508,0.78,0.26,4.72,0.26
E06000059,2020-07-28,Dorset,0.26,1,615,162.48,0.16,378508,0.52,0.0,4.46,0.0
E06000059,2020-07-27,Dorset,0.0,0,614,162.22,0.16,378508,0.52,-0.26,4.46,-0.26
E06000059,2020-07-26,Dorset,0.0,0,614,162.22,0.16,378508,0.78,0.0,4.72,-0.53
E06000059,2020-07-25,Dorset,0.0,0,614,162.22,0.16,378508,0.78,-0.26,5.25,-0.26
E06000059,2020-07-24,Dorset,0.26,1,614,162.22,0.16,378508,1.04,0.26,5.51,0.26
E06000059,2020-07-23,Dorset,0.0,0,613,161.95,0.16,378508,0.78,-0.53,5.25,0.0
E06000059,2020-07-22,Dorset,0.0,0,613,161.95,0.16,378508,1.31,-0.53,5.25,-0.26
E06000059,2020-07-21,Dorset,0.26,1,613,161.95,0.16,378508,1.84,0.26,5.51,0.26
E06000059,2020-07-20,Dorset,0.26,1,612,161.69,0.16,378508,1.58,0.26,5.25,0.26
E06000059,2020-07-19,Dorset,0.0,0,611,161.42,0.16,378508,1.32,0.0,4.99,0.0
E06000059,2020-07-18,Dorset,0.26,1,611,161.42,0.16,378508,1.32,0.26,4.99,0.26
E06000059,2020-07-17,Dorset,0.0,0,610,161.16,0.16,378508,1.06,-0.53,4.73,0.0
E06000059,2020-07-16,Dorset,0.53,2,610,161.16,0.16,378508,1.59,0.27,4.73,0.53
E06000059,2020-07-15,Dorset,0.53,2,608,160.63,0.16,378508,1.32,0.0,4.2,0.53
E06000059,2020-07-14,Dorset,0.0,0,606,160.1,0.16,378508,1.32,-0.26,3.67,-0.53
E06000059,2020-07-13,Dorset,0.0,0,606,160.1,0.16,378508,1.58,-0.26,4.2,-0.53
E06000059,2020-07-12,Dorset,0.0,0,606,160.1,0.16,378508,1.84,0.0,4.73,0.0
E06000059,2020-07-11,Dorset,0.0,0,606,160.1,0.16,378508,1.84,-0.26,4.73,-0.26
E06000059,2020-07-10,Dorset,0.53,2,606,160.1,0.16,378508,2.1,0.53,4.99,0.53
E06000059,2020-07-09,Dorset,0.26,1,604,159.57,0.16,378508,1.57,0.26,4.46,-0.27
E06000059,2020-07-08,Dorset,0.53,2,603,159.31,0.16,378508,1.31,0.53,4.73,0.53
E06000059,2020-07-07,Dorset,0.26,1,601,158.78,0.16,378508,0.78,0.0,4.2,0.26
E06000059,2020-07-06,Dorset,0.26,1,600,158.52,0.16,378508,0.78,0.0,3.94,0.26
E06000059,2020-07-05,Dorset,0.0,0,599,158.25,0.16,378508,0.78,-0.53,3.68,0.0
E06000059,2020-07-04,Dorset,0.26,1,599,158.25,0.16,378508,1.31,0.0,3.68,0.26
E06000059,2020-07-03,Dorset,0.0,0,598,157.99,0.16,378508,1.31,0.0,3.42,-0.26
E06000059,2020-07-02,Dorset,0.0,0,598,157.99,0.16,378508,1.31,0.0,3.68,0.0
E06000059,2020-07-01,Dorset,0.0,0,598,157.99,0.16,378508,1.31,-0.26,3.68,-0.53
E06000059,2020-06-30,Dorset,0.26,1,598,157.99,0.16,378508,1.57,0.26,4.21,-0.27
E06000059,2020-06-29,Dorset,0.26,1,597,157.72,0.16,378508,1.31,0.26,4.48,0.26
E06000059,2020-06-28,Dorset,0.53,2,596,157.46,0.16,378508,1.05,0.53,4.22,0.27
E06000059,2020-06-27,Dorset,0.26,1,594,156.93,0.16,378508,0.52,0.26,3.95,-1.59
E06000059,2020-06-26,Dorset,0.0,0,593,156.67,0.16,378508,0.26,0.0,5.54,-0.53
E06000059,2020-06-25,Dorset,0.0,0,593,156.67,0.16,378508,0.26,0.0,6.07,-1.32
E06000059,2020-06-24,Dorset,0.26,1,593,156.67,0.16,378508,0.26,0.26,7.39,-0.53
E06000059,2020-06-23,Dorset,0.0,0,592,156.4,0.16,378508,-0.0,-0.53,7.92,-1.06
E06000059,2020-06-22,Dorset,0.0,0,592,156.4,0.16,378508,0.53,-0.53,8.98,-0.26
E06000059,2020-06-21,Dorset,0.0,0,592,156.4,0.16,378508,1.06,0.0,9.24,0.0
E06000059,2020-06-20,Dorset,0.0,0,592,156.4,0.16,378508,1.06,-0.26,9.24,-0.79
E06000059,2020-06-19,Dorset,0.0,0,592,156.4,0.16,378508,1.32,0.0,10.03,-0.79
E06000059,2020-06-18,Dorset,0.0,0,592,156.4,0.16,378508,1.32,-0.53,10.82,0.0
E06000059,2020-06-17,Dorset,0.0,0,592,156.4,0.16,378508,1.85,0.0,10.82,-1.06
E06000059,2020-06-16,Dorset,0.53,2,592,156.4,0.16,378508,1.85,0.53,11.88,0.27
E06000059,2020-06-15,Dorset,0.53,2,590,155.88,0.16,378508,1.32,0.53,11.61,-2.11
E06000059,2020-06-14,Dorset,0.0,0,588,155.35,0.16,378508,0.79,0.0,13.72,-0.53
E06000059,2020-06-13,Dorset,0.26,1,588,155.35,0.16,378508,0.79,0.26,14.25,0.26
E06000059,2020-06-12,Dorset,0.0,0,587,155.08,0.16,378508,0.53,-0.26,13.99,-1.06
E06000059,2020-06-11,Dorset,0.53,2,587,155.08,0.16,378508,0.79,0.53,15.05,0.0
E06000059,2020-06-10,Dorset,0.0,0,585,154.55,0.15,378508,0.26,-0.53,15.05,-1.85
E06000059,2020-06-09,Dorset,0.0,0,585,154.55,0.15,378508,0.79,-0.53,16.9,-0.53
E06000059,2020-06-08,Dorset,0.0,0,585,154.55,0.15,378508,1.32,0.0,17.43,-1.32
E06000059,2020-06-07,Dorset,0.0,0,585,154.55,0.15,378508,1.32,-0.26,18.75,-1.06
E06000059,2020-06-06,Dorset,0.0,0,585,154.55,0.15,378508,1.58,-1.85,19.81,-1.32
E06000059,2020-06-05,Dorset,0.26,1,585,154.55,0.15,378508,3.43,-0.27,21.13,-2.65
E06000059,2020-06-04,Dorset,0.0,0,584,154.29,0.15,378508,3.7,-1.32,23.78,-1.85
E06000059,2020-06-03,Dorset,0.53,2,584,154.29,0.15,378508,5.02,-0.26,25.63,-0.53
E06000059,2020-06-02,Dorset,0.53,2,582,153.76,0.15,378508,5.28,-0.53,26.16,-1.06
E06000059,2020-06-01,Dorset,0.0,0,580,153.23,0.15,378508,5.81,-0.26,27.22,-2.38
E06000059,2020-05-31,Dorset,0.26,1,580,153.23,0.15,378508,6.07,0.26,29.6,-4.5
E06000059,2020-05-30,Dorset,1.85,7,579,152.97,0.15,378508,5.81,1.06,34.1,-1.85
E06000059,2020-05-29,Dorset,0.53,2,572,151.12,0.15,378508,4.75,-0.26,35.95,-3.96
E06000059,2020-05-28,Dorset,1.32,5,570,150.59,0.15,378508,5.01,1.32,39.91,-0.53
E06000059,2020-05-27,Dorset,0.79,3,565,149.27,0.15,378508,3.69,-0.27,40.44,-3.7
E06000059,2020-05-26,Dorset,1.06,4,562,148.48,0.15,378508,3.96,0.8,44.14,-4.22
E06000059,2020-05-25,Dorset,0.26,1,558,147.42,0.15,378508,3.16,-2.38,48.36,-7.93
E06000059,2020-05-24,Dorset,0.0,0,557,147.16,0.15,378508,5.54,-0.53,56.29,-5.55
E06000059,2020-05-23,Dorset,0.79,3,557,147.16,0.15,378508,6.07,0.79,61.84,-1.59
E06000059,2020-05-22,Dorset,0.79,3,554,146.36,0.15,378508,5.28,-0.27,63.43,-0.8
E06000059,2020-05-21,Dorset,0.0,0,551,145.57,0.15,378508,5.55,-0.53,64.23,-5.28
E06000059,2020-05-20,Dorset,1.06,4,551,145.57,0.15,378508,6.08,-0.79,69.51,-1.58
E06000059,2020-05-19,Dorset,0.26,1,547,144.51,0.14,378508,6.87,-0.27,71.09,-1.06
E06000059,2020-05-18,Dorset,2.64,10,546,144.25,0.14,378508,7.14,1.32,72.15,0.26
E06000059,2020-05-17,Dorset,0.53,2,536,141.61,0.14,378508,5.82,-0.53,71.89,-3.17
E06000059,2020-05-16,Dorset,0.0,0,534,141.08,0.14,378508,6.35,-1.32,75.06,-2.11
E06000059,2020-05-15,Dorset,1.06,4,534,141.08,0.14,378508,7.67,-1.85,77.17,-1.32
E06000059,2020-05-14,Dorset,0.53,2,530,140.02,0.14,378508,9.52,-1.32,78.49,-0.53
E06000059,2020-05-13,Dorset,1.85,7,528,139.5,0.14,378508,10.84,0.79,79.02,-0.26
E06000059,2020-05-12,Dorset,0.53,2,521,137.65,0.14,378508,10.05,-1.06,79.28,-1.58
E06000059,2020-05-11,Dorset,1.32,5,519,137.12,0.14,378508,11.11,-1.06,80.86,0.26
E06000059,2020-05-10,Dorset,1.06,4,514,135.8,0.14,378508,12.17,-3.7,80.6,-0.26
E06000059,2020-05-09,Dorset,1.32,5,510,134.74,0.13,378508,15.87,-2.38,80.86,0.53
E06000059,2020-05-08,Dorset,2.91,11,505,133.42,0.13,378508,18.25,-1.58,80.33,-0.26
E06000059,2020-05-07,Dorset,1.85,7,494,130.51,0.13,378508,19.83,0.0,80.59,-2.64
E06000059,2020-05-06,Dorset,1.06,4,487,128.66,0.13,378508,19.83,-3.43,83.23,-3.43
E06000059,2020-05-05,Dorset,1.59,6,483,127.61,0.13,378508,23.26,-3.69,86.66,-0.79
E06000059,2020-05-04,Dorset,2.38,9,477,126.02,0.13,378508,26.95,-5.81,87.45,-0.79
E06000059,2020-05-03,Dorset,4.76,18,468,123.64,0.12,378508,32.76,-0.79,88.24,3.17
E06000059,2020-05-02,Dorset,3.7,14,450,118.89,0.12,378508,33.55,1.32,85.07,1.85
E06000059,2020-05-01,Dorset,4.49,17,436,115.19,0.12,378508,32.23,2.9,83.22,0.53
E06000059,2020-04-30,Dorset,1.85,7,419,110.7,0.11,378508,29.33,-3.43,82.69,-0.79
E06000059,2020-04-29,Dorset,4.49,17,412,108.85,0.11,378508,32.76,1.85,83.48,0.53
E06000059,2020-04-28,Dorset,5.28,20,395,104.36,0.1,378508,30.91,3.96,82.95,3.96
E06000059,2020-04-27,Dorset,8.19,31,375,99.07,0.1,378508,26.95,5.81,78.99,5.02
E06000059,2020-04-26,Dorset,5.55,21,344,90.88,0.09,378508,21.14,1.85,73.97,3.7
E06000059,2020-04-25,Dorset,2.38,9,323,85.34,0.09,378508,19.29,0.27,70.27,0.27
E06000059,2020-04-24,Dorset,1.59,6,314,82.96,0.08,378508,19.02,-0.79,70.0,0.0
E06000059,2020-04-23,Dorset,5.28,20,308,81.37,0.08,378508,19.81,4.22,70.0,2.9
E06000059,2020-04-22,Dorset,2.64,10,288,76.09,0.08,378508,15.59,0.53,67.1,1.85
E06000059,2020-04-21,Dorset,1.32,5,278,73.45,0.07,378508,15.06,-0.79,65.25,0.79
E06000059,2020-04-20,Dorset,2.38,9,273,72.13,0.07,378508,15.85,1.32,64.46,1.32
E06000059,2020-04-19,Dorset,3.7,14,264,69.75,0.07,378508,14.53,2.38,63.14,2.11
E06000059,2020-04-18,Dorset,2.11,8,250,66.05,0.07,378508,12.15,1.32,61.03,1.32
E06000059,2020-04-17,Dorset,2.38,9,242,63.94,0.06,378508,10.83,-0.79,59.71,1.59
E06000059,2020-04-16,Dorset,1.06,4,233,61.56,0.06,378508,11.62,-3.43,58.12,0.53
E06000059,2020-04-15,Dorset,2.11,8,229,60.5,0.06,378508,15.05,-2.38,57.59,1.85
E06000059,2020-04-14,Dorset,2.11,8,221,58.39,0.06,378508,17.43,-0.27,55.74,1.58
E06000059,2020-04-13,Dorset,1.06,4,213,56.27,0.06,378508,17.7,-2.11,54.16,1.06
E06000059,2020-04-12,Dorset,1.32,5,209,55.22,0.06,378508,19.81,-0.27,53.1,1.06
E06000059,2020-04-11,Dorset,0.79,3,204,53.9,0.05,378508,20.08,-1.06,52.04,0.26
E06000059,2020-04-10,Dorset,3.17,12,201,53.1,0.05,378508,21.14,-0.79,51.78,2.91
E06000059,2020-04-09,Dorset,4.49,17,189,49.93,0.05,378508,21.93,1.85,48.87,3.96
E06000059,2020-04-08,Dorset,4.49,17,172,45.44,0.05,378508,20.08,0.53,44.91,4.23
E06000059,2020-04-07,Dorset,2.38,9,155,40.95,0.04,378508,19.55,1.06,40.68,2.12
E06000059,2020-04-06,Dorset,3.17,12,146,38.57,0.04,378508,18.49,0.0,38.56,3.17
E06000059,2020-04-05,Dorset,1.59,6,134,35.4,0.04,378508,18.49,-0.26,35.39,1.59
E06000059,2020-04-04,Dorset,1.85,7,128,33.82,0.03,378508,18.75,-0.26,33.8,1.85
E06000059,2020-04-03,Dorset,3.96,15,121,31.97,0.03,378508,19.01,2.37,31.95,3.96
E06000059,2020-04-02,Dorset,2.64,10,106,28.0,0.03,378508,16.64,0.26,27.99,2.64
E06000059,2020-04-01,Dorset,3.96,15,96,25.36,0.03,378508,16.38,3.17,25.35,3.96
E06000059,2020-03-31,Dorset,1.32,5,81,21.4,0.02,378508,13.21,0.79,21.39,1.32
E06000059,2020-03-30,Dorset,3.17,12,76,20.08,0.02,378508,12.42,2.11,20.07,3.17
E06000059,2020-03-29,Dorset,1.85,7,64,16.91,0.02,378508,10.31,0.26,16.9,1.85
E06000059,2020-03-28,Dorset,2.11,8,57,15.06,0.02,378508,10.05,1.32,15.05,2.11
E06000059,2020-03-27,Dorset,1.59,6,49,12.95,0.01,378508,8.73,0.8,12.94,1.59
E06000059,2020-03-26,Dorset,2.38,9,43,11.36,0.01,378508,7.93,1.85,11.35,2.38
E06000059,2020-03-25,Dorset,0.79,3,34,8.98,0.01,378508,6.08,0.53,8.97,0.79
E06000059,2020-03-24,Dorset,0.53,2,31,8.19,0.01,378508,5.55,0.0,8.18,0.53
E06000059,2020-03-23,Dorset,1.06,4,29,7.66,0.01,378508,5.55,1.06,7.65,1.06
E06000059,2020-03-22,Dorset,1.59,6,25,6.6,0.01,378508,4.49,1.33,6.59,1.59
E06000059,2020-03-21,Dorset,0.79,3,19,5.02,0.01,378508,3.16,0.26,5.0,0.79
E06000059,2020-03-20,Dorset,0.79,3,16,4.23,0.0,378508,2.9,0.53,4.21,0.79
E06000059,2020-03-19,Dorset,0.53,2,13,3.43,0.0,378508,2.37,0.0,3.42,0.53
E06000059,2020-03-18,Dorset,0.26,1,11,2.91,0.0,378508,2.37,0.0,2.89,0.26
E06000059,2020-03-17,Dorset,0.53,2,10,2.64,0.0,378508,2.37,0.27,2.63,0.53
E06000059,2020-03-16,Dorset,0.0,0,8,2.11,0.0,378508,2.1,0.0,2.1,0.0
E06000059,2020-03-15,Dorset,0.26,1,8,2.11,0.0,378508,2.1,0.26,2.1,0.26
E06000059,2020-03-14,Dorset,0.53,2,7,1.85,0.0,378508,1.84,0.53,1.84,0.53
E06000059,2020-03-13,Dorset,0.26,1,5,1.32,0.0,378508,1.31,0.26,1.31,0.26
E06000059,2020-03-12,Dorset,0.53,2,4,1.06,0.0,378508,1.05,0.53,1.05,0.53
E06000059,2020-03-11,Dorset,0.26,1,2,0.53,0.0,378508,0.52,0.26,0.52,0.26
E06000059,2020-03-10,Dorset,0.26,1,1,0.26,0.0,378508,0.26,0.26,0.26,0.26
