LAD20CD,date,local_authority,1day_cases_100k,new_cases,total_cases,total_cases_100k,%infected,population,7day_cases_100k,7day_cases_change,28day_cases_100k,28day_cases_change
E07000208,2020-09-01,Epsom and Ewell,0.0,0,360,446.5,0.45,80627,12.4,0.0,24.8,0.0
E07000208,2020-08-31,Epsom and Ewell,1.24,1,360,446.5,0.45,80627,12.4,-1.24,24.8,1.24
E07000208,2020-08-30,Epsom and Ewell,1.24,1,359,445.26,0.45,80627,13.64,1.24,23.56,1.24
E07000208,2020-08-29,Epsom and Ewell,1.24,1,358,444.02,0.44,80627,12.4,1.24,22.32,1.24
E07000208,2020-08-28,Epsom and Ewell,4.96,4,357,442.78,0.44,80627,11.16,4.96,21.08,4.96
E07000208,2020-08-27,Epsom and Ewell,1.24,1,353,437.82,0.44,80627,6.2,1.24,16.12,0.0
E07000208,2020-08-26,Epsom and Ewell,2.48,2,352,436.58,0.44,80627,4.96,1.24,16.12,2.48
E07000208,2020-08-25,Epsom and Ewell,0.0,0,350,434.1,0.43,80627,3.72,-1.24,13.64,0.0
E07000208,2020-08-24,Epsom and Ewell,2.48,2,350,434.1,0.43,80627,4.96,2.48,13.64,2.48
E07000208,2020-08-23,Epsom and Ewell,0.0,0,348,431.62,0.43,80627,2.48,0.0,11.16,-1.24
E07000208,2020-08-22,Epsom and Ewell,0.0,0,348,431.62,0.43,80627,2.48,0.0,12.4,0.0
E07000208,2020-08-21,Epsom and Ewell,0.0,0,348,431.62,0.43,80627,2.48,-1.24,12.4,0.0
E07000208,2020-08-20,Epsom and Ewell,0.0,0,348,431.62,0.43,80627,3.72,-1.24,12.4,0.0
E07000208,2020-08-19,Epsom and Ewell,1.24,1,348,431.62,0.43,80627,4.96,0.0,12.4,1.24
E07000208,2020-08-18,Epsom and Ewell,1.24,1,347,430.38,0.43,80627,4.96,-1.24,11.16,0.0
E07000208,2020-08-17,Epsom and Ewell,0.0,0,346,429.14,0.43,80627,6.2,0.0,11.16,0.0
E07000208,2020-08-16,Epsom and Ewell,0.0,0,346,429.14,0.43,80627,6.2,0.0,11.16,0.0
E07000208,2020-08-15,Epsom and Ewell,0.0,0,346,429.14,0.43,80627,6.2,0.0,11.16,0.0
E07000208,2020-08-14,Epsom and Ewell,1.24,1,346,429.14,0.43,80627,6.2,0.0,11.16,1.24
E07000208,2020-08-13,Epsom and Ewell,1.24,1,345,427.9,0.43,80627,6.2,1.24,9.92,1.24
E07000208,2020-08-12,Epsom and Ewell,1.24,1,344,426.66,0.43,80627,4.96,1.24,8.68,0.0
E07000208,2020-08-11,Epsom and Ewell,2.48,2,343,425.42,0.43,80627,3.72,2.48,8.68,2.48
E07000208,2020-08-10,Epsom and Ewell,0.0,0,341,422.94,0.42,80627,1.24,0.0,6.2,0.0
E07000208,2020-08-09,Epsom and Ewell,0.0,0,341,422.94,0.42,80627,1.24,0.0,6.2,-1.24
E07000208,2020-08-08,Epsom and Ewell,0.0,0,341,422.94,0.42,80627,1.24,0.0,7.44,-1.24
E07000208,2020-08-07,Epsom and Ewell,1.24,1,341,422.94,0.42,80627,1.24,1.24,8.68,1.24
E07000208,2020-08-06,Epsom and Ewell,0.0,0,340,421.69,0.42,80627,-0.0,-1.24,7.44,0.0
E07000208,2020-08-05,Epsom and Ewell,0.0,0,340,421.69,0.42,80627,1.24,0.0,7.44,-1.24
E07000208,2020-08-04,Epsom and Ewell,0.0,0,340,421.69,0.42,80627,1.24,0.0,8.68,-3.72
E07000208,2020-08-03,Epsom and Ewell,0.0,0,340,421.69,0.42,80627,1.24,0.0,12.4,0.0
E07000208,2020-08-02,Epsom and Ewell,0.0,0,340,421.69,0.42,80627,1.24,-1.24,12.4,0.0
E07000208,2020-08-01,Epsom and Ewell,0.0,0,340,421.69,0.42,80627,2.48,0.0,12.4,0.0
E07000208,2020-07-31,Epsom and Ewell,0.0,0,340,421.69,0.42,80627,2.48,0.0,12.4,0.0
E07000208,2020-07-30,Epsom and Ewell,1.24,1,340,421.69,0.42,80627,2.48,1.24,12.4,0.0
E07000208,2020-07-29,Epsom and Ewell,0.0,0,339,420.45,0.42,80627,1.24,0.0,12.4,0.0
E07000208,2020-07-28,Epsom and Ewell,0.0,0,339,420.45,0.42,80627,1.24,-1.24,12.4,0.0
E07000208,2020-07-27,Epsom and Ewell,0.0,0,339,420.45,0.42,80627,2.48,0.0,12.4,-1.24
E07000208,2020-07-26,Epsom and Ewell,1.24,1,339,420.45,0.42,80627,2.48,1.24,13.64,1.24
E07000208,2020-07-25,Epsom and Ewell,0.0,0,338,419.21,0.42,80627,1.24,0.0,12.4,0.0
E07000208,2020-07-24,Epsom and Ewell,0.0,0,338,419.21,0.42,80627,1.24,0.0,12.4,0.0
E07000208,2020-07-23,Epsom and Ewell,0.0,0,338,419.21,0.42,80627,1.24,0.0,12.4,0.0
E07000208,2020-07-22,Epsom and Ewell,0.0,0,338,419.21,0.42,80627,1.24,-1.24,12.4,0.0
E07000208,2020-07-21,Epsom and Ewell,1.24,1,338,419.21,0.42,80627,2.48,1.24,12.4,0.0
E07000208,2020-07-20,Epsom and Ewell,0.0,0,337,417.97,0.42,80627,1.24,0.0,12.4,0.0
E07000208,2020-07-19,Epsom and Ewell,0.0,0,337,417.97,0.42,80627,1.24,-1.24,12.4,0.0
E07000208,2020-07-18,Epsom and Ewell,0.0,0,337,417.97,0.42,80627,2.48,-1.24,12.4,0.0
E07000208,2020-07-17,Epsom and Ewell,0.0,0,337,417.97,0.42,80627,3.72,0.0,12.4,-1.24
E07000208,2020-07-16,Epsom and Ewell,0.0,0,337,417.97,0.42,80627,3.72,0.0,13.64,0.0
E07000208,2020-07-15,Epsom and Ewell,1.24,1,337,417.97,0.42,80627,3.72,0.0,13.64,0.0
E07000208,2020-07-14,Epsom and Ewell,0.0,0,336,416.73,0.42,80627,3.72,-3.72,13.64,0.0
E07000208,2020-07-13,Epsom and Ewell,0.0,0,336,416.73,0.42,80627,7.44,0.0,13.64,-1.24
E07000208,2020-07-12,Epsom and Ewell,1.24,1,336,416.73,0.42,80627,7.44,1.24,14.88,1.24
E07000208,2020-07-11,Epsom and Ewell,1.24,1,335,415.49,0.42,80627,6.2,1.24,13.64,1.24
E07000208,2020-07-10,Epsom and Ewell,0.0,0,334,414.25,0.41,80627,4.96,0.0,12.4,-2.48
E07000208,2020-07-09,Epsom and Ewell,0.0,0,334,414.25,0.41,80627,4.96,-1.24,14.88,-1.24
E07000208,2020-07-08,Epsom and Ewell,1.24,1,334,414.25,0.41,80627,6.2,1.24,16.12,0.0
E07000208,2020-07-07,Epsom and Ewell,3.72,3,333,413.01,0.41,80627,4.96,3.72,16.12,3.72
E07000208,2020-07-06,Epsom and Ewell,0.0,0,330,409.29,0.41,80627,1.24,-1.24,12.4,-1.24
E07000208,2020-07-05,Epsom and Ewell,0.0,0,330,409.29,0.41,80627,2.48,0.0,13.64,-1.24
E07000208,2020-07-04,Epsom and Ewell,0.0,0,330,409.29,0.41,80627,2.48,0.0,14.88,0.0
E07000208,2020-07-03,Epsom and Ewell,0.0,0,330,409.29,0.41,80627,2.48,0.0,14.88,-2.48
E07000208,2020-07-02,Epsom and Ewell,1.24,1,330,409.29,0.41,80627,2.48,1.24,17.36,1.24
E07000208,2020-07-01,Epsom and Ewell,0.0,0,329,408.05,0.41,80627,1.24,0.0,16.12,0.0
E07000208,2020-06-30,Epsom and Ewell,0.0,0,329,408.05,0.41,80627,1.24,-1.24,16.12,0.0
E07000208,2020-06-29,Epsom and Ewell,1.24,1,329,408.05,0.41,80627,2.48,1.24,16.12,1.24
E07000208,2020-06-28,Epsom and Ewell,0.0,0,328,406.81,0.41,80627,1.24,0.0,14.88,0.0
E07000208,2020-06-27,Epsom and Ewell,0.0,0,328,406.81,0.41,80627,1.24,0.0,14.88,-1.24
E07000208,2020-06-26,Epsom and Ewell,0.0,0,328,406.81,0.41,80627,1.24,-1.24,16.12,0.0
E07000208,2020-06-25,Epsom and Ewell,0.0,0,328,406.81,0.41,80627,2.48,0.0,16.12,-2.48
E07000208,2020-06-24,Epsom and Ewell,0.0,0,328,406.81,0.41,80627,2.48,-1.24,18.6,0.0
E07000208,2020-06-23,Epsom and Ewell,1.24,1,328,406.81,0.41,80627,3.72,1.24,18.6,1.24
E07000208,2020-06-22,Epsom and Ewell,0.0,0,327,405.57,0.41,80627,2.48,-1.24,17.36,-2.48
E07000208,2020-06-21,Epsom and Ewell,0.0,0,327,405.57,0.41,80627,3.72,0.0,19.84,0.0
E07000208,2020-06-20,Epsom and Ewell,0.0,0,327,405.57,0.41,80627,3.72,0.0,19.84,-2.48
E07000208,2020-06-19,Epsom and Ewell,1.24,1,327,405.57,0.41,80627,3.72,-1.24,22.32,0.0
E07000208,2020-06-18,Epsom and Ewell,0.0,0,326,404.33,0.4,80627,4.96,-1.24,22.32,-1.24
E07000208,2020-06-17,Epsom and Ewell,1.24,1,326,404.33,0.4,80627,6.2,0.0,23.56,1.24
E07000208,2020-06-16,Epsom and Ewell,0.0,0,325,403.09,0.4,80627,6.2,0.0,22.32,-1.24
E07000208,2020-06-15,Epsom and Ewell,1.24,1,325,403.09,0.4,80627,6.2,0.0,23.56,1.24
E07000208,2020-06-14,Epsom and Ewell,0.0,0,324,401.85,0.4,80627,6.2,-1.24,22.32,-1.24
E07000208,2020-06-13,Epsom and Ewell,0.0,0,324,401.85,0.4,80627,7.44,0.0,23.56,-2.48
E07000208,2020-06-12,Epsom and Ewell,2.48,2,324,401.85,0.4,80627,7.44,0.0,26.04,0.0
E07000208,2020-06-11,Epsom and Ewell,1.24,1,322,399.37,0.4,80627,7.44,1.24,26.04,0.0
E07000208,2020-06-10,Epsom and Ewell,1.24,1,321,398.13,0.4,80627,6.2,1.24,26.04,1.24
E07000208,2020-06-09,Epsom and Ewell,0.0,0,320,396.89,0.4,80627,4.96,0.0,24.8,-6.2
E07000208,2020-06-08,Epsom and Ewell,1.24,1,320,396.89,0.4,80627,4.96,1.24,31.0,0.0
E07000208,2020-06-07,Epsom and Ewell,1.24,1,319,395.65,0.4,80627,3.72,1.24,31.0,-4.96
E07000208,2020-06-06,Epsom and Ewell,0.0,0,318,394.41,0.39,80627,2.48,-1.24,35.96,-1.24
E07000208,2020-06-05,Epsom and Ewell,2.48,2,318,394.41,0.39,80627,3.72,2.48,37.2,0.0
E07000208,2020-06-04,Epsom and Ewell,0.0,0,316,391.93,0.39,80627,1.24,-2.48,37.2,-19.84
E07000208,2020-06-03,Epsom and Ewell,0.0,0,316,391.93,0.39,80627,3.72,0.0,57.04,0.0
E07000208,2020-06-02,Epsom and Ewell,0.0,0,316,391.93,0.39,80627,3.72,0.0,57.04,-3.72
E07000208,2020-06-01,Epsom and Ewell,0.0,0,316,391.93,0.39,80627,3.72,-2.48,60.76,-4.96
E07000208,2020-05-31,Epsom and Ewell,0.0,0,316,391.93,0.39,80627,6.2,0.0,65.72,0.0
E07000208,2020-05-30,Epsom and Ewell,1.24,1,316,391.93,0.39,80627,6.2,-1.24,65.72,0.0
E07000208,2020-05-29,Epsom and Ewell,0.0,0,315,390.69,0.39,80627,7.44,-1.24,65.72,-2.48
E07000208,2020-05-28,Epsom and Ewell,2.48,2,315,390.69,0.39,80627,8.68,1.24,68.2,-4.96
E07000208,2020-05-27,Epsom and Ewell,0.0,0,313,388.21,0.39,80627,7.44,0.0,73.16,-3.72
E07000208,2020-05-26,Epsom and Ewell,0.0,0,313,388.21,0.39,80627,7.44,-1.24,76.88,-7.44
E07000208,2020-05-25,Epsom and Ewell,2.48,2,313,388.21,0.39,80627,8.68,2.48,84.32,-4.96
E07000208,2020-05-24,Epsom and Ewell,0.0,0,311,385.73,0.39,80627,6.2,-1.24,89.28,-1.24
E07000208,2020-05-23,Epsom and Ewell,2.48,2,311,385.73,0.39,80627,7.44,0.0,90.52,0.0
E07000208,2020-05-22,Epsom and Ewell,1.24,1,309,383.25,0.38,80627,7.44,-1.24,90.52,-9.92
E07000208,2020-05-21,Epsom and Ewell,1.24,1,308,382.01,0.38,80627,8.68,0.0,100.44,-3.72
E07000208,2020-05-20,Epsom and Ewell,0.0,0,307,380.77,0.38,80627,8.68,0.0,104.16,-6.2
E07000208,2020-05-19,Epsom and Ewell,1.24,1,307,380.77,0.38,80627,8.68,-4.96,110.36,-14.88
E07000208,2020-05-18,Epsom and Ewell,0.0,0,306,379.53,0.38,80627,13.64,-1.24,125.24,-3.72
E07000208,2020-05-17,Epsom and Ewell,1.24,1,306,379.53,0.38,80627,14.88,-4.96,128.96,-2.48
E07000208,2020-05-16,Epsom and Ewell,2.48,2,305,378.29,0.38,80627,19.84,1.24,131.44,-2.48
E07000208,2020-05-15,Epsom and Ewell,2.48,2,303,375.8,0.38,80627,18.6,0.0,133.92,-9.92
E07000208,2020-05-14,Epsom and Ewell,1.24,1,301,373.32,0.37,80627,18.6,-18.6,143.84,-3.72
E07000208,2020-05-13,Epsom and Ewell,0.0,0,300,372.08,0.37,80627,37.2,0.0,147.56,-13.64
E07000208,2020-05-12,Epsom and Ewell,6.2,5,300,372.08,0.37,80627,37.2,2.48,161.2,-2.48
E07000208,2020-05-11,Epsom and Ewell,1.24,1,295,365.88,0.37,80627,34.72,-3.72,163.68,-3.72
E07000208,2020-05-10,Epsom and Ewell,6.2,5,294,364.64,0.36,80627,38.44,6.2,167.4,-4.96
E07000208,2020-05-09,Epsom and Ewell,1.24,1,289,358.44,0.36,80627,32.24,0.0,172.36,-6.2
E07000208,2020-05-08,Epsom and Ewell,2.48,2,288,357.2,0.36,80627,32.24,0.0,178.56,-4.96
E07000208,2020-05-07,Epsom and Ewell,19.84,16,286,354.72,0.35,80627,32.24,12.4,183.52,11.16
E07000208,2020-05-06,Epsom and Ewell,0.0,0,270,334.88,0.33,80627,19.84,-3.72,172.36,-11.16
E07000208,2020-05-05,Epsom and Ewell,3.72,3,270,334.88,0.33,80627,23.56,-3.72,183.52,-3.72
E07000208,2020-05-04,Epsom and Ewell,4.96,4,267,331.15,0.33,80627,27.28,-2.48,187.24,-12.4
E07000208,2020-05-03,Epsom and Ewell,0.0,0,263,326.19,0.33,80627,29.76,-1.24,199.64,-7.44
E07000208,2020-05-02,Epsom and Ewell,1.24,1,263,326.19,0.33,80627,31.0,-1.24,207.08,-1.24
E07000208,2020-05-01,Epsom and Ewell,2.48,2,262,324.95,0.32,80627,32.24,-8.68,208.32,-2.48
E07000208,2020-04-30,Epsom and Ewell,7.44,6,260,322.47,0.32,80627,40.92,2.48,210.8,-4.96
E07000208,2020-04-29,Epsom and Ewell,3.72,3,254,315.03,0.32,80627,38.44,-2.48,215.76,-14.88
E07000208,2020-04-28,Epsom and Ewell,7.44,6,251,311.31,0.31,80627,40.92,-8.68,230.64,0.0
E07000208,2020-04-27,Epsom and Ewell,7.44,6,245,303.87,0.3,80627,49.6,3.72,230.64,-2.48
E07000208,2020-04-26,Epsom and Ewell,1.24,1,239,296.43,0.3,80627,45.88,-2.48,233.12,-7.44
E07000208,2020-04-25,Epsom and Ewell,2.48,2,238,295.19,0.3,80627,48.36,-2.48,240.56,-4.96
E07000208,2020-04-24,Epsom and Ewell,11.16,9,236,292.71,0.29,80627,50.84,-1.24,245.52,2.48
E07000208,2020-04-23,Epsom and Ewell,4.96,4,227,281.54,0.28,80627,52.08,0.0,243.04,0.0
E07000208,2020-04-22,Epsom and Ewell,6.2,5,223,276.58,0.28,80627,52.08,-7.44,243.04,2.48
E07000208,2020-04-21,Epsom and Ewell,16.12,13,218,270.38,0.27,80627,59.52,7.44,240.56,11.16
E07000208,2020-04-20,Epsom and Ewell,3.72,3,205,254.26,0.25,80627,52.08,-1.24,229.4,-4.96
E07000208,2020-04-19,Epsom and Ewell,3.72,3,202,250.54,0.25,80627,53.32,-7.44,234.36,-1.24
E07000208,2020-04-18,Epsom and Ewell,4.96,4,199,246.82,0.25,80627,60.76,-2.48,235.6,1.24
E07000208,2020-04-17,Epsom and Ewell,12.4,10,195,241.85,0.24,80627,63.24,4.96,234.36,12.4
E07000208,2020-04-16,Epsom and Ewell,4.96,4,185,229.45,0.23,80627,58.28,-3.72,221.96,4.96
E07000208,2020-04-15,Epsom and Ewell,13.64,11,181,224.49,0.22,80627,62.0,2.48,217.0,11.16
E07000208,2020-04-14,Epsom and Ewell,8.68,7,170,210.85,0.21,80627,59.52,1.24,205.84,8.68
E07000208,2020-04-13,Epsom and Ewell,4.96,4,163,202.17,0.2,80627,58.28,-12.4,197.16,3.72
E07000208,2020-04-12,Epsom and Ewell,11.16,9,159,197.2,0.2,80627,70.68,3.72,193.44,9.92
E07000208,2020-04-11,Epsom and Ewell,7.44,6,150,186.04,0.19,80627,66.96,4.96,183.52,7.44
E07000208,2020-04-10,Epsom and Ewell,7.44,6,144,178.6,0.18,80627,62.0,2.48,176.08,7.44
E07000208,2020-04-09,Epsom and Ewell,8.68,7,138,171.16,0.17,80627,59.52,-3.72,168.64,8.68
E07000208,2020-04-08,Epsom and Ewell,11.16,9,131,162.48,0.16,80627,63.24,-7.44,159.96,11.16
E07000208,2020-04-07,Epsom and Ewell,7.44,6,122,151.31,0.15,80627,70.68,0.0,148.8,4.96
E07000208,2020-04-06,Epsom and Ewell,17.36,14,116,143.87,0.14,80627,70.68,7.44,143.84,17.36
E07000208,2020-04-05,Epsom and Ewell,7.44,6,102,126.51,0.13,80627,63.24,-1.24,126.48,7.44
E07000208,2020-04-04,Epsom and Ewell,2.48,2,96,119.07,0.12,80627,64.48,-4.96,119.04,2.48
E07000208,2020-04-03,Epsom and Ewell,4.96,4,94,116.59,0.12,80627,69.44,-3.72,116.56,4.96
E07000208,2020-04-02,Epsom and Ewell,12.4,10,90,111.63,0.11,80627,73.16,7.44,111.6,12.4
E07000208,2020-04-01,Epsom and Ewell,18.6,15,80,99.22,0.1,80627,65.72,14.88,99.2,18.6
E07000208,2020-03-31,Epsom and Ewell,7.44,6,65,80.62,0.08,80627,50.84,2.48,80.6,7.44
E07000208,2020-03-30,Epsom and Ewell,9.92,8,59,73.18,0.07,80627,48.36,1.24,73.16,9.92
E07000208,2020-03-29,Epsom and Ewell,8.68,7,51,63.25,0.06,80627,47.12,3.72,63.24,8.68
E07000208,2020-03-28,Epsom and Ewell,7.44,6,44,54.57,0.05,80627,43.4,3.72,54.56,7.44
E07000208,2020-03-27,Epsom and Ewell,8.68,7,38,47.13,0.05,80627,39.68,8.68,47.12,8.68
E07000208,2020-03-26,Epsom and Ewell,4.96,4,31,38.45,0.04,80627,31.0,4.96,38.44,4.96
E07000208,2020-03-25,Epsom and Ewell,3.72,3,27,33.49,0.03,80627,26.04,1.24,33.48,3.72
E07000208,2020-03-24,Epsom and Ewell,4.96,4,24,29.77,0.03,80627,24.8,4.96,29.76,4.96
E07000208,2020-03-23,Epsom and Ewell,8.68,7,20,24.81,0.02,80627,19.84,7.44,24.8,8.68
E07000208,2020-03-22,Epsom and Ewell,4.96,4,13,16.12,0.02,80627,12.4,3.72,16.12,4.96
E07000208,2020-03-21,Epsom and Ewell,3.72,3,9,11.16,0.01,80627,8.68,3.72,11.16,3.72
E07000208,2020-03-20,Epsom and Ewell,0.0,0,6,7.44,0.01,80627,4.96,0.0,7.44,0.0
E07000208,2020-03-19,Epsom and Ewell,0.0,0,6,7.44,0.01,80627,4.96,0.0,7.44,0.0
E07000208,2020-03-18,Epsom and Ewell,2.48,2,6,7.44,0.01,80627,4.96,2.48,7.44,2.48
E07000208,2020-03-17,Epsom and Ewell,0.0,0,4,4.96,0.0,80627,2.48,-2.48,4.96,0.0
E07000208,2020-03-16,Epsom and Ewell,1.24,1,4,4.96,0.0,80627,4.96,1.24,4.96,1.24
E07000208,2020-03-15,Epsom and Ewell,1.24,1,3,3.72,0.0,80627,3.72,1.24,3.72,1.24
E07000208,2020-03-14,Epsom and Ewell,0.0,0,2,2.48,0.0,80627,2.48,0.0,2.48,0.0
E07000208,2020-03-13,Epsom and Ewell,0.0,0,2,2.48,0.0,80627,2.48,0.0,2.48,0.0
E07000208,2020-03-12,Epsom and Ewell,0.0,0,2,2.48,0.0,80627,2.48,0.0,2.48,0.0
E07000208,2020-03-11,Epsom and Ewell,0.0,0,2,2.48,0.0,80627,2.48,0.0,2.48,0.0
E07000208,2020-03-10,Epsom and Ewell,2.48,2,2,2.48,0.0,80627,2.48,2.48,2.48,2.48
