LAD20CD,date,local_authority,1day_cases_100k,new_cases,total_cases,total_cases_100k,%infected,population,7day_cases_100k,7day_cases_change,28day_cases_100k,28day_cases_change
E07000098,2020-09-07,Hertsmere,0.0,0,591,563.29,0.56,104919,39.08,-5.72,89.61,-1.91
E07000098,2020-09-06,Hertsmere,0.0,0,591,563.29,0.56,104919,44.8,-11.44,91.52,0.0
E07000098,2020-09-05,Hertsmere,4.77,5,591,563.29,0.56,104919,56.24,-0.95,91.52,3.82
E07000098,2020-09-04,Hertsmere,7.62,8,586,558.53,0.56,104919,57.19,3.81,87.7,6.67
E07000098,2020-09-03,Hertsmere,5.72,6,578,550.9,0.55,104919,53.38,3.81,81.03,4.77
E07000098,2020-09-02,Hertsmere,11.44,12,572,545.18,0.55,104919,49.57,7.63,76.26,9.53
E07000098,2020-09-01,Hertsmere,9.53,10,560,533.75,0.53,104919,41.94,7.62,66.73,5.72
E07000098,2020-08-31,Hertsmere,5.72,6,550,524.21,0.52,104919,34.32,4.77,61.01,4.77
E07000098,2020-08-30,Hertsmere,11.44,12,544,518.5,0.52,104919,29.55,11.44,56.24,9.53
E07000098,2020-08-29,Hertsmere,5.72,6,532,507.06,0.51,104919,18.11,5.72,46.71,5.72
E07000098,2020-08-28,Hertsmere,3.81,4,526,501.34,0.5,104919,12.39,1.9,40.99,3.81
E07000098,2020-08-27,Hertsmere,1.91,2,522,497.53,0.5,104919,10.49,-0.95,37.18,1.91
E07000098,2020-08-26,Hertsmere,3.81,4,520,495.62,0.5,104919,11.44,1.9,35.27,3.81
E07000098,2020-08-25,Hertsmere,1.91,2,516,491.81,0.49,104919,9.54,1.91,31.46,1.91
E07000098,2020-08-24,Hertsmere,0.95,1,514,489.9,0.49,104919,7.63,-0.96,29.55,0.95
E07000098,2020-08-23,Hertsmere,0.0,0,513,488.95,0.49,104919,8.59,-0.95,28.6,-0.95
E07000098,2020-08-22,Hertsmere,0.0,0,513,488.95,0.49,104919,9.54,-0.95,29.55,0.0
E07000098,2020-08-21,Hertsmere,1.91,2,513,488.95,0.49,104919,10.49,1.91,29.55,1.91
E07000098,2020-08-20,Hertsmere,2.86,3,511,487.04,0.49,104919,8.58,0.95,27.64,0.95
E07000098,2020-08-19,Hertsmere,1.91,2,508,484.18,0.48,104919,7.63,0.0,26.69,1.91
E07000098,2020-08-18,Hertsmere,0.0,0,506,482.28,0.48,104919,7.63,-0.95,24.78,0.0
E07000098,2020-08-17,Hertsmere,1.91,2,506,482.28,0.48,104919,8.58,0.0,24.78,0.96
E07000098,2020-08-16,Hertsmere,0.95,1,504,480.37,0.48,104919,8.58,0.95,23.82,0.95
E07000098,2020-08-15,Hertsmere,0.95,1,503,479.42,0.48,104919,7.63,0.0,22.87,0.95
E07000098,2020-08-14,Hertsmere,0.0,0,502,478.46,0.48,104919,7.63,-0.95,21.92,-0.95
E07000098,2020-08-13,Hertsmere,1.91,2,502,478.46,0.48,104919,8.58,0.96,22.87,1.91
E07000098,2020-08-12,Hertsmere,1.91,2,500,476.56,0.48,104919,7.62,0.0,20.96,1.91
E07000098,2020-08-11,Hertsmere,0.95,1,498,474.65,0.47,104919,7.62,-2.86,19.05,0.0
E07000098,2020-08-10,Hertsmere,1.91,2,497,473.7,0.47,104919,10.48,0.96,19.05,1.91
E07000098,2020-08-09,Hertsmere,0.0,0,495,471.79,0.47,104919,9.52,-1.91,17.14,0.0
E07000098,2020-08-08,Hertsmere,0.95,1,495,471.79,0.47,104919,11.43,0.95,17.14,0.0
E07000098,2020-08-07,Hertsmere,0.95,1,494,470.84,0.47,104919,10.48,0.95,17.14,0.95
E07000098,2020-08-06,Hertsmere,0.95,1,493,469.89,0.47,104919,9.53,0.95,16.19,0.95
E07000098,2020-08-05,Hertsmere,1.91,2,492,468.93,0.47,104919,8.58,1.91,15.24,1.91
E07000098,2020-08-04,Hertsmere,3.81,4,490,467.03,0.47,104919,6.67,3.81,13.33,1.9
E07000098,2020-08-03,Hertsmere,0.95,1,486,463.21,0.46,104919,2.86,0.95,11.43,0.0
E07000098,2020-08-02,Hertsmere,1.91,2,485,462.26,0.46,104919,1.91,0.96,11.43,1.91
E07000098,2020-08-01,Hertsmere,0.0,0,483,460.36,0.46,104919,0.95,0.0,9.52,0.0
E07000098,2020-07-31,Hertsmere,0.0,0,483,460.36,0.46,104919,0.95,0.0,9.52,-0.95
E07000098,2020-07-30,Hertsmere,0.0,0,483,460.36,0.46,104919,0.95,-1.91,10.47,0.0
E07000098,2020-07-29,Hertsmere,0.0,0,483,460.36,0.46,104919,2.86,0.0,10.47,0.0
E07000098,2020-07-28,Hertsmere,0.0,0,483,460.36,0.46,104919,2.86,0.0,10.47,0.0
E07000098,2020-07-27,Hertsmere,0.0,0,483,460.36,0.46,104919,2.86,-0.95,10.47,-0.95
E07000098,2020-07-26,Hertsmere,0.95,1,483,460.36,0.46,104919,3.81,0.95,11.42,0.95
E07000098,2020-07-25,Hertsmere,0.0,0,482,459.4,0.46,104919,2.86,0.0,10.47,0.0
E07000098,2020-07-24,Hertsmere,0.0,0,482,459.4,0.46,104919,2.86,-0.95,10.47,0.0
E07000098,2020-07-23,Hertsmere,1.91,2,482,459.4,0.46,104919,3.81,1.91,10.47,1.91
E07000098,2020-07-22,Hertsmere,0.0,0,480,457.5,0.46,104919,1.9,0.0,8.56,0.0
E07000098,2020-07-21,Hertsmere,0.0,0,480,457.5,0.46,104919,1.9,-0.95,8.56,-0.95
E07000098,2020-07-20,Hertsmere,0.95,1,480,457.5,0.46,104919,2.85,0.95,9.51,0.95
E07000098,2020-07-19,Hertsmere,0.0,0,479,456.54,0.46,104919,1.9,0.0,8.56,-2.86
E07000098,2020-07-18,Hertsmere,0.0,0,479,456.54,0.46,104919,1.9,-0.95,11.42,0.0
E07000098,2020-07-17,Hertsmere,0.95,1,479,456.54,0.46,104919,2.85,0.95,11.42,0.95
E07000098,2020-07-16,Hertsmere,0.0,0,478,455.59,0.46,104919,1.9,0.0,10.47,-1.91
E07000098,2020-07-15,Hertsmere,0.0,0,478,455.59,0.46,104919,1.9,0.0,12.38,-0.95
E07000098,2020-07-14,Hertsmere,0.95,1,478,455.59,0.46,104919,1.9,-0.96,13.33,0.95
E07000098,2020-07-13,Hertsmere,0.0,0,477,454.64,0.45,104919,2.86,-0.95,12.38,-1.91
E07000098,2020-07-12,Hertsmere,0.0,0,477,454.64,0.45,104919,3.81,0.0,14.29,0.0
E07000098,2020-07-11,Hertsmere,0.95,1,477,454.64,0.45,104919,3.81,0.95,14.29,-0.96
E07000098,2020-07-10,Hertsmere,0.0,0,476,453.68,0.45,104919,2.86,-0.95,15.25,-1.91
E07000098,2020-07-09,Hertsmere,0.0,0,476,453.68,0.45,104919,3.81,0.0,17.16,-0.95
E07000098,2020-07-08,Hertsmere,0.0,0,476,453.68,0.45,104919,3.81,0.0,18.11,0.0
E07000098,2020-07-07,Hertsmere,1.91,2,476,453.68,0.45,104919,3.81,1.91,18.11,1.91
E07000098,2020-07-06,Hertsmere,0.95,1,474,451.78,0.45,104919,1.9,0.0,16.2,0.0
E07000098,2020-07-05,Hertsmere,0.0,0,473,450.82,0.45,104919,1.9,0.0,16.2,-0.95
E07000098,2020-07-04,Hertsmere,0.0,0,473,450.82,0.45,104919,1.9,0.0,17.15,0.0
E07000098,2020-07-03,Hertsmere,0.95,1,473,450.82,0.45,104919,1.9,0.95,17.15,0.0
E07000098,2020-07-02,Hertsmere,0.0,0,472,449.87,0.45,104919,0.95,0.0,17.15,0.0
E07000098,2020-07-01,Hertsmere,0.0,0,472,449.87,0.45,104919,0.95,0.0,17.15,0.0
E07000098,2020-06-30,Hertsmere,0.0,0,472,449.87,0.45,104919,0.95,-0.95,17.15,0.0
E07000098,2020-06-29,Hertsmere,0.95,1,472,449.87,0.45,104919,1.9,0.95,17.15,-0.96
E07000098,2020-06-28,Hertsmere,0.0,0,471,448.92,0.45,104919,0.95,-2.86,18.11,0.0
E07000098,2020-06-27,Hertsmere,0.0,0,471,448.92,0.45,104919,3.81,0.0,18.11,-1.91
E07000098,2020-06-26,Hertsmere,0.0,0,471,448.92,0.45,104919,3.81,0.0,20.02,-1.91
E07000098,2020-06-25,Hertsmere,0.0,0,471,448.92,0.45,104919,3.81,-1.91,21.93,-1.91
E07000098,2020-06-24,Hertsmere,0.0,0,471,448.92,0.45,104919,5.72,-0.95,23.84,-1.91
E07000098,2020-06-23,Hertsmere,0.95,1,471,448.92,0.45,104919,6.67,0.95,25.75,0.95
E07000098,2020-06-22,Hertsmere,0.0,0,470,447.96,0.45,104919,5.72,-1.91,24.8,-1.91
E07000098,2020-06-21,Hertsmere,2.86,3,470,447.96,0.45,104919,7.63,2.86,26.71,0.95
E07000098,2020-06-20,Hertsmere,0.0,0,467,445.11,0.45,104919,4.77,-1.91,25.76,-1.91
E07000098,2020-06-19,Hertsmere,0.0,0,467,445.11,0.45,104919,6.68,-1.91,27.67,-0.95
E07000098,2020-06-18,Hertsmere,1.91,2,467,445.11,0.45,104919,8.59,0.96,28.62,0.96
E07000098,2020-06-17,Hertsmere,0.95,1,465,443.2,0.44,104919,7.63,0.95,27.66,0.0
E07000098,2020-06-16,Hertsmere,0.0,0,464,442.25,0.44,104919,6.68,0.0,27.66,-0.95
E07000098,2020-06-15,Hertsmere,1.91,2,464,442.25,0.44,104919,6.68,0.96,28.61,0.96
E07000098,2020-06-14,Hertsmere,0.0,0,462,440.34,0.44,104919,5.72,-0.95,27.65,-0.95
E07000098,2020-06-13,Hertsmere,1.91,2,462,440.34,0.44,104919,6.67,1.91,28.6,0.96
E07000098,2020-06-12,Hertsmere,1.91,2,460,438.43,0.44,104919,4.76,0.96,27.64,1.91
E07000098,2020-06-11,Hertsmere,0.95,1,458,436.53,0.44,104919,3.8,0.95,25.73,-3.82
E07000098,2020-06-10,Hertsmere,0.0,0,457,435.57,0.44,104919,2.85,0.0,29.55,-5.72
E07000098,2020-06-09,Hertsmere,0.0,0,457,435.57,0.44,104919,2.85,0.0,35.27,-0.95
E07000098,2020-06-08,Hertsmere,0.95,1,457,435.57,0.44,104919,2.85,-0.96,36.22,-2.86
E07000098,2020-06-07,Hertsmere,0.95,1,456,434.62,0.43,104919,3.81,0.95,39.08,0.95
E07000098,2020-06-06,Hertsmere,0.0,0,455,433.67,0.43,104919,2.86,-1.91,38.13,0.0
E07000098,2020-06-05,Hertsmere,0.95,1,455,433.67,0.43,104919,4.77,-0.96,38.13,0.0
E07000098,2020-06-04,Hertsmere,0.0,0,454,432.71,0.43,104919,5.73,-1.91,38.13,0.0
E07000098,2020-06-03,Hertsmere,0.0,0,454,432.71,0.43,104919,7.64,-1.91,38.13,-2.86
E07000098,2020-06-02,Hertsmere,0.0,0,454,432.71,0.43,104919,9.55,0.0,40.99,-1.91
E07000098,2020-06-01,Hertsmere,1.91,2,454,432.71,0.43,104919,9.55,0.0,42.9,-3.81
E07000098,2020-05-31,Hertsmere,0.0,0,452,430.81,0.43,104919,9.55,-1.91,46.71,-0.95
E07000098,2020-05-30,Hertsmere,1.91,2,452,430.81,0.43,104919,11.46,0.0,47.66,-4.76
E07000098,2020-05-29,Hertsmere,1.91,2,450,428.9,0.43,104919,11.46,0.96,52.42,0.0
E07000098,2020-05-28,Hertsmere,1.91,2,448,427.0,0.43,104919,10.5,0.96,52.42,-2.86
E07000098,2020-05-27,Hertsmere,1.91,2,446,425.09,0.43,104919,9.54,0.96,55.28,-6.67
E07000098,2020-05-26,Hertsmere,0.0,0,444,423.18,0.42,104919,8.58,-0.95,61.95,-10.48
E07000098,2020-05-25,Hertsmere,1.91,2,444,423.18,0.42,104919,9.53,0.96,72.43,-5.71
E07000098,2020-05-24,Hertsmere,1.91,2,442,421.28,0.42,104919,8.57,0.96,78.14,0.0
E07000098,2020-05-23,Hertsmere,1.91,2,440,419.37,0.42,104919,7.61,0.96,78.14,-2.86
E07000098,2020-05-22,Hertsmere,0.95,1,438,417.46,0.42,104919,6.65,0.95,81.0,-5.72
E07000098,2020-05-21,Hertsmere,0.95,1,437,416.51,0.42,104919,5.7,-3.82,86.72,-2.86
E07000098,2020-05-20,Hertsmere,0.95,1,436,415.56,0.42,104919,9.52,-4.77,89.58,-3.82
E07000098,2020-05-19,Hertsmere,0.95,1,435,414.61,0.41,104919,14.29,0.0,93.4,-6.67
E07000098,2020-05-18,Hertsmere,0.95,1,434,413.65,0.41,104919,14.29,-2.86,100.07,-4.77
E07000098,2020-05-17,Hertsmere,0.95,1,433,412.7,0.41,104919,17.15,0.95,104.84,-6.67
E07000098,2020-05-16,Hertsmere,0.95,1,432,411.75,0.41,104919,16.2,0.95,111.51,-5.72
E07000098,2020-05-15,Hertsmere,0.0,0,431,410.79,0.41,104919,15.25,-0.95,117.23,-10.48
E07000098,2020-05-14,Hertsmere,4.77,5,431,410.79,0.41,104919,16.2,4.77,127.71,-5.71
E07000098,2020-05-13,Hertsmere,5.72,6,426,406.03,0.41,104919,11.43,2.86,133.42,-1.9
E07000098,2020-05-12,Hertsmere,0.95,1,420,400.31,0.4,104919,8.57,-0.96,135.32,0.95
E07000098,2020-05-11,Hertsmere,3.81,4,419,399.36,0.4,104919,9.53,-1.91,134.37,-5.72
E07000098,2020-05-10,Hertsmere,0.0,0,415,395.54,0.4,104919,11.44,-0.95,140.09,-8.58
E07000098,2020-05-09,Hertsmere,0.0,0,415,395.54,0.4,104919,12.39,-6.67,148.67,-3.81
E07000098,2020-05-08,Hertsmere,0.95,1,415,395.54,0.4,104919,19.06,-0.96,152.48,-9.53
E07000098,2020-05-07,Hertsmere,0.0,0,414,394.59,0.39,104919,20.02,-4.77,162.01,-12.39
E07000098,2020-05-06,Hertsmere,2.86,3,414,394.59,0.39,104919,24.79,-5.72,174.4,-13.34
E07000098,2020-05-05,Hertsmere,1.91,2,411,391.73,0.39,104919,30.51,-8.57,187.74,-12.39
E07000098,2020-05-04,Hertsmere,5.72,6,409,389.82,0.39,104919,39.08,-1.9,200.13,-4.76
E07000098,2020-05-03,Hertsmere,0.95,1,403,384.11,0.38,104919,40.98,-0.96,204.89,-7.63
E07000098,2020-05-02,Hertsmere,6.67,7,402,383.15,0.38,104919,41.94,1.9,212.52,0.95
E07000098,2020-05-01,Hertsmere,1.91,2,395,376.48,0.38,104919,40.04,-4.76,211.57,-10.48
E07000098,2020-04-30,Hertsmere,4.77,5,393,374.57,0.37,104919,44.8,0.96,222.05,-13.34
E07000098,2020-04-29,Hertsmere,8.58,9,388,369.81,0.37,104919,43.84,3.81,235.39,-1.9
E07000098,2020-04-28,Hertsmere,10.48,11,379,361.23,0.36,104919,40.03,2.86,237.29,-4.77
E07000098,2020-04-27,Hertsmere,7.62,8,368,350.75,0.35,104919,37.17,1.9,242.06,-6.68
E07000098,2020-04-26,Hertsmere,1.91,2,360,343.12,0.34,104919,35.27,-5.71,248.74,-5.71
E07000098,2020-04-25,Hertsmere,4.77,5,358,341.22,0.34,104919,40.98,-1.9,254.45,-2.85
E07000098,2020-04-24,Hertsmere,6.67,7,353,336.45,0.34,104919,42.88,-3.81,257.3,-2.86
E07000098,2020-04-23,Hertsmere,3.81,4,346,329.78,0.33,104919,46.69,-6.67,260.16,-5.72
E07000098,2020-04-22,Hertsmere,4.77,5,342,325.97,0.33,104919,53.36,-2.85,265.88,-5.71
E07000098,2020-04-21,Hertsmere,7.62,8,337,321.2,0.32,104919,56.21,7.62,271.59,-1.91
E07000098,2020-04-20,Hertsmere,5.72,6,329,313.58,0.31,104919,48.59,-3.81,273.5,-2.86
E07000098,2020-04-19,Hertsmere,7.62,8,323,307.86,0.31,104919,52.4,-0.96,276.36,1.9
E07000098,2020-04-18,Hertsmere,6.67,7,315,300.23,0.3,104919,53.36,2.86,274.46,4.76
E07000098,2020-04-17,Hertsmere,10.48,11,308,293.56,0.29,104919,50.5,0.0,269.7,7.62
E07000098,2020-04-16,Hertsmere,10.48,11,297,283.08,0.28,104919,50.5,-1.91,262.08,5.71
E07000098,2020-04-15,Hertsmere,7.62,8,286,272.59,0.27,104919,52.41,-8.58,256.37,1.9
E07000098,2020-04-14,Hertsmere,0.0,0,278,264.97,0.26,104919,60.99,-14.3,254.47,0.0
E07000098,2020-04-13,Hertsmere,9.53,10,278,264.97,0.26,104919,75.29,-0.95,254.47,6.67
E07000098,2020-04-12,Hertsmere,8.58,9,268,255.44,0.26,104919,76.24,0.0,247.8,6.67
E07000098,2020-04-11,Hertsmere,3.81,4,259,246.86,0.25,104919,76.24,-1.91,241.13,2.86
E07000098,2020-04-10,Hertsmere,10.48,11,255,243.04,0.24,104919,78.15,-1.91,238.27,8.57
E07000098,2020-04-09,Hertsmere,12.39,13,244,232.56,0.23,104919,80.06,-5.72,229.7,12.39
E07000098,2020-04-08,Hertsmere,16.2,17,231,220.17,0.22,104919,85.78,5.72,217.31,15.25
E07000098,2020-04-07,Hertsmere,14.3,15,214,203.97,0.2,104919,80.06,-0.95,202.06,14.3
E07000098,2020-04-06,Hertsmere,10.48,11,199,189.67,0.19,104919,81.01,-3.82,187.76,10.48
E07000098,2020-04-05,Hertsmere,8.58,9,188,179.19,0.18,104919,84.83,0.96,177.28,8.58
E07000098,2020-04-04,Hertsmere,5.72,6,179,170.61,0.17,104919,83.87,-1.9,168.7,5.72
E07000098,2020-04-03,Hertsmere,12.39,13,173,164.89,0.16,104919,85.77,2.86,162.98,12.39
E07000098,2020-04-02,Hertsmere,18.11,19,160,152.5,0.15,104919,82.91,8.58,150.59,18.11
E07000098,2020-04-01,Hertsmere,10.48,11,141,134.39,0.13,104919,74.33,0.0,132.48,9.53
E07000098,2020-03-31,Hertsmere,15.25,16,130,123.91,0.12,104919,74.33,5.72,122.95,14.3
E07000098,2020-03-30,Hertsmere,14.3,15,114,108.66,0.11,104919,68.61,5.72,108.65,14.3
E07000098,2020-03-29,Hertsmere,7.62,8,99,94.36,0.09,104919,62.89,1.9,94.35,7.62
E07000098,2020-03-28,Hertsmere,7.62,8,91,86.73,0.09,104919,60.99,5.71,86.73,7.62
E07000098,2020-03-27,Hertsmere,9.53,10,83,79.11,0.08,104919,55.28,6.67,79.11,9.53
E07000098,2020-03-26,Hertsmere,9.53,10,73,69.58,0.07,104919,48.61,4.76,69.58,9.53
E07000098,2020-03-25,Hertsmere,10.48,11,63,60.05,0.06,104919,43.85,4.76,60.05,10.48
E07000098,2020-03-24,Hertsmere,9.53,10,52,49.56,0.05,104919,39.09,9.53,49.57,9.53
E07000098,2020-03-23,Hertsmere,8.58,9,42,40.03,0.04,104919,29.56,5.72,40.04,8.58
E07000098,2020-03-22,Hertsmere,5.72,6,33,31.45,0.03,104919,23.84,3.81,31.46,5.72
E07000098,2020-03-21,Hertsmere,1.91,2,27,25.73,0.03,104919,20.03,0.96,25.74,1.91
E07000098,2020-03-20,Hertsmere,2.86,3,25,23.83,0.02,104919,19.07,0.95,23.83,2.86
E07000098,2020-03-19,Hertsmere,4.77,5,22,20.97,0.02,104919,18.12,4.77,20.97,4.77
E07000098,2020-03-18,Hertsmere,5.72,6,17,16.2,0.02,104919,13.35,4.77,16.2,5.72
E07000098,2020-03-17,Hertsmere,0.0,0,11,10.48,0.01,104919,8.58,0.0,10.48,0.0
E07000098,2020-03-16,Hertsmere,2.86,3,11,10.48,0.01,104919,8.58,2.86,10.48,2.86
E07000098,2020-03-15,Hertsmere,1.91,2,8,7.62,0.01,104919,5.72,1.91,7.62,1.91
E07000098,2020-03-14,Hertsmere,0.95,1,6,5.72,0.01,104919,3.81,0.95,5.71,0.95
E07000098,2020-03-13,Hertsmere,1.91,2,5,4.77,0.0,104919,2.86,1.91,4.76,1.91
E07000098,2020-03-12,Hertsmere,0.0,0,3,2.86,0.0,104919,0.95,0.0,2.85,0.0
E07000098,2020-03-11,Hertsmere,0.95,1,3,2.86,0.0,104919,0.95,0.0,2.85,0.95
E07000098,2020-03-10,Hertsmere,0.0,0,2,1.91,0.0,104919,0.95,-0.95,1.9,0.0
E07000098,2020-03-09,Hertsmere,0.0,0,2,1.91,0.0,104919,1.9,0.0,1.9,0.0
E07000098,2020-03-08,Hertsmere,0.0,0,2,1.91,0.0,104919,1.9,0.0,1.9,0.0
E07000098,2020-03-07,Hertsmere,0.0,0,2,1.91,0.0,104919,1.9,0.0,1.9,0.0
E07000098,2020-03-06,Hertsmere,0.0,0,2,1.91,0.0,104919,1.9,0.0,1.9,0.0
E07000098,2020-03-05,Hertsmere,0.0,0,2,1.91,0.0,104919,1.9,0.0,1.9,0.0
E07000098,2020-03-04,Hertsmere,0.95,1,2,1.91,0.0,104919,1.9,0.95,1.9,0.95
E07000098,2020-03-03,Hertsmere,0.95,1,1,0.95,0.0,104919,0.95,0.95,0.95,0.95
