LAD20CD,date,local_authority,1day_cases_100k,new_cases,total_cases,total_cases_100k,%infected,population,7day_cases_100k,7day_cases_change,28day_cases_100k,28day_cases_change
E07000133,2020-09-09,Melton,0.0,0,238,464.76,0.46,51209,19.53,-3.91,54.68,-9.76
E07000133,2020-09-08,Melton,0.0,0,238,464.76,0.46,51209,23.44,-5.86,64.44,-1.95
E07000133,2020-09-07,Melton,3.91,2,238,464.76,0.46,51209,29.3,0.0,66.39,-3.9
E07000133,2020-09-06,Melton,0.0,0,236,460.86,0.46,51209,29.3,0.0,70.29,-1.95
E07000133,2020-09-05,Melton,1.95,1,236,460.86,0.46,51209,29.3,1.95,72.24,1.95
E07000133,2020-09-04,Melton,7.81,4,235,458.9,0.46,51209,27.35,7.81,70.29,7.81
E07000133,2020-09-03,Melton,5.86,3,231,451.09,0.45,51209,19.54,5.86,62.48,0.0
E07000133,2020-09-02,Melton,3.91,2,228,445.23,0.45,51209,13.68,3.91,62.48,1.96
E07000133,2020-09-01,Melton,5.86,3,226,441.33,0.44,51209,9.77,5.86,60.52,5.86
E07000133,2020-08-31,Melton,3.91,2,223,435.47,0.44,51209,3.91,3.91,54.66,1.96
E07000133,2020-08-30,Melton,0.0,0,221,431.56,0.43,51209,0.0,0.0,52.7,-3.91
E07000133,2020-08-29,Melton,0.0,0,221,431.56,0.43,51209,0.0,0.0,56.61,0.0
E07000133,2020-08-28,Melton,0.0,0,221,431.56,0.43,51209,0.0,0.0,56.61,-1.95
E07000133,2020-08-27,Melton,0.0,0,221,431.56,0.43,51209,0.0,0.0,58.56,-7.81
E07000133,2020-08-26,Melton,0.0,0,221,431.56,0.43,51209,0.0,-3.91,66.37,-5.86
E07000133,2020-08-25,Melton,0.0,0,221,431.56,0.43,51209,3.91,-1.95,72.23,-7.81
E07000133,2020-08-24,Melton,0.0,0,221,431.56,0.43,51209,5.86,-7.81,80.04,-7.81
E07000133,2020-08-23,Melton,0.0,0,221,431.56,0.43,51209,13.67,-1.95,87.85,0.0
E07000133,2020-08-22,Melton,0.0,0,221,431.56,0.43,51209,15.62,-1.95,87.85,-3.91
E07000133,2020-08-21,Melton,0.0,0,221,431.56,0.43,51209,17.57,-1.95,91.76,-9.76
E07000133,2020-08-20,Melton,0.0,0,221,431.56,0.43,51209,19.52,-1.95,101.52,-1.95
E07000133,2020-08-19,Melton,3.91,2,221,431.56,0.43,51209,21.47,-5.85,103.47,-3.9
E07000133,2020-08-18,Melton,1.95,1,219,427.66,0.43,51209,27.32,0.0,107.37,-1.96
E07000133,2020-08-17,Melton,7.81,4,218,425.71,0.43,51209,27.32,0.0,109.33,7.81
E07000133,2020-08-16,Melton,1.95,1,214,417.9,0.42,51209,27.32,0.0,101.52,0.0
E07000133,2020-08-15,Melton,1.95,1,213,415.94,0.42,51209,27.32,1.95,101.52,1.95
E07000133,2020-08-14,Melton,1.95,1,212,413.99,0.41,51209,25.37,1.95,99.57,0.0
E07000133,2020-08-13,Melton,1.95,1,211,412.04,0.41,51209,23.42,-3.91,99.57,0.0
E07000133,2020-08-12,Melton,9.76,5,210,410.08,0.41,51209,27.33,7.81,99.57,7.81
E07000133,2020-08-11,Melton,1.95,1,205,400.32,0.4,51209,19.52,1.95,91.76,1.95
E07000133,2020-08-10,Melton,7.81,4,204,398.37,0.4,51209,17.57,5.86,89.81,7.81
E07000133,2020-08-09,Melton,1.95,1,200,390.56,0.39,51209,11.71,-1.96,82.0,1.95
E07000133,2020-08-08,Melton,0.0,0,199,388.6,0.39,51209,13.67,0.0,80.05,0.0
E07000133,2020-08-07,Melton,0.0,0,199,388.6,0.39,51209,13.67,-1.95,80.05,0.0
E07000133,2020-08-06,Melton,5.86,3,199,388.6,0.39,51209,15.62,-1.95,80.05,3.91
E07000133,2020-08-05,Melton,1.95,1,196,382.75,0.38,51209,17.57,-3.91,76.14,0.0
E07000133,2020-08-04,Melton,0.0,0,195,380.79,0.38,51209,21.48,-7.81,76.14,-5.86
E07000133,2020-08-03,Melton,1.95,1,195,380.79,0.38,51209,29.29,-5.86,82.0,1.95
E07000133,2020-08-02,Melton,3.91,2,194,378.84,0.38,51209,35.15,3.91,80.05,3.91
E07000133,2020-08-01,Melton,0.0,0,192,374.93,0.37,51209,31.24,-3.91,76.14,-3.91
E07000133,2020-07-31,Melton,1.95,1,192,374.93,0.37,51209,35.15,-7.81,80.05,0.0
E07000133,2020-07-30,Melton,7.81,4,191,372.98,0.37,51209,42.96,5.86,80.05,7.81
E07000133,2020-07-29,Melton,5.86,3,187,365.17,0.37,51209,37.1,-1.95,72.24,3.91
E07000133,2020-07-28,Melton,7.81,4,184,359.31,0.36,51209,39.05,3.9,68.33,5.86
E07000133,2020-07-27,Melton,7.81,4,180,351.5,0.35,51209,35.15,7.81,62.47,1.95
E07000133,2020-07-26,Melton,0.0,0,176,343.69,0.34,51209,27.34,-1.95,60.52,0.0
E07000133,2020-07-25,Melton,3.91,2,176,343.69,0.34,51209,29.29,3.91,60.52,3.91
E07000133,2020-07-24,Melton,9.76,5,174,339.78,0.34,51209,25.38,7.81,56.61,9.76
E07000133,2020-07-23,Melton,1.95,1,169,330.02,0.33,51209,17.57,0.0,46.85,1.95
E07000133,2020-07-22,Melton,7.81,4,168,328.07,0.33,51209,17.57,5.86,44.9,5.86
E07000133,2020-07-21,Melton,3.91,2,164,320.26,0.32,51209,11.71,3.91,39.04,1.96
E07000133,2020-07-20,Melton,0.0,0,162,316.35,0.32,51209,7.8,0.0,37.08,-5.86
E07000133,2020-07-19,Melton,1.95,1,162,316.35,0.32,51209,7.8,1.95,42.94,0.0
E07000133,2020-07-18,Melton,0.0,0,161,314.4,0.31,51209,5.85,0.0,42.94,-1.95
E07000133,2020-07-17,Melton,1.95,1,161,314.4,0.31,51209,5.85,1.95,44.89,1.95
E07000133,2020-07-16,Melton,1.95,1,160,312.45,0.31,51209,3.9,0.0,42.94,0.0
E07000133,2020-07-15,Melton,1.95,1,159,310.49,0.31,51209,3.9,0.0,42.94,1.95
E07000133,2020-07-14,Melton,0.0,0,158,308.54,0.31,51209,3.9,-5.86,40.99,0.0
E07000133,2020-07-13,Melton,0.0,0,158,308.54,0.31,51209,9.76,0.0,40.99,0.0
E07000133,2020-07-12,Melton,0.0,0,158,308.54,0.31,51209,9.76,0.0,40.99,0.0
E07000133,2020-07-11,Melton,0.0,0,158,308.54,0.31,51209,9.76,-3.91,40.99,0.0
E07000133,2020-07-10,Melton,0.0,0,158,308.54,0.31,51209,13.67,-1.95,40.99,0.0
E07000133,2020-07-09,Melton,1.95,1,158,308.54,0.31,51209,15.62,1.95,40.99,0.0
E07000133,2020-07-08,Melton,1.95,1,157,306.59,0.31,51209,13.67,0.0,40.99,0.0
E07000133,2020-07-07,Melton,5.86,3,156,304.63,0.3,51209,13.67,3.91,40.99,5.86
E07000133,2020-07-06,Melton,0.0,0,153,298.78,0.3,51209,9.76,-5.86,35.13,-1.95
E07000133,2020-07-05,Melton,0.0,0,153,298.78,0.3,51209,15.62,0.0,37.08,-9.76
E07000133,2020-07-04,Melton,3.91,2,153,298.78,0.3,51209,15.62,3.91,46.84,3.91
E07000133,2020-07-03,Melton,1.95,1,151,294.87,0.29,51209,11.71,1.95,42.93,0.0
E07000133,2020-07-02,Melton,0.0,0,150,292.92,0.29,51209,9.76,0.0,42.93,-1.95
E07000133,2020-07-01,Melton,1.95,1,150,292.92,0.29,51209,9.76,0.0,44.88,1.95
E07000133,2020-06-30,Melton,1.95,1,149,290.96,0.29,51209,9.76,0.0,42.93,1.95
E07000133,2020-06-29,Melton,5.86,3,148,289.01,0.29,51209,9.76,0.0,40.98,3.91
E07000133,2020-06-28,Melton,0.0,0,145,283.15,0.28,51209,9.76,-1.95,37.07,-3.91
E07000133,2020-06-27,Melton,0.0,0,145,283.15,0.28,51209,11.71,-1.95,40.98,0.0
E07000133,2020-06-26,Melton,0.0,0,145,283.15,0.28,51209,13.66,0.0,40.98,0.0
E07000133,2020-06-25,Melton,0.0,0,145,283.15,0.28,51209,13.66,-1.95,40.98,-3.91
E07000133,2020-06-24,Melton,1.95,1,145,283.15,0.28,51209,15.61,1.95,44.89,0.0
E07000133,2020-06-23,Melton,1.95,1,144,281.2,0.28,51209,13.66,1.95,44.89,1.95
E07000133,2020-06-22,Melton,5.86,3,143,279.25,0.28,51209,11.71,5.86,42.94,3.91
E07000133,2020-06-21,Melton,1.95,1,140,273.39,0.27,51209,5.85,1.95,39.03,1.95
E07000133,2020-06-20,Melton,1.95,1,139,271.44,0.27,51209,3.9,1.95,37.08,-3.91
E07000133,2020-06-19,Melton,0.0,0,138,269.48,0.27,51209,1.95,0.0,40.99,-7.81
E07000133,2020-06-18,Melton,1.95,1,138,269.48,0.27,51209,1.95,0.0,48.8,-7.81
E07000133,2020-06-17,Melton,0.0,0,137,267.53,0.27,51209,1.95,-1.95,56.61,-5.86
E07000133,2020-06-16,Melton,0.0,0,137,267.53,0.27,51209,3.9,0.0,62.47,-11.72
E07000133,2020-06-15,Melton,0.0,0,137,267.53,0.27,51209,3.9,-1.95,74.19,-3.91
E07000133,2020-06-14,Melton,0.0,0,137,267.53,0.27,51209,5.85,-9.76,78.1,-1.95
E07000133,2020-06-13,Melton,0.0,0,137,267.53,0.27,51209,15.61,0.0,80.05,-7.81
E07000133,2020-06-12,Melton,0.0,0,137,267.53,0.27,51209,15.61,-1.95,87.86,-3.91
E07000133,2020-06-11,Melton,1.95,1,137,267.53,0.27,51209,17.56,0.0,91.77,1.95
E07000133,2020-06-10,Melton,1.95,1,136,265.58,0.27,51209,17.56,1.95,89.82,1.95
E07000133,2020-06-09,Melton,0.0,0,135,263.63,0.26,51209,15.61,0.0,87.87,-1.95
E07000133,2020-06-08,Melton,1.95,1,135,263.63,0.26,51209,15.61,0.0,89.82,-1.96
E07000133,2020-06-07,Melton,9.76,5,134,261.67,0.26,51209,15.61,5.85,91.78,5.85
E07000133,2020-06-06,Melton,0.0,0,129,251.91,0.25,51209,9.76,0.0,85.93,-3.91
E07000133,2020-06-05,Melton,1.95,1,129,251.91,0.25,51209,9.76,1.95,89.84,-5.86
E07000133,2020-06-04,Melton,1.95,1,128,249.96,0.25,51209,7.81,-1.96,95.7,-3.91
E07000133,2020-06-03,Melton,0.0,0,127,248.0,0.25,51209,9.77,-1.95,99.61,0.0
E07000133,2020-06-02,Melton,0.0,0,127,248.0,0.25,51209,11.72,0.0,99.61,-9.76
E07000133,2020-06-01,Melton,1.95,1,127,248.0,0.25,51209,11.72,0.0,109.37,-1.96
E07000133,2020-05-31,Melton,3.91,2,126,246.05,0.25,51209,11.72,3.91,111.33,1.96
E07000133,2020-05-30,Melton,0.0,0,124,242.14,0.24,51209,7.81,-5.86,109.37,0.0
E07000133,2020-05-29,Melton,0.0,0,124,242.14,0.24,51209,13.67,-7.81,109.37,-3.91
E07000133,2020-05-28,Melton,3.91,2,124,242.14,0.24,51209,21.48,-5.85,113.28,-3.9
E07000133,2020-05-27,Melton,1.95,1,122,238.24,0.24,51209,27.33,-3.91,117.18,-3.91
E07000133,2020-05-26,Melton,0.0,0,121,236.29,0.24,51209,31.24,-11.72,121.09,-1.95
E07000133,2020-05-25,Melton,1.95,1,121,236.29,0.24,51209,42.96,-1.96,123.04,0.0
E07000133,2020-05-24,Melton,0.0,0,120,234.33,0.23,51209,44.92,-1.95,123.04,-5.86
E07000133,2020-05-23,Melton,5.86,3,120,234.33,0.23,51209,46.87,-1.95,128.9,5.86
E07000133,2020-05-22,Melton,7.81,4,117,228.48,0.23,51209,48.82,3.9,123.04,7.81
E07000133,2020-05-21,Melton,9.76,5,113,220.66,0.22,51209,44.92,9.76,115.23,9.76
E07000133,2020-05-20,Melton,5.86,3,108,210.9,0.21,51209,35.16,5.86,105.47,3.91
E07000133,2020-05-19,Melton,11.72,6,105,205.04,0.21,51209,29.3,9.77,101.56,9.77
E07000133,2020-05-18,Melton,3.91,2,99,193.33,0.19,51209,19.53,0.0,91.79,-1.95
E07000133,2020-05-17,Melton,1.95,1,97,189.42,0.19,51209,19.53,-1.96,93.74,0.0
E07000133,2020-05-16,Melton,7.81,4,96,187.47,0.19,51209,21.49,3.9,93.74,5.86
E07000133,2020-05-15,Melton,3.91,2,92,179.66,0.18,51209,17.59,-3.9,87.88,1.96
E07000133,2020-05-14,Melton,0.0,0,90,175.75,0.18,51209,21.49,-5.86,85.92,0.0
E07000133,2020-05-13,Melton,0.0,0,90,175.75,0.18,51209,27.35,0.0,85.92,-5.86
E07000133,2020-05-12,Melton,1.95,1,90,175.75,0.18,51209,27.35,-7.81,91.78,-1.96
E07000133,2020-05-11,Melton,3.91,2,89,173.8,0.17,51209,35.16,0.0,93.74,1.96
E07000133,2020-05-10,Melton,3.91,2,87,169.89,0.17,51209,35.16,1.96,91.78,1.96
E07000133,2020-05-09,Melton,3.91,2,85,165.99,0.17,51209,33.2,3.91,89.82,1.96
E07000133,2020-05-08,Melton,7.81,4,83,162.08,0.16,51209,29.29,3.9,87.86,3.9
E07000133,2020-05-07,Melton,5.86,3,79,154.27,0.15,51209,25.39,-1.95,83.96,3.91
E07000133,2020-05-06,Melton,0.0,0,76,148.41,0.15,51209,27.34,-5.86,80.05,-1.95
E07000133,2020-05-05,Melton,9.76,5,76,148.41,0.15,51209,33.2,7.81,82.0,9.76
E07000133,2020-05-04,Melton,3.91,2,71,138.65,0.14,51209,25.39,1.96,72.24,-1.95
E07000133,2020-05-03,Melton,1.95,1,69,134.74,0.13,51209,23.43,-3.91,74.19,-1.96
E07000133,2020-05-02,Melton,0.0,0,68,132.79,0.13,51209,27.34,0.0,76.15,-3.91
E07000133,2020-05-01,Melton,3.91,2,68,132.79,0.13,51209,27.34,3.91,80.06,3.91
E07000133,2020-04-30,Melton,7.81,4,66,128.88,0.13,51209,23.43,7.81,76.15,7.81
E07000133,2020-04-29,Melton,5.86,3,62,121.07,0.12,51209,15.62,3.91,68.34,-3.9
E07000133,2020-04-28,Melton,1.95,1,59,115.21,0.12,51209,11.71,0.0,72.24,-9.77
E07000133,2020-04-27,Melton,1.95,1,58,113.26,0.11,51209,11.71,-3.91,82.01,-1.96
E07000133,2020-04-26,Melton,5.86,3,57,111.31,0.11,51209,15.62,3.91,83.97,5.86
E07000133,2020-04-25,Melton,0.0,0,54,105.45,0.11,51209,11.71,-1.95,78.11,-5.86
E07000133,2020-04-24,Melton,0.0,0,54,105.45,0.11,51209,13.66,-1.95,83.97,0.0
E07000133,2020-04-23,Melton,0.0,0,54,105.45,0.11,51209,15.61,0.0,83.97,-1.95
E07000133,2020-04-22,Melton,1.95,1,54,105.45,0.11,51209,15.61,-3.91,85.92,1.95
E07000133,2020-04-21,Melton,1.95,1,53,103.5,0.1,51209,19.52,-1.96,83.97,0.0
E07000133,2020-04-20,Melton,5.86,3,52,101.54,0.1,51209,21.48,3.91,83.97,-1.95
E07000133,2020-04-19,Melton,1.95,1,49,95.69,0.1,51209,17.57,0.0,85.92,0.0
E07000133,2020-04-18,Melton,1.95,1,48,93.73,0.09,51209,17.57,0.0,85.92,0.0
E07000133,2020-04-17,Melton,1.95,1,47,91.78,0.09,51209,17.57,-1.96,85.92,1.95
E07000133,2020-04-16,Melton,0.0,0,46,89.83,0.09,51209,19.53,-1.95,83.97,-1.95
E07000133,2020-04-15,Melton,5.86,3,46,89.83,0.09,51209,21.48,3.91,85.92,5.86
E07000133,2020-04-14,Melton,3.91,2,43,83.97,0.08,51209,17.57,3.91,80.06,3.91
E07000133,2020-04-13,Melton,1.95,1,41,80.06,0.08,51209,13.66,-3.91,76.15,1.95
E07000133,2020-04-12,Melton,1.95,1,40,78.11,0.08,51209,17.57,-1.96,74.2,1.95
E07000133,2020-04-11,Melton,1.95,1,39,76.16,0.08,51209,19.53,-1.96,72.25,1.95
E07000133,2020-04-10,Melton,3.91,2,38,74.21,0.07,51209,21.49,3.91,70.3,1.96
E07000133,2020-04-09,Melton,1.95,1,36,70.3,0.07,51209,17.58,1.95,68.34,0.0
E07000133,2020-04-08,Melton,1.95,1,35,68.35,0.07,51209,15.63,-7.81,68.34,1.95
E07000133,2020-04-07,Melton,0.0,0,34,66.39,0.07,51209,23.44,-11.72,66.39,0.0
E07000133,2020-04-06,Melton,5.86,3,34,66.39,0.07,51209,35.16,1.95,66.39,5.86
E07000133,2020-04-05,Melton,3.91,2,31,60.54,0.06,51209,33.21,3.91,60.53,3.91
E07000133,2020-04-04,Melton,3.91,2,29,56.63,0.06,51209,29.3,-1.95,56.62,3.91
E07000133,2020-04-03,Melton,0.0,0,27,52.73,0.05,51209,31.25,0.0,52.71,0.0
E07000133,2020-04-02,Melton,0.0,0,27,52.73,0.05,51209,31.25,-1.95,52.71,0.0
E07000133,2020-04-01,Melton,9.76,5,27,52.73,0.05,51209,33.2,9.76,52.71,9.76
E07000133,2020-03-31,Melton,11.72,6,22,42.96,0.04,51209,23.44,9.77,42.95,11.72
E07000133,2020-03-30,Melton,3.91,2,16,31.24,0.03,51209,13.67,-3.9,31.23,3.91
E07000133,2020-03-29,Melton,0.0,0,14,27.34,0.03,51209,17.57,-1.95,27.32,0.0
E07000133,2020-03-28,Melton,5.86,3,14,27.34,0.03,51209,19.52,3.91,27.32,5.86
E07000133,2020-03-27,Melton,0.0,0,11,21.48,0.02,51209,15.61,0.0,21.46,0.0
E07000133,2020-03-26,Melton,1.95,1,11,21.48,0.02,51209,15.61,0.0,21.46,1.95
E07000133,2020-03-25,Melton,0.0,0,10,19.53,0.02,51209,15.61,0.0,19.51,0.0
E07000133,2020-03-24,Melton,1.95,1,10,19.53,0.02,51209,15.61,1.95,19.51,1.95
E07000133,2020-03-23,Melton,7.81,4,9,17.58,0.02,51209,13.66,7.81,17.56,7.81
E07000133,2020-03-22,Melton,1.95,1,5,9.76,0.01,51209,5.85,1.95,9.75,1.95
E07000133,2020-03-21,Melton,1.95,1,4,7.81,0.01,51209,3.9,1.95,7.8,1.95
E07000133,2020-03-20,Melton,0.0,0,3,5.86,0.01,51209,1.95,-1.95,5.85,0.0
E07000133,2020-03-19,Melton,1.95,1,3,5.86,0.01,51209,3.9,0.0,5.85,1.95
E07000133,2020-03-18,Melton,0.0,0,2,3.91,0.0,51209,3.9,0.0,3.9,0.0
E07000133,2020-03-17,Melton,0.0,0,2,3.91,0.0,51209,3.9,0.0,3.9,0.0
E07000133,2020-03-16,Melton,0.0,0,2,3.91,0.0,51209,3.9,0.0,3.9,0.0
E07000133,2020-03-15,Melton,0.0,0,2,3.91,0.0,51209,3.9,0.0,3.9,0.0
E07000133,2020-03-14,Melton,0.0,0,2,3.91,0.0,51209,3.9,0.0,3.9,0.0
E07000133,2020-03-13,Melton,1.95,1,2,3.91,0.0,51209,3.9,1.95,3.9,1.95
E07000133,2020-03-12,Melton,1.95,1,1,1.95,0.0,51209,1.95,1.95,1.95,1.95
