LAD20CD,date,local_authority,1day_cases_100k,new_cases,total_cases,total_cases_100k,%infected,population,7day_cases_100k,7day_cases_change,28day_cases_100k,28day_cases_change
E07000111,2022-11-09,Sevenoaks,4.97,6,42484,35183.44,35.18,120750,35.61,-1.66,247.61,-7.45
E07000111,2022-11-08,Sevenoaks,2.48,3,42478,35178.47,35.18,120750,37.27,-4.97,255.06,-11.6
E07000111,2022-11-07,Sevenoaks,9.94,12,42475,35175.98,35.18,120750,42.24,2.49,266.66,-9.11
E07000111,2022-11-06,Sevenoaks,5.8,7,42463,35166.05,35.17,120750,39.75,-4.14,275.77,-9.93
E07000111,2022-11-05,Sevenoaks,2.48,3,42456,35160.25,35.16,120750,43.89,-0.83,285.7,-9.94
E07000111,2022-11-04,Sevenoaks,6.63,8,42453,35157.76,35.16,120750,44.72,-0.82,295.64,-4.14
E07000111,2022-11-03,Sevenoaks,3.31,4,42445,35151.14,35.15,120750,45.54,-0.83,299.78,-20.71
E07000111,2022-11-02,Sevenoaks,6.63,8,42441,35147.83,35.15,120750,46.37,1.66,320.49,-12.42
E07000111,2022-11-01,Sevenoaks,7.45,9,42433,35141.2,35.14,120750,44.71,-9.11,332.91,-9.94
E07000111,2022-10-31,Sevenoaks,7.45,9,42424,35133.75,35.13,120750,53.82,0.0,342.85,-11.6
E07000111,2022-10-30,Sevenoaks,9.94,12,42415,35126.29,35.13,120750,53.82,3.31,354.45,-9.94
E07000111,2022-10-29,Sevenoaks,3.31,4,42403,35116.36,35.12,120750,50.51,-0.83,364.39,-11.6
E07000111,2022-10-28,Sevenoaks,7.45,9,42399,35113.04,35.11,120750,51.34,-4.14,375.99,-4.97
E07000111,2022-10-27,Sevenoaks,4.14,5,42390,35105.59,35.11,120750,55.48,-4.97,380.96,-12.42
E07000111,2022-10-26,Sevenoaks,4.97,6,42385,35101.45,35.1,120750,60.45,-4.14,393.38,-14.91
E07000111,2022-10-25,Sevenoaks,16.56,20,42379,35096.48,35.1,120750,64.59,-2.49,408.29,2.48
E07000111,2022-10-24,Sevenoaks,7.45,9,42359,35079.92,35.08,120750,67.08,-13.25,405.81,-11.6
E07000111,2022-10-23,Sevenoaks,6.63,8,42350,35072.46,35.07,120750,80.33,-12.42,417.41,-12.42
E07000111,2022-10-22,Sevenoaks,4.14,5,42342,35065.84,35.07,120750,92.75,-5.8,429.83,-9.11
E07000111,2022-10-21,Sevenoaks,11.59,14,42337,35061.7,35.06,120750,98.55,-0.83,438.94,-7.46
E07000111,2022-10-20,Sevenoaks,9.11,11,42323,35050.1,35.05,120750,99.38,-5.8,446.4,2.48
E07000111,2022-10-19,Sevenoaks,9.11,11,42312,35040.99,35.04,120750,105.18,-3.31,443.92,-4.14
E07000111,2022-10-18,Sevenoaks,19.05,23,42301,35031.88,35.03,120750,108.49,4.97,448.06,-1.65
E07000111,2022-10-17,Sevenoaks,20.7,25,42278,35012.84,35.01,120750,103.52,1.65,449.71,16.56
E07000111,2022-10-16,Sevenoaks,19.05,23,42253,34992.13,34.99,120750,101.87,3.32,433.15,14.91
E07000111,2022-10-15,Sevenoaks,9.94,12,42230,34973.08,34.97,120750,98.55,-2.48,418.24,4.97
E07000111,2022-10-14,Sevenoaks,12.42,15,42218,34963.15,34.96,120750,101.03,1.65,413.27,4.97
E07000111,2022-10-13,Sevenoaks,14.91,18,42203,34950.72,34.95,120750,99.38,-9.11,408.3,4.97
E07000111,2022-10-12,Sevenoaks,12.42,15,42185,34935.82,34.94,120750,108.49,-6.63,403.33,0.83
E07000111,2022-10-11,Sevenoaks,14.08,17,42170,34923.4,34.92,120750,115.12,-3.31,402.5,5.8
E07000111,2022-10-10,Sevenoaks,19.05,23,42153,34909.32,34.91,120750,118.43,0.0,396.7,5.8
E07000111,2022-10-09,Sevenoaks,15.73,19,42130,34890.27,34.89,120750,118.43,-4.15,390.9,6.62
E07000111,2022-10-08,Sevenoaks,12.42,15,42111,34874.53,34.87,120750,122.58,-2.49,384.28,8.28
E07000111,2022-10-07,Sevenoaks,10.77,13,42096,34862.11,34.86,120750,125.07,-1.65,376.0,6.63
E07000111,2022-10-06,Sevenoaks,24.02,29,42083,34851.35,34.85,120750,126.72,7.46,369.37,18.22
E07000111,2022-10-05,Sevenoaks,19.05,23,42054,34827.33,34.83,120750,119.26,-0.83,351.15,13.25
E07000111,2022-10-04,Sevenoaks,17.39,21,42031,34808.28,34.81,120750,120.09,3.31,337.9,13.25
E07000111,2022-10-03,Sevenoaks,19.05,23,42010,34790.89,34.79,120750,116.78,0.0,324.65,14.91
E07000111,2022-10-02,Sevenoaks,19.88,24,41987,34771.84,34.77,120750,116.78,0.83,309.74,10.77
E07000111,2022-10-01,Sevenoaks,14.91,18,41963,34751.97,34.75,120750,115.95,1.66,298.97,8.28
E07000111,2022-09-30,Sevenoaks,12.42,15,41945,34737.06,34.74,120750,114.29,-6.63,290.69,3.31
E07000111,2022-09-29,Sevenoaks,16.56,20,41930,34724.64,34.72,120750,120.92,9.93,287.38,14.08
E07000111,2022-09-28,Sevenoaks,19.88,24,41910,34708.07,34.71,120750,110.99,6.63,273.3,11.6
E07000111,2022-09-27,Sevenoaks,14.08,17,41886,34688.2,34.69,120750,104.36,-6.62,261.7,6.63
E07000111,2022-09-26,Sevenoaks,19.05,23,41869,34674.12,34.67,120750,110.98,14.91,255.07,15.74
E07000111,2022-09-25,Sevenoaks,19.05,23,41846,34655.07,34.66,120750,96.07,14.91,239.33,16.57
E07000111,2022-09-24,Sevenoaks,13.25,16,41823,34636.02,34.64,120750,81.16,8.28,222.76,7.45
E07000111,2022-09-23,Sevenoaks,19.05,23,41807,34622.77,34.62,120750,72.88,11.6,215.31,14.91
E07000111,2022-09-22,Sevenoaks,6.63,8,41784,34603.73,34.6,120750,61.28,-3.31,200.4,0.0
E07000111,2022-09-21,Sevenoaks,13.25,16,41776,34597.1,34.6,120750,64.59,1.66,200.4,3.31
E07000111,2022-09-20,Sevenoaks,20.7,25,41760,34583.85,34.58,120750,62.93,12.42,197.09,15.73
E07000111,2022-09-19,Sevenoaks,4.14,5,41735,34563.15,34.56,120750,50.51,-9.11,181.36,-5.8
E07000111,2022-09-18,Sevenoaks,4.14,5,41730,34559.01,34.56,120750,59.62,-4.97,187.16,-7.45
E07000111,2022-09-17,Sevenoaks,4.97,6,41725,34554.87,34.55,120750,64.59,0.83,194.61,0.83
E07000111,2022-09-16,Sevenoaks,7.45,9,41719,34549.9,34.55,120750,63.76,3.31,193.78,0.0
E07000111,2022-09-15,Sevenoaks,9.94,12,41710,34542.44,34.54,120750,60.45,4.14,193.78,1.66
E07000111,2022-09-14,Sevenoaks,11.59,14,41698,34532.51,34.53,120750,56.31,5.79,192.12,4.96
E07000111,2022-09-13,Sevenoaks,8.28,10,41684,34520.91,34.52,120750,50.52,4.14,187.16,-0.83
E07000111,2022-09-12,Sevenoaks,13.25,16,41674,34512.63,34.51,120750,46.38,9.11,187.99,9.94
E07000111,2022-09-11,Sevenoaks,9.11,11,41658,34499.38,34.5,120750,37.27,0.0,178.05,0.0
E07000111,2022-09-10,Sevenoaks,4.14,5,41647,34490.27,34.49,120750,37.27,-2.49,178.05,-9.11
E07000111,2022-09-09,Sevenoaks,4.14,5,41642,34486.13,34.49,120750,39.76,-4.97,187.16,-2.49
E07000111,2022-09-08,Sevenoaks,5.8,7,41637,34481.99,34.48,120750,44.73,3.32,189.65,-4.97
E07000111,2022-09-07,Sevenoaks,5.8,7,41630,34476.19,34.48,120750,41.41,-2.48,194.62,-6.62
E07000111,2022-09-06,Sevenoaks,4.14,5,41623,34470.39,34.47,120750,43.89,-3.31,201.24,-1.66
E07000111,2022-09-05,Sevenoaks,4.14,5,41618,34466.25,34.47,120750,47.2,0.83,202.9,-2.49
E07000111,2022-09-04,Sevenoaks,9.11,11,41613,34462.11,34.46,120750,46.37,6.63,205.39,3.31
E07000111,2022-09-03,Sevenoaks,6.63,8,41602,34453.0,34.45,120750,39.74,0.83,202.08,-3.31
E07000111,2022-09-02,Sevenoaks,9.11,11,41594,34446.38,34.45,120750,38.91,4.97,205.39,-1.66
E07000111,2022-09-01,Sevenoaks,2.48,3,41583,34437.27,34.44,120750,33.94,-4.15,207.05,-12.43
E07000111,2022-08-31,Sevenoaks,8.28,10,41580,34434.78,34.43,120750,38.09,-1.66,219.48,-4.97
E07000111,2022-08-30,Sevenoaks,7.45,9,41570,34426.5,34.43,120750,39.75,2.48,224.45,-4.14
E07000111,2022-08-29,Sevenoaks,3.31,4,41561,34419.05,34.42,120750,37.27,-6.63,228.59,-3.32
E07000111,2022-08-28,Sevenoaks,2.48,3,41557,34415.73,34.42,120750,43.9,-9.11,231.91,-10.77
E07000111,2022-08-27,Sevenoaks,5.8,7,41554,34413.25,34.41,120750,53.01,1.66,242.68,-4.14
E07000111,2022-08-26,Sevenoaks,4.14,5,41547,34407.45,34.41,120750,51.35,-3.31,246.82,-3.31
E07000111,2022-08-25,Sevenoaks,6.63,8,41542,34403.31,34.4,120750,54.66,-1.65,250.13,-6.62
E07000111,2022-08-24,Sevenoaks,9.94,12,41534,34396.69,34.4,120750,56.31,3.31,256.75,-10.76
E07000111,2022-08-23,Sevenoaks,4.97,6,41522,34386.75,34.39,120750,53.0,-4.14,267.51,-11.59
E07000111,2022-08-22,Sevenoaks,9.94,12,41516,34381.78,34.38,120750,57.14,6.63,279.1,-19.87
E07000111,2022-08-21,Sevenoaks,11.59,14,41504,34371.84,34.37,120750,50.51,2.48,298.97,-4.97
E07000111,2022-08-20,Sevenoaks,4.14,5,41490,34360.25,34.36,120750,48.03,-9.11,303.94,-11.59
E07000111,2022-08-19,Sevenoaks,7.45,9,41485,34356.11,34.36,120750,57.14,0.82,315.53,-9.94
E07000111,2022-08-18,Sevenoaks,8.28,10,41476,34348.65,34.35,120750,56.32,-2.49,325.47,-9.94
E07000111,2022-08-17,Sevenoaks,6.63,8,41466,34340.37,34.34,120750,58.81,-5.79,335.41,-17.39
E07000111,2022-08-16,Sevenoaks,9.11,11,41458,34333.75,34.33,120750,64.6,3.31,352.8,-18.22
E07000111,2022-08-15,Sevenoaks,3.31,4,41447,34324.64,34.32,120750,61.29,-3.32,371.02,-21.53
E07000111,2022-08-14,Sevenoaks,9.11,11,41443,34321.33,34.32,120750,64.61,3.31,392.55,-19.88
E07000111,2022-08-13,Sevenoaks,13.25,16,41432,34312.22,34.31,120750,61.3,3.31,412.43,-9.94
E07000111,2022-08-12,Sevenoaks,6.63,8,41416,34298.96,34.3,120750,57.99,-4.14,422.37,-26.5
E07000111,2022-08-11,Sevenoaks,10.77,13,41408,34292.34,34.29,120750,62.13,-4.14,448.87,-14.9
E07000111,2022-08-10,Sevenoaks,12.42,15,41395,34281.57,34.28,120750,66.27,-0.83,463.77,-19.05
E07000111,2022-08-09,Sevenoaks,5.8,7,41380,34269.15,34.27,120750,67.1,-5.79,482.82,-33.95
E07000111,2022-08-08,Sevenoaks,6.63,8,41373,34263.35,34.26,120750,72.89,0.0,516.77,-53.83
E07000111,2022-08-07,Sevenoaks,5.8,7,41365,34256.73,34.26,120750,72.89,-7.45,570.6,-37.26
E07000111,2022-08-06,Sevenoaks,9.94,12,41358,34250.93,34.25,120750,80.34,0.0,607.86,-25.67
E07000111,2022-08-05,Sevenoaks,10.77,13,41346,34240.99,34.24,120750,80.34,3.32,633.53,-20.7
E07000111,2022-08-04,Sevenoaks,14.91,18,41333,34230.23,34.23,120750,77.02,1.66,654.23,-28.15
E07000111,2022-08-03,Sevenoaks,13.25,16,41315,34215.32,34.22,120750,75.36,-7.45,682.38,-31.47
E07000111,2022-08-02,Sevenoaks,11.59,14,41299,34202.07,34.2,120750,82.81,-4.97,713.85,-40.58
E07000111,2022-08-01,Sevenoaks,6.63,8,41285,34190.48,34.19,120750,87.78,-23.18,754.43,-48.86
E07000111,2022-07-31,Sevenoaks,13.25,16,41277,34183.85,34.18,120750,110.96,-3.31,803.29,-19.05
E07000111,2022-07-30,Sevenoaks,9.94,12,41261,34170.6,34.17,120750,114.27,-5.79,822.34,-28.98
E07000111,2022-07-29,Sevenoaks,7.45,9,41249,34160.66,34.16,120750,120.06,-9.94,851.32,-24.85
E07000111,2022-07-28,Sevenoaks,13.25,16,41240,34153.21,34.15,120750,130.0,-4.97,876.17,-21.53
E07000111,2022-07-27,Sevenoaks,20.7,25,41224,34139.96,34.14,120750,134.97,-3.32,897.7,-14.08
E07000111,2022-07-26,Sevenoaks,16.56,20,41199,34119.25,34.12,120750,138.29,-10.77,911.78,-18.22
E07000111,2022-07-25,Sevenoaks,29.81,36,41179,34102.69,34.1,120750,149.06,4.97,930.0,-1.66
E07000111,2022-07-24,Sevenoaks,16.56,20,41143,34072.88,34.07,120750,144.09,-12.43,931.66,-19.88
E07000111,2022-07-23,Sevenoaks,15.73,19,41123,34056.31,34.06,120750,156.52,-7.46,951.54,-0.83
E07000111,2022-07-22,Sevenoaks,17.39,21,41104,34040.58,34.04,120750,163.98,-15.74,952.37,-13.25
E07000111,2022-07-21,Sevenoaks,18.22,22,41083,34023.19,34.02,120750,179.72,-7.45,965.62,-21.53
E07000111,2022-07-20,Sevenoaks,24.02,29,41061,34004.97,34.0,120750,187.17,-7.45,987.15,-8.28
E07000111,2022-07-19,Sevenoaks,27.33,33,41032,33980.95,33.98,120750,194.62,-12.42,995.43,-1.66
E07000111,2022-07-18,Sevenoaks,24.84,30,40999,33953.62,33.95,120750,207.04,-35.62,997.09,-10.77
E07000111,2022-07-17,Sevenoaks,28.99,35,40969,33928.78,33.93,120750,242.66,-14.07,1007.86,4.15
E07000111,2022-07-16,Sevenoaks,23.19,28,40934,33899.79,33.9,120750,256.73,-12.42,1003.71,-4.14
E07000111,2022-07-15,Sevenoaks,33.13,40,40906,33876.6,33.88,120750,269.15,1.66,1007.85,8.29
E07000111,2022-07-14,Sevenoaks,25.67,31,40866,33843.48,33.84,120750,267.49,-17.39,999.56,4.14
E07000111,2022-07-13,Sevenoaks,31.47,38,40835,33817.81,33.82,120750,284.88,-13.25,995.42,9.11
E07000111,2022-07-12,Sevenoaks,39.75,48,40797,33786.34,33.79,120750,298.13,-12.42,986.31,20.7
E07000111,2022-07-11,Sevenoaks,60.46,73,40749,33746.58,33.75,120750,310.55,4.97,965.61,37.27
E07000111,2022-07-10,Sevenoaks,43.06,52,40676,33686.13,33.69,120750,305.58,10.76,928.34,12.42
E07000111,2022-07-09,Sevenoaks,35.61,43,40624,33643.06,33.64,120750,294.82,-3.31,915.92,20.7
E07000111,2022-07-08,Sevenoaks,31.47,38,40581,33607.45,33.61,120750,298.13,-0.83,895.22,14.08
E07000111,2022-07-07,Sevenoaks,43.06,52,40543,33575.98,33.58,120750,298.96,8.28,881.14,24.84
E07000111,2022-07-06,Sevenoaks,44.72,54,40491,33532.92,33.53,120750,290.68,9.94,856.3,25.67
E07000111,2022-07-05,Sevenoaks,52.17,63,40437,33488.2,33.49,120750,280.74,17.39,830.63,37.26
E07000111,2022-07-04,Sevenoaks,55.49,67,40374,33436.02,33.44,120750,263.35,24.02,793.37,28.99
E07000111,2022-07-03,Sevenoaks,32.3,39,40307,33380.54,33.38,120750,239.33,-4.14,764.38,16.57
E07000111,2022-07-02,Sevenoaks,38.92,47,40268,33348.24,33.35,120750,243.47,22.36,747.81,27.33
E07000111,2022-07-01,Sevenoaks,32.3,39,40221,33309.32,33.31,120750,221.11,1.66,720.48,28.16
E07000111,2022-06-30,Sevenoaks,34.78,42,40182,33277.02,33.28,120750,219.45,-4.97,692.32,23.19
E07000111,2022-06-29,Sevenoaks,34.78,42,40140,33242.24,33.24,120750,224.42,2.48,669.13,17.39
E07000111,2022-06-28,Sevenoaks,34.78,42,40098,33207.45,33.21,120750,221.94,5.79,651.74,23.19
E07000111,2022-06-27,Sevenoaks,31.47,38,40056,33172.67,33.17,120750,216.15,-4.14,628.55,6.63
E07000111,2022-06-26,Sevenoaks,36.44,44,40018,33141.2,33.14,120750,220.29,11.6,621.92,25.67
E07000111,2022-06-25,Sevenoaks,16.56,20,39974,33104.76,33.1,120750,208.69,-10.77,596.25,9.11
E07000111,2022-06-24,Sevenoaks,30.64,37,39954,33088.2,33.09,120750,219.46,5.8,587.14,24.84
E07000111,2022-06-23,Sevenoaks,39.75,48,39917,33057.56,33.06,120750,213.66,18.22,562.3,28.16
E07000111,2022-06-22,Sevenoaks,32.3,39,39869,33017.81,33.02,120750,195.44,9.94,534.14,26.5
E07000111,2022-06-21,Sevenoaks,28.99,35,39830,32985.51,32.99,120750,185.5,9.94,507.64,22.36
E07000111,2022-06-20,Sevenoaks,35.61,43,39795,32956.52,32.96,120750,175.56,12.42,485.28,28.16
E07000111,2022-06-19,Sevenoaks,24.84,30,39752,32920.91,32.92,120750,163.14,-5.8,457.12,14.9
E07000111,2022-06-18,Sevenoaks,27.33,33,39722,32896.07,32.9,120750,168.94,12.42,442.22,18.22
E07000111,2022-06-17,Sevenoaks,24.84,30,39689,32868.74,32.87,120750,156.52,7.45,424.0,14.9
E07000111,2022-06-16,Sevenoaks,21.53,26,39659,32843.89,32.84,120750,149.07,3.31,409.1,12.42
E07000111,2022-06-15,Sevenoaks,22.36,27,39633,32822.36,32.82,120750,145.76,3.31,396.68,9.94
E07000111,2022-06-14,Sevenoaks,19.05,23,39606,32800.0,32.8,120750,142.45,4.14,386.74,9.94
E07000111,2022-06-13,Sevenoaks,23.19,28,39583,32780.95,32.78,120750,138.31,-3.31,376.8,10.77
E07000111,2022-06-12,Sevenoaks,30.64,37,39555,32757.76,32.76,120750,141.62,14.91,366.03,19.87
E07000111,2022-06-11,Sevenoaks,14.91,18,39518,32727.12,32.73,120750,126.71,3.32,346.16,4.97
E07000111,2022-06-10,Sevenoaks,17.39,21,39500,32712.22,32.71,120750,123.39,13.25,341.19,6.62
E07000111,2022-06-09,Sevenoaks,18.22,22,39479,32694.82,32.69,120750,110.14,6.63,334.57,9.11
E07000111,2022-06-08,Sevenoaks,19.05,23,39457,32676.6,32.68,120750,103.51,1.66,325.46,11.6
E07000111,2022-06-07,Sevenoaks,14.91,18,39434,32657.56,32.66,120750,101.85,3.32,313.86,-1.65
E07000111,2022-06-06,Sevenoaks,26.5,32,39416,32642.65,32.64,120750,98.53,1.66,315.51,18.22
E07000111,2022-06-05,Sevenoaks,15.73,19,39384,32616.15,32.62,120750,96.87,4.96,297.29,7.45
E07000111,2022-06-04,Sevenoaks,11.59,14,39365,32600.41,32.6,120750,91.91,4.14,289.84,1.65
E07000111,2022-06-03,Sevenoaks,4.14,5,39351,32588.82,32.59,120750,87.77,-1.66,288.19,-8.28
E07000111,2022-06-02,Sevenoaks,11.59,14,39346,32584.68,32.58,120750,89.43,0.0,296.47,0.0
E07000111,2022-06-01,Sevenoaks,17.39,21,39332,32573.08,32.57,120750,89.43,11.59,296.47,1.66
E07000111,2022-05-31,Sevenoaks,11.59,14,39311,32555.69,32.56,120750,77.84,4.96,294.81,-12.43
E07000111,2022-05-30,Sevenoaks,24.84,30,39297,32544.1,32.54,120750,72.88,17.39,307.24,5.79
E07000111,2022-05-29,Sevenoaks,10.77,13,39267,32519.25,32.52,120750,55.49,0.83,301.45,0.0
E07000111,2022-05-28,Sevenoaks,7.45,9,39254,32508.49,32.51,120750,54.66,-1.66,301.45,-6.63
E07000111,2022-05-27,Sevenoaks,5.8,7,39245,32501.04,32.5,120750,56.32,-4.14,308.08,-3.31
E07000111,2022-05-26,Sevenoaks,11.59,14,39238,32495.24,32.5,120750,60.46,2.48,311.39,0.0
E07000111,2022-05-25,Sevenoaks,5.8,7,39224,32483.64,32.48,120750,57.98,-6.62,311.39,-7.45
E07000111,2022-05-24,Sevenoaks,6.63,8,39217,32477.85,32.48,120750,64.6,-2.48,318.84,-9.93
E07000111,2022-05-23,Sevenoaks,7.45,9,39209,32471.22,32.47,120750,67.08,-4.97,328.77,-13.25
E07000111,2022-05-22,Sevenoaks,9.94,12,39200,32463.77,32.46,120750,72.05,-0.83,342.02,-3.31
E07000111,2022-05-21,Sevenoaks,9.11,11,39188,32453.83,32.45,120750,72.88,-0.83,345.33,-6.62
E07000111,2022-05-20,Sevenoaks,9.94,12,39177,32444.72,32.44,120750,73.71,-0.83,351.95,-10.76
E07000111,2022-05-19,Sevenoaks,9.11,11,39165,32434.78,32.43,120750,74.54,0.0,362.71,-13.25
E07000111,2022-05-18,Sevenoaks,12.42,15,39154,32425.67,32.43,120750,74.54,4.97,375.96,-14.91
E07000111,2022-05-17,Sevenoaks,9.11,11,39139,32413.25,32.41,120750,69.57,-7.45,390.87,-25.67
E07000111,2022-05-16,Sevenoaks,12.42,15,39128,32404.14,32.4,120750,77.02,4.14,416.54,-15.74
E07000111,2022-05-15,Sevenoaks,10.77,13,39113,32391.72,32.39,120750,72.88,2.49,432.28,-14.07
E07000111,2022-05-14,Sevenoaks,9.94,12,39100,32380.95,32.38,120750,70.39,0.0,446.35,-22.36
E07000111,2022-05-13,Sevenoaks,10.77,13,39088,32371.01,32.37,120750,70.39,-1.65,468.71,-20.7
E07000111,2022-05-12,Sevenoaks,9.11,11,39075,32360.25,32.36,120750,72.04,-2.48,489.41,-20.7
E07000111,2022-05-11,Sevenoaks,7.45,9,39064,32351.14,32.35,120750,74.52,-8.28,510.11,-44.72
E07000111,2022-05-10,Sevenoaks,16.56,20,39055,32343.69,32.34,120750,82.8,-7.46,554.83,-33.13
E07000111,2022-05-09,Sevenoaks,8.28,10,39035,32327.12,32.33,120750,90.26,-10.77,587.96,-48.86
E07000111,2022-05-08,Sevenoaks,8.28,10,39025,32318.84,32.32,120750,101.03,-2.49,636.82,-29.82
E07000111,2022-05-07,Sevenoaks,9.94,12,39015,32310.56,32.31,120750,103.52,-4.14,666.64,-36.44
E07000111,2022-05-06,Sevenoaks,12.42,15,39003,32300.62,32.3,120750,107.66,3.31,703.08,-39.75
E07000111,2022-05-05,Sevenoaks,11.59,14,38988,32288.2,32.29,120750,104.35,0.0,742.83,-48.04
E07000111,2022-05-04,Sevenoaks,15.73,19,38974,32276.6,32.28,120750,104.35,2.48,790.87,-47.21
E07000111,2022-05-03,Sevenoaks,24.02,29,38955,32260.87,32.26,120750,101.87,7.46,838.08,-60.45
E07000111,2022-05-02,Sevenoaks,19.05,23,38926,32236.85,32.24,120750,94.41,-1.65,898.53,-71.22
E07000111,2022-05-01,Sevenoaks,10.77,13,38903,32217.81,32.22,120750,96.06,-2.48,969.75,-58.8
E07000111,2022-04-30,Sevenoaks,14.08,17,38890,32207.04,32.21,120750,98.54,-1.65,1028.55,-33.12
E07000111,2022-04-29,Sevenoaks,9.11,11,38873,32192.96,32.19,120750,100.19,-11.59,1061.67,-53.0
E07000111,2022-04-28,Sevenoaks,11.59,14,38862,32183.85,32.18,120750,111.78,-10.77,1114.67,-77.85
E07000111,2022-04-27,Sevenoaks,13.25,16,38848,32172.26,32.17,120750,122.55,-14.08,1192.52,-101.86
E07000111,2022-04-26,Sevenoaks,16.56,20,38832,32159.01,32.16,120750,136.63,-18.22,1294.38,-100.21
E07000111,2022-04-25,Sevenoaks,20.7,25,38812,32142.44,32.14,120750,154.85,-7.46,1394.59,-115.12
E07000111,2022-04-24,Sevenoaks,13.25,16,38787,32121.74,32.12,120750,162.31,-11.59,1509.71,-106.0
E07000111,2022-04-23,Sevenoaks,15.73,19,38771,32108.49,32.11,120750,173.9,-16.57,1615.71,-74.54
E07000111,2022-04-22,Sevenoaks,20.7,25,38752,32092.75,32.09,120750,190.47,-10.77,1690.25,-82.82
E07000111,2022-04-21,Sevenoaks,22.36,27,38727,32072.05,32.07,120750,201.24,-7.45,1773.07,-104.35
E07000111,2022-04-20,Sevenoaks,27.33,33,38700,32049.69,32.05,120750,208.69,-24.84,1877.42,-115.94
E07000111,2022-04-19,Sevenoaks,34.78,42,38667,32022.36,32.02,120750,233.53,-14.91,1993.36,-115.94
E07000111,2022-04-18,Sevenoaks,28.16,34,38625,31987.58,31.99,120750,248.44,-28.98,2109.3,-138.3
E07000111,2022-04-17,Sevenoaks,24.84,30,38591,31959.42,31.96,120750,277.42,-13.26,2247.6,-99.38
E07000111,2022-04-16,Sevenoaks,32.3,39,38561,31934.58,31.93,120750,290.68,-14.08,2346.98,-62.11
E07000111,2022-04-15,Sevenoaks,31.47,38,38522,31902.28,31.9,120750,304.76,-20.7,2409.09,-85.3
E07000111,2022-04-14,Sevenoaks,29.81,36,38484,31870.81,31.87,120750,325.46,-29.82,2494.39,-120.09
E07000111,2022-04-13,Sevenoaks,52.17,63,38448,31840.99,31.84,120750,355.28,-10.77,2614.48,-96.07
E07000111,2022-04-12,Sevenoaks,49.69,60,38385,31788.82,31.79,120750,366.05,-34.78,2710.55,-116.77
E07000111,2022-04-11,Sevenoaks,57.14,69,38325,31739.13,31.74,120750,400.83,-33.13,2827.32,-106.01
E07000111,2022-04-10,Sevenoaks,38.1,46,38256,31681.99,31.68,120750,433.96,-31.47,2933.33,-85.3
E07000111,2022-04-09,Sevenoaks,46.38,56,38210,31643.89,31.64,120750,465.43,-0.82,3018.63,-69.56
E07000111,2022-04-08,Sevenoaks,52.17,63,38154,31597.52,31.6,120750,466.25,-9.94,3088.19,-84.48
E07000111,2022-04-07,Sevenoaks,59.63,72,38091,31545.34,31.55,120750,476.19,-29.81,3172.67,-56.31
E07000111,2022-04-06,Sevenoaks,62.94,76,38019,31485.71,31.49,120750,506.0,-52.17,3228.98,-86.96
E07000111,2022-04-05,Sevenoaks,84.47,102,37943,31422.77,31.42,120750,558.17,-32.3,3315.94,-30.64
E07000111,2022-04-04,Sevenoaks,90.27,109,37841,31338.3,31.34,120750,590.47,-45.55,3346.58,-42.24
E07000111,2022-04-03,Sevenoaks,69.57,84,37732,31248.03,31.25,120750,636.02,-49.68,3388.82,-8.28
E07000111,2022-04-02,Sevenoaks,47.2,57,37648,31178.47,31.18,120750,685.7,-43.07,3397.1,-24.02
E07000111,2022-04-01,Sevenoaks,62.11,75,37591,31131.26,31.13,120750,728.77,-41.41,3421.12,-6.63
E07000111,2022-03-31,Sevenoaks,89.44,108,37516,31069.15,31.07,120750,770.18,-37.27,3427.75,21.53
E07000111,2022-03-30,Sevenoaks,115.11,139,37408,30979.71,30.98,120750,807.45,-28.16,3406.22,38.09
E07000111,2022-03-29,Sevenoaks,116.77,141,37269,30864.6,30.86,120750,835.61,-33.95,3368.13,44.72
E07000111,2022-03-28,Sevenoaks,135.82,164,37128,30747.83,30.75,120750,869.56,-30.64,3323.41,70.4
E07000111,2022-03-27,Sevenoaks,119.25,144,36964,30612.01,30.61,120750,900.2,-4.97,3253.01,72.87
E07000111,2022-03-26,Sevenoaks,90.27,109,36820,30492.75,30.49,120750,905.17,-4.14,3180.14,45.55
E07000111,2022-03-25,Sevenoaks,103.52,125,36711,30402.48,30.4,120750,909.31,-13.25,3134.59,64.6
E07000111,2022-03-24,Sevenoaks,126.71,153,36586,30298.96,30.3,120750,922.56,-23.19,3069.99,79.51
E07000111,2022-03-23,Sevenoaks,143.27,173,36433,30172.26,30.17,120750,945.75,-4.97,2990.48,86.13
E07000111,2022-03-22,Sevenoaks,150.72,182,36260,30028.99,30.03,120750,950.72,-15.74,2904.35,93.58
E07000111,2022-03-21,Sevenoaks,166.46,201,36078,29878.26,29.88,120750,966.46,3.31,2810.77,106.0
E07000111,2022-03-20,Sevenoaks,124.22,150,35877,29711.8,29.71,120750,963.15,0.82,2704.77,61.28
E07000111,2022-03-19,Sevenoaks,94.41,114,35727,29587.58,29.59,120750,962.33,-21.53,2643.49,23.19
E07000111,2022-03-18,Sevenoaks,116.77,141,35613,29493.17,29.49,120750,983.86,-19.88,2620.3,71.22
E07000111,2022-03-17,Sevenoaks,149.9,181,35472,29376.4,29.38,120750,1003.74,33.96,2549.08,80.33
E07000111,2022-03-16,Sevenoaks,148.24,179,35291,29226.5,29.23,120750,969.78,-1.66,2468.75,73.71
E07000111,2022-03-15,Sevenoaks,166.46,201,35112,29078.26,29.08,120750,971.44,51.35,2395.04,92.75
E07000111,2022-03-14,Sevenoaks,163.15,197,34911,28911.8,28.91,120750,920.09,30.64,2302.29,78.68
E07000111,2022-03-13,Sevenoaks,123.4,149,34714,28748.65,28.75,120750,889.45,45.55,2223.61,65.43
E07000111,2022-03-12,Sevenoaks,115.94,140,34565,28625.26,28.63,120750,843.9,44.72,2158.18,63.77
E07000111,2022-03-11,Sevenoaks,136.65,165,34425,28509.32,28.51,120750,799.18,67.91,2094.41,63.77
E07000111,2022-03-10,Sevenoaks,115.94,140,34260,28372.67,28.37,120750,731.27,48.03,2030.64,38.09
E07000111,2022-03-09,Sevenoaks,149.9,181,34120,28256.73,28.26,120750,683.24,72.88,1992.55,35.61
E07000111,2022-03-08,Sevenoaks,115.11,139,33939,28106.83,28.11,120750,610.36,43.06,1956.94,-21.54
E07000111,2022-03-07,Sevenoaks,132.51,160,33800,27991.72,27.99,120750,567.3,67.09,1978.48,9.94
E07000111,2022-03-06,Sevenoaks,77.85,94,33640,27859.21,27.86,120750,500.21,31.47,1968.54,-34.78
E07000111,2022-03-05,Sevenoaks,71.22,86,33546,27781.37,27.78,120750,468.74,26.5,2003.32,-35.61
E07000111,2022-03-04,Sevenoaks,68.74,83,33460,27710.14,27.71,120750,442.24,29.82,2038.93,-49.69
E07000111,2022-03-03,Sevenoaks,67.91,82,33377,27641.41,27.64,120750,412.42,20.71,2088.62,-68.74
E07000111,2022-03-02,Sevenoaks,77.02,93,33295,27573.5,27.57,120750,391.71,19.88,2157.36,-87.78
E07000111,2022-03-01,Sevenoaks,72.05,87,33202,27496.48,27.5,120750,371.83,14.91,2245.14,-90.27
E07000111,2022-02-28,Sevenoaks,65.42,79,33115,27424.43,27.42,120750,356.92,4.96,2335.41,-111.81
E07000111,2022-02-27,Sevenoaks,46.38,56,33036,27359.01,27.36,120750,351.96,-16.56,2447.22,-108.49
E07000111,2022-02-26,Sevenoaks,44.72,54,32980,27312.63,27.31,120750,368.52,-26.5,2555.71,-99.38
E07000111,2022-02-25,Sevenoaks,38.92,47,32926,27267.91,27.27,120750,395.02,-6.63,2655.09,-91.1
E07000111,2022-02-24,Sevenoaks,47.2,57,32879,27228.99,27.23,120750,401.65,-22.37,2746.19,-120.09
E07000111,2022-02-23,Sevenoaks,57.14,69,32822,27181.78,27.18,120750,424.02,-17.39,2866.28,-130.85
E07000111,2022-02-22,Sevenoaks,57.14,69,32753,27124.64,27.12,120750,441.41,-16.57,2997.13,-137.48
E07000111,2022-02-21,Sevenoaks,60.46,73,32684,27067.49,27.07,120750,457.98,-24.01,3134.61,-139.13
E07000111,2022-02-20,Sevenoaks,62.94,76,32611,27007.04,27.01,120750,481.99,4.97,3273.74,-72.05
E07000111,2022-02-19,Sevenoaks,71.22,86,32535,26944.1,26.94,120750,477.02,19.05,3345.79,-57.97
E07000111,2022-02-18,Sevenoaks,45.55,55,32449,26872.88,26.87,120750,457.97,-27.33,3403.76,-110.14
E07000111,2022-02-17,Sevenoaks,69.57,84,32394,26827.33,26.83,120750,485.3,-8.28,3513.9,-66.25
E07000111,2022-02-16,Sevenoaks,74.53,90,32310,26757.76,26.76,120750,493.58,-39.76,3580.15,-72.88
E07000111,2022-02-15,Sevenoaks,73.71,89,32220,26683.23,26.68,120750,533.34,-62.94,3653.03,-83.64
E07000111,2022-02-14,Sevenoaks,84.47,102,32131,26609.52,26.61,120750,596.28,-38.1,3736.67,-87.79
E07000111,2022-02-13,Sevenoaks,57.97,70,32029,26525.05,26.53,120750,634.38,-54.66,3824.46,-60.46
E07000111,2022-02-12,Sevenoaks,52.17,63,31959,26467.08,26.47,120750,689.04,-54.66,3884.92,-38.93
E07000111,2022-02-11,Sevenoaks,72.88,88,31896,26414.91,26.41,120750,743.7,-45.55,3923.85,-24.84
E07000111,2022-02-10,Sevenoaks,77.85,94,31808,26342.03,26.34,120750,789.25,-58.8,3948.69,-10.76
E07000111,2022-02-09,Sevenoaks,114.29,138,31714,26264.18,26.26,120750,848.05,-50.51,3959.45,12.43
E07000111,2022-02-08,Sevenoaks,136.65,165,31576,26149.9,26.15,120750,898.56,-25.67,3947.02,-8.28
E07000111,2022-02-07,Sevenoaks,122.57,148,31411,26013.25,26.01,120750,924.23,-54.66,3955.3,-10.76
E07000111,2022-02-06,Sevenoaks,112.63,136,31263,25890.68,25.89,120750,978.89,-42.24,3966.06,16.56
E07000111,2022-02-05,Sevenoaks,106.83,129,31127,25778.05,25.78,120750,1021.13,-37.27,3949.5,0.83
E07000111,2022-02-04,Sevenoaks,118.43,143,30998,25671.22,25.67,120750,1058.4,-11.59,3948.67,1.66
E07000111,2022-02-03,Sevenoaks,136.65,165,30855,25552.8,25.55,120750,1069.99,-30.64,3947.01,-33.95
E07000111,2022-02-02,Sevenoaks,164.8,199,30690,25416.15,25.42,120750,1100.63,-23.19,3980.96,-66.26
E07000111,2022-02-01,Sevenoaks,162.32,196,30491,25251.35,25.25,120750,1123.82,-32.3,4047.22,-184.68
E07000111,2022-01-31,Sevenoaks,177.23,214,30295,25089.03,25.09,120750,1156.12,-22.36,4231.9,-53.83
E07000111,2022-01-30,Sevenoaks,154.87,187,30081,24911.8,24.91,120750,1178.48,19.88,4285.73,-55.48
E07000111,2022-01-29,Sevenoaks,144.1,174,29894,24756.94,24.76,120750,1158.6,14.91,4341.21,-8.28
E07000111,2022-01-28,Sevenoaks,130.02,157,29720,24612.84,24.61,120750,1143.69,-25.67,4349.49,-71.22
E07000111,2022-01-27,Sevenoaks,167.29,202,29563,24482.82,24.48,120750,1169.36,31.47,4420.71,-111.8
E07000111,2022-01-26,Sevenoaks,187.99,227,29361,24315.53,24.32,120750,1137.89,40.58,4532.51,-198.76
E07000111,2022-01-25,Sevenoaks,194.62,235,29134,24127.54,24.13,120750,1097.31,37.27,4731.27,-54.66
E07000111,2022-01-24,Sevenoaks,199.59,241,28899,23932.92,23.93,120750,1060.04,27.33,4785.93,-32.29
E07000111,2022-01-23,Sevenoaks,134.99,163,28658,23733.33,23.73,120750,1032.71,16.56,4818.22,-30.64
E07000111,2022-01-22,Sevenoaks,129.19,156,28495,23598.34,23.6,120750,1016.15,38.09,4848.86,27.33
E07000111,2022-01-21,Sevenoaks,155.69,188,28339,23469.15,23.47,120750,978.06,57.97,4821.53,-35.61
E07000111,2022-01-20,Sevenoaks,135.82,164,28151,23313.46,23.31,120750,920.09,47.21,4857.14,-134.16
E07000111,2022-01-19,Sevenoaks,147.41,178,27987,23177.64,23.18,120750,872.88,45.55,4991.3,-139.96
E07000111,2022-01-18,Sevenoaks,157.35,190,27809,23030.23,23.03,120750,827.33,12.42,5131.26,-153.21
E07000111,2022-01-17,Sevenoaks,172.26,208,27619,22872.88,22.87,120750,814.91,38.93,5284.47,-105.17
E07000111,2022-01-16,Sevenoaks,118.43,143,27411,22700.62,22.7,120750,775.98,22.36,5389.64,-73.7
E07000111,2022-01-15,Sevenoaks,91.1,110,27268,22582.19,22.58,120750,753.62,-14.9,5463.34,-124.22
E07000111,2022-01-14,Sevenoaks,97.72,118,27158,22491.1,22.49,120750,768.52,-19.05,5587.56,-107.66
E07000111,2022-01-13,Sevenoaks,88.61,107,27040,22393.37,22.39,120750,787.57,-81.99,5695.22,-126.71
E07000111,2022-01-12,Sevenoaks,101.86,123,26933,22304.76,22.3,120750,869.56,-129.2,5821.93,-115.12
E07000111,2022-01-11,Sevenoaks,144.93,175,26810,22202.9,22.2,120750,998.76,-202.07,5937.05,-61.28
E07000111,2022-01-10,Sevenoaks,133.33,161,26635,22057.97,22.06,120750,1200.83,-97.73,5998.33,-75.37
E07000111,2022-01-09,Sevenoaks,96.07,116,26474,21924.64,21.92,120750,1298.56,-114.28,6073.7,-19.04
E07000111,2022-01-08,Sevenoaks,106.0,128,26358,21828.57,21.83,120750,1412.84,-46.38,6092.74,-4.14
E07000111,2022-01-07,Sevenoaks,116.77,141,26230,21722.57,21.72,120750,1459.22,-84.47,6096.88,24.02
E07000111,2022-01-06,Sevenoaks,170.6,206,26089,21605.8,21.61,120750,1543.69,-108.49,6072.86,52.17
E07000111,2022-01-05,Sevenoaks,231.06,279,25883,21435.2,21.44,120750,1652.18,-155.69,6020.69,123.4
E07000111,2022-01-04,Sevenoaks,347.0,419,25604,21204.14,21.2,120750,1807.87,97.72,5897.29,240.17
E07000111,2022-01-03,Sevenoaks,231.06,279,25185,20857.14,20.86,120750,1710.15,-0.82,5657.12,134.17
E07000111,2022-01-02,Sevenoaks,210.35,254,24906,20626.09,20.63,120750,1710.97,44.72,5522.95,145.75
E07000111,2022-01-01,Sevenoaks,152.38,184,24652,20415.73,20.42,120750,1666.25,50.52,5377.2,77.02
E07000111,2021-12-31,Sevenoaks,201.24,243,24468,20263.35,20.26,120750,1615.73,9.94,5300.18,101.86
E07000111,2021-12-30,Sevenoaks,279.09,337,24225,20062.11,20.06,120750,1605.79,9.11,5198.32,190.48
E07000111,2021-12-29,Sevenoaks,386.75,467,23888,19783.02,19.78,120750,1596.68,99.38,5007.84,290.68
E07000111,2021-12-28,Sevenoaks,249.28,301,23421,19396.27,19.4,120750,1497.3,-61.28,4717.16,151.56
E07000111,2021-12-27,Sevenoaks,231.88,280,23120,19147.0,19.15,120750,1558.58,-45.55,4565.6,120.91
E07000111,2021-12-26,Sevenoaks,165.63,200,22840,18915.11,18.92,120750,1604.13,-26.5,4444.69,77.02
E07000111,2021-12-25,Sevenoaks,101.86,123,22640,18749.48,18.75,120750,1630.63,-113.46,4367.67,32.29
E07000111,2021-12-24,Sevenoaks,191.3,231,22517,18647.62,18.65,120750,1744.09,-14.08,4335.38,124.22
E07000111,2021-12-23,Sevenoaks,269.98,326,22286,18456.31,18.46,120750,1758.17,54.66,4211.16,183.85
E07000111,2021-12-22,Sevenoaks,287.37,347,21960,18186.34,18.19,120750,1703.51,70.39,4027.31,208.7
E07000111,2021-12-21,Sevenoaks,310.56,375,21613,17898.96,17.9,120750,1633.12,104.35,3818.61,220.29
E07000111,2021-12-20,Sevenoaks,277.43,335,21238,17588.41,17.59,120750,1528.77,68.73,3598.32,161.49
E07000111,2021-12-19,Sevenoaks,192.13,232,20903,17310.97,17.31,120750,1460.04,77.02,3436.83,138.3
E07000111,2021-12-18,Sevenoaks,215.32,260,20671,17118.84,17.12,120750,1383.02,105.18,3298.53,164.8
E07000111,2021-12-17,Sevenoaks,205.38,248,20411,16903.52,16.9,120750,1277.84,112.63,3133.73,134.16
E07000111,2021-12-16,Sevenoaks,215.32,260,20163,16698.14,16.7,120750,1165.21,96.89,2999.57,132.5
E07000111,2021-12-15,Sevenoaks,216.98,262,19903,16482.82,16.48,120750,1068.32,109.32,2867.07,127.54
E07000111,2021-12-14,Sevenoaks,206.21,249,19641,16265.84,16.27,120750,959.0,99.38,2739.53,118.43
E07000111,2021-12-13,Sevenoaks,208.7,252,19392,16059.63,16.06,120750,859.62,111.81,2621.1,110.15
E07000111,2021-12-12,Sevenoaks,115.11,139,19140,15850.93,15.85,120750,747.81,50.51,2510.95,36.44
E07000111,2021-12-11,Sevenoaks,110.14,133,19001,15735.82,15.74,120750,697.3,34.78,2474.51,42.23
E07000111,2021-12-10,Sevenoaks,92.75,112,18868,15625.67,15.63,120750,662.52,-6.63,2432.28,14.08
E07000111,2021-12-09,Sevenoaks,118.43,143,18756,15532.92,15.53,120750,669.15,29.82,2418.2,33.13
E07000111,2021-12-08,Sevenoaks,107.66,130,18613,15414.49,15.41,120750,639.33,11.59,2385.07,22.36
E07000111,2021-12-07,Sevenoaks,106.83,129,18483,15306.83,15.31,120750,627.74,9.11,2362.71,39.75
E07000111,2021-12-06,Sevenoaks,96.89,117,18354,15200.0,15.2,120750,618.63,-14.08,2322.96,17.39
E07000111,2021-12-05,Sevenoaks,64.6,78,18237,15103.11,15.1,120750,632.71,-24.01,2305.57,16.57
E07000111,2021-12-04,Sevenoaks,75.36,91,18159,15038.51,15.04,120750,656.72,5.79,2289.0,37.26
E07000111,2021-12-03,Sevenoaks,99.38,120,18068,14963.15,14.96,120750,650.93,32.3,2251.74,53.83
E07000111,2021-12-02,Sevenoaks,88.61,107,17948,14863.77,14.86,120750,618.63,2.48,2197.91,42.23
E07000111,2021-12-01,Sevenoaks,96.07,116,17841,14775.16,14.78,120750,616.15,17.4,2155.68,39.76
E07000111,2021-11-30,Sevenoaks,97.72,118,17725,14679.09,14.68,120750,598.75,7.45,2115.92,68.73
E07000111,2021-11-29,Sevenoaks,110.97,134,17607,14581.37,14.58,120750,591.3,-4.97,2047.19,57.14
E07000111,2021-11-28,Sevenoaks,88.61,107,17473,14470.39,14.47,120750,596.27,34.78,1990.05,32.3
E07000111,2021-11-27,Sevenoaks,69.57,84,17366,14381.78,14.38,120750,561.49,19.05,1957.75,-1.65
E07000111,2021-11-26,Sevenoaks,67.08,81,17282,14312.22,14.31,120750,542.44,-4.14,1959.4,-9.11
E07000111,2021-11-25,Sevenoaks,86.13,104,17201,14245.13,14.25,120750,546.58,3.31,1968.51,28.99
E07000111,2021-11-24,Sevenoaks,78.67,95,17097,14159.01,14.16,120750,543.27,-10.77,1939.52,9.1
E07000111,2021-11-23,Sevenoaks,90.27,109,17002,14080.33,14.08,120750,554.04,2.49,1930.42,9.94
E07000111,2021-11-22,Sevenoaks,115.94,140,16893,13990.06,13.99,120750,551.55,17.39,1920.48,41.41
E07000111,2021-11-21,Sevenoaks,53.83,65,16753,13874.12,13.87,120750,534.16,-24.84,1879.07,-4.14
E07000111,2021-11-20,Sevenoaks,50.52,61,16688,13820.29,13.82,120750,559.0,-17.39,1883.21,-33.12
E07000111,2021-11-19,Sevenoaks,71.22,86,16627,13769.77,13.77,120750,576.39,-7.45,1916.33,-23.19
E07000111,2021-11-18,Sevenoaks,82.82,100,16541,13698.55,13.7,120750,583.84,-2.48,1939.52,-2.48
E07000111,2021-11-17,Sevenoaks,89.44,108,16441,13615.73,13.62,120750,586.32,4.14,1942.0,-32.3
E07000111,2021-11-16,Sevenoaks,87.78,106,16333,13526.29,13.53,120750,582.18,20.7,1974.3,-4.97
E07000111,2021-11-15,Sevenoaks,98.55,119,16227,13438.51,13.44,120750,561.48,19.05,1979.27,-9.94
E07000111,2021-11-14,Sevenoaks,78.67,95,16108,13339.96,13.34,120750,542.43,30.64,1989.21,5.79
E07000111,2021-11-13,Sevenoaks,67.91,82,16013,13261.28,13.26,120750,511.79,29.81,1983.42,3.31
E07000111,2021-11-12,Sevenoaks,78.67,95,15931,13193.37,13.19,120750,481.98,33.12,1980.11,-2.49
E07000111,2021-11-11,Sevenoaks,85.3,103,15836,13114.7,13.11,120750,448.86,38.92,1982.6,-15.74
E07000111,2021-11-10,Sevenoaks,85.3,103,15733,13029.4,13.03,120750,409.94,28.99,1998.34,0.83
E07000111,2021-11-09,Sevenoaks,67.08,81,15630,12944.1,12.94,120750,380.95,38.09,1997.51,-14.08
E07000111,2021-11-08,Sevenoaks,79.5,96,15549,12877.02,12.88,120750,342.86,25.67,2011.59,6.62
E07000111,2021-11-07,Sevenoaks,48.03,58,15453,12797.52,12.8,120750,317.19,-8.28,2004.97,-10.77
E07000111,2021-11-06,Sevenoaks,38.1,46,15395,12749.48,12.75,120750,325.47,-33.12,2015.74,-9.1
E07000111,2021-11-05,Sevenoaks,45.55,55,15349,12711.39,12.71,120750,358.59,-30.64,2024.84,-4.14
E07000111,2021-11-04,Sevenoaks,46.38,56,15294,12665.84,12.67,120750,389.23,-10.76,2028.98,-21.53
E07000111,2021-11-03,Sevenoaks,56.31,68,15238,12619.46,12.62,120750,399.99,-13.26,2050.51,-10.77
E07000111,2021-11-02,Sevenoaks,28.99,35,15170,12563.15,12.56,120750,413.25,-51.34,2061.28,-38.92
E07000111,2021-11-01,Sevenoaks,53.83,65,15135,12534.16,12.53,120750,464.59,-20.7,2100.2,-14.91
E07000111,2021-10-31,Sevenoaks,56.31,68,15070,12480.33,12.48,120750,485.29,-1.66,2115.11,-14.08
E07000111,2021-10-30,Sevenoaks,71.22,86,15002,12424.02,12.42,120750,486.95,-12.42,2129.19,28.16
E07000111,2021-10-29,Sevenoaks,76.19,92,14916,12352.8,12.35,120750,499.37,-18.22,2101.03,30.64
E07000111,2021-10-28,Sevenoaks,57.14,69,14824,12276.6,12.28,120750,517.59,-28.16,2070.39,19.04
E07000111,2021-10-27,Sevenoaks,69.57,84,14755,12219.46,12.22,120750,545.75,-52.17,2051.35,14.91
E07000111,2021-10-26,Sevenoaks,80.33,97,14671,12149.9,12.15,120750,597.92,-12.42,2036.44,19.87
E07000111,2021-10-25,Sevenoaks,74.53,90,14574,12069.57,12.07,120750,610.34,-33.96,2016.57,0.0
E07000111,2021-10-24,Sevenoaks,57.97,70,14484,11995.03,12.0,120750,644.3,-14.91,2016.57,-6.63
E07000111,2021-10-23,Sevenoaks,83.64,101,14414,11937.06,11.94,120750,659.21,19.04,2023.2,31.47
E07000111,2021-10-22,Sevenoaks,94.41,114,14313,11853.42,11.85,120750,640.17,13.25,1991.73,39.75
E07000111,2021-10-21,Sevenoaks,85.3,103,14199,11759.01,11.76,120750,626.92,-15.74,1951.98,33.13
E07000111,2021-10-20,Sevenoaks,121.74,147,14096,11673.71,11.67,120750,642.66,37.27,1918.85,62.11
E07000111,2021-10-19,Sevenoaks,92.75,112,13949,11551.97,11.55,120750,605.39,11.59,1856.74,16.56
E07000111,2021-10-18,Sevenoaks,108.49,131,13837,11459.21,11.46,120750,593.8,35.61,1840.18,35.61
E07000111,2021-10-17,Sevenoaks,72.88,88,13706,11350.72,11.35,120750,558.19,14.08,1804.57,25.68
E07000111,2021-10-16,Sevenoaks,64.6,78,13618,11277.85,11.28,120750,544.11,17.4,1778.89,37.27
E07000111,2021-10-15,Sevenoaks,81.16,98,13540,11213.25,11.21,120750,526.71,31.47,1741.62,28.99
E07000111,2021-10-14,Sevenoaks,101.04,122,13442,11132.09,11.13,120750,495.24,33.13,1712.63,71.23
E07000111,2021-10-13,Sevenoaks,84.47,102,13320,11031.06,11.03,120750,462.11,17.39,1641.4,22.36
E07000111,2021-10-12,Sevenoaks,81.16,98,13218,10946.58,10.95,120750,444.72,13.25,1619.04,30.64
E07000111,2021-10-11,Sevenoaks,72.88,88,13120,10865.42,10.87,120750,431.47,4.14,1588.4,19.88
E07000111,2021-10-10,Sevenoaks,58.8,71,13032,10792.55,10.79,120750,427.33,-11.59,1568.52,21.53
E07000111,2021-10-09,Sevenoaks,47.2,57,12961,10733.75,10.73,120750,438.92,4.14,1546.99,19.87
E07000111,2021-10-08,Sevenoaks,49.69,60,12904,10686.54,10.69,120750,434.78,4.14,1527.12,20.7
E07000111,2021-10-07,Sevenoaks,67.91,82,12844,10636.85,10.64,120750,430.64,29.81,1506.42,36.44
E07000111,2021-10-06,Sevenoaks,67.08,81,12762,10568.94,10.57,120750,400.83,12.42,1469.98,28.16
E07000111,2021-10-05,Sevenoaks,67.91,82,12681,10501.86,10.5,120750,388.41,7.45,1441.82,33.13
E07000111,2021-10-04,Sevenoaks,68.74,83,12599,10433.95,10.43,120750,380.96,-5.79,1408.69,27.33
E07000111,2021-10-03,Sevenoaks,70.39,85,12516,10365.22,10.37,120750,386.75,5.79,1381.36,31.47
E07000111,2021-10-02,Sevenoaks,43.06,52,12431,10294.82,10.29,120750,380.96,-9.11,1349.89,-1.66
E07000111,2021-10-01,Sevenoaks,45.55,55,12379,10251.76,10.25,120750,390.07,-9.11,1351.55,7.45
E07000111,2021-09-30,Sevenoaks,38.1,46,12324,10206.21,10.21,120750,399.18,-14.07,1344.1,-14.07
E07000111,2021-09-29,Sevenoaks,54.66,66,12278,10168.12,10.17,120750,413.25,-4.97,1358.17,-13.25
E07000111,2021-09-28,Sevenoaks,60.46,73,12212,10113.46,10.11,120750,418.22,-15.73,1371.42,8.29
E07000111,2021-09-27,Sevenoaks,74.53,90,12139,10053.0,10.05,120750,433.95,1.65,1363.13,35.61
E07000111,2021-09-26,Sevenoaks,64.6,78,12049,9978.47,9.98,120750,432.3,17.4,1327.52,45.55
E07000111,2021-09-25,Sevenoaks,52.17,63,11971,9913.87,9.91,120750,414.9,24.84,1281.97,28.98
E07000111,2021-09-24,Sevenoaks,54.66,66,11908,9861.7,9.86,120750,390.06,2.49,1252.99,38.1
E07000111,2021-09-23,Sevenoaks,52.17,63,11842,9807.04,9.81,120750,387.57,22.36,1214.89,28.98
E07000111,2021-09-22,Sevenoaks,59.63,72,11779,9754.87,9.75,120750,365.21,-2.48,1185.91,33.13
E07000111,2021-09-21,Sevenoaks,76.19,92,11707,9695.24,9.7,120750,367.69,25.67,1152.78,51.35
E07000111,2021-09-20,Sevenoaks,72.88,88,11615,9619.05,9.62,120750,342.02,19.88,1101.43,30.64
E07000111,2021-09-19,Sevenoaks,47.2,57,11527,9546.17,9.55,120750,322.14,9.93,1070.79,11.59
E07000111,2021-09-18,Sevenoaks,27.33,33,11470,9498.96,9.5,120750,312.21,0.0,1059.2,1.66
E07000111,2021-09-17,Sevenoaks,52.17,63,11437,9471.64,9.47,120750,312.21,23.18,1057.54,19.87
E07000111,2021-09-16,Sevenoaks,29.81,36,11374,9419.46,9.42,120750,289.03,-1.66,1037.67,-17.39
E07000111,2021-09-15,Sevenoaks,62.11,75,11338,9389.65,9.39,120750,290.69,23.19,1055.06,15.73
E07000111,2021-09-14,Sevenoaks,50.52,61,11263,9327.54,9.33,120750,267.5,15.74,1039.33,-0.83
E07000111,2021-09-13,Sevenoaks,53.0,64,11202,9277.02,9.28,120750,251.76,11.59,1040.16,0.0
E07000111,2021-09-12,Sevenoaks,37.27,45,11138,9224.02,9.22,120750,240.17,-1.65,1040.16,17.39
E07000111,2021-09-11,Sevenoaks,27.33,33,11093,9186.75,9.19,120750,241.82,-17.39,1022.77,-5.8
E07000111,2021-09-10,Sevenoaks,28.99,35,11060,9159.42,9.16,120750,259.21,-9.11,1028.57,0.83
E07000111,2021-09-09,Sevenoaks,31.47,38,11025,9130.43,9.13,120750,268.32,-20.7,1027.74,0.0
E07000111,2021-09-08,Sevenoaks,38.92,47,10987,9098.96,9.1,120750,289.02,-28.99,1027.74,9.93
E07000111,2021-09-07,Sevenoaks,34.78,42,10940,9060.04,9.06,120750,318.01,-17.39,1017.81,-0.83
E07000111,2021-09-06,Sevenoaks,41.41,50,10898,9025.26,9.03,120750,335.4,2.49,1018.64,9.94
E07000111,2021-09-05,Sevenoaks,38.92,47,10848,8983.85,8.98,120750,332.91,19.87,1008.7,19.04
E07000111,2021-09-04,Sevenoaks,44.72,54,10801,8944.93,8.94,120750,313.04,21.53,989.66,15.73
E07000111,2021-09-03,Sevenoaks,38.1,46,10747,8900.21,8.9,120750,291.51,21.54,973.93,8.29
E07000111,2021-09-02,Sevenoaks,52.17,63,10701,8862.11,8.86,120750,269.97,28.98,965.64,24.84
E07000111,2021-09-01,Sevenoaks,67.91,82,10638,8809.94,8.81,120750,240.99,41.41,940.8,31.47
E07000111,2021-08-31,Sevenoaks,52.17,63,10556,8742.03,8.74,120750,199.58,27.33,909.33,24.84
E07000111,2021-08-30,Sevenoaks,38.92,47,10493,8689.86,8.69,120750,172.25,-3.32,884.49,-3.32
E07000111,2021-08-29,Sevenoaks,19.05,23,10446,8650.93,8.65,120750,175.57,-16.56,887.81,-0.83
E07000111,2021-08-28,Sevenoaks,23.19,28,10423,8631.88,8.63,120750,192.13,-2.48,888.64,-1.65
E07000111,2021-08-27,Sevenoaks,16.56,20,10395,8608.7,8.61,120750,194.61,-15.74,890.29,-17.39
E07000111,2021-08-26,Sevenoaks,23.19,28,10375,8592.13,8.59,120750,210.35,-24.01,907.68,-12.42
E07000111,2021-08-25,Sevenoaks,26.5,32,10347,8568.94,8.57,120750,234.36,-19.88,920.1,-21.53
E07000111,2021-08-24,Sevenoaks,24.84,30,10315,8542.44,8.54,120750,254.24,-26.51,941.63,-19.88
E07000111,2021-08-23,Sevenoaks,42.24,51,10285,8517.6,8.52,120750,280.75,-10.76,961.51,4.97
E07000111,2021-08-22,Sevenoaks,35.61,43,10234,8475.36,8.48,120750,291.51,15.73,956.54,9.11
E07000111,2021-08-21,Sevenoaks,25.67,31,10191,8439.75,8.44,120750,275.78,-7.46,947.43,-10.77
E07000111,2021-08-20,Sevenoaks,32.3,39,10160,8414.08,8.41,120750,283.24,4.14,958.2,-1.65
E07000111,2021-08-19,Sevenoaks,47.2,57,10121,8381.78,8.38,120750,279.1,15.73,959.85,-3.32
E07000111,2021-08-18,Sevenoaks,46.38,56,10064,8334.58,8.33,120750,263.37,17.39,963.17,-11.59
E07000111,2021-08-17,Sevenoaks,51.35,62,10008,8288.2,8.29,120750,245.98,15.74,974.76,-26.5
E07000111,2021-08-16,Sevenoaks,53.0,64,9946,8236.85,8.24,120750,230.24,21.53,1001.26,-24.85
E07000111,2021-08-15,Sevenoaks,19.88,24,9882,8183.85,8.18,120750,208.71,0.0,1026.11,-33.95
E07000111,2021-08-14,Sevenoaks,33.13,40,9858,8163.98,8.16,120750,208.71,4.14,1060.06,-47.2
E07000111,2021-08-13,Sevenoaks,28.16,34,9818,8130.85,8.13,120750,204.57,-1.65,1107.26,-86.13
E07000111,2021-08-12,Sevenoaks,31.47,38,9784,8102.69,8.1,120750,206.22,4.14,1193.39,-67.91
E07000111,2021-08-11,Sevenoaks,28.99,35,9746,8071.22,8.07,120750,202.08,-7.45,1261.3,-62.94
E07000111,2021-08-10,Sevenoaks,35.61,43,9711,8042.24,8.04,120750,209.53,8.28,1324.24,-19.88
E07000111,2021-08-09,Sevenoaks,31.47,38,9668,8006.63,8.01,120750,201.25,-10.77,1344.12,-33.95
E07000111,2021-08-08,Sevenoaks,19.88,24,9630,7975.16,7.98,120750,212.02,0.0,1378.07,-22.36
E07000111,2021-08-07,Sevenoaks,28.99,35,9606,7955.28,7.96,120750,212.02,4.15,1400.43,-14.07
E07000111,2021-08-06,Sevenoaks,29.81,36,9571,7926.29,7.93,120750,207.87,-4.14,1414.5,-12.43
E07000111,2021-08-05,Sevenoaks,27.33,33,9535,7896.48,7.9,120750,212.01,-8.28,1426.93,-23.19
E07000111,2021-08-04,Sevenoaks,36.44,44,9502,7869.15,7.87,120750,220.29,-11.59,1450.12,-4.97
E07000111,2021-08-03,Sevenoaks,27.33,33,9458,7832.71,7.83,120750,231.88,-17.39,1455.09,-19.87
E07000111,2021-08-02,Sevenoaks,42.24,51,9425,7805.38,7.81,120750,249.27,4.97,1474.96,4.97
E07000111,2021-08-01,Sevenoaks,19.88,24,9374,7763.15,7.76,120750,244.3,-6.62,1469.99,-10.76
E07000111,2021-07-31,Sevenoaks,24.84,30,9350,7743.27,7.74,120750,250.92,-11.6,1480.75,6.62
E07000111,2021-07-30,Sevenoaks,33.95,41,9320,7718.43,7.72,120750,262.52,0.0,1474.13,6.62
E07000111,2021-07-29,Sevenoaks,35.61,43,9279,7684.47,7.68,120750,262.52,-14.91,1467.51,8.28
E07000111,2021-07-28,Sevenoaks,48.03,58,9236,7648.86,7.65,120750,277.43,-9.94,1459.23,23.19
E07000111,2021-07-27,Sevenoaks,44.72,54,9178,7600.83,7.6,120750,287.37,-33.13,1436.04,16.56
E07000111,2021-07-26,Sevenoaks,37.27,45,9124,7556.11,7.56,120750,320.5,-40.58,1419.48,10.77
E07000111,2021-07-25,Sevenoaks,26.5,32,9079,7518.84,7.52,120750,361.08,-27.33,1408.71,0.0
E07000111,2021-07-24,Sevenoaks,36.44,44,9047,7492.34,7.49,120750,388.41,-43.89,1408.71,21.53
E07000111,2021-07-23,Sevenoaks,33.95,41,9003,7455.9,7.46,120750,432.3,-80.34,1387.18,19.04
E07000111,2021-07-22,Sevenoaks,50.52,61,8962,7421.95,7.42,120750,512.64,-48.86,1368.14,33.96
E07000111,2021-07-21,Sevenoaks,57.97,70,8901,7371.43,7.37,120750,561.5,-33.96,1334.18,44.72
E07000111,2021-07-20,Sevenoaks,77.85,94,8831,7313.46,7.31,120750,595.46,22.36,1289.46,70.4
E07000111,2021-07-19,Sevenoaks,77.85,94,8737,7235.61,7.24,120750,573.1,12.43,1219.06,71.22
E07000111,2021-07-18,Sevenoaks,53.83,65,8643,7157.76,7.16,120750,560.67,11.59,1147.84,45.55
E07000111,2021-07-17,Sevenoaks,80.33,97,8578,7103.93,7.1,120750,549.08,37.27,1102.29,72.05
E07000111,2021-07-16,Sevenoaks,114.29,138,8481,7023.6,7.02,120750,511.81,72.05,1030.24,111.81
E07000111,2021-07-15,Sevenoaks,99.38,120,8343,6909.32,6.91,120750,439.76,48.86,918.43,94.41
E07000111,2021-07-14,Sevenoaks,91.93,111,8223,6809.94,6.81,120750,390.9,50.52,824.02,81.16
E07000111,2021-07-13,Sevenoaks,55.49,67,8112,6718.01,6.72,120750,340.38,8.29,742.86,45.55
E07000111,2021-07-12,Sevenoaks,65.42,79,8045,6662.53,6.66,120750,332.09,28.15,697.31,54.65
E07000111,2021-07-11,Sevenoaks,42.24,51,7966,6597.1,6.6,120750,303.94,11.6,642.66,37.27
E07000111,2021-07-10,Sevenoaks,43.06,52,7915,6554.87,6.55,120750,292.34,24.84,605.39,34.78
E07000111,2021-07-09,Sevenoaks,42.24,51,7863,6511.8,6.51,120750,267.5,14.91,570.61,37.27
E07000111,2021-07-08,Sevenoaks,50.52,61,7812,6469.57,6.47,120750,252.59,23.19,533.34,46.38
E07000111,2021-07-07,Sevenoaks,41.41,50,7751,6419.05,6.42,120750,229.4,16.57,486.96,32.3
E07000111,2021-07-06,Sevenoaks,47.2,57,7701,6377.64,6.38,120750,212.83,19.04,454.66,38.92
E07000111,2021-07-05,Sevenoaks,37.27,45,7644,6330.43,6.33,120750,193.79,10.77,415.74,30.64
E07000111,2021-07-04,Sevenoaks,30.64,37,7599,6293.17,6.29,120750,183.02,4.14,385.1,28.16
E07000111,2021-07-03,Sevenoaks,18.22,22,7562,6262.53,6.26,120750,178.88,3.31,356.94,14.08
E07000111,2021-07-02,Sevenoaks,27.33,33,7540,6244.31,6.24,120750,175.57,12.42,342.86,20.7
E07000111,2021-07-01,Sevenoaks,27.33,33,7507,6216.98,6.22,120750,163.15,10.77,322.16,24.02
E07000111,2021-06-30,Sevenoaks,24.84,30,7474,6189.65,6.19,120750,152.38,11.59,298.14,19.87
E07000111,2021-06-29,Sevenoaks,28.16,34,7444,6164.8,6.16,120750,140.79,20.71,278.27,19.88
E07000111,2021-06-28,Sevenoaks,26.5,32,7410,6136.65,6.14,120750,120.08,19.87,258.39,21.53
E07000111,2021-06-27,Sevenoaks,26.5,32,7378,6110.14,6.11,120750,100.21,18.22,236.86,22.36
E07000111,2021-06-26,Sevenoaks,14.91,18,7346,6083.64,6.08,120750,81.99,6.63,214.5,9.94
E07000111,2021-06-25,Sevenoaks,14.91,18,7328,6068.74,6.07,120750,75.36,12.43,204.56,9.94
E07000111,2021-06-24,Sevenoaks,16.56,20,7310,6053.83,6.05,120750,62.93,11.59,194.62,13.25
E07000111,2021-06-23,Sevenoaks,13.25,16,7290,6037.27,6.04,120750,51.34,2.48,181.37,11.59
E07000111,2021-06-22,Sevenoaks,7.45,9,7274,6024.02,6.02,120750,48.86,-2.49,169.78,5.79
E07000111,2021-06-21,Sevenoaks,6.63,8,7265,6016.56,6.02,120750,51.35,-4.14,163.99,3.32
E07000111,2021-06-20,Sevenoaks,8.28,10,7257,6009.94,6.01,120750,55.49,3.31,160.67,7.45
E07000111,2021-06-19,Sevenoaks,8.28,10,7247,6001.66,6.0,120750,52.18,0.0,153.22,6.62
E07000111,2021-06-18,Sevenoaks,2.48,3,7237,5993.37,5.99,120750,52.18,-2.49,146.6,0.82
E07000111,2021-06-17,Sevenoaks,4.97,6,7234,5990.89,5.99,120750,54.67,0.83,145.78,3.31
E07000111,2021-06-16,Sevenoaks,10.77,13,7228,5985.92,5.99,120750,53.84,1.66,142.47,8.29
E07000111,2021-06-15,Sevenoaks,9.94,12,7215,5975.16,5.98,120750,52.18,1.66,134.18,6.63
E07000111,2021-06-14,Sevenoaks,10.77,13,7203,5965.22,5.97,120750,50.52,4.14,127.55,9.94
E07000111,2021-06-13,Sevenoaks,4.97,6,7190,5954.45,5.95,120750,46.38,2.49,117.61,2.49
E07000111,2021-06-12,Sevenoaks,8.28,10,7184,5949.48,5.95,120750,43.89,4.14,115.12,5.8
E07000111,2021-06-11,Sevenoaks,4.97,6,7174,5941.2,5.94,120750,39.75,-1.66,109.32,4.97
E07000111,2021-06-10,Sevenoaks,4.14,5,7168,5936.23,5.94,120750,41.41,0.83,104.35,4.14
E07000111,2021-06-09,Sevenoaks,9.11,11,7163,5932.09,5.93,120750,40.58,4.14,100.21,8.28
E07000111,2021-06-08,Sevenoaks,8.28,10,7152,5922.98,5.92,120750,36.44,0.0,91.93,8.28
E07000111,2021-06-07,Sevenoaks,6.63,8,7142,5914.7,5.91,120750,36.44,1.66,83.65,6.63
E07000111,2021-06-06,Sevenoaks,2.48,3,7134,5908.07,5.91,120750,34.78,-1.66,77.02,2.48
E07000111,2021-06-05,Sevenoaks,4.14,5,7131,5905.59,5.91,120750,36.44,-0.83,74.54,3.31
E07000111,2021-06-04,Sevenoaks,6.63,8,7126,5901.45,5.9,120750,37.27,1.66,71.23,5.8
E07000111,2021-06-03,Sevenoaks,3.31,4,7118,5894.82,5.89,120750,35.61,0.0,65.43,1.65
E07000111,2021-06-02,Sevenoaks,4.97,6,7114,5891.51,5.89,120750,35.61,3.31,63.78,3.31
E07000111,2021-06-01,Sevenoaks,8.28,10,7108,5886.54,5.89,120750,32.3,6.62,60.47,7.45
E07000111,2021-05-31,Sevenoaks,4.97,6,7098,5878.26,5.88,120750,25.68,1.66,53.02,3.31
E07000111,2021-05-30,Sevenoaks,4.14,5,7092,5873.29,5.87,120750,24.02,3.31,49.71,3.31
E07000111,2021-05-29,Sevenoaks,4.97,6,7087,5869.15,5.87,120750,20.71,3.31,46.4,4.97
E07000111,2021-05-28,Sevenoaks,4.97,6,7081,5864.18,5.86,120750,17.4,3.31,41.43,0.83
E07000111,2021-05-27,Sevenoaks,3.31,4,7075,5859.21,5.86,120750,14.09,1.65,40.6,-2.49
E07000111,2021-05-26,Sevenoaks,1.66,2,7071,5855.9,5.86,120750,12.44,-0.82,43.09,-4.14
E07000111,2021-05-25,Sevenoaks,1.66,2,7069,5854.24,5.85,120750,13.26,-1.65,47.23,-0.82
E07000111,2021-05-24,Sevenoaks,3.31,4,7067,5852.59,5.85,120750,14.91,2.48,48.05,-0.83
E07000111,2021-05-23,Sevenoaks,0.83,1,7063,5849.28,5.85,120750,12.43,-1.65,48.88,0.83
E07000111,2021-05-22,Sevenoaks,1.66,2,7062,5848.45,5.85,120750,14.08,-0.82,48.05,1.66
E07000111,2021-05-21,Sevenoaks,1.66,2,7060,5846.79,5.85,120750,14.9,1.66,46.39,-0.82
E07000111,2021-05-20,Sevenoaks,1.66,2,7058,5845.13,5.85,120750,13.24,1.66,47.21,0.0
E07000111,2021-05-19,Sevenoaks,2.48,3,7056,5843.48,5.84,120750,11.58,1.65,47.21,0.0
E07000111,2021-05-18,Sevenoaks,3.31,4,7053,5840.99,5.84,120750,9.93,3.31,47.21,1.65
E07000111,2021-05-17,Sevenoaks,0.83,1,7049,5837.68,5.84,120750,6.62,0.83,45.56,0.83
E07000111,2021-05-16,Sevenoaks,2.48,3,7048,5836.85,5.84,120750,5.79,2.48,44.73,-3.32
E07000111,2021-05-15,Sevenoaks,2.48,3,7045,5834.37,5.83,120750,3.31,1.65,48.05,2.48
E07000111,2021-05-14,Sevenoaks,0.0,0,7042,5831.88,5.83,120750,1.66,-0.83,45.57,-0.83
E07000111,2021-05-13,Sevenoaks,0.0,0,7042,5831.88,5.83,120750,2.49,-1.66,46.4,-2.48
E07000111,2021-05-12,Sevenoaks,0.83,1,7042,5831.88,5.83,120750,4.15,-0.83,48.88,-6.62
E07000111,2021-05-11,Sevenoaks,0.0,0,7041,5831.06,5.83,120750,4.98,-0.83,55.5,0.0
E07000111,2021-05-10,Sevenoaks,0.0,0,7041,5831.06,5.83,120750,5.81,-1.66,55.5,-1.66
E07000111,2021-05-09,Sevenoaks,0.0,0,7041,5831.06,5.83,120750,7.47,-0.83,57.16,-0.83
E07000111,2021-05-08,Sevenoaks,0.83,1,7041,5831.06,5.83,120750,8.3,0.83,57.99,-0.83
E07000111,2021-05-07,Sevenoaks,0.83,1,7040,5830.23,5.83,120750,7.47,-3.31,58.82,-1.65
E07000111,2021-05-06,Sevenoaks,1.66,2,7039,5829.4,5.83,120750,10.78,-4.14,60.47,0.0
E07000111,2021-05-05,Sevenoaks,1.66,2,7037,5827.74,5.83,120750,14.92,-4.14,60.47,-3.31
E07000111,2021-05-04,Sevenoaks,0.83,1,7035,5826.09,5.83,120750,19.06,-1.65,63.78,0.83
E07000111,2021-05-03,Sevenoaks,1.66,2,7034,5825.26,5.83,120750,20.71,-2.48,62.95,0.0
E07000111,2021-05-02,Sevenoaks,0.83,1,7032,5823.6,5.82,120750,23.19,0.83,62.95,-0.83
E07000111,2021-05-01,Sevenoaks,0.0,0,7031,5822.77,5.82,120750,22.36,0.0,63.78,-0.83
E07000111,2021-04-30,Sevenoaks,4.14,5,7031,5822.77,5.82,120750,22.36,1.66,64.61,0.83
E07000111,2021-04-29,Sevenoaks,5.8,7,7026,5818.63,5.82,120750,20.7,4.14,63.78,2.49
E07000111,2021-04-28,Sevenoaks,5.8,7,7019,5812.84,5.81,120750,16.56,3.32,61.29,4.14
E07000111,2021-04-27,Sevenoaks,2.48,3,7012,5807.04,5.81,120750,13.24,0.82,57.15,1.65
E07000111,2021-04-26,Sevenoaks,4.14,5,7009,5804.55,5.8,120750,12.42,4.14,55.5,1.66
E07000111,2021-04-25,Sevenoaks,0.0,0,7004,5800.41,5.8,120750,8.28,-5.8,53.84,-4.97
E07000111,2021-04-24,Sevenoaks,0.0,0,7004,5800.41,5.8,120750,14.08,0.0,58.81,0.0
E07000111,2021-04-23,Sevenoaks,2.48,3,7004,5800.41,5.8,120750,14.08,1.65,58.81,-2.49
E07000111,2021-04-22,Sevenoaks,1.66,2,7001,5797.93,5.8,120750,12.43,-0.82,61.3,-0.82
E07000111,2021-04-21,Sevenoaks,2.48,3,6999,5796.27,5.8,120750,13.25,-4.97,62.12,-3.32
E07000111,2021-04-20,Sevenoaks,1.66,2,6996,5793.79,5.79,120750,18.22,1.66,65.44,-0.82
E07000111,2021-04-19,Sevenoaks,0.0,0,6994,5792.13,5.79,120750,16.56,-1.66,66.26,-0.83
E07000111,2021-04-18,Sevenoaks,5.8,7,6994,5792.13,5.79,120750,18.22,4.97,67.09,4.14
E07000111,2021-04-17,Sevenoaks,0.0,0,6987,5786.34,5.79,120750,13.25,-1.66,62.95,-0.83
E07000111,2021-04-16,Sevenoaks,0.83,1,6987,5786.34,5.79,120750,14.91,-1.65,63.78,-2.48
E07000111,2021-04-15,Sevenoaks,2.48,3,6986,5785.51,5.79,120750,16.56,0.82,66.26,0.82
E07000111,2021-04-14,Sevenoaks,7.45,9,6983,5783.02,5.78,120750,15.74,2.48,65.44,5.79
E07000111,2021-04-13,Sevenoaks,0.0,0,6974,5775.57,5.78,120750,13.26,0.0,59.65,-1.66
E07000111,2021-04-12,Sevenoaks,1.66,2,6974,5775.57,5.78,120750,13.26,0.0,61.31,-3.31
E07000111,2021-04-11,Sevenoaks,0.83,1,6972,5773.91,5.77,120750,13.26,-0.83,64.62,-7.45
E07000111,2021-04-10,Sevenoaks,1.66,2,6971,5773.08,5.77,120750,14.09,0.83,72.07,-0.82
E07000111,2021-04-09,Sevenoaks,2.48,3,6969,5771.43,5.77,120750,13.26,-0.83,72.89,-2.49
E07000111,2021-04-08,Sevenoaks,1.66,2,6966,5768.94,5.77,120750,14.09,-1.65,75.38,-2.48
E07000111,2021-04-07,Sevenoaks,4.97,6,6964,5767.29,5.77,120750,15.74,3.31,77.86,2.49
E07000111,2021-04-06,Sevenoaks,0.0,0,6958,5762.32,5.76,120750,12.43,-0.83,75.37,-3.31
E07000111,2021-04-05,Sevenoaks,1.66,2,6958,5762.32,5.76,120750,13.26,-0.82,78.68,0.0
E07000111,2021-04-04,Sevenoaks,1.66,2,6956,5760.66,5.76,120750,14.08,-3.31,78.68,-1.65
E07000111,2021-04-03,Sevenoaks,0.83,1,6954,5759.01,5.76,120750,17.39,0.83,80.33,0.0
E07000111,2021-04-02,Sevenoaks,3.31,4,6953,5758.18,5.76,120750,16.56,-1.66,80.33,0.83
E07000111,2021-04-01,Sevenoaks,3.31,4,6949,5754.87,5.75,120750,18.22,0.83,79.5,-1.66
E07000111,2021-03-31,Sevenoaks,1.66,2,6945,5751.55,5.75,120750,17.39,-4.14,81.16,-4.97
E07000111,2021-03-30,Sevenoaks,0.83,1,6943,5749.9,5.75,120750,21.53,-1.65,86.13,-3.31
E07000111,2021-03-29,Sevenoaks,2.48,3,6942,5749.07,5.75,120750,23.18,1.65,89.44,0.0
E07000111,2021-03-28,Sevenoaks,4.97,6,6939,5746.58,5.75,120750,21.53,3.31,89.44,0.83
E07000111,2021-03-27,Sevenoaks,0.0,0,6933,5741.61,5.74,120750,18.22,-0.83,88.61,-3.31
E07000111,2021-03-26,Sevenoaks,4.97,6,6933,5741.61,5.74,120750,19.05,1.66,91.92,4.14
E07000111,2021-03-25,Sevenoaks,2.48,3,6927,5736.65,5.74,120750,17.39,0.82,87.78,0.0
E07000111,2021-03-24,Sevenoaks,5.8,7,6924,5734.16,5.73,120750,16.57,4.14,87.78,-2.48
E07000111,2021-03-23,Sevenoaks,2.48,3,6917,5728.36,5.73,120750,12.43,0.82,90.26,-3.32
E07000111,2021-03-22,Sevenoaks,0.83,1,6914,5725.88,5.73,120750,11.61,-4.14,93.58,-8.28
E07000111,2021-03-21,Sevenoaks,1.66,2,6913,5725.05,5.73,120750,15.75,-6.62,101.86,-0.82
E07000111,2021-03-20,Sevenoaks,0.83,1,6911,5723.4,5.72,120750,22.37,-1.65,102.68,-0.83
E07000111,2021-03-19,Sevenoaks,3.31,4,6910,5722.57,5.72,120750,24.02,-1.66,103.51,-4.97
E07000111,2021-03-18,Sevenoaks,1.66,2,6906,5719.25,5.72,120750,25.68,-2.48,108.48,-5.79
E07000111,2021-03-17,Sevenoaks,1.66,2,6904,5717.6,5.72,120750,28.16,-0.82,114.27,-9.11
E07000111,2021-03-16,Sevenoaks,1.66,2,6902,5715.94,5.72,120750,28.98,-1.65,123.38,-6.62
E07000111,2021-03-15,Sevenoaks,4.97,6,6900,5714.29,5.71,120750,30.63,3.31,130.0,-6.62
E07000111,2021-03-14,Sevenoaks,8.28,10,6894,5709.32,5.71,120750,27.32,4.97,136.62,4.14
E07000111,2021-03-13,Sevenoaks,2.48,3,6884,5701.04,5.7,120750,22.35,1.65,132.48,-4.15
E07000111,2021-03-12,Sevenoaks,4.97,6,6881,5698.55,5.7,120750,20.7,2.49,136.63,-5.8
E07000111,2021-03-11,Sevenoaks,4.14,5,6875,5693.58,5.69,120750,18.21,-0.83,142.43,0.0
E07000111,2021-03-10,Sevenoaks,2.48,3,6870,5689.44,5.69,120750,19.04,-4.15,142.43,-7.46
E07000111,2021-03-09,Sevenoaks,3.31,4,6867,5686.96,5.69,120750,23.19,-0.83,149.89,-10.77
E07000111,2021-03-08,Sevenoaks,1.66,2,6863,5683.64,5.68,120750,24.02,-0.82,160.66,-4.97
E07000111,2021-03-07,Sevenoaks,3.31,4,6861,5681.99,5.68,120750,24.84,-0.83,165.63,-2.49
E07000111,2021-03-06,Sevenoaks,0.83,1,6857,5678.67,5.68,120750,25.67,-2.48,168.12,-10.76
E07000111,2021-03-05,Sevenoaks,2.48,3,6856,5677.85,5.68,120750,28.15,1.65,178.88,-14.91
E07000111,2021-03-04,Sevenoaks,4.97,6,6853,5675.36,5.68,120750,26.5,2.49,193.79,-7.45
E07000111,2021-03-03,Sevenoaks,6.63,8,6847,5670.39,5.67,120750,24.01,-1.65,201.24,-11.59
E07000111,2021-03-02,Sevenoaks,4.14,5,6839,5663.77,5.66,120750,25.66,-1.66,212.83,-14.08
E07000111,2021-03-01,Sevenoaks,2.48,3,6834,5659.63,5.66,120750,27.32,-6.63,226.91,-18.22
E07000111,2021-02-28,Sevenoaks,4.14,5,6831,5657.14,5.66,120750,33.95,1.66,245.13,-9.11
E07000111,2021-02-27,Sevenoaks,3.31,4,6826,5653.0,5.65,120750,32.29,1.65,254.24,-12.42
E07000111,2021-02-26,Sevenoaks,0.83,1,6822,5649.69,5.65,120750,30.64,-7.45,266.66,-26.5
E07000111,2021-02-25,Sevenoaks,2.48,3,6821,5648.86,5.65,120750,38.09,-4.97,293.16,-26.51
E07000111,2021-02-24,Sevenoaks,8.28,10,6818,5646.38,5.65,120750,43.06,-2.49,319.67,-25.67
E07000111,2021-02-23,Sevenoaks,5.8,7,6808,5638.1,5.64,120750,45.55,-2.48,345.34,-26.5
E07000111,2021-02-22,Sevenoaks,9.11,11,6801,5632.3,5.63,120750,48.03,-2.48,371.84,-31.47
E07000111,2021-02-21,Sevenoaks,2.48,3,6790,5623.19,5.62,120750,50.51,-1.66,403.31,-19.88
E07000111,2021-02-20,Sevenoaks,1.66,2,6787,5620.7,5.62,120750,52.17,-4.97,423.19,-26.5
E07000111,2021-02-19,Sevenoaks,8.28,10,6785,5619.05,5.62,120750,57.14,-2.49,449.69,-41.41
E07000111,2021-02-18,Sevenoaks,7.45,9,6775,5610.77,5.61,120750,59.63,3.31,491.1,-41.41
E07000111,2021-02-17,Sevenoaks,10.77,13,6766,5603.31,5.6,120750,56.32,0.83,532.51,-33.95
E07000111,2021-02-16,Sevenoaks,8.28,10,6753,5592.55,5.59,120750,55.49,-5.8,566.46,-61.29
E07000111,2021-02-15,Sevenoaks,11.59,14,6743,5584.27,5.58,120750,61.29,4.96,627.75,-70.4
E07000111,2021-02-14,Sevenoaks,4.14,5,6729,5572.67,5.57,120750,56.33,-1.66,698.15,-33.96
E07000111,2021-02-13,Sevenoaks,6.63,8,6724,5568.53,5.57,120750,57.99,-4.96,732.11,-31.47
E07000111,2021-02-12,Sevenoaks,10.77,13,6716,5561.9,5.56,120750,62.95,-6.62,763.58,-38.92
E07000111,2021-02-11,Sevenoaks,4.14,5,6703,5551.14,5.55,120750,69.57,-8.28,802.5,-46.38
E07000111,2021-02-10,Sevenoaks,9.94,12,6698,5547.0,5.55,120750,77.85,-8.28,848.88,-74.53
E07000111,2021-02-09,Sevenoaks,14.08,17,6686,5537.06,5.54,120750,86.13,-4.14,923.41,-54.66
E07000111,2021-02-08,Sevenoaks,6.63,8,6669,5522.98,5.52,120750,90.27,-14.07,978.07,-83.64
E07000111,2021-02-07,Sevenoaks,5.8,7,6661,5516.36,5.52,120750,104.34,-7.45,1061.71,-42.23
E07000111,2021-02-06,Sevenoaks,11.59,14,6654,5510.56,5.51,120750,111.79,-4.14,1103.94,-41.41
E07000111,2021-02-05,Sevenoaks,17.39,21,6640,5498.96,5.5,120750,115.93,-9.94,1145.35,-42.24
E07000111,2021-02-04,Sevenoaks,12.42,15,6619,5481.57,5.48,120750,125.87,-16.57,1187.59,-62.11
E07000111,2021-02-03,Sevenoaks,18.22,22,6604,5469.15,5.47,120750,142.44,-15.73,1249.7,-59.63
E07000111,2021-02-02,Sevenoaks,18.22,22,6582,5450.93,5.45,120750,158.17,-14.08,1309.33,-81.99
E07000111,2021-02-01,Sevenoaks,20.7,25,6560,5432.71,5.43,120750,172.25,-19.88,1391.32,-119.26
E07000111,2021-01-31,Sevenoaks,13.25,16,6535,5412.01,5.41,120750,192.13,-9.11,1510.58,-71.22
E07000111,2021-01-30,Sevenoaks,15.73,19,6519,5398.76,5.4,120750,201.24,-12.43,1581.8,-118.43
E07000111,2021-01-29,Sevenoaks,27.33,33,6500,5383.02,5.38,120750,213.67,-22.36,1700.23,-35.61
E07000111,2021-01-28,Sevenoaks,28.99,35,6467,5355.69,5.36,120750,236.03,-19.87,1735.84,-84.47
E07000111,2021-01-27,Sevenoaks,33.95,41,6432,5326.71,5.33,120750,255.9,-10.77,1820.31,-120.92
E07000111,2021-01-26,Sevenoaks,32.3,39,6391,5292.75,5.29,120750,266.67,-37.27,1941.23,-163.15
E07000111,2021-01-25,Sevenoaks,40.58,49,6352,5260.46,5.26,120750,303.94,-41.41,2104.38,-66.25
E07000111,2021-01-24,Sevenoaks,22.36,27,6303,5219.88,5.22,120750,345.35,-15.74,2170.63,-103.52
E07000111,2021-01-23,Sevenoaks,28.16,34,6276,5197.52,5.2,120750,361.09,-9.94,2274.15,-50.51
E07000111,2021-01-22,Sevenoaks,49.69,60,6242,5169.36,5.17,120750,371.03,0.0,2324.66,19.05
E07000111,2021-01-21,Sevenoaks,48.86,59,6182,5119.67,5.12,120750,371.03,-1.66,2305.61,-23.19
E07000111,2021-01-20,Sevenoaks,44.72,54,6123,5070.81,5.07,120750,372.69,-39.75,2328.8,-68.74
E07000111,2021-01-19,Sevenoaks,69.57,84,6069,5026.09,5.03,120750,412.44,0.83,2397.54,-74.53
E07000111,2021-01-18,Sevenoaks,81.99,99,5985,4956.52,4.96,120750,411.61,-8.28,2472.07,-58.8
E07000111,2021-01-17,Sevenoaks,38.1,46,5886,4874.53,4.87,120750,419.89,-9.93,2530.87,-67.08
E07000111,2021-01-16,Sevenoaks,38.1,46,5840,4836.44,4.84,120750,429.82,-14.9,2597.95,-33.12
E07000111,2021-01-15,Sevenoaks,49.69,60,5794,4798.34,4.8,120750,444.72,-9.94,2631.07,-29.81
E07000111,2021-01-14,Sevenoaks,50.52,61,5734,4748.65,4.75,120750,454.66,-24.01,2660.88,-35.61
E07000111,2021-01-13,Sevenoaks,84.47,102,5673,4698.14,4.7,120750,478.67,6.62,2696.49,7.45
E07000111,2021-01-12,Sevenoaks,68.74,83,5571,4613.66,4.61,120750,472.05,-31.47,2689.04,-26.5
E07000111,2021-01-11,Sevenoaks,90.27,109,5488,4544.93,4.54,120750,503.52,-49.69,2715.54,9.94
E07000111,2021-01-10,Sevenoaks,48.03,58,5379,4454.66,4.45,120750,553.21,-36.44,2705.6,-3.32
E07000111,2021-01-09,Sevenoaks,53.0,64,5321,4406.63,4.41,120750,589.65,-81.16,2708.92,16.56
E07000111,2021-01-08,Sevenoaks,59.63,72,5257,4353.62,4.35,120750,670.81,-3.31,2692.36,0.83
E07000111,2021-01-07,Sevenoaks,74.53,90,5185,4294.0,4.29,120750,674.12,-38.93,2691.53,22.36
E07000111,2021-01-06,Sevenoaks,77.85,94,5095,4219.46,4.22,120750,713.05,-77.02,2669.17,48.04
E07000111,2021-01-05,Sevenoaks,100.21,121,5001,4141.61,4.14,120750,790.07,-95.24,2621.13,70.4
E07000111,2021-01-04,Sevenoaks,139.96,169,4880,4041.41,4.04,120750,885.31,33.13,2550.73,99.38
E07000111,2021-01-03,Sevenoaks,84.47,102,4711,3901.45,3.9,120750,852.18,-41.41,2451.35,63.77
E07000111,2021-01-02,Sevenoaks,134.16,162,4609,3816.98,3.82,120750,893.59,55.49,2387.58,111.8
E07000111,2021-01-01,Sevenoaks,62.94,76,4447,3682.82,3.68,120750,838.1,32.3,2275.78,38.1
E07000111,2020-12-31,Sevenoaks,113.46,137,4371,3619.88,3.62,120750,805.8,41.41,2237.68,99.38
E07000111,2020-12-30,Sevenoaks,154.87,187,4234,3506.42,3.51,120750,764.39,41.41,2138.3,137.48
E07000111,2020-12-29,Sevenoaks,195.45,236,4047,3351.55,3.35,120750,722.98,51.35,2000.82,174.75
E07000111,2020-12-28,Sevenoaks,106.83,129,3811,3156.11,3.16,120750,671.63,-33.96,1826.07,84.47
E07000111,2020-12-27,Sevenoaks,125.88,152,3682,3049.28,3.05,120750,705.59,20.7,1741.6,114.29
E07000111,2020-12-26,Sevenoaks,78.67,95,3530,2923.4,2.92,120750,684.89,7.45,1627.31,57.14
E07000111,2020-12-25,Sevenoaks,30.64,37,3435,2844.72,2.84,120750,677.44,-48.86,1570.17,10.76
E07000111,2020-12-24,Sevenoaks,72.05,87,3398,2814.08,2.81,120750,726.3,-14.08,1559.41,48.86
E07000111,2020-12-23,Sevenoaks,113.46,137,3311,2742.03,2.74,120750,740.38,36.44,1510.55,92.76
E07000111,2020-12-22,Sevenoaks,144.1,174,3174,2628.57,2.63,120750,703.94,48.86,1417.79,128.37
E07000111,2020-12-21,Sevenoaks,140.79,170,3000,2484.47,2.48,120750,655.08,60.46,1289.42,125.88
E07000111,2020-12-20,Sevenoaks,105.18,127,2830,2343.69,2.34,120750,594.62,53.83,1163.54,93.59
E07000111,2020-12-19,Sevenoaks,71.22,86,2703,2238.51,2.24,120750,540.79,34.78,1069.95,55.49
E07000111,2020-12-18,Sevenoaks,79.5,96,2617,2167.29,2.17,120750,506.01,20.7,1014.46,53.83
E07000111,2020-12-17,Sevenoaks,86.13,104,2521,2087.78,2.09,120750,485.31,33.96,960.63,68.74
E07000111,2020-12-16,Sevenoaks,77.02,93,2417,2001.66,2.0,120750,451.35,47.21,891.89,48.86
E07000111,2020-12-15,Sevenoaks,95.24,115,2324,1924.64,1.92,120750,404.14,65.43,843.03,75.36
E07000111,2020-12-14,Sevenoaks,80.33,97,2209,1829.4,1.83,120750,338.71,39.75,767.67,47.2
E07000111,2020-12-13,Sevenoaks,51.35,62,2112,1749.07,1.75,120750,298.96,30.65,720.47,33.13
E07000111,2020-12-12,Sevenoaks,36.44,44,2050,1697.72,1.7,120750,268.31,14.08,687.34,9.94
E07000111,2020-12-11,Sevenoaks,58.8,71,2006,1661.28,1.66,120750,254.23,33.96,677.4,15.74
E07000111,2020-12-10,Sevenoaks,52.17,63,1935,1602.48,1.6,120750,220.27,38.09,661.66,28.15
E07000111,2020-12-09,Sevenoaks,29.81,36,1872,1550.31,1.55,120750,182.18,12.42,633.51,2.48
E07000111,2020-12-08,Sevenoaks,29.81,36,1836,1520.5,1.52,120750,169.76,9.11,631.03,-1.66
E07000111,2020-12-07,Sevenoaks,40.58,49,1800,1490.68,1.49,120750,160.65,18.22,632.69,14.08
E07000111,2020-12-06,Sevenoaks,20.7,25,1751,1450.1,1.45,120750,142.43,9.11,618.61,-0.83
E07000111,2020-12-05,Sevenoaks,22.36,27,1726,1429.4,1.43,120750,133.32,0.83,619.44,6.63
E07000111,2020-12-04,Sevenoaks,24.84,30,1699,1407.04,1.41,120750,132.49,4.96,612.81,9.11
E07000111,2020-12-03,Sevenoaks,14.08,17,1669,1382.19,1.38,120750,127.53,-9.11,603.7,-4.97
E07000111,2020-12-02,Sevenoaks,17.39,21,1652,1368.12,1.37,120750,136.64,-3.31,608.67,-0.83
E07000111,2020-12-01,Sevenoaks,20.7,25,1631,1350.72,1.35,120750,139.95,4.97,609.5,-2.49
E07000111,2020-11-30,Sevenoaks,22.36,27,1606,1330.02,1.33,120750,134.98,7.45,611.99,2.48
E07000111,2020-11-29,Sevenoaks,11.59,14,1579,1307.66,1.31,120750,127.53,0.0,609.51,5.79
E07000111,2020-11-28,Sevenoaks,21.53,26,1565,1296.07,1.3,120750,127.53,5.8,603.72,11.59
E07000111,2020-11-27,Sevenoaks,19.88,24,1539,1274.53,1.27,120750,121.73,-5.79,592.13,0.83
E07000111,2020-11-26,Sevenoaks,23.19,28,1515,1254.66,1.25,120750,127.52,5.8,591.3,5.8
E07000111,2020-11-25,Sevenoaks,20.7,25,1487,1231.47,1.23,120750,121.72,-7.46,585.5,0.82
E07000111,2020-11-24,Sevenoaks,15.73,19,1462,1210.77,1.21,120750,129.18,-4.15,584.68,0.82
E07000111,2020-11-23,Sevenoaks,14.91,18,1443,1195.03,1.2,120750,133.33,-18.22,583.86,2.49
E07000111,2020-11-22,Sevenoaks,11.59,14,1425,1180.12,1.18,120750,151.55,-6.63,581.37,4.14
E07000111,2020-11-21,Sevenoaks,15.73,19,1411,1168.53,1.17,120750,158.18,-10.77,577.23,8.28
E07000111,2020-11-20,Sevenoaks,25.67,31,1392,1152.8,1.15,120750,168.95,-17.39,568.95,14.08
E07000111,2020-11-19,Sevenoaks,17.39,21,1361,1127.12,1.13,120750,186.34,-6.63,554.87,4.14
E07000111,2020-11-18,Sevenoaks,28.16,34,1340,1109.73,1.11,120750,192.97,0.83,550.73,14.91
E07000111,2020-11-17,Sevenoaks,19.88,24,1306,1081.57,1.08,120750,192.14,-11.59,535.82,12.43
E07000111,2020-11-16,Sevenoaks,33.13,40,1282,1061.7,1.06,120750,203.73,6.63,523.39,23.19
E07000111,2020-11-15,Sevenoaks,18.22,22,1242,1028.57,1.03,120750,197.1,-3.31,500.2,10.77
E07000111,2020-11-14,Sevenoaks,26.5,32,1220,1010.35,1.01,120750,200.41,10.77,489.43,20.7
E07000111,2020-11-13,Sevenoaks,43.06,52,1188,983.85,0.98,120750,189.64,27.33,468.73,36.43
E07000111,2020-11-12,Sevenoaks,24.02,29,1136,940.79,0.94,120750,162.31,4.97,432.3,13.25
E07000111,2020-11-11,Sevenoaks,27.33,33,1107,916.77,0.92,120750,157.34,9.11,419.05,23.19
E07000111,2020-11-10,Sevenoaks,31.47,38,1074,889.44,0.89,120750,148.23,8.28,395.86,22.36
E07000111,2020-11-09,Sevenoaks,26.5,32,1036,857.97,0.86,120750,139.95,6.62,373.5,18.22
E07000111,2020-11-08,Sevenoaks,21.53,26,1004,831.47,0.83,120750,133.33,15.73,355.28,19.87
E07000111,2020-11-07,Sevenoaks,15.73,19,978,809.94,0.81,120750,117.6,5.79,335.41,8.28
E07000111,2020-11-06,Sevenoaks,15.73,19,959,794.2,0.79,120750,111.81,-3.32,327.13,9.93
E07000111,2020-11-05,Sevenoaks,19.05,23,940,778.47,0.78,120750,115.13,1.66,317.2,9.11
E07000111,2020-11-04,Sevenoaks,18.22,22,917,759.42,0.76,120750,113.47,-1.66,308.09,9.94
E07000111,2020-11-03,Sevenoaks,23.19,28,895,741.2,0.74,120750,115.13,8.28,298.15,13.25
E07000111,2020-11-02,Sevenoaks,19.88,24,867,718.01,0.72,120750,106.85,7.46,284.9,10.77
E07000111,2020-11-01,Sevenoaks,5.8,7,843,698.14,0.7,120750,99.39,-1.65,274.13,1.66
E07000111,2020-10-31,Sevenoaks,9.94,12,836,692.34,0.69,120750,101.04,2.49,272.47,2.49
E07000111,2020-10-30,Sevenoaks,19.05,23,824,682.4,0.68,120750,98.55,7.46,269.98,5.8
E07000111,2020-10-29,Sevenoaks,17.39,21,801,663.35,0.66,120750,91.09,4.14,264.18,12.42
E07000111,2020-10-28,Sevenoaks,19.88,24,780,645.96,0.65,120750,86.95,6.63,251.76,15.74
E07000111,2020-10-27,Sevenoaks,14.91,18,756,626.09,0.63,120750,80.32,7.46,236.02,11.6
E07000111,2020-10-26,Sevenoaks,12.42,15,738,611.18,0.61,120750,72.86,2.48,224.42,4.97
E07000111,2020-10-25,Sevenoaks,7.45,9,723,598.76,0.6,120750,70.38,0.0,219.45,7.45
E07000111,2020-10-24,Sevenoaks,7.45,9,714,591.3,0.59,120750,70.38,1.65,212.0,5.79
E07000111,2020-10-23,Sevenoaks,11.59,14,705,583.85,0.58,120750,68.73,4.96,206.21,9.93
E07000111,2020-10-22,Sevenoaks,13.25,16,691,572.26,0.57,120750,63.77,2.48,196.28,10.77
E07000111,2020-10-21,Sevenoaks,13.25,16,675,559.01,0.56,120750,61.29,9.11,185.51,10.77
E07000111,2020-10-20,Sevenoaks,7.45,9,659,545.76,0.55,120750,52.18,-1.66,174.74,4.14
E07000111,2020-10-19,Sevenoaks,9.94,12,650,538.3,0.54,120750,53.84,1.66,170.6,8.28
E07000111,2020-10-18,Sevenoaks,7.45,9,638,528.36,0.53,120750,52.18,5.79,162.32,4.97
E07000111,2020-10-17,Sevenoaks,5.8,7,629,520.91,0.52,120750,46.39,-1.65,157.35,4.97
E07000111,2020-10-16,Sevenoaks,6.63,8,622,515.11,0.52,120750,48.04,0.83,152.38,5.8
E07000111,2020-10-15,Sevenoaks,10.77,13,614,508.49,0.51,120750,47.21,0.83,146.58,10.77
E07000111,2020-10-14,Sevenoaks,4.14,5,601,497.72,0.5,120750,46.38,-4.14,135.81,3.31
E07000111,2020-10-13,Sevenoaks,9.11,11,596,493.58,0.49,120750,50.52,-0.83,132.5,9.11
E07000111,2020-10-12,Sevenoaks,8.28,10,585,484.47,0.48,120750,51.35,-0.83,123.39,5.8
E07000111,2020-10-11,Sevenoaks,1.66,2,575,476.19,0.48,120750,52.18,-2.48,117.59,0.83
E07000111,2020-10-10,Sevenoaks,7.45,9,573,474.53,0.47,120750,54.66,0.0,116.76,7.45
E07000111,2020-10-09,Sevenoaks,5.8,7,564,467.08,0.47,120750,54.66,-7.45,109.31,5.8
E07000111,2020-10-08,Sevenoaks,9.94,12,557,461.28,0.46,120750,62.11,4.97,103.51,9.11
E07000111,2020-10-07,Sevenoaks,8.28,10,545,451.35,0.45,120750,57.14,4.14,94.4,7.45
E07000111,2020-10-06,Sevenoaks,9.94,12,535,443.06,0.44,120750,53.0,6.63,86.95,6.63
E07000111,2020-10-05,Sevenoaks,9.11,11,523,433.13,0.43,120750,46.37,1.66,80.32,8.28
E07000111,2020-10-04,Sevenoaks,4.14,5,512,424.02,0.42,120750,44.71,4.14,72.04,2.48
E07000111,2020-10-03,Sevenoaks,7.45,9,507,419.88,0.42,120750,40.57,5.79,69.56,5.79
E07000111,2020-10-02,Sevenoaks,13.25,16,498,412.42,0.41,120750,34.78,11.59,63.77,13.25
E07000111,2020-10-01,Sevenoaks,4.97,6,482,399.17,0.4,120750,23.19,2.49,50.52,0.83
E07000111,2020-09-30,Sevenoaks,4.14,5,476,394.2,0.39,120750,20.7,1.66,49.69,-0.83
E07000111,2020-09-29,Sevenoaks,3.31,4,471,390.06,0.39,120750,19.04,0.0,50.52,1.65
E07000111,2020-09-28,Sevenoaks,7.45,9,467,386.75,0.39,120750,19.04,5.79,48.87,5.79
E07000111,2020-09-27,Sevenoaks,0.0,0,458,379.3,0.38,120750,13.25,-2.48,43.08,-3.31
E07000111,2020-09-26,Sevenoaks,1.66,2,458,379.3,0.38,120750,15.73,0.83,46.39,0.83
E07000111,2020-09-25,Sevenoaks,1.66,2,456,377.64,0.38,120750,14.9,0.83,45.56,0.83
E07000111,2020-09-24,Sevenoaks,2.48,3,454,375.98,0.38,120750,14.07,2.48,44.73,0.82
E07000111,2020-09-23,Sevenoaks,2.48,3,451,373.5,0.37,120750,11.59,1.65,43.91,0.82
E07000111,2020-09-22,Sevenoaks,3.31,4,448,371.01,0.37,120750,9.94,3.31,43.09,2.48
E07000111,2020-09-21,Sevenoaks,1.66,2,444,367.7,0.37,120750,6.63,-0.82,40.61,0.83
E07000111,2020-09-20,Sevenoaks,2.48,3,442,366.05,0.37,120750,7.45,1.65,39.78,0.82
E07000111,2020-09-19,Sevenoaks,0.83,1,439,363.56,0.36,120750,5.8,0.83,38.96,0.0
E07000111,2020-09-18,Sevenoaks,0.83,1,438,362.73,0.36,120750,4.97,0.83,38.96,-2.48
E07000111,2020-09-17,Sevenoaks,0.0,0,437,361.9,0.36,120750,4.14,-0.83,41.44,-0.83
E07000111,2020-09-16,Sevenoaks,0.83,1,437,361.9,0.36,120750,4.97,0.0,42.27,-1.65
E07000111,2020-09-15,Sevenoaks,0.0,0,436,361.08,0.36,120750,4.97,-3.31,43.92,0.0
E07000111,2020-09-14,Sevenoaks,2.48,3,436,361.08,0.36,120750,8.28,1.65,43.92,2.48
E07000111,2020-09-13,Sevenoaks,0.83,1,433,358.59,0.36,120750,6.63,-0.83,41.44,0.83
E07000111,2020-09-12,Sevenoaks,0.0,0,432,357.76,0.36,120750,7.46,-1.66,40.61,0.0
E07000111,2020-09-11,Sevenoaks,0.0,0,432,357.76,0.36,120750,9.12,0.0,40.61,-0.83
E07000111,2020-09-10,Sevenoaks,0.83,1,432,357.76,0.36,120750,9.12,-3.31,41.44,-1.65
E07000111,2020-09-09,Sevenoaks,0.83,1,431,356.94,0.36,120750,12.43,-4.14,43.09,-0.83
E07000111,2020-09-08,Sevenoaks,3.31,4,430,356.11,0.36,120750,16.57,1.65,43.92,3.31
E07000111,2020-09-07,Sevenoaks,0.83,1,426,352.8,0.35,120750,14.92,-0.83,40.61,-0.83
E07000111,2020-09-06,Sevenoaks,1.66,2,425,351.97,0.35,120750,15.75,-1.65,41.44,1.66
E07000111,2020-09-05,Sevenoaks,1.66,2,423,350.31,0.35,120750,17.4,0.83,39.78,1.66
E07000111,2020-09-04,Sevenoaks,0.0,0,421,348.65,0.35,120750,16.57,-0.83,38.12,0.0
E07000111,2020-09-03,Sevenoaks,4.14,5,421,348.65,0.35,120750,17.4,2.48,38.12,3.31
E07000111,2020-09-02,Sevenoaks,4.97,6,416,344.51,0.34,120750,14.92,3.31,34.81,4.97
E07000111,2020-09-01,Sevenoaks,1.66,2,410,339.54,0.34,120750,11.61,0.83,29.84,0.83
E07000111,2020-08-31,Sevenoaks,1.66,2,408,337.89,0.34,120750,10.78,0.83,29.01,1.66
E07000111,2020-08-30,Sevenoaks,3.31,4,406,336.23,0.34,120750,9.95,1.65,27.35,2.48
E07000111,2020-08-29,Sevenoaks,0.83,1,402,332.92,0.33,120750,8.3,0.0,24.87,0.83
E07000111,2020-08-28,Sevenoaks,0.83,1,401,332.09,0.33,120750,8.3,-2.48,24.04,0.83
E07000111,2020-08-27,Sevenoaks,1.66,2,400,331.26,0.33,120750,10.78,0.83,23.21,1.66
E07000111,2020-08-26,Sevenoaks,1.66,2,398,329.61,0.33,120750,9.95,-0.82,21.55,1.66
E07000111,2020-08-25,Sevenoaks,0.83,1,396,327.95,0.33,120750,10.77,0.83,19.89,0.0
E07000111,2020-08-24,Sevenoaks,0.83,1,395,327.12,0.33,120750,9.94,0.83,19.89,-0.83
E07000111,2020-08-23,Sevenoaks,1.66,2,394,326.29,0.33,120750,9.11,1.66,20.72,1.66
E07000111,2020-08-22,Sevenoaks,0.83,1,392,324.64,0.32,120750,7.45,0.83,19.06,0.0
E07000111,2020-08-21,Sevenoaks,3.31,4,391,323.81,0.32,120750,6.62,2.48,19.06,3.31
E07000111,2020-08-20,Sevenoaks,0.83,1,387,320.5,0.32,120750,4.14,-1.65,15.75,0.0
E07000111,2020-08-19,Sevenoaks,2.48,3,386,319.67,0.32,120750,5.79,0.82,15.75,2.48
E07000111,2020-08-18,Sevenoaks,0.0,0,383,317.18,0.32,120750,4.97,0.0,13.27,-0.83
E07000111,2020-08-17,Sevenoaks,0.0,0,383,317.18,0.32,120750,4.97,-1.66,14.1,0.0
E07000111,2020-08-16,Sevenoaks,0.0,0,383,317.18,0.32,120750,6.63,0.0,14.1,-0.83
E07000111,2020-08-15,Sevenoaks,0.0,0,383,317.18,0.32,120750,6.63,0.0,14.93,-0.83
E07000111,2020-08-14,Sevenoaks,0.83,1,383,317.18,0.32,120750,6.63,0.83,15.76,0.83
E07000111,2020-08-13,Sevenoaks,2.48,3,382,316.36,0.32,120750,5.8,1.65,14.93,2.48
E07000111,2020-08-12,Sevenoaks,1.66,2,379,313.87,0.31,120750,4.15,1.66,12.45,0.83
E07000111,2020-08-11,Sevenoaks,0.0,0,377,312.22,0.31,120750,2.49,-0.83,11.62,-0.83
E07000111,2020-08-10,Sevenoaks,1.66,2,377,312.22,0.31,120750,3.32,1.66,12.45,0.83
E07000111,2020-08-09,Sevenoaks,0.0,0,375,310.56,0.31,120750,1.66,-0.83,11.62,-1.66
E07000111,2020-08-08,Sevenoaks,0.0,0,375,310.56,0.31,120750,2.49,0.0,13.28,-1.66
E07000111,2020-08-07,Sevenoaks,0.0,0,375,310.56,0.31,120750,2.49,0.0,14.94,-0.83
E07000111,2020-08-06,Sevenoaks,0.83,1,375,310.56,0.31,120750,2.49,0.83,15.77,0.0
E07000111,2020-08-05,Sevenoaks,0.0,0,374,309.73,0.31,120750,1.66,0.0,15.77,-0.83
E07000111,2020-08-04,Sevenoaks,0.83,1,374,309.73,0.31,120750,1.66,0.0,16.6,-1.65
E07000111,2020-08-03,Sevenoaks,0.0,0,373,308.9,0.31,120750,1.66,-1.66,18.25,0.0
E07000111,2020-08-02,Sevenoaks,0.83,1,373,308.9,0.31,120750,3.32,0.83,18.25,0.83
E07000111,2020-08-01,Sevenoaks,0.0,0,372,308.07,0.31,120750,2.49,-0.83,17.42,-0.83
E07000111,2020-07-31,Sevenoaks,0.0,0,372,308.07,0.31,120750,3.32,0.0,18.25,0.0
E07000111,2020-07-30,Sevenoaks,0.0,0,372,308.07,0.31,120750,3.32,-0.83,18.25,-1.66
E07000111,2020-07-29,Sevenoaks,0.0,0,372,308.07,0.31,120750,4.15,0.0,19.91,0.0
E07000111,2020-07-28,Sevenoaks,0.83,1,372,308.07,0.31,120750,4.15,0.0,19.91,0.83
E07000111,2020-07-27,Sevenoaks,1.66,2,371,307.25,0.31,120750,4.15,1.66,19.08,-0.82
E07000111,2020-07-26,Sevenoaks,0.0,0,369,305.59,0.31,120750,2.49,-0.83,19.9,-1.66
E07000111,2020-07-25,Sevenoaks,0.83,1,369,305.59,0.31,120750,3.32,0.0,21.56,-1.65
E07000111,2020-07-24,Sevenoaks,0.0,0,368,304.76,0.3,120750,3.32,0.0,23.21,0.0
E07000111,2020-07-23,Sevenoaks,0.83,1,368,304.76,0.3,120750,3.32,0.83,23.21,-0.83
E07000111,2020-07-22,Sevenoaks,0.0,0,367,303.93,0.3,120750,2.49,-0.83,24.04,-0.83
E07000111,2020-07-21,Sevenoaks,0.83,1,367,303.93,0.3,120750,3.32,0.0,24.87,0.0
E07000111,2020-07-20,Sevenoaks,0.0,0,366,303.11,0.3,120750,3.32,-0.83,24.87,-0.83
E07000111,2020-07-19,Sevenoaks,0.83,1,366,303.11,0.3,120750,4.15,-0.83,25.7,0.83
E07000111,2020-07-18,Sevenoaks,0.83,1,365,302.28,0.3,120750,4.98,-0.83,24.87,0.0
E07000111,2020-07-17,Sevenoaks,0.0,0,364,301.45,0.3,120750,5.81,-0.83,24.87,-0.83
E07000111,2020-07-16,Sevenoaks,0.0,0,364,301.45,0.3,120750,6.64,-0.83,25.7,-1.66
E07000111,2020-07-15,Sevenoaks,0.83,1,364,301.45,0.3,120750,7.47,0.0,27.36,0.0
E07000111,2020-07-14,Sevenoaks,0.83,1,363,300.62,0.3,120750,7.47,-1.65,27.36,0.0
E07000111,2020-07-13,Sevenoaks,0.83,1,362,299.79,0.3,120750,9.12,0.83,27.36,0.83
E07000111,2020-07-12,Sevenoaks,1.66,2,361,298.96,0.3,120750,8.29,1.66,26.53,0.83
E07000111,2020-07-11,Sevenoaks,1.66,2,359,297.31,0.3,120750,6.63,0.83,25.7,1.66
E07000111,2020-07-10,Sevenoaks,0.83,1,357,295.65,0.3,120750,5.8,0.83,24.04,-0.83
E07000111,2020-07-09,Sevenoaks,0.83,1,356,294.82,0.29,120750,4.97,-0.83,24.87,0.83
E07000111,2020-07-08,Sevenoaks,0.83,1,355,294.0,0.29,120750,5.8,0.83,24.04,-0.83
E07000111,2020-07-07,Sevenoaks,2.48,3,354,293.17,0.29,120750,4.97,2.48,24.87,2.48
E07000111,2020-07-06,Sevenoaks,0.0,0,351,290.68,0.29,120750,2.49,-2.48,22.39,-1.66
E07000111,2020-07-05,Sevenoaks,0.0,0,351,290.68,0.29,120750,4.97,-1.66,24.05,0.0
E07000111,2020-07-04,Sevenoaks,0.83,1,351,290.68,0.29,120750,6.63,-1.65,24.05,0.0
E07000111,2020-07-03,Sevenoaks,0.0,0,350,289.86,0.29,120750,8.28,0.0,24.05,-3.31
E07000111,2020-07-02,Sevenoaks,1.66,2,350,289.86,0.29,120750,8.28,0.0,27.36,1.66
E07000111,2020-07-01,Sevenoaks,0.0,0,348,288.2,0.29,120750,8.28,-0.83,25.7,-1.66
E07000111,2020-06-30,Sevenoaks,0.0,0,348,288.2,0.29,120750,9.11,-0.83,27.36,-2.48
E07000111,2020-06-29,Sevenoaks,2.48,3,348,288.2,0.29,120750,9.94,1.65,29.84,-0.83
E07000111,2020-06-28,Sevenoaks,1.66,2,345,285.71,0.29,120750,8.29,1.66,30.67,-0.82
E07000111,2020-06-27,Sevenoaks,2.48,3,343,284.06,0.28,120750,6.63,1.65,31.49,0.82
E07000111,2020-06-26,Sevenoaks,0.0,0,340,281.57,0.28,120750,4.98,-0.83,30.67,-2.48
E07000111,2020-06-25,Sevenoaks,1.66,2,340,281.57,0.28,120750,5.81,0.0,33.15,0.83
E07000111,2020-06-24,Sevenoaks,0.83,1,338,279.92,0.28,120750,5.81,0.0,32.32,0.0
E07000111,2020-06-23,Sevenoaks,0.83,1,337,279.09,0.28,120750,5.81,0.0,32.32,-1.65
E07000111,2020-06-22,Sevenoaks,0.83,1,336,278.26,0.28,120750,5.81,0.83,33.97,0.83
E07000111,2020-06-21,Sevenoaks,0.0,0,335,277.43,0.28,120750,4.98,-0.83,33.14,-0.83
E07000111,2020-06-20,Sevenoaks,0.83,1,335,277.43,0.28,120750,5.81,0.83,33.97,0.83
E07000111,2020-06-19,Sevenoaks,0.83,1,334,276.6,0.28,120750,4.98,-0.83,33.14,0.0
E07000111,2020-06-18,Sevenoaks,1.66,2,333,275.78,0.28,120750,5.81,1.66,33.14,-0.82
E07000111,2020-06-17,Sevenoaks,0.83,1,331,274.12,0.27,120750,4.15,-0.83,33.96,0.0
E07000111,2020-06-16,Sevenoaks,0.83,1,330,273.29,0.27,120750,4.98,0.83,33.96,-1.65
E07000111,2020-06-15,Sevenoaks,0.0,0,329,272.46,0.27,120750,4.15,-1.66,35.61,-4.14
E07000111,2020-06-14,Sevenoaks,0.83,1,329,272.46,0.27,120750,5.81,0.83,39.75,0.83
E07000111,2020-06-13,Sevenoaks,0.0,0,328,271.64,0.27,120750,4.98,-0.83,38.92,-0.83
E07000111,2020-06-12,Sevenoaks,1.66,2,328,271.64,0.27,120750,5.81,-1.65,39.75,-3.31
E07000111,2020-06-11,Sevenoaks,0.0,0,326,269.98,0.27,120750,7.46,0.0,43.06,-4.14
E07000111,2020-06-10,Sevenoaks,1.66,2,326,269.98,0.27,120750,7.46,0.0,47.2,-2.48
E07000111,2020-06-09,Sevenoaks,0.0,0,324,268.32,0.27,120750,7.46,-2.48,49.68,-1.66
E07000111,2020-06-08,Sevenoaks,1.66,2,324,268.32,0.27,120750,9.94,-1.65,51.34,-8.28
E07000111,2020-06-07,Sevenoaks,0.0,0,322,266.67,0.27,120750,11.59,-2.48,59.62,-5.8
E07000111,2020-06-06,Sevenoaks,0.83,1,322,266.67,0.27,120750,14.07,-0.83,65.42,0.0
E07000111,2020-06-05,Sevenoaks,3.31,4,321,265.84,0.27,120750,14.9,0.83,65.42,1.65
E07000111,2020-06-04,Sevenoaks,0.0,0,317,262.53,0.26,120750,14.07,-0.83,63.77,-1.66
E07000111,2020-06-03,Sevenoaks,1.66,2,317,262.53,0.26,120750,14.9,0.83,65.43,-3.31
E07000111,2020-06-02,Sevenoaks,2.48,3,315,260.87,0.26,120750,14.07,0.0,68.74,0.82
E07000111,2020-06-01,Sevenoaks,3.31,4,312,258.39,0.26,120750,14.07,3.31,67.92,3.31
E07000111,2020-05-31,Sevenoaks,2.48,3,308,255.07,0.26,120750,10.76,1.65,64.61,-0.83
E07000111,2020-05-30,Sevenoaks,1.66,2,305,252.59,0.25,120750,9.11,1.66,65.44,-0.82
E07000111,2020-05-29,Sevenoaks,2.48,3,303,250.93,0.25,120750,7.45,1.65,66.26,0.0
E07000111,2020-05-28,Sevenoaks,0.83,1,300,248.45,0.25,120750,5.8,-1.65,66.26,-7.45
E07000111,2020-05-27,Sevenoaks,0.83,1,299,247.62,0.25,120750,7.45,0.0,73.71,-3.31
E07000111,2020-05-26,Sevenoaks,2.48,3,298,246.79,0.25,120750,7.45,0.0,77.02,-4.97
E07000111,2020-05-25,Sevenoaks,0.0,0,295,244.31,0.24,120750,7.45,-4.14,81.99,-4.97
E07000111,2020-05-24,Sevenoaks,0.83,1,295,244.31,0.24,120750,11.59,0.83,86.96,-2.48
E07000111,2020-05-23,Sevenoaks,0.0,0,294,243.48,0.24,120750,10.76,-0.83,89.44,-1.66
E07000111,2020-05-22,Sevenoaks,0.83,1,294,243.48,0.24,120750,11.59,-4.14,91.1,-3.31
E07000111,2020-05-21,Sevenoaks,2.48,3,293,242.65,0.24,120750,15.73,-1.66,94.41,0.82
E07000111,2020-05-20,Sevenoaks,0.83,1,290,240.17,0.24,120750,17.39,-3.31,93.59,-3.31
E07000111,2020-05-19,Sevenoaks,2.48,3,289,239.34,0.24,120750,20.7,0.82,96.9,0.82
E07000111,2020-05-18,Sevenoaks,4.14,5,286,236.85,0.24,120750,19.88,-5.8,96.08,2.48
E07000111,2020-05-17,Sevenoaks,0.0,0,281,232.71,0.23,120750,25.68,-5.8,93.6,-3.31
E07000111,2020-05-16,Sevenoaks,0.83,1,281,232.71,0.23,120750,31.48,0.0,96.91,-4.14
E07000111,2020-05-15,Sevenoaks,4.97,6,280,231.88,0.23,120750,31.48,3.31,101.05,2.49
E07000111,2020-05-14,Sevenoaks,4.14,5,274,226.92,0.23,120750,28.17,2.48,98.56,1.66
E07000111,2020-05-13,Sevenoaks,4.14,5,269,222.77,0.22,120750,25.69,-0.83,96.9,-3.31
E07000111,2020-05-12,Sevenoaks,1.66,2,264,218.63,0.22,120750,26.52,0.0,100.21,0.0
E07000111,2020-05-11,Sevenoaks,9.94,12,262,216.98,0.22,120750,26.52,9.94,100.21,4.97
E07000111,2020-05-10,Sevenoaks,5.8,7,250,207.04,0.21,120750,16.58,2.49,95.24,0.83
E07000111,2020-05-09,Sevenoaks,0.83,1,243,201.24,0.2,120750,14.09,-1.65,94.41,0.0
E07000111,2020-05-08,Sevenoaks,1.66,2,242,200.41,0.2,120750,15.74,-0.82,94.41,-3.31
E07000111,2020-05-07,Sevenoaks,1.66,2,240,198.76,0.2,120750,16.56,-6.62,97.72,-8.28
E07000111,2020-05-06,Sevenoaks,4.97,6,238,197.1,0.2,120750,23.18,0.83,106.0,-1.66
E07000111,2020-05-05,Sevenoaks,1.66,2,232,192.13,0.19,120750,22.35,-5.79,107.66,-1.65
E07000111,2020-05-04,Sevenoaks,0.0,0,230,190.48,0.19,120750,28.14,-4.97,109.31,-6.63
E07000111,2020-05-03,Sevenoaks,3.31,4,230,190.48,0.19,120750,33.11,0.0,115.94,-2.49
E07000111,2020-05-02,Sevenoaks,2.48,3,226,187.16,0.19,120750,33.11,0.82,118.43,-2.49
E07000111,2020-05-01,Sevenoaks,2.48,3,223,184.68,0.18,120750,32.29,-1.66,120.92,-4.97
E07000111,2020-04-30,Sevenoaks,8.28,10,220,182.19,0.18,120750,33.95,6.62,125.89,0.83
E07000111,2020-04-29,Sevenoaks,4.14,5,210,173.91,0.17,120750,27.33,0.0,125.06,0.83
E07000111,2020-04-28,Sevenoaks,7.45,9,205,169.77,0.17,120750,27.33,5.79,124.23,1.65
E07000111,2020-04-27,Sevenoaks,4.97,6,196,162.32,0.16,120750,21.54,3.31,122.58,-1.66
E07000111,2020-04-26,Sevenoaks,3.31,4,190,157.35,0.16,120750,18.23,0.0,124.24,1.65
E07000111,2020-04-25,Sevenoaks,1.66,2,186,154.04,0.15,120750,18.23,-3.31,122.59,-1.65
E07000111,2020-04-24,Sevenoaks,4.14,5,184,152.38,0.15,120750,21.54,1.66,124.24,-1.66
E07000111,2020-04-23,Sevenoaks,1.66,2,179,148.24,0.15,120750,19.88,-0.82,125.9,-1.65
E07000111,2020-04-22,Sevenoaks,4.14,5,177,146.58,0.15,120750,20.7,-3.31,127.55,0.83
E07000111,2020-04-21,Sevenoaks,1.66,2,172,142.44,0.14,120750,24.01,0.0,126.72,-4.97
E07000111,2020-04-20,Sevenoaks,1.66,2,170,140.79,0.14,120750,24.01,-3.31,131.69,0.83
E07000111,2020-04-19,Sevenoaks,3.31,4,168,139.13,0.14,120750,27.32,-1.66,130.86,0.0
E07000111,2020-04-18,Sevenoaks,4.97,6,164,135.82,0.14,120750,28.98,4.14,130.86,4.14
E07000111,2020-04-17,Sevenoaks,2.48,3,158,130.85,0.13,120750,24.84,-2.49,126.72,2.48
E07000111,2020-04-16,Sevenoaks,2.48,3,155,128.36,0.13,120750,27.33,-7.46,124.24,1.65
E07000111,2020-04-15,Sevenoaks,7.45,9,152,125.88,0.13,120750,34.79,0.82,122.59,7.45
E07000111,2020-04-14,Sevenoaks,1.66,2,143,118.43,0.12,120750,33.97,-1.65,115.14,1.66
E07000111,2020-04-13,Sevenoaks,4.97,6,141,116.77,0.12,120750,35.62,-1.66,113.48,4.14
E07000111,2020-04-12,Sevenoaks,4.97,6,135,111.8,0.11,120750,37.28,-0.83,109.34,4.97
E07000111,2020-04-11,Sevenoaks,0.83,1,129,106.83,0.11,120750,38.11,-4.14,104.37,0.83
E07000111,2020-04-10,Sevenoaks,4.97,6,128,106.0,0.11,120750,42.25,-2.48,103.54,4.97
E07000111,2020-04-09,Sevenoaks,9.94,12,122,101.04,0.1,120750,44.73,2.49,98.57,9.11
E07000111,2020-04-08,Sevenoaks,6.63,8,110,91.1,0.09,120750,42.24,3.32,89.46,5.8
E07000111,2020-04-07,Sevenoaks,3.31,4,102,84.47,0.08,120750,38.92,-2.49,83.66,2.48
E07000111,2020-04-06,Sevenoaks,6.63,8,98,81.16,0.08,120750,41.41,0.0,81.18,6.63
E07000111,2020-04-05,Sevenoaks,5.8,7,90,74.53,0.07,120750,41.41,4.14,74.55,5.8
E07000111,2020-04-04,Sevenoaks,4.97,6,83,68.74,0.07,120750,37.27,1.66,68.75,4.97
E07000111,2020-04-03,Sevenoaks,7.45,9,77,63.77,0.06,120750,35.61,1.65,63.78,7.45
E07000111,2020-04-02,Sevenoaks,7.45,9,68,56.31,0.06,120750,33.96,4.14,56.33,7.45
E07000111,2020-04-01,Sevenoaks,3.31,4,59,48.86,0.05,120750,29.82,0.0,48.88,3.31
E07000111,2020-03-31,Sevenoaks,5.8,7,55,45.55,0.05,120750,29.82,-0.83,45.57,5.8
E07000111,2020-03-30,Sevenoaks,6.63,8,48,39.75,0.04,120750,30.65,5.8,39.77,6.63
E07000111,2020-03-29,Sevenoaks,1.66,2,40,33.13,0.03,120750,24.85,-1.65,33.14,1.66
E07000111,2020-03-28,Sevenoaks,3.31,4,38,31.47,0.03,120750,26.5,2.48,31.48,3.31
E07000111,2020-03-27,Sevenoaks,5.8,7,34,28.16,0.03,120750,24.02,5.8,28.17,5.8
E07000111,2020-03-26,Sevenoaks,3.31,4,27,22.36,0.02,120750,18.22,2.48,22.37,3.31
E07000111,2020-03-25,Sevenoaks,3.31,4,23,19.05,0.02,120750,15.74,3.31,19.06,3.31
E07000111,2020-03-24,Sevenoaks,6.63,8,19,15.73,0.02,120750,12.43,6.63,15.75,6.63
E07000111,2020-03-23,Sevenoaks,0.83,1,11,9.11,0.01,120750,5.8,0.0,9.12,0.83
E07000111,2020-03-22,Sevenoaks,3.31,4,10,8.28,0.01,120750,5.8,3.31,8.29,3.31
E07000111,2020-03-21,Sevenoaks,0.83,1,6,4.97,0.0,120750,2.49,0.83,4.98,0.83
E07000111,2020-03-20,Sevenoaks,0.0,0,5,4.14,0.0,120750,1.66,0.0,4.15,0.0
E07000111,2020-03-19,Sevenoaks,0.83,1,5,4.14,0.0,120750,1.66,0.0,4.15,0.83
E07000111,2020-03-18,Sevenoaks,0.0,0,4,3.31,0.0,120750,1.66,-0.83,3.32,0.0
E07000111,2020-03-17,Sevenoaks,0.0,0,4,3.31,0.0,120750,2.49,-0.83,3.32,0.0
E07000111,2020-03-16,Sevenoaks,0.83,1,4,3.31,0.0,120750,3.32,0.83,3.32,0.83
E07000111,2020-03-15,Sevenoaks,0.0,0,3,2.48,0.0,120750,2.49,0.0,2.49,0.0
E07000111,2020-03-14,Sevenoaks,0.0,0,3,2.48,0.0,120750,2.49,0.0,2.49,0.0
E07000111,2020-03-13,Sevenoaks,0.0,0,3,2.48,0.0,120750,2.49,0.0,2.49,0.0
E07000111,2020-03-12,Sevenoaks,0.83,1,3,2.48,0.0,120750,2.49,0.83,2.49,0.83
E07000111,2020-03-11,Sevenoaks,0.83,1,2,1.66,0.0,120750,1.66,0.83,1.66,0.83
