LAD20CD,date,local_authority,1day_cases_100k,new_cases,total_cases,total_cases_100k,%infected,population,7day_cases_100k,7day_cases_change,28day_cases_100k,28day_cases_change
E08000019,2020-09-07,Sheffield,0.0,0,4888,835.77,0.84,584853,25.12,-3.76,74.88,-4.79
E08000019,2020-09-06,Sheffield,0.85,5,4888,835.77,0.84,584853,28.88,-2.4,79.67,-2.23
E08000019,2020-09-05,Sheffield,5.3,31,4883,834.91,0.83,584853,31.28,-1.03,81.9,2.56
E08000019,2020-09-04,Sheffield,6.84,40,4852,829.61,0.83,584853,32.31,3.93,79.34,3.76
E08000019,2020-09-03,Sheffield,4.27,25,4812,822.77,0.82,584853,28.38,0.51,75.58,0.85
E08000019,2020-09-02,Sheffield,4.27,25,4787,818.5,0.82,584853,27.87,2.56,74.73,2.73
E08000019,2020-09-01,Sheffield,3.59,21,4762,814.22,0.81,584853,25.31,1.88,72.0,1.88
E08000019,2020-08-31,Sheffield,3.76,22,4741,810.63,0.81,584853,23.43,2.56,70.12,2.39
E08000019,2020-08-30,Sheffield,3.25,19,4719,806.87,0.81,584853,20.87,2.22,67.73,2.74
E08000019,2020-08-29,Sheffield,6.33,37,4700,803.62,0.8,584853,18.65,4.11,64.99,5.82
E08000019,2020-08-28,Sheffield,2.91,17,4663,797.29,0.8,584853,14.54,1.71,59.17,1.71
E08000019,2020-08-27,Sheffield,3.76,22,4646,794.39,0.79,584853,12.83,1.54,57.46,0.17
E08000019,2020-08-26,Sheffield,1.71,10,4624,790.63,0.79,584853,11.29,0.17,57.29,-0.17
E08000019,2020-08-25,Sheffield,1.71,10,4614,788.92,0.79,584853,11.12,1.03,57.46,-1.37
E08000019,2020-08-24,Sheffield,1.2,7,4604,787.21,0.79,584853,10.09,-2.05,58.83,-2.05
E08000019,2020-08-23,Sheffield,1.03,6,4597,786.01,0.79,584853,12.14,0.69,60.88,-0.17
E08000019,2020-08-22,Sheffield,2.22,13,4591,784.98,0.78,584853,11.45,-0.17,61.05,0.34
E08000019,2020-08-21,Sheffield,1.2,7,4578,782.76,0.78,584853,11.62,-0.85,60.71,-2.05
E08000019,2020-08-20,Sheffield,2.22,13,4571,781.56,0.78,584853,12.47,-0.52,62.76,-1.03
E08000019,2020-08-19,Sheffield,1.54,9,4558,779.34,0.78,584853,12.99,0.17,63.79,-1.88
E08000019,2020-08-18,Sheffield,0.68,4,4549,777.8,0.78,584853,12.82,-3.42,65.67,-1.03
E08000019,2020-08-17,Sheffield,3.25,19,4545,777.12,0.78,584853,16.24,-1.54,66.7,0.86
E08000019,2020-08-16,Sheffield,0.34,2,4526,773.87,0.77,584853,17.78,-2.74,65.84,-3.08
E08000019,2020-08-15,Sheffield,2.39,14,4524,773.53,0.77,584853,20.52,-0.35,68.92,0.51
E08000019,2020-08-14,Sheffield,2.05,12,4510,771.13,0.77,584853,20.87,-1.03,68.41,-0.34
E08000019,2020-08-13,Sheffield,2.74,16,4498,769.08,0.77,584853,21.9,-0.68,68.75,1.2
E08000019,2020-08-12,Sheffield,1.37,8,4482,766.35,0.77,584853,22.58,-0.17,67.55,-0.68
E08000019,2020-08-11,Sheffield,4.1,24,4474,764.98,0.76,584853,22.75,2.39,68.23,1.54
E08000019,2020-08-10,Sheffield,4.79,28,4450,760.87,0.76,584853,20.36,3.42,66.69,3.59
E08000019,2020-08-09,Sheffield,3.08,18,4422,756.09,0.76,584853,16.94,2.57,63.1,1.37
E08000019,2020-08-08,Sheffield,2.74,16,4404,753.01,0.75,584853,14.37,2.23,61.73,2.06
E08000019,2020-08-07,Sheffield,3.08,18,4388,750.27,0.75,584853,12.14,1.88,59.67,1.54
E08000019,2020-08-06,Sheffield,3.42,20,4370,747.2,0.75,584853,10.26,-0.17,58.13,0.0
E08000019,2020-08-05,Sheffield,1.54,9,4350,743.78,0.74,584853,10.43,-0.34,58.13,-1.54
E08000019,2020-08-04,Sheffield,1.71,10,4341,742.24,0.74,584853,10.77,-1.37,59.67,-0.51
E08000019,2020-08-03,Sheffield,1.37,8,4331,740.53,0.74,584853,12.14,-1.88,60.18,0.0
E08000019,2020-08-02,Sheffield,0.51,3,4323,739.16,0.74,584853,14.02,-0.69,60.18,-1.03
E08000019,2020-08-01,Sheffield,0.51,3,4320,738.65,0.74,584853,14.71,-1.37,61.21,-0.52
E08000019,2020-07-31,Sheffield,1.2,7,4317,738.13,0.74,584853,16.08,-2.05,61.73,0.0
E08000019,2020-07-30,Sheffield,3.59,21,4310,736.94,0.74,584853,18.13,0.34,61.73,1.54
E08000019,2020-07-29,Sheffield,1.88,11,4289,733.35,0.73,584853,17.79,-1.54,60.19,-1.03
E08000019,2020-07-28,Sheffield,3.08,18,4278,731.47,0.73,584853,19.33,1.37,61.22,-1.71
E08000019,2020-07-27,Sheffield,3.25,19,4260,728.39,0.73,584853,17.96,0.86,62.93,-0.34
E08000019,2020-07-26,Sheffield,1.2,7,4241,725.14,0.73,584853,17.1,-2.22,63.27,-0.85
E08000019,2020-07-25,Sheffield,1.88,11,4234,723.94,0.72,584853,19.32,0.0,64.12,-3.59
E08000019,2020-07-24,Sheffield,3.25,19,4223,722.06,0.72,584853,19.32,0.86,67.71,-0.85
E08000019,2020-07-23,Sheffield,3.25,19,4204,718.81,0.72,584853,18.46,1.71,68.56,-0.34
E08000019,2020-07-22,Sheffield,3.42,20,4185,715.56,0.72,584853,16.75,1.37,68.9,-1.2
E08000019,2020-07-21,Sheffield,1.71,10,4165,712.14,0.71,584853,15.38,-0.85,70.1,-1.03
E08000019,2020-07-20,Sheffield,2.39,14,4155,710.43,0.71,584853,16.23,1.19,71.13,-0.35
E08000019,2020-07-19,Sheffield,3.42,20,4141,708.04,0.71,584853,15.04,1.71,71.48,1.2
E08000019,2020-07-18,Sheffield,1.88,11,4121,704.62,0.7,584853,13.33,1.2,70.28,-0.34
E08000019,2020-07-17,Sheffield,2.39,14,4110,702.74,0.7,584853,12.13,0.85,70.62,0.0
E08000019,2020-07-16,Sheffield,1.54,9,4096,700.35,0.7,584853,11.28,-1.88,70.62,-2.22
E08000019,2020-07-15,Sheffield,2.05,12,4087,698.81,0.7,584853,13.16,-1.03,72.84,-0.86
E08000019,2020-07-14,Sheffield,2.56,15,4075,696.76,0.7,584853,14.19,0.34,73.7,-1.71
E08000019,2020-07-13,Sheffield,1.2,7,4060,694.19,0.69,584853,13.85,-0.17,75.41,-1.88
E08000019,2020-07-12,Sheffield,1.71,10,4053,692.99,0.69,584853,14.02,0.17,77.29,-2.91
E08000019,2020-07-11,Sheffield,0.68,4,4043,691.28,0.69,584853,13.85,-0.35,80.2,-4.45
E08000019,2020-07-10,Sheffield,1.54,9,4039,690.6,0.69,584853,14.2,0.34,84.65,-1.88
E08000019,2020-07-09,Sheffield,3.42,20,4030,689.06,0.69,584853,13.86,1.37,86.53,-1.2
E08000019,2020-07-08,Sheffield,3.08,18,4010,685.64,0.69,584853,12.49,0.17,87.73,-0.85
E08000019,2020-07-07,Sheffield,2.22,13,3992,682.56,0.68,584853,12.32,-2.57,88.58,-1.2
E08000019,2020-07-06,Sheffield,1.37,8,3979,680.34,0.68,584853,14.89,-2.22,89.78,-2.9
E08000019,2020-07-05,Sheffield,1.54,9,3971,678.97,0.68,584853,17.11,-0.51,92.68,-2.22
E08000019,2020-07-04,Sheffield,1.03,6,3962,677.44,0.68,584853,17.62,-4.44,94.9,-2.05
E08000019,2020-07-03,Sheffield,1.2,7,3956,676.41,0.68,584853,22.06,-2.9,96.95,-0.68
E08000019,2020-07-02,Sheffield,2.05,12,3949,675.21,0.68,584853,24.96,-1.54,97.63,-2.22
E08000019,2020-07-01,Sheffield,2.91,17,3937,673.16,0.67,584853,26.5,-1.71,99.85,-0.68
E08000019,2020-06-30,Sheffield,4.79,28,3920,670.25,0.67,584853,28.21,2.05,100.53,-0.85
E08000019,2020-06-29,Sheffield,3.59,21,3892,665.47,0.67,584853,26.16,0.85,101.38,1.03
E08000019,2020-06-28,Sheffield,2.05,12,3871,661.88,0.66,584853,25.31,-0.17,100.35,-1.37
E08000019,2020-06-27,Sheffield,5.47,32,3859,659.82,0.66,584853,25.48,3.25,101.72,2.56
E08000019,2020-06-26,Sheffield,4.1,24,3827,654.35,0.65,584853,22.23,1.71,99.16,1.88
E08000019,2020-06-25,Sheffield,3.59,21,3803,650.25,0.65,584853,20.52,-0.17,97.28,-1.37
E08000019,2020-06-24,Sheffield,4.62,27,3782,646.66,0.65,584853,20.69,1.71,98.65,1.03
E08000019,2020-06-23,Sheffield,2.74,16,3755,642.04,0.64,584853,18.98,-1.53,97.62,-4.1
E08000019,2020-06-22,Sheffield,2.74,16,3739,639.31,0.64,584853,20.51,-0.34,101.72,-0.34
E08000019,2020-06-21,Sheffield,2.22,13,3723,636.57,0.64,584853,20.85,-2.4,102.06,-2.23
E08000019,2020-06-20,Sheffield,2.22,13,3710,634.35,0.63,584853,23.25,-2.91,104.29,-0.86
E08000019,2020-06-19,Sheffield,2.39,14,3697,632.12,0.63,584853,26.16,-1.03,105.15,-0.86
E08000019,2020-06-18,Sheffield,3.76,22,3683,629.73,0.63,584853,27.19,-0.86,106.01,-0.17
E08000019,2020-06-17,Sheffield,2.91,17,3661,625.97,0.63,584853,28.05,-1.02,106.18,-2.56
E08000019,2020-06-16,Sheffield,4.27,25,3644,623.06,0.62,584853,29.07,0.85,108.74,0.34
E08000019,2020-06-15,Sheffield,3.08,18,3619,618.79,0.62,584853,28.22,-1.19,108.4,1.54
E08000019,2020-06-14,Sheffield,4.62,27,3601,615.71,0.62,584853,29.41,0.86,106.86,2.74
E08000019,2020-06-13,Sheffield,5.13,30,3574,611.09,0.61,584853,28.55,2.05,104.12,1.03
E08000019,2020-06-12,Sheffield,3.42,20,3544,605.96,0.61,584853,26.5,1.54,103.09,-1.37
E08000019,2020-06-11,Sheffield,4.62,27,3524,602.54,0.6,584853,24.96,0.35,104.46,0.17
E08000019,2020-06-10,Sheffield,3.93,23,3497,597.93,0.6,584853,24.61,0.34,104.29,-1.03
E08000019,2020-06-09,Sheffield,3.42,20,3474,594.0,0.59,584853,24.27,-2.22,105.32,-2.05
E08000019,2020-06-08,Sheffield,4.27,25,3454,590.58,0.59,584853,26.49,1.71,107.37,-0.86
E08000019,2020-06-07,Sheffield,3.76,22,3429,586.3,0.59,584853,24.78,0.34,108.23,0.0
E08000019,2020-06-06,Sheffield,3.08,18,3407,582.54,0.58,584853,24.44,0.17,108.23,-1.19
E08000019,2020-06-05,Sheffield,1.88,11,3389,579.46,0.58,584853,24.27,-0.34,109.42,-3.59
E08000019,2020-06-04,Sheffield,4.27,25,3378,577.58,0.58,584853,24.61,-0.69,113.01,-1.2
E08000019,2020-06-03,Sheffield,3.59,21,3353,573.31,0.57,584853,25.3,0.0,114.21,-3.76
E08000019,2020-06-02,Sheffield,5.64,33,3332,569.72,0.57,584853,25.3,-1.2,117.97,-1.2
E08000019,2020-06-01,Sheffield,2.56,15,3299,564.07,0.56,584853,26.5,-0.52,119.17,-1.89
E08000019,2020-05-31,Sheffield,3.42,20,3284,561.51,0.56,584853,27.02,-1.03,121.06,-5.3
E08000019,2020-05-30,Sheffield,2.91,17,3264,558.09,0.56,584853,28.05,-0.17,126.36,-5.47
E08000019,2020-05-29,Sheffield,2.22,13,3247,555.18,0.56,584853,28.22,-1.03,131.83,-4.96
E08000019,2020-05-28,Sheffield,4.96,29,3234,552.96,0.55,584853,29.25,1.03,136.79,-5.64
E08000019,2020-05-27,Sheffield,3.59,21,3205,548.0,0.55,584853,28.22,-1.88,142.43,-8.38
E08000019,2020-05-26,Sheffield,6.84,40,3184,544.41,0.54,584853,30.1,2.91,150.81,-0.51
E08000019,2020-05-25,Sheffield,3.08,18,3144,537.57,0.54,584853,27.19,1.54,151.32,-8.2
E08000019,2020-05-24,Sheffield,4.45,26,3126,534.49,0.53,584853,25.65,2.57,159.52,-3.93
E08000019,2020-05-23,Sheffield,3.08,18,3100,530.05,0.53,584853,23.08,-1.02,163.45,-9.4
E08000019,2020-05-22,Sheffield,3.25,19,3082,526.97,0.53,584853,24.1,-1.54,172.85,-6.84
E08000019,2020-05-21,Sheffield,3.93,23,3063,523.72,0.52,584853,25.64,-0.52,179.69,-1.03
E08000019,2020-05-20,Sheffield,5.47,32,3040,519.79,0.52,584853,26.16,0.51,180.72,-6.16
E08000019,2020-05-19,Sheffield,3.93,23,3008,514.32,0.51,584853,25.65,-1.54,186.88,-3.76
E08000019,2020-05-18,Sheffield,1.54,9,2985,510.38,0.51,584853,27.19,-3.59,190.64,-9.4
E08000019,2020-05-17,Sheffield,1.88,11,2976,508.85,0.51,584853,30.78,-1.88,200.04,-7.52
E08000019,2020-05-16,Sheffield,4.1,24,2965,506.96,0.51,584853,32.66,-0.17,207.56,-7.53
E08000019,2020-05-15,Sheffield,4.79,28,2941,502.86,0.5,584853,32.83,-0.68,215.09,-2.05
E08000019,2020-05-14,Sheffield,4.45,26,2913,498.07,0.5,584853,33.51,-1.02,217.14,-4.1
E08000019,2020-05-13,Sheffield,4.96,29,2887,493.63,0.49,584853,34.53,-2.39,221.24,-8.21
E08000019,2020-05-12,Sheffield,5.47,32,2858,488.67,0.49,584853,36.92,-1.37,229.45,-3.08
E08000019,2020-05-11,Sheffield,5.13,30,2826,483.2,0.48,584853,38.29,0.68,232.53,-6.84
E08000019,2020-05-10,Sheffield,3.76,22,2796,478.07,0.48,584853,37.61,-4.96,239.37,-2.57
E08000019,2020-05-09,Sheffield,4.27,25,2774,474.31,0.47,584853,42.57,-4.11,241.94,-4.96
E08000019,2020-05-08,Sheffield,5.47,32,2749,470.03,0.47,584853,46.68,-1.71,246.9,-4.28
E08000019,2020-05-07,Sheffield,5.47,32,2717,464.56,0.46,584853,48.39,-5.13,251.18,-3.59
E08000019,2020-05-06,Sheffield,7.35,43,2685,459.09,0.46,584853,53.52,-4.62,254.77,-1.03
E08000019,2020-05-05,Sheffield,6.84,40,2642,451.74,0.45,584853,58.14,-0.51,255.8,-1.71
E08000019,2020-05-04,Sheffield,4.45,26,2602,444.9,0.44,584853,58.65,-6.83,257.51,-6.49
E08000019,2020-05-03,Sheffield,8.72,51,2576,440.45,0.44,584853,65.48,0.34,264.0,-2.56
E08000019,2020-05-02,Sheffield,8.38,49,2525,431.73,0.43,584853,65.14,-4.1,266.56,1.2
E08000019,2020-05-01,Sheffield,7.18,42,2476,423.35,0.42,584853,69.24,-2.91,265.36,-0.17
E08000019,2020-04-30,Sheffield,10.6,62,2434,416.17,0.42,584853,72.15,5.64,265.53,1.71
E08000019,2020-04-29,Sheffield,11.97,70,2372,405.57,0.41,584853,66.51,0.34,263.82,1.2
E08000019,2020-04-28,Sheffield,7.35,43,2302,393.6,0.39,584853,66.17,-0.34,262.62,-11.46
E08000019,2020-04-27,Sheffield,11.28,66,2259,386.25,0.39,584853,66.51,0.34,274.08,-1.54
E08000019,2020-04-26,Sheffield,8.38,49,2193,374.97,0.37,584853,66.17,-1.02,275.62,-2.05
E08000019,2020-04-25,Sheffield,12.48,73,2144,366.59,0.37,584853,67.19,0.85,277.67,1.37
E08000019,2020-04-24,Sheffield,10.09,59,2071,354.11,0.35,584853,66.34,3.25,276.3,5.3
E08000019,2020-04-23,Sheffield,4.96,29,2012,344.02,0.34,584853,63.09,-3.59,271.0,-3.08
E08000019,2020-04-22,Sheffield,11.63,68,1983,339.06,0.34,584853,66.68,-1.54,274.08,3.42
E08000019,2020-04-21,Sheffield,7.69,45,1915,327.43,0.33,584853,68.22,-0.86,270.66,-2.4
E08000019,2020-04-20,Sheffield,10.94,64,1870,319.74,0.32,584853,69.08,-1.03,273.06,0.51
E08000019,2020-04-19,Sheffield,9.4,55,1806,308.8,0.31,584853,70.11,3.07,272.55,1.88
E08000019,2020-04-18,Sheffield,11.63,68,1751,299.39,0.3,584853,67.04,2.4,270.67,5.3
E08000019,2020-04-17,Sheffield,6.84,40,1683,287.76,0.29,584853,64.64,-2.91,265.37,2.57
E08000019,2020-04-16,Sheffield,8.55,50,1643,280.93,0.28,584853,67.55,-0.51,262.8,4.1
E08000019,2020-04-15,Sheffield,13.17,77,1593,272.38,0.27,584853,68.06,4.79,258.7,10.09
E08000019,2020-04-14,Sheffield,8.55,50,1516,259.21,0.26,584853,63.27,0.0,248.61,6.33
E08000019,2020-04-13,Sheffield,11.97,70,1466,250.66,0.25,584853,63.27,1.03,242.28,9.58
E08000019,2020-04-12,Sheffield,6.33,37,1396,238.69,0.24,584853,62.24,-4.95,232.7,5.3
E08000019,2020-04-11,Sheffield,9.23,54,1359,232.37,0.23,584853,67.19,2.05,227.4,8.2
E08000019,2020-04-10,Sheffield,9.75,57,1305,223.13,0.22,584853,65.14,2.4,219.2,9.07
E08000019,2020-04-09,Sheffield,9.06,53,1248,213.39,0.21,584853,62.74,0.17,210.13,8.72
E08000019,2020-04-08,Sheffield,8.38,49,1195,204.32,0.2,584853,62.57,-2.39,201.41,8.38
E08000019,2020-04-07,Sheffield,8.55,50,1146,195.95,0.2,584853,64.96,-10.26,193.03,7.52
E08000019,2020-04-06,Sheffield,10.94,64,1096,187.4,0.19,584853,75.22,-1.88,185.51,10.94
E08000019,2020-04-05,Sheffield,11.28,66,1032,176.45,0.18,584853,77.1,0.85,174.57,10.77
E08000019,2020-04-04,Sheffield,7.18,42,966,165.17,0.17,584853,76.25,-3.93,163.8,6.67
E08000019,2020-04-03,Sheffield,7.35,43,924,157.99,0.16,584853,80.18,2.56,157.13,7.35
E08000019,2020-04-02,Sheffield,8.89,52,881,150.64,0.15,584853,77.62,0.85,149.78,8.55
E08000019,2020-04-01,Sheffield,10.77,63,829,141.75,0.14,584853,76.77,2.56,141.23,10.6
E08000019,2020-03-31,Sheffield,18.81,110,766,130.97,0.13,584853,74.21,8.72,130.63,18.64
E08000019,2020-03-30,Sheffield,12.82,75,656,112.16,0.11,584853,65.49,2.39,111.99,12.82
E08000019,2020-03-29,Sheffield,10.43,61,581,99.34,0.1,584853,63.1,2.91,99.17,10.26
E08000019,2020-03-28,Sheffield,11.11,65,520,88.91,0.09,584853,60.19,4.78,88.91,11.11
E08000019,2020-03-27,Sheffield,4.79,28,455,77.8,0.08,584853,55.41,0.52,77.8,4.79
E08000019,2020-03-26,Sheffield,8.04,47,427,73.01,0.07,584853,54.89,3.59,73.01,8.04
E08000019,2020-03-25,Sheffield,8.21,48,380,64.97,0.06,584853,51.3,5.13,64.97,8.21
E08000019,2020-03-24,Sheffield,10.09,59,332,56.77,0.06,584853,46.17,7.87,56.76,10.09
E08000019,2020-03-23,Sheffield,10.43,61,273,46.68,0.05,584853,38.3,8.04,46.67,10.43
E08000019,2020-03-22,Sheffield,7.52,44,212,36.25,0.04,584853,30.26,6.49,36.24,7.52
E08000019,2020-03-21,Sheffield,6.33,37,168,28.73,0.03,584853,23.77,5.3,28.72,6.33
E08000019,2020-03-20,Sheffield,4.27,25,131,22.4,0.02,584853,18.47,3.59,22.39,4.27
E08000019,2020-03-19,Sheffield,4.45,26,106,18.12,0.02,584853,14.88,4.11,18.12,4.45
E08000019,2020-03-18,Sheffield,3.08,18,80,13.68,0.01,584853,10.77,3.08,13.67,3.08
E08000019,2020-03-17,Sheffield,2.22,13,62,10.6,0.01,584853,7.69,1.19,10.59,2.22
E08000019,2020-03-16,Sheffield,2.39,14,49,8.38,0.01,584853,6.5,2.39,8.37,2.39
E08000019,2020-03-15,Sheffield,1.03,6,35,5.98,0.01,584853,4.11,0.52,5.98,1.03
E08000019,2020-03-14,Sheffield,1.03,6,29,4.96,0.0,584853,3.59,0.52,4.95,1.03
E08000019,2020-03-13,Sheffield,0.68,4,23,3.93,0.0,584853,3.07,0.68,3.92,0.68
E08000019,2020-03-12,Sheffield,0.34,2,19,3.25,0.0,584853,2.39,0.0,3.24,0.34
E08000019,2020-03-11,Sheffield,0.0,0,17,2.91,0.0,584853,2.39,-0.17,2.9,0.0
E08000019,2020-03-10,Sheffield,1.03,6,17,2.91,0.0,584853,2.56,0.86,2.9,1.03
E08000019,2020-03-09,Sheffield,0.0,0,11,1.88,0.0,584853,1.7,0.0,1.87,0.0
E08000019,2020-03-08,Sheffield,0.51,3,11,1.88,0.0,584853,1.7,0.34,1.87,0.51
E08000019,2020-03-07,Sheffield,0.51,3,8,1.37,0.0,584853,1.36,0.51,1.36,0.51
E08000019,2020-03-06,Sheffield,0.0,0,5,0.85,0.0,584853,0.85,0.0,0.85,0.0
E08000019,2020-03-05,Sheffield,0.34,2,5,0.85,0.0,584853,0.85,0.34,0.85,0.34
E08000019,2020-03-04,Sheffield,0.17,1,3,0.51,0.0,584853,0.51,0.17,0.51,0.17
E08000019,2020-03-03,Sheffield,0.17,1,2,0.34,0.0,584853,0.34,0.17,0.34,0.17
E08000019,2020-03-02,Sheffield,0.0,0,1,0.17,0.0,584853,0.17,0.0,0.17,0.0
E08000019,2020-03-01,Sheffield,0.17,1,1,0.17,0.0,584853,0.17,0.17,0.17,0.17
