LAD20CD,date,local_authority,1day_cases_100k,new_cases,total_cases,total_cases_100k,%infected,population,7day_cases_100k,7day_cases_change,28day_cases_100k,28day_cases_change
E07000181,2020-09-08,West Oxfordshire,0.0,0,585,528.73,0.53,110643,9.04,-2.71,33.41,0.0
E07000181,2020-09-07,West Oxfordshire,0.0,0,585,528.73,0.53,110643,11.75,-2.71,33.41,-2.71
E07000181,2020-09-06,West Oxfordshire,1.81,2,585,528.73,0.53,110643,14.46,0.91,36.12,1.81
E07000181,2020-09-05,West Oxfordshire,0.9,1,583,526.92,0.53,110643,13.55,0.0,34.31,-1.81
E07000181,2020-09-04,West Oxfordshire,0.0,0,582,526.02,0.53,110643,13.55,-2.71,36.12,-0.9
E07000181,2020-09-03,West Oxfordshire,4.52,5,582,526.02,0.53,110643,16.26,3.62,37.02,3.62
E07000181,2020-09-02,West Oxfordshire,1.81,2,577,521.5,0.52,110643,12.64,-0.9,33.4,1.81
E07000181,2020-09-01,West Oxfordshire,2.71,3,575,519.69,0.52,110643,13.54,0.9,31.59,1.81
E07000181,2020-08-31,West Oxfordshire,2.71,3,572,516.98,0.52,110643,12.64,2.71,29.78,0.0
E07000181,2020-08-30,West Oxfordshire,0.9,1,569,514.27,0.51,110643,9.93,0.9,29.78,0.9
E07000181,2020-08-29,West Oxfordshire,0.9,1,568,513.36,0.51,110643,9.03,0.0,28.88,0.9
E07000181,2020-08-28,West Oxfordshire,2.71,3,567,512.46,0.51,110643,9.03,2.71,27.98,0.0
E07000181,2020-08-27,West Oxfordshire,0.9,1,564,509.75,0.51,110643,6.32,0.0,27.98,0.9
E07000181,2020-08-26,West Oxfordshire,2.71,3,563,508.84,0.51,110643,6.32,2.71,27.08,2.71
E07000181,2020-08-25,West Oxfordshire,1.81,2,560,506.13,0.51,110643,3.61,0.91,24.37,1.81
E07000181,2020-08-24,West Oxfordshire,0.0,0,558,504.32,0.5,110643,2.7,-0.9,22.56,0.0
E07000181,2020-08-23,West Oxfordshire,0.0,0,558,504.32,0.5,110643,3.6,-1.81,22.56,0.0
E07000181,2020-08-22,West Oxfordshire,0.9,1,558,504.32,0.5,110643,5.41,0.9,22.56,0.0
E07000181,2020-08-21,West Oxfordshire,0.0,0,557,503.42,0.5,110643,4.51,-1.81,22.56,-0.9
E07000181,2020-08-20,West Oxfordshire,0.9,1,557,503.42,0.5,110643,6.32,0.0,23.46,0.0
E07000181,2020-08-19,West Oxfordshire,0.0,0,556,502.52,0.5,110643,6.32,-0.9,23.46,-0.9
E07000181,2020-08-18,West Oxfordshire,0.9,1,556,502.52,0.5,110643,7.22,0.9,24.36,-0.91
E07000181,2020-08-17,West Oxfordshire,0.9,1,555,501.61,0.5,110643,6.32,-1.81,25.27,-0.91
E07000181,2020-08-16,West Oxfordshire,1.81,2,554,500.71,0.5,110643,8.13,1.81,26.18,1.81
E07000181,2020-08-15,West Oxfordshire,0.0,0,552,498.9,0.5,110643,6.32,-2.71,24.37,-1.81
E07000181,2020-08-14,West Oxfordshire,1.81,2,552,498.9,0.5,110643,9.03,0.91,26.18,1.81
E07000181,2020-08-13,West Oxfordshire,0.9,1,550,497.09,0.5,110643,8.12,0.0,24.37,0.9
E07000181,2020-08-12,West Oxfordshire,0.9,1,549,496.19,0.5,110643,8.12,0.9,23.47,0.9
E07000181,2020-08-11,West Oxfordshire,0.0,0,548,495.29,0.5,110643,7.22,-0.9,22.57,-1.81
E07000181,2020-08-10,West Oxfordshire,2.71,3,548,495.29,0.5,110643,8.12,0.0,24.38,0.9
E07000181,2020-08-09,West Oxfordshire,0.0,0,545,492.58,0.49,110643,8.12,0.0,23.48,0.0
E07000181,2020-08-08,West Oxfordshire,2.71,3,545,492.58,0.49,110643,8.12,2.71,23.48,2.71
E07000181,2020-08-07,West Oxfordshire,0.9,1,542,489.86,0.49,110643,5.41,-1.81,20.77,0.0
E07000181,2020-08-06,West Oxfordshire,0.9,1,541,488.96,0.49,110643,7.22,0.9,20.77,0.9
E07000181,2020-08-05,West Oxfordshire,0.0,0,540,488.06,0.49,110643,6.32,0.0,19.87,-1.81
E07000181,2020-08-04,West Oxfordshire,0.9,1,540,488.06,0.49,110643,6.32,0.9,21.68,0.9
E07000181,2020-08-03,West Oxfordshire,2.71,3,539,487.15,0.49,110643,5.42,2.71,20.78,2.71
E07000181,2020-08-02,West Oxfordshire,0.0,0,536,484.44,0.48,110643,2.71,0.0,18.07,0.0
E07000181,2020-08-01,West Oxfordshire,0.0,0,536,484.44,0.48,110643,2.71,-0.9,18.07,0.0
E07000181,2020-07-31,West Oxfordshire,2.71,3,536,484.44,0.48,110643,3.61,1.81,18.07,1.81
E07000181,2020-07-30,West Oxfordshire,0.0,0,533,481.73,0.48,110643,1.8,-0.9,16.26,-0.9
E07000181,2020-07-29,West Oxfordshire,0.0,0,533,481.73,0.48,110643,2.7,-0.9,17.16,0.0
E07000181,2020-07-28,West Oxfordshire,0.0,0,533,481.73,0.48,110643,3.6,-1.81,17.16,0.0
E07000181,2020-07-27,West Oxfordshire,0.0,0,533,481.73,0.48,110643,5.41,-1.81,17.16,0.0
E07000181,2020-07-26,West Oxfordshire,0.0,0,533,481.73,0.48,110643,7.22,0.0,17.16,0.0
E07000181,2020-07-25,West Oxfordshire,0.9,1,533,481.73,0.48,110643,7.22,-0.91,17.16,0.9
E07000181,2020-07-24,West Oxfordshire,0.9,1,532,480.83,0.48,110643,8.13,0.9,16.26,0.9
E07000181,2020-07-23,West Oxfordshire,0.9,1,531,479.92,0.48,110643,7.23,0.9,15.36,0.9
E07000181,2020-07-22,West Oxfordshire,0.9,1,530,479.02,0.48,110643,6.33,0.9,14.46,0.9
E07000181,2020-07-21,West Oxfordshire,1.81,2,529,478.11,0.48,110643,5.43,0.0,13.56,1.81
E07000181,2020-07-20,West Oxfordshire,1.81,2,527,476.31,0.48,110643,5.43,0.0,11.75,0.0
E07000181,2020-07-19,West Oxfordshire,0.0,0,525,474.5,0.47,110643,5.43,0.0,11.75,-0.9
E07000181,2020-07-18,West Oxfordshire,1.81,2,525,474.5,0.47,110643,5.43,1.81,12.65,0.91
E07000181,2020-07-17,West Oxfordshire,0.0,0,523,472.69,0.47,110643,3.62,-0.9,11.74,0.0
E07000181,2020-07-16,West Oxfordshire,0.0,0,523,472.69,0.47,110643,4.52,0.0,11.74,0.0
E07000181,2020-07-15,West Oxfordshire,0.0,0,523,472.69,0.47,110643,4.52,-1.81,11.74,0.0
E07000181,2020-07-14,West Oxfordshire,1.81,2,523,472.69,0.47,110643,6.33,1.81,11.74,1.81
E07000181,2020-07-13,West Oxfordshire,1.81,2,521,470.88,0.47,110643,4.52,1.81,9.93,0.91
E07000181,2020-07-12,West Oxfordshire,0.0,0,519,469.08,0.47,110643,2.71,0.0,9.02,-0.9
E07000181,2020-07-11,West Oxfordshire,0.0,0,519,469.08,0.47,110643,2.71,0.0,9.92,0.0
E07000181,2020-07-10,West Oxfordshire,0.9,1,519,469.08,0.47,110643,2.71,0.0,9.92,0.9
E07000181,2020-07-09,West Oxfordshire,0.0,0,518,468.17,0.47,110643,2.71,-0.9,9.02,0.0
E07000181,2020-07-08,West Oxfordshire,1.81,2,518,468.17,0.47,110643,3.61,1.81,9.02,0.0
E07000181,2020-07-07,West Oxfordshire,0.0,0,516,466.36,0.47,110643,1.8,0.0,9.02,-0.9
E07000181,2020-07-06,West Oxfordshire,0.0,0,516,466.36,0.47,110643,1.8,0.0,9.92,0.0
E07000181,2020-07-05,West Oxfordshire,0.0,0,516,466.36,0.47,110643,1.8,0.0,9.92,0.0
E07000181,2020-07-04,West Oxfordshire,0.0,0,516,466.36,0.47,110643,1.8,0.0,9.92,0.0
E07000181,2020-07-03,West Oxfordshire,0.9,1,516,466.36,0.47,110643,1.8,0.9,9.92,-0.91
E07000181,2020-07-02,West Oxfordshire,0.9,1,515,465.46,0.47,110643,0.9,0.9,10.83,0.0
E07000181,2020-07-01,West Oxfordshire,0.0,0,514,464.56,0.46,110643,-0.0,0.0,10.83,-1.81
E07000181,2020-06-30,West Oxfordshire,0.0,0,514,464.56,0.46,110643,-0.0,0.0,12.64,-1.81
E07000181,2020-06-29,West Oxfordshire,0.0,0,514,464.56,0.46,110643,-0.0,-1.81,14.45,-0.9
E07000181,2020-06-28,West Oxfordshire,0.0,0,514,464.56,0.46,110643,1.81,-0.9,15.35,-2.71
E07000181,2020-06-27,West Oxfordshire,0.0,0,514,464.56,0.46,110643,2.71,-0.9,18.06,0.0
E07000181,2020-06-26,West Oxfordshire,0.0,0,514,464.56,0.46,110643,3.61,0.0,18.06,-10.85
E07000181,2020-06-25,West Oxfordshire,0.0,0,514,464.56,0.46,110643,3.61,0.0,28.91,0.0
E07000181,2020-06-24,West Oxfordshire,0.0,0,514,464.56,0.46,110643,3.61,0.0,28.91,0.0
E07000181,2020-06-23,West Oxfordshire,0.0,0,514,464.56,0.46,110643,3.61,0.0,28.91,-1.81
E07000181,2020-06-22,West Oxfordshire,1.81,2,514,464.56,0.46,110643,3.61,0.91,30.72,0.0
E07000181,2020-06-21,West Oxfordshire,0.9,1,512,462.75,0.46,110643,2.7,0.0,30.72,0.0
E07000181,2020-06-20,West Oxfordshire,0.9,1,511,461.85,0.46,110643,2.7,0.9,30.72,-2.72
E07000181,2020-06-19,West Oxfordshire,0.0,0,510,460.94,0.46,110643,1.8,0.0,33.44,-4.52
E07000181,2020-06-18,West Oxfordshire,0.0,0,510,460.94,0.46,110643,1.8,0.0,37.96,-3.62
E07000181,2020-06-17,West Oxfordshire,0.0,0,510,460.94,0.46,110643,1.8,-1.81,41.58,-9.04
E07000181,2020-06-16,West Oxfordshire,0.0,0,510,460.94,0.46,110643,3.61,-0.9,50.62,-1.81
E07000181,2020-06-15,West Oxfordshire,0.9,1,510,460.94,0.46,110643,4.51,0.9,52.43,-1.81
E07000181,2020-06-14,West Oxfordshire,0.9,1,509,460.04,0.46,110643,3.61,0.9,54.24,-3.62
E07000181,2020-06-13,West Oxfordshire,0.0,0,508,459.13,0.46,110643,2.71,0.0,57.86,-2.71
E07000181,2020-06-12,West Oxfordshire,0.0,0,508,459.13,0.46,110643,2.71,-1.81,60.57,0.0
E07000181,2020-06-11,West Oxfordshire,0.0,0,508,459.13,0.46,110643,4.52,-0.9,60.57,-9.94
E07000181,2020-06-10,West Oxfordshire,1.81,2,508,459.13,0.46,110643,5.42,0.0,70.51,-12.65
E07000181,2020-06-09,West Oxfordshire,0.9,1,506,457.33,0.46,110643,5.42,-0.91,83.16,-8.14
E07000181,2020-06-08,West Oxfordshire,0.0,0,505,456.42,0.46,110643,6.33,-0.9,91.3,-20.79
E07000181,2020-06-07,West Oxfordshire,0.0,0,505,456.42,0.46,110643,7.23,-2.71,112.09,-22.6
E07000181,2020-06-06,West Oxfordshire,0.0,0,505,456.42,0.46,110643,9.94,0.0,134.69,-0.9
E07000181,2020-06-05,West Oxfordshire,1.81,2,505,456.42,0.46,110643,9.94,-9.04,135.59,-0.9
E07000181,2020-06-04,West Oxfordshire,0.9,1,503,454.62,0.45,110643,18.98,0.9,136.49,-4.52
E07000181,2020-06-03,West Oxfordshire,1.81,2,502,453.71,0.45,110643,18.08,1.81,141.01,-1.81
E07000181,2020-06-02,West Oxfordshire,1.81,2,500,451.9,0.45,110643,16.27,0.0,142.82,-1.81
E07000181,2020-06-01,West Oxfordshire,0.9,1,498,450.1,0.45,110643,16.27,-0.91,144.63,-1.81
E07000181,2020-05-31,West Oxfordshire,2.71,3,497,449.19,0.45,110643,17.18,1.81,146.44,1.81
E07000181,2020-05-30,West Oxfordshire,0.0,0,494,446.48,0.45,110643,15.37,-3.62,144.63,-11.75
E07000181,2020-05-29,West Oxfordshire,10.85,12,494,446.48,0.45,110643,18.99,6.33,156.38,8.14
E07000181,2020-05-28,West Oxfordshire,0.0,0,482,435.64,0.44,110643,12.66,-3.62,148.24,-18.08
E07000181,2020-05-27,West Oxfordshire,0.0,0,482,435.64,0.44,110643,16.28,-9.04,166.32,-9.04
E07000181,2020-05-26,West Oxfordshire,1.81,2,482,435.64,0.44,110643,25.32,0.0,175.36,-6.32
E07000181,2020-05-25,West Oxfordshire,1.81,2,480,433.83,0.43,110643,25.32,-0.9,181.68,-14.46
E07000181,2020-05-24,West Oxfordshire,0.9,1,478,432.02,0.43,110643,26.22,-3.62,196.14,-8.14
E07000181,2020-05-23,West Oxfordshire,3.62,4,477,431.12,0.43,110643,29.84,0.91,204.28,-2.71
E07000181,2020-05-22,West Oxfordshire,4.52,5,473,427.5,0.43,110643,28.93,4.52,206.99,-6.33
E07000181,2020-05-21,West Oxfordshire,3.62,4,468,422.98,0.42,110643,24.41,-6.32,213.32,-12.65
E07000181,2020-05-20,West Oxfordshire,9.04,10,464,419.37,0.42,110643,30.73,-5.42,225.97,-1.81
E07000181,2020-05-19,West Oxfordshire,1.81,2,454,410.33,0.41,110643,36.15,-7.23,227.78,-9.04
E07000181,2020-05-18,West Oxfordshire,2.71,3,452,408.52,0.41,110643,43.38,-18.08,236.82,-6.33
E07000181,2020-05-17,West Oxfordshire,4.52,5,449,405.81,0.41,110643,61.46,-18.08,243.15,2.71
E07000181,2020-05-16,West Oxfordshire,2.71,3,444,401.29,0.4,110643,79.54,1.81,240.44,-1.81
E07000181,2020-05-15,West Oxfordshire,0.0,0,441,398.58,0.4,110643,77.73,-2.71,242.25,-9.94
E07000181,2020-05-14,West Oxfordshire,9.94,11,441,398.58,0.4,110643,80.44,4.52,252.19,1.81
E07000181,2020-05-13,West Oxfordshire,14.46,16,430,388.64,0.39,110643,75.92,10.84,250.38,9.94
E07000181,2020-05-12,West Oxfordshire,9.04,10,414,374.18,0.37,110643,65.08,5.42,240.44,4.52
E07000181,2020-05-11,West Oxfordshire,20.79,23,404,365.14,0.37,110643,59.66,18.08,235.92,9.94
E07000181,2020-05-10,West Oxfordshire,22.6,25,381,344.35,0.34,110643,41.58,21.7,225.98,18.98
E07000181,2020-05-09,West Oxfordshire,0.9,1,356,321.76,0.32,110643,19.88,-10.85,207.0,-4.52
E07000181,2020-05-08,West Oxfordshire,2.71,3,355,320.85,0.32,110643,30.73,0.0,211.52,-6.33
E07000181,2020-05-07,West Oxfordshire,5.42,6,352,318.14,0.32,110643,30.73,-12.66,217.85,1.8
E07000181,2020-05-06,West Oxfordshire,3.62,4,346,312.72,0.31,110643,43.39,-5.42,216.05,0.0
E07000181,2020-05-05,West Oxfordshire,3.62,4,342,309.1,0.31,110643,48.81,-4.51,216.05,-1.8
E07000181,2020-05-04,West Oxfordshire,2.71,3,338,305.49,0.31,110643,53.32,-13.56,217.85,-1.81
E07000181,2020-05-03,West Oxfordshire,0.9,1,335,302.78,0.3,110643,66.88,-8.14,219.66,-7.23
E07000181,2020-05-02,West Oxfordshire,11.75,13,334,301.87,0.3,110643,75.02,5.42,226.89,6.33
E07000181,2020-05-01,West Oxfordshire,2.71,3,321,290.12,0.29,110643,69.6,-8.14,220.56,-3.62
E07000181,2020-04-30,West Oxfordshire,18.08,20,318,287.41,0.29,110643,77.74,1.81,224.18,8.14
E07000181,2020-04-29,West Oxfordshire,9.04,10,298,269.33,0.27,110643,75.93,-1.81,216.04,6.33
E07000181,2020-04-28,West Oxfordshire,8.13,9,288,260.3,0.26,110643,77.74,-2.72,209.71,0.9
E07000181,2020-04-27,West Oxfordshire,16.27,18,279,252.16,0.25,110643,80.46,7.23,208.81,9.94
E07000181,2020-04-26,West Oxfordshire,9.04,10,261,235.89,0.24,110643,73.23,7.23,198.87,5.42
E07000181,2020-04-25,West Oxfordshire,6.33,7,251,226.86,0.23,110643,66.0,1.81,193.45,4.52
E07000181,2020-04-24,West Oxfordshire,10.85,12,244,220.53,0.22,110643,64.19,0.91,188.93,4.52
E07000181,2020-04-23,West Oxfordshire,16.27,18,232,209.68,0.21,110643,63.28,8.14,184.41,8.14
E07000181,2020-04-22,West Oxfordshire,10.85,12,214,193.41,0.19,110643,55.14,6.33,176.27,9.95
E07000181,2020-04-21,West Oxfordshire,10.85,12,202,182.57,0.18,110643,48.81,6.33,166.32,7.23
E07000181,2020-04-20,West Oxfordshire,9.04,10,190,171.72,0.17,110643,42.48,-1.81,159.09,7.23
E07000181,2020-04-19,West Oxfordshire,1.81,2,180,162.69,0.16,110643,44.29,-1.81,151.86,1.81
E07000181,2020-04-18,West Oxfordshire,4.52,5,178,160.88,0.16,110643,46.1,-0.9,150.05,2.71
E07000181,2020-04-17,West Oxfordshire,9.94,11,173,156.36,0.16,110643,47.0,0.9,147.34,9.04
E07000181,2020-04-16,West Oxfordshire,8.13,9,162,146.42,0.15,110643,46.1,4.51,138.3,8.13
E07000181,2020-04-15,West Oxfordshire,4.52,5,153,138.28,0.14,110643,41.59,0.9,130.17,4.52
E07000181,2020-04-14,West Oxfordshire,4.52,5,148,133.76,0.13,110643,40.69,-0.9,125.65,1.81
E07000181,2020-04-13,West Oxfordshire,10.85,12,143,129.24,0.13,110643,41.59,6.33,123.84,10.85
E07000181,2020-04-12,West Oxfordshire,3.62,4,131,118.4,0.12,110643,35.26,-4.51,112.99,2.72
E07000181,2020-04-11,West Oxfordshire,5.42,6,127,114.78,0.11,110643,39.77,0.0,110.27,5.42
E07000181,2020-04-10,West Oxfordshire,9.04,10,121,109.36,0.11,110643,39.77,2.71,104.85,8.14
E07000181,2020-04-09,West Oxfordshire,3.62,4,111,100.32,0.1,110643,37.06,-6.32,96.71,3.62
E07000181,2020-04-08,West Oxfordshire,3.62,4,107,96.71,0.1,110643,43.38,0.91,93.09,3.62
E07000181,2020-04-07,West Oxfordshire,5.42,6,103,93.09,0.09,110643,42.47,-1.81,89.47,5.42
E07000181,2020-04-06,West Oxfordshire,4.52,5,97,87.67,0.09,110643,44.28,-1.81,84.05,2.71
E07000181,2020-04-05,West Oxfordshire,8.13,9,92,83.15,0.08,110643,46.09,4.51,81.34,8.13
E07000181,2020-04-04,West Oxfordshire,5.42,6,83,75.02,0.08,110643,41.58,3.61,73.21,5.42
E07000181,2020-04-03,West Oxfordshire,6.33,7,77,69.59,0.07,110643,37.97,0.0,67.79,6.33
E07000181,2020-04-02,West Oxfordshire,9.94,11,70,63.27,0.06,110643,37.97,1.81,61.46,9.94
E07000181,2020-04-01,West Oxfordshire,2.71,3,59,53.32,0.05,110643,36.16,1.81,51.52,2.71
E07000181,2020-03-31,West Oxfordshire,7.23,8,56,50.61,0.05,110643,34.35,3.61,48.81,5.42
E07000181,2020-03-30,West Oxfordshire,6.33,7,48,43.38,0.04,110643,30.74,4.52,43.39,6.33
E07000181,2020-03-29,West Oxfordshire,3.62,4,41,37.06,0.04,110643,26.22,3.62,37.06,3.62
E07000181,2020-03-28,West Oxfordshire,1.81,2,37,33.44,0.03,110643,22.6,0.0,33.44,1.81
E07000181,2020-03-27,West Oxfordshire,6.33,7,35,31.63,0.03,110643,22.6,5.43,31.63,6.33
E07000181,2020-03-26,West Oxfordshire,8.13,9,28,25.31,0.03,110643,17.17,8.13,25.3,8.13
E07000181,2020-03-25,West Oxfordshire,0.9,1,19,17.17,0.02,110643,9.04,0.9,17.17,0.9
E07000181,2020-03-24,West Oxfordshire,3.62,4,18,16.27,0.02,110643,8.14,0.91,16.27,3.62
E07000181,2020-03-23,West Oxfordshire,1.81,2,14,12.65,0.01,110643,7.23,1.81,12.65,1.81
E07000181,2020-03-22,West Oxfordshire,0.0,0,12,10.85,0.01,110643,5.42,-0.9,10.84,0.0
E07000181,2020-03-21,West Oxfordshire,1.81,2,12,10.85,0.01,110643,6.32,1.81,10.84,1.81
E07000181,2020-03-20,West Oxfordshire,0.9,1,10,9.04,0.01,110643,4.51,0.0,9.03,0.9
E07000181,2020-03-19,West Oxfordshire,0.0,0,9,8.13,0.01,110643,4.51,0.0,8.13,0.0
E07000181,2020-03-18,West Oxfordshire,0.0,0,9,8.13,0.01,110643,4.51,0.0,8.13,0.0
E07000181,2020-03-17,West Oxfordshire,2.71,3,9,8.13,0.01,110643,4.51,2.71,8.13,2.71
E07000181,2020-03-16,West Oxfordshire,0.0,0,6,5.42,0.01,110643,1.8,-1.81,5.42,0.0
E07000181,2020-03-15,West Oxfordshire,0.9,1,6,5.42,0.01,110643,3.61,0.9,5.42,0.9
E07000181,2020-03-14,West Oxfordshire,0.0,0,5,4.52,0.0,110643,2.71,0.0,4.52,0.0
E07000181,2020-03-13,West Oxfordshire,0.9,1,5,4.52,0.0,110643,2.71,0.9,4.52,0.9
E07000181,2020-03-12,West Oxfordshire,0.0,0,4,3.62,0.0,110643,1.81,0.0,3.62,0.0
E07000181,2020-03-11,West Oxfordshire,0.0,0,4,3.62,0.0,110643,1.81,0.0,3.62,0.0
E07000181,2020-03-10,West Oxfordshire,0.0,0,4,3.62,0.0,110643,1.81,-1.81,3.62,0.0
E07000181,2020-03-09,West Oxfordshire,1.81,2,4,3.62,0.0,110643,3.62,1.81,3.62,1.81
E07000181,2020-03-08,West Oxfordshire,0.0,0,2,1.81,0.0,110643,1.81,0.0,1.81,0.0
E07000181,2020-03-07,West Oxfordshire,0.0,0,2,1.81,0.0,110643,1.81,0.0,1.81,0.0
E07000181,2020-03-06,West Oxfordshire,0.0,0,2,1.81,0.0,110643,1.81,0.0,1.81,0.0
E07000181,2020-03-05,West Oxfordshire,0.0,0,2,1.81,0.0,110643,1.81,0.0,1.81,0.0
E07000181,2020-03-04,West Oxfordshire,0.0,0,2,1.81,0.0,110643,1.81,0.0,1.81,0.0
E07000181,2020-03-03,West Oxfordshire,1.81,2,2,1.81,0.0,110643,1.81,1.81,1.81,1.81
