date,state,city,1day_cases_100k,new_cases,new_deaths,new_deaths_100k,total_cases,total_deaths,cfr%,total_cases_100k,total_deaths_100k,%infected,population,7day_cases_100k,7day_cases_change,28day_cases_100k,28day_cases_change
2020-09-18,São Paulo,Barra do Chapéu,0.0,0,0,0.0,47,0,0.0,821.1,0.0,0.82,5724,0.0,0.0,87.35,0.0
2020-09-17,São Paulo,Barra do Chapéu,0.0,0,0,0.0,47,0,0.0,821.1,0.0,0.82,5724,0.0,0.0,87.35,0.0
2020-09-16,São Paulo,Barra do Chapéu,0.0,0,0,0.0,47,0,0.0,821.1,0.0,0.82,5724,0.0,0.0,87.35,0.0
2020-09-15,São Paulo,Barra do Chapéu,0.0,0,0,0.0,47,0,0.0,821.1,0.0,0.82,5724,0.0,0.0,87.35,0.0
2020-09-14,São Paulo,Barra do Chapéu,0.0,0,0,0.0,47,0,0.0,821.1,0.0,0.82,5724,0.0,0.0,87.35,0.0
2020-09-13,São Paulo,Barra do Chapéu,0.0,0,0,0.0,47,0,0.0,821.1,0.0,0.82,5724,0.0,0.0,87.35,0.0
2020-09-12,São Paulo,Barra do Chapéu,0.0,0,0,0.0,47,0,0.0,821.1,0.0,0.82,5724,0.0,0.0,87.35,-17.47
2020-09-11,São Paulo,Barra do Chapéu,0.0,0,0,0.0,47,0,0.0,821.1,0.0,0.82,5724,0.0,0.0,104.82,-17.47
2020-09-10,São Paulo,Barra do Chapéu,0.0,0,0,0.0,47,0,0.0,821.1,0.0,0.82,5724,0.0,-17.47,122.29,0.0
2020-09-09,São Paulo,Barra do Chapéu,0.0,0,0,0.0,47,0,0.0,821.1,0.0,0.82,5724,17.47,0.0,122.29,0.0
2020-09-08,São Paulo,Barra do Chapéu,0.0,0,0,0.0,47,0,0.0,821.1,0.0,0.82,5724,17.47,-17.47,122.29,0.0
2020-09-06,São Paulo,Barra do Chapéu,0.0,0,0,0.0,47,0,0.0,821.1,0.0,0.82,5724,34.94,0.0,122.29,0.0
2020-09-05,São Paulo,Barra do Chapéu,0.0,0,0,0.0,47,0,0.0,821.1,0.0,0.82,5724,34.94,-52.41,122.29,-34.94
2020-09-04,São Paulo,Barra do Chapéu,0.0,0,0,0.0,47,0,0.0,821.1,0.0,0.82,5724,87.35,0.0,157.23,0.0
2020-09-03,São Paulo,Barra do Chapéu,0.0,0,0,0.0,47,0,0.0,821.1,0.0,0.82,5724,87.35,-17.47,157.23,0.0
2020-09-02,São Paulo,Barra do Chapéu,17.47,1,0,0.0,47,0,0.0,821.1,0.0,0.82,5724,104.82,17.47,157.23,-157.23
2020-09-01,São Paulo,Barra do Chapéu,0.0,0,0,0.0,46,0,0.0,803.63,0.0,0.8,5724,87.35,17.47,314.46,0.0
2020-08-31,São Paulo,Barra do Chapéu,17.47,1,0,0.0,46,0,0.0,803.63,0.0,0.8,5724,69.88,17.47,314.46,17.47
2020-08-30,São Paulo,Barra do Chapéu,0.0,0,0,0.0,45,0,0.0,786.16,0.0,0.79,5724,52.41,0.0,296.99,0.0
2020-08-28,São Paulo,Barra do Chapéu,52.41,3,0,0.0,45,0,0.0,786.16,0.0,0.79,5724,52.41,52.41,296.99,34.94
2020-08-27,São Paulo,Barra do Chapéu,0.0,0,0,0.0,42,0,0.0,733.75,0.0,0.73,5724,0.0,0.0,262.05,0.0
2020-08-26,São Paulo,Barra do Chapéu,17.47,1,0,0.0,42,0,0.0,733.75,0.0,0.73,5724,0.0,17.47,262.05,0.0
2020-08-25,São Paulo,Barra do Chapéu,0.0,0,0,0.0,41,0,0.0,716.28,0.0,0.72,5724,-17.47,0.0,262.05,0.0
2020-08-24,São Paulo,Barra do Chapéu,-17.47,-1,-1,-17.47,41,0,0.0,716.28,0.0,0.72,5724,-17.47,-17.47,262.05,-17.47
2020-08-23,São Paulo,Barra do Chapéu,0.0,0,0,0.0,42,1,2.38,733.75,17.47,0.73,5724,0.0,0.0,279.52,0.0
2020-08-22,São Paulo,Barra do Chapéu,0.0,0,0,0.0,42,1,2.38,733.75,17.47,0.73,5724,0.0,0.0,279.52,-34.94
2020-08-21,São Paulo,Barra do Chapéu,0.0,0,0,0.0,42,1,2.38,733.75,17.47,0.73,5724,0.0,0.0,314.46,-34.94
2020-08-20,São Paulo,Barra do Chapéu,0.0,0,0,0.0,42,1,2.38,733.75,17.47,0.73,5724,0.0,-17.47,349.4,-34.94
2020-08-19,São Paulo,Barra do Chapéu,0.0,0,0,0.0,42,1,2.38,733.75,17.47,0.73,5724,17.47,-17.47,384.34,-34.94
2020-08-18,São Paulo,Barra do Chapéu,0.0,0,0,0.0,42,1,2.38,733.75,17.47,0.73,5724,34.94,0.0,419.28,0.0
2020-08-17,São Paulo,Barra do Chapéu,0.0,0,0,0.0,42,1,2.38,733.75,17.47,0.73,5724,34.94,0.0,419.28,0.0
2020-08-16,São Paulo,Barra do Chapéu,0.0,0,0,0.0,42,1,2.38,733.75,17.47,0.73,5724,34.94,0.0,419.28,0.0
2020-08-15,São Paulo,Barra do Chapéu,0.0,0,0,0.0,42,1,2.38,733.75,17.47,0.73,5724,34.94,0.0,419.28,-17.47
2020-08-14,São Paulo,Barra do Chapéu,0.0,0,1,17.47,42,1,2.38,733.75,17.47,0.73,5724,34.94,-34.94,436.75,-34.94
2020-08-13,São Paulo,Barra do Chapéu,17.47,1,0,0.0,42,0,0.0,733.75,0.0,0.73,5724,69.88,17.47,471.69,0.0
2020-08-12,São Paulo,Barra do Chapéu,17.47,1,0,0.0,41,0,0.0,716.28,0.0,0.72,5724,52.41,17.47,471.69,17.47
2020-08-11,São Paulo,Barra do Chapéu,0.0,0,0,0.0,40,0,0.0,698.81,0.0,0.7,5724,34.94,-174.7,454.22,0.0
2020-08-10,São Paulo,Barra do Chapéu,0.0,0,0,0.0,40,0,0.0,698.81,0.0,0.7,5724,209.64,0.0,454.22,0.0
2020-08-09,São Paulo,Barra do Chapéu,0.0,0,0,0.0,40,0,0.0,698.81,0.0,0.7,5724,209.64,0.0,454.22,-17.47
2020-08-08,São Paulo,Barra do Chapéu,0.0,0,0,0.0,40,0,0.0,698.81,0.0,0.7,5724,209.64,0.0,471.69,-52.41
2020-08-07,São Paulo,Barra do Chapéu,34.94,2,0,0.0,40,0,0.0,698.81,0.0,0.7,5724,209.64,17.47,524.1,-34.94
2020-08-06,São Paulo,Barra do Chapéu,0.0,0,0,0.0,38,0,0.0,663.87,0.0,0.66,5724,192.17,0.0,559.04,-34.94
2020-08-05,São Paulo,Barra do Chapéu,0.0,0,0,0.0,38,0,0.0,663.87,0.0,0.66,5724,192.17,-17.47,593.98,0.0
2020-08-04,São Paulo,Barra do Chapéu,174.7,10,0,0.0,38,0,0.0,663.87,0.0,0.66,5724,209.64,174.7,593.98,157.23
2020-08-03,São Paulo,Barra do Chapéu,0.0,0,0,0.0,28,0,0.0,489.17,0.0,0.49,5724,34.94,0.0,436.75,0.0
2020-08-02,São Paulo,Barra do Chapéu,0.0,0,0,0.0,28,0,0.0,489.17,0.0,0.49,5724,34.94,0.0,436.75,0.0
2020-08-01,São Paulo,Barra do Chapéu,0.0,0,0,0.0,28,0,0.0,489.17,0.0,0.49,5724,34.94,-34.94,436.75,0.0
2020-07-31,São Paulo,Barra do Chapéu,17.47,1,0,0.0,28,0,0.0,489.17,0.0,0.49,5724,69.88,-17.47,436.75,17.47
2020-07-30,São Paulo,Barra do Chapéu,0.0,0,0,0.0,27,0,0.0,471.7,0.0,0.47,5724,87.35,-34.94,419.28,0.0
2020-07-29,São Paulo,Barra do Chapéu,17.47,1,0,0.0,27,0,0.0,471.7,0.0,0.47,5724,122.29,-17.47,419.28,17.47
2020-07-28,São Paulo,Barra do Chapéu,0.0,0,0,0.0,26,0,0.0,454.23,0.0,0.45,5724,139.76,0.0,401.81,-17.47
2020-07-27,São Paulo,Barra do Chapéu,0.0,0,0,0.0,26,0,0.0,454.23,0.0,0.45,5724,139.76,0.0,419.28,0.0
2020-07-26,São Paulo,Barra do Chapéu,0.0,0,0,0.0,26,0,0.0,454.23,0.0,0.45,5724,139.76,0.0,419.28,0.0
2020-07-25,São Paulo,Barra do Chapéu,34.94,2,0,0.0,26,0,0.0,454.23,0.0,0.45,5724,139.76,17.47,419.28,34.94
2020-07-24,São Paulo,Barra do Chapéu,34.94,2,0,0.0,24,0,0.0,419.29,0.0,0.42,5724,122.29,0.0,384.34,34.94
2020-07-23,São Paulo,Barra do Chapéu,34.94,2,0,0.0,22,0,0.0,384.35,0.0,0.38,5724,122.29,17.47,349.4,34.94
2020-07-22,São Paulo,Barra do Chapéu,34.94,2,0,0.0,20,0,0.0,349.41,0.0,0.35,5724,104.82,34.94,314.46,17.47
2020-07-21,São Paulo,Barra do Chapéu,0.0,0,0,0.0,18,0,0.0,314.47,0.0,0.31,5724,69.88,0.0,296.99,0.0
2020-07-20,São Paulo,Barra do Chapéu,0.0,0,0,0.0,18,0,0.0,314.47,0.0,0.31,5724,69.88,0.0,296.99,0.0
2020-07-19,São Paulo,Barra do Chapéu,0.0,0,0,0.0,18,0,0.0,314.47,0.0,0.31,5724,69.88,-17.47,296.99,0.0
2020-07-18,São Paulo,Barra do Chapéu,17.47,1,0,0.0,18,0,0.0,314.47,0.0,0.31,5724,87.35,-34.94,296.99,17.47
2020-07-17,São Paulo,Barra do Chapéu,34.94,2,0,0.0,17,0,0.0,297.0,0.0,0.3,5724,122.29,-34.94,279.52,34.94
2020-07-16,São Paulo,Barra do Chapéu,17.47,1,0,0.0,15,0,0.0,262.05,0.0,0.26,5724,157.23,-17.47,244.58,17.47
2020-07-15,São Paulo,Barra do Chapéu,0.0,0,0,0.0,14,0,0.0,244.58,0.0,0.24,5724,174.7,0.0,227.11,0.0
2020-07-14,São Paulo,Barra do Chapéu,0.0,0,0,0.0,14,0,0.0,244.58,0.0,0.24,5724,174.7,-17.47,227.11,0.0
2020-07-13,São Paulo,Barra do Chapéu,0.0,0,0,0.0,14,0,0.0,244.58,0.0,0.24,5724,192.17,0.0,227.11,0.0
2020-07-12,São Paulo,Barra do Chapéu,17.47,1,0,0.0,14,0,0.0,244.58,0.0,0.24,5724,192.17,17.47,227.11,17.47
2020-07-11,São Paulo,Barra do Chapéu,52.41,3,0,0.0,13,0,0.0,227.11,0.0,0.23,5724,174.7,52.41,209.64,52.41
2020-07-10,São Paulo,Barra do Chapéu,69.88,4,0,0.0,10,0,0.0,174.7,0.0,0.17,5724,122.29,69.88,157.23,69.88
2020-07-09,São Paulo,Barra do Chapéu,34.94,2,0,0.0,6,0,0.0,104.82,0.0,0.1,5724,52.41,34.94,87.35,34.94
2020-07-08,São Paulo,Barra do Chapéu,0.0,0,0,0.0,4,0,0.0,69.88,0.0,0.07,5724,17.47,0.0,52.41,0.0
2020-07-07,São Paulo,Barra do Chapéu,17.47,1,0,0.0,4,0,0.0,69.88,0.0,0.07,5724,17.47,0.0,52.41,17.47
2020-07-06,São Paulo,Barra do Chapéu,0.0,0,0,0.0,3,0,0.0,52.41,0.0,0.05,5724,17.47,0.0,34.94,0.0
2020-07-05,São Paulo,Barra do Chapéu,0.0,0,0,0.0,3,0,0.0,52.41,0.0,0.05,5724,17.47,0.0,34.94,0.0
2020-07-04,São Paulo,Barra do Chapéu,0.0,0,0,0.0,3,0,0.0,52.41,0.0,0.05,5724,17.47,0.0,34.94,0.0
2020-07-03,São Paulo,Barra do Chapéu,0.0,0,0,0.0,3,0,0.0,52.41,0.0,0.05,5724,17.47,0.0,34.94,0.0
2020-07-02,São Paulo,Barra do Chapéu,0.0,0,0,0.0,3,0,0.0,52.41,0.0,0.05,5724,17.47,0.0,34.94,0.0
2020-07-01,São Paulo,Barra do Chapéu,0.0,0,0,0.0,3,0,0.0,52.41,0.0,0.05,5724,17.47,-17.47,34.94,0.0
2020-06-30,São Paulo,Barra do Chapéu,17.47,1,0,0.0,3,0,0.0,52.41,0.0,0.05,5724,34.94,17.47,34.94,17.47
2020-06-29,São Paulo,Barra do Chapéu,0.0,0,0,0.0,2,0,0.0,34.94,0.0,0.03,5724,17.47,0.0,17.47,0.0
2020-06-28,São Paulo,Barra do Chapéu,0.0,0,0,0.0,2,0,0.0,34.94,0.0,0.03,5724,17.47,0.0,17.47,0.0
2020-06-27,São Paulo,Barra do Chapéu,0.0,0,0,0.0,2,0,0.0,34.94,0.0,0.03,5724,17.47,0.0,17.47,0.0
2020-06-26,São Paulo,Barra do Chapéu,0.0,0,0,0.0,2,0,0.0,34.94,0.0,0.03,5724,17.47,0.0,17.47,0.0
2020-06-25,São Paulo,Barra do Chapéu,0.0,0,0,0.0,2,0,0.0,34.94,0.0,0.03,5724,17.47,0.0,17.47,0.0
2020-06-24,São Paulo,Barra do Chapéu,17.47,1,0,0.0,2,0,0.0,34.94,0.0,0.03,5724,17.47,17.47,17.47,17.47
2020-06-23,São Paulo,Barra do Chapéu,0.0,0,0,0.0,1,0,0.0,17.47,0.0,0.02,5724,0.0,0.0,0.0,0.0
2020-06-22,São Paulo,Barra do Chapéu,0.0,0,0,0.0,1,0,0.0,17.47,0.0,0.02,5724,0.0,0.0,0.0,0.0
2020-06-21,São Paulo,Barra do Chapéu,0.0,0,0,0.0,1,0,0.0,17.47,0.0,0.02,5724,0.0,0.0,0.0,0.0
2020-06-20,São Paulo,Barra do Chapéu,0.0,0,0,0.0,1,0,0.0,17.47,0.0,0.02,5724,0.0,0.0,0.0,0.0
2020-06-19,São Paulo,Barra do Chapéu,0.0,0,0,0.0,1,0,0.0,17.47,0.0,0.02,5724,0.0,0.0,0.0,0.0
