date,state,city,1day_cases_100k,new_cases,new_deaths,new_deaths_100k,total_cases,total_deaths,cfr%,total_cases_100k,total_deaths_100k,%infected,population,7day_cases_100k,7day_cases_change,28day_cases_100k,28day_cases_change
2021-12-06,São Paulo,Bertioga,56.92,36,2,3.16,6698,173,2.58,10589.89,273.52,10.59,63249,189.74,55.34,915.42,45.85
2021-11-24,São Paulo,Bertioga,11.07,7,0,0.0,6662,171,2.57,10532.97,270.36,10.53,63249,134.4,11.07,869.57,11.07
2021-11-23,São Paulo,Bertioga,11.07,7,0,0.0,6655,171,2.57,10521.91,270.36,10.52,63249,123.33,6.33,858.5,9.49
2021-11-18,São Paulo,Bertioga,72.73,46,3,4.74,6648,171,2.57,10510.84,270.36,10.51,63249,117.0,39.53,849.01,-56.92
2021-11-11,São Paulo,Bertioga,37.95,24,0,0.0,6602,168,2.54,10438.11,265.62,10.44,63249,77.47,-22.13,905.93,36.37
2021-11-09,São Paulo,Bertioga,0.0,0,0,0.0,6578,168,2.55,10400.16,265.62,10.4,63249,99.6,-1.58,869.56,0.0
2021-11-08,São Paulo,Bertioga,0.0,0,0,0.0,6578,168,2.55,10400.16,265.62,10.4,63249,101.18,-1.58,869.56,0.0
2021-11-07,São Paulo,Bertioga,1.58,1,1,1.58,6578,168,2.55,10400.16,265.62,10.4,63249,102.76,-31.62,869.56,1.58
2021-11-03,São Paulo,Bertioga,0.0,0,0,0.0,6577,167,2.54,10398.58,264.04,10.4,63249,134.38,-26.88,867.98,-1.58
2021-10-29,São Paulo,Bertioga,4.74,3,0,0.0,6577,167,2.54,10398.58,264.04,10.4,63249,161.26,4.74,869.56,3.16
2021-10-28,São Paulo,Bertioga,33.2,21,0,0.0,6574,167,2.54,10393.84,264.04,10.39,63249,156.52,-39.53,866.4,31.62
2021-10-27,São Paulo,Bertioga,60.08,38,0,0.0,6553,167,2.55,10360.64,264.04,10.36,63249,196.05,-260.87,834.78,58.5
2021-10-26,São Paulo,Bertioga,1.58,1,1,1.58,6515,167,2.56,10300.56,264.04,10.3,63249,456.92,-64.82,776.28,-1.58
2021-10-25,São Paulo,Bertioga,1.58,1,0,0.0,6514,166,2.55,10298.98,262.45,10.3,63249,521.74,1.58,777.86,-1.58
2021-10-22,São Paulo,Bertioga,33.2,21,0,0.0,6513,166,2.55,10297.4,262.45,10.3,63249,520.16,33.2,779.44,12.65
2021-10-21,São Paulo,Bertioga,26.88,17,0,0.0,6492,166,2.56,10264.19,262.45,10.26,63249,486.96,-34.78,766.79,26.88
2021-10-20,São Paulo,Bertioga,0.0,0,0,0.0,6475,166,2.56,10237.32,262.45,10.24,63249,521.74,-4.74,739.91,-14.23
2021-10-19,São Paulo,Bertioga,72.73,46,0,0.0,6475,166,2.56,10237.32,262.45,10.24,63249,526.48,36.37,754.14,61.66
2021-10-18,São Paulo,Bertioga,320.95,203,0,0.0,6429,166,2.58,10164.59,262.45,10.16,63249,490.11,320.95,692.48,320.95
2021-10-15,São Paulo,Bertioga,66.4,42,1,1.58,6226,166,2.67,9843.63,262.45,9.84,63249,169.16,66.4,371.53,53.75
2021-10-14,São Paulo,Bertioga,0.0,0,0,0.0,6184,165,2.67,9777.23,260.87,9.78,63249,102.76,0.0,317.78,-7.91
2021-10-13,São Paulo,Bertioga,0.0,0,0,0.0,6184,165,2.67,9777.23,260.87,9.78,63249,102.76,-11.07,325.69,-6.32
2021-10-12,São Paulo,Bertioga,61.66,39,0,0.0,6184,165,2.67,9777.23,260.87,9.78,63249,113.83,61.66,332.01,56.92
2021-10-01,São Paulo,Bertioga,4.74,3,0,0.0,6145,165,2.69,9715.57,260.87,9.72,63249,52.17,3.16,275.09,3.16
2021-09-29,São Paulo,Bertioga,36.36,23,0,0.0,6142,165,2.69,9710.83,260.87,9.71,63249,49.01,-93.29,271.93,30.04
2021-09-28,São Paulo,Bertioga,0.0,0,0,0.0,6119,165,2.7,9674.46,260.87,9.67,63249,142.3,-1.58,241.89,-11.07
2021-09-24,São Paulo,Bertioga,0.0,0,0,0.0,6119,165,2.7,9674.46,260.87,9.67,63249,143.88,0.0,252.96,-7.91
2021-09-23,São Paulo,Bertioga,0.0,0,0,0.0,6119,165,2.7,9674.46,260.87,9.67,63249,143.88,0.0,260.87,-74.31
2021-09-22,São Paulo,Bertioga,11.07,7,0,0.0,6119,165,2.7,9674.46,260.87,9.67,63249,143.88,11.07,335.18,11.07
2021-09-21,São Paulo,Bertioga,0.0,0,0,0.0,6112,165,2.7,9663.39,260.87,9.66,63249,132.81,-1.58,324.11,0.0
2021-09-20,São Paulo,Bertioga,1.58,1,0,0.0,6112,165,2.7,9663.39,260.87,9.66,63249,134.39,0.0,324.11,3.16
2021-09-19,São Paulo,Bertioga,129.65,82,2,3.16,6111,165,2.7,9661.81,260.87,9.66,63249,134.39,128.07,320.95,107.52
2021-09-15,São Paulo,Bertioga,1.58,1,0,0.0,6029,163,2.7,9532.17,257.71,9.53,63249,6.32,0.0,213.43,-3.16
2021-09-14,São Paulo,Bertioga,0.0,0,0,0.0,6028,163,2.7,9530.59,257.71,9.53,63249,6.32,-3.16,216.59,1.58
2021-09-13,São Paulo,Bertioga,0.0,0,0,0.0,6028,163,2.7,9530.59,257.71,9.53,63249,9.48,-3.16,215.01,-22.13
2021-09-12,São Paulo,Bertioga,0.0,0,0,0.0,6028,163,2.7,9530.59,257.71,9.53,63249,12.64,-20.55,237.14,-4.74
2021-09-10,São Paulo,Bertioga,1.58,1,0,0.0,6028,163,2.7,9530.59,257.71,9.53,63249,33.19,1.58,241.88,-9.49
2021-09-09,São Paulo,Bertioga,1.58,1,0,0.0,6027,163,2.7,9529.0,257.71,9.53,63249,31.61,-12.65,251.37,-33.2
2021-09-08,São Paulo,Bertioga,1.58,1,0,0.0,6026,163,2.7,9527.42,257.71,9.53,63249,44.26,-9.49,284.57,-4.74
2021-09-07,São Paulo,Bertioga,1.58,1,0,0.0,6025,163,2.71,9525.84,257.71,9.53,63249,53.75,1.58,289.31,-6.33
2021-09-06,São Paulo,Bertioga,3.16,2,0,0.0,6024,163,2.71,9524.26,257.71,9.52,63249,52.17,-9.49,295.64,3.16
2021-09-05,São Paulo,Bertioga,3.16,2,0,0.0,6022,163,2.71,9521.1,257.71,9.52,63249,61.66,-4.75,292.48,-1.58
2021-09-03,São Paulo,Bertioga,20.55,13,0,0.0,6020,163,2.71,9517.94,257.71,9.52,63249,66.41,14.23,294.06,6.32
2021-09-02,São Paulo,Bertioga,0.0,0,1,1.58,6007,163,2.71,9497.38,257.71,9.5,63249,52.18,-4.74,287.74,-31.62
2021-09-01,São Paulo,Bertioga,14.23,9,0,0.0,6007,162,2.7,9497.38,256.13,9.5,63249,56.92,12.65,319.36,0.0
2021-08-31,São Paulo,Bertioga,11.07,7,0,0.0,5998,162,2.7,9483.15,256.13,9.48,63249,44.27,4.75,319.36,3.16
2021-08-30,São Paulo,Bertioga,0.0,0,0,0.0,5991,162,2.7,9472.09,256.13,9.47,63249,39.52,-11.07,316.2,-9.49
2021-08-29,São Paulo,Bertioga,12.65,8,0,0.0,5991,162,2.7,9472.09,256.13,9.47,63249,50.59,4.74,325.69,-12.65
2021-08-27,São Paulo,Bertioga,7.91,5,2,3.16,5983,162,2.71,9459.44,256.13,9.46,63249,45.85,-66.4,338.34,-11.06
2021-08-26,São Paulo,Bertioga,6.32,4,0,0.0,5978,160,2.68,9451.53,252.97,9.45,63249,112.25,6.32,349.4,1.58
2021-08-25,São Paulo,Bertioga,4.74,3,0,0.0,5974,160,2.68,9445.21,252.97,9.45,63249,105.93,4.74,347.82,4.74
2021-08-24,São Paulo,Bertioga,1.58,1,-1,-1.58,5971,160,2.68,9440.47,252.97,9.44,63249,101.19,3.16,343.08,0.0
2021-08-23,São Paulo,Bertioga,6.32,4,0,0.0,5970,161,2.7,9438.88,254.55,9.44,63249,98.03,-15.81,343.08,-11.07
2021-08-20,São Paulo,Bertioga,11.07,7,0,0.0,5966,161,2.7,9432.56,254.55,9.43,63249,113.84,6.33,354.15,6.33
2021-08-19,São Paulo,Bertioga,7.91,5,0,0.0,5959,161,2.7,9421.49,254.55,9.42,63249,107.51,9.49,347.82,-18.97
2021-08-18,São Paulo,Bertioga,74.31,47,0,0.0,5954,161,2.7,9413.59,254.55,9.41,63249,98.02,52.18,366.79,26.88
2021-08-17,São Paulo,Bertioga,0.0,0,0,0.0,5907,161,2.73,9339.28,254.55,9.34,63249,45.84,-4.74,339.91,-17.39
2021-08-16,São Paulo,Bertioga,0.0,0,0,0.0,5907,161,2.73,9339.28,254.55,9.34,63249,50.58,-11.07,357.3,0.0
2021-08-15,São Paulo,Bertioga,-1.58,-1,0,0.0,5907,161,2.73,9339.28,254.55,9.34,63249,61.65,-36.36,357.3,-9.49
2021-08-14,São Paulo,Bertioga,22.13,14,0,0.0,5908,161,2.73,9340.86,254.55,9.34,63249,98.01,15.81,366.79,15.81
2021-08-13,São Paulo,Bertioga,4.74,3,0,0.0,5894,161,2.73,9318.72,254.55,9.32,63249,82.2,-3.17,350.98,-7.91
2021-08-12,São Paulo,Bertioga,-1.58,-1,0,0.0,5891,161,2.73,9313.98,254.55,9.31,63249,85.37,-1.58,358.89,-86.96
2021-08-11,São Paulo,Bertioga,22.13,14,0,0.0,5892,161,2.73,9315.56,254.55,9.32,63249,86.95,17.39,445.85,-63.25
2021-08-10,São Paulo,Bertioga,4.74,3,0,0.0,5878,161,2.74,9293.43,254.55,9.29,63249,69.56,-9.49,509.1,-96.45
2021-08-09,São Paulo,Bertioga,11.07,7,0,0.0,5875,161,2.74,9288.68,254.55,9.29,63249,79.05,-20.55,605.55,11.07
2021-08-06,São Paulo,Bertioga,34.78,22,0,0.0,5868,161,2.74,9277.62,254.55,9.28,63249,99.6,20.55,594.48,34.78
2021-08-04,São Paulo,Bertioga,6.32,4,0,0.0,5846,161,2.75,9242.83,254.55,9.24,63249,79.05,-1.59,559.7,-15.81
2021-08-03,São Paulo,Bertioga,7.91,5,0,0.0,5842,161,2.76,9236.51,254.55,9.24,63249,80.64,-1.58,575.51,3.17
2021-08-02,São Paulo,Bertioga,0.0,0,0,0.0,5837,161,2.76,9228.6,254.55,9.23,63249,82.22,-25.3,572.34,-20.55
2021-08-01,São Paulo,Bertioga,4.74,3,0,0.0,5837,161,2.76,9228.6,254.55,9.23,63249,107.52,-14.23,592.89,-22.14
2021-07-31,São Paulo,Bertioga,14.23,9,0,0.0,5834,161,2.76,9223.86,254.55,9.22,63249,121.75,9.49,615.03,14.23
2021-07-30,São Paulo,Bertioga,31.62,20,1,1.58,5825,161,2.76,9209.63,254.55,9.21,63249,112.26,31.62,600.8,30.04
2021-07-27,São Paulo,Bertioga,14.23,9,0,0.0,5805,160,2.76,9178.01,252.97,9.18,63249,80.64,12.65,570.76,11.07
2021-07-25,São Paulo,Bertioga,7.91,5,0,0.0,5796,160,2.76,9163.78,252.97,9.16,63249,67.99,-9.48,559.69,-1.58
2021-07-23,São Paulo,Bertioga,9.49,6,0,0.0,5791,160,2.76,9155.88,252.97,9.16,63249,77.47,4.75,561.27,-9.48
2021-07-22,São Paulo,Bertioga,25.3,16,0,0.0,5785,160,2.77,9146.39,252.97,9.15,63249,72.72,-1.58,570.75,-12.65
2021-07-21,São Paulo,Bertioga,18.97,12,0,0.0,5769,160,2.77,9121.09,252.97,9.12,63249,74.3,-28.46,583.4,12.65
2021-07-20,São Paulo,Bertioga,4.74,3,2,3.16,5757,160,2.78,9102.12,252.97,9.1,63249,102.76,-12.65,570.75,4.74
2021-07-19,São Paulo,Bertioga,0.0,0,0,0.0,5754,158,2.75,9097.38,249.81,9.1,63249,115.41,0.0,566.01,-3.16
2021-07-18,São Paulo,Bertioga,1.58,1,0,0.0,5754,158,2.75,9097.38,249.81,9.1,63249,115.41,-6.33,569.17,-3.16
2021-07-17,São Paulo,Bertioga,17.39,11,0,0.0,5753,158,2.75,9095.8,249.81,9.1,63249,121.74,11.07,572.33,-83.8
2021-07-16,São Paulo,Bertioga,4.74,3,0,0.0,5742,158,2.75,9078.4,249.81,9.08,63249,110.67,-7.91,656.13,-77.47
2021-07-15,São Paulo,Bertioga,26.88,17,0,0.0,5739,158,2.75,9073.66,249.81,9.07,63249,118.58,-58.5,733.6,-36.36
2021-07-14,São Paulo,Bertioga,47.43,30,2,3.16,5722,158,2.76,9046.78,249.81,9.05,63249,177.08,-37.95,769.96,42.69
2021-07-13,São Paulo,Bertioga,17.39,11,0,0.0,5692,156,2.74,8999.35,246.64,9.0,63249,215.03,-83.8,727.27,-1.58
2021-07-12,São Paulo,Bertioga,0.0,0,0,0.0,5681,156,2.75,8981.96,246.64,8.98,63249,298.83,0.0,728.85,-25.3
2021-07-11,São Paulo,Bertioga,7.91,5,0,0.0,5681,156,2.75,8981.96,246.64,8.98,63249,298.83,7.91,754.15,-17.39
2021-07-10,São Paulo,Bertioga,6.32,4,0,0.0,5676,156,2.75,8974.05,246.64,8.97,63249,290.92,-15.81,771.54,-15.81
2021-07-09,São Paulo,Bertioga,12.65,8,0,0.0,5672,156,2.75,8967.73,246.64,8.97,63249,306.73,7.91,787.35,4.74
2021-07-08,São Paulo,Bertioga,85.38,54,0,0.0,5664,156,2.75,8955.08,246.64,8.96,63249,298.82,64.83,782.61,85.38
2021-07-07,São Paulo,Bertioga,85.38,54,0,0.0,5610,156,2.78,8869.71,246.64,8.87,63249,233.99,58.5,697.23,72.73
2021-07-06,São Paulo,Bertioga,101.19,64,4,6.32,5556,156,2.81,8784.33,246.64,8.78,63249,175.49,101.19,624.5,86.96
2021-07-05,São Paulo,Bertioga,0.0,0,0,0.0,5492,152,2.77,8683.14,240.32,8.68,63249,74.3,-1.58,537.54,-1.58
2021-07-04,São Paulo,Bertioga,0.0,0,0,0.0,5492,152,2.77,8683.14,240.32,8.68,63249,75.88,-3.16,539.12,-4.74
2021-07-03,São Paulo,Bertioga,22.13,14,0,0.0,5492,152,2.77,8683.14,240.32,8.68,63249,79.04,12.64,543.86,-6.33
2021-07-02,São Paulo,Bertioga,4.74,3,1,1.58,5478,152,2.77,8661.01,240.32,8.66,63249,66.4,-14.23,550.19,1.58
2021-07-01,São Paulo,Bertioga,20.55,13,1,1.58,5475,151,2.76,8656.26,238.74,8.66,63249,80.63,-17.4,548.61,-6.33
2021-06-30,São Paulo,Bertioga,26.88,17,2,3.16,5462,150,2.75,8635.71,237.16,8.64,63249,98.03,20.56,554.94,20.56
2021-06-28,São Paulo,Bertioga,0.0,0,0,0.0,5445,148,2.72,8608.83,234.0,8.61,63249,77.47,0.0,534.38,-1.58
2021-06-27,São Paulo,Bertioga,1.58,1,0,0.0,5445,148,2.72,8608.83,234.0,8.61,63249,77.47,-1.58,535.96,-20.55
2021-06-26,São Paulo,Bertioga,3.16,2,0,0.0,5444,148,2.72,8607.25,234.0,8.61,63249,79.05,-1.58,556.51,-7.91
2021-06-25,São Paulo,Bertioga,9.49,6,0,0.0,5442,148,2.72,8604.09,234.0,8.6,63249,80.63,-91.7,564.42,-6.32
2021-06-24,São Paulo,Bertioga,18.97,12,2,3.16,5436,148,2.72,8594.6,234.0,8.59,63249,172.33,-63.24,570.74,18.97
2021-06-23,São Paulo,Bertioga,37.95,24,1,1.58,5424,146,2.69,8575.63,230.83,8.58,63249,235.57,-25.29,551.77,18.98
2021-06-22,São Paulo,Bertioga,6.32,4,0,0.0,5400,145,2.69,8537.68,229.25,8.54,63249,260.86,1.58,532.79,1.58
2021-06-21,São Paulo,Bertioga,0.0,0,0,0.0,5396,145,2.69,8531.36,229.25,8.53,63249,259.28,-18.97,531.21,-72.73
2021-06-20,São Paulo,Bertioga,3.16,2,0,0.0,5396,145,2.69,8531.36,229.25,8.53,63249,278.25,-22.14,603.94,-1.58
2021-06-19,São Paulo,Bertioga,4.74,3,1,1.58,5394,145,2.69,8528.2,229.25,8.53,63249,300.39,-20.56,605.52,-44.27
2021-06-18,São Paulo,Bertioga,101.19,64,1,1.58,5391,144,2.67,8523.45,227.67,8.52,63249,320.95,79.06,649.79,41.11
2021-06-16,São Paulo,Bertioga,82.21,52,0,0.0,5327,143,2.68,8422.27,226.09,8.42,63249,241.89,74.3,608.68,77.47
2021-06-15,São Paulo,Bertioga,63.24,40,1,1.58,5275,143,2.71,8340.05,226.09,8.34,63249,167.59,63.24,531.21,0.0
2021-06-13,São Paulo,Bertioga,4.74,3,0,0.0,5235,142,2.71,8276.81,224.51,8.28,63249,104.35,-7.91,531.21,-42.69
2021-06-12,São Paulo,Bertioga,18.97,12,1,1.58,5232,142,2.71,8272.07,224.51,8.27,63249,112.26,4.74,573.9,-39.53
2021-06-11,São Paulo,Bertioga,25.3,16,1,1.58,5220,141,2.7,8253.09,222.93,8.25,63249,107.52,23.72,613.43,-63.24
2021-06-10,São Paulo,Bertioga,25.3,16,2,3.16,5204,140,2.69,8227.8,221.35,8.23,63249,83.8,20.56,676.67,-79.05
2021-06-09,São Paulo,Bertioga,22.13,14,0,0.0,5188,138,2.66,8202.5,218.19,8.2,63249,63.24,-6.33,755.72,18.97
2021-06-08,São Paulo,Bertioga,7.91,5,0,0.0,5174,138,2.67,8180.37,218.19,8.18,63249,69.57,4.75,736.75,4.75
2021-06-07,São Paulo,Bertioga,0.0,0,0,0.0,5169,138,2.67,8172.46,218.19,8.17,63249,64.82,-26.88,732.0,-67.99
2021-06-06,São Paulo,Bertioga,12.65,8,0,0.0,5169,138,2.67,8172.46,218.19,8.17,63249,91.7,6.33,799.99,-36.36
2021-06-05,São Paulo,Bertioga,14.23,9,0,0.0,5161,138,2.67,8159.81,218.19,8.16,63249,85.37,12.65,836.35,-36.36
2021-06-04,São Paulo,Bertioga,1.58,1,0,0.0,5152,138,2.68,8145.58,218.19,8.15,63249,72.72,-20.55,872.71,-7.91
2021-06-03,São Paulo,Bertioga,4.74,3,0,0.0,5151,138,2.68,8144.0,218.19,8.14,63249,93.27,-6.33,880.62,-45.85
2021-06-02,São Paulo,Bertioga,28.46,18,2,3.16,5148,138,2.68,8139.26,218.19,8.14,63249,99.6,12.65,926.47,26.88
2021-05-31,São Paulo,Bertioga,3.16,2,0,0.0,5130,136,2.65,8110.8,215.02,8.11,63249,86.95,3.16,899.59,-55.34
2021-05-30,São Paulo,Bertioga,26.88,17,0,0.0,5128,136,2.65,8107.64,215.02,8.11,63249,83.79,7.91,954.93,-7.9
2021-05-29,São Paulo,Bertioga,6.32,4,1,1.58,5111,136,2.66,8080.76,215.02,8.08,63249,75.88,1.58,962.83,-39.53
2021-05-28,São Paulo,Bertioga,1.58,1,4,6.32,5107,135,2.64,8074.44,213.44,8.07,63249,74.3,-71.15,1002.36,-3.16
2021-05-27,São Paulo,Bertioga,22.13,14,2,3.16,5106,131,2.57,8072.85,207.12,8.07,63249,145.45,17.39,1005.52,20.55
2021-05-26,São Paulo,Bertioga,11.07,7,2,3.16,5092,129,2.53,8050.72,203.96,8.05,63249,128.06,-37.94,984.97,12.65
2021-05-25,São Paulo,Bertioga,15.81,10,0,0.0,5085,127,2.5,8039.65,200.79,8.04,63249,166.0,-44.27,972.32,-98.03
2021-05-24,São Paulo,Bertioga,0.0,0,0,0.0,5075,127,2.5,8023.84,200.79,8.02,63249,210.27,-4.74,1070.35,-143.88
2021-05-23,São Paulo,Bertioga,18.97,12,0,0.0,5075,127,2.5,8023.84,200.79,8.02,63249,215.01,-44.27,1214.23,18.97
2021-05-22,São Paulo,Bertioga,4.74,3,0,0.0,5063,127,2.51,8004.87,200.79,8.0,63249,259.28,-42.69,1195.26,-90.12
2021-05-21,São Paulo,Bertioga,72.73,46,0,0.0,5060,127,2.51,8000.13,200.79,8.0,63249,301.97,14.23,1285.38,-1.58
2021-05-20,São Paulo,Bertioga,4.74,3,0,0.0,5014,127,2.53,7927.4,200.79,7.93,63249,287.74,-83.8,1286.96,4.74
2021-05-19,São Paulo,Bertioga,49.01,31,3,4.74,5011,127,2.53,7922.65,200.79,7.92,63249,371.54,-55.34,1282.22,49.01
2021-05-18,São Paulo,Bertioga,60.08,38,1,1.58,4980,124,2.49,7873.64,196.05,7.87,63249,426.88,56.92,1233.21,-91.7
2021-05-17,São Paulo,Bertioga,4.74,3,0,0.0,4942,123,2.49,7813.56,194.47,7.81,63249,369.96,1.58,1324.91,-63.25
2021-05-15,São Paulo,Bertioga,63.24,40,0,0.0,4939,123,2.49,7808.82,194.47,7.81,63249,368.38,-4.75,1388.16,-61.66
2021-05-14,São Paulo,Bertioga,47.43,30,0,0.0,4899,123,2.51,7745.58,194.47,7.75,63249,373.13,-1.58,1449.82,-83.8
2021-05-13,São Paulo,Bertioga,58.5,37,1,1.58,4869,123,2.53,7698.15,194.47,7.7,63249,374.71,7.91,1533.62,-79.05
2021-05-12,São Paulo,Bertioga,88.54,56,0,0.0,4832,122,2.52,7639.65,192.89,7.64,63249,366.8,79.05,1612.67,88.54
2021-05-11,São Paulo,Bertioga,104.35,66,1,1.58,4776,122,2.55,7551.11,192.89,7.55,63249,287.75,53.76,1524.13,102.77
2021-05-10,São Paulo,Bertioga,3.16,2,0,0.0,4710,121,2.57,7446.76,191.31,7.45,63249,233.99,1.58,1421.36,-102.77
2021-05-09,São Paulo,Bertioga,3.16,2,1,1.58,4708,121,2.57,7443.6,191.31,7.44,63249,232.41,-55.34,1524.13,-118.58
2021-05-08,São Paulo,Bertioga,67.99,43,0,0.0,4706,120,2.55,7440.43,189.73,7.44,63249,287.75,33.21,1642.71,-66.4
2021-05-07,São Paulo,Bertioga,49.01,31,0,0.0,4663,120,2.57,7372.45,189.73,7.37,63249,254.54,3.16,1709.11,-55.34
2021-05-06,São Paulo,Bertioga,50.59,32,2,3.16,4632,120,2.59,7323.44,189.73,7.32,63249,251.38,45.85,1764.45,9.48
2021-05-05,São Paulo,Bertioga,9.49,6,1,1.58,4600,118,2.57,7272.84,186.56,7.27,63249,205.53,7.91,1754.97,6.33
2021-05-04,São Paulo,Bertioga,50.59,32,0,0.0,4594,117,2.55,7263.36,184.98,7.26,63249,197.62,52.17,1748.64,50.59
2021-05-03,São Paulo,Bertioga,1.58,1,0,0.0,4562,117,2.56,7212.76,184.98,7.21,63249,145.45,-112.26,1698.05,3.16
2021-05-02,São Paulo,Bertioga,58.5,37,4,6.32,4561,117,2.57,7211.18,184.98,7.21,63249,257.71,-85.38,1694.89,53.76
2021-04-30,São Paulo,Bertioga,34.78,22,9,14.23,4524,113,2.5,7152.68,178.66,7.15,63249,343.09,34.78,1641.13,33.2
2021-04-29,São Paulo,Bertioga,45.85,29,1,1.58,4502,104,2.31,7117.9,164.43,7.12,63249,308.31,-49.01,1607.93,33.2
2021-04-28,São Paulo,Bertioga,4.74,3,0,0.0,4473,103,2.3,7072.05,162.85,7.07,63249,357.32,-69.57,1574.73,-1.58
2021-04-27,São Paulo,Bertioga,1.58,1,0,0.0,4470,103,2.3,7067.31,162.85,7.07,63249,426.89,1.58,1576.31,1.58
2021-04-26,São Paulo,Bertioga,-1.58,-1,0,0.0,4469,103,2.3,7065.72,162.85,7.07,63249,425.31,-1.58,1574.73,-3.16
2021-04-25,São Paulo,Bertioga,113.84,72,1,1.58,4470,103,2.3,7067.31,162.85,7.07,63249,426.89,-37.94,1577.89,104.35
2021-04-23,São Paulo,Bertioga,143.88,91,0,0.0,4398,102,2.32,6953.47,161.27,6.95,63249,464.83,75.89,1473.54,112.26
2021-04-22,São Paulo,Bertioga,0.0,0,0,0.0,4307,102,2.37,6809.59,161.27,6.81,63249,388.94,-124.9,1361.28,-4.74
2021-04-21,São Paulo,Bertioga,94.86,60,0,0.0,4307,102,2.37,6809.59,161.27,6.81,63249,513.84,-36.37,1366.02,83.79
2021-04-20,São Paulo,Bertioga,74.31,47,1,1.58,4247,102,2.4,6714.73,161.27,6.71,63249,550.21,-63.24,1282.23,52.18
2021-04-19,São Paulo,Bertioga,0.0,0,0,0.0,4200,101,2.4,6640.42,159.69,6.64,63249,613.45,0.0,1230.05,-1.58
2021-04-18,São Paulo,Bertioga,0.0,0,0,0.0,4200,101,2.4,6640.42,159.69,6.64,63249,613.45,-1.58,1231.63,-4.74
2021-04-17,São Paulo,Bertioga,151.78,96,1,1.58,4200,101,2.4,6640.42,159.69,6.64,63249,615.03,45.85,1236.37,142.29
2021-04-16,São Paulo,Bertioga,67.99,43,0,0.0,4104,100,2.44,6488.64,158.11,6.49,63249,569.18,-53.75,1094.08,64.83
2021-04-15,São Paulo,Bertioga,124.9,79,0,0.0,4061,100,2.46,6420.65,158.11,6.42,63249,622.93,-9.49,1029.25,80.63
2021-04-14,São Paulo,Bertioga,131.23,83,1,1.58,3982,100,2.51,6295.75,158.11,6.3,63249,632.42,26.88,948.62,128.07
2021-04-13,São Paulo,Bertioga,137.55,87,2,3.16,3899,99,2.54,6164.52,156.52,6.16,63249,605.54,96.44,820.55,131.23
2021-04-12,São Paulo,Bertioga,0.0,0,0,0.0,3812,97,2.54,6026.97,153.36,6.03,63249,509.1,-3.16,689.32,0.0
2021-04-11,São Paulo,Bertioga,1.58,1,0,0.0,3812,97,2.54,6026.97,153.36,6.03,63249,512.26,1.58,689.32,-1.58
2021-04-10,São Paulo,Bertioga,105.93,67,3,4.74,3811,97,2.55,6025.39,153.36,6.03,63249,510.68,107.51,690.9,90.12
2021-04-09,São Paulo,Bertioga,121.74,77,3,4.74,3744,94,2.51,5919.46,148.62,5.92,63249,403.17,117.0,600.78,120.16
2021-04-08,São Paulo,Bertioga,134.39,85,0,0.0,3667,91,2.48,5797.72,143.88,5.8,63249,286.17,132.81,480.62,109.09
2021-04-07,São Paulo,Bertioga,104.35,66,5,7.91,3582,91,2.54,5663.33,143.88,5.66,63249,153.36,91.7,371.53,47.43
2021-04-06,São Paulo,Bertioga,41.11,26,6,9.49,3516,86,2.45,5558.98,135.97,5.56,63249,61.66,34.79,324.1,1.58
2021-04-05,São Paulo,Bertioga,3.16,2,0,0.0,3490,80,2.29,5517.87,126.48,5.52,63249,26.87,3.16,322.52,0.0
2021-04-04,São Paulo,Bertioga,0.0,0,0,0.0,3488,80,2.29,5514.71,126.48,5.51,63249,23.71,-1.58,322.52,-3.16
2021-04-03,São Paulo,Bertioga,-1.58,-1,0,0.0,3488,80,2.29,5514.71,126.48,5.51,63249,25.29,-11.07,325.68,-3.16
2021-04-02,São Paulo,Bertioga,4.74,3,5,7.91,3489,80,2.29,5516.29,126.48,5.52,63249,36.36,-26.88,328.84,1.58
2021-04-01,São Paulo,Bertioga,1.58,1,2,3.16,3486,75,2.15,5511.55,118.58,5.51,63249,63.24,-3.16,327.26,1.58
2021-03-31,São Paulo,Bertioga,12.65,8,1,1.58,3485,73,2.09,5509.97,115.42,5.51,63249,66.4,1.58,325.68,-11.07
2021-03-30,São Paulo,Bertioga,6.32,4,0,0.0,3477,72,2.07,5497.32,113.84,5.5,63249,64.82,-15.81,336.75,-47.44
2021-03-29,São Paulo,Bertioga,0.0,0,0,0.0,3473,72,2.07,5491.0,113.84,5.49,63249,80.63,-1.58,384.19,0.0
2021-03-28,São Paulo,Bertioga,1.58,1,0,0.0,3473,72,2.07,5491.0,113.84,5.49,63249,82.21,-3.16,384.19,0.0
2021-03-27,São Paulo,Bertioga,9.49,6,3,4.74,3472,72,2.07,5489.41,113.84,5.49,63249,85.37,0.0,384.19,-26.87
2021-03-26,São Paulo,Bertioga,31.62,20,1,1.58,3466,69,1.99,5479.93,109.09,5.48,63249,85.37,28.46,411.06,9.49
2021-03-25,São Paulo,Bertioga,4.74,3,0,0.0,3446,68,1.97,5448.31,107.51,5.45,63249,56.91,-39.53,401.57,-85.38
2021-03-24,São Paulo,Bertioga,11.07,7,0,0.0,3443,68,1.98,5443.56,107.51,5.44,63249,96.44,7.91,486.95,11.07
2021-03-23,São Paulo,Bertioga,22.13,14,0,0.0,3436,68,1.98,5432.5,107.51,5.43,63249,88.53,15.81,475.88,22.13
2021-03-22,São Paulo,Bertioga,1.58,1,0,0.0,3422,68,1.99,5410.36,107.51,5.41,63249,72.72,1.58,453.75,1.58
2021-03-21,São Paulo,Bertioga,4.74,3,0,0.0,3421,68,1.99,5408.78,107.51,5.41,63249,71.14,1.58,452.17,4.74
2021-03-20,São Paulo,Bertioga,9.49,6,0,0.0,3418,68,1.99,5404.04,107.51,5.4,63249,69.56,-6.32,447.43,7.91
2021-03-19,São Paulo,Bertioga,3.16,2,0,0.0,3412,68,1.99,5394.55,107.51,5.39,63249,75.88,1.58,439.52,-63.24
2021-03-18,São Paulo,Bertioga,44.27,28,0,0.0,3410,68,1.99,5391.39,107.51,5.39,63249,74.3,18.97,502.76,4.74
2021-03-17,São Paulo,Bertioga,3.16,2,1,1.58,3382,68,2.01,5347.12,107.51,5.35,63249,55.33,-53.76,498.02,-39.53
2021-03-16,São Paulo,Bertioga,6.32,4,0,0.0,3380,67,1.98,5343.96,105.93,5.34,63249,109.09,-33.21,537.55,-12.65
2021-03-15,São Paulo,Bertioga,0.0,0,0,0.0,3376,67,1.98,5337.63,105.93,5.34,63249,142.3,-3.16,550.2,-1.58
2021-03-14,São Paulo,Bertioga,3.16,2,0,0.0,3376,67,1.98,5337.63,105.93,5.34,63249,145.46,0.0,551.78,3.16
2021-03-13,São Paulo,Bertioga,15.81,10,1,1.58,3374,67,1.99,5334.47,105.93,5.33,63249,145.46,14.23,548.62,-47.43
2021-03-12,São Paulo,Bertioga,1.58,1,0,0.0,3364,66,1.96,5318.66,104.35,5.32,63249,131.23,-1.58,596.05,-39.53
2021-03-11,São Paulo,Bertioga,25.3,16,1,1.58,3363,66,1.96,5317.08,104.35,5.32,63249,132.81,25.3,635.58,-50.59
2021-03-10,São Paulo,Bertioga,56.92,36,0,0.0,3347,65,1.94,5291.78,102.77,5.29,63249,107.51,33.2,686.17,52.18
2021-03-09,São Paulo,Bertioga,39.53,25,1,1.58,3311,65,1.96,5234.87,102.77,5.23,63249,74.31,-14.23,633.99,39.53
2021-03-08,São Paulo,Bertioga,3.16,2,0,0.0,3286,64,1.95,5195.34,101.19,5.2,63249,88.54,3.16,594.46,3.16
2021-03-07,São Paulo,Bertioga,3.16,2,0,0.0,3284,64,1.95,5192.18,101.19,5.19,63249,85.38,1.58,591.3,3.16
2021-03-06,São Paulo,Bertioga,1.58,1,1,1.58,3282,64,1.95,5189.01,101.19,5.19,63249,83.8,-34.78,588.14,-33.2
2021-03-05,São Paulo,Bertioga,3.16,2,1,1.58,3281,63,1.92,5187.43,99.61,5.19,63249,118.58,-18.97,621.34,-74.31
2021-03-04,São Paulo,Bertioga,0.0,0,0,0.0,3279,62,1.89,5184.27,98.03,5.18,63249,137.55,-90.12,695.65,-20.55
2021-03-03,São Paulo,Bertioga,23.72,15,1,1.58,3279,62,1.89,5184.27,98.03,5.18,63249,227.67,23.72,716.2,23.72
2021-03-02,São Paulo,Bertioga,53.76,34,0,0.0,3264,61,1.87,5160.56,96.44,5.16,63249,203.95,53.76,692.48,50.6
2021-03-01,São Paulo,Bertioga,0.0,0,0,0.0,3230,61,1.89,5106.8,96.44,5.11,63249,150.19,0.0,641.88,0.0
2021-02-28,São Paulo,Bertioga,1.58,1,0,0.0,3230,61,1.89,5106.8,96.44,5.11,63249,150.19,1.58,641.88,1.58
2021-02-27,São Paulo,Bertioga,36.36,23,0,0.0,3229,61,1.89,5105.22,96.44,5.11,63249,148.61,34.78,640.3,-36.37
2021-02-26,São Paulo,Bertioga,22.13,14,0,0.0,3206,61,1.9,5068.85,96.44,5.07,63249,113.83,-44.27,676.67,-17.4
2021-02-25,São Paulo,Bertioga,90.12,57,1,1.58,3192,61,1.91,5046.72,96.44,5.05,63249,158.1,50.59,694.07,55.34
2021-02-24,São Paulo,Bertioga,0.0,0,1,1.58,3135,60,1.91,4956.6,94.86,4.96,63249,107.51,-42.69,638.73,-33.2
2021-02-23,São Paulo,Bertioga,0.0,0,0,0.0,3135,59,1.88,4956.6,93.28,4.96,63249,150.2,-18.97,671.93,-34.78
2021-02-22,São Paulo,Bertioga,0.0,0,0,0.0,3135,59,1.88,4956.6,93.28,4.96,63249,169.17,-1.58,706.71,-1.58
2021-02-21,São Paulo,Bertioga,0.0,0,0,0.0,3135,59,1.88,4956.6,93.28,4.96,63249,170.75,0.0,708.29,-3.16
2021-02-20,São Paulo,Bertioga,1.58,1,0,0.0,3135,59,1.88,4956.6,93.28,4.96,63249,170.75,-61.66,711.45,-3.16
2021-02-19,São Paulo,Bertioga,66.4,42,0,0.0,3134,59,1.88,4955.02,93.28,4.96,63249,232.41,25.29,714.61,64.82
2021-02-18,São Paulo,Bertioga,39.53,25,0,0.0,3092,59,1.91,4888.61,93.28,4.89,63249,207.12,-36.36,649.79,28.46
2021-02-17,São Paulo,Bertioga,42.69,27,0,0.0,3067,59,1.92,4849.09,93.28,4.85,63249,243.48,37.95,621.33,-6.32
2021-02-16,São Paulo,Bertioga,18.97,12,0,0.0,3040,59,1.94,4806.4,93.28,4.81,63249,205.53,18.97,627.65,18.97
2021-02-15,São Paulo,Bertioga,1.58,1,0,0.0,3028,59,1.95,4787.43,93.28,4.79,63249,186.56,1.58,608.68,1.58
2021-02-14,São Paulo,Bertioga,0.0,0,0,0.0,3027,59,1.95,4785.85,93.28,4.79,63249,184.98,0.0,607.1,-1.58
2021-02-13,São Paulo,Bertioga,63.24,40,1,1.58,3027,59,1.95,4785.85,93.28,4.79,63249,184.98,28.46,608.68,39.52
2021-02-12,São Paulo,Bertioga,41.11,26,0,0.0,2987,58,1.94,4722.6,91.7,4.72,63249,156.52,-36.36,569.16,-15.81
2021-02-11,São Paulo,Bertioga,75.89,48,0,0.0,2961,58,1.96,4681.5,91.7,4.68,63249,192.88,55.34,584.97,34.78
2021-02-10,São Paulo,Bertioga,4.74,3,0,0.0,2913,58,1.99,4605.61,91.7,4.61,63249,137.54,4.74,550.19,-26.88
2021-02-09,São Paulo,Bertioga,0.0,0,0,0.0,2910,58,1.99,4600.86,91.7,4.6,63249,132.8,-3.16,577.07,-3.16
2021-02-08,São Paulo,Bertioga,0.0,0,0,0.0,2910,58,1.99,4600.86,91.7,4.6,63249,135.96,0.0,580.23,0.0
2021-02-07,São Paulo,Bertioga,0.0,0,0,0.0,2910,58,1.99,4600.86,91.7,4.6,63249,135.96,0.0,580.23,-1.58
2021-02-06,São Paulo,Bertioga,34.78,22,0,0.0,2910,58,1.99,4600.86,91.7,4.6,63249,135.96,-37.95,581.81,34.78
2021-02-05,São Paulo,Bertioga,77.47,49,0,0.0,2888,58,2.01,4566.08,91.7,4.57,63249,173.91,37.94,547.03,61.66
2021-02-04,São Paulo,Bertioga,20.55,13,0,0.0,2839,58,2.04,4488.61,91.7,4.49,63249,135.97,-14.23,485.37,-14.23
2021-02-03,São Paulo,Bertioga,0.0,0,0,0.0,2826,58,2.05,4468.05,91.7,4.47,63249,150.2,-33.2,499.6,-22.13
2021-02-02,São Paulo,Bertioga,3.16,2,0,0.0,2826,58,2.05,4468.05,91.7,4.47,63249,183.4,-31.62,521.73,-1.58
2021-02-01,São Paulo,Bertioga,0.0,0,0,0.0,2824,58,2.05,4464.89,91.7,4.46,63249,215.02,-1.58,523.31,0.0
2021-01-31,São Paulo,Bertioga,0.0,0,0,0.0,2824,58,2.05,4464.89,91.7,4.46,63249,216.6,-3.16,523.31,0.0
2021-01-30,São Paulo,Bertioga,72.73,46,0,0.0,2824,58,2.05,4464.89,91.7,4.46,63249,219.76,67.99,523.31,72.73
2021-01-29,São Paulo,Bertioga,39.53,25,1,1.58,2778,58,2.09,4392.16,91.7,4.39,63249,151.77,37.95,450.58,28.46
2021-01-28,São Paulo,Bertioga,34.78,22,1,1.58,2753,57,2.07,4352.64,90.12,4.35,63249,113.82,23.71,422.12,-12.65
2021-01-27,São Paulo,Bertioga,33.2,21,0,0.0,2731,56,2.05,4317.85,88.54,4.32,63249,90.11,-15.81,434.77,33.2
2021-01-26,São Paulo,Bertioga,34.78,22,1,1.58,2710,56,2.07,4284.65,88.54,4.28,63249,105.92,34.78,401.57,36.36
2021-01-25,São Paulo,Bertioga,1.58,1,0,0.0,2688,55,2.05,4249.87,86.96,4.25,63249,71.14,1.58,365.21,1.58
2021-01-24,São Paulo,Bertioga,3.16,2,0,0.0,2687,55,2.05,4248.29,86.96,4.25,63249,69.56,1.58,363.63,1.58
2021-01-23,São Paulo,Bertioga,4.74,3,0,0.0,2685,55,2.05,4245.13,86.96,4.25,63249,67.98,-18.98,362.05,-9.49
2021-01-22,São Paulo,Bertioga,1.58,1,0,0.0,2682,55,2.05,4240.38,86.96,4.24,63249,86.96,-55.34,371.54,-61.66
2021-01-21,São Paulo,Bertioga,11.07,7,0,0.0,2681,55,2.05,4238.8,86.96,4.24,63249,142.3,-30.04,433.2,-1.58
2021-01-20,São Paulo,Bertioga,49.01,31,1,1.58,2674,55,2.06,4227.73,86.96,4.23,63249,172.34,17.39,434.78,45.85
2021-01-19,São Paulo,Bertioga,0.0,0,0,0.0,2643,54,2.04,4178.72,85.38,4.18,63249,154.95,-3.16,388.93,0.0
2021-01-18,São Paulo,Bertioga,0.0,0,0,0.0,2643,54,2.04,4178.72,85.38,4.18,63249,158.11,0.0,388.93,-60.08
2021-01-17,São Paulo,Bertioga,1.58,1,0,0.0,2643,54,2.04,4178.72,85.38,4.18,63249,158.11,0.0,449.01,-9.49
2021-01-16,São Paulo,Bertioga,23.72,15,0,0.0,2642,54,2.04,4177.14,85.38,4.18,63249,158.11,23.72,458.5,-23.71
2021-01-15,São Paulo,Bertioga,56.92,36,0,0.0,2627,54,2.06,4153.43,85.38,4.15,63249,134.39,41.11,482.21,49.01
2021-01-14,São Paulo,Bertioga,41.11,26,1,1.58,2591,54,2.08,4096.51,85.38,4.1,63249,93.28,6.33,433.2,41.11
2021-01-13,São Paulo,Bertioga,31.62,20,0,0.0,2565,53,2.07,4055.4,83.8,4.06,63249,86.95,9.49,392.09,31.62
2021-01-12,São Paulo,Bertioga,3.16,2,0,0.0,2545,53,2.08,4023.78,83.8,4.02,63249,77.46,-1.58,360.47,-30.04
2021-01-11,São Paulo,Bertioga,0.0,0,0,0.0,2543,53,2.08,4020.62,83.8,4.02,63249,79.04,0.0,390.51,-9.49
2021-01-10,São Paulo,Bertioga,1.58,1,0,0.0,2543,53,2.08,4020.62,83.8,4.02,63249,79.04,1.58,400.0,-12.65
2021-01-09,São Paulo,Bertioga,0.0,0,0,0.0,2542,53,2.08,4019.04,83.8,4.02,63249,77.46,0.0,412.65,-14.23
2021-01-08,São Paulo,Bertioga,15.81,10,0,0.0,2542,53,2.08,4019.04,83.8,4.02,63249,77.46,4.74,426.88,-53.76
2021-01-07,São Paulo,Bertioga,34.78,22,0,0.0,2532,53,2.09,4003.23,83.8,4.0,63249,72.72,-12.65,480.64,33.2
2021-01-06,São Paulo,Bertioga,22.13,14,0,0.0,2510,53,2.11,3968.44,83.8,3.97,63249,85.37,22.13,447.44,22.13
2021-01-05,São Paulo,Bertioga,4.74,3,0,0.0,2496,53,2.12,3946.31,83.8,3.95,63249,63.24,6.32,425.31,-15.81
2021-01-04,São Paulo,Bertioga,0.0,0,0,0.0,2493,53,2.13,3941.56,83.8,3.94,63249,56.92,0.0,441.12,-42.69
2021-01-03,São Paulo,Bertioga,0.0,0,0,0.0,2493,53,2.13,3941.56,83.8,3.94,63249,56.92,-1.58,483.81,-17.39
2021-01-02,São Paulo,Bertioga,0.0,0,0,0.0,2493,53,2.13,3941.56,83.8,3.94,63249,58.5,-14.23,501.2,-12.65
2020-12-31,São Paulo,Bertioga,11.07,7,1,1.58,2493,53,2.13,3941.56,83.8,3.94,63249,72.73,-52.17,513.85,4.75
2020-12-29,São Paulo,Bertioga,47.43,30,0,0.0,2486,52,2.09,3930.5,82.21,3.93,63249,124.9,34.78,509.1,47.43
2020-12-28,São Paulo,Bertioga,0.0,0,0,0.0,2456,52,2.12,3883.07,82.21,3.88,63249,90.12,-3.16,461.67,0.0
2020-12-27,São Paulo,Bertioga,-1.58,-1,0,0.0,2456,52,2.12,3883.07,82.21,3.88,63249,93.28,-1.58,461.67,-14.23
2020-12-26,São Paulo,Bertioga,0.0,0,0,0.0,2457,52,2.12,3884.65,82.21,3.88,63249,94.86,-60.08,475.9,-23.72
2020-12-25,São Paulo,Bertioga,1.58,1,0,0.0,2457,52,2.12,3884.65,82.21,3.88,63249,154.94,-9.49,499.62,1.58
2020-12-24,São Paulo,Bertioga,14.23,9,0,0.0,2456,52,2.12,3883.07,82.21,3.88,63249,164.43,-33.2,498.04,-6.32
2020-12-23,São Paulo,Bertioga,63.24,40,0,0.0,2447,52,2.13,3868.84,82.21,3.87,63249,197.63,55.33,504.36,63.24
2020-12-22,São Paulo,Bertioga,12.65,8,0,0.0,2407,52,2.16,3805.59,82.21,3.81,63249,142.3,12.65,441.12,12.65
2020-12-21,São Paulo,Bertioga,3.16,2,0,0.0,2399,52,2.17,3792.95,82.21,3.79,63249,129.65,3.16,428.47,1.58
2020-12-20,São Paulo,Bertioga,0.0,0,0,0.0,2397,52,2.17,3789.78,82.21,3.79,63249,126.49,-33.2,426.89,-31.62
2020-12-19,São Paulo,Bertioga,60.08,38,0,0.0,2397,52,2.17,3789.78,82.21,3.79,63249,159.69,50.59,458.51,53.76
2020-12-18,São Paulo,Bertioga,11.07,7,0,0.0,2359,52,2.2,3729.7,82.21,3.73,63249,109.1,-3.16,404.75,-6.32
2020-12-17,São Paulo,Bertioga,47.43,30,-1,-1.58,2352,52,2.21,3718.64,82.21,3.72,63249,112.26,33.2,411.07,22.13
2020-12-15,São Paulo,Bertioga,7.91,5,2,3.16,2322,53,2.28,3671.2,83.8,3.67,63249,79.06,-61.66,388.94,7.91
2020-12-14,São Paulo,Bertioga,0.0,0,0,0.0,2317,51,2.2,3663.3,80.63,3.66,63249,140.72,-1.58,381.03,-1.58
2020-12-13,São Paulo,Bertioga,0.0,0,0,0.0,2317,51,2.2,3663.3,80.63,3.66,63249,142.3,0.0,382.61,-4.74
2020-12-12,São Paulo,Bertioga,33.2,21,0,0.0,2317,51,2.2,3663.3,80.63,3.66,63249,142.3,12.65,387.35,30.04
2020-12-11,São Paulo,Bertioga,9.49,6,0,0.0,2296,51,2.22,3630.1,80.63,3.63,63249,129.65,-33.2,357.31,0.0
2020-12-10,São Paulo,Bertioga,14.23,9,1,1.58,2290,51,2.23,3620.61,80.63,3.62,63249,162.85,-3.16,357.31,9.49
2020-12-09,São Paulo,Bertioga,14.23,9,0,0.0,2281,50,2.19,3606.38,79.05,3.61,63249,166.01,1.58,347.82,-31.62
2020-12-08,São Paulo,Bertioga,69.57,44,0,0.0,2272,50,2.2,3592.15,79.05,3.59,63249,164.43,63.25,379.44,67.99
2020-12-07,São Paulo,Bertioga,1.58,1,1,1.58,2228,50,2.24,3522.59,79.05,3.52,63249,101.18,1.58,311.45,1.58
2020-12-06,São Paulo,Bertioga,0.0,0,0,0.0,2227,49,2.2,3521.0,77.47,3.52,63249,99.6,0.0,309.87,0.0
2020-12-05,São Paulo,Bertioga,20.55,13,0,0.0,2227,49,2.2,3521.0,77.47,3.52,63249,99.6,7.9,309.87,20.55
2020-12-04,São Paulo,Bertioga,42.69,27,0,0.0,2214,49,2.21,3500.45,77.47,3.5,63249,91.7,18.97,289.32,41.11
2020-12-03,São Paulo,Bertioga,17.39,11,0,0.0,2187,49,2.24,3457.76,77.47,3.46,63249,72.73,17.39,248.21,0.0
2020-12-02,São Paulo,Bertioga,12.65,8,0,0.0,2176,49,2.25,3440.37,77.47,3.44,63249,55.34,-7.9,248.21,-9.48
2020-12-01,São Paulo,Bertioga,6.32,4,0,0.0,2168,49,2.26,3427.72,77.47,3.43,63249,63.24,6.32,257.69,-22.14
2020-11-30,São Paulo,Bertioga,0.0,0,0,0.0,2164,49,2.26,3421.4,77.47,3.42,63249,56.92,0.0,279.83,-12.65
2020-11-29,São Paulo,Bertioga,0.0,0,0,0.0,2164,49,2.26,3421.4,77.47,3.42,63249,56.92,-1.58,292.48,0.0
2020-11-28,São Paulo,Bertioga,12.65,8,0,0.0,2164,49,2.26,3421.4,77.47,3.42,63249,58.5,-18.97,292.48,12.65
2020-11-27,São Paulo,Bertioga,23.72,15,0,0.0,2156,49,2.27,3408.75,77.47,3.41,63249,77.47,17.4,279.83,9.49
2020-11-26,São Paulo,Bertioga,0.0,0,0,0.0,2141,49,2.29,3385.03,77.47,3.39,63249,60.07,-17.39,270.34,-14.23
2020-11-25,São Paulo,Bertioga,20.55,13,0,0.0,2141,49,2.29,3385.03,77.47,3.39,63249,77.46,-4.75,284.57,15.81
2020-11-24,São Paulo,Bertioga,0.0,0,0,0.0,2128,49,2.3,3364.48,77.47,3.36,63249,82.21,0.0,268.76,-14.23
2020-11-23,São Paulo,Bertioga,0.0,0,0,0.0,2128,49,2.3,3364.48,77.47,3.36,63249,82.21,-1.58,282.99,-31.62
2020-11-22,São Paulo,Bertioga,1.58,1,0,0.0,2128,49,2.3,3364.48,77.47,3.36,63249,83.79,-3.16,314.61,1.58
2020-11-21,São Paulo,Bertioga,31.62,20,0,0.0,2127,49,2.3,3362.9,77.47,3.36,63249,86.95,28.46,313.03,31.62
2020-11-19,São Paulo,Bertioga,6.32,4,0,0.0,2107,49,2.33,3331.28,77.47,3.33,63249,58.49,-3.17,281.41,-11.07
2020-11-18,São Paulo,Bertioga,17.39,11,0,0.0,2103,49,2.33,3324.95,77.47,3.32,63249,61.66,12.65,292.48,1.58
2020-11-17,São Paulo,Bertioga,25.3,16,2,3.16,2092,49,2.34,3307.56,77.47,3.31,63249,49.01,-20.55,290.9,-18.97
2020-11-16,São Paulo,Bertioga,0.0,0,0,0.0,2076,47,2.26,3282.27,74.31,3.28,63249,69.56,-1.58,309.87,0.0
2020-11-15,São Paulo,Bertioga,1.58,1,0,0.0,2076,47,2.26,3282.27,74.31,3.28,63249,71.14,1.58,309.87,1.58
2020-11-14,São Paulo,Bertioga,4.74,3,2,3.16,2075,47,2.27,3280.68,74.31,3.28,63249,69.56,4.74,308.29,4.74
2020-11-13,São Paulo,Bertioga,3.16,2,0,0.0,2072,45,2.17,3275.94,71.15,3.28,63249,64.82,3.16,303.55,3.16
2020-11-12,São Paulo,Bertioga,9.49,6,0,0.0,2070,45,2.17,3272.78,71.15,3.27,63249,61.66,7.91,300.39,-7.9
2020-11-11,São Paulo,Bertioga,4.74,3,0,0.0,2064,45,2.18,3263.29,71.15,3.26,63249,53.75,-12.65,308.29,-39.53
2020-11-10,São Paulo,Bertioga,45.85,29,0,0.0,2061,45,2.18,3258.55,71.15,3.26,63249,66.4,23.72,347.82,14.23
2020-11-05,São Paulo,Bertioga,1.58,1,0,0.0,2032,45,2.21,3212.7,71.15,3.21,63249,42.68,-26.88,333.59,-1.58
2020-11-04,São Paulo,Bertioga,0.0,0,1,1.58,2031,45,2.22,3211.12,71.15,3.21,63249,69.56,-12.65,335.17,-20.55
2020-11-03,São Paulo,Bertioga,0.0,0,0,0.0,2031,44,2.17,3211.12,69.57,3.21,63249,82.21,0.0,355.72,-3.16
2020-11-02,São Paulo,Bertioga,0.0,0,0,0.0,2031,44,2.17,3211.12,69.57,3.21,63249,82.21,0.0,358.88,-1.58
2020-10-31,São Paulo,Bertioga,1.58,1,0,0.0,2031,44,2.17,3211.12,69.57,3.21,63249,82.21,-12.65,360.46,-18.97
2020-10-30,São Paulo,Bertioga,17.39,11,0,0.0,2030,44,2.17,3209.54,69.57,3.21,63249,94.86,3.16,379.43,17.39
2020-10-29,São Paulo,Bertioga,22.13,14,0,0.0,2019,44,2.18,3192.15,69.57,3.19,63249,91.7,17.39,362.04,22.13
2020-10-28,São Paulo,Bertioga,28.46,18,0,0.0,2005,44,2.19,3170.01,69.57,3.17,63249,74.31,14.23,339.91,22.14
2020-10-27,São Paulo,Bertioga,12.65,8,0,0.0,1987,44,2.21,3141.55,69.57,3.14,63249,60.08,-18.97,317.77,6.33
2020-10-26,São Paulo,Bertioga,0.0,0,0,0.0,1979,44,2.22,3128.9,69.57,3.13,63249,79.05,0.0,311.44,-17.39
2020-10-25,São Paulo,Bertioga,0.0,0,0,0.0,1979,44,2.22,3128.9,69.57,3.13,63249,79.05,0.0,328.83,-3.16
2020-10-24,São Paulo,Bertioga,14.23,9,0,0.0,1979,44,2.22,3128.9,69.57,3.13,63249,79.05,-3.16,331.99,7.91
2020-10-23,São Paulo,Bertioga,14.23,9,0,0.0,1970,44,2.23,3114.67,69.57,3.11,63249,82.21,-1.58,324.08,12.65
2020-10-22,São Paulo,Bertioga,4.74,3,1,1.58,1961,44,2.24,3100.44,69.57,3.1,63249,83.79,-39.53,311.43,0.0
2020-10-21,São Paulo,Bertioga,14.23,9,0,0.0,1958,43,2.2,3095.7,67.99,3.1,63249,123.32,14.23,311.43,4.74
2020-10-20,São Paulo,Bertioga,31.62,20,0,0.0,1949,43,2.21,3081.47,67.99,3.08,63249,109.09,31.62,306.69,12.65
2020-10-19,São Paulo,Bertioga,0.0,0,0,0.0,1929,43,2.23,3049.85,67.99,3.05,63249,77.47,0.0,294.04,-1.58
2020-10-18,São Paulo,Bertioga,0.0,0,0,0.0,1929,43,2.23,3049.85,67.99,3.05,63249,77.47,0.0,295.62,-11.07
2020-10-17,São Paulo,Bertioga,17.39,11,0,0.0,1929,43,2.23,3049.85,67.99,3.05,63249,77.47,0.0,306.69,9.48
2020-10-15,São Paulo,Bertioga,15.81,10,0,0.0,1918,43,2.24,3032.46,67.99,3.03,63249,77.47,-28.46,297.21,15.81
2020-10-14,São Paulo,Bertioga,44.27,28,0,0.0,1908,43,2.25,3016.65,67.99,3.02,63249,105.93,12.65,281.4,42.69
2020-10-13,São Paulo,Bertioga,0.0,0,0,0.0,1880,43,2.29,2972.38,67.99,2.97,63249,93.28,-3.16,238.71,-33.2
2020-10-12,São Paulo,Bertioga,0.0,0,0,0.0,1880,43,2.29,2972.38,67.99,2.97,63249,96.44,-20.55,271.91,-3.16
2020-10-11,São Paulo,Bertioga,0.0,0,0,0.0,1880,43,2.29,2972.38,67.99,2.97,63249,116.99,-3.16,275.07,-15.81
2020-10-10,São Paulo,Bertioga,0.0,0,0,0.0,1880,43,2.29,2972.38,67.99,2.97,63249,120.15,-1.58,290.88,-23.72
2020-10-09,São Paulo,Bertioga,17.39,11,0,0.0,1880,43,2.29,2972.38,67.99,2.97,63249,121.73,-3.16,314.6,14.23
2020-10-08,São Paulo,Bertioga,44.27,28,0,0.0,1869,43,2.3,2954.99,67.99,2.95,63249,124.89,44.27,300.37,44.27
2020-10-06,São Paulo,Bertioga,31.62,20,1,1.58,1841,43,2.34,2910.72,67.99,2.91,63249,80.62,31.62,256.1,30.04
2020-10-03,São Paulo,Bertioga,3.16,2,0,0.0,1821,42,2.31,2879.1,66.4,2.88,63249,49.0,-3.16,226.06,3.16
2020-10-02,São Paulo,Bertioga,20.55,13,0,0.0,1819,42,2.31,2875.93,66.4,2.88,63249,52.16,14.23,222.9,18.97
2020-10-01,São Paulo,Bertioga,3.16,2,0,0.0,1806,42,2.33,2855.38,66.4,2.86,63249,37.93,-14.23,203.93,-7.91
2020-09-30,São Paulo,Bertioga,1.58,1,1,1.58,1804,42,2.33,2852.22,66.4,2.85,63249,52.16,-1.58,211.84,0.0
2020-09-29,São Paulo,Bertioga,20.55,13,0,0.0,1803,41,2.27,2850.64,64.82,2.85,63249,53.74,14.23,211.84,20.55
2020-09-28,São Paulo,Bertioga,0.0,0,0,0.0,1790,41,2.29,2830.08,64.82,2.83,63249,39.51,-1.58,191.29,-30.04
2020-09-27,São Paulo,Bertioga,0.0,0,0,0.0,1790,41,2.29,2830.08,64.82,2.83,63249,41.09,-4.74,221.33,-30.04
2020-09-26,São Paulo,Bertioga,6.32,4,0,0.0,1790,41,2.29,2830.08,64.82,2.83,63249,45.83,-3.17,251.37,-22.14
2020-09-25,São Paulo,Bertioga,6.32,4,1,1.58,1786,41,2.3,2823.76,64.82,2.82,63249,49.0,-12.65,273.51,-34.79
2020-09-24,São Paulo,Bertioga,17.39,11,-1,-1.58,1782,40,2.24,2817.44,63.24,2.82,63249,61.65,15.81,308.3,12.65
2020-09-23,São Paulo,Bertioga,3.16,2,1,1.58,1771,41,2.32,2800.04,64.82,2.8,63249,45.84,-7.91,295.65,1.58
2020-09-22,São Paulo,Bertioga,6.32,4,0,0.0,1769,40,2.26,2796.88,63.24,2.8,63249,53.75,-1.59,294.07,-9.49
2020-09-21,São Paulo,Bertioga,1.58,1,0,0.0,1765,40,2.27,2790.56,63.24,2.79,63249,55.34,1.58,303.56,-183.4
2020-09-20,São Paulo,Bertioga,4.74,3,0,0.0,1764,40,2.27,2788.98,63.24,2.79,63249,53.76,3.16,486.96,-153.37
2020-09-19,São Paulo,Bertioga,9.49,6,0,0.0,1761,40,2.27,2784.23,63.24,2.78,63249,50.6,-23.71,640.33,3.17
2020-09-18,São Paulo,Bertioga,18.97,12,0,0.0,1755,40,2.28,2774.75,63.24,2.77,63249,74.31,15.81,637.16,14.23
2020-09-17,São Paulo,Bertioga,1.58,1,0,0.0,1743,40,2.29,2755.77,63.24,2.76,63249,58.5,-14.23,622.93,0.0
2020-09-16,São Paulo,Bertioga,11.07,7,0,0.0,1742,40,2.3,2754.19,63.24,2.75,63249,72.73,-12.65,622.93,9.49
2020-09-15,São Paulo,Bertioga,7.91,5,1,1.58,1735,40,2.31,2743.13,63.24,2.74,63249,85.38,4.75,613.44,7.91
2020-09-14,São Paulo,Bertioga,0.0,0,0,0.0,1730,39,2.25,2735.22,61.66,2.74,63249,80.63,0.0,605.53,-20.55
2020-09-13,São Paulo,Bertioga,1.58,1,0,0.0,1730,39,2.25,2735.22,61.66,2.74,63249,80.63,0.0,626.08,-6.33
2020-09-12,São Paulo,Bertioga,33.2,21,0,0.0,1729,39,2.26,2733.64,61.66,2.73,63249,80.63,33.2,632.41,25.29
2020-09-11,São Paulo,Bertioga,3.16,2,0,0.0,1708,39,2.28,2700.44,61.66,2.7,63249,47.43,1.58,607.12,-60.08
2020-09-10,São Paulo,Bertioga,15.81,10,0,0.0,1706,39,2.29,2697.28,61.66,2.7,63249,45.85,4.74,667.2,-60.08
2020-09-09,São Paulo,Bertioga,23.72,15,0,0.0,1696,39,2.3,2681.47,61.66,2.68,63249,41.11,22.14,727.28,23.72
2020-09-08,São Paulo,Bertioga,3.16,2,0,0.0,1681,39,2.32,2657.75,61.66,2.66,63249,18.97,3.16,703.56,1.58
2020-09-06,São Paulo,Bertioga,0.0,0,0,0.0,1679,39,2.32,2654.59,61.66,2.65,63249,15.81,-30.04,701.98,0.0
2020-09-05,São Paulo,Bertioga,1.58,1,1,1.58,1679,39,2.32,2654.59,61.66,2.65,63249,45.85,-28.46,701.98,-20.55
2020-09-04,São Paulo,Bertioga,0.0,0,0,0.0,1678,38,2.26,2653.01,60.08,2.65,63249,74.31,-28.46,722.53,-7.91
2020-09-03,São Paulo,Bertioga,1.58,1,0,0.0,1678,38,2.26,2653.01,60.08,2.65,63249,102.77,-39.53,730.44,-52.18
2020-09-02,São Paulo,Bertioga,11.07,7,0,0.0,1677,38,2.27,2651.43,60.08,2.65,63249,142.3,6.33,782.62,-30.04
2020-09-01,São Paulo,Bertioga,1.58,1,0,0.0,1670,38,2.28,2640.36,60.08,2.64,63249,135.97,0.0,812.66,1.58
2020-08-31,São Paulo,Bertioga,0.0,0,0,0.0,1669,38,2.28,2638.78,60.08,2.64,63249,135.97,-15.81,811.08,0.0
2020-08-30,São Paulo,Bertioga,30.04,19,0,0.0,1669,38,2.28,2638.78,60.08,2.64,63249,151.78,-154.94,811.08,23.72
2020-08-28,São Paulo,Bertioga,30.04,19,1,1.58,1650,38,2.3,2608.74,60.08,2.61,63249,306.72,-128.07,787.36,23.72
2020-08-27,São Paulo,Bertioga,28.46,18,1,1.58,1631,37,2.27,2578.7,58.5,2.58,63249,434.79,22.14,763.64,-15.81
2020-08-26,São Paulo,Bertioga,41.11,26,1,1.58,1613,36,2.23,2550.24,56.92,2.55,63249,412.65,36.37,779.45,-47.43
2020-08-25,São Paulo,Bertioga,4.74,3,1,1.58,1587,35,2.21,2509.13,55.34,2.51,63249,376.28,3.16,826.88,-60.08
2020-08-24,São Paulo,Bertioga,1.58,1,0,0.0,1584,34,2.15,2504.39,53.76,2.5,63249,373.12,0.0,886.96,1.58
2020-08-23,São Paulo,Bertioga,15.81,10,0,0.0,1583,34,2.15,2502.81,53.76,2.5,63249,373.12,15.81,885.38,17.39
2020-08-22,São Paulo,Bertioga,184.98,117,0,0.0,1573,34,2.16,2487.0,53.76,2.49,63249,357.31,164.43,867.99,72.73
2020-08-21,São Paulo,Bertioga,158.11,100,0,0.0,1456,34,2.34,2302.01,53.76,2.3,63249,192.88,150.2,795.26,67.99
2020-08-20,São Paulo,Bertioga,6.32,4,0,0.0,1356,34,2.51,2143.91,53.76,2.14,63249,42.68,-1.59,727.27,-45.85
2020-08-19,São Paulo,Bertioga,4.74,3,0,0.0,1352,34,2.51,2137.58,53.76,2.14,63249,44.27,-58.5,773.12,-52.18
2020-08-18,São Paulo,Bertioga,1.58,1,0,0.0,1349,34,2.52,2132.84,53.76,2.13,63249,102.77,-74.31,825.3,-28.46
2020-08-17,São Paulo,Bertioga,1.58,1,0,0.0,1348,34,2.52,2131.26,53.76,2.13,63249,177.08,1.58,853.76,1.58
2020-08-16,São Paulo,Bertioga,0.0,0,0,0.0,1347,34,2.52,2129.68,53.76,2.13,63249,175.5,-1.58,852.18,0.0
2020-08-15,São Paulo,Bertioga,20.55,13,0,0.0,1347,34,2.52,2129.68,53.76,2.13,63249,177.08,20.55,852.18,18.97
2020-08-14,São Paulo,Bertioga,7.91,5,0,0.0,1334,34,2.55,2109.12,53.76,2.11,63249,156.53,-14.22,833.21,-7.9
2020-08-13,São Paulo,Bertioga,7.91,5,0,0.0,1329,34,2.56,2101.22,53.76,2.1,63249,170.75,0.0,841.11,-14.22
2020-08-12,São Paulo,Bertioga,63.24,40,1,1.58,1324,34,2.57,2093.31,53.76,2.09,63249,170.75,9.48,855.33,44.27
2020-08-11,São Paulo,Bertioga,75.89,48,0,0.0,1284,33,2.57,2030.07,52.17,2.03,63249,161.27,34.78,811.06,50.59
2020-08-10,São Paulo,Bertioga,0.0,0,0,0.0,1236,33,2.67,1954.18,52.17,1.95,63249,126.49,0.0,760.47,0.0
2020-08-09,São Paulo,Bertioga,1.58,1,0,0.0,1236,33,2.67,1954.18,52.17,1.95,63249,126.49,1.58,760.47,-1.58
2020-08-08,São Paulo,Bertioga,0.0,0,0,0.0,1235,33,2.67,1952.6,52.17,1.95,63249,124.91,-6.32,762.05,-4.74
2020-08-07,São Paulo,Bertioga,22.13,14,0,0.0,1235,33,2.67,1952.6,52.17,1.95,63249,131.23,15.81,766.79,-4.75
2020-08-06,São Paulo,Bertioga,7.91,5,1,1.58,1221,33,2.7,1930.47,52.17,1.93,63249,115.42,-36.36,771.54,-11.06
2020-08-05,São Paulo,Bertioga,53.76,34,4,6.32,1216,32,2.63,1922.56,50.59,1.92,63249,151.78,-34.78,782.6,28.46
2020-08-04,São Paulo,Bertioga,41.11,26,0,0.0,1182,28,2.37,1868.8,44.27,1.87,63249,186.56,-23.71,754.14,-22.13
2020-08-03,São Paulo,Bertioga,0.0,0,0,0.0,1156,28,2.42,1827.7,44.27,1.83,63249,210.27,0.0,776.27,-4.74
2020-08-02,São Paulo,Bertioga,0.0,0,0,0.0,1156,28,2.42,1827.7,44.27,1.83,63249,210.27,1.58,781.01,-12.65
2020-08-01,São Paulo,Bertioga,6.32,4,0,0.0,1156,28,2.42,1827.7,44.27,1.83,63249,208.69,-105.93,793.66,4.74
2020-07-31,São Paulo,Bertioga,6.32,4,1,1.58,1152,28,2.43,1821.37,44.27,1.82,63249,314.62,-83.8,788.92,-101.19
2020-07-30,São Paulo,Bertioga,44.27,28,0,0.0,1148,27,2.35,1815.05,42.69,1.82,63249,398.42,-7.9,890.11,-36.36
2020-07-29,São Paulo,Bertioga,88.54,56,1,1.58,1120,27,2.41,1770.78,42.69,1.77,63249,406.32,31.62,926.47,-63.24
2020-07-28,São Paulo,Bertioga,64.82,41,0,0.0,1064,26,2.44,1682.24,41.11,1.68,63249,374.7,34.78,989.71,34.78
2020-07-27,São Paulo,Bertioga,0.0,0,0,0.0,1023,26,2.54,1617.42,41.11,1.62,63249,339.92,0.0,954.93,0.0
2020-07-26,São Paulo,Bertioga,-1.58,-1,0,0.0,1023,26,2.54,1617.42,41.11,1.62,63249,339.92,-1.58,954.93,-1.58
2020-07-25,São Paulo,Bertioga,112.25,71,2,3.16,1024,26,2.54,1619.0,41.11,1.62,63249,341.5,110.67,956.51,93.28
2020-07-24,São Paulo,Bertioga,90.12,57,0,0.0,953,24,2.52,1506.74,37.95,1.51,63249,230.83,74.31,863.23,90.12
2020-07-23,São Paulo,Bertioga,52.17,33,0,0.0,896,24,2.68,1416.62,37.95,1.42,63249,156.52,30.04,773.11,7.9
2020-07-22,São Paulo,Bertioga,56.92,36,0,0.0,863,24,2.78,1364.45,37.95,1.36,63249,126.48,37.95,765.21,50.6
2020-07-21,São Paulo,Bertioga,30.04,19,0,0.0,827,24,2.9,1307.53,37.95,1.31,63249,88.53,4.74,714.61,-99.61
2020-07-20,São Paulo,Bertioga,0.0,0,0,0.0,808,24,2.97,1277.49,37.95,1.28,63249,83.79,0.0,814.22,0.0
2020-07-19,São Paulo,Bertioga,0.0,0,0,0.0,808,24,2.97,1277.49,37.95,1.28,63249,83.79,-3.16,814.22,-1.58
2020-07-18,São Paulo,Bertioga,1.58,1,1,1.58,808,24,2.97,1277.49,37.95,1.28,63249,86.95,-3.16,815.8,-33.2
2020-07-17,São Paulo,Bertioga,15.81,10,1,1.58,807,23,2.85,1275.91,36.36,1.28,63249,90.11,-11.07,849.0,-93.28
2020-07-16,São Paulo,Bertioga,22.13,14,0,0.0,797,22,2.76,1260.1,34.78,1.26,63249,101.18,3.16,942.28,22.13
2020-07-15,São Paulo,Bertioga,18.97,12,3,4.74,783,22,2.81,1237.96,34.78,1.24,63249,98.02,-6.33,920.15,18.97
2020-07-14,São Paulo,Bertioga,25.3,16,0,0.0,771,19,2.46,1218.99,30.04,1.22,63249,104.35,-37.94,901.18,-28.46
2020-07-13,São Paulo,Bertioga,0.0,0,0,0.0,755,19,2.52,1193.69,30.04,1.19,63249,142.29,-4.74,929.64,-3.16
2020-07-12,São Paulo,Bertioga,3.16,2,1,1.58,755,19,2.52,1193.69,30.04,1.19,63249,147.03,-9.49,932.8,1.58
2020-07-11,São Paulo,Bertioga,4.74,3,0,0.0,753,18,2.39,1190.53,28.46,1.19,63249,156.52,3.16,931.22,0.0
2020-07-10,São Paulo,Bertioga,26.88,17,0,0.0,750,18,2.4,1185.79,28.46,1.19,63249,153.36,-80.63,931.22,26.88
2020-07-09,São Paulo,Bertioga,18.97,12,1,1.58,733,18,2.46,1158.91,28.46,1.16,63249,233.99,-61.66,904.34,17.39
2020-07-08,São Paulo,Bertioga,25.3,16,0,0.0,721,17,2.36,1139.94,26.88,1.14,63249,295.65,-126.48,886.95,22.14
2020-07-07,São Paulo,Bertioga,63.24,40,0,0.0,705,17,2.41,1114.64,26.88,1.11,63249,422.13,33.2,864.81,50.59
2020-07-06,São Paulo,Bertioga,4.74,3,0,0.0,665,17,2.56,1051.4,26.88,1.05,63249,388.93,4.74,814.22,3.16
2020-07-05,São Paulo,Bertioga,12.65,8,0,0.0,662,17,2.57,1046.66,26.88,1.05,63249,384.19,12.65,811.06,11.07
2020-07-04,São Paulo,Bertioga,1.58,1,0,0.0,654,17,2.6,1034.01,26.88,1.03,63249,371.54,-17.39,799.99,-18.97
2020-07-03,São Paulo,Bertioga,107.51,68,0,0.0,653,17,2.6,1032.43,26.88,1.03,63249,388.93,107.51,818.96,66.4
2020-07-02,São Paulo,Bertioga,80.63,51,3,4.74,585,17,2.91,924.92,26.88,0.92,63249,281.42,36.36,752.56,64.82
2020-07-01,São Paulo,Bertioga,151.78,96,0,0.0,534,14,2.62,844.28,22.13,0.84,63249,245.06,145.46,687.74,93.28
2020-06-30,São Paulo,Bertioga,30.04,19,0,0.0,438,14,3.2,692.5,22.13,0.69,63249,99.6,-99.61,594.46,28.46
2020-06-29,São Paulo,Bertioga,0.0,0,0,0.0,419,14,3.34,662.46,22.13,0.66,63249,199.21,0.0,566.0,-1.58
2020-06-28,São Paulo,Bertioga,0.0,0,0,0.0,419,14,3.34,662.46,22.13,0.66,63249,199.21,-1.58,567.58,-1.58
2020-06-27,São Paulo,Bertioga,18.97,12,1,1.58,419,14,3.34,662.46,22.13,0.66,63249,200.79,-15.81,569.16,3.16
2020-06-26,São Paulo,Bertioga,0.0,0,0,0.0,407,13,3.19,643.49,20.55,0.64,63249,216.6,-109.09,566.0,-9.49
2020-06-25,São Paulo,Bertioga,44.27,28,0,0.0,407,13,3.19,643.49,20.55,0.64,63249,325.69,44.27,575.49,41.11
2020-06-24,São Paulo,Bertioga,6.32,4,0,0.0,379,13,3.43,599.22,20.55,0.6,63249,281.42,6.32,534.38,6.32
2020-06-23,São Paulo,Bertioga,129.65,82,1,1.58,375,13,3.47,592.89,20.55,0.59,63249,275.1,75.89,528.06,128.07
2020-06-22,São Paulo,Bertioga,0.0,0,0,0.0,293,12,4.1,463.25,18.97,0.46,63249,199.21,-3.16,399.99,0.0
2020-06-21,São Paulo,Bertioga,1.58,1,0,0.0,293,12,4.1,463.25,18.97,0.46,63249,202.37,0.0,399.99,1.58
2020-06-20,São Paulo,Bertioga,34.78,22,0,0.0,292,12,4.11,461.67,18.97,0.46,63249,202.37,30.04,398.41,34.78
2020-06-19,São Paulo,Bertioga,109.09,69,0,0.0,270,12,4.44,426.88,18.97,0.43,63249,172.33,109.09,363.63,104.35
2020-06-18,São Paulo,Bertioga,0.0,0,0,0.0,201,12,5.97,317.79,18.97,0.32,63249,63.24,-1.58,259.28,0.0
2020-06-17,São Paulo,Bertioga,0.0,0,1,1.58,201,12,5.97,317.79,18.97,0.32,63249,64.82,-3.16,259.28,1.58
2020-06-16,São Paulo,Bertioga,53.76,34,1,1.58,201,11,5.47,317.79,17.39,0.32,63249,67.98,41.11,257.7,52.18
2020-06-15,São Paulo,Bertioga,3.16,2,0,0.0,167,10,5.99,264.04,15.81,0.26,63249,26.87,1.58,205.52,3.16
2020-06-14,São Paulo,Bertioga,1.58,1,0,0.0,165,10,6.06,260.87,15.81,0.26,63249,25.29,0.0,202.36,1.58
2020-06-13,São Paulo,Bertioga,4.74,3,1,1.58,164,10,6.1,259.29,15.81,0.26,63249,25.29,-15.81,200.78,4.74
2020-06-12,São Paulo,Bertioga,0.0,0,0,0.0,161,9,5.59,254.55,14.23,0.25,63249,41.1,-41.11,196.04,0.0
2020-06-11,São Paulo,Bertioga,1.58,1,1,1.58,161,9,5.59,254.55,14.23,0.25,63249,82.21,-14.23,196.04,-20.55
2020-06-10,São Paulo,Bertioga,3.16,2,0,0.0,160,8,5.0,252.97,12.65,0.25,63249,96.44,-55.34,216.59,-28.46
2020-06-09,São Paulo,Bertioga,12.65,8,1,1.58,158,8,5.06,249.81,12.65,0.25,63249,151.78,11.07,245.05,12.65
2020-06-08,São Paulo,Bertioga,1.58,1,0,0.0,150,7,4.67,237.16,11.07,0.24,63249,140.71,0.0,232.4,1.58
2020-06-07,São Paulo,Bertioga,1.58,1,0,0.0,149,7,4.7,235.58,11.07,0.24,63249,140.71,0.0,230.82,1.58
2020-06-06,São Paulo,Bertioga,20.55,13,0,0.0,148,7,4.73,234.0,11.07,0.23,63249,140.71,4.74,229.24,20.55
2020-06-05,São Paulo,Bertioga,41.11,26,0,0.0,135,7,5.19,213.44,11.07,0.21,63249,135.97,31.62,208.69,41.11
2020-06-04,São Paulo,Bertioga,15.81,10,0,0.0,109,7,6.42,172.33,11.07,0.17,63249,104.35,12.65,167.58,14.23
2020-06-03,São Paulo,Bertioga,58.5,37,2,3.16,99,7,7.07,156.52,11.07,0.16,63249,91.7,58.5,153.35,56.92
2020-06-02,São Paulo,Bertioga,1.58,1,0,0.0,62,5,8.06,98.03,7.91,0.1,63249,33.2,0.0,96.43,0.0
2020-06-01,São Paulo,Bertioga,1.58,1,0,0.0,61,5,8.2,96.44,7.91,0.1,63249,33.2,1.58,96.43,1.58
2020-05-31,São Paulo,Bertioga,1.58,1,0,0.0,60,5,8.33,94.86,7.91,0.09,63249,31.62,1.58,94.85,1.58
2020-05-30,São Paulo,Bertioga,15.81,10,0,0.0,59,5,8.47,93.28,7.91,0.09,63249,30.04,15.81,93.27,15.81
2020-05-29,São Paulo,Bertioga,9.49,6,0,0.0,49,5,10.2,77.47,7.91,0.08,63249,14.23,4.75,77.46,9.49
2020-05-28,São Paulo,Bertioga,3.16,2,0,0.0,43,5,11.63,67.99,7.91,0.07,63249,9.48,3.16,67.97,3.16
2020-05-27,São Paulo,Bertioga,0.0,0,0,0.0,41,5,12.2,64.82,7.91,0.06,63249,6.32,1.58,64.81,0.0
2020-05-26,São Paulo,Bertioga,1.58,1,2,3.16,41,5,12.2,64.82,7.91,0.06,63249,4.74,0.0,64.81,1.58
2020-05-25,São Paulo,Bertioga,0.0,0,0,0.0,40,3,7.5,63.24,4.74,0.06,63249,4.74,0.0,63.23,0.0
2020-05-24,São Paulo,Bertioga,0.0,0,0,0.0,40,3,7.5,63.24,4.74,0.06,63249,4.74,0.0,63.23,0.0
2020-05-23,São Paulo,Bertioga,0.0,0,0,0.0,40,3,7.5,63.24,4.74,0.06,63249,4.74,0.0,63.23,0.0
2020-05-22,São Paulo,Bertioga,4.74,3,0,0.0,40,3,7.5,63.24,4.74,0.06,63249,4.74,4.74,63.23,4.74
2020-05-21,São Paulo,Bertioga,0.0,0,0,0.0,37,3,8.11,58.5,4.74,0.06,63249,0.0,-22.13,58.49,0.0
2020-05-20,São Paulo,Bertioga,-1.58,-1,0,0.0,37,3,8.11,58.5,4.74,0.06,63249,22.13,-33.2,58.49,-1.58
2020-05-19,São Paulo,Bertioga,1.58,1,1,1.58,38,3,7.89,60.08,4.74,0.06,63249,55.33,1.58,60.07,1.58
2020-05-18,São Paulo,Bertioga,0.0,0,0,0.0,37,2,5.41,58.5,3.16,0.06,63249,53.75,0.0,58.49,0.0
2020-05-17,São Paulo,Bertioga,0.0,0,0,0.0,37,2,5.41,58.5,3.16,0.06,63249,53.75,0.0,58.49,0.0
2020-05-16,São Paulo,Bertioga,0.0,0,0,0.0,37,2,5.41,58.5,3.16,0.06,63249,53.75,0.0,58.49,0.0
2020-05-15,São Paulo,Bertioga,0.0,0,0,0.0,37,2,5.41,58.5,3.16,0.06,63249,53.75,0.0,58.49,0.0
2020-05-14,São Paulo,Bertioga,22.13,14,0,0.0,37,2,5.41,58.5,3.16,0.06,63249,53.75,20.55,58.49,22.13
2020-05-13,São Paulo,Bertioga,31.62,20,0,0.0,23,2,8.7,36.36,3.16,0.04,63249,33.2,30.04,36.36,31.62
2020-05-12,São Paulo,Bertioga,0.0,0,0,0.0,3,2,66.67,4.74,3.16,0.0,63249,3.16,-1.58,4.74,0.0
2020-05-11,São Paulo,Bertioga,0.0,0,0,0.0,3,2,66.67,4.74,3.16,0.0,63249,4.74,0.0,4.74,0.0
2020-05-10,São Paulo,Bertioga,0.0,0,0,0.0,3,2,66.67,4.74,3.16,0.0,63249,4.74,0.0,4.74,0.0
2020-05-09,São Paulo,Bertioga,0.0,0,0,0.0,3,2,66.67,4.74,3.16,0.0,63249,4.74,0.0,4.74,0.0
2020-05-08,São Paulo,Bertioga,0.0,0,0,0.0,3,2,66.67,4.74,3.16,0.0,63249,4.74,0.0,4.74,0.0
2020-05-07,São Paulo,Bertioga,1.58,1,1,1.58,3,2,66.67,4.74,3.16,0.0,63249,4.74,1.58,4.74,1.58
2020-05-06,São Paulo,Bertioga,1.58,1,0,0.0,2,1,50.0,3.16,1.58,0.0,63249,3.16,1.58,3.16,1.58
2020-05-05,São Paulo,Bertioga,1.58,1,0,0.0,1,1,100.0,1.58,1.58,0.0,63249,1.58,1.58,1.58,1.58
