date,state,city,1day_cases_100k,new_cases,new_deaths,new_deaths_100k,total_cases,total_deaths,cfr%,total_cases_100k,total_deaths_100k,%infected,population,7day_cases_100k,7day_cases_change,28day_cases_100k,28day_cases_change
2020-09-29,São Paulo,Brejo Alegre,34.9,1,0,0.0,61,3,4.92,2129.14,104.71,2.13,2865,209.42,0.0,942.4,34.9
2020-09-28,São Paulo,Brejo Alegre,0.0,0,0,0.0,60,3,5.0,2094.24,104.71,2.09,2865,209.42,0.0,907.5,0.0
2020-09-27,São Paulo,Brejo Alegre,0.0,0,0,0.0,60,3,5.0,2094.24,104.71,2.09,2865,209.42,0.0,907.5,-104.71
2020-09-26,São Paulo,Brejo Alegre,104.71,3,0,0.0,60,3,5.0,2094.24,104.71,2.09,2865,209.42,34.9,1012.21,69.81
2020-09-25,São Paulo,Brejo Alegre,69.81,2,0,0.0,57,3,5.26,1989.53,104.71,1.99,2865,174.52,-69.81,942.4,69.81
2020-09-24,São Paulo,Brejo Alegre,0.0,0,0,0.0,55,3,5.45,1919.72,104.71,1.92,2865,244.33,0.0,872.59,-34.9
2020-09-23,São Paulo,Brejo Alegre,0.0,0,0,0.0,55,3,5.45,1919.72,104.71,1.92,2865,244.33,-104.71,907.49,0.0
2020-09-22,São Paulo,Brejo Alegre,34.9,1,0,0.0,55,3,5.45,1919.72,104.71,1.92,2865,349.04,0.0,907.49,34.9
2020-09-21,São Paulo,Brejo Alegre,0.0,0,0,0.0,54,3,5.56,1884.82,104.71,1.88,2865,349.04,0.0,872.59,-69.81
2020-09-20,São Paulo,Brejo Alegre,0.0,0,0,0.0,54,3,5.56,1884.82,104.71,1.88,2865,349.04,0.0,942.4,-69.81
2020-09-19,São Paulo,Brejo Alegre,69.81,2,1,34.9,54,3,5.56,1884.82,104.71,1.88,2865,349.04,0.0,1012.21,69.81
2020-09-18,São Paulo,Brejo Alegre,139.62,4,0,0.0,52,2,3.85,1815.01,69.81,1.82,2865,349.04,139.62,942.4,139.62
2020-09-17,São Paulo,Brejo Alegre,0.0,0,0,0.0,48,2,4.17,1675.39,69.81,1.68,2865,209.42,-34.9,802.78,-69.81
2020-09-16,São Paulo,Brejo Alegre,104.71,3,1,34.9,48,2,4.17,1675.39,69.81,1.68,2865,244.32,34.9,872.59,104.71
2020-09-15,São Paulo,Brejo Alegre,34.9,1,0,0.0,45,1,2.22,1570.68,34.9,1.57,2865,209.42,34.9,767.88,34.9
2020-09-14,São Paulo,Brejo Alegre,0.0,0,0,0.0,44,1,2.27,1535.78,34.9,1.54,2865,174.52,0.0,732.98,0.0
2020-09-13,São Paulo,Brejo Alegre,0.0,0,0,0.0,44,1,2.27,1535.78,34.9,1.54,2865,174.52,-69.81,732.98,0.0
2020-09-12,São Paulo,Brejo Alegre,69.81,2,0,0.0,44,1,2.27,1535.78,34.9,1.54,2865,244.33,69.81,732.98,69.81
2020-09-11,São Paulo,Brejo Alegre,0.0,0,0,0.0,42,1,2.38,1465.97,34.9,1.47,2865,174.52,0.0,663.17,-34.9
2020-09-10,São Paulo,Brejo Alegre,34.9,1,0,0.0,42,1,2.38,1465.97,34.9,1.47,2865,174.52,0.0,698.07,-34.91
2020-09-09,São Paulo,Brejo Alegre,69.81,2,0,0.0,41,1,2.44,1431.06,34.9,1.43,2865,174.52,0.0,732.98,69.81
2020-09-08,São Paulo,Brejo Alegre,0.0,0,0,0.0,39,1,2.56,1361.26,34.9,1.36,2865,174.52,0.0,663.17,-69.81
2020-09-06,São Paulo,Brejo Alegre,0.0,0,0,0.0,39,1,2.56,1361.26,34.9,1.36,2865,174.52,0.0,732.98,-34.9
2020-09-05,São Paulo,Brejo Alegre,69.81,2,0,0.0,39,1,2.56,1361.26,34.9,1.36,2865,174.52,-34.9,767.88,-34.9
2020-09-04,São Paulo,Brejo Alegre,0.0,0,0,0.0,37,1,2.7,1291.45,34.9,1.29,2865,209.42,-34.9,802.78,0.0
2020-09-03,São Paulo,Brejo Alegre,0.0,0,0,0.0,37,1,2.7,1291.45,34.9,1.29,2865,244.32,0.0,802.78,-34.9
2020-09-02,São Paulo,Brejo Alegre,34.9,1,0,0.0,37,1,2.7,1291.45,34.9,1.29,2865,244.32,0.0,837.68,0.0
2020-09-01,São Paulo,Brejo Alegre,69.81,2,0,0.0,36,1,2.78,1256.54,34.9,1.26,2865,244.32,69.81,837.68,69.81
2020-08-31,São Paulo,Brejo Alegre,0.0,0,0,0.0,34,1,2.94,1186.74,34.9,1.19,2865,174.51,0.0,767.87,-69.81
2020-08-30,São Paulo,Brejo Alegre,0.0,0,0,0.0,34,1,2.94,1186.74,34.9,1.19,2865,174.51,-69.81,837.68,0.0
2020-08-28,São Paulo,Brejo Alegre,104.71,3,0,0.0,34,1,2.94,1186.74,34.9,1.19,2865,244.32,34.9,837.68,69.81
2020-08-27,São Paulo,Brejo Alegre,34.9,1,0,0.0,31,1,3.23,1082.02,34.9,1.08,2865,209.42,34.9,767.87,34.9
2020-08-26,São Paulo,Brejo Alegre,0.0,0,1,34.9,30,1,3.33,1047.12,34.9,1.05,2865,174.52,0.0,732.97,0.0
2020-08-25,São Paulo,Brejo Alegre,34.9,1,0,0.0,30,0,0.0,1047.12,0.0,1.05,2865,174.52,-34.91,732.97,34.9
2020-08-24,São Paulo,Brejo Alegre,0.0,0,0,0.0,29,0,0.0,1012.22,0.0,1.01,2865,209.43,0.0,698.07,0.0
2020-08-23,São Paulo,Brejo Alegre,0.0,0,0,0.0,29,0,0.0,1012.22,0.0,1.01,2865,209.43,0.0,698.07,0.0
2020-08-22,São Paulo,Brejo Alegre,69.81,2,0,0.0,29,0,0.0,1012.22,0.0,1.01,2865,209.43,69.81,698.07,69.81
2020-08-21,São Paulo,Brejo Alegre,69.81,2,0,0.0,27,0,0.0,942.41,0.0,0.94,2865,139.62,69.81,628.26,69.81
2020-08-20,São Paulo,Brejo Alegre,0.0,0,0,0.0,25,0,0.0,872.6,0.0,0.87,2865,69.81,0.0,558.45,0.0
2020-08-19,São Paulo,Brejo Alegre,0.0,0,0,0.0,25,0,0.0,872.6,0.0,0.87,2865,69.81,-34.9,558.45,-34.9
2020-08-18,São Paulo,Brejo Alegre,69.81,2,0,0.0,25,0,0.0,872.6,0.0,0.87,2865,104.71,0.0,593.35,69.81
2020-08-17,São Paulo,Brejo Alegre,0.0,0,0,0.0,23,0,0.0,802.79,0.0,0.8,2865,104.71,0.0,523.54,0.0
2020-08-16,São Paulo,Brejo Alegre,0.0,0,0,0.0,23,0,0.0,802.79,0.0,0.8,2865,104.71,-69.81,523.54,0.0
2020-08-15,São Paulo,Brejo Alegre,0.0,0,0,0.0,23,0,0.0,802.79,0.0,0.8,2865,174.52,-34.9,523.54,0.0
2020-08-14,São Paulo,Brejo Alegre,0.0,0,0,0.0,23,0,0.0,802.79,0.0,0.8,2865,209.42,-104.71,523.54,0.0
2020-08-13,São Paulo,Brejo Alegre,0.0,0,0,0.0,23,0,0.0,802.79,0.0,0.8,2865,314.13,0.0,523.54,0.0
2020-08-12,São Paulo,Brejo Alegre,34.9,1,0,0.0,23,0,0.0,802.79,0.0,0.8,2865,314.13,0.0,523.54,0.0
2020-08-11,São Paulo,Brejo Alegre,69.81,2,0,0.0,22,0,0.0,767.89,0.0,0.77,2865,314.13,34.91,523.54,0.0
2020-08-10,São Paulo,Brejo Alegre,0.0,0,0,0.0,20,0,0.0,698.08,0.0,0.7,2865,279.22,0.0,523.54,0.0
2020-08-09,São Paulo,Brejo Alegre,69.81,2,0,0.0,20,0,0.0,698.08,0.0,0.7,2865,279.22,0.0,523.54,69.81
2020-08-08,São Paulo,Brejo Alegre,34.9,1,0,0.0,18,0,0.0,628.27,0.0,0.63,2865,279.22,34.9,453.73,34.9
2020-08-07,São Paulo,Brejo Alegre,104.71,3,0,0.0,17,0,0.0,593.37,0.0,0.59,2865,244.32,69.81,418.83,104.71
2020-08-06,São Paulo,Brejo Alegre,0.0,0,0,0.0,14,0,0.0,488.66,0.0,0.49,2865,174.51,0.0,314.12,0.0
2020-08-05,São Paulo,Brejo Alegre,34.9,1,0,0.0,14,0,0.0,488.66,0.0,0.49,2865,174.51,34.9,314.12,34.9
2020-08-04,São Paulo,Brejo Alegre,34.9,1,0,0.0,13,0,0.0,453.75,0.0,0.45,2865,139.61,34.9,279.22,34.9
2020-08-03,São Paulo,Brejo Alegre,0.0,0,0,0.0,12,0,0.0,418.85,0.0,0.42,2865,104.71,0.0,244.32,0.0
2020-08-02,São Paulo,Brejo Alegre,69.81,2,0,0.0,12,0,0.0,418.85,0.0,0.42,2865,104.71,69.81,244.32,69.81
2020-08-01,São Paulo,Brejo Alegre,0.0,0,0,0.0,10,0,0.0,349.04,0.0,0.35,2865,34.9,0.0,174.51,0.0
2020-07-31,São Paulo,Brejo Alegre,34.9,1,0,0.0,10,0,0.0,349.04,0.0,0.35,2865,34.9,34.9,174.51,34.9
2020-07-30,São Paulo,Brejo Alegre,0.0,0,0,0.0,9,0,0.0,314.14,0.0,0.31,2865,0.0,0.0,139.61,0.0
2020-07-29,São Paulo,Brejo Alegre,0.0,0,0,0.0,9,0,0.0,314.14,0.0,0.31,2865,0.0,-34.9,139.61,0.0
2020-07-28,São Paulo,Brejo Alegre,0.0,0,0,0.0,9,0,0.0,314.14,0.0,0.31,2865,34.9,0.0,139.61,0.0
2020-07-27,São Paulo,Brejo Alegre,0.0,0,0,0.0,9,0,0.0,314.14,0.0,0.31,2865,34.9,0.0,139.61,0.0
2020-07-26,São Paulo,Brejo Alegre,0.0,0,0,0.0,9,0,0.0,314.14,0.0,0.31,2865,34.9,0.0,139.61,0.0
2020-07-25,São Paulo,Brejo Alegre,0.0,0,0,0.0,9,0,0.0,314.14,0.0,0.31,2865,34.9,0.0,139.61,-34.9
2020-07-24,São Paulo,Brejo Alegre,0.0,0,0,0.0,9,0,0.0,314.14,0.0,0.31,2865,34.9,0.0,174.51,0.0
2020-07-23,São Paulo,Brejo Alegre,0.0,0,0,0.0,9,0,0.0,314.14,0.0,0.31,2865,34.9,0.0,174.51,0.0
2020-07-22,São Paulo,Brejo Alegre,34.9,1,0,0.0,9,0,0.0,314.14,0.0,0.31,2865,34.9,0.0,174.51,34.9
2020-07-21,São Paulo,Brejo Alegre,0.0,0,0,0.0,8,0,0.0,279.23,0.0,0.28,2865,34.9,-69.81,139.61,-34.9
2020-07-20,São Paulo,Brejo Alegre,0.0,0,0,0.0,8,0,0.0,279.23,0.0,0.28,2865,104.71,0.0,174.51,0.0
2020-07-19,São Paulo,Brejo Alegre,0.0,0,0,0.0,8,0,0.0,279.23,0.0,0.28,2865,104.71,0.0,174.51,0.0
2020-07-18,São Paulo,Brejo Alegre,0.0,0,0,0.0,8,0,0.0,279.23,0.0,0.28,2865,104.71,0.0,174.51,0.0
2020-07-17,São Paulo,Brejo Alegre,0.0,0,0,0.0,8,0,0.0,279.23,0.0,0.28,2865,104.71,0.0,174.51,0.0
2020-07-16,São Paulo,Brejo Alegre,0.0,0,0,0.0,8,0,0.0,279.23,0.0,0.28,2865,104.71,0.0,174.51,0.0
2020-07-15,São Paulo,Brejo Alegre,34.9,1,0,0.0,8,0,0.0,279.23,0.0,0.28,2865,104.71,34.9,174.51,34.9
2020-07-14,São Paulo,Brejo Alegre,69.81,2,0,0.0,7,0,0.0,244.33,0.0,0.24,2865,69.81,69.81,139.61,34.91
2020-07-13,São Paulo,Brejo Alegre,0.0,0,0,0.0,5,0,0.0,174.52,0.0,0.17,2865,0.0,0.0,104.7,0.0
2020-07-12,São Paulo,Brejo Alegre,0.0,0,0,0.0,5,0,0.0,174.52,0.0,0.17,2865,0.0,0.0,104.7,0.0
2020-07-11,São Paulo,Brejo Alegre,0.0,0,0,0.0,5,0,0.0,174.52,0.0,0.17,2865,0.0,0.0,104.7,0.0
2020-07-10,São Paulo,Brejo Alegre,0.0,0,0,0.0,5,0,0.0,174.52,0.0,0.17,2865,0.0,0.0,104.7,0.0
2020-07-09,São Paulo,Brejo Alegre,0.0,0,0,0.0,5,0,0.0,174.52,0.0,0.17,2865,0.0,0.0,104.7,0.0
2020-07-08,São Paulo,Brejo Alegre,0.0,0,0,0.0,5,0,0.0,174.52,0.0,0.17,2865,0.0,0.0,104.7,-34.9
2020-07-07,São Paulo,Brejo Alegre,0.0,0,0,0.0,5,0,0.0,174.52,0.0,0.17,2865,0.0,0.0,139.6,0.0
2020-07-06,São Paulo,Brejo Alegre,0.0,0,0,0.0,5,0,0.0,174.52,0.0,0.17,2865,0.0,0.0,139.6,0.0
2020-07-05,São Paulo,Brejo Alegre,0.0,0,0,0.0,5,0,0.0,174.52,0.0,0.17,2865,0.0,0.0,139.6,0.0
2020-07-04,São Paulo,Brejo Alegre,0.0,0,0,0.0,5,0,0.0,174.52,0.0,0.17,2865,0.0,-34.9,139.6,0.0
2020-07-03,São Paulo,Brejo Alegre,0.0,0,0,0.0,5,0,0.0,174.52,0.0,0.17,2865,34.9,0.0,139.6,0.0
2020-07-02,São Paulo,Brejo Alegre,0.0,0,0,0.0,5,0,0.0,174.52,0.0,0.17,2865,34.9,0.0,139.6,0.0
2020-07-01,São Paulo,Brejo Alegre,0.0,0,0,0.0,5,0,0.0,174.52,0.0,0.17,2865,34.9,0.0,139.6,0.0
2020-06-30,São Paulo,Brejo Alegre,0.0,0,0,0.0,5,0,0.0,174.52,0.0,0.17,2865,34.9,-34.9,139.6,0.0
2020-06-29,São Paulo,Brejo Alegre,0.0,0,0,0.0,5,0,0.0,174.52,0.0,0.17,2865,69.8,0.0,139.6,0.0
2020-06-28,São Paulo,Brejo Alegre,0.0,0,0,0.0,5,0,0.0,174.52,0.0,0.17,2865,69.8,0.0,139.6,0.0
2020-06-27,São Paulo,Brejo Alegre,34.9,1,0,0.0,5,0,0.0,174.52,0.0,0.17,2865,69.8,34.9,139.6,34.9
2020-06-26,São Paulo,Brejo Alegre,0.0,0,0,0.0,4,0,0.0,139.62,0.0,0.14,2865,34.9,0.0,104.7,0.0
2020-06-25,São Paulo,Brejo Alegre,0.0,0,0,0.0,4,0,0.0,139.62,0.0,0.14,2865,34.9,0.0,104.7,0.0
2020-06-24,São Paulo,Brejo Alegre,0.0,0,0,0.0,4,0,0.0,139.62,0.0,0.14,2865,34.9,0.0,104.7,0.0
2020-06-23,São Paulo,Brejo Alegre,34.9,1,0,0.0,4,0,0.0,139.62,0.0,0.14,2865,34.9,0.0,104.7,34.9
2020-06-22,São Paulo,Brejo Alegre,0.0,0,0,0.0,3,0,0.0,104.71,0.0,0.1,2865,34.9,0.0,69.8,0.0
2020-06-21,São Paulo,Brejo Alegre,0.0,0,0,0.0,3,0,0.0,104.71,0.0,0.1,2865,34.9,0.0,69.8,0.0
2020-06-20,São Paulo,Brejo Alegre,0.0,0,0,0.0,3,0,0.0,104.71,0.0,0.1,2865,34.9,0.0,69.8,0.0
2020-06-19,São Paulo,Brejo Alegre,0.0,0,0,0.0,3,0,0.0,104.71,0.0,0.1,2865,34.9,0.0,69.8,0.0
2020-06-18,São Paulo,Brejo Alegre,0.0,0,0,0.0,3,0,0.0,104.71,0.0,0.1,2865,34.9,0.0,69.8,0.0
2020-06-17,São Paulo,Brejo Alegre,0.0,0,0,0.0,3,0,0.0,104.71,0.0,0.1,2865,34.9,-34.9,69.8,0.0
2020-06-16,São Paulo,Brejo Alegre,34.9,1,0,0.0,3,0,0.0,104.71,0.0,0.1,2865,69.8,34.9,69.8,34.9
2020-06-15,São Paulo,Brejo Alegre,0.0,0,0,0.0,2,0,0.0,69.81,0.0,0.07,2865,34.9,0.0,34.9,0.0
2020-06-14,São Paulo,Brejo Alegre,0.0,0,0,0.0,2,0,0.0,69.81,0.0,0.07,2865,34.9,0.0,34.9,0.0
2020-06-13,São Paulo,Brejo Alegre,0.0,0,0,0.0,2,0,0.0,69.81,0.0,0.07,2865,34.9,0.0,34.9,0.0
2020-06-12,São Paulo,Brejo Alegre,0.0,0,0,0.0,2,0,0.0,69.81,0.0,0.07,2865,34.9,0.0,34.9,0.0
2020-06-11,São Paulo,Brejo Alegre,0.0,0,0,0.0,2,0,0.0,69.81,0.0,0.07,2865,34.9,0.0,34.9,0.0
2020-06-10,São Paulo,Brejo Alegre,34.9,1,0,0.0,2,0,0.0,69.81,0.0,0.07,2865,34.9,34.9,34.9,34.9
2020-06-09,São Paulo,Brejo Alegre,0.0,0,0,0.0,1,0,0.0,34.9,0.0,0.03,2865,0.0,0.0,0.0,0.0
2020-06-08,São Paulo,Brejo Alegre,0.0,0,0,0.0,1,0,0.0,34.9,0.0,0.03,2865,0.0,0.0,0.0,0.0
2020-06-07,São Paulo,Brejo Alegre,0.0,0,0,0.0,1,0,0.0,34.9,0.0,0.03,2865,0.0,0.0,0.0,0.0
2020-06-06,São Paulo,Brejo Alegre,0.0,0,0,0.0,1,0,0.0,34.9,0.0,0.03,2865,0.0,0.0,0.0,0.0
2020-06-05,São Paulo,Brejo Alegre,0.0,0,0,0.0,1,0,0.0,34.9,0.0,0.03,2865,0.0,0.0,0.0,0.0
2020-06-04,São Paulo,Brejo Alegre,0.0,0,0,0.0,1,0,0.0,34.9,0.0,0.03,2865,0.0,0.0,0.0,0.0
2020-06-03,São Paulo,Brejo Alegre,0.0,0,0,0.0,1,0,0.0,34.9,0.0,0.03,2865,0.0,0.0,0.0,0.0
2020-06-02,São Paulo,Brejo Alegre,0.0,0,0,0.0,1,0,0.0,34.9,0.0,0.03,2865,0.0,0.0,0.0,0.0
2020-06-01,São Paulo,Brejo Alegre,0.0,0,0,0.0,1,0,0.0,34.9,0.0,0.03,2865,0.0,0.0,0.0,0.0
2020-05-31,São Paulo,Brejo Alegre,0.0,0,0,0.0,1,0,0.0,34.9,0.0,0.03,2865,0.0,0.0,0.0,0.0
2020-05-30,São Paulo,Brejo Alegre,0.0,0,0,0.0,1,0,0.0,34.9,0.0,0.03,2865,0.0,0.0,0.0,0.0
2020-05-29,São Paulo,Brejo Alegre,0.0,0,0,0.0,1,0,0.0,34.9,0.0,0.03,2865,0.0,0.0,0.0,0.0
2020-05-28,São Paulo,Brejo Alegre,0.0,0,0,0.0,1,0,0.0,34.9,0.0,0.03,2865,0.0,0.0,0.0,0.0
2020-05-27,São Paulo,Brejo Alegre,0.0,0,0,0.0,1,0,0.0,34.9,0.0,0.03,2865,0.0,0.0,0.0,0.0
2020-05-26,São Paulo,Brejo Alegre,0.0,0,0,0.0,1,0,0.0,34.9,0.0,0.03,2865,0.0,0.0,0.0,0.0
2020-05-25,São Paulo,Brejo Alegre,0.0,0,0,0.0,1,0,0.0,34.9,0.0,0.03,2865,0.0,0.0,0.0,0.0
2020-05-24,São Paulo,Brejo Alegre,0.0,0,0,0.0,1,0,0.0,34.9,0.0,0.03,2865,0.0,0.0,0.0,0.0
2020-05-23,São Paulo,Brejo Alegre,0.0,0,0,0.0,1,0,0.0,34.9,0.0,0.03,2865,0.0,0.0,0.0,0.0
2020-05-22,São Paulo,Brejo Alegre,0.0,0,0,0.0,1,0,0.0,34.9,0.0,0.03,2865,0.0,0.0,0.0,0.0
2020-05-21,São Paulo,Brejo Alegre,0.0,0,0,0.0,1,0,0.0,34.9,0.0,0.03,2865,0.0,0.0,0.0,0.0
2020-05-20,São Paulo,Brejo Alegre,0.0,0,0,0.0,1,0,0.0,34.9,0.0,0.03,2865,0.0,0.0,0.0,0.0
2020-05-19,São Paulo,Brejo Alegre,0.0,0,0,0.0,1,0,0.0,34.9,0.0,0.03,2865,0.0,0.0,0.0,0.0
2020-05-18,São Paulo,Brejo Alegre,0.0,0,0,0.0,1,0,0.0,34.9,0.0,0.03,2865,0.0,0.0,0.0,0.0
2020-05-17,São Paulo,Brejo Alegre,0.0,0,0,0.0,1,0,0.0,34.9,0.0,0.03,2865,0.0,0.0,0.0,0.0
2020-05-16,São Paulo,Brejo Alegre,0.0,0,0,0.0,1,0,0.0,34.9,0.0,0.03,2865,0.0,0.0,0.0,0.0
2020-05-15,São Paulo,Brejo Alegre,0.0,0,0,0.0,1,0,0.0,34.9,0.0,0.03,2865,0.0,0.0,0.0,0.0
2020-05-14,São Paulo,Brejo Alegre,0.0,0,0,0.0,1,0,0.0,34.9,0.0,0.03,2865,0.0,0.0,0.0,0.0
2020-05-13,São Paulo,Brejo Alegre,0.0,0,0,0.0,1,0,0.0,34.9,0.0,0.03,2865,0.0,0.0,0.0,0.0
2020-05-12,São Paulo,Brejo Alegre,0.0,0,0,0.0,1,0,0.0,34.9,0.0,0.03,2865,0.0,0.0,0.0,0.0
2020-05-11,São Paulo,Brejo Alegre,0.0,0,0,0.0,1,0,0.0,34.9,0.0,0.03,2865,0.0,0.0,0.0,0.0
2020-05-10,São Paulo,Brejo Alegre,0.0,0,0,0.0,1,0,0.0,34.9,0.0,0.03,2865,0.0,0.0,0.0,0.0
2020-05-09,São Paulo,Brejo Alegre,0.0,0,0,0.0,1,0,0.0,34.9,0.0,0.03,2865,0.0,0.0,0.0,0.0
2020-05-08,São Paulo,Brejo Alegre,0.0,0,0,0.0,1,0,0.0,34.9,0.0,0.03,2865,0.0,0.0,0.0,0.0
2020-05-07,São Paulo,Brejo Alegre,0.0,0,0,0.0,1,0,0.0,34.9,0.0,0.03,2865,0.0,0.0,0.0,0.0
2020-05-06,São Paulo,Brejo Alegre,0.0,0,0,0.0,1,0,0.0,34.9,0.0,0.03,2865,0.0,0.0,0.0,0.0
