date,state,city,1day_cases_100k,new_cases,new_deaths,new_deaths_100k,total_cases,total_deaths,cfr%,total_cases_100k,total_deaths_100k,%infected,population,7day_cases_100k,7day_cases_change,28day_cases_100k,28day_cases_change
2020-08-21,São Paulo,Capivari,14.35,8,1,1.79,698,8,1.15,1251.61,14.35,1.25,55768,303.05,-55.58,629.39,12.56
2020-08-20,São Paulo,Capivari,26.9,15,0,0.0,690,7,1.01,1237.27,12.55,1.24,55768,358.63,-37.65,616.83,21.52
2020-08-19,São Paulo,Capivari,100.42,56,2,3.59,675,7,1.04,1210.37,12.55,1.21,55768,396.28,69.94,595.31,98.63
2020-08-18,São Paulo,Capivari,75.31,42,1,1.79,619,5,0.81,1109.96,8.97,1.11,55768,326.34,39.45,496.68,69.93
2020-08-17,São Paulo,Capivari,50.21,28,0,0.0,577,4,0.69,1034.64,7.17,1.03,55768,286.89,48.42,426.75,48.42
2020-08-16,São Paulo,Capivari,16.14,9,1,1.79,549,4,0.73,984.44,7.17,0.98,55768,238.47,10.76,378.33,14.35
2020-08-15,São Paulo,Capivari,19.72,11,0,0.0,540,3,0.56,968.3,5.38,0.97,55768,227.71,14.34,363.98,5.37
2020-08-14,São Paulo,Capivari,69.93,39,0,0.0,529,3,0.57,948.57,5.38,0.95,55768,213.37,53.79,358.61,68.14
2020-08-13,São Paulo,Capivari,64.55,36,0,0.0,490,3,0.61,878.64,5.38,0.88,55768,159.58,60.96,290.47,52.0
2020-08-12,São Paulo,Capivari,30.48,17,0,0.0,454,3,0.66,814.09,5.38,0.81,55768,98.62,32.27,238.47,28.69
2020-08-11,São Paulo,Capivari,35.86,20,0,0.0,437,3,0.69,783.6,5.38,0.78,55768,66.35,19.72,209.78,32.27
2020-08-10,São Paulo,Capivari,1.79,1,0,0.0,417,3,0.72,747.74,5.38,0.75,55768,46.63,0.0,177.51,0.0
2020-08-09,São Paulo,Capivari,5.38,3,0,0.0,416,3,0.72,745.95,5.38,0.75,55768,46.63,5.38,177.51,5.38
2020-08-08,São Paulo,Capivari,5.38,3,0,0.0,413,3,0.73,740.57,5.38,0.74,55768,41.25,-1.79,172.13,0.0
2020-08-07,São Paulo,Capivari,16.14,9,0,0.0,410,3,0.73,735.19,5.38,0.74,55768,43.04,8.97,172.13,-3.58
2020-08-06,São Paulo,Capivari,3.59,2,0,0.0,401,3,0.75,719.05,5.38,0.72,55768,34.07,1.8,175.71,-5.38
2020-08-05,São Paulo,Capivari,-1.79,-1,0,0.0,399,3,0.75,715.46,5.38,0.72,55768,32.27,-7.17,181.09,-1.79
2020-08-04,São Paulo,Capivari,16.14,9,0,0.0,400,3,0.75,717.26,5.38,0.72,55768,39.44,5.38,182.88,-3.58
2020-08-03,São Paulo,Capivari,1.79,1,0,0.0,391,3,0.77,701.12,5.38,0.7,55768,34.06,1.79,186.46,1.79
2020-08-02,São Paulo,Capivari,0.0,0,0,0.0,390,3,0.77,699.33,5.38,0.7,55768,32.27,-1.79,184.67,-23.31
2020-08-01,São Paulo,Capivari,7.17,4,0,0.0,390,3,0.77,699.33,5.38,0.7,55768,34.06,-35.87,207.98,7.17
2020-07-31,São Paulo,Capivari,7.17,4,1,1.79,386,3,0.78,692.15,5.38,0.69,55768,69.93,5.38,200.81,-46.62
2020-07-30,São Paulo,Capivari,1.79,1,0,0.0,382,2,0.52,684.98,3.59,0.68,55768,64.55,-3.59,247.43,-16.14
2020-07-29,São Paulo,Capivari,5.38,3,0,0.0,381,2,0.52,683.19,3.59,0.68,55768,68.14,3.59,263.57,3.59
2020-07-28,São Paulo,Capivari,10.76,6,0,0.0,378,2,0.53,677.81,3.59,0.68,55768,64.55,5.38,259.98,3.59
2020-07-27,São Paulo,Capivari,0.0,0,0,0.0,372,2,0.54,667.05,3.59,0.67,55768,59.17,-1.79,256.39,-5.38
2020-07-26,São Paulo,Capivari,1.79,1,0,0.0,372,2,0.54,667.05,3.59,0.67,55768,60.96,0.0,261.77,-10.76
2020-07-25,São Paulo,Capivari,43.04,24,0,0.0,371,2,0.54,665.26,3.59,0.67,55768,60.96,28.69,272.53,19.73
2020-07-24,São Paulo,Capivari,1.79,1,0,0.0,347,2,0.58,622.22,3.59,0.62,55768,32.27,0.0,252.8,-39.45
2020-07-23,São Paulo,Capivari,5.38,3,0,0.0,346,2,0.58,620.43,3.59,0.62,55768,32.27,-7.17,292.25,3.59
2020-07-22,São Paulo,Capivari,1.79,1,0,0.0,343,2,0.58,615.05,3.59,0.62,55768,39.44,0.0,288.66,-64.56
2020-07-21,São Paulo,Capivari,5.38,3,0,0.0,342,2,0.58,613.25,3.59,0.61,55768,39.44,1.79,353.22,-5.38
2020-07-20,São Paulo,Capivari,1.79,1,0,0.0,339,2,0.59,607.88,3.59,0.61,55768,37.65,0.0,358.6,-12.56
2020-07-19,São Paulo,Capivari,1.79,1,0,0.0,338,2,0.59,606.08,3.59,0.61,55768,37.65,1.79,371.16,1.79
2020-07-18,São Paulo,Capivari,14.35,8,0,0.0,337,2,0.59,604.29,3.59,0.6,55768,35.86,8.97,369.37,-5.37
2020-07-17,São Paulo,Capivari,1.79,1,0,0.0,329,2,0.61,589.94,3.59,0.59,55768,26.89,-17.93,374.74,-62.76
2020-07-16,São Paulo,Capivari,12.55,7,1,1.79,328,2,0.61,588.15,3.59,0.59,55768,44.82,3.58,437.5,12.55
2020-07-15,São Paulo,Capivari,1.79,1,0,0.0,321,1,0.31,575.6,1.79,0.58,55768,41.24,1.79,424.95,0.0
2020-07-14,São Paulo,Capivari,3.59,2,0,0.0,320,1,0.31,573.81,1.79,0.57,55768,39.45,-16.13,424.95,0.0
2020-07-13,São Paulo,Capivari,1.79,1,0,0.0,318,1,0.31,570.22,1.79,0.57,55768,55.58,1.79,424.95,1.79
2020-07-12,São Paulo,Capivari,0.0,0,0,0.0,317,1,0.32,568.43,1.79,0.57,55768,53.79,-23.31,423.16,0.0
2020-07-11,São Paulo,Capivari,5.38,3,0,0.0,317,1,0.32,568.43,1.79,0.57,55768,77.1,5.38,423.16,5.38
2020-07-10,São Paulo,Capivari,19.72,11,0,0.0,314,1,0.32,563.05,1.79,0.56,55768,71.72,-34.07,417.78,12.55
2020-07-09,São Paulo,Capivari,8.97,5,1,1.79,303,1,0.33,543.32,1.79,0.54,55768,105.79,-8.96,405.23,-25.1
2020-07-08,São Paulo,Capivari,0.0,0,0,0.0,298,0,0.0,534.36,0.0,0.53,55768,114.75,-1.79,430.33,-1.79
2020-07-07,São Paulo,Capivari,19.72,11,0,0.0,298,0,0.0,534.36,0.0,0.53,55768,116.54,12.55,432.12,19.72
2020-07-06,São Paulo,Capivari,0.0,0,0,0.0,287,0,0.0,514.63,0.0,0.51,55768,103.99,-5.38,412.4,0.0
2020-07-05,São Paulo,Capivari,23.31,13,0,0.0,287,0,0.0,514.63,0.0,0.51,55768,109.37,10.76,412.4,23.31
2020-07-04,São Paulo,Capivari,0.0,0,0,0.0,274,0,0.0,491.32,0.0,0.49,55768,98.61,-23.31,389.09,0.0
2020-07-03,São Paulo,Capivari,53.79,30,0,0.0,274,0,0.0,491.32,0.0,0.49,55768,121.92,12.55,389.09,52.0
2020-07-02,São Paulo,Capivari,17.93,10,0,0.0,244,0,0.0,437.53,0.0,0.44,55768,109.37,16.14,337.09,17.93
2020-07-01,São Paulo,Capivari,1.79,1,0,0.0,234,0,0.0,419.6,0.0,0.42,55768,93.23,-64.56,319.16,-89.66
2020-06-30,São Paulo,Capivari,7.17,4,0,0.0,233,0,0.0,417.8,0.0,0.42,55768,157.79,-3.59,408.82,3.58
2020-06-29,São Paulo,Capivari,5.38,3,0,0.0,229,0,0.0,410.63,0.0,0.41,55768,161.38,-8.97,405.24,5.38
2020-06-28,São Paulo,Capivari,12.55,7,0,0.0,226,0,0.0,405.25,0.0,0.41,55768,170.35,12.55,399.86,12.55
2020-06-27,São Paulo,Capivari,23.31,13,0,0.0,219,0,0.0,392.7,0.0,0.39,55768,157.8,3.59,387.31,23.31
2020-06-26,São Paulo,Capivari,41.24,23,0,0.0,206,0,0.0,369.39,0.0,0.37,55768,154.21,-23.31,364.0,41.24
2020-06-25,São Paulo,Capivari,1.79,1,0,0.0,183,0,0.0,328.15,0.0,0.33,55768,177.52,1.79,322.76,1.79
2020-06-24,São Paulo,Capivari,66.35,37,0,0.0,182,0,0.0,326.35,0.0,0.33,55768,175.73,64.56,320.97,64.56
2020-06-23,São Paulo,Capivari,10.76,6,0,0.0,145,0,0.0,260.01,0.0,0.26,55768,111.17,7.17,256.41,10.76
2020-06-22,São Paulo,Capivari,14.35,8,0,0.0,139,0,0.0,249.25,0.0,0.25,55768,104.0,14.35,245.65,14.35
2020-06-21,São Paulo,Capivari,0.0,0,0,0.0,131,0,0.0,234.9,0.0,0.23,55768,89.65,0.0,231.3,0.0
2020-06-20,São Paulo,Capivari,19.72,11,0,0.0,131,0,0.0,234.9,0.0,0.23,55768,89.65,19.72,231.3,19.72
2020-06-19,São Paulo,Capivari,64.55,36,0,0.0,120,0,0.0,215.18,0.0,0.22,55768,69.93,57.38,211.58,64.55
2020-06-18,São Paulo,Capivari,0.0,0,0,0.0,84,0,0.0,150.62,0.0,0.15,55768,12.55,-34.07,147.03,0.0
2020-06-17,São Paulo,Capivari,1.79,1,0,0.0,84,0,0.0,150.62,0.0,0.15,55768,46.62,0.0,147.03,0.0
2020-06-16,São Paulo,Capivari,3.59,2,0,0.0,83,0,0.0,148.83,0.0,0.15,55768,46.62,3.59,147.03,1.8
2020-06-15,São Paulo,Capivari,0.0,0,0,0.0,81,0,0.0,145.24,0.0,0.15,55768,43.03,0.0,145.23,0.0
2020-06-14,São Paulo,Capivari,0.0,0,0,0.0,81,0,0.0,145.24,0.0,0.15,55768,43.03,0.0,145.23,0.0
2020-06-13,São Paulo,Capivari,0.0,0,0,0.0,81,0,0.0,145.24,0.0,0.15,55768,43.03,0.0,145.23,0.0
2020-06-12,São Paulo,Capivari,7.17,4,0,0.0,81,0,0.0,145.24,0.0,0.15,55768,43.03,5.38,145.23,7.17
2020-06-11,São Paulo,Capivari,34.07,19,0,0.0,77,0,0.0,138.07,0.0,0.14,55768,37.65,34.07,138.06,34.07
2020-06-10,São Paulo,Capivari,1.79,1,0,0.0,58,0,0.0,104.0,0.0,0.1,55768,3.58,-89.66,103.99,1.79
2020-06-09,São Paulo,Capivari,0.0,0,0,0.0,57,0,0.0,102.21,0.0,0.1,55768,93.24,-3.59,102.2,0.0
2020-06-08,São Paulo,Capivari,0.0,0,0,0.0,57,0,0.0,102.21,0.0,0.1,55768,96.83,0.0,102.2,0.0
2020-06-07,São Paulo,Capivari,0.0,0,0,0.0,57,0,0.0,102.21,0.0,0.1,55768,96.83,0.0,102.2,0.0
2020-06-06,São Paulo,Capivari,0.0,0,0,0.0,57,0,0.0,102.21,0.0,0.1,55768,96.83,0.0,102.2,0.0
2020-06-05,São Paulo,Capivari,1.79,1,0,0.0,57,0,0.0,102.21,0.0,0.1,55768,96.83,1.79,102.2,1.79
2020-06-04,São Paulo,Capivari,0.0,0,0,0.0,56,0,0.0,100.42,0.0,0.1,55768,95.04,0.0,100.41,0.0
2020-06-03,São Paulo,Capivari,91.45,51,0,0.0,56,0,0.0,100.42,0.0,0.1,55768,95.04,89.66,100.41,91.45
2020-06-02,São Paulo,Capivari,3.59,2,0,0.0,5,0,0.0,8.97,0.0,0.01,55768,5.38,3.59,8.96,3.59
2020-06-01,São Paulo,Capivari,0.0,0,0,0.0,3,0,0.0,5.38,0.0,0.01,55768,1.79,0.0,5.37,0.0
2020-05-31,São Paulo,Capivari,0.0,0,0,0.0,3,0,0.0,5.38,0.0,0.01,55768,1.79,0.0,5.37,0.0
2020-05-30,São Paulo,Capivari,0.0,0,0,0.0,3,0,0.0,5.38,0.0,0.01,55768,1.79,0.0,5.37,0.0
2020-05-29,São Paulo,Capivari,0.0,0,0,0.0,3,0,0.0,5.38,0.0,0.01,55768,1.79,0.0,5.37,0.0
2020-05-28,São Paulo,Capivari,0.0,0,0,0.0,3,0,0.0,5.38,0.0,0.01,55768,1.79,0.0,5.37,0.0
2020-05-27,São Paulo,Capivari,1.79,1,0,0.0,3,0,0.0,5.38,0.0,0.01,55768,1.79,0.0,5.37,1.79
2020-05-26,São Paulo,Capivari,0.0,0,0,0.0,2,0,0.0,3.59,0.0,0.0,55768,1.79,-1.79,3.58,0.0
2020-05-25,São Paulo,Capivari,0.0,0,0,0.0,2,0,0.0,3.59,0.0,0.0,55768,3.58,0.0,3.58,0.0
2020-05-24,São Paulo,Capivari,0.0,0,0,0.0,2,0,0.0,3.59,0.0,0.0,55768,3.58,0.0,3.58,0.0
2020-05-23,São Paulo,Capivari,0.0,0,0,0.0,2,0,0.0,3.59,0.0,0.0,55768,3.58,0.0,3.58,0.0
2020-05-22,São Paulo,Capivari,0.0,0,0,0.0,2,0,0.0,3.59,0.0,0.0,55768,3.58,0.0,3.58,0.0
2020-05-21,São Paulo,Capivari,0.0,0,0,0.0,2,0,0.0,3.59,0.0,0.0,55768,3.58,0.0,3.58,0.0
2020-05-20,São Paulo,Capivari,1.79,1,0,0.0,2,0,0.0,3.59,0.0,0.0,55768,3.58,1.79,3.58,1.79
2020-05-19,São Paulo,Capivari,1.79,1,0,0.0,1,0,0.0,1.79,0.0,0.0,55768,1.79,1.79,1.79,1.79
