date,state,city,1day_cases_100k,new_cases,new_deaths,new_deaths_100k,total_cases,total_deaths,cfr%,total_cases_100k,total_deaths_100k,%infected,population,7day_cases_100k,7day_cases_change,28day_cases_100k,28day_cases_change
2020-08-27,São Paulo,Guararapes,6.07,2,0,0.0,423,4,0.95,1284.19,12.14,1.28,32939,78.94,-9.11,391.65,-15.18
2020-08-26,São Paulo,Guararapes,21.25,7,0,0.0,421,4,0.95,1278.12,12.14,1.28,32939,88.05,9.11,406.83,-33.4
2020-08-25,São Paulo,Guararapes,3.04,1,1,3.04,414,4,0.97,1256.87,12.14,1.26,32939,78.94,-18.21,440.23,-15.18
2020-08-24,São Paulo,Guararapes,0.0,0,0,0.0,413,3,0.73,1253.83,9.11,1.25,32939,97.15,-6.07,455.41,0.0
2020-08-23,São Paulo,Guararapes,18.22,6,0,0.0,413,3,0.73,1253.83,9.11,1.25,32939,103.22,18.22,455.41,12.15
2020-08-22,São Paulo,Guararapes,27.32,9,0,0.0,407,3,0.74,1235.62,9.11,1.24,32939,85.0,-6.08,443.26,3.03
2020-08-21,São Paulo,Guararapes,3.04,1,0,0.0,398,3,0.75,1208.29,9.11,1.21,32939,91.08,-3.03,440.23,-45.53
2020-08-20,São Paulo,Guararapes,15.18,5,0,0.0,397,3,0.76,1205.26,9.11,1.21,32939,94.11,21.25,485.76,12.14
2020-08-19,São Paulo,Guararapes,12.14,4,0,0.0,392,3,0.77,1190.08,9.11,1.19,32939,72.86,-6.08,473.62,-36.43
2020-08-18,São Paulo,Guararapes,21.25,7,0,0.0,388,3,0.77,1177.93,9.11,1.18,32939,78.94,-21.25,510.05,-39.47
2020-08-17,São Paulo,Guararapes,6.07,2,0,0.0,381,3,0.79,1156.68,9.11,1.16,32939,100.19,6.07,549.52,3.03
2020-08-16,São Paulo,Guararapes,0.0,0,0,0.0,379,3,0.79,1150.61,9.11,1.15,32939,94.12,0.0,546.49,-15.18
2020-08-15,São Paulo,Guararapes,33.4,11,0,0.0,379,3,0.79,1150.61,9.11,1.15,32939,94.12,3.04,561.67,33.4
2020-08-14,São Paulo,Guararapes,6.07,2,0,0.0,368,3,0.82,1117.22,9.11,1.12,32939,91.08,-27.33,528.27,-12.15
2020-08-13,São Paulo,Guararapes,-6.07,-2,0,0.0,366,3,0.82,1111.14,9.11,1.11,32939,118.41,-21.25,540.42,-51.61
2020-08-12,São Paulo,Guararapes,18.22,6,0,0.0,368,3,0.82,1117.22,9.11,1.12,32939,139.66,15.18,592.03,15.18
2020-08-11,São Paulo,Guararapes,42.5,14,0,0.0,362,3,0.83,1099.0,9.11,1.1,32939,124.48,3.03,576.85,39.46
2020-08-10,São Paulo,Guararapes,0.0,0,0,0.0,348,3,0.86,1056.5,9.11,1.06,32939,121.45,0.0,537.39,0.0
2020-08-09,São Paulo,Guararapes,0.0,0,0,0.0,348,3,0.86,1056.5,9.11,1.06,32939,121.45,-15.18,537.39,-3.04
2020-08-08,São Paulo,Guararapes,30.36,10,0,0.0,348,3,0.86,1056.5,9.11,1.06,32939,136.63,24.29,540.43,3.04
2020-08-07,São Paulo,Guararapes,33.4,11,0,0.0,338,3,0.89,1026.14,9.11,1.03,32939,112.34,12.15,537.39,24.29
2020-08-06,São Paulo,Guararapes,15.18,5,0,0.0,327,3,0.92,992.74,9.11,0.99,32939,100.19,-6.07,513.1,3.04
2020-08-05,São Paulo,Guararapes,3.04,1,0,0.0,322,3,0.93,977.56,9.11,0.98,32939,106.26,-51.61,510.06,-33.39
2020-08-04,São Paulo,Guararapes,39.47,13,1,3.04,321,3,0.93,974.53,9.11,0.97,32939,157.87,21.25,543.45,30.36
2020-08-03,São Paulo,Guararapes,0.0,0,0,0.0,308,2,0.65,935.06,6.07,0.94,32939,136.62,0.0,513.09,-18.22
2020-08-02,São Paulo,Guararapes,15.18,5,0,0.0,308,2,0.65,935.06,6.07,0.94,32939,136.62,9.11,531.31,-33.39
2020-08-01,São Paulo,Guararapes,6.07,2,0,0.0,303,2,0.66,919.88,6.07,0.92,32939,127.51,-18.22,564.7,6.07
2020-07-31,São Paulo,Guararapes,21.25,7,0,0.0,301,2,0.66,913.81,6.07,0.91,32939,145.73,-27.32,558.63,-18.22
2020-07-30,São Paulo,Guararapes,21.25,7,0,0.0,294,2,0.68,892.56,6.07,0.89,32939,173.05,18.21,576.85,-18.22
2020-07-29,São Paulo,Guararapes,54.65,18,0,0.0,287,2,0.7,871.31,6.07,0.87,32939,154.84,6.08,595.07,39.47
2020-07-28,São Paulo,Guararapes,18.22,6,0,0.0,269,2,0.74,816.66,6.07,0.82,32939,148.76,-42.5,555.6,15.18
2020-07-27,São Paulo,Guararapes,0.0,0,0,0.0,263,2,0.76,798.45,6.07,0.8,32939,191.26,-3.04,540.42,0.0
2020-07-26,São Paulo,Guararapes,6.07,2,0,0.0,263,2,0.76,798.45,6.07,0.8,32939,194.3,-9.11,540.42,0.0
2020-07-25,São Paulo,Guararapes,24.29,8,0,0.0,261,2,0.77,792.37,6.07,0.79,32939,203.41,24.29,540.42,15.18
2020-07-24,São Paulo,Guararapes,48.57,16,0,0.0,253,2,0.79,768.09,6.07,0.77,32939,179.12,30.35,525.24,51.61
2020-07-23,São Paulo,Guararapes,3.04,1,0,0.0,237,2,0.84,719.51,6.07,0.72,32939,148.77,-42.5,473.63,-24.28
2020-07-22,São Paulo,Guararapes,48.57,16,0,0.0,236,2,0.85,716.48,6.07,0.72,32939,191.27,45.53,497.91,9.1
2020-07-21,São Paulo,Guararapes,60.72,20,0,0.0,220,2,0.91,667.9,6.07,0.67,32939,145.74,57.68,488.81,33.4
2020-07-20,São Paulo,Guararapes,3.04,1,0,0.0,200,2,1.0,607.18,6.07,0.61,32939,88.06,3.04,455.41,3.04
2020-07-19,São Paulo,Guararapes,15.18,5,0,0.0,199,2,1.01,604.15,6.07,0.6,32939,85.02,12.14,452.37,12.14
2020-07-18,São Paulo,Guararapes,0.0,0,0,0.0,194,2,1.03,588.97,6.07,0.59,32939,72.88,-27.32,440.23,-9.11
2020-07-17,São Paulo,Guararapes,18.22,6,0,0.0,194,2,1.03,588.97,6.07,0.59,32939,100.2,9.11,449.34,18.22
2020-07-16,São Paulo,Guararapes,45.54,15,0,0.0,188,2,1.06,570.75,6.07,0.57,32939,91.09,33.4,431.12,39.47
2020-07-15,São Paulo,Guararapes,3.04,1,0,0.0,173,2,1.16,525.21,6.07,0.53,32939,57.69,-33.39,391.65,3.04
2020-07-14,São Paulo,Guararapes,3.04,1,0,0.0,172,2,1.16,522.18,6.07,0.52,32939,91.08,-6.07,388.61,0.0
2020-07-13,São Paulo,Guararapes,0.0,0,0,0.0,171,2,1.17,519.14,6.07,0.52,32939,97.15,-18.22,388.61,-3.04
2020-07-12,São Paulo,Guararapes,3.04,1,0,0.0,171,2,1.17,519.14,6.07,0.52,32939,115.37,-45.53,391.65,-18.21
2020-07-11,São Paulo,Guararapes,27.32,9,0,0.0,170,2,1.18,516.11,6.07,0.52,32939,160.9,27.32,409.86,18.21
2020-07-10,São Paulo,Guararapes,9.11,3,0,0.0,161,2,1.24,488.78,6.07,0.49,32939,133.58,-30.36,391.65,6.07
2020-07-09,São Paulo,Guararapes,12.14,4,0,0.0,158,2,1.27,479.67,6.07,0.48,32939,163.94,-27.33,385.58,9.1
2020-07-08,São Paulo,Guararapes,36.43,12,0,0.0,154,2,1.3,467.53,6.07,0.47,32939,191.27,21.25,376.48,36.43
2020-07-07,São Paulo,Guararapes,9.11,3,0,0.0,142,2,1.41,431.1,6.07,0.43,32939,170.02,6.07,340.05,-24.29
2020-07-06,São Paulo,Guararapes,18.22,6,0,0.0,139,2,1.44,421.99,6.07,0.42,32939,163.95,18.22,364.34,18.22
2020-07-05,São Paulo,Guararapes,48.57,16,0,0.0,133,2,1.5,403.78,6.07,0.4,32939,145.73,42.5,346.12,48.57
2020-07-04,São Paulo,Guararapes,0.0,0,1,3.04,117,2,1.71,355.2,6.07,0.36,32939,103.23,-9.11,297.55,-3.04
2020-07-03,São Paulo,Guararapes,39.47,13,0,0.0,117,1,0.85,355.2,3.04,0.36,32939,112.34,42.51,300.59,39.47
2020-07-02,São Paulo,Guararapes,39.47,13,0,0.0,104,1,0.96,315.74,3.04,0.32,32939,69.83,12.15,261.12,39.47
2020-07-01,São Paulo,Guararapes,15.18,5,0,0.0,91,1,1.1,276.27,3.04,0.28,32939,57.68,-24.29,221.65,15.18
2020-06-30,São Paulo,Guararapes,3.04,1,0,0.0,86,1,1.16,261.09,3.04,0.26,32939,81.97,-24.28,206.47,0.0
2020-06-29,São Paulo,Guararapes,0.0,0,0,0.0,85,1,1.18,258.05,3.04,0.26,32939,106.25,0.0,206.47,0.0
2020-06-28,São Paulo,Guararapes,6.07,2,0,0.0,85,1,1.18,258.05,3.04,0.26,32939,106.25,3.03,206.47,6.07
2020-06-27,São Paulo,Guararapes,9.11,3,0,0.0,83,1,1.2,251.98,3.04,0.25,32939,103.22,0.0,200.4,9.11
2020-06-26,São Paulo,Guararapes,-3.04,-1,0,0.0,80,1,1.25,242.87,3.04,0.24,32939,103.22,-3.04,191.29,-3.04
2020-06-25,São Paulo,Guararapes,27.32,9,0,0.0,81,1,1.23,245.91,3.04,0.25,32939,106.26,21.25,194.33,24.28
2020-06-24,São Paulo,Guararapes,39.47,13,0,0.0,72,1,1.39,218.59,3.04,0.22,32939,85.01,39.47,170.05,36.43
2020-06-23,São Paulo,Guararapes,27.32,9,0,0.0,59,1,1.69,179.12,3.04,0.18,32939,45.54,24.28,133.62,27.32
2020-06-22,São Paulo,Guararapes,0.0,0,0,0.0,50,1,2.0,151.8,3.04,0.15,32939,21.26,-3.04,106.3,0.0
2020-06-21,São Paulo,Guararapes,3.04,1,0,0.0,50,1,2.0,151.8,3.04,0.15,32939,24.3,-18.21,106.3,3.04
2020-06-20,São Paulo,Guararapes,9.11,3,0,0.0,49,1,2.04,148.76,3.04,0.15,32939,42.51,0.0,103.26,12.15
2020-06-19,São Paulo,Guararapes,0.0,0,0,0.0,46,1,2.17,139.65,3.04,0.14,32939,42.51,-3.04,91.11,0.0
2020-06-18,São Paulo,Guararapes,6.07,2,0,0.0,46,1,2.17,139.65,3.04,0.14,32939,45.55,3.03,91.11,0.0
2020-06-17,São Paulo,Guararapes,0.0,0,0,0.0,44,1,2.27,133.58,3.04,0.13,32939,42.52,0.0,91.11,-6.07
2020-06-16,São Paulo,Guararapes,3.04,1,0,0.0,44,1,2.27,133.58,3.04,0.13,32939,42.52,-30.36,97.18,0.0
2020-06-15,São Paulo,Guararapes,3.04,1,0,0.0,43,1,2.33,130.54,3.04,0.13,32939,72.88,3.04,97.18,3.04
2020-06-14,São Paulo,Guararapes,21.25,7,0,0.0,42,1,2.38,127.51,3.04,0.13,32939,69.84,21.25,94.14,21.25
2020-06-13,São Paulo,Guararapes,9.11,3,0,0.0,35,1,2.86,106.26,3.04,0.11,32939,48.59,6.07,72.89,9.11
2020-06-12,São Paulo,Guararapes,3.04,1,0,0.0,32,1,3.12,97.15,3.04,0.1,32939,42.52,3.04,63.78,6.08
2020-06-11,São Paulo,Guararapes,3.04,1,0,0.0,31,1,3.23,94.11,3.04,0.09,32939,39.48,3.04,57.7,0.0
2020-06-10,São Paulo,Guararapes,0.0,0,0,0.0,30,1,3.33,91.08,3.04,0.09,32939,36.44,0.0,57.7,0.0
2020-06-09,São Paulo,Guararapes,33.4,11,0,0.0,30,1,3.33,91.08,3.04,0.09,32939,36.44,30.36,57.7,33.4
2020-06-08,São Paulo,Guararapes,0.0,0,0,0.0,19,1,5.26,57.68,3.04,0.06,32939,6.08,0.0,24.3,0.0
2020-06-07,São Paulo,Guararapes,0.0,0,0,0.0,19,1,5.26,57.68,3.04,0.06,32939,6.08,0.0,24.3,0.0
2020-06-06,São Paulo,Guararapes,3.04,1,0,0.0,19,1,5.26,57.68,3.04,0.06,32939,6.08,3.04,24.3,3.04
2020-06-05,São Paulo,Guararapes,0.0,0,0,0.0,18,1,5.56,54.65,3.04,0.05,32939,3.04,0.0,21.26,0.0
2020-06-04,São Paulo,Guararapes,0.0,0,0,0.0,18,1,5.56,54.65,3.04,0.05,32939,3.04,-3.04,21.26,0.0
2020-06-03,São Paulo,Guararapes,0.0,0,0,0.0,18,1,5.56,54.65,3.04,0.05,32939,6.08,-3.04,21.26,-12.14
2020-06-02,São Paulo,Guararapes,3.04,1,0,0.0,18,1,5.56,54.65,3.04,0.05,32939,9.12,3.04,33.4,3.04
2020-06-01,São Paulo,Guararapes,0.0,0,0,0.0,17,1,5.88,51.61,3.04,0.05,32939,6.08,0.0,30.36,0.0
2020-05-31,São Paulo,Guararapes,0.0,0,0,0.0,17,1,5.88,51.61,3.04,0.05,32939,6.08,0.0,30.36,-3.04
2020-05-30,São Paulo,Guararapes,0.0,0,0,0.0,17,1,5.88,51.61,3.04,0.05,32939,6.08,3.04,33.4,0.0
2020-05-29,São Paulo,Guararapes,0.0,0,0,0.0,17,1,5.88,51.61,3.04,0.05,32939,3.04,0.0,33.4,0.0
2020-05-28,São Paulo,Guararapes,3.04,1,0,0.0,17,1,5.88,51.61,3.04,0.05,32939,3.04,-3.03,33.4,3.04
2020-05-27,São Paulo,Guararapes,3.04,1,0,0.0,16,1,6.25,48.57,3.04,0.05,32939,6.07,-3.03,30.36,3.04
2020-05-26,São Paulo,Guararapes,0.0,0,0,0.0,15,1,6.67,45.54,3.04,0.05,32939,9.1,-3.04,27.32,-3.04
2020-05-25,São Paulo,Guararapes,0.0,0,0,0.0,15,1,6.67,45.54,3.04,0.05,32939,12.14,0.0,30.36,0.0
2020-05-24,São Paulo,Guararapes,0.0,0,0,0.0,15,1,6.67,45.54,3.04,0.05,32939,12.14,0.0,30.36,0.0
2020-05-23,São Paulo,Guararapes,-3.04,-1,0,0.0,15,1,6.67,45.54,3.04,0.05,32939,12.14,-3.04,30.36,-9.11
2020-05-22,São Paulo,Guararapes,0.0,0,0,0.0,16,1,6.25,48.57,3.04,0.05,32939,15.18,3.04,39.47,0.0
2020-05-21,São Paulo,Guararapes,6.07,2,0,0.0,16,1,6.25,48.57,3.04,0.05,32939,12.14,3.03,39.47,6.07
2020-05-20,São Paulo,Guararapes,6.07,2,0,0.0,14,1,7.14,42.5,3.04,0.04,32939,9.11,6.07,33.4,6.07
2020-05-19,São Paulo,Guararapes,3.04,1,0,0.0,12,1,8.33,36.43,3.04,0.04,32939,3.04,3.04,27.33,3.04
2020-05-18,São Paulo,Guararapes,0.0,0,0,0.0,11,1,9.09,33.4,3.04,0.03,32939,0.0,0.0,24.29,0.0
2020-05-17,São Paulo,Guararapes,0.0,0,0,0.0,11,1,9.09,33.4,3.04,0.03,32939,0.0,0.0,24.29,0.0
2020-05-16,São Paulo,Guararapes,0.0,0,1,3.04,11,1,9.09,33.4,3.04,0.03,32939,0.0,0.0,24.29,0.0
2020-05-15,São Paulo,Guararapes,-3.04,-1,0,0.0,11,0,0.0,33.4,0.0,0.03,32939,0.0,-3.04,24.29,-3.04
2020-05-14,São Paulo,Guararapes,3.04,1,0,0.0,12,0,0.0,36.43,0.0,0.04,32939,3.04,3.04,27.33,3.04
2020-05-13,São Paulo,Guararapes,0.0,0,0,0.0,11,0,0.0,33.4,0.0,0.03,32939,0.0,-12.14,24.29,0.0
2020-05-12,São Paulo,Guararapes,0.0,0,0,0.0,11,0,0.0,33.4,0.0,0.03,32939,12.14,0.0,24.29,0.0
2020-05-11,São Paulo,Guararapes,0.0,0,0,0.0,11,0,0.0,33.4,0.0,0.03,32939,12.14,0.0,24.29,0.0
2020-05-10,São Paulo,Guararapes,0.0,0,0,0.0,11,0,0.0,33.4,0.0,0.03,32939,12.14,-3.04,24.29,0.0
2020-05-09,São Paulo,Guararapes,0.0,0,0,0.0,11,0,0.0,33.4,0.0,0.03,32939,15.18,0.0,24.29,0.0
2020-05-08,São Paulo,Guararapes,0.0,0,0,0.0,11,0,0.0,33.4,0.0,0.03,32939,15.18,0.0,24.29,0.0
2020-05-07,São Paulo,Guararapes,0.0,0,0,0.0,11,0,0.0,33.4,0.0,0.03,32939,15.18,0.0,24.29,0.0
2020-05-06,São Paulo,Guararapes,12.14,4,0,0.0,11,0,0.0,33.4,0.0,0.03,32939,15.18,12.14,24.29,9.1
2020-05-05,São Paulo,Guararapes,0.0,0,0,0.0,7,0,0.0,21.25,0.0,0.02,32939,3.04,-3.04,15.19,0.0
2020-05-04,São Paulo,Guararapes,0.0,0,0,0.0,7,0,0.0,21.25,0.0,0.02,32939,6.08,0.0,15.19,0.0
2020-05-03,São Paulo,Guararapes,3.04,1,0,0.0,7,0,0.0,21.25,0.0,0.02,32939,6.08,3.04,15.19,3.04
2020-05-02,São Paulo,Guararapes,0.0,0,0,0.0,6,0,0.0,18.22,0.0,0.02,32939,3.04,-6.07,12.15,0.0
2020-05-01,São Paulo,Guararapes,0.0,0,0,0.0,6,0,0.0,18.22,0.0,0.02,32939,9.11,0.0,12.15,0.0
2020-04-30,São Paulo,Guararapes,0.0,0,0,0.0,6,0,0.0,18.22,0.0,0.02,32939,9.11,0.0,12.15,0.0
2020-04-29,São Paulo,Guararapes,0.0,0,0,0.0,6,0,0.0,18.22,0.0,0.02,32939,9.11,0.0,12.15,0.0
2020-04-28,São Paulo,Guararapes,3.04,1,0,0.0,6,0,0.0,18.22,0.0,0.02,32939,9.11,3.04,12.15,3.04
2020-04-27,São Paulo,Guararapes,0.0,0,0,0.0,5,0,0.0,15.18,0.0,0.02,32939,6.07,0.0,9.11,0.0
2020-04-26,São Paulo,Guararapes,0.0,0,0,0.0,5,0,0.0,15.18,0.0,0.02,32939,6.07,0.0,9.11,0.0
2020-04-25,São Paulo,Guararapes,6.07,2,0,0.0,5,0,0.0,15.18,0.0,0.02,32939,6.07,6.07,9.11,6.07
2020-04-24,São Paulo,Guararapes,0.0,0,0,0.0,3,0,0.0,9.11,0.0,0.01,32939,0.0,0.0,3.04,0.0
2020-04-23,São Paulo,Guararapes,0.0,0,0,0.0,3,0,0.0,9.11,0.0,0.01,32939,0.0,0.0,3.04,0.0
2020-04-22,São Paulo,Guararapes,0.0,0,0,0.0,3,0,0.0,9.11,0.0,0.01,32939,0.0,0.0,3.04,0.0
2020-04-21,São Paulo,Guararapes,0.0,0,0,0.0,3,0,0.0,9.11,0.0,0.01,32939,0.0,0.0,3.04,0.0
2020-04-20,São Paulo,Guararapes,0.0,0,0,0.0,3,0,0.0,9.11,0.0,0.01,32939,0.0,0.0,3.04,0.0
2020-04-19,São Paulo,Guararapes,0.0,0,0,0.0,3,0,0.0,9.11,0.0,0.01,32939,0.0,0.0,3.04,0.0
2020-04-18,São Paulo,Guararapes,0.0,0,0,0.0,3,0,0.0,9.11,0.0,0.01,32939,0.0,0.0,3.04,0.0
2020-04-17,São Paulo,Guararapes,0.0,0,0,0.0,3,0,0.0,9.11,0.0,0.01,32939,0.0,0.0,3.04,0.0
2020-04-16,São Paulo,Guararapes,0.0,0,0,0.0,3,0,0.0,9.11,0.0,0.01,32939,0.0,0.0,3.04,0.0
2020-04-15,São Paulo,Guararapes,0.0,0,0,0.0,3,0,0.0,9.11,0.0,0.01,32939,0.0,-3.04,3.04,0.0
2020-04-14,São Paulo,Guararapes,0.0,0,0,0.0,3,0,0.0,9.11,0.0,0.01,32939,3.04,0.0,3.04,0.0
2020-04-13,São Paulo,Guararapes,0.0,0,0,0.0,3,0,0.0,9.11,0.0,0.01,32939,3.04,0.0,3.04,0.0
2020-04-12,São Paulo,Guararapes,0.0,0,0,0.0,3,0,0.0,9.11,0.0,0.01,32939,3.04,0.0,3.04,0.0
2020-04-11,São Paulo,Guararapes,0.0,0,0,0.0,3,0,0.0,9.11,0.0,0.01,32939,3.04,0.0,3.04,0.0
2020-04-10,São Paulo,Guararapes,0.0,0,0,0.0,3,0,0.0,9.11,0.0,0.01,32939,3.04,0.0,3.04,0.0
2020-04-09,São Paulo,Guararapes,0.0,0,0,0.0,3,0,0.0,9.11,0.0,0.01,32939,3.04,0.0,3.04,0.0
2020-04-08,São Paulo,Guararapes,3.04,1,0,0.0,3,0,0.0,9.11,0.0,0.01,32939,3.04,3.04,3.04,3.04
2020-04-07,São Paulo,Guararapes,0.0,0,0,0.0,2,0,0.0,6.07,0.0,0.01,32939,0.0,0.0,0.0,0.0
2020-04-06,São Paulo,Guararapes,0.0,0,0,0.0,2,0,0.0,6.07,0.0,0.01,32939,0.0,0.0,0.0,0.0
2020-04-05,São Paulo,Guararapes,0.0,0,0,0.0,2,0,0.0,6.07,0.0,0.01,32939,0.0,0.0,0.0,0.0
2020-04-04,São Paulo,Guararapes,0.0,0,0,0.0,2,0,0.0,6.07,0.0,0.01,32939,0.0,0.0,0.0,0.0
