date,state,city,1day_cases_100k,new_cases,new_deaths,new_deaths_100k,total_cases,total_deaths,cfr%,total_cases_100k,total_deaths_100k,%infected,population,7day_cases_100k,7day_cases_change,28day_cases_100k,28day_cases_change
2020-11-15,São Paulo,Iaras,0.0,0,0,0.0,74,3,4.05,800.87,32.47,0.8,9240,32.47,0.0,183.98,0.0
2020-11-14,São Paulo,Iaras,0.0,0,0,0.0,74,3,4.05,800.87,32.47,0.8,9240,32.47,0.0,183.98,0.0
2020-11-12,São Paulo,Iaras,0.0,0,0,0.0,74,3,4.05,800.87,32.47,0.8,9240,32.47,0.0,183.98,-21.65
2020-11-11,São Paulo,Iaras,0.0,0,0,0.0,74,3,4.05,800.87,32.47,0.8,9240,32.47,-10.82,205.63,0.0
2020-11-10,São Paulo,Iaras,10.82,1,0,0.0,74,3,4.05,800.87,32.47,0.8,9240,43.29,0.0,205.63,-10.83
2020-11-05,São Paulo,Iaras,0.0,0,0,0.0,73,3,4.11,790.04,32.47,0.79,9240,43.29,-10.82,216.46,-21.65
2020-11-04,São Paulo,Iaras,21.65,2,0,0.0,73,3,4.11,790.04,32.47,0.79,9240,54.11,-10.82,238.11,10.83
2020-11-03,São Paulo,Iaras,0.0,0,0,0.0,71,3,4.23,768.4,32.47,0.77,9240,64.93,0.0,227.28,0.0
2020-11-02,São Paulo,Iaras,0.0,0,0,0.0,71,3,4.23,768.4,32.47,0.77,9240,64.93,0.0,227.28,0.0
2020-10-31,São Paulo,Iaras,0.0,0,0,0.0,71,3,4.23,768.4,32.47,0.77,9240,64.93,-10.82,227.28,0.0
2020-10-30,São Paulo,Iaras,10.82,1,0,0.0,71,3,4.23,768.4,32.47,0.77,9240,75.75,10.82,227.28,10.82
2020-10-29,São Paulo,Iaras,10.82,1,0,0.0,70,3,4.29,757.58,32.47,0.76,9240,64.93,10.82,216.46,10.82
2020-10-28,São Paulo,Iaras,10.82,1,0,0.0,69,3,4.35,746.75,32.47,0.75,9240,54.11,10.82,205.64,10.82
2020-10-27,São Paulo,Iaras,32.47,3,0,0.0,68,3,4.41,735.93,32.47,0.74,9240,43.29,0.0,194.82,21.65
2020-10-26,São Paulo,Iaras,0.0,0,0,0.0,65,3,4.62,703.46,32.47,0.7,9240,43.29,0.0,173.17,0.0
2020-10-25,São Paulo,Iaras,0.0,0,0,0.0,65,3,4.62,703.46,32.47,0.7,9240,43.29,0.0,173.17,-21.65
2020-10-24,São Paulo,Iaras,10.82,1,0,0.0,65,3,4.62,703.46,32.47,0.7,9240,43.29,-32.47,194.82,10.82
2020-10-23,São Paulo,Iaras,0.0,0,0,0.0,64,3,4.69,692.64,32.47,0.69,9240,75.76,0.0,184.0,0.0
2020-10-22,São Paulo,Iaras,0.0,0,0,0.0,64,3,4.69,692.64,32.47,0.69,9240,75.76,0.0,184.0,-21.65
2020-10-21,São Paulo,Iaras,0.0,0,0,0.0,64,3,4.69,692.64,32.47,0.69,9240,75.76,0.0,205.65,0.0
2020-10-20,São Paulo,Iaras,32.47,3,0,0.0,64,3,4.69,692.64,32.47,0.69,9240,75.76,32.47,205.65,32.47
2020-10-18,São Paulo,Iaras,0.0,0,0,0.0,61,3,4.92,660.17,32.47,0.66,9240,43.29,0.0,173.18,0.0
2020-10-17,São Paulo,Iaras,0.0,0,0,0.0,61,3,4.92,660.17,32.47,0.66,9240,43.29,0.0,173.18,0.0
2020-10-14,São Paulo,Iaras,43.29,4,1,10.82,61,3,4.92,660.17,32.47,0.66,9240,43.29,21.64,173.18,43.29
2020-10-13,São Paulo,Iaras,0.0,0,0,0.0,57,2,3.51,616.88,21.65,0.62,9240,21.65,0.0,129.89,-10.82
2020-10-12,São Paulo,Iaras,0.0,0,0,0.0,57,2,3.51,616.88,21.65,0.62,9240,21.65,-21.65,140.71,-10.82
2020-10-11,São Paulo,Iaras,0.0,0,0,0.0,57,2,3.51,616.88,21.65,0.62,9240,43.3,-21.65,151.53,0.0
2020-10-10,São Paulo,Iaras,0.0,0,0,0.0,57,2,3.51,616.88,21.65,0.62,9240,64.95,-10.82,151.53,0.0
2020-10-09,São Paulo,Iaras,0.0,0,0,0.0,57,2,3.51,616.88,21.65,0.62,9240,75.77,0.0,151.53,0.0
2020-10-08,São Paulo,Iaras,0.0,0,0,0.0,57,2,3.51,616.88,21.65,0.62,9240,75.77,0.0,151.53,0.0
2020-10-06,São Paulo,Iaras,21.65,2,0,0.0,57,2,3.51,616.88,21.65,0.62,9240,75.77,21.65,151.53,21.65
2020-10-03,São Paulo,Iaras,0.0,0,0,0.0,55,2,3.64,595.24,21.65,0.6,9240,54.12,0.0,129.88,0.0
2020-10-02,São Paulo,Iaras,21.65,2,0,0.0,55,2,3.64,595.24,21.65,0.6,9240,54.12,21.65,129.88,21.65
2020-10-01,São Paulo,Iaras,21.65,2,1,10.82,53,2,3.77,573.59,21.65,0.57,9240,32.47,21.65,108.23,0.0
2020-09-30,São Paulo,Iaras,10.82,1,0,0.0,51,1,1.96,551.95,10.82,0.55,9240,10.82,0.0,108.23,-21.65
2020-09-29,São Paulo,Iaras,0.0,0,0,0.0,50,1,2.0,541.13,10.82,0.54,9240,10.82,0.0,129.88,0.0
2020-09-28,São Paulo,Iaras,0.0,0,0,0.0,50,1,2.0,541.13,10.82,0.54,9240,10.82,-21.65,129.88,0.0
2020-09-27,São Paulo,Iaras,0.0,0,0,0.0,50,1,2.0,541.13,10.82,0.54,9240,32.47,0.0,129.88,-10.82
2020-09-26,São Paulo,Iaras,0.0,0,0,0.0,50,1,2.0,541.13,10.82,0.54,9240,32.47,0.0,140.7,-10.82
2020-09-25,São Paulo,Iaras,0.0,0,0,0.0,50,1,2.0,541.13,10.82,0.54,9240,32.47,-21.65,151.52,0.0
2020-09-24,São Paulo,Iaras,0.0,0,0,0.0,50,1,2.0,541.13,10.82,0.54,9240,54.12,0.0,151.52,0.0
2020-09-23,São Paulo,Iaras,10.82,1,0,0.0,50,1,2.0,541.13,10.82,0.54,9240,54.12,10.82,151.52,10.82
2020-09-22,São Paulo,Iaras,0.0,0,0,0.0,49,1,2.04,530.3,10.82,0.53,9240,43.3,0.0,140.7,0.0
2020-09-21,São Paulo,Iaras,21.65,2,0,0.0,49,1,2.04,530.3,10.82,0.53,9240,43.3,21.65,140.7,10.83
2020-09-20,São Paulo,Iaras,0.0,0,0,0.0,47,1,2.13,508.66,10.82,0.51,9240,21.65,0.0,129.87,0.0
2020-09-19,São Paulo,Iaras,0.0,0,0,0.0,47,1,2.13,508.66,10.82,0.51,9240,21.65,-10.82,129.87,0.0
2020-09-18,São Paulo,Iaras,21.65,2,0,0.0,47,1,2.13,508.66,10.82,0.51,9240,32.47,10.83,129.87,21.65
2020-09-17,São Paulo,Iaras,0.0,0,0,0.0,45,1,2.22,487.01,10.82,0.49,9240,21.64,0.0,108.22,0.0
2020-09-16,São Paulo,Iaras,0.0,0,0,0.0,45,1,2.22,487.01,10.82,0.49,9240,21.64,0.0,108.22,0.0
2020-09-15,São Paulo,Iaras,0.0,0,0,0.0,45,1,2.22,487.01,10.82,0.49,9240,21.64,0.0,108.22,0.0
2020-09-14,São Paulo,Iaras,0.0,0,0,0.0,45,1,2.22,487.01,10.82,0.49,9240,21.64,0.0,108.22,10.82
2020-09-13,São Paulo,Iaras,0.0,0,0,0.0,45,1,2.22,487.01,10.82,0.49,9240,21.64,0.0,97.4,0.0
2020-09-12,São Paulo,Iaras,10.82,1,0,0.0,45,1,2.22,487.01,10.82,0.49,9240,21.64,10.82,97.4,10.82
2020-09-11,São Paulo,Iaras,10.82,1,0,0.0,44,1,2.27,476.19,10.82,0.48,9240,10.82,10.82,86.58,0.0
2020-09-10,São Paulo,Iaras,0.0,0,0,0.0,43,1,2.33,465.37,10.82,0.47,9240,-0.0,-21.65,86.58,0.0
2020-09-09,São Paulo,Iaras,0.0,0,0,0.0,43,1,2.33,465.37,10.82,0.47,9240,21.65,-32.47,86.58,0.0
2020-09-08,São Paulo,Iaras,0.0,0,0,0.0,43,1,2.33,465.37,10.82,0.47,9240,54.12,0.0,86.58,-10.82
2020-09-06,São Paulo,Iaras,0.0,0,0,0.0,43,1,2.33,465.37,10.82,0.47,9240,54.12,0.0,97.4,-43.29
2020-09-05,São Paulo,Iaras,0.0,0,0,0.0,43,1,2.33,465.37,10.82,0.47,9240,54.12,-10.82,140.69,-43.29
2020-09-04,São Paulo,Iaras,0.0,0,0,0.0,43,1,2.33,465.37,10.82,0.47,9240,64.94,-10.82,183.98,-86.58
2020-09-03,São Paulo,Iaras,0.0,0,0,0.0,43,1,2.33,465.37,10.82,0.47,9240,75.76,0.0,270.56,-10.82
2020-09-02,São Paulo,Iaras,21.65,2,0,0.0,43,1,2.33,465.37,10.82,0.47,9240,75.76,21.65,281.38,10.83
2020-09-01,São Paulo,Iaras,32.47,3,0,0.0,41,1,2.44,443.72,10.82,0.44,9240,54.11,32.47,270.55,32.47
2020-08-31,São Paulo,Iaras,0.0,0,0,0.0,38,1,2.63,411.26,10.82,0.41,9240,21.64,0.0,238.08,0.0
2020-08-30,São Paulo,Iaras,0.0,0,0,0.0,38,1,2.63,411.26,10.82,0.41,9240,21.64,-10.82,238.08,-21.65
2020-08-28,São Paulo,Iaras,10.82,1,0,0.0,38,1,2.63,411.26,10.82,0.41,9240,32.46,10.82,259.73,0.0
2020-08-27,São Paulo,Iaras,10.82,1,0,0.0,37,1,2.7,400.43,10.82,0.4,9240,21.64,10.82,259.73,0.0
2020-08-26,São Paulo,Iaras,0.0,0,0,0.0,36,1,2.78,389.61,10.82,0.39,9240,10.82,0.0,259.73,-43.29
2020-08-25,São Paulo,Iaras,0.0,0,0,0.0,36,1,2.78,389.61,10.82,0.39,9240,10.82,0.0,303.02,0.0
2020-08-24,São Paulo,Iaras,0.0,0,0,0.0,36,1,2.78,389.61,10.82,0.39,9240,10.82,0.0,303.02,0.0
2020-08-23,São Paulo,Iaras,0.0,0,0,0.0,36,1,2.78,389.61,10.82,0.39,9240,10.82,0.0,303.02,0.0
2020-08-22,São Paulo,Iaras,10.82,1,0,0.0,36,1,2.78,389.61,10.82,0.39,9240,10.82,21.64,303.02,10.82
2020-08-21,São Paulo,Iaras,0.0,0,0,0.0,35,1,2.86,378.79,10.82,0.38,9240,-10.82,0.0,292.2,0.0
2020-08-20,São Paulo,Iaras,0.0,0,0,0.0,35,1,2.86,378.79,10.82,0.38,9240,-10.82,0.0,292.2,0.0
2020-08-19,São Paulo,Iaras,0.0,0,0,0.0,35,1,2.86,378.79,10.82,0.38,9240,-10.82,-10.82,292.2,-10.82
2020-08-18,São Paulo,Iaras,0.0,0,0,0.0,35,1,2.86,378.79,10.82,0.38,9240,-0.0,0.0,303.02,0.0
2020-08-17,São Paulo,Iaras,0.0,0,0,0.0,35,1,2.86,378.79,10.82,0.38,9240,-0.0,0.0,303.02,0.0
2020-08-16,São Paulo,Iaras,0.0,0,0,0.0,35,1,2.86,378.79,10.82,0.38,9240,-0.0,-10.82,303.02,0.0
2020-08-15,São Paulo,Iaras,-10.82,-1,0,0.0,35,1,2.86,378.79,10.82,0.38,9240,10.82,-54.11,303.02,-10.82
2020-08-14,São Paulo,Iaras,0.0,0,0,0.0,36,1,2.78,389.61,10.82,0.39,9240,64.93,-43.29,313.84,-10.82
2020-08-13,São Paulo,Iaras,0.0,0,0,0.0,36,1,2.78,389.61,10.82,0.39,9240,108.22,-86.58,324.66,0.0
2020-08-12,São Paulo,Iaras,10.82,1,0,0.0,36,1,2.78,389.61,10.82,0.39,9240,194.8,0.0,324.66,-10.83
2020-08-11,São Paulo,Iaras,0.0,0,0,0.0,35,1,2.86,378.79,10.82,0.38,9240,194.8,-10.82,335.49,-10.82
2020-08-10,São Paulo,Iaras,0.0,0,0,0.0,35,1,2.86,378.79,10.82,0.38,9240,205.62,0.0,346.31,0.0
2020-08-09,São Paulo,Iaras,10.82,1,0,0.0,35,1,2.86,378.79,10.82,0.38,9240,205.62,10.82,346.31,10.82
2020-08-08,São Paulo,Iaras,43.29,4,0,0.0,34,1,2.94,367.97,10.82,0.37,9240,194.8,21.64,335.49,43.29
2020-08-07,São Paulo,Iaras,43.29,4,0,0.0,30,1,3.33,324.68,10.82,0.32,9240,173.16,32.47,292.2,43.29
2020-08-06,São Paulo,Iaras,86.58,8,0,0.0,26,1,3.85,281.39,10.82,0.28,9240,140.69,75.76,248.91,86.58
2020-08-05,São Paulo,Iaras,10.82,1,0,0.0,18,1,5.56,194.81,10.82,0.19,9240,64.93,-32.47,162.33,10.82
2020-08-04,São Paulo,Iaras,10.82,1,0,0.0,17,1,5.88,183.98,10.82,0.18,9240,97.4,10.82,151.51,10.82
2020-08-03,São Paulo,Iaras,0.0,0,0,0.0,16,1,6.25,173.16,10.82,0.17,9240,86.58,0.0,140.69,0.0
2020-08-02,São Paulo,Iaras,0.0,0,0,0.0,16,1,6.25,173.16,10.82,0.17,9240,86.58,0.0,140.69,0.0
2020-08-01,São Paulo,Iaras,21.65,2,0,0.0,16,1,6.25,173.16,10.82,0.17,9240,86.58,21.65,140.69,21.65
2020-07-31,São Paulo,Iaras,10.82,1,0,0.0,14,1,7.14,151.52,10.82,0.15,9240,64.93,10.82,119.04,10.82
2020-07-30,São Paulo,Iaras,10.82,1,0,0.0,13,1,7.69,140.69,10.82,0.14,9240,54.11,10.82,108.22,10.82
2020-07-29,São Paulo,Iaras,43.29,4,0,0.0,12,1,8.33,129.87,10.82,0.13,9240,43.29,32.47,97.4,43.29
2020-07-28,São Paulo,Iaras,0.0,0,0,0.0,8,1,12.5,86.58,10.82,0.09,9240,10.82,0.0,54.11,0.0
2020-07-27,São Paulo,Iaras,0.0,0,0,0.0,8,1,12.5,86.58,10.82,0.09,9240,10.82,0.0,54.11,0.0
2020-07-26,São Paulo,Iaras,0.0,0,0,0.0,8,1,12.5,86.58,10.82,0.09,9240,10.82,0.0,54.11,0.0
2020-07-25,São Paulo,Iaras,0.0,0,0,0.0,8,1,12.5,86.58,10.82,0.09,9240,10.82,0.0,54.11,0.0
2020-07-24,São Paulo,Iaras,0.0,0,0,0.0,8,1,12.5,86.58,10.82,0.09,9240,10.82,-10.82,54.11,0.0
2020-07-23,São Paulo,Iaras,0.0,0,0,0.0,8,1,12.5,86.58,10.82,0.09,9240,21.64,0.0,54.11,0.0
2020-07-22,São Paulo,Iaras,10.82,1,0,0.0,8,1,12.5,86.58,10.82,0.09,9240,21.64,-10.83,54.11,10.82
2020-07-21,São Paulo,Iaras,0.0,0,0,0.0,7,1,14.29,75.76,10.82,0.08,9240,32.47,-10.82,43.29,0.0
2020-07-20,São Paulo,Iaras,0.0,0,0,0.0,7,1,14.29,75.76,10.82,0.08,9240,43.29,0.0,43.29,0.0
2020-07-19,São Paulo,Iaras,0.0,0,0,0.0,7,1,14.29,75.76,10.82,0.08,9240,43.29,0.0,43.29,0.0
2020-07-18,São Paulo,Iaras,0.0,0,0,0.0,7,1,14.29,75.76,10.82,0.08,9240,43.29,0.0,43.29,-10.82
2020-07-17,São Paulo,Iaras,10.82,1,0,0.0,7,1,14.29,75.76,10.82,0.08,9240,43.29,10.82,54.11,0.0
2020-07-16,São Paulo,Iaras,0.0,0,0,0.0,6,1,16.67,64.94,10.82,0.06,9240,32.47,0.0,54.11,-10.82
2020-07-15,São Paulo,Iaras,21.65,2,0,0.0,6,1,16.67,64.94,10.82,0.06,9240,32.47,21.65,64.93,21.65
2020-07-14,São Paulo,Iaras,10.82,1,0,0.0,4,1,25.0,43.29,10.82,0.04,9240,10.82,10.82,43.28,10.82
2020-07-13,São Paulo,Iaras,0.0,0,0,0.0,3,1,33.33,32.47,10.82,0.03,9240,0.0,0.0,32.46,0.0
2020-07-12,São Paulo,Iaras,0.0,0,0,0.0,3,1,33.33,32.47,10.82,0.03,9240,0.0,0.0,32.46,0.0
2020-07-11,São Paulo,Iaras,0.0,0,0,0.0,3,1,33.33,32.47,10.82,0.03,9240,0.0,0.0,32.46,0.0
2020-07-10,São Paulo,Iaras,0.0,0,0,0.0,3,1,33.33,32.47,10.82,0.03,9240,0.0,0.0,32.46,0.0
2020-07-09,São Paulo,Iaras,0.0,0,0,0.0,3,1,33.33,32.47,10.82,0.03,9240,0.0,0.0,32.46,0.0
2020-07-08,São Paulo,Iaras,0.0,0,0,0.0,3,1,33.33,32.47,10.82,0.03,9240,0.0,0.0,32.46,0.0
2020-07-07,São Paulo,Iaras,0.0,0,0,0.0,3,1,33.33,32.47,10.82,0.03,9240,0.0,0.0,32.46,0.0
2020-07-06,São Paulo,Iaras,0.0,0,0,0.0,3,1,33.33,32.47,10.82,0.03,9240,0.0,0.0,32.46,0.0
2020-07-05,São Paulo,Iaras,0.0,0,0,0.0,3,1,33.33,32.47,10.82,0.03,9240,0.0,0.0,32.46,0.0
2020-07-04,São Paulo,Iaras,0.0,0,0,0.0,3,1,33.33,32.47,10.82,0.03,9240,0.0,0.0,32.46,0.0
2020-07-03,São Paulo,Iaras,0.0,0,0,0.0,3,1,33.33,32.47,10.82,0.03,9240,0.0,0.0,32.46,0.0
2020-07-02,São Paulo,Iaras,0.0,0,0,0.0,3,1,33.33,32.47,10.82,0.03,9240,0.0,0.0,32.46,0.0
2020-07-01,São Paulo,Iaras,0.0,0,0,0.0,3,1,33.33,32.47,10.82,0.03,9240,0.0,0.0,32.46,0.0
2020-06-30,São Paulo,Iaras,0.0,0,1,10.82,3,1,33.33,32.47,10.82,0.03,9240,0.0,0.0,32.46,0.0
2020-06-29,São Paulo,Iaras,0.0,0,0,0.0,3,0,0.0,32.47,0.0,0.03,9240,0.0,0.0,32.46,0.0
2020-06-28,São Paulo,Iaras,0.0,0,0,0.0,3,0,0.0,32.47,0.0,0.03,9240,0.0,0.0,32.46,0.0
2020-06-27,São Paulo,Iaras,0.0,0,0,0.0,3,0,0.0,32.47,0.0,0.03,9240,0.0,-10.82,32.46,0.0
2020-06-26,São Paulo,Iaras,0.0,0,0,0.0,3,0,0.0,32.47,0.0,0.03,9240,10.82,-10.82,32.46,0.0
2020-06-25,São Paulo,Iaras,0.0,0,0,0.0,3,0,0.0,32.47,0.0,0.03,9240,21.64,-10.82,32.46,0.0
2020-06-24,São Paulo,Iaras,0.0,0,0,0.0,3,0,0.0,32.47,0.0,0.03,9240,32.46,0.0,32.46,0.0
2020-06-23,São Paulo,Iaras,0.0,0,0,0.0,3,0,0.0,32.47,0.0,0.03,9240,32.46,0.0,32.46,0.0
2020-06-22,São Paulo,Iaras,0.0,0,0,0.0,3,0,0.0,32.47,0.0,0.03,9240,32.46,0.0,32.46,0.0
2020-06-21,São Paulo,Iaras,0.0,0,0,0.0,3,0,0.0,32.47,0.0,0.03,9240,32.46,0.0,32.46,0.0
2020-06-20,São Paulo,Iaras,10.82,1,0,0.0,3,0,0.0,32.47,0.0,0.03,9240,32.46,10.82,32.46,10.82
2020-06-19,São Paulo,Iaras,10.82,1,0,0.0,2,0,0.0,21.65,0.0,0.02,9240,21.64,10.82,21.64,10.82
2020-06-18,São Paulo,Iaras,10.82,1,0,0.0,1,0,0.0,10.82,0.0,0.01,9240,10.82,10.82,10.82,10.82
