date,state,city,1day_cases_100k,new_cases,new_deaths,new_deaths_100k,total_cases,total_deaths,cfr%,total_cases_100k,total_deaths_100k,%infected,population,7day_cases_100k,7day_cases_change,28day_cases_100k,28day_cases_change
2020-08-28,São Paulo,Itapeva,5.3,5,0,0.0,399,6,1.5,422.88,6.36,0.42,94354,39.22,-11.66,215.18,-1.06
2020-08-27,São Paulo,Itapeva,9.54,9,0,0.0,394,6,1.52,417.58,6.36,0.42,94354,50.88,-10.6,216.24,1.06
2020-08-26,São Paulo,Itapeva,4.24,4,0,0.0,385,6,1.56,408.04,6.36,0.41,94354,61.48,-4.24,215.18,-4.24
2020-08-25,São Paulo,Itapeva,1.06,1,0,0.0,381,6,1.57,403.8,6.36,0.4,94354,65.72,-7.42,219.42,-6.36
2020-08-24,São Paulo,Itapeva,7.42,7,0,0.0,380,6,1.58,402.74,6.36,0.4,94354,73.14,0.0,225.78,7.42
2020-08-23,São Paulo,Itapeva,2.12,2,0,0.0,373,6,1.61,395.32,6.36,0.4,94354,73.14,1.06,218.36,-2.12
2020-08-22,São Paulo,Itapeva,9.54,9,0,0.0,371,6,1.62,393.2,6.36,0.39,94354,72.08,-14.84,220.48,-4.24
2020-08-21,São Paulo,Itapeva,16.96,16,0,0.0,362,6,1.66,383.66,6.36,0.38,94354,86.92,0.0,224.72,3.18
2020-08-20,São Paulo,Itapeva,20.14,19,0,0.0,346,6,1.73,366.7,6.36,0.37,94354,86.92,-5.3,221.54,13.78
2020-08-19,São Paulo,Itapeva,8.48,8,0,0.0,327,6,1.83,346.57,6.36,0.35,94354,92.22,3.18,207.76,-6.36
2020-08-18,São Paulo,Itapeva,8.48,8,0,0.0,319,6,1.88,338.09,6.36,0.34,94354,89.04,8.48,214.12,7.42
2020-08-17,São Paulo,Itapeva,7.42,7,0,0.0,311,6,1.93,329.61,6.36,0.33,94354,80.56,7.42,206.7,7.42
2020-08-16,São Paulo,Itapeva,1.06,1,0,0.0,304,6,1.97,322.19,6.36,0.32,94354,73.14,-4.24,199.28,1.06
2020-08-15,São Paulo,Itapeva,24.38,23,0,0.0,303,6,1.98,321.13,6.36,0.32,94354,77.38,10.6,198.22,23.32
2020-08-14,São Paulo,Itapeva,16.96,16,0,0.0,280,6,2.14,296.75,6.36,0.3,94354,66.78,18.02,174.9,14.84
2020-08-13,São Paulo,Itapeva,25.44,24,0,0.0,264,6,2.27,279.8,6.36,0.28,94354,48.76,21.2,160.06,15.9
2020-08-12,São Paulo,Itapeva,5.3,5,0,0.0,240,6,2.5,254.36,6.36,0.25,94354,27.56,3.18,144.16,3.18
2020-08-11,São Paulo,Itapeva,0.0,0,0,0.0,235,6,2.55,249.06,6.36,0.25,94354,24.38,-6.36,140.98,-4.24
2020-08-10,São Paulo,Itapeva,0.0,0,0,0.0,235,6,2.55,249.06,6.36,0.25,94354,30.74,0.0,145.22,0.0
2020-08-09,São Paulo,Itapeva,5.3,5,0,0.0,235,6,2.55,249.06,6.36,0.25,94354,30.74,1.06,145.22,1.06
2020-08-08,São Paulo,Itapeva,13.78,13,0,0.0,230,6,2.61,243.76,6.36,0.24,94354,29.68,7.42,144.16,13.78
2020-08-07,São Paulo,Itapeva,-1.06,-1,0,0.0,217,6,2.76,229.98,6.36,0.23,94354,22.26,-7.42,130.38,-2.12
2020-08-06,São Paulo,Itapeva,4.24,4,0,0.0,218,6,2.75,231.04,6.36,0.23,94354,29.68,-4.24,132.5,3.18
2020-08-05,São Paulo,Itapeva,2.12,2,0,0.0,214,6,2.8,226.81,6.36,0.23,94354,33.92,-6.36,129.32,-3.18
2020-08-04,São Paulo,Itapeva,6.36,6,0,0.0,212,6,2.83,224.69,6.36,0.22,94354,40.28,-1.06,132.5,4.24
2020-08-03,São Paulo,Itapeva,0.0,0,0,0.0,206,6,2.91,218.33,6.36,0.22,94354,41.34,0.0,128.26,0.0
2020-08-02,São Paulo,Itapeva,4.24,4,0,0.0,206,6,2.91,218.33,6.36,0.22,94354,41.34,0.0,128.26,1.06
2020-08-01,São Paulo,Itapeva,6.36,6,0,0.0,202,6,2.97,214.09,6.36,0.21,94354,41.34,-7.42,127.2,5.3
2020-07-31,São Paulo,Itapeva,6.36,6,1,1.06,196,6,3.06,207.73,6.36,0.21,94354,48.76,-7.42,121.9,5.3
2020-07-30,São Paulo,Itapeva,8.48,8,0,0.0,190,5,2.63,201.37,5.3,0.2,94354,56.18,2.12,116.6,7.42
2020-07-29,São Paulo,Itapeva,8.48,8,0,0.0,182,5,2.75,192.89,5.3,0.19,94354,54.06,-6.36,109.18,5.3
2020-07-28,São Paulo,Itapeva,7.42,7,0,0.0,174,5,2.87,184.41,5.3,0.18,94354,60.42,6.36,103.88,4.24
2020-07-27,São Paulo,Itapeva,0.0,0,0,0.0,167,5,2.99,176.99,5.3,0.18,94354,54.06,0.0,99.64,0.0
2020-07-26,São Paulo,Itapeva,4.24,4,0,0.0,167,5,2.99,176.99,5.3,0.18,94354,54.06,4.24,99.64,4.24
2020-07-25,São Paulo,Itapeva,13.78,13,0,0.0,163,5,3.07,172.75,5.3,0.17,94354,49.82,12.72,95.4,13.78
2020-07-24,São Paulo,Itapeva,13.78,13,1,1.06,150,5,3.33,158.98,5.3,0.16,94354,37.1,11.66,81.62,8.48
2020-07-23,São Paulo,Itapeva,6.36,6,2,2.12,137,4,2.92,145.2,4.24,0.15,94354,25.44,-3.18,73.14,2.12
2020-07-22,São Paulo,Itapeva,14.84,14,0,0.0,131,2,1.53,138.84,2.12,0.14,94354,28.62,12.72,71.02,10.6
2020-07-21,São Paulo,Itapeva,1.06,1,0,0.0,117,2,1.71,124.0,2.12,0.12,94354,15.9,-3.18,60.42,2.12
2020-07-20,São Paulo,Itapeva,0.0,0,0,0.0,116,2,1.72,122.94,2.12,0.12,94354,19.08,0.0,58.3,0.0
2020-07-19,São Paulo,Itapeva,0.0,0,0,0.0,116,2,1.72,122.94,2.12,0.12,94354,19.08,-4.24,58.3,-1.06
2020-07-18,São Paulo,Itapeva,1.06,1,0,0.0,116,2,1.72,122.94,2.12,0.12,94354,23.32,1.06,59.36,-2.12
2020-07-17,São Paulo,Itapeva,2.12,2,0,0.0,115,2,1.74,121.88,2.12,0.12,94354,22.26,1.06,61.48,2.12
2020-07-16,São Paulo,Itapeva,9.54,9,0,0.0,113,2,1.77,119.76,2.12,0.12,94354,21.2,8.48,59.36,9.54
2020-07-15,São Paulo,Itapeva,2.12,2,0,0.0,104,2,1.92,110.22,2.12,0.11,94354,12.72,-3.18,49.82,0.0
2020-07-14,São Paulo,Itapeva,4.24,4,0,0.0,102,2,1.96,108.1,2.12,0.11,94354,15.9,2.12,49.82,4.24
2020-07-13,São Paulo,Itapeva,0.0,0,0,0.0,98,2,2.04,103.86,2.12,0.1,94354,13.78,0.0,45.58,0.0
2020-07-12,São Paulo,Itapeva,4.24,4,0,0.0,98,2,2.04,103.86,2.12,0.1,94354,13.78,1.06,45.58,4.24
2020-07-11,São Paulo,Itapeva,0.0,0,0,0.0,94,2,2.13,99.62,2.12,0.1,94354,12.72,-1.06,41.34,-2.12
2020-07-10,São Paulo,Itapeva,1.06,1,0,0.0,94,2,2.13,99.62,2.12,0.1,94354,13.78,0.0,43.46,1.06
2020-07-09,São Paulo,Itapeva,1.06,1,0,0.0,93,2,2.15,98.56,2.12,0.1,94354,13.78,0.0,42.4,1.06
2020-07-08,São Paulo,Itapeva,5.3,5,0,0.0,92,2,2.17,97.51,2.12,0.1,94354,13.78,2.12,41.34,4.24
2020-07-07,São Paulo,Itapeva,2.12,2,0,0.0,87,2,2.3,92.21,2.12,0.09,94354,11.66,-1.06,37.1,2.12
2020-07-06,São Paulo,Itapeva,0.0,0,0,0.0,85,2,2.35,90.09,2.12,0.09,94354,12.72,0.0,34.98,0.0
2020-07-05,São Paulo,Itapeva,3.18,3,0,0.0,85,2,2.35,90.09,2.12,0.09,94354,12.72,3.18,34.98,3.18
2020-07-04,São Paulo,Itapeva,1.06,1,0,0.0,82,2,2.44,86.91,2.12,0.09,94354,9.54,1.06,31.8,-1.06
2020-07-03,São Paulo,Itapeva,1.06,1,0,0.0,81,2,2.47,85.85,2.12,0.09,94354,8.48,-4.24,32.86,-4.24
2020-07-02,São Paulo,Itapeva,1.06,1,0,0.0,80,2,2.5,84.79,2.12,0.08,94354,12.72,-3.18,37.1,-1.06
2020-07-01,São Paulo,Itapeva,3.18,3,0,0.0,79,2,2.53,83.73,2.12,0.08,94354,15.9,-1.06,38.16,-4.24
2020-06-30,São Paulo,Itapeva,3.18,3,0,0.0,76,2,2.63,80.55,2.12,0.08,94354,16.96,4.24,42.4,1.06
2020-06-29,São Paulo,Itapeva,0.0,0,0,0.0,73,2,2.74,77.37,2.12,0.08,94354,12.72,0.0,41.34,0.0
2020-06-28,São Paulo,Itapeva,0.0,0,0,0.0,73,2,2.74,77.37,2.12,0.08,94354,12.72,-1.06,41.34,0.0
2020-06-27,São Paulo,Itapeva,0.0,0,0,0.0,73,2,2.74,77.37,2.12,0.08,94354,13.78,-3.18,41.34,-1.06
2020-06-26,São Paulo,Itapeva,5.3,5,0,0.0,73,2,2.74,77.37,2.12,0.08,94354,16.96,5.3,42.4,3.18
2020-06-25,São Paulo,Itapeva,4.24,4,0,0.0,68,2,2.94,72.07,2.12,0.07,94354,11.66,4.24,39.22,-1.06
2020-06-24,São Paulo,Itapeva,4.24,4,0,0.0,64,2,3.12,67.83,2.12,0.07,94354,7.42,2.12,40.28,3.18
2020-06-23,São Paulo,Itapeva,-1.06,-1,0,0.0,60,2,3.33,63.59,2.12,0.06,94354,5.3,-1.06,37.1,-2.12
2020-06-22,São Paulo,Itapeva,0.0,0,0,0.0,61,2,3.28,64.65,2.12,0.06,94354,6.36,0.0,39.22,0.0
2020-06-21,São Paulo,Itapeva,1.06,1,0,0.0,61,2,3.28,64.65,2.12,0.06,94354,6.36,1.06,39.22,1.06
2020-06-20,São Paulo,Itapeva,3.18,3,0,0.0,60,2,3.33,63.59,2.12,0.06,94354,5.3,1.06,38.16,2.12
2020-06-19,São Paulo,Itapeva,0.0,0,0,0.0,57,2,3.51,60.41,2.12,0.06,94354,4.24,0.0,36.04,0.0
2020-06-18,São Paulo,Itapeva,0.0,0,0,0.0,57,2,3.51,60.41,2.12,0.06,94354,4.24,0.0,36.04,0.0
2020-06-17,São Paulo,Itapeva,2.12,2,0,0.0,57,2,3.51,60.41,2.12,0.06,94354,4.24,1.06,36.04,2.12
2020-06-16,São Paulo,Itapeva,0.0,0,0,0.0,55,2,3.64,58.29,2.12,0.06,94354,3.18,0.0,33.92,-1.06
2020-06-15,São Paulo,Itapeva,0.0,0,0,0.0,55,2,3.64,58.29,2.12,0.06,94354,3.18,0.0,34.98,0.0
2020-06-14,São Paulo,Itapeva,0.0,0,0,0.0,55,2,3.64,58.29,2.12,0.06,94354,3.18,0.0,34.98,0.0
2020-06-13,São Paulo,Itapeva,2.12,2,0,0.0,55,2,3.64,58.29,2.12,0.06,94354,3.18,0.0,34.98,1.06
2020-06-12,São Paulo,Itapeva,0.0,0,0,0.0,53,2,3.77,56.17,2.12,0.06,94354,3.18,-5.3,33.92,-1.06
2020-06-11,São Paulo,Itapeva,0.0,0,0,0.0,53,2,3.77,56.17,2.12,0.06,94354,8.48,-2.12,34.98,-1.06
2020-06-10,São Paulo,Itapeva,1.06,1,0,0.0,53,2,3.77,56.17,2.12,0.06,94354,10.6,-6.36,36.04,1.06
2020-06-09,São Paulo,Itapeva,0.0,0,0,0.0,52,2,3.85,55.11,2.12,0.06,94354,16.96,-2.12,34.98,0.0
2020-06-08,São Paulo,Itapeva,0.0,0,0,0.0,52,2,3.85,55.11,2.12,0.06,94354,19.08,0.0,34.98,0.0
2020-06-07,São Paulo,Itapeva,0.0,0,0,0.0,52,2,3.85,55.11,2.12,0.06,94354,19.08,0.0,34.98,0.0
2020-06-06,São Paulo,Itapeva,2.12,2,0,0.0,52,2,3.85,55.11,2.12,0.06,94354,19.08,1.06,34.98,3.18
2020-06-05,São Paulo,Itapeva,5.3,5,0,0.0,50,2,4.0,52.99,2.12,0.05,94354,18.02,3.18,31.8,3.18
2020-06-04,São Paulo,Itapeva,2.12,2,0,0.0,45,2,4.44,47.69,2.12,0.05,94354,14.84,-3.18,28.62,2.12
2020-06-03,São Paulo,Itapeva,7.42,7,0,0.0,43,2,4.65,45.57,2.12,0.05,94354,18.02,6.36,26.5,1.06
2020-06-02,São Paulo,Itapeva,2.12,2,0,0.0,36,2,5.56,38.15,2.12,0.04,94354,11.66,1.06,25.44,2.12
2020-06-01,São Paulo,Itapeva,0.0,0,0,0.0,34,2,5.88,36.03,2.12,0.04,94354,10.6,0.0,23.32,0.0
2020-05-31,São Paulo,Itapeva,0.0,0,0,0.0,34,2,5.88,36.03,2.12,0.04,94354,10.6,0.0,23.32,0.0
2020-05-30,São Paulo,Itapeva,1.06,1,0,0.0,34,2,5.88,36.03,2.12,0.04,94354,10.6,0.0,23.32,0.0
2020-05-29,São Paulo,Itapeva,2.12,2,0,0.0,33,2,6.06,34.97,2.12,0.03,94354,10.6,2.12,23.32,1.06
2020-05-28,São Paulo,Itapeva,5.3,5,0,0.0,31,2,6.45,32.85,2.12,0.03,94354,8.48,5.3,22.26,5.3
2020-05-27,São Paulo,Itapeva,1.06,1,0,0.0,26,2,7.69,27.56,2.12,0.03,94354,3.18,1.06,16.96,-5.3
2020-05-26,São Paulo,Itapeva,1.06,1,0,0.0,25,2,8.0,26.5,2.12,0.03,94354,2.12,0.0,22.26,1.06
2020-05-25,São Paulo,Itapeva,0.0,0,0,0.0,24,2,8.33,25.44,2.12,0.03,94354,2.12,0.0,21.2,0.0
2020-05-24,São Paulo,Itapeva,0.0,0,0,0.0,24,2,8.33,25.44,2.12,0.03,94354,2.12,0.0,21.2,-3.18
2020-05-23,São Paulo,Itapeva,1.06,1,0,0.0,24,2,8.33,25.44,2.12,0.03,94354,2.12,0.0,24.38,1.06
2020-05-22,São Paulo,Itapeva,0.0,0,1,1.06,23,2,8.7,24.38,2.12,0.02,94354,2.12,-1.06,23.32,0.0
2020-05-21,São Paulo,Itapeva,0.0,0,0,0.0,23,1,4.35,24.38,1.06,0.02,94354,3.18,-1.06,23.32,0.0
2020-05-20,São Paulo,Itapeva,0.0,0,1,1.06,23,1,4.35,24.38,1.06,0.02,94354,4.24,0.0,23.32,0.0
2020-05-19,São Paulo,Itapeva,1.06,1,0,0.0,23,0,0.0,24.38,0.0,0.02,94354,4.24,1.06,23.32,1.06
2020-05-18,São Paulo,Itapeva,0.0,0,0,0.0,22,0,0.0,23.32,0.0,0.02,94354,3.18,0.0,22.26,0.0
2020-05-17,São Paulo,Itapeva,0.0,0,0,0.0,22,0,0.0,23.32,0.0,0.02,94354,3.18,0.0,22.26,0.0
2020-05-16,São Paulo,Itapeva,1.06,1,0,0.0,22,0,0.0,23.32,0.0,0.02,94354,3.18,2.12,22.26,1.06
2020-05-15,São Paulo,Itapeva,1.06,1,0,0.0,21,0,0.0,22.26,0.0,0.02,94354,1.06,-1.06,21.2,1.06
2020-05-14,São Paulo,Itapeva,1.06,1,0,0.0,20,0,0.0,21.2,0.0,0.02,94354,2.12,1.06,20.14,1.06
2020-05-13,São Paulo,Itapeva,0.0,0,0,0.0,19,0,0.0,20.14,0.0,0.02,94354,1.06,-6.36,19.08,0.0
2020-05-12,São Paulo,Itapeva,0.0,0,0,0.0,19,0,0.0,20.14,0.0,0.02,94354,7.42,0.0,19.08,0.0
2020-05-11,São Paulo,Itapeva,0.0,0,0,0.0,19,0,0.0,20.14,0.0,0.02,94354,7.42,0.0,19.08,0.0
2020-05-10,São Paulo,Itapeva,0.0,0,0,0.0,19,0,0.0,20.14,0.0,0.02,94354,7.42,0.0,19.08,0.0
2020-05-09,São Paulo,Itapeva,-1.06,-1,0,0.0,19,0,0.0,20.14,0.0,0.02,94354,7.42,-2.12,19.08,-1.06
2020-05-08,São Paulo,Itapeva,2.12,2,0,0.0,20,0,0.0,21.2,0.0,0.02,94354,9.54,1.06,20.14,2.12
2020-05-07,São Paulo,Itapeva,0.0,0,0,0.0,18,0,0.0,19.08,0.0,0.02,94354,8.48,0.0,18.02,0.0
2020-05-06,São Paulo,Itapeva,6.36,6,0,0.0,18,0,0.0,19.08,0.0,0.02,94354,8.48,0.0,18.02,6.36
2020-05-05,São Paulo,Itapeva,0.0,0,0,0.0,12,0,0.0,12.72,0.0,0.01,94354,8.48,0.0,11.66,0.0
2020-05-04,São Paulo,Itapeva,0.0,0,0,0.0,12,0,0.0,12.72,0.0,0.01,94354,8.48,0.0,11.66,0.0
2020-05-03,São Paulo,Itapeva,0.0,0,0,0.0,12,0,0.0,12.72,0.0,0.01,94354,8.48,-3.18,11.66,0.0
2020-05-02,São Paulo,Itapeva,1.06,1,0,0.0,12,0,0.0,12.72,0.0,0.01,94354,11.66,1.06,11.66,1.06
2020-05-01,São Paulo,Itapeva,1.06,1,0,0.0,11,0,0.0,11.66,0.0,0.01,94354,10.6,1.06,10.6,1.06
2020-04-30,São Paulo,Itapeva,0.0,0,0,0.0,10,0,0.0,10.6,0.0,0.01,94354,9.54,0.0,9.54,0.0
2020-04-29,São Paulo,Itapeva,6.36,6,0,0.0,10,0,0.0,10.6,0.0,0.01,94354,9.54,6.36,9.54,6.36
2020-04-28,São Paulo,Itapeva,0.0,0,0,0.0,4,0,0.0,4.24,0.0,0.0,94354,3.18,0.0,3.18,0.0
2020-04-27,São Paulo,Itapeva,0.0,0,0,0.0,4,0,0.0,4.24,0.0,0.0,94354,3.18,0.0,3.18,0.0
2020-04-26,São Paulo,Itapeva,3.18,3,0,0.0,4,0,0.0,4.24,0.0,0.0,94354,3.18,3.18,3.18,3.18
2020-04-25,São Paulo,Itapeva,0.0,0,0,0.0,1,0,0.0,1.06,0.0,0.0,94354,0.0,0.0,0.0,0.0
2020-04-24,São Paulo,Itapeva,0.0,0,0,0.0,1,0,0.0,1.06,0.0,0.0,94354,0.0,0.0,0.0,0.0
2020-04-23,São Paulo,Itapeva,0.0,0,0,0.0,1,0,0.0,1.06,0.0,0.0,94354,0.0,0.0,0.0,0.0
2020-04-22,São Paulo,Itapeva,0.0,0,0,0.0,1,0,0.0,1.06,0.0,0.0,94354,0.0,0.0,0.0,0.0
2020-04-21,São Paulo,Itapeva,0.0,0,0,0.0,1,0,0.0,1.06,0.0,0.0,94354,0.0,0.0,0.0,0.0
2020-04-20,São Paulo,Itapeva,0.0,0,0,0.0,1,0,0.0,1.06,0.0,0.0,94354,0.0,0.0,0.0,0.0
2020-04-19,São Paulo,Itapeva,0.0,0,0,0.0,1,0,0.0,1.06,0.0,0.0,94354,0.0,0.0,0.0,0.0
2020-04-18,São Paulo,Itapeva,0.0,0,0,0.0,1,0,0.0,1.06,0.0,0.0,94354,0.0,0.0,0.0,0.0
2020-04-17,São Paulo,Itapeva,0.0,0,0,0.0,1,0,0.0,1.06,0.0,0.0,94354,0.0,0.0,0.0,0.0
2020-04-16,São Paulo,Itapeva,0.0,0,0,0.0,1,0,0.0,1.06,0.0,0.0,94354,0.0,0.0,0.0,0.0
2020-04-15,São Paulo,Itapeva,0.0,0,0,0.0,1,0,0.0,1.06,0.0,0.0,94354,0.0,0.0,0.0,0.0
2020-04-14,São Paulo,Itapeva,0.0,0,0,0.0,1,0,0.0,1.06,0.0,0.0,94354,0.0,0.0,0.0,0.0
2020-04-13,São Paulo,Itapeva,0.0,0,0,0.0,1,0,0.0,1.06,0.0,0.0,94354,0.0,0.0,0.0,0.0
2020-04-12,São Paulo,Itapeva,0.0,0,0,0.0,1,0,0.0,1.06,0.0,0.0,94354,0.0,0.0,0.0,0.0
2020-04-11,São Paulo,Itapeva,0.0,0,0,0.0,1,0,0.0,1.06,0.0,0.0,94354,0.0,0.0,0.0,0.0
2020-04-10,São Paulo,Itapeva,0.0,0,0,0.0,1,0,0.0,1.06,0.0,0.0,94354,0.0,0.0,0.0,0.0
2020-04-09,São Paulo,Itapeva,0.0,0,0,0.0,1,0,0.0,1.06,0.0,0.0,94354,0.0,0.0,0.0,0.0
