date,state,city,1day_cases_100k,new_cases,new_deaths,new_deaths_100k,total_cases,total_deaths,cfr%,total_cases_100k,total_deaths_100k,%infected,population,7day_cases_100k,7day_cases_change,28day_cases_100k,28day_cases_change
2020-09-01,São Paulo,Junqueirópolis,4.84,1,0,0.0,120,3,2.5,580.3,14.51,0.58,20679,24.19,4.84,159.59,4.84
2020-08-31,São Paulo,Junqueirópolis,0.0,0,0,0.0,119,3,2.52,575.46,14.51,0.58,20679,19.35,0.0,154.75,-9.67
2020-08-30,São Paulo,Junqueirópolis,9.67,2,1,4.84,119,3,2.52,575.46,14.51,0.58,20679,19.35,9.67,164.42,-4.84
2020-08-28,São Paulo,Junqueirópolis,4.84,1,0,0.0,117,2,1.71,565.79,9.67,0.57,20679,9.68,4.84,169.26,-14.5
2020-08-27,São Paulo,Junqueirópolis,0.0,0,0,0.0,116,2,1.72,560.96,9.67,0.56,20679,4.84,-9.67,183.76,0.0
2020-08-26,São Paulo,Junqueirópolis,4.84,1,0,0.0,116,2,1.72,560.96,9.67,0.56,20679,14.51,4.84,183.76,-53.19
2020-08-25,São Paulo,Junqueirópolis,0.0,0,0,0.0,115,2,1.74,556.12,9.67,0.56,20679,9.67,0.0,236.95,-4.84
2020-08-24,São Paulo,Junqueirópolis,0.0,0,0,0.0,115,2,1.74,556.12,9.67,0.56,20679,9.67,0.0,241.79,0.0
2020-08-23,São Paulo,Junqueirópolis,0.0,0,0,0.0,115,2,1.74,556.12,9.67,0.56,20679,9.67,0.0,241.79,0.0
2020-08-22,São Paulo,Junqueirópolis,0.0,0,0,0.0,115,2,1.74,556.12,9.67,0.56,20679,9.67,-19.34,241.79,-19.34
2020-08-21,São Paulo,Junqueirópolis,0.0,0,0,0.0,115,2,1.74,556.12,9.67,0.56,20679,29.01,0.0,261.13,0.0
2020-08-20,São Paulo,Junqueirópolis,9.67,2,0,0.0,115,2,1.74,556.12,9.67,0.56,20679,29.01,4.83,261.13,9.67
2020-08-19,São Paulo,Junqueirópolis,0.0,0,0,0.0,113,2,1.77,546.45,9.67,0.55,20679,24.18,-9.67,251.46,-29.01
2020-08-18,São Paulo,Junqueirópolis,0.0,0,0,0.0,113,2,1.77,546.45,9.67,0.55,20679,33.85,0.0,280.47,-14.51
2020-08-17,São Paulo,Junqueirópolis,0.0,0,0,0.0,113,2,1.77,546.45,9.67,0.55,20679,33.85,0.0,294.98,0.0
2020-08-16,São Paulo,Junqueirópolis,0.0,0,0,0.0,113,2,1.77,546.45,9.67,0.55,20679,33.85,0.0,294.98,0.0
2020-08-15,São Paulo,Junqueirópolis,19.34,4,0,0.0,113,2,1.77,546.45,9.67,0.55,20679,33.85,0.0,294.98,14.5
2020-08-14,São Paulo,Junqueirópolis,0.0,0,0,0.0,109,2,1.83,527.1,9.67,0.53,20679,33.85,-9.67,280.48,-9.67
2020-08-13,São Paulo,Junqueirópolis,4.84,1,0,0.0,109,2,1.83,527.1,9.67,0.53,20679,43.52,-48.35,290.15,0.0
2020-08-12,São Paulo,Junqueirópolis,9.67,2,0,0.0,108,2,1.85,522.27,9.67,0.52,20679,91.87,4.83,290.15,0.0
2020-08-11,São Paulo,Junqueirópolis,0.0,0,0,0.0,106,2,1.89,512.6,9.67,0.51,20679,87.04,-4.84,290.15,-4.84
2020-08-10,São Paulo,Junqueirópolis,0.0,0,0,0.0,106,2,1.89,512.6,9.67,0.51,20679,91.88,0.0,294.99,0.0
2020-08-09,São Paulo,Junqueirópolis,0.0,0,0,0.0,106,2,1.89,512.6,9.67,0.51,20679,91.88,-9.67,294.99,0.0
2020-08-08,São Paulo,Junqueirópolis,19.34,4,0,0.0,106,2,1.89,512.6,9.67,0.51,20679,101.55,4.83,294.99,19.34
2020-08-07,São Paulo,Junqueirópolis,9.67,2,0,0.0,102,2,1.96,493.25,9.67,0.49,20679,96.72,-9.67,275.65,4.83
2020-08-06,São Paulo,Junqueirópolis,53.19,11,0,0.0,100,2,2.0,483.58,9.67,0.48,20679,106.39,53.19,270.82,58.03
2020-08-05,São Paulo,Junqueirópolis,4.84,1,0,0.0,89,2,2.25,430.39,9.67,0.43,20679,53.2,-53.19,212.79,-19.34
2020-08-04,São Paulo,Junqueirópolis,4.84,1,0,0.0,88,2,2.27,425.55,9.67,0.43,20679,106.39,0.0,232.13,0.0
2020-08-03,São Paulo,Junqueirópolis,0.0,0,0,0.0,87,2,2.3,420.72,9.67,0.42,20679,106.39,0.0,232.13,0.0
2020-08-02,São Paulo,Junqueirópolis,9.67,2,0,0.0,87,2,2.3,420.72,9.67,0.42,20679,106.39,9.67,232.13,9.67
2020-08-01,São Paulo,Junqueirópolis,14.51,3,0,0.0,85,2,2.35,411.05,9.67,0.41,20679,96.72,-4.83,222.46,14.51
2020-07-31,São Paulo,Junqueirópolis,19.34,4,0,0.0,82,2,2.44,396.54,9.67,0.4,20679,101.55,19.34,207.95,19.34
2020-07-30,São Paulo,Junqueirópolis,0.0,0,0,0.0,78,2,2.56,377.19,9.67,0.38,20679,82.21,0.0,188.61,-4.84
2020-07-29,São Paulo,Junqueirópolis,58.03,12,0,0.0,78,2,2.56,377.19,9.67,0.38,20679,82.21,29.02,193.45,43.52
2020-07-28,São Paulo,Junqueirópolis,4.84,1,0,0.0,66,2,3.03,319.16,9.67,0.32,20679,53.19,-9.67,149.93,4.84
2020-07-27,São Paulo,Junqueirópolis,0.0,0,0,0.0,65,2,3.08,314.33,9.67,0.31,20679,62.86,0.0,145.09,0.0
2020-07-26,São Paulo,Junqueirópolis,0.0,0,0,0.0,65,2,3.08,314.33,9.67,0.31,20679,62.86,0.0,145.09,0.0
2020-07-25,São Paulo,Junqueirópolis,19.34,4,0,0.0,65,2,3.08,314.33,9.67,0.31,20679,62.86,14.5,145.09,-9.67
2020-07-24,São Paulo,Junqueirópolis,0.0,0,0,0.0,61,2,3.28,294.99,9.67,0.29,20679,48.36,-9.67,154.76,0.0
2020-07-23,São Paulo,Junqueirópolis,0.0,0,0,0.0,61,2,3.28,294.99,9.67,0.29,20679,58.03,-4.84,154.76,0.0
2020-07-22,São Paulo,Junqueirópolis,29.01,6,0,0.0,61,2,3.28,294.99,9.67,0.29,20679,62.87,19.34,154.76,29.01
2020-07-21,São Paulo,Junqueirópolis,14.51,3,0,0.0,55,2,3.64,265.97,9.67,0.27,20679,43.53,9.67,125.75,14.51
2020-07-20,São Paulo,Junqueirópolis,0.0,0,0,0.0,52,2,3.85,251.46,9.67,0.25,20679,33.86,0.0,111.24,0.0
2020-07-19,São Paulo,Junqueirópolis,0.0,0,0,0.0,52,2,3.85,251.46,9.67,0.25,20679,33.86,0.0,111.24,0.0
2020-07-18,São Paulo,Junqueirópolis,4.84,1,0,0.0,52,2,3.85,251.46,9.67,0.25,20679,33.86,4.84,111.24,4.84
2020-07-17,São Paulo,Junqueirópolis,9.67,2,1,4.84,51,2,3.92,246.63,9.67,0.25,20679,29.02,4.83,106.4,4.83
2020-07-16,São Paulo,Junqueirópolis,4.84,1,0,0.0,49,1,2.04,236.96,4.84,0.24,20679,24.19,9.68,101.57,0.0
2020-07-15,São Paulo,Junqueirópolis,9.67,2,0,0.0,48,1,2.08,232.12,4.84,0.23,20679,14.51,-14.51,101.57,9.67
2020-07-14,São Paulo,Junqueirópolis,4.84,1,0,0.0,46,1,2.17,222.45,4.84,0.22,20679,29.02,0.0,91.9,4.84
2020-07-13,São Paulo,Junqueirópolis,0.0,0,0,0.0,45,1,2.22,217.61,4.84,0.22,20679,29.02,0.0,87.06,0.0
2020-07-12,São Paulo,Junqueirópolis,0.0,0,0,0.0,45,1,2.22,217.61,4.84,0.22,20679,29.02,0.0,87.06,0.0
2020-07-11,São Paulo,Junqueirópolis,0.0,0,0,0.0,45,1,2.22,217.61,4.84,0.22,20679,29.02,0.0,87.06,0.0
2020-07-10,São Paulo,Junqueirópolis,4.84,1,0,0.0,45,1,2.22,217.61,4.84,0.22,20679,29.02,4.84,87.06,0.0
2020-07-09,São Paulo,Junqueirópolis,-4.84,-1,0,0.0,44,1,2.27,212.78,4.84,0.21,20679,24.18,-9.68,87.06,-4.84
2020-07-08,São Paulo,Junqueirópolis,24.18,5,0,0.0,45,1,2.22,217.61,4.84,0.22,20679,33.86,9.67,91.9,29.02
2020-07-07,São Paulo,Junqueirópolis,4.84,1,0,0.0,40,1,2.5,193.43,4.84,0.19,20679,24.19,4.84,62.88,0.0
2020-07-06,São Paulo,Junqueirópolis,0.0,0,0,0.0,39,1,2.56,188.6,4.84,0.19,20679,19.35,0.0,62.88,0.0
2020-07-05,São Paulo,Junqueirópolis,0.0,0,0,0.0,39,1,2.56,188.6,4.84,0.19,20679,19.35,0.0,62.88,0.0
2020-07-04,São Paulo,Junqueirópolis,0.0,0,0,0.0,39,1,2.56,188.6,4.84,0.19,20679,19.35,-29.01,62.88,0.0
2020-07-03,São Paulo,Junqueirópolis,0.0,0,0,0.0,39,1,2.56,188.6,4.84,0.19,20679,48.36,0.0,62.88,-4.84
2020-07-02,São Paulo,Junqueirópolis,4.84,1,0,0.0,39,1,2.56,188.6,4.84,0.19,20679,48.36,4.84,67.72,4.84
2020-07-01,São Paulo,Junqueirópolis,14.51,3,0,0.0,38,1,2.63,183.76,4.84,0.18,20679,43.52,14.51,62.88,14.51
2020-06-30,São Paulo,Junqueirópolis,0.0,0,0,0.0,35,1,2.86,169.25,4.84,0.17,20679,29.01,0.0,48.37,0.0
2020-06-29,São Paulo,Junqueirópolis,0.0,0,0,0.0,35,1,2.86,169.25,4.84,0.17,20679,29.01,0.0,48.37,0.0
2020-06-28,São Paulo,Junqueirópolis,0.0,0,0,0.0,35,1,2.86,169.25,4.84,0.17,20679,29.01,0.0,48.37,0.0
2020-06-27,São Paulo,Junqueirópolis,29.01,6,0,0.0,35,1,2.86,169.25,4.84,0.17,20679,29.01,29.01,48.37,29.01
2020-06-26,São Paulo,Junqueirópolis,0.0,0,0,0.0,29,1,3.45,140.24,4.84,0.14,20679,-0.0,-4.84,19.36,0.0
2020-06-25,São Paulo,Junqueirópolis,0.0,0,0,0.0,29,1,3.45,140.24,4.84,0.14,20679,4.84,-4.84,19.36,0.0
2020-06-24,São Paulo,Junqueirópolis,0.0,0,0,0.0,29,1,3.45,140.24,4.84,0.14,20679,9.68,0.0,19.36,-9.67
2020-06-23,São Paulo,Junqueirópolis,0.0,0,0,0.0,29,1,3.45,140.24,4.84,0.14,20679,9.68,0.0,29.03,0.0
2020-06-22,São Paulo,Junqueirópolis,0.0,0,0,0.0,29,1,3.45,140.24,4.84,0.14,20679,9.68,0.0,29.03,0.0
2020-06-21,São Paulo,Junqueirópolis,0.0,0,0,0.0,29,1,3.45,140.24,4.84,0.14,20679,9.68,0.0,29.03,0.0
2020-06-20,São Paulo,Junqueirópolis,0.0,0,0,0.0,29,1,3.45,140.24,4.84,0.14,20679,9.68,0.0,29.03,0.0
2020-06-19,São Paulo,Junqueirópolis,4.84,1,0,0.0,29,1,3.45,140.24,4.84,0.14,20679,9.68,0.0,29.03,0.0
2020-06-18,São Paulo,Junqueirópolis,4.84,1,0,0.0,28,1,3.57,135.4,4.84,0.14,20679,9.68,4.84,29.03,0.0
2020-06-17,São Paulo,Junqueirópolis,0.0,0,0,0.0,27,1,3.7,130.57,4.84,0.13,20679,4.84,4.84,29.03,-9.67
2020-06-16,São Paulo,Junqueirópolis,0.0,0,0,0.0,27,1,3.7,130.57,4.84,0.13,20679,-0.0,-4.84,38.7,0.0
2020-06-15,São Paulo,Junqueirópolis,0.0,0,0,0.0,27,1,3.7,130.57,4.84,0.13,20679,4.84,0.0,38.7,0.0
2020-06-14,São Paulo,Junqueirópolis,0.0,0,0,0.0,27,1,3.7,130.57,4.84,0.13,20679,4.84,0.0,38.7,0.0
2020-06-13,São Paulo,Junqueirópolis,0.0,0,0,0.0,27,1,3.7,130.57,4.84,0.13,20679,4.84,0.0,38.7,0.0
2020-06-12,São Paulo,Junqueirópolis,4.84,1,0,0.0,27,1,3.7,130.57,4.84,0.13,20679,4.84,0.0,38.7,4.84
2020-06-11,São Paulo,Junqueirópolis,0.0,0,0,0.0,26,1,3.85,125.73,4.84,0.13,20679,4.84,0.0,33.86,-14.51
2020-06-10,São Paulo,Junqueirópolis,-4.84,-1,0,0.0,26,1,3.85,125.73,4.84,0.13,20679,4.84,-4.84,48.37,-33.85
2020-06-09,São Paulo,Junqueirópolis,4.84,1,0,0.0,27,1,3.7,130.57,4.84,0.13,20679,9.68,4.84,82.22,4.84
2020-06-08,São Paulo,Junqueirópolis,0.0,0,0,0.0,26,1,3.85,125.73,4.84,0.13,20679,4.84,0.0,77.38,0.0
2020-06-07,São Paulo,Junqueirópolis,0.0,0,0,0.0,26,1,3.85,125.73,4.84,0.13,20679,4.84,0.0,77.38,0.0
2020-06-06,São Paulo,Junqueirópolis,0.0,0,0,0.0,26,1,3.85,125.73,4.84,0.13,20679,4.84,0.0,77.38,0.0
2020-06-05,São Paulo,Junqueirópolis,4.84,1,0,0.0,26,1,3.85,125.73,4.84,0.13,20679,4.84,4.84,77.38,-4.83
2020-06-04,São Paulo,Junqueirópolis,0.0,0,0,0.0,25,1,4.0,120.9,4.84,0.12,20679,-0.0,0.0,82.21,0.0
2020-06-03,São Paulo,Junqueirópolis,0.0,0,0,0.0,25,1,4.0,120.9,4.84,0.12,20679,-0.0,-9.67,82.21,-24.18
2020-06-02,São Paulo,Junqueirópolis,0.0,0,0,0.0,25,1,4.0,120.9,4.84,0.12,20679,9.67,0.0,106.39,-4.84
2020-06-01,São Paulo,Junqueirópolis,0.0,0,0,0.0,25,1,4.0,120.9,4.84,0.12,20679,9.67,0.0,111.23,0.0
2020-05-31,São Paulo,Junqueirópolis,0.0,0,0,0.0,25,1,4.0,120.9,4.84,0.12,20679,9.67,0.0,111.23,0.0
2020-05-30,São Paulo,Junqueirópolis,0.0,0,0,0.0,25,1,4.0,120.9,4.84,0.12,20679,9.67,0.0,111.23,0.0
2020-05-29,São Paulo,Junqueirópolis,0.0,0,0,0.0,25,1,4.0,120.9,4.84,0.12,20679,9.67,-4.84,111.23,0.0
2020-05-28,São Paulo,Junqueirópolis,0.0,0,0,0.0,25,1,4.0,120.9,4.84,0.12,20679,14.51,-4.84,111.23,0.0
2020-05-27,São Paulo,Junqueirópolis,9.67,2,0,0.0,25,1,4.0,120.9,4.84,0.12,20679,19.35,0.0,111.23,9.67
2020-05-26,São Paulo,Junqueirópolis,0.0,0,0,0.0,23,1,4.35,111.22,4.84,0.11,20679,19.35,0.0,101.56,-4.84
2020-05-25,São Paulo,Junqueirópolis,0.0,0,0,0.0,23,1,4.35,111.22,4.84,0.11,20679,19.35,0.0,106.4,0.0
2020-05-24,São Paulo,Junqueirópolis,0.0,0,0,0.0,23,1,4.35,111.22,4.84,0.11,20679,19.35,0.0,106.4,0.0
2020-05-23,São Paulo,Junqueirópolis,0.0,0,0,0.0,23,1,4.35,111.22,4.84,0.11,20679,19.35,0.0,106.4,0.0
2020-05-22,São Paulo,Junqueirópolis,4.84,1,0,0.0,23,1,4.35,111.22,4.84,0.11,20679,19.35,4.84,106.4,4.84
2020-05-21,São Paulo,Junqueirópolis,4.84,1,0,0.0,22,1,4.55,106.39,4.84,0.11,20679,14.51,-9.67,101.56,4.84
2020-05-20,São Paulo,Junqueirópolis,9.67,2,0,0.0,21,1,4.76,101.55,4.84,0.1,20679,24.18,-19.34,96.72,9.67
2020-05-19,São Paulo,Junqueirópolis,0.0,0,0,0.0,19,1,5.26,91.88,4.84,0.09,20679,43.52,0.0,87.05,0.0
2020-05-18,São Paulo,Junqueirópolis,0.0,0,0,0.0,19,1,5.26,91.88,4.84,0.09,20679,43.52,0.0,87.05,0.0
2020-05-17,São Paulo,Junqueirópolis,0.0,0,0,0.0,19,1,5.26,91.88,4.84,0.09,20679,43.52,0.0,87.05,0.0
2020-05-16,São Paulo,Junqueirópolis,0.0,0,0,0.0,19,1,5.26,91.88,4.84,0.09,20679,43.52,0.0,87.05,0.0
2020-05-15,São Paulo,Junqueirópolis,0.0,0,1,4.84,19,1,5.26,91.88,4.84,0.09,20679,43.52,-9.67,87.05,0.0
2020-05-14,São Paulo,Junqueirópolis,14.51,3,0,0.0,19,0,0.0,91.88,0.0,0.09,20679,53.19,14.51,87.05,14.51
2020-05-13,São Paulo,Junqueirópolis,29.01,6,0,0.0,16,0,0.0,77.37,0.0,0.08,20679,38.68,4.83,72.54,29.01
2020-05-12,São Paulo,Junqueirópolis,0.0,0,0,0.0,10,0,0.0,48.36,0.0,0.05,20679,33.85,-4.84,43.53,0.0
2020-05-11,São Paulo,Junqueirópolis,0.0,0,0,0.0,10,0,0.0,48.36,0.0,0.05,20679,38.69,0.0,43.53,0.0
2020-05-10,São Paulo,Junqueirópolis,0.0,0,0,0.0,10,0,0.0,48.36,0.0,0.05,20679,38.69,0.0,43.53,0.0
2020-05-09,São Paulo,Junqueirópolis,0.0,0,0,0.0,10,0,0.0,48.36,0.0,0.05,20679,38.69,0.0,43.53,0.0
2020-05-08,São Paulo,Junqueirópolis,9.67,2,0,0.0,10,0,0.0,48.36,0.0,0.05,20679,38.69,9.67,43.53,9.67
2020-05-07,São Paulo,Junqueirópolis,0.0,0,0,0.0,8,0,0.0,38.69,0.0,0.04,20679,29.02,0.0,33.86,0.0
2020-05-06,São Paulo,Junqueirópolis,24.18,5,0,0.0,8,0,0.0,38.69,0.0,0.04,20679,29.02,24.18,33.86,24.18
2020-05-05,São Paulo,Junqueirópolis,4.84,1,0,0.0,3,0,0.0,14.51,0.0,0.01,20679,4.84,0.0,9.68,4.84
2020-05-04,São Paulo,Junqueirópolis,0.0,0,0,0.0,2,0,0.0,9.67,0.0,0.01,20679,4.84,0.0,4.84,0.0
2020-05-03,São Paulo,Junqueirópolis,0.0,0,0,0.0,2,0,0.0,9.67,0.0,0.01,20679,4.84,0.0,4.84,0.0
2020-05-02,São Paulo,Junqueirópolis,0.0,0,0,0.0,2,0,0.0,9.67,0.0,0.01,20679,4.84,0.0,4.84,0.0
2020-05-01,São Paulo,Junqueirópolis,0.0,0,0,0.0,2,0,0.0,9.67,0.0,0.01,20679,4.84,0.0,4.84,0.0
2020-04-30,São Paulo,Junqueirópolis,0.0,0,0,0.0,2,0,0.0,9.67,0.0,0.01,20679,4.84,0.0,4.84,0.0
2020-04-29,São Paulo,Junqueirópolis,0.0,0,0,0.0,2,0,0.0,9.67,0.0,0.01,20679,4.84,0.0,4.84,0.0
2020-04-28,São Paulo,Junqueirópolis,4.84,1,0,0.0,2,0,0.0,9.67,0.0,0.01,20679,4.84,4.84,4.84,4.84
2020-04-27,São Paulo,Junqueirópolis,0.0,0,0,0.0,1,0,0.0,4.84,0.0,0.0,20679,0.0,0.0,0.0,0.0
2020-04-26,São Paulo,Junqueirópolis,0.0,0,0,0.0,1,0,0.0,4.84,0.0,0.0,20679,0.0,0.0,0.0,0.0
2020-04-25,São Paulo,Junqueirópolis,0.0,0,0,0.0,1,0,0.0,4.84,0.0,0.0,20679,0.0,0.0,0.0,0.0
2020-04-24,São Paulo,Junqueirópolis,0.0,0,0,0.0,1,0,0.0,4.84,0.0,0.0,20679,0.0,0.0,0.0,0.0
2020-04-23,São Paulo,Junqueirópolis,0.0,0,0,0.0,1,0,0.0,4.84,0.0,0.0,20679,0.0,0.0,0.0,0.0
2020-04-22,São Paulo,Junqueirópolis,0.0,0,0,0.0,1,0,0.0,4.84,0.0,0.0,20679,0.0,0.0,0.0,0.0
2020-04-21,São Paulo,Junqueirópolis,0.0,0,0,0.0,1,0,0.0,4.84,0.0,0.0,20679,0.0,0.0,0.0,0.0
2020-04-20,São Paulo,Junqueirópolis,0.0,0,0,0.0,1,0,0.0,4.84,0.0,0.0,20679,0.0,0.0,0.0,0.0
2020-04-19,São Paulo,Junqueirópolis,0.0,0,0,0.0,1,0,0.0,4.84,0.0,0.0,20679,0.0,0.0,0.0,0.0
2020-04-18,São Paulo,Junqueirópolis,0.0,0,0,0.0,1,0,0.0,4.84,0.0,0.0,20679,0.0,0.0,0.0,0.0
