date,state,city,1day_cases_100k,new_cases,new_deaths,new_deaths_100k,total_cases,total_deaths,cfr%,total_cases_100k,total_deaths_100k,%infected,population,7day_cases_100k,7day_cases_change,28day_cases_100k,28day_cases_change
2020-09-25,São Paulo,Mombuca,0.0,0,0,0.0,46,1,2.17,1316.92,28.63,1.32,3493,0.0,-57.26,372.19,0.0
2020-09-24,São Paulo,Mombuca,0.0,0,0,0.0,46,1,2.17,1316.92,28.63,1.32,3493,57.26,-28.63,372.19,0.0
2020-09-23,São Paulo,Mombuca,0.0,0,0,0.0,46,1,2.17,1316.92,28.63,1.32,3493,85.89,0.0,372.19,0.0
2020-09-22,São Paulo,Mombuca,0.0,0,0,0.0,46,1,2.17,1316.92,28.63,1.32,3493,85.89,0.0,372.19,0.0
2020-09-21,São Paulo,Mombuca,0.0,0,0,0.0,46,1,2.17,1316.92,28.63,1.32,3493,85.89,0.0,372.19,-28.63
2020-09-20,São Paulo,Mombuca,0.0,0,0,0.0,46,1,2.17,1316.92,28.63,1.32,3493,85.89,0.0,400.82,0.0
2020-09-19,São Paulo,Mombuca,0.0,0,0,0.0,46,1,2.17,1316.92,28.63,1.32,3493,85.89,-57.26,400.82,0.0
2020-09-18,São Paulo,Mombuca,57.26,2,0,0.0,46,1,2.17,1316.92,28.63,1.32,3493,143.15,57.26,400.82,57.26
2020-09-17,São Paulo,Mombuca,28.63,1,1,28.63,44,1,2.27,1259.66,28.63,1.26,3493,85.89,0.0,343.56,28.63
2020-09-16,São Paulo,Mombuca,0.0,0,0,0.0,43,0,0.0,1231.03,0.0,1.23,3493,85.89,0.0,314.93,0.0
2020-09-15,São Paulo,Mombuca,0.0,0,-1,-28.63,43,0,0.0,1231.03,0.0,1.23,3493,85.89,0.0,314.93,0.0
2020-09-14,São Paulo,Mombuca,0.0,0,0,0.0,43,1,2.33,1231.03,28.63,1.23,3493,85.89,0.0,314.93,-28.63
2020-09-13,São Paulo,Mombuca,0.0,0,0,0.0,43,1,2.33,1231.03,28.63,1.23,3493,85.89,-28.63,343.56,0.0
2020-09-12,São Paulo,Mombuca,57.26,2,0,0.0,43,1,2.33,1231.03,28.63,1.23,3493,114.52,-28.63,343.56,57.26
2020-09-11,São Paulo,Mombuca,0.0,0,0,0.0,41,1,2.44,1173.78,28.63,1.17,3493,143.15,0.0,286.3,0.0
2020-09-10,São Paulo,Mombuca,28.63,1,0,0.0,41,1,2.44,1173.78,28.63,1.17,3493,143.15,0.0,286.3,28.63
2020-09-09,São Paulo,Mombuca,0.0,0,0,0.0,40,1,2.5,1145.15,28.63,1.15,3493,143.15,-28.63,257.67,0.0
2020-09-08,São Paulo,Mombuca,0.0,0,0,0.0,40,1,2.5,1145.15,28.63,1.15,3493,171.78,0.0,257.67,0.0
2020-09-06,São Paulo,Mombuca,0.0,0,0,0.0,40,1,2.5,1145.15,28.63,1.15,3493,171.78,0.0,257.67,-28.63
2020-09-05,São Paulo,Mombuca,28.63,1,1,28.63,40,1,2.5,1145.15,28.63,1.15,3493,171.78,0.0,286.3,-57.26
2020-09-04,São Paulo,Mombuca,85.89,3,0,0.0,39,0,0.0,1116.52,0.0,1.12,3493,171.78,85.89,343.56,85.89
2020-09-03,São Paulo,Mombuca,0.0,0,0,0.0,36,0,0.0,1030.63,0.0,1.03,3493,85.89,0.0,257.67,0.0
2020-09-02,São Paulo,Mombuca,28.63,1,0,0.0,36,0,0.0,1030.63,0.0,1.03,3493,85.89,28.63,257.67,28.63
2020-09-01,São Paulo,Mombuca,28.63,1,0,0.0,35,0,0.0,1002.0,0.0,1.0,3493,57.26,28.63,229.04,28.63
2020-08-31,São Paulo,Mombuca,0.0,0,0,0.0,34,0,0.0,973.38,0.0,0.97,3493,28.63,0.0,200.41,0.0
2020-08-30,São Paulo,Mombuca,0.0,0,0,0.0,34,0,0.0,973.38,0.0,0.97,3493,28.63,-28.63,200.41,-57.26
2020-08-28,São Paulo,Mombuca,28.63,1,0,0.0,34,0,0.0,973.38,0.0,0.97,3493,57.26,28.63,257.67,28.63
2020-08-27,São Paulo,Mombuca,0.0,0,0,0.0,33,0,0.0,944.75,0.0,0.94,3493,28.63,0.0,229.04,0.0
2020-08-26,São Paulo,Mombuca,0.0,0,0,0.0,33,0,0.0,944.75,0.0,0.94,3493,28.63,0.0,229.04,0.0
2020-08-25,São Paulo,Mombuca,0.0,0,0,0.0,33,0,0.0,944.75,0.0,0.94,3493,28.63,0.0,229.04,-28.63
2020-08-24,São Paulo,Mombuca,0.0,0,0,0.0,33,0,0.0,944.75,0.0,0.94,3493,28.63,0.0,257.67,0.0
2020-08-23,São Paulo,Mombuca,0.0,0,0,0.0,33,0,0.0,944.75,0.0,0.94,3493,28.63,0.0,257.67,0.0
2020-08-22,São Paulo,Mombuca,28.63,1,0,0.0,33,0,0.0,944.75,0.0,0.94,3493,28.63,0.0,257.67,0.0
2020-08-21,São Paulo,Mombuca,0.0,0,0,0.0,32,0,0.0,916.12,0.0,0.92,3493,28.63,0.0,257.67,0.0
2020-08-20,São Paulo,Mombuca,0.0,0,0,0.0,32,0,0.0,916.12,0.0,0.92,3493,28.63,0.0,257.67,-28.63
2020-08-19,São Paulo,Mombuca,0.0,0,0,0.0,32,0,0.0,916.12,0.0,0.92,3493,28.63,0.0,286.3,-85.89
2020-08-18,São Paulo,Mombuca,0.0,0,0,0.0,32,0,0.0,916.12,0.0,0.92,3493,28.63,0.0,372.19,-85.89
2020-08-17,São Paulo,Mombuca,0.0,0,0,0.0,32,0,0.0,916.12,0.0,0.92,3493,28.63,0.0,458.08,0.0
2020-08-16,São Paulo,Mombuca,0.0,0,0,0.0,32,0,0.0,916.12,0.0,0.92,3493,28.63,0.0,458.08,-28.63
2020-08-15,São Paulo,Mombuca,28.63,1,0,0.0,32,0,0.0,916.12,0.0,0.92,3493,28.63,0.0,486.71,0.0
2020-08-14,São Paulo,Mombuca,0.0,0,0,0.0,31,0,0.0,887.49,0.0,0.89,3493,28.63,-85.89,486.71,0.0
2020-08-13,São Paulo,Mombuca,0.0,0,0,0.0,31,0,0.0,887.49,0.0,0.89,3493,114.52,0.0,486.71,-114.51
2020-08-12,São Paulo,Mombuca,0.0,0,0,0.0,31,0,0.0,887.49,0.0,0.89,3493,114.52,0.0,601.22,0.0
2020-08-11,São Paulo,Mombuca,0.0,0,0,0.0,31,0,0.0,887.49,0.0,0.89,3493,114.52,0.0,601.22,-28.63
2020-08-10,São Paulo,Mombuca,0.0,0,0,0.0,31,0,0.0,887.49,0.0,0.89,3493,114.52,0.0,629.85,0.0
2020-08-09,São Paulo,Mombuca,0.0,0,0,0.0,31,0,0.0,887.49,0.0,0.89,3493,114.52,0.0,629.85,0.0
2020-08-08,São Paulo,Mombuca,28.63,1,0,0.0,31,0,0.0,887.49,0.0,0.89,3493,114.52,-28.63,629.85,28.63
2020-08-07,São Paulo,Mombuca,85.89,3,0,0.0,30,0,0.0,858.86,0.0,0.86,3493,143.15,85.89,601.22,85.89
2020-08-06,São Paulo,Mombuca,0.0,0,0,0.0,27,0,0.0,772.97,0.0,0.77,3493,57.26,0.0,515.33,-28.63
2020-08-05,São Paulo,Mombuca,0.0,0,0,0.0,27,0,0.0,772.97,0.0,0.77,3493,57.26,0.0,543.96,0.0
2020-08-04,São Paulo,Mombuca,0.0,0,0,0.0,27,0,0.0,772.97,0.0,0.77,3493,57.26,-28.63,543.96,-85.89
2020-08-03,São Paulo,Mombuca,0.0,0,0,0.0,27,0,0.0,772.97,0.0,0.77,3493,85.89,0.0,629.85,0.0
2020-08-02,São Paulo,Mombuca,0.0,0,0,0.0,27,0,0.0,772.97,0.0,0.77,3493,85.89,0.0,629.85,0.0
2020-08-01,São Paulo,Mombuca,57.26,2,0,0.0,27,0,0.0,772.97,0.0,0.77,3493,85.89,28.63,629.85,28.63
2020-07-31,São Paulo,Mombuca,0.0,0,0,0.0,25,0,0.0,715.72,0.0,0.72,3493,57.26,0.0,601.22,0.0
2020-07-30,São Paulo,Mombuca,0.0,0,0,0.0,25,0,0.0,715.72,0.0,0.72,3493,57.26,-28.63,601.22,28.63
2020-07-29,São Paulo,Mombuca,0.0,0,0,0.0,25,0,0.0,715.72,0.0,0.72,3493,85.89,-85.89,572.59,-28.63
2020-07-28,São Paulo,Mombuca,28.63,1,0,0.0,25,0,0.0,715.72,0.0,0.72,3493,171.78,-57.26,601.22,0.0
2020-07-27,São Paulo,Mombuca,0.0,0,0,0.0,24,0,0.0,687.09,0.0,0.69,3493,229.04,0.0,601.22,0.0
2020-07-26,São Paulo,Mombuca,0.0,0,0,0.0,24,0,0.0,687.09,0.0,0.69,3493,229.04,-28.63,601.22,0.0
2020-07-25,São Paulo,Mombuca,28.63,1,0,0.0,24,0,0.0,687.09,0.0,0.69,3493,257.67,0.0,601.22,28.63
2020-07-24,São Paulo,Mombuca,0.0,0,0,0.0,23,0,0.0,658.46,0.0,0.66,3493,257.67,0.0,572.59,0.0
2020-07-23,São Paulo,Mombuca,28.63,1,0,0.0,23,0,0.0,658.46,0.0,0.66,3493,257.67,-85.88,572.59,0.0
2020-07-22,São Paulo,Mombuca,85.89,3,0,0.0,22,0,0.0,629.83,0.0,0.63,3493,343.55,85.89,572.59,57.26
2020-07-21,São Paulo,Mombuca,85.89,3,0,0.0,19,0,0.0,543.95,0.0,0.54,3493,257.66,57.26,515.33,85.89
2020-07-20,São Paulo,Mombuca,0.0,0,0,0.0,16,0,0.0,458.06,0.0,0.46,3493,200.4,0.0,429.44,0.0
2020-07-19,São Paulo,Mombuca,28.63,1,0,0.0,16,0,0.0,458.06,0.0,0.46,3493,200.4,28.63,429.44,28.63
2020-07-18,São Paulo,Mombuca,28.63,1,0,0.0,15,0,0.0,429.43,0.0,0.43,3493,171.77,28.63,400.81,28.63
2020-07-17,São Paulo,Mombuca,0.0,0,0,0.0,14,0,0.0,400.8,0.0,0.4,3493,143.14,0.0,372.18,0.0
2020-07-16,São Paulo,Mombuca,114.51,4,0,0.0,14,0,0.0,400.8,0.0,0.4,3493,143.14,85.88,372.18,114.51
2020-07-15,São Paulo,Mombuca,0.0,0,0,0.0,10,0,0.0,286.29,0.0,0.29,3493,57.26,0.0,257.67,0.0
2020-07-14,São Paulo,Mombuca,28.63,1,0,0.0,10,0,0.0,286.29,0.0,0.29,3493,57.26,-57.26,257.67,28.63
2020-07-13,São Paulo,Mombuca,0.0,0,0,0.0,9,0,0.0,257.66,0.0,0.26,3493,114.52,0.0,229.04,0.0
2020-07-12,São Paulo,Mombuca,0.0,0,0,0.0,9,0,0.0,257.66,0.0,0.26,3493,114.52,0.0,229.04,0.0
2020-07-11,São Paulo,Mombuca,0.0,0,0,0.0,9,0,0.0,257.66,0.0,0.26,3493,114.52,-28.63,229.04,0.0
2020-07-10,São Paulo,Mombuca,0.0,0,0,0.0,9,0,0.0,257.66,0.0,0.26,3493,143.15,0.0,229.04,0.0
2020-07-09,São Paulo,Mombuca,28.63,1,0,0.0,9,0,0.0,257.66,0.0,0.26,3493,143.15,57.26,229.04,28.63
2020-07-08,São Paulo,Mombuca,0.0,0,0,0.0,8,0,0.0,229.03,0.0,0.23,3493,85.89,-28.63,200.41,0.0
2020-07-07,São Paulo,Mombuca,85.89,3,0,0.0,8,0,0.0,229.03,0.0,0.23,3493,114.52,57.26,200.41,85.89
2020-07-06,São Paulo,Mombuca,0.0,0,0,0.0,5,0,0.0,143.14,0.0,0.14,3493,57.26,0.0,114.52,0.0
2020-07-05,São Paulo,Mombuca,0.0,0,0,0.0,5,0,0.0,143.14,0.0,0.14,3493,57.26,0.0,114.52,0.0
2020-07-04,São Paulo,Mombuca,28.63,1,0,0.0,5,0,0.0,143.14,0.0,0.14,3493,57.26,28.63,114.52,28.63
2020-07-03,São Paulo,Mombuca,0.0,0,0,0.0,4,0,0.0,114.51,0.0,0.11,3493,28.63,0.0,85.89,0.0
2020-07-02,São Paulo,Mombuca,-28.63,-1,0,0.0,4,0,0.0,114.51,0.0,0.11,3493,28.63,-57.26,85.89,-28.63
2020-07-01,São Paulo,Mombuca,28.63,1,0,0.0,5,0,0.0,143.14,0.0,0.14,3493,85.89,0.0,114.52,28.63
2020-06-30,São Paulo,Mombuca,28.63,1,0,0.0,4,0,0.0,114.51,0.0,0.11,3493,85.89,28.63,85.89,28.63
2020-06-29,São Paulo,Mombuca,0.0,0,0,0.0,3,0,0.0,85.89,0.0,0.09,3493,57.26,0.0,57.26,0.0
2020-06-28,São Paulo,Mombuca,0.0,0,0,0.0,3,0,0.0,85.89,0.0,0.09,3493,57.26,0.0,57.26,0.0
2020-06-27,São Paulo,Mombuca,0.0,0,0,0.0,3,0,0.0,85.89,0.0,0.09,3493,57.26,0.0,57.26,0.0
2020-06-26,São Paulo,Mombuca,0.0,0,0,0.0,3,0,0.0,85.89,0.0,0.09,3493,57.26,0.0,57.26,0.0
2020-06-25,São Paulo,Mombuca,28.63,1,0,0.0,3,0,0.0,85.89,0.0,0.09,3493,57.26,28.63,57.26,28.63
2020-06-24,São Paulo,Mombuca,28.63,1,0,0.0,2,0,0.0,57.26,0.0,0.06,3493,28.63,28.63,28.63,28.63
2020-06-23,São Paulo,Mombuca,0.0,0,0,0.0,1,0,0.0,28.63,0.0,0.03,3493,0.0,0.0,0.0,0.0
2020-06-22,São Paulo,Mombuca,0.0,0,0,0.0,1,0,0.0,28.63,0.0,0.03,3493,0.0,0.0,0.0,0.0
2020-06-21,São Paulo,Mombuca,0.0,0,0,0.0,1,0,0.0,28.63,0.0,0.03,3493,0.0,0.0,0.0,0.0
2020-06-20,São Paulo,Mombuca,0.0,0,0,0.0,1,0,0.0,28.63,0.0,0.03,3493,0.0,0.0,0.0,0.0
2020-06-19,São Paulo,Mombuca,0.0,0,0,0.0,1,0,0.0,28.63,0.0,0.03,3493,0.0,0.0,0.0,0.0
