date,state,city,1day_cases_100k,new_cases,new_deaths,new_deaths_100k,total_cases,total_deaths,cfr%,total_cases_100k,total_deaths_100k,%infected,population,7day_cases_100k,7day_cases_change,28day_cases_100k,28day_cases_change
2020-09-24,São Paulo,Pardinho,46.62,3,0,0.0,156,1,0.64,2424.24,15.54,2.42,6435,77.7,-31.08,590.52,-46.62
2020-09-23,São Paulo,Pardinho,15.54,1,0,0.0,153,1,0.65,2377.62,15.54,2.38,6435,108.78,0.0,637.14,15.54
2020-09-22,São Paulo,Pardinho,0.0,0,0,0.0,152,1,0.66,2362.08,15.54,2.36,6435,108.78,-62.16,621.6,0.0
2020-09-21,São Paulo,Pardinho,0.0,0,0,0.0,152,1,0.66,2362.08,15.54,2.36,6435,170.94,0.0,621.6,-15.54
2020-09-20,São Paulo,Pardinho,0.0,0,0,0.0,152,1,0.66,2362.08,15.54,2.36,6435,170.94,0.0,637.14,-15.54
2020-09-19,São Paulo,Pardinho,15.54,1,0,0.0,152,1,0.66,2362.08,15.54,2.36,6435,170.94,-31.08,652.68,-93.24
2020-09-18,São Paulo,Pardinho,0.0,0,0,0.0,151,1,0.66,2346.54,15.54,2.35,6435,202.02,15.54,745.92,-15.54
2020-09-17,São Paulo,Pardinho,77.7,5,0,0.0,151,1,0.66,2346.54,15.54,2.35,6435,186.48,-15.54,761.46,62.16
2020-09-16,São Paulo,Pardinho,15.54,1,0,0.0,146,1,0.68,2268.84,15.54,2.27,6435,202.02,0.0,699.3,15.54
2020-09-15,São Paulo,Pardinho,62.16,4,0,0.0,145,1,0.69,2253.3,15.54,2.25,6435,202.02,62.16,683.76,62.16
2020-09-14,São Paulo,Pardinho,0.0,0,0,0.0,141,1,0.71,2191.14,15.54,2.19,6435,139.86,0.0,621.6,-62.16
2020-09-13,São Paulo,Pardinho,0.0,0,0,0.0,141,1,0.71,2191.14,15.54,2.19,6435,139.86,-31.08,683.76,-155.4
2020-09-12,São Paulo,Pardinho,46.62,3,0,0.0,141,1,0.71,2191.14,15.54,2.19,6435,170.94,46.62,839.16,-15.54
2020-09-11,São Paulo,Pardinho,-15.54,-1,0,0.0,138,1,0.72,2144.52,15.54,2.14,6435,124.32,-15.54,854.7,-31.08
2020-09-10,São Paulo,Pardinho,93.24,6,0,0.0,139,1,0.72,2160.06,15.54,2.16,6435,139.86,62.16,885.78,31.08
2020-09-09,São Paulo,Pardinho,15.54,1,0,0.0,133,1,0.75,2066.82,15.54,2.07,6435,77.7,-31.08,854.7,15.54
2020-09-08,São Paulo,Pardinho,0.0,0,0,0.0,132,1,0.76,2051.28,15.54,2.05,6435,108.78,0.0,839.16,0.0
2020-09-06,São Paulo,Pardinho,0.0,0,0,0.0,132,1,0.76,2051.28,15.54,2.05,6435,108.78,-31.08,839.16,0.0
2020-09-05,São Paulo,Pardinho,31.08,2,0,0.0,132,1,0.76,2051.28,15.54,2.05,6435,139.86,-31.08,839.16,15.54
2020-09-04,São Paulo,Pardinho,0.0,0,0,0.0,130,1,0.77,2020.2,15.54,2.02,6435,170.94,0.0,823.62,0.0
2020-09-03,São Paulo,Pardinho,0.0,0,0,0.0,130,1,0.77,2020.2,15.54,2.02,6435,170.94,-15.54,823.62,-46.62
2020-09-02,São Paulo,Pardinho,31.08,2,0,0.0,130,1,0.77,2020.2,15.54,2.02,6435,186.48,-62.16,870.24,-15.54
2020-09-01,São Paulo,Pardinho,46.62,3,0,0.0,128,1,0.78,1989.12,15.54,1.99,6435,248.64,46.62,885.78,46.62
2020-08-31,São Paulo,Pardinho,0.0,0,0,0.0,125,1,0.8,1942.5,15.54,1.94,6435,202.02,0.0,839.16,0.0
2020-08-30,São Paulo,Pardinho,31.08,2,0,0.0,125,1,0.8,1942.5,15.54,1.94,6435,202.02,15.54,839.16,15.54
2020-08-28,São Paulo,Pardinho,62.16,4,0,0.0,123,1,0.81,1911.42,15.54,1.91,6435,186.48,46.62,823.62,46.62
2020-08-27,São Paulo,Pardinho,0.0,0,0,0.0,119,1,0.84,1849.26,15.54,1.85,6435,139.86,-108.78,777.0,-15.54
2020-08-26,São Paulo,Pardinho,15.54,1,0,0.0,119,1,0.84,1849.26,15.54,1.85,6435,248.64,0.0,792.54,15.54
2020-08-25,São Paulo,Pardinho,93.24,6,0,0.0,118,1,0.85,1833.72,15.54,1.83,6435,248.64,77.7,777.0,46.62
2020-08-24,São Paulo,Pardinho,0.0,0,0,0.0,112,1,0.89,1740.48,15.54,1.74,6435,170.94,0.0,730.38,0.0
2020-08-23,São Paulo,Pardinho,0.0,0,0,0.0,112,1,0.89,1740.48,15.54,1.74,6435,170.94,0.0,730.38,0.0
2020-08-22,São Paulo,Pardinho,15.54,1,0,0.0,112,1,0.89,1740.48,15.54,1.74,6435,170.94,-46.62,730.38,0.0
2020-08-21,São Paulo,Pardinho,15.54,1,0,0.0,111,1,0.9,1724.94,15.54,1.72,6435,217.56,-139.86,730.38,-31.08
2020-08-20,São Paulo,Pardinho,108.78,7,0,0.0,110,1,0.91,1709.4,15.54,1.71,6435,357.42,46.62,761.46,93.24
2020-08-19,São Paulo,Pardinho,15.54,1,0,0.0,103,1,0.97,1600.62,15.54,1.6,6435,310.8,0.0,668.22,-93.24
2020-08-18,São Paulo,Pardinho,15.54,1,0,0.0,102,1,0.98,1585.08,15.54,1.59,6435,310.8,-46.62,761.46,0.0
2020-08-17,São Paulo,Pardinho,0.0,0,0,0.0,101,1,0.99,1569.54,15.54,1.57,6435,357.42,0.0,761.46,0.0
2020-08-16,São Paulo,Pardinho,0.0,0,0,0.0,101,1,0.99,1569.54,15.54,1.57,6435,357.42,0.0,761.46,0.0
2020-08-15,São Paulo,Pardinho,62.16,4,0,0.0,101,1,0.99,1569.54,15.54,1.57,6435,357.42,62.16,761.46,46.62
2020-08-14,São Paulo,Pardinho,155.4,10,0,0.0,97,1,1.03,1507.38,15.54,1.51,6435,295.26,139.86,714.84,124.32
2020-08-13,São Paulo,Pardinho,62.16,4,0,0.0,87,1,1.15,1351.98,15.54,1.35,6435,155.4,62.16,590.52,62.16
2020-08-12,São Paulo,Pardinho,15.54,1,0,0.0,83,1,1.2,1289.82,15.54,1.29,6435,93.24,-31.08,528.36,15.54
2020-08-11,São Paulo,Pardinho,62.16,4,0,0.0,82,1,1.22,1274.28,15.54,1.27,6435,124.32,15.54,512.82,15.54
2020-08-10,São Paulo,Pardinho,0.0,0,0,0.0,78,1,1.28,1212.12,15.54,1.21,6435,108.78,0.0,497.28,0.0
2020-08-09,São Paulo,Pardinho,0.0,0,0,0.0,78,1,1.28,1212.12,15.54,1.21,6435,108.78,0.0,497.28,0.0
2020-08-08,São Paulo,Pardinho,0.0,0,0,0.0,78,1,1.28,1212.12,15.54,1.21,6435,108.78,-15.54,497.28,-46.62
2020-08-07,São Paulo,Pardinho,15.54,1,0,0.0,78,1,1.28,1212.12,15.54,1.21,6435,124.32,0.0,543.9,15.54
2020-08-06,São Paulo,Pardinho,0.0,0,0,0.0,77,1,1.3,1196.58,15.54,1.2,6435,124.32,-15.54,528.36,0.0
2020-08-05,São Paulo,Pardinho,46.62,3,0,0.0,77,1,1.3,1196.58,15.54,1.2,6435,139.86,46.62,528.36,46.62
2020-08-04,São Paulo,Pardinho,46.62,3,0,0.0,74,1,1.35,1149.96,15.54,1.15,6435,93.24,0.0,481.74,31.08
2020-08-03,São Paulo,Pardinho,0.0,0,0,0.0,71,1,1.41,1103.34,15.54,1.1,6435,93.24,0.0,450.66,0.0
2020-08-02,São Paulo,Pardinho,0.0,0,0,0.0,71,1,1.41,1103.34,15.54,1.1,6435,93.24,0.0,450.66,0.0
2020-08-01,São Paulo,Pardinho,15.54,1,0,0.0,71,1,1.41,1103.34,15.54,1.1,6435,93.24,0.0,450.66,15.54
2020-07-31,São Paulo,Pardinho,15.54,1,0,0.0,70,1,1.43,1087.8,15.54,1.09,6435,93.24,-31.08,435.12,15.54
2020-07-30,São Paulo,Pardinho,15.54,1,0,0.0,69,1,1.45,1072.26,15.54,1.07,6435,124.32,0.0,419.58,15.54
2020-07-29,São Paulo,Pardinho,0.0,0,0,0.0,68,1,1.47,1056.72,15.54,1.06,6435,124.32,-108.78,404.04,-15.54
2020-07-28,São Paulo,Pardinho,46.62,3,0,0.0,68,1,1.47,1056.72,15.54,1.06,6435,233.1,31.08,419.58,46.62
2020-07-27,São Paulo,Pardinho,0.0,0,0,0.0,65,1,1.54,1010.1,15.54,1.01,6435,202.02,0.0,372.96,0.0
2020-07-26,São Paulo,Pardinho,0.0,0,0,0.0,65,1,1.54,1010.1,15.54,1.01,6435,202.02,0.0,372.96,0.0
2020-07-25,São Paulo,Pardinho,15.54,1,0,0.0,65,1,1.54,1010.1,15.54,1.01,6435,202.02,0.0,372.96,15.54
2020-07-24,São Paulo,Pardinho,46.62,3,0,0.0,64,1,1.56,994.56,15.54,0.99,6435,202.02,15.54,357.42,-31.08
2020-07-23,São Paulo,Pardinho,15.54,1,0,0.0,61,1,1.64,947.94,15.54,0.95,6435,186.48,15.54,388.5,15.54
2020-07-22,São Paulo,Pardinho,108.78,7,0,0.0,60,1,1.67,932.4,15.54,0.93,6435,170.94,108.78,372.96,93.24
2020-07-21,São Paulo,Pardinho,15.54,1,0,0.0,53,1,1.89,823.62,15.54,0.82,6435,62.16,-31.08,279.72,15.54
2020-07-20,São Paulo,Pardinho,0.0,0,0,0.0,52,1,1.92,808.08,15.54,0.81,6435,93.24,0.0,264.18,0.0
2020-07-19,São Paulo,Pardinho,0.0,0,0,0.0,52,1,1.92,808.08,15.54,0.81,6435,93.24,0.0,264.18,0.0
2020-07-18,São Paulo,Pardinho,15.54,1,0,0.0,52,1,1.92,808.08,15.54,0.81,6435,93.24,-31.08,264.18,31.08
2020-07-17,São Paulo,Pardinho,31.08,2,0,0.0,51,1,1.96,792.54,15.54,0.79,6435,124.32,31.08,233.1,-31.08
2020-07-16,São Paulo,Pardinho,0.0,0,0,0.0,49,1,2.04,761.46,15.54,0.76,6435,93.24,0.0,264.18,0.0
2020-07-15,São Paulo,Pardinho,0.0,0,0,0.0,49,1,2.04,761.46,15.54,0.76,6435,93.24,0.0,264.18,0.0
2020-07-14,São Paulo,Pardinho,46.62,3,0,0.0,49,1,2.04,761.46,15.54,0.76,6435,93.24,31.08,264.18,-15.54
2020-07-13,São Paulo,Pardinho,0.0,0,0,0.0,46,1,2.17,714.84,15.54,0.71,6435,62.16,0.0,279.72,0.0
2020-07-12,São Paulo,Pardinho,0.0,0,0,0.0,46,1,2.17,714.84,15.54,0.71,6435,62.16,0.0,279.72,0.0
2020-07-11,São Paulo,Pardinho,46.62,3,0,0.0,46,1,2.17,714.84,15.54,0.71,6435,62.16,46.62,279.72,46.62
2020-07-10,São Paulo,Pardinho,0.0,0,0,0.0,43,1,2.33,668.22,15.54,0.67,6435,15.54,0.0,233.1,0.0
2020-07-09,São Paulo,Pardinho,0.0,0,0,0.0,43,1,2.33,668.22,15.54,0.67,6435,15.54,0.0,233.1,-62.16
2020-07-08,São Paulo,Pardinho,0.0,0,0,0.0,43,1,2.33,668.22,15.54,0.67,6435,15.54,-15.54,295.26,-15.54
2020-07-07,São Paulo,Pardinho,15.54,1,0,0.0,43,1,2.33,668.22,15.54,0.67,6435,31.08,15.54,310.8,15.54
2020-07-06,São Paulo,Pardinho,0.0,0,0,0.0,42,1,2.38,652.68,15.54,0.65,6435,15.54,0.0,295.26,0.0
2020-07-05,São Paulo,Pardinho,0.0,0,0,0.0,42,1,2.38,652.68,15.54,0.65,6435,15.54,0.0,295.26,0.0
2020-07-04,São Paulo,Pardinho,0.0,0,0,0.0,42,1,2.38,652.68,15.54,0.65,6435,15.54,0.0,295.26,-31.08
2020-07-03,São Paulo,Pardinho,0.0,0,0,0.0,42,1,2.38,652.68,15.54,0.65,6435,15.54,-77.7,326.34,0.0
2020-07-02,São Paulo,Pardinho,0.0,0,0,0.0,42,1,2.38,652.68,15.54,0.65,6435,93.24,0.0,326.34,-31.08
2020-07-01,São Paulo,Pardinho,15.54,1,0,0.0,42,1,2.38,652.68,15.54,0.65,6435,93.24,0.0,357.42,-31.08
2020-06-30,São Paulo,Pardinho,0.0,0,0,0.0,41,1,2.44,637.14,15.54,0.64,6435,93.24,0.0,388.5,-62.16
2020-06-29,São Paulo,Pardinho,0.0,0,0,0.0,41,1,2.44,637.14,15.54,0.64,6435,93.24,0.0,450.66,0.0
2020-06-28,São Paulo,Pardinho,0.0,0,0,0.0,41,1,2.44,637.14,15.54,0.64,6435,93.24,0.0,450.66,0.0
2020-06-27,São Paulo,Pardinho,0.0,0,0,0.0,41,1,2.44,637.14,15.54,0.64,6435,93.24,15.54,450.66,-46.62
2020-06-26,São Paulo,Pardinho,77.7,5,0,0.0,41,1,2.44,637.14,15.54,0.64,6435,77.7,15.54,497.28,31.08
2020-06-25,São Paulo,Pardinho,0.0,0,0,0.0,36,1,2.78,559.44,15.54,0.56,6435,62.16,0.0,466.2,-15.54
2020-06-24,São Paulo,Pardinho,15.54,1,0,0.0,36,1,2.78,559.44,15.54,0.56,6435,62.16,15.54,481.74,-31.08
2020-06-23,São Paulo,Pardinho,0.0,0,0,0.0,35,1,2.86,543.9,15.54,0.54,6435,46.62,-62.16,512.82,0.0
2020-06-22,São Paulo,Pardinho,0.0,0,0,0.0,35,1,2.86,543.9,15.54,0.54,6435,108.78,0.0,512.82,0.0
2020-06-21,São Paulo,Pardinho,0.0,0,0,0.0,35,1,2.86,543.9,15.54,0.54,6435,108.78,0.0,512.82,0.0
2020-06-20,São Paulo,Pardinho,-15.54,-1,0,0.0,35,1,2.86,543.9,15.54,0.54,6435,108.78,-15.54,512.82,-15.54
2020-06-19,São Paulo,Pardinho,62.16,4,0,0.0,36,1,2.78,559.44,15.54,0.56,6435,124.32,62.16,528.36,62.16
2020-06-18,São Paulo,Pardinho,0.0,0,0,0.0,32,1,3.12,497.28,15.54,0.5,6435,62.16,-62.16,466.2,0.0
2020-06-17,São Paulo,Pardinho,0.0,0,0,0.0,32,1,3.12,497.28,15.54,0.5,6435,124.32,-15.54,466.2,0.0
2020-06-16,São Paulo,Pardinho,62.16,4,0,0.0,32,1,3.12,497.28,15.54,0.5,6435,139.86,62.16,466.2,62.16
2020-06-15,São Paulo,Pardinho,0.0,0,0,0.0,28,1,3.57,435.12,15.54,0.44,6435,77.7,0.0,404.04,0.0
2020-06-14,São Paulo,Pardinho,0.0,0,0,0.0,28,1,3.57,435.12,15.54,0.44,6435,77.7,0.0,404.04,0.0
2020-06-13,São Paulo,Pardinho,0.0,0,0,0.0,28,1,3.57,435.12,15.54,0.44,6435,77.7,-31.08,404.04,0.0
2020-06-12,São Paulo,Pardinho,0.0,0,0,0.0,28,1,3.57,435.12,15.54,0.44,6435,108.78,0.0,404.04,0.0
2020-06-11,São Paulo,Pardinho,62.16,4,1,15.54,28,1,3.57,435.12,15.54,0.44,6435,108.78,31.08,404.04,62.16
2020-06-10,São Paulo,Pardinho,15.54,1,0,0.0,24,0,0.0,372.96,0.0,0.37,6435,77.7,-31.08,341.88,15.54
2020-06-09,São Paulo,Pardinho,0.0,0,0,0.0,23,0,0.0,357.42,0.0,0.36,6435,108.78,-62.16,326.34,0.0
2020-06-08,São Paulo,Pardinho,0.0,0,0,0.0,23,0,0.0,357.42,0.0,0.36,6435,170.94,0.0,326.34,0.0
2020-06-07,São Paulo,Pardinho,0.0,0,0,0.0,23,0,0.0,357.42,0.0,0.36,6435,170.94,0.0,326.34,0.0
2020-06-06,São Paulo,Pardinho,31.08,2,0,0.0,23,0,0.0,357.42,0.0,0.36,6435,170.94,-15.54,326.34,31.08
2020-06-05,São Paulo,Pardinho,0.0,0,0,0.0,21,0,0.0,326.34,0.0,0.33,6435,186.48,-46.62,295.26,0.0
2020-06-04,São Paulo,Pardinho,31.08,2,0,0.0,21,0,0.0,326.34,0.0,0.33,6435,233.1,15.54,295.26,31.08
2020-06-03,São Paulo,Pardinho,46.62,3,0,0.0,19,0,0.0,295.26,0.0,0.3,6435,217.56,0.0,264.18,46.62
2020-06-02,São Paulo,Pardinho,62.16,4,0,0.0,16,0,0.0,248.64,0.0,0.25,6435,217.56,62.16,217.56,62.16
2020-06-01,São Paulo,Pardinho,0.0,0,0,0.0,12,0,0.0,186.48,0.0,0.19,6435,155.4,0.0,155.4,0.0
2020-05-31,São Paulo,Pardinho,0.0,0,0,0.0,12,0,0.0,186.48,0.0,0.19,6435,155.4,0.0,155.4,0.0
2020-05-30,São Paulo,Pardinho,46.62,3,0,0.0,12,0,0.0,186.48,0.0,0.19,6435,155.4,46.62,155.4,46.62
2020-05-29,São Paulo,Pardinho,46.62,3,0,0.0,9,0,0.0,139.86,0.0,0.14,6435,108.78,46.62,108.78,46.62
2020-05-28,São Paulo,Pardinho,15.54,1,0,0.0,6,0,0.0,93.24,0.0,0.09,6435,62.16,15.54,62.16,15.54
2020-05-27,São Paulo,Pardinho,46.62,3,0,0.0,5,0,0.0,77.7,0.0,0.08,6435,46.62,46.62,46.62,46.62
2020-05-26,São Paulo,Pardinho,0.0,0,0,0.0,2,0,0.0,31.08,0.0,0.03,6435,0.0,0.0,0.0,0.0
2020-05-25,São Paulo,Pardinho,0.0,0,0,0.0,2,0,0.0,31.08,0.0,0.03,6435,0.0,0.0,0.0,0.0
2020-05-24,São Paulo,Pardinho,0.0,0,0,0.0,2,0,0.0,31.08,0.0,0.03,6435,0.0,0.0,0.0,0.0
2020-05-23,São Paulo,Pardinho,0.0,0,0,0.0,2,0,0.0,31.08,0.0,0.03,6435,0.0,0.0,0.0,0.0
2020-05-22,São Paulo,Pardinho,0.0,0,0,0.0,2,0,0.0,31.08,0.0,0.03,6435,0.0,0.0,0.0,0.0
2020-05-21,São Paulo,Pardinho,0.0,0,0,0.0,2,0,0.0,31.08,0.0,0.03,6435,0.0,0.0,0.0,0.0
2020-05-20,São Paulo,Pardinho,0.0,0,0,0.0,2,0,0.0,31.08,0.0,0.03,6435,0.0,0.0,0.0,0.0
