date,state,city,1day_cases_100k,new_cases,new_deaths,new_deaths_100k,total_cases,total_deaths,cfr%,total_cases_100k,total_deaths_100k,%infected,population,7day_cases_100k,7day_cases_change,28day_cases_100k,28day_cases_change
2020-09-04,São Paulo,Paulicéia,0.0,0,0,0.0,33,1,3.03,448.0,13.58,0.45,7366,108.61,0.0,217.22,-13.58
2020-09-03,São Paulo,Paulicéia,0.0,0,0,0.0,33,1,3.03,448.0,13.58,0.45,7366,108.61,-13.58,230.8,0.0
2020-09-02,São Paulo,Paulicéia,0.0,0,0,0.0,33,1,3.03,448.0,13.58,0.45,7366,122.19,0.0,230.8,0.0
2020-09-01,São Paulo,Paulicéia,0.0,0,0,0.0,33,1,3.03,448.0,13.58,0.45,7366,122.19,0.0,230.8,0.0
2020-08-31,São Paulo,Paulicéia,0.0,0,0,0.0,33,1,3.03,448.0,13.58,0.45,7366,122.19,-13.58,230.8,0.0
2020-08-30,São Paulo,Paulicéia,95.03,7,0,0.0,33,1,3.03,448.0,13.58,0.45,7366,135.77,95.03,230.8,67.88
2020-08-28,São Paulo,Paulicéia,13.58,1,0,0.0,26,1,3.85,352.97,13.58,0.35,7366,40.74,13.58,162.92,13.58
2020-08-27,São Paulo,Paulicéia,0.0,0,0,0.0,25,1,4.0,339.4,13.58,0.34,7366,27.16,0.0,149.34,-13.58
2020-08-26,São Paulo,Paulicéia,13.58,1,0,0.0,25,1,4.0,339.4,13.58,0.34,7366,27.16,13.58,162.92,0.0
2020-08-25,São Paulo,Paulicéia,0.0,0,0,0.0,24,1,4.17,325.82,13.58,0.33,7366,13.58,0.0,162.92,0.0
2020-08-24,São Paulo,Paulicéia,0.0,0,0,0.0,24,1,4.17,325.82,13.58,0.33,7366,13.58,0.0,162.92,0.0
2020-08-23,São Paulo,Paulicéia,13.58,1,0,0.0,24,1,4.17,325.82,13.58,0.33,7366,13.58,13.58,162.92,-13.57
2020-08-22,São Paulo,Paulicéia,0.0,0,0,0.0,23,1,4.35,312.25,13.58,0.31,7366,0.0,0.0,176.49,0.0
2020-08-21,São Paulo,Paulicéia,0.0,0,0,0.0,23,1,4.35,312.25,13.58,0.31,7366,0.0,0.0,176.49,-13.58
2020-08-20,São Paulo,Paulicéia,0.0,0,0,0.0,23,1,4.35,312.25,13.58,0.31,7366,0.0,0.0,190.07,0.0
2020-08-19,São Paulo,Paulicéia,0.0,0,0,0.0,23,1,4.35,312.25,13.58,0.31,7366,0.0,0.0,190.07,0.0
2020-08-18,São Paulo,Paulicéia,0.0,0,0,0.0,23,1,4.35,312.25,13.58,0.31,7366,0.0,-54.3,190.07,0.0
2020-08-17,São Paulo,Paulicéia,0.0,0,0,0.0,23,1,4.35,312.25,13.58,0.31,7366,54.3,0.0,190.07,0.0
2020-08-16,São Paulo,Paulicéia,0.0,0,0,0.0,23,1,4.35,312.25,13.58,0.31,7366,54.3,-27.15,190.07,0.0
2020-08-15,São Paulo,Paulicéia,0.0,0,0,0.0,23,1,4.35,312.25,13.58,0.31,7366,81.45,0.0,190.07,0.0
2020-08-14,São Paulo,Paulicéia,0.0,0,0,0.0,23,1,4.35,312.25,13.58,0.31,7366,81.45,0.0,190.07,0.0
2020-08-13,São Paulo,Paulicéia,0.0,0,0,0.0,23,1,4.35,312.25,13.58,0.31,7366,81.45,-13.58,190.07,-13.58
2020-08-12,São Paulo,Paulicéia,0.0,0,0,0.0,23,1,4.35,312.25,13.58,0.31,7366,95.03,0.0,203.65,0.0
2020-08-11,São Paulo,Paulicéia,54.3,4,0,0.0,23,1,4.35,312.25,13.58,0.31,7366,95.03,54.3,203.65,54.3
2020-08-10,São Paulo,Paulicéia,0.0,0,0,0.0,19,1,5.26,257.94,13.58,0.26,7366,40.73,0.0,149.35,0.0
2020-08-09,São Paulo,Paulicéia,27.15,2,0,0.0,19,1,5.26,257.94,13.58,0.26,7366,40.73,27.15,149.35,13.57
2020-08-08,São Paulo,Paulicéia,0.0,0,0,0.0,17,1,5.88,230.79,13.58,0.23,7366,13.58,-27.15,135.78,0.0
2020-08-07,São Paulo,Paulicéia,0.0,0,0,0.0,17,1,5.88,230.79,13.58,0.23,7366,40.73,0.0,135.78,0.0
2020-08-06,São Paulo,Paulicéia,13.58,1,0,0.0,17,1,5.88,230.79,13.58,0.23,7366,40.73,0.0,135.78,-27.15
2020-08-05,São Paulo,Paulicéia,0.0,0,0,0.0,16,1,6.25,217.21,13.58,0.22,7366,40.73,-13.58,162.93,-27.15
2020-08-04,São Paulo,Paulicéia,0.0,0,0,0.0,16,1,6.25,217.21,13.58,0.22,7366,54.31,0.0,190.08,13.58
2020-08-03,São Paulo,Paulicéia,0.0,0,0,0.0,16,1,6.25,217.21,13.58,0.22,7366,54.31,0.0,176.5,0.0
2020-08-02,São Paulo,Paulicéia,0.0,0,0,0.0,16,1,6.25,217.21,13.58,0.22,7366,54.31,-27.15,176.5,0.0
2020-08-01,São Paulo,Paulicéia,27.15,2,0,0.0,16,1,6.25,217.21,13.58,0.22,7366,81.46,27.15,176.5,27.15
2020-07-31,São Paulo,Paulicéia,0.0,0,0,0.0,14,1,7.14,190.06,13.58,0.19,7366,54.31,-13.58,149.35,-13.58
2020-07-30,São Paulo,Paulicéia,13.58,1,0,0.0,14,1,7.14,190.06,13.58,0.19,7366,67.89,13.58,162.93,13.58
2020-07-29,São Paulo,Paulicéia,13.58,1,0,0.0,13,1,7.69,176.49,13.58,0.18,7366,54.31,13.58,149.35,13.58
2020-07-28,São Paulo,Paulicéia,0.0,0,0,0.0,12,1,8.33,162.91,13.58,0.16,7366,40.73,0.0,135.77,0.0
2020-07-27,São Paulo,Paulicéia,0.0,0,0,0.0,12,1,8.33,162.91,13.58,0.16,7366,40.73,0.0,135.77,0.0
2020-07-26,São Paulo,Paulicéia,27.15,2,0,0.0,12,1,8.33,162.91,13.58,0.16,7366,40.73,27.15,135.77,27.15
2020-07-25,São Paulo,Paulicéia,0.0,0,0,0.0,10,1,10.0,135.76,13.58,0.14,7366,13.58,0.0,108.62,0.0
2020-07-24,São Paulo,Paulicéia,13.58,1,0,0.0,10,1,10.0,135.76,13.58,0.14,7366,13.58,13.58,108.62,13.58
2020-07-23,São Paulo,Paulicéia,0.0,0,0,0.0,9,1,11.11,122.18,13.58,0.12,7366,0.0,-13.58,95.04,0.0
2020-07-22,São Paulo,Paulicéia,0.0,0,0,0.0,9,1,11.11,122.18,13.58,0.12,7366,13.58,0.0,95.04,0.0
2020-07-21,São Paulo,Paulicéia,0.0,0,0,0.0,9,1,11.11,122.18,13.58,0.12,7366,13.58,0.0,95.04,-13.58
2020-07-20,São Paulo,Paulicéia,0.0,0,0,0.0,9,1,11.11,122.18,13.58,0.12,7366,13.58,0.0,108.62,0.0
2020-07-19,São Paulo,Paulicéia,0.0,0,0,0.0,9,1,11.11,122.18,13.58,0.12,7366,13.58,-13.58,108.62,0.0
2020-07-18,São Paulo,Paulicéia,0.0,0,0,0.0,9,1,11.11,122.18,13.58,0.12,7366,27.16,0.0,108.62,0.0
2020-07-17,São Paulo,Paulicéia,0.0,0,0,0.0,9,1,11.11,122.18,13.58,0.12,7366,27.16,0.0,108.62,0.0
2020-07-16,São Paulo,Paulicéia,13.58,1,0,0.0,9,1,11.11,122.18,13.58,0.12,7366,27.16,-27.15,108.62,13.58
2020-07-15,São Paulo,Paulicéia,0.0,0,0,0.0,8,1,12.5,108.61,13.58,0.11,7366,54.31,-27.15,95.04,0.0
2020-07-14,São Paulo,Paulicéia,0.0,0,0,0.0,8,1,12.5,108.61,13.58,0.11,7366,81.46,13.58,95.04,13.58
2020-07-13,São Paulo,Paulicéia,0.0,0,0,0.0,8,1,12.5,108.61,13.58,0.11,7366,67.88,0.0,81.46,0.0
2020-07-12,São Paulo,Paulicéia,13.58,1,0,0.0,8,1,12.5,108.61,13.58,0.11,7366,67.88,13.58,81.46,13.58
2020-07-11,São Paulo,Paulicéia,0.0,0,0,0.0,7,1,14.29,95.03,13.58,0.1,7366,54.3,0.0,67.88,0.0
2020-07-10,São Paulo,Paulicéia,0.0,0,0,0.0,7,1,14.29,95.03,13.58,0.1,7366,54.3,-13.58,67.88,0.0
2020-07-09,São Paulo,Paulicéia,40.73,3,0,0.0,7,1,14.29,95.03,13.58,0.1,7366,67.88,40.73,67.88,40.73
2020-07-08,São Paulo,Paulicéia,27.15,2,1,13.58,4,1,25.0,54.3,13.58,0.05,7366,27.15,27.15,27.15,27.15
2020-07-07,São Paulo,Paulicéia,-13.58,-1,0,0.0,2,0,0.0,27.15,0.0,0.03,7366,0.0,-13.58,0.0,-13.58
2020-07-06,São Paulo,Paulicéia,0.0,0,0,0.0,3,0,0.0,40.73,0.0,0.04,7366,13.58,0.0,13.58,0.0
2020-07-05,São Paulo,Paulicéia,0.0,0,0,0.0,3,0,0.0,40.73,0.0,0.04,7366,13.58,0.0,13.58,0.0
2020-07-04,São Paulo,Paulicéia,0.0,0,0,0.0,3,0,0.0,40.73,0.0,0.04,7366,13.58,0.0,13.58,0.0
2020-07-03,São Paulo,Paulicéia,13.58,1,0,0.0,3,0,0.0,40.73,0.0,0.04,7366,13.58,13.58,13.58,13.58
2020-07-02,São Paulo,Paulicéia,0.0,0,0,0.0,2,0,0.0,27.15,0.0,0.03,7366,0.0,0.0,0.0,0.0
2020-07-01,São Paulo,Paulicéia,0.0,0,0,0.0,2,0,0.0,27.15,0.0,0.03,7366,0.0,0.0,0.0,0.0
2020-06-30,São Paulo,Paulicéia,0.0,0,0,0.0,2,0,0.0,27.15,0.0,0.03,7366,0.0,-13.58,0.0,0.0
2020-06-29,São Paulo,Paulicéia,0.0,0,0,0.0,2,0,0.0,27.15,0.0,0.03,7366,13.58,0.0,0.0,0.0
2020-06-28,São Paulo,Paulicéia,0.0,0,0,0.0,2,0,0.0,27.15,0.0,0.03,7366,13.58,0.0,0.0,0.0
2020-06-27,São Paulo,Paulicéia,0.0,0,0,0.0,2,0,0.0,27.15,0.0,0.03,7366,13.58,0.0,0.0,0.0
2020-06-26,São Paulo,Paulicéia,0.0,0,0,0.0,2,0,0.0,27.15,0.0,0.03,7366,13.58,0.0,0.0,0.0
2020-06-25,São Paulo,Paulicéia,0.0,0,0,0.0,2,0,0.0,27.15,0.0,0.03,7366,13.58,0.0,0.0,0.0
2020-06-24,São Paulo,Paulicéia,0.0,0,0,0.0,2,0,0.0,27.15,0.0,0.03,7366,13.58,0.0,0.0,0.0
2020-06-23,São Paulo,Paulicéia,13.58,1,0,0.0,2,0,0.0,27.15,0.0,0.03,7366,13.58,27.16,0.0,13.58
2020-06-22,São Paulo,Paulicéia,0.0,0,0,0.0,1,0,0.0,13.58,0.0,0.01,7366,-13.58,0.0,-13.58,0.0
2020-06-21,São Paulo,Paulicéia,0.0,0,0,0.0,1,0,0.0,13.58,0.0,0.01,7366,-13.58,0.0,-13.58,0.0
2020-06-20,São Paulo,Paulicéia,0.0,0,0,0.0,1,0,0.0,13.58,0.0,0.01,7366,-13.58,0.0,-13.58,0.0
2020-06-19,São Paulo,Paulicéia,0.0,0,0,0.0,1,0,0.0,13.58,0.0,0.01,7366,-13.58,0.0,-13.58,0.0
2020-06-18,São Paulo,Paulicéia,0.0,0,0,0.0,1,0,0.0,13.58,0.0,0.01,7366,-13.58,0.0,-13.58,0.0
2020-06-17,São Paulo,Paulicéia,0.0,0,0,0.0,1,0,0.0,13.58,0.0,0.01,7366,-13.58,0.0,-13.58,0.0
2020-06-16,São Paulo,Paulicéia,-13.58,-1,0,0.0,1,0,0.0,13.58,0.0,0.01,7366,-13.58,-13.58,-13.58,-13.58
2020-06-15,São Paulo,Paulicéia,0.0,0,0,0.0,2,0,0.0,27.15,0.0,0.03,7366,0.0,0.0,0.0,0.0
2020-06-14,São Paulo,Paulicéia,0.0,0,0,0.0,2,0,0.0,27.15,0.0,0.03,7366,0.0,0.0,0.0,0.0
2020-06-13,São Paulo,Paulicéia,0.0,0,0,0.0,2,0,0.0,27.15,0.0,0.03,7366,0.0,0.0,0.0,0.0
2020-06-12,São Paulo,Paulicéia,0.0,0,0,0.0,2,0,0.0,27.15,0.0,0.03,7366,0.0,0.0,0.0,0.0
2020-06-11,São Paulo,Paulicéia,0.0,0,0,0.0,2,0,0.0,27.15,0.0,0.03,7366,0.0,0.0,0.0,0.0
