date,state,city,1day_cases_100k,new_cases,new_deaths,new_deaths_100k,total_cases,total_deaths,cfr%,total_cases_100k,total_deaths_100k,%infected,population,7day_cases_100k,7day_cases_change,28day_cases_100k,28day_cases_change
2020-08-27,São Paulo,São Vicente,2.46,9,-1,-0.27,5733,348,6.07,1567.26,95.13,1.57,365798,72.16,-6.83,322.85,-8.47
2020-08-26,São Paulo,São Vicente,13.94,51,1,0.27,5724,349,6.1,1564.8,95.41,1.56,365798,78.99,7.65,331.32,3.28
2020-08-25,São Paulo,São Vicente,9.84,36,7,1.91,5673,348,6.13,1550.86,95.13,1.55,365798,71.34,-9.3,328.04,-1.37
2020-08-24,São Paulo,São Vicente,6.01,22,0,0.0,5637,341,6.05,1541.01,93.22,1.54,365798,80.64,2.73,329.41,1.36
2020-08-23,São Paulo,São Vicente,6.29,23,0,0.0,5615,341,6.07,1535.0,93.22,1.54,365798,77.91,4.1,328.05,1.64
2020-08-22,São Paulo,São Vicente,18.86,69,5,1.37,5592,341,6.1,1528.71,93.22,1.53,365798,73.81,5.19,326.41,-24.06
2020-08-21,São Paulo,São Vicente,14.76,54,3,0.82,5523,336,6.08,1509.85,91.85,1.51,365798,68.62,-0.82,350.47,2.46
2020-08-20,São Paulo,São Vicente,9.29,34,0,0.0,5469,333,6.09,1495.09,91.03,1.5,365798,69.44,-8.21,348.01,-3.56
2020-08-19,São Paulo,São Vicente,6.29,23,0,0.0,5435,333,6.13,1485.79,91.03,1.49,365798,77.65,-11.48,351.57,-13.67
2020-08-18,São Paulo,São Vicente,19.14,70,5,1.37,5412,333,6.15,1479.51,91.03,1.48,365798,89.13,11.76,365.24,8.75
2020-08-17,São Paulo,São Vicente,3.28,12,0,0.0,5342,328,6.14,1460.37,89.67,1.46,365798,77.37,1.91,356.49,-1.64
2020-08-16,São Paulo,São Vicente,2.19,8,0,0.0,5330,328,6.15,1457.09,89.67,1.46,365798,75.46,-2.18,358.13,-6.01
2020-08-15,São Paulo,São Vicente,13.67,50,2,0.55,5322,328,6.16,1454.9,89.67,1.45,365798,77.64,-14.49,364.14,7.93
2020-08-14,São Paulo,São Vicente,15.58,57,0,0.0,5272,326,6.18,1441.23,89.12,1.44,365798,92.13,9.02,356.21,2.46
2020-08-13,São Paulo,São Vicente,17.5,64,2,0.55,5215,326,6.25,1425.65,89.12,1.43,365798,83.11,-4.37,353.75,5.47
2020-08-12,São Paulo,São Vicente,17.77,65,2,0.55,5151,324,6.29,1408.15,88.57,1.41,365798,87.48,6.84,348.28,4.37
2020-08-11,São Paulo,São Vicente,7.38,27,5,1.37,5086,322,6.33,1390.38,88.03,1.39,365798,80.64,-20.5,343.91,-13.12
2020-08-10,São Paulo,São Vicente,1.37,5,0,0.0,5059,317,6.27,1383.0,86.66,1.38,365798,101.14,0.0,357.03,-2.18
2020-08-09,São Paulo,São Vicente,4.37,16,0,0.0,5054,317,6.27,1381.64,86.66,1.38,365798,101.14,-9.85,359.21,0.82
2020-08-08,São Paulo,São Vicente,28.16,103,13,3.55,5038,317,6.29,1377.26,86.66,1.38,365798,110.99,19.14,358.39,17.5
2020-08-07,São Paulo,São Vicente,6.56,24,-3,-0.82,4935,304,6.16,1349.11,83.11,1.35,365798,91.85,-6.29,340.89,-8.2
2020-08-06,São Paulo,São Vicente,21.87,80,11,3.01,4911,307,6.25,1342.54,83.93,1.34,365798,98.14,10.94,349.09,-6.01
2020-08-05,São Paulo,São Vicente,10.93,40,10,2.73,4831,296,6.13,1320.67,80.92,1.32,365798,87.2,0.27,355.1,-11.49
2020-08-04,São Paulo,São Vicente,27.88,102,5,1.37,4791,286,5.97,1309.74,78.19,1.31,365798,86.93,16.67,366.59,9.84
2020-08-03,São Paulo,São Vicente,1.37,5,0,0.0,4689,281,5.99,1281.86,76.82,1.28,365798,70.26,-3.28,356.75,-13.12
2020-08-02,São Paulo,São Vicente,14.22,52,0,0.0,4684,281,6.0,1280.49,76.82,1.28,365798,73.54,9.57,369.87,-8.2
2020-08-01,São Paulo,São Vicente,9.02,33,1,0.27,4632,281,6.07,1266.27,76.82,1.27,365798,63.97,-33.9,378.07,6.83
2020-07-31,São Paulo,São Vicente,12.85,47,2,0.55,4599,280,6.09,1257.25,76.54,1.26,365798,97.87,0.55,371.24,-3.28
2020-07-30,São Paulo,São Vicente,10.93,40,1,0.27,4552,278,6.11,1244.4,76.0,1.24,365798,97.32,-1.92,374.52,-4.93
2020-07-29,São Paulo,São Vicente,10.66,39,2,0.55,4512,277,6.14,1233.47,75.72,1.23,365798,99.24,-9.3,379.45,-6.84
2020-07-28,São Paulo,São Vicente,11.21,41,6,1.64,4473,275,6.15,1222.81,75.18,1.22,365798,108.54,0.82,386.29,2.46
2020-07-27,São Paulo,São Vicente,4.65,17,0,0.0,4432,269,6.07,1211.6,73.54,1.21,365798,107.72,-0.27,383.83,-11.48
2020-07-26,São Paulo,São Vicente,4.65,17,7,1.91,4415,269,6.09,1206.95,73.54,1.21,365798,107.99,-3.55,395.31,-12.85
2020-07-25,São Paulo,São Vicente,42.92,157,6,1.64,4398,262,5.96,1202.3,71.62,1.2,365798,111.54,37.18,408.16,10.94
2020-07-24,São Paulo,São Vicente,12.3,45,1,0.27,4241,256,6.04,1159.38,69.98,1.16,365798,74.36,-0.82,397.22,-8.75
2020-07-23,São Paulo,São Vicente,12.85,47,2,0.55,4196,255,6.08,1147.08,69.71,1.15,365798,75.18,0.82,405.97,-19.68
2020-07-22,São Paulo,São Vicente,19.96,73,7,1.91,4149,253,6.1,1134.23,69.16,1.13,365798,74.36,6.56,425.65,-23.51
2020-07-21,São Paulo,São Vicente,10.39,38,3,0.82,4076,246,6.04,1114.28,67.25,1.11,365798,67.8,-10.11,449.16,-22.14
2020-07-20,São Paulo,São Vicente,4.92,18,2,0.55,4038,243,6.02,1103.89,66.43,1.1,365798,77.91,1.37,471.3,-9.57
2020-07-19,São Paulo,São Vicente,8.2,30,0,0.0,4020,241,6.0,1098.97,65.88,1.1,365798,76.54,4.65,480.87,-15.31
2020-07-18,São Paulo,São Vicente,5.74,21,-1,-0.27,3990,241,6.04,1090.77,65.88,1.09,365798,71.89,-4.92,496.18,-25.42
2020-07-17,São Paulo,São Vicente,13.12,48,22,6.01,3969,242,6.1,1085.03,66.16,1.09,365798,76.81,-1.64,521.6,-61.24
2020-07-16,São Paulo,São Vicente,12.03,44,20,5.47,3921,220,5.61,1071.9,60.14,1.07,365798,78.45,-15.85,582.84,10.94
2020-07-15,São Paulo,São Vicente,13.4,49,4,1.09,3877,200,5.16,1059.87,54.67,1.06,365798,94.3,-9.02,571.9,10.67
2020-07-14,São Paulo,São Vicente,20.5,75,1,0.27,3828,196,5.12,1046.48,53.58,1.05,365798,103.32,2.46,561.23,-10.66
2020-07-13,São Paulo,São Vicente,3.55,13,0,0.0,3753,195,5.2,1025.98,53.31,1.03,365798,100.86,-10.94,571.89,-1.92
2020-07-12,São Paulo,São Vicente,3.55,13,0,0.0,3740,195,5.21,1022.42,53.31,1.02,365798,111.8,-18.87,573.81,-12.58
2020-07-11,São Paulo,São Vicente,10.66,39,6,1.64,3727,195,5.23,1018.87,53.31,1.02,365798,130.67,8.47,586.39,-9.84
2020-07-10,São Paulo,São Vicente,14.76,54,5,1.37,3688,189,5.12,1008.21,51.67,1.01,365798,122.2,-1.37,596.23,3.83
2020-07-09,São Paulo,São Vicente,27.88,102,3,0.82,3634,184,5.06,993.44,50.3,0.99,365798,123.57,12.02,592.4,17.22
2020-07-08,São Paulo,São Vicente,22.42,82,1,0.27,3532,181,5.12,965.56,49.48,0.97,365798,111.55,4.92,575.18,8.48
2020-07-07,São Paulo,São Vicente,18.04,66,1,0.27,3450,180,5.22,943.14,49.21,0.94,365798,106.63,9.29,566.7,11.21
2020-07-06,São Paulo,São Vicente,14.49,53,1,0.27,3384,179,5.29,925.1,48.93,0.93,365798,97.34,-1.64,555.49,9.02
2020-07-05,São Paulo,São Vicente,22.42,82,0,0.0,3331,178,5.34,910.61,48.66,0.91,365798,98.98,4.92,546.47,20.78
2020-07-04,São Paulo,São Vicente,2.19,8,3,0.82,3249,178,5.48,888.2,48.66,0.89,365798,94.06,-29.79,525.69,-15.03
2020-07-03,São Paulo,São Vicente,16.13,59,5,1.37,3241,175,5.4,886.01,47.84,0.89,365798,123.85,-4.92,540.72,6.02
2020-07-02,São Paulo,São Vicente,15.86,58,1,0.27,3182,170,5.34,869.88,46.47,0.87,365798,128.77,-16.67,534.7,-0.27
2020-07-01,São Paulo,São Vicente,17.5,64,4,1.09,3124,169,5.41,854.02,46.2,0.85,365798,145.44,-25.97,534.97,-1.09
2020-06-30,São Paulo,São Vicente,8.75,32,4,1.09,3060,165,5.39,836.53,45.11,0.84,365798,171.41,-23.78,536.06,-22.96
2020-06-29,São Paulo,São Vicente,16.13,59,0,0.0,3028,161,5.32,827.78,44.01,0.83,365798,195.19,1.64,559.02,14.22
2020-06-28,São Paulo,São Vicente,17.5,64,3,0.82,2969,161,5.42,811.65,44.01,0.81,365798,193.55,-6.01,544.8,5.2
2020-06-27,São Paulo,São Vicente,31.98,117,4,1.09,2905,158,5.44,794.15,43.19,0.79,365798,199.56,0.82,539.6,16.94
2020-06-26,São Paulo,São Vicente,21.05,77,0,0.0,2788,154,5.52,762.17,42.1,0.76,365798,198.74,-53.31,522.66,-0.27
2020-06-25,São Paulo,São Vicente,32.53,119,8,2.19,2711,154,5.68,741.12,42.1,0.74,365798,252.05,31.44,522.93,13.67
2020-06-24,São Paulo,São Vicente,43.47,159,7,1.91,2592,146,5.63,708.59,39.91,0.71,365798,220.61,40.74,509.26,29.25
2020-06-23,São Paulo,São Vicente,32.53,119,6,1.64,2433,139,5.71,665.12,38.0,0.67,365798,179.87,1.37,480.01,23.78
2020-06-22,São Paulo,São Vicente,14.49,53,5,1.37,2314,133,5.75,632.59,36.36,0.63,365798,178.5,9.02,456.23,3.83
2020-06-21,São Paulo,São Vicente,23.51,86,0,0.0,2261,128,5.66,618.1,34.99,0.62,365798,169.48,7.38,452.4,16.68
2020-06-20,São Paulo,São Vicente,31.16,114,1,0.27,2175,128,5.89,594.59,34.99,0.59,365798,162.1,10.66,435.72,23.23
2020-06-19,São Paulo,São Vicente,74.36,272,17,4.65,2061,127,6.16,563.43,34.72,0.56,365798,151.44,63.43,412.49,60.42
2020-06-18,São Paulo,São Vicente,1.09,4,0,0.0,1789,110,6.15,489.07,30.07,0.49,365798,88.01,-9.57,352.07,-4.65
2020-06-17,São Paulo,São Vicente,2.73,10,0,0.0,1785,110,6.16,487.97,30.07,0.49,365798,97.58,-11.21,356.72,-6.84
2020-06-16,São Paulo,São Vicente,31.16,114,-1,-0.27,1775,110,6.2,485.24,30.07,0.49,365798,108.79,24.33,363.56,24.6
2020-06-15,São Paulo,São Vicente,5.47,20,9,2.46,1661,111,6.68,454.08,30.34,0.45,365798,84.46,0.0,338.96,2.74
2020-06-14,São Paulo,São Vicente,16.13,59,0,0.0,1641,102,6.22,448.61,27.88,0.45,365798,84.46,14.49,336.22,12.03
2020-06-13,São Paulo,São Vicente,20.5,75,1,0.27,1582,102,6.45,432.48,27.88,0.43,365798,69.97,3.28,324.19,15.03
2020-06-12,São Paulo,São Vicente,10.93,40,0,0.0,1507,101,6.7,411.98,27.61,0.41,365798,66.69,0.82,309.16,4.64
2020-06-11,São Paulo,São Vicente,10.66,39,1,0.27,1467,101,6.88,401.04,27.61,0.4,365798,65.87,-5.47,304.52,0.0
2020-06-10,São Paulo,São Vicente,13.94,51,1,0.27,1428,100,7.0,390.38,27.34,0.39,365798,71.34,-4.65,304.52,8.75
2020-06-09,São Paulo,São Vicente,6.83,25,8,2.19,1377,99,7.19,376.44,27.06,0.38,365798,75.99,-24.88,295.77,3.55
2020-06-08,São Paulo,São Vicente,5.47,20,0,0.0,1352,91,6.73,369.6,24.88,0.37,365798,100.87,3.56,292.22,4.38
2020-06-07,São Paulo,São Vicente,1.64,6,0,0.0,1332,91,6.83,364.14,24.88,0.36,365798,97.31,-10.66,287.84,0.82
2020-06-06,São Paulo,São Vicente,17.22,63,0,0.0,1326,91,6.86,362.5,24.88,0.36,365798,107.97,2.18,287.02,9.29
2020-06-05,São Paulo,São Vicente,10.11,37,1,0.27,1263,91,7.21,345.27,24.88,0.35,365798,105.79,-11.21,277.73,7.65
2020-06-04,São Paulo,São Vicente,16.13,59,4,1.09,1226,90,7.34,335.16,24.6,0.34,365798,117.0,-2.73,270.08,10.94
2020-06-03,São Paulo,São Vicente,18.59,68,2,0.55,1167,86,7.37,319.03,23.51,0.32,365798,119.73,4.37,259.14,10.94
2020-06-02,São Paulo,São Vicente,31.71,116,4,1.09,1099,84,7.64,300.44,22.96,0.3,365798,115.36,22.96,248.2,30.07
2020-06-01,São Paulo,São Vicente,1.91,7,0,0.0,983,80,8.14,268.73,21.87,0.27,365798,92.4,-8.75,218.13,1.91
2020-05-31,São Paulo,São Vicente,12.3,45,0,0.0,976,80,8.2,266.81,21.87,0.27,365798,101.15,5.47,216.22,11.75
2020-05-30,São Paulo,São Vicente,15.04,55,2,0.55,931,80,8.59,254.51,21.87,0.25,365798,95.68,7.11,204.47,14.22
2020-05-29,São Paulo,São Vicente,21.32,78,0,0.0,876,78,8.9,239.48,21.32,0.24,365798,88.57,7.38,190.25,16.95
2020-05-28,São Paulo,São Vicente,18.86,69,9,2.46,798,78,9.77,218.15,21.32,0.22,365798,81.19,13.12,173.3,15.03
2020-05-27,São Paulo,São Vicente,14.22,52,20,5.47,729,69,9.47,199.29,18.86,0.2,365798,68.07,4.65,158.27,9.03
2020-05-26,São Paulo,São Vicente,8.75,32,-1,-0.27,677,49,7.24,185.07,13.4,0.19,365798,63.42,2.19,149.24,3.01
2020-05-25,São Paulo,São Vicente,10.66,39,6,1.64,645,50,7.75,176.33,13.67,0.18,365798,61.23,7.93,146.23,9.57
2020-05-24,São Paulo,São Vicente,6.83,25,9,2.46,606,44,7.26,165.67,12.03,0.17,365798,53.3,2.73,136.66,6.01
2020-05-23,São Paulo,São Vicente,7.93,29,1,0.27,581,35,6.02,158.83,9.57,0.16,365798,50.57,2.46,130.65,3.01
2020-05-22,São Paulo,São Vicente,13.94,51,3,0.82,552,34,6.16,150.9,9.29,0.15,365798,48.11,7.65,127.64,7.38
2020-05-21,São Paulo,São Vicente,5.74,21,2,0.55,501,31,6.19,136.96,8.47,0.14,365798,40.46,-4.92,120.26,5.47
2020-05-20,São Paulo,São Vicente,9.57,35,0,0.0,480,29,6.04,131.22,7.93,0.13,365798,45.38,4.38,114.79,9.3
2020-05-19,São Paulo,São Vicente,6.56,24,8,2.19,445,29,6.52,121.65,7.93,0.12,365798,41.0,3.28,105.49,5.47
2020-05-18,São Paulo,São Vicente,2.73,10,6,1.64,421,21,4.99,115.09,5.74,0.12,365798,37.72,1.64,100.02,0.82
2020-05-17,São Paulo,São Vicente,4.1,15,0,0.0,411,15,3.65,112.36,4.1,0.11,365798,36.08,3.28,99.2,1.91
2020-05-16,São Paulo,São Vicente,5.47,20,1,0.27,396,15,3.79,108.26,4.1,0.11,365798,32.8,-2.46,97.29,5.2
2020-05-15,São Paulo,São Vicente,6.29,23,0,0.0,376,14,3.72,102.79,3.83,0.1,365798,35.26,3.83,92.09,5.47
2020-05-14,São Paulo,São Vicente,10.66,39,2,0.55,353,14,3.97,96.5,3.83,0.1,365798,31.43,5.47,86.62,8.2
2020-05-13,São Paulo,São Vicente,5.19,19,2,0.55,314,12,3.82,85.84,3.28,0.09,365798,25.96,-2.46,78.42,2.18
2020-05-12,São Paulo,São Vicente,3.28,12,0,0.0,295,10,3.39,80.65,2.73,0.08,365798,28.42,1.64,76.24,3.01
2020-05-11,São Paulo,São Vicente,1.09,4,0,0.0,283,10,3.53,77.37,2.73,0.08,365798,26.78,1.09,73.23,1.09
2020-05-10,São Paulo,São Vicente,0.82,3,0,0.0,279,10,3.58,76.27,2.73,0.08,365798,25.69,0.27,72.14,0.55
2020-05-09,São Paulo,São Vicente,7.93,29,1,0.27,276,10,3.62,75.45,2.73,0.08,365798,25.42,7.11,71.59,7.93
2020-05-08,São Paulo,São Vicente,2.46,9,1,0.27,247,9,3.64,67.52,2.46,0.07,365798,18.31,-1.91,63.66,2.19
2020-05-07,São Paulo,São Vicente,5.19,19,3,0.82,238,8,3.36,65.06,2.19,0.07,365798,20.22,1.36,61.47,4.64
2020-05-06,São Paulo,São Vicente,7.65,28,1,0.27,219,5,2.28,59.87,1.37,0.06,365798,18.86,2.46,56.83,7.38
2020-05-05,São Paulo,São Vicente,1.64,6,0,0.0,191,4,2.09,52.21,1.09,0.05,365798,16.4,-4.1,49.45,0.55
2020-05-04,São Paulo,São Vicente,0.0,0,0,0.0,185,4,2.16,50.57,1.09,0.05,365798,20.5,-1.09,48.9,-0.27
2020-05-03,São Paulo,São Vicente,0.55,2,0,0.0,185,4,2.16,50.57,1.09,0.05,365798,21.59,-0.27,49.17,0.55
2020-05-02,São Paulo,São Vicente,0.82,3,0,0.0,183,4,2.19,50.03,1.09,0.05,365798,21.86,-4.1,48.62,0.55
2020-05-01,São Paulo,São Vicente,4.37,16,2,0.55,180,4,2.22,49.21,1.09,0.05,365798,25.96,-2.19,48.07,4.1
2020-04-30,São Paulo,São Vicente,3.83,14,0,0.0,164,2,1.22,44.83,0.55,0.04,365798,28.15,3.56,43.97,3.56
2020-04-29,São Paulo,São Vicente,5.19,19,0,0.0,150,2,1.33,41.01,0.55,0.04,365798,24.59,4.92,40.41,4.92
2020-04-28,São Paulo,São Vicente,5.74,21,1,0.27,131,2,1.53,35.81,0.55,0.04,365798,19.67,4.65,35.49,5.47
2020-04-27,São Paulo,São Vicente,1.09,4,0,0.0,110,1,0.91,30.07,0.27,0.03,365798,15.02,-0.82,30.02,1.09
2020-04-26,São Paulo,São Vicente,0.82,3,0,0.0,106,1,0.94,28.98,0.27,0.03,365798,15.84,-1.37,28.93,0.82
2020-04-25,São Paulo,São Vicente,4.92,18,0,0.0,103,1,0.97,28.16,0.27,0.03,365798,17.21,4.65,28.11,4.92
2020-04-24,São Paulo,São Vicente,6.56,24,0,0.0,85,1,1.18,23.24,0.27,0.02,365798,12.56,5.74,23.19,6.56
2020-04-23,São Paulo,São Vicente,0.27,1,0,0.0,61,1,1.64,16.68,0.27,0.02,365798,6.82,-2.19,16.63,0.27
2020-04-22,São Paulo,São Vicente,0.27,1,0,0.0,60,1,1.67,16.4,0.27,0.02,365798,9.01,-2.74,16.36,0.27
2020-04-21,São Paulo,São Vicente,1.09,4,1,0.27,59,1,1.69,16.13,0.27,0.02,365798,11.75,0.82,16.09,1.09
2020-04-20,São Paulo,São Vicente,1.91,7,-1,-0.27,55,0,0.0,15.04,0.0,0.02,365798,10.93,1.91,15.0,1.91
2020-04-19,São Paulo,São Vicente,2.19,8,1,0.27,48,1,2.08,13.12,0.27,0.01,365798,9.02,1.92,13.09,2.19
2020-04-18,São Paulo,São Vicente,0.27,1,0,0.0,40,0,0.0,10.93,0.0,0.01,365798,7.1,0.27,10.9,0.27
2020-04-17,São Paulo,São Vicente,0.82,3,0,0.0,39,0,0.0,10.66,0.0,0.01,365798,6.83,0.55,10.63,0.82
2020-04-16,São Paulo,São Vicente,2.46,9,0,0.0,36,0,0.0,9.84,0.0,0.01,365798,6.28,1.91,9.81,2.46
2020-04-15,São Paulo,São Vicente,3.01,11,0,0.0,27,0,0.0,7.38,0.0,0.01,365798,4.37,2.74,7.35,3.01
2020-04-14,São Paulo,São Vicente,0.27,1,0,0.0,16,0,0.0,4.37,0.0,0.0,365798,1.63,-0.82,4.34,0.27
2020-04-13,São Paulo,São Vicente,0.0,0,0,0.0,15,0,0.0,4.1,0.0,0.0,365798,2.45,-0.27,4.07,0.0
2020-04-12,São Paulo,São Vicente,0.27,1,0,0.0,15,0,0.0,4.1,0.0,0.0,365798,2.72,0.27,4.07,0.27
2020-04-11,São Paulo,São Vicente,0.0,0,0,0.0,14,0,0.0,3.83,0.0,0.0,365798,2.45,-0.27,3.8,0.0
2020-04-10,São Paulo,São Vicente,0.27,1,0,0.0,14,0,0.0,3.83,0.0,0.0,365798,2.72,0.0,3.8,0.27
2020-04-09,São Paulo,São Vicente,0.55,2,0,0.0,13,0,0.0,3.55,0.0,0.0,365798,2.72,0.28,3.53,0.55
2020-04-08,São Paulo,São Vicente,0.27,1,0,0.0,11,0,0.0,3.01,0.0,0.0,365798,2.44,0.0,2.98,0.27
2020-04-07,São Paulo,São Vicente,1.09,4,0,0.0,10,0,0.0,2.73,0.0,0.0,365798,2.44,0.82,2.71,1.09
2020-04-06,São Paulo,São Vicente,0.27,1,0,0.0,6,0,0.0,1.64,0.0,0.0,365798,1.62,0.27,1.62,0.27
2020-04-05,São Paulo,São Vicente,0.0,0,0,0.0,5,0,0.0,1.37,0.0,0.0,365798,1.35,0.0,1.35,0.0
2020-04-04,São Paulo,São Vicente,0.27,1,0,0.0,5,0,0.0,1.37,0.0,0.0,365798,1.35,0.27,1.35,0.27
2020-04-03,São Paulo,São Vicente,0.27,1,-1,-0.27,4,0,0.0,1.09,0.0,0.0,365798,1.08,0.27,1.08,0.27
2020-04-02,São Paulo,São Vicente,0.27,1,1,0.27,3,1,33.33,0.82,0.27,0.0,365798,0.81,0.27,0.81,0.27
2020-04-01,São Paulo,São Vicente,0.27,1,0,0.0,2,0,0.0,0.55,0.0,0.0,365798,0.54,0.27,0.54,0.27
2020-03-31,São Paulo,São Vicente,0.27,1,0,0.0,1,0,0.0,0.27,0.0,0.0,365798,0.27,0.27,0.27,0.27
