date,state,city,1day_cases_100k,new_cases,new_deaths,new_deaths_100k,total_cases,total_deaths,cfr%,total_cases_100k,total_deaths_100k,%infected,population,7day_cases_100k,7day_cases_change,28day_cases_100k,28day_cases_change
2020-09-16,São Paulo,União Paulista,0.0,0,0,0.0,53,2,3.77,2874.19,108.46,2.87,1844,325.38,0.0,867.68,0.0
2020-09-14,São Paulo,União Paulista,108.46,2,0,0.0,53,2,3.77,2874.19,108.46,2.87,1844,325.38,108.46,867.68,54.23
2020-09-13,São Paulo,União Paulista,0.0,0,0,0.0,51,2,3.92,2765.73,108.46,2.77,1844,216.92,0.0,813.45,0.0
2020-09-12,São Paulo,União Paulista,54.23,1,0,0.0,51,2,3.92,2765.73,108.46,2.77,1844,216.92,54.23,813.45,54.23
2020-09-11,São Paulo,União Paulista,108.46,2,0,0.0,50,2,4.0,2711.5,108.46,2.71,1844,162.69,108.46,759.22,54.23
2020-09-10,São Paulo,União Paulista,0.0,0,0,0.0,48,2,4.17,2603.04,108.46,2.6,1844,54.23,-54.23,704.99,0.0
2020-09-09,São Paulo,União Paulista,54.23,1,1,54.23,48,2,4.17,2603.04,108.46,2.6,1844,108.46,0.0,704.99,54.23
2020-09-08,São Paulo,União Paulista,0.0,0,0,0.0,47,1,2.13,2548.81,54.23,2.55,1844,108.46,0.0,650.76,0.0
2020-09-06,São Paulo,União Paulista,0.0,0,0,0.0,47,1,2.13,2548.81,54.23,2.55,1844,108.46,0.0,650.76,-271.15
2020-09-05,São Paulo,União Paulista,0.0,0,0,0.0,47,1,2.13,2548.81,54.23,2.55,1844,108.46,0.0,921.91,0.0
2020-09-04,São Paulo,União Paulista,0.0,0,0,0.0,47,1,2.13,2548.81,54.23,2.55,1844,108.46,-54.23,921.91,0.0
2020-09-03,São Paulo,União Paulista,0.0,0,0,0.0,47,1,2.13,2548.81,54.23,2.55,1844,162.69,-54.23,921.91,0.0
2020-09-02,São Paulo,União Paulista,54.23,1,0,0.0,47,1,2.13,2548.81,54.23,2.55,1844,216.92,54.23,921.91,-433.84
2020-09-01,São Paulo,União Paulista,54.23,1,0,0.0,46,1,2.17,2494.58,54.23,2.49,1844,162.69,54.23,1355.75,54.23
2020-08-31,São Paulo,União Paulista,0.0,0,0,0.0,45,1,2.22,2440.35,54.23,2.44,1844,108.46,0.0,1301.52,-54.23
2020-08-30,São Paulo,União Paulista,0.0,0,0,0.0,45,1,2.22,2440.35,54.23,2.44,1844,108.46,-162.69,1355.75,-108.46
2020-08-28,São Paulo,União Paulista,0.0,0,0,0.0,45,1,2.22,2440.35,54.23,2.44,1844,271.15,0.0,1464.21,-54.23
2020-08-27,São Paulo,União Paulista,54.23,1,0,0.0,45,1,2.22,2440.35,54.23,2.44,1844,271.15,54.23,1518.44,54.23
2020-08-26,São Paulo,União Paulista,54.23,1,0,0.0,44,1,2.27,2386.12,54.23,2.39,1844,216.92,-54.23,1464.21,-54.23
2020-08-25,São Paulo,União Paulista,0.0,0,0,0.0,43,1,2.33,2331.89,54.23,2.33,1844,271.15,0.0,1518.44,0.0
2020-08-24,São Paulo,União Paulista,0.0,0,0,0.0,43,1,2.33,2331.89,54.23,2.33,1844,271.15,-54.23,1518.44,0.0
2020-08-23,São Paulo,União Paulista,0.0,0,0,0.0,43,1,2.33,2331.89,54.23,2.33,1844,325.38,0.0,1518.44,0.0
2020-08-22,São Paulo,União Paulista,162.69,3,0,0.0,43,1,2.33,2331.89,54.23,2.33,1844,325.38,108.46,1518.44,162.69
2020-08-21,São Paulo,União Paulista,0.0,0,0,0.0,40,1,2.5,2169.2,54.23,2.17,1844,216.92,0.0,1355.75,0.0
2020-08-20,São Paulo,União Paulista,0.0,0,0,0.0,40,1,2.5,2169.2,54.23,2.17,1844,216.92,0.0,1355.75,0.0
2020-08-19,São Paulo,União Paulista,108.46,2,0,0.0,40,1,2.5,2169.2,54.23,2.17,1844,216.92,54.23,1355.75,54.23
2020-08-18,São Paulo,União Paulista,0.0,0,0,0.0,38,1,2.63,2060.74,54.23,2.06,1844,162.69,0.0,1301.52,0.0
2020-08-17,São Paulo,União Paulista,54.23,1,0,0.0,38,1,2.63,2060.74,54.23,2.06,1844,162.69,54.23,1301.52,54.23
2020-08-16,São Paulo,União Paulista,0.0,0,0,0.0,37,1,2.7,2006.51,54.23,2.01,1844,108.46,0.0,1247.29,0.0
2020-08-15,São Paulo,União Paulista,54.23,1,0,0.0,37,1,2.7,2006.51,54.23,2.01,1844,108.46,-216.92,1247.29,54.23
2020-08-14,São Paulo,União Paulista,0.0,0,0,0.0,36,1,2.78,1952.28,54.23,1.95,1844,325.38,0.0,1193.06,-108.46
2020-08-13,São Paulo,União Paulista,0.0,0,0,0.0,36,1,2.78,1952.28,54.23,1.95,1844,325.38,0.0,1301.52,-54.23
2020-08-12,São Paulo,União Paulista,54.23,1,0,0.0,36,1,2.78,1952.28,54.23,1.95,1844,325.38,54.23,1355.75,54.23
2020-08-11,São Paulo,União Paulista,0.0,0,0,0.0,35,1,2.86,1898.05,54.23,1.9,1844,271.15,-488.07,1301.52,0.0
2020-08-10,São Paulo,União Paulista,0.0,0,0,0.0,35,1,2.86,1898.05,54.23,1.9,1844,759.22,0.0,1301.52,0.0
2020-08-09,São Paulo,União Paulista,0.0,0,0,0.0,35,1,2.86,1898.05,54.23,1.9,1844,759.22,-54.23,1301.52,0.0
2020-08-08,São Paulo,União Paulista,271.15,5,0,0.0,35,1,2.86,1898.05,54.23,1.9,1844,813.45,162.69,1301.52,271.15
2020-08-07,São Paulo,União Paulista,0.0,0,0,0.0,30,1,3.33,1626.9,54.23,1.63,1844,650.76,-54.23,1030.37,0.0
2020-08-06,São Paulo,União Paulista,0.0,0,0,0.0,30,1,3.33,1626.9,54.23,1.63,1844,704.99,0.0,1030.37,0.0
2020-08-05,São Paulo,União Paulista,0.0,0,0,0.0,30,1,3.33,1626.9,54.23,1.63,1844,704.99,-108.46,1030.37,0.0
2020-08-04,São Paulo,União Paulista,488.07,9,1,54.23,30,1,3.33,1626.9,54.23,1.63,1844,813.45,488.07,1030.37,488.07
2020-08-03,São Paulo,União Paulista,0.0,0,0,0.0,21,0,0.0,1138.83,0.0,1.14,1844,325.38,0.0,542.3,0.0
2020-08-02,São Paulo,União Paulista,54.23,1,0,0.0,21,0,0.0,1138.83,0.0,1.14,1844,325.38,54.23,542.3,54.23
2020-08-01,São Paulo,União Paulista,108.46,2,0,0.0,20,0,0.0,1084.6,0.0,1.08,1844,271.15,108.46,488.07,108.46
2020-07-31,São Paulo,União Paulista,54.23,1,0,0.0,18,0,0.0,976.14,0.0,0.98,1844,162.69,54.23,379.61,54.23
2020-07-30,São Paulo,União Paulista,0.0,0,0,0.0,17,0,0.0,921.91,0.0,0.92,1844,108.46,0.0,325.38,-54.23
2020-07-29,São Paulo,União Paulista,108.46,2,0,0.0,17,0,0.0,921.91,0.0,0.92,1844,108.46,54.23,379.61,108.46
2020-07-28,São Paulo,União Paulista,0.0,0,0,0.0,15,0,0.0,813.45,0.0,0.81,1844,54.23,0.0,271.15,0.0
2020-07-27,São Paulo,União Paulista,0.0,0,0,0.0,15,0,0.0,813.45,0.0,0.81,1844,54.23,0.0,271.15,0.0
2020-07-26,São Paulo,União Paulista,0.0,0,0,0.0,15,0,0.0,813.45,0.0,0.81,1844,54.23,0.0,271.15,-108.46
2020-07-25,São Paulo,União Paulista,0.0,0,0,0.0,15,0,0.0,813.45,0.0,0.81,1844,54.23,0.0,379.61,0.0
2020-07-24,São Paulo,União Paulista,0.0,0,0,0.0,15,0,0.0,813.45,0.0,0.81,1844,54.23,-108.46,379.61,0.0
2020-07-23,São Paulo,União Paulista,0.0,0,0,0.0,15,0,0.0,813.45,0.0,0.81,1844,162.69,-54.23,379.61,0.0
2020-07-22,São Paulo,União Paulista,54.23,1,0,0.0,15,0,0.0,813.45,0.0,0.81,1844,216.92,54.23,379.61,54.23
2020-07-21,São Paulo,União Paulista,0.0,0,0,0.0,14,0,0.0,759.22,0.0,0.76,1844,162.69,0.0,325.38,-54.23
2020-07-20,São Paulo,União Paulista,0.0,0,0,0.0,14,0,0.0,759.22,0.0,0.76,1844,162.69,0.0,379.61,0.0
2020-07-19,São Paulo,União Paulista,0.0,0,0,0.0,14,0,0.0,759.22,0.0,0.76,1844,162.69,0.0,379.61,-108.46
2020-07-18,São Paulo,União Paulista,0.0,0,0,0.0,14,0,0.0,759.22,0.0,0.76,1844,162.69,0.0,488.07,0.0
2020-07-17,São Paulo,União Paulista,108.46,2,0,0.0,14,0,0.0,759.22,0.0,0.76,1844,162.69,108.46,488.07,0.0
2020-07-16,São Paulo,União Paulista,54.23,1,0,0.0,12,0,0.0,650.76,0.0,0.65,1844,54.23,54.23,488.07,54.23
2020-07-15,São Paulo,União Paulista,0.0,0,0,0.0,11,0,0.0,596.53,0.0,0.6,1844,0.0,0.0,433.84,0.0
2020-07-14,São Paulo,União Paulista,0.0,0,0,0.0,11,0,0.0,596.53,0.0,0.6,1844,0.0,0.0,433.84,0.0
2020-07-13,São Paulo,União Paulista,0.0,0,0,0.0,11,0,0.0,596.53,0.0,0.6,1844,0.0,0.0,433.84,0.0
2020-07-12,São Paulo,União Paulista,0.0,0,0,0.0,11,0,0.0,596.53,0.0,0.6,1844,0.0,0.0,433.84,0.0
2020-07-11,São Paulo,União Paulista,0.0,0,0,0.0,11,0,0.0,596.53,0.0,0.6,1844,0.0,0.0,433.84,0.0
2020-07-10,São Paulo,União Paulista,0.0,0,0,0.0,11,0,0.0,596.53,0.0,0.6,1844,0.0,0.0,433.84,-54.23
2020-07-09,São Paulo,União Paulista,0.0,0,0,0.0,11,0,0.0,596.53,0.0,0.6,1844,0.0,-54.23,488.07,0.0
2020-07-08,São Paulo,União Paulista,0.0,0,0,0.0,11,0,0.0,596.53,0.0,0.6,1844,54.23,0.0,488.07,0.0
2020-07-07,São Paulo,União Paulista,0.0,0,0,0.0,11,0,0.0,596.53,0.0,0.6,1844,54.23,0.0,488.07,0.0
2020-07-06,São Paulo,União Paulista,0.0,0,0,0.0,11,0,0.0,596.53,0.0,0.6,1844,54.23,0.0,488.07,-54.23
2020-07-05,São Paulo,União Paulista,0.0,0,0,0.0,11,0,0.0,596.53,0.0,0.6,1844,54.23,-108.46,542.3,0.0
2020-07-04,São Paulo,União Paulista,0.0,0,0,0.0,11,0,0.0,596.53,0.0,0.6,1844,162.69,0.0,542.3,0.0
2020-07-03,São Paulo,União Paulista,0.0,0,0,0.0,11,0,0.0,596.53,0.0,0.6,1844,162.69,0.0,542.3,0.0
2020-07-02,São Paulo,União Paulista,54.23,1,0,0.0,11,0,0.0,596.53,0.0,0.6,1844,162.69,54.23,542.3,54.23
2020-07-01,São Paulo,União Paulista,0.0,0,0,0.0,10,0,0.0,542.3,0.0,0.54,1844,108.46,0.0,488.07,0.0
2020-06-30,São Paulo,União Paulista,0.0,0,0,0.0,10,0,0.0,542.3,0.0,0.54,1844,108.46,-54.23,488.07,0.0
2020-06-29,São Paulo,União Paulista,0.0,0,0,0.0,10,0,0.0,542.3,0.0,0.54,1844,162.69,0.0,488.07,0.0
2020-06-28,São Paulo,União Paulista,108.46,2,0,0.0,10,0,0.0,542.3,0.0,0.54,1844,162.69,0.0,488.07,108.46
2020-06-27,São Paulo,União Paulista,0.0,0,0,0.0,8,0,0.0,433.84,0.0,0.43,1844,162.69,0.0,379.61,0.0
2020-06-26,São Paulo,União Paulista,0.0,0,0,0.0,8,0,0.0,433.84,0.0,0.43,1844,162.69,-108.46,379.61,0.0
2020-06-25,São Paulo,União Paulista,0.0,0,0,0.0,8,0,0.0,433.84,0.0,0.43,1844,271.15,0.0,379.61,0.0
2020-06-24,São Paulo,União Paulista,0.0,0,0,0.0,8,0,0.0,433.84,0.0,0.43,1844,271.15,0.0,379.61,0.0
2020-06-23,São Paulo,União Paulista,54.23,1,0,0.0,8,0,0.0,433.84,0.0,0.43,1844,271.15,54.23,379.61,54.23
2020-06-22,São Paulo,União Paulista,0.0,0,0,0.0,7,0,0.0,379.61,0.0,0.38,1844,216.92,0.0,325.38,0.0
2020-06-21,São Paulo,União Paulista,108.46,2,0,0.0,7,0,0.0,379.61,0.0,0.38,1844,216.92,108.46,325.38,108.46
2020-06-20,São Paulo,União Paulista,0.0,0,0,0.0,5,0,0.0,271.15,0.0,0.27,1844,108.46,0.0,216.92,0.0
2020-06-19,São Paulo,União Paulista,108.46,2,0,0.0,5,0,0.0,271.15,0.0,0.27,1844,108.46,54.23,216.92,108.46
2020-06-18,São Paulo,União Paulista,0.0,0,0,0.0,3,0,0.0,162.69,0.0,0.16,1844,54.23,0.0,108.46,0.0
2020-06-17,São Paulo,União Paulista,0.0,0,0,0.0,3,0,0.0,162.69,0.0,0.16,1844,54.23,0.0,108.46,0.0
2020-06-16,São Paulo,União Paulista,0.0,0,0,0.0,3,0,0.0,162.69,0.0,0.16,1844,54.23,0.0,108.46,0.0
2020-06-15,São Paulo,União Paulista,0.0,0,0,0.0,3,0,0.0,162.69,0.0,0.16,1844,54.23,-54.23,108.46,0.0
2020-06-14,São Paulo,União Paulista,0.0,0,0,0.0,3,0,0.0,162.69,0.0,0.16,1844,108.46,0.0,108.46,0.0
2020-06-13,São Paulo,União Paulista,0.0,0,0,0.0,3,0,0.0,162.69,0.0,0.16,1844,108.46,0.0,108.46,0.0
2020-06-12,São Paulo,União Paulista,54.23,1,0,0.0,3,0,0.0,162.69,0.0,0.16,1844,108.46,54.23,108.46,108.46
2020-06-11,São Paulo,União Paulista,0.0,0,0,0.0,2,0,0.0,108.46,0.0,0.11,1844,54.23,0.0,0.0,0.0
2020-06-10,São Paulo,União Paulista,0.0,0,0,0.0,2,0,0.0,108.46,0.0,0.11,1844,54.23,0.0,0.0,-54.23
2020-06-09,São Paulo,União Paulista,0.0,0,0,0.0,2,0,0.0,108.46,0.0,0.11,1844,54.23,0.0,54.23,0.0
2020-06-08,São Paulo,União Paulista,54.23,1,0,0.0,2,0,0.0,108.46,0.0,0.11,1844,54.23,54.23,54.23,54.23
2020-06-07,São Paulo,União Paulista,0.0,0,0,0.0,1,0,0.0,54.23,0.0,0.05,1844,0.0,0.0,0.0,0.0
2020-06-06,São Paulo,União Paulista,0.0,0,0,0.0,1,0,0.0,54.23,0.0,0.05,1844,0.0,0.0,0.0,0.0
2020-06-05,São Paulo,União Paulista,0.0,0,0,0.0,1,0,0.0,54.23,0.0,0.05,1844,0.0,0.0,0.0,0.0
2020-06-04,São Paulo,União Paulista,0.0,0,0,0.0,1,0,0.0,54.23,0.0,0.05,1844,0.0,0.0,0.0,0.0
2020-06-03,São Paulo,União Paulista,0.0,0,0,0.0,1,0,0.0,54.23,0.0,0.05,1844,0.0,0.0,0.0,0.0
2020-06-02,São Paulo,União Paulista,0.0,0,0,0.0,1,0,0.0,54.23,0.0,0.05,1844,0.0,0.0,0.0,0.0
2020-06-01,São Paulo,União Paulista,0.0,0,0,0.0,1,0,0.0,54.23,0.0,0.05,1844,0.0,0.0,0.0,0.0
2020-05-31,São Paulo,União Paulista,0.0,0,0,0.0,1,0,0.0,54.23,0.0,0.05,1844,0.0,0.0,0.0,0.0
2020-05-30,São Paulo,União Paulista,0.0,0,0,0.0,1,0,0.0,54.23,0.0,0.05,1844,0.0,0.0,0.0,0.0
2020-05-29,São Paulo,União Paulista,0.0,0,0,0.0,1,0,0.0,54.23,0.0,0.05,1844,0.0,0.0,0.0,0.0
2020-05-28,São Paulo,União Paulista,0.0,0,0,0.0,1,0,0.0,54.23,0.0,0.05,1844,0.0,0.0,0.0,0.0
2020-05-27,São Paulo,União Paulista,0.0,0,0,0.0,1,0,0.0,54.23,0.0,0.05,1844,0.0,0.0,0.0,0.0
2020-05-26,São Paulo,União Paulista,0.0,0,0,0.0,1,0,0.0,54.23,0.0,0.05,1844,0.0,0.0,0.0,0.0
2020-05-25,São Paulo,União Paulista,0.0,0,0,0.0,1,0,0.0,54.23,0.0,0.05,1844,0.0,0.0,0.0,0.0
2020-05-24,São Paulo,União Paulista,0.0,0,0,0.0,1,0,0.0,54.23,0.0,0.05,1844,0.0,0.0,0.0,0.0
2020-05-23,São Paulo,União Paulista,0.0,0,0,0.0,1,0,0.0,54.23,0.0,0.05,1844,0.0,0.0,0.0,0.0
2020-05-22,São Paulo,União Paulista,0.0,0,0,0.0,1,0,0.0,54.23,0.0,0.05,1844,0.0,54.23,0.0,0.0
2020-05-21,São Paulo,União Paulista,0.0,0,0,0.0,1,0,0.0,54.23,0.0,0.05,1844,-54.23,0.0,0.0,0.0
2020-05-20,São Paulo,União Paulista,0.0,0,0,0.0,1,0,0.0,54.23,0.0,0.05,1844,-54.23,-54.23,0.0,0.0
2020-05-19,São Paulo,União Paulista,0.0,0,0,0.0,1,0,0.0,54.23,0.0,0.05,1844,0.0,0.0,0.0,0.0
2020-05-18,São Paulo,União Paulista,0.0,0,0,0.0,1,0,0.0,54.23,0.0,0.05,1844,0.0,0.0,0.0,0.0
2020-05-17,São Paulo,União Paulista,0.0,0,0,0.0,1,0,0.0,54.23,0.0,0.05,1844,0.0,0.0,0.0,0.0
2020-05-16,São Paulo,União Paulista,0.0,0,0,0.0,1,0,0.0,54.23,0.0,0.05,1844,0.0,0.0,0.0,0.0
2020-05-15,São Paulo,União Paulista,-54.23,-1,0,0.0,1,0,0.0,54.23,0.0,0.05,1844,0.0,-54.23,0.0,-54.23
2020-05-14,São Paulo,União Paulista,0.0,0,0,0.0,2,0,0.0,108.46,0.0,0.11,1844,54.23,0.0,54.23,0.0
2020-05-13,São Paulo,União Paulista,54.23,1,0,0.0,2,0,0.0,108.46,0.0,0.11,1844,54.23,54.23,54.23,54.23
2020-05-12,São Paulo,União Paulista,0.0,0,0,0.0,1,0,0.0,54.23,0.0,0.05,1844,0.0,0.0,0.0,0.0
2020-05-11,São Paulo,União Paulista,0.0,0,0,0.0,1,0,0.0,54.23,0.0,0.05,1844,0.0,0.0,0.0,0.0
2020-05-10,São Paulo,União Paulista,0.0,0,0,0.0,1,0,0.0,54.23,0.0,0.05,1844,0.0,0.0,0.0,0.0
2020-05-09,São Paulo,União Paulista,0.0,0,0,0.0,1,0,0.0,54.23,0.0,0.05,1844,0.0,0.0,0.0,0.0
2020-05-08,São Paulo,União Paulista,0.0,0,0,0.0,1,0,0.0,54.23,0.0,0.05,1844,0.0,0.0,0.0,0.0
2020-05-07,São Paulo,União Paulista,0.0,0,0,0.0,1,0,0.0,54.23,0.0,0.05,1844,0.0,0.0,0.0,0.0
