date,state,city,1day_cases_100k,new_cases,new_deaths,new_deaths_100k,total_cases,total_deaths,cfr%,total_cases_100k,total_deaths_100k,%infected,population,7day_cases_100k,7day_cases_change,28day_cases_100k,28day_cases_change
2020-08-31,Rio Grande do Norte,Ceará-Mirim,2.72,2,0,0.0,744,40,5.38,1012.29,54.42,1.01,73497,24.49,1.36,137.4,-6.8
2020-08-30,Rio Grande do Norte,Ceará-Mirim,13.61,10,1,1.36,742,40,5.39,1009.57,54.42,1.01,73497,23.13,10.89,144.2,13.61
2020-08-26,Rio Grande do Norte,Ceará-Mirim,4.08,3,0,0.0,732,39,5.33,995.96,53.06,1.0,73497,12.24,2.72,130.59,1.36
2020-08-25,Rio Grande do Norte,Ceará-Mirim,1.36,1,0,0.0,729,39,5.35,991.88,53.06,0.99,73497,9.52,-4.08,129.23,-8.16
2020-08-24,Rio Grande do Norte,Ceará-Mirim,2.72,2,0,0.0,728,39,5.36,990.52,53.06,0.99,73497,13.6,0.0,137.39,-4.08
2020-08-23,Rio Grande do Norte,Ceará-Mirim,0.0,0,0,0.0,726,39,5.37,987.8,53.06,0.99,73497,13.6,4.08,141.47,-13.61
2020-08-21,Rio Grande do Norte,Ceará-Mirim,0.0,0,0,0.0,726,39,5.37,987.8,53.06,0.99,73497,9.52,-5.44,155.08,-4.08
2020-08-20,Rio Grande do Norte,Ceará-Mirim,1.36,1,1,1.36,726,39,5.37,987.8,53.06,0.99,73497,14.96,-1.36,159.16,-1.36
2020-08-19,Rio Grande do Norte,Ceará-Mirim,2.72,2,1,1.36,725,38,5.24,986.43,51.7,0.99,73497,16.32,24.49,160.52,-29.93
2020-08-18,Rio Grande do Norte,Ceará-Mirim,1.36,1,0,0.0,723,37,5.12,983.71,50.34,0.98,73497,-8.17,-34.02,190.45,0.0
2020-08-17,Rio Grande do Norte,Ceará-Mirim,5.44,4,1,1.36,722,37,5.12,982.35,50.34,0.98,73497,25.85,2.72,190.45,2.72
2020-08-16,Rio Grande do Norte,Ceará-Mirim,2.72,2,1,1.36,718,36,5.01,976.91,48.98,0.98,73497,23.13,0.0,187.73,-1.36
2020-08-14,Rio Grande do Norte,Ceará-Mirim,-4.08,-3,0,0.0,716,35,4.89,974.19,47.62,0.97,73497,23.13,-10.88,189.09,-5.44
2020-08-13,Rio Grande do Norte,Ceará-Mirim,5.44,4,-1,-1.36,719,35,4.87,978.27,47.62,0.98,73497,34.01,-9.53,194.53,-20.41
2020-08-12,Rio Grande do Norte,Ceará-Mirim,2.72,2,0,0.0,715,36,5.03,972.83,48.98,0.97,73497,43.54,-8.16,214.94,0.0
2020-08-11,Rio Grande do Norte,Ceará-Mirim,-21.77,-16,-2,-2.72,713,36,5.05,970.11,48.98,0.97,73497,51.7,-34.02,214.94,-55.78
2020-08-10,Rio Grande do Norte,Ceará-Mirim,35.38,26,1,1.36,729,38,5.21,991.88,51.7,0.99,73497,85.72,32.66,270.72,25.86
2020-08-09,Rio Grande do Norte,Ceará-Mirim,2.72,2,0,0.0,703,37,5.26,956.5,50.34,0.96,73497,53.06,0.0,244.86,-2.72
2020-08-07,Rio Grande do Norte,Ceará-Mirim,2.72,2,0,0.0,701,37,5.28,953.78,50.34,0.95,73497,53.06,-4.08,247.58,-8.16
2020-08-06,Rio Grande do Norte,Ceará-Mirim,6.8,5,0,0.0,699,37,5.29,951.06,50.34,0.95,73497,57.14,-2.72,255.74,-2.72
2020-08-05,Rio Grande do Norte,Ceará-Mirim,14.97,11,0,0.0,694,37,5.33,944.26,50.34,0.94,73497,59.86,5.45,258.46,5.45
2020-08-04,Rio Grande do Norte,Ceará-Mirim,10.88,8,1,1.36,683,37,5.42,929.29,50.34,0.93,73497,54.41,1.36,253.01,-4.09
2020-08-03,Rio Grande do Norte,Ceará-Mirim,12.25,9,1,1.36,675,36,5.33,918.4,48.98,0.92,73497,53.05,12.25,257.1,-4.08
2020-08-02,Rio Grande do Norte,Ceará-Mirim,2.72,2,1,1.36,666,35,5.26,906.16,47.62,0.91,73497,40.8,0.0,261.18,-14.97
2020-07-31,Rio Grande do Norte,Ceará-Mirim,2.72,2,-1,-1.36,664,34,5.12,903.44,46.26,0.9,73497,40.8,-6.8,276.15,-12.25
2020-07-30,Rio Grande do Norte,Ceará-Mirim,6.8,5,1,1.36,662,35,5.29,900.72,47.62,0.9,73497,47.6,0.0,288.4,-85.72
2020-07-29,Rio Grande do Norte,Ceará-Mirim,9.52,7,0,0.0,657,34,5.18,893.91,46.26,0.89,73497,47.6,-4.09,374.12,-14.97
2020-07-28,Rio Grande do Norte,Ceará-Mirim,9.52,7,2,2.72,650,34,5.23,884.39,46.26,0.88,73497,51.69,5.44,389.09,-20.41
2020-07-27,Rio Grande do Norte,Ceará-Mirim,9.52,7,0,0.0,643,32,4.98,874.87,43.54,0.87,73497,46.25,6.8,409.5,-23.13
2020-07-26,Rio Grande do Norte,Ceará-Mirim,0.0,0,0,0.0,636,32,5.03,865.34,43.54,0.87,73497,39.45,-32.65,432.63,-4.08
2020-07-24,Rio Grande do Norte,Ceará-Mirim,2.72,2,0,0.0,636,32,5.03,865.34,43.54,0.87,73497,72.1,1.36,436.71,1.36
2020-07-23,Rio Grande do Norte,Ceará-Mirim,9.52,7,0,0.0,634,32,5.05,862.62,43.54,0.86,73497,70.74,6.8,435.35,-87.08
2020-07-22,Rio Grande do Norte,Ceará-Mirim,6.8,5,0,0.0,627,32,5.1,853.1,43.54,0.85,73497,63.94,2.72,522.43,4.08
2020-07-21,Rio Grande do Norte,Ceará-Mirim,13.61,10,1,1.36,622,32,5.14,846.29,43.54,0.85,73497,61.22,12.25,518.35,10.89
2020-07-20,Rio Grande do Norte,Ceará-Mirim,4.08,3,0,0.0,612,31,5.07,832.69,42.18,0.83,73497,48.97,-21.77,507.46,0.0
2020-07-19,Rio Grande do Norte,Ceará-Mirim,2.72,2,0,0.0,609,31,5.09,828.61,42.18,0.83,73497,70.74,0.0,507.46,-66.67
2020-07-17,Rio Grande do Norte,Ceará-Mirim,32.65,24,1,1.36,607,31,5.11,825.88,42.18,0.83,73497,70.74,-1.36,574.13,28.57
2020-07-16,Rio Grande do Norte,Ceará-Mirim,1.36,1,0,0.0,583,30,5.15,793.23,40.82,0.79,73497,72.1,-8.16,545.56,-4.08
2020-07-15,Rio Grande do Norte,Ceará-Mirim,2.72,2,0,0.0,582,30,5.15,791.87,40.82,0.79,73497,80.26,-2.72,549.64,-28.57
2020-07-14,Rio Grande do Norte,Ceará-Mirim,4.08,3,1,1.36,580,30,5.17,789.15,40.82,0.79,73497,82.98,-6.8,578.21,-16.33
2020-07-13,Rio Grande do Norte,Ceará-Mirim,1.36,1,0,0.0,577,29,5.03,785.07,39.46,0.79,73497,89.78,-8.16,594.54,0.0
2020-07-12,Rio Grande do Norte,Ceará-Mirim,25.85,19,1,1.36,576,29,5.03,783.71,39.46,0.78,73497,97.94,16.33,594.54,25.85
2020-07-10,Rio Grande do Norte,Ceará-Mirim,2.72,2,0,0.0,557,28,5.03,757.85,38.1,0.76,73497,81.61,-12.25,568.69,-9.53
2020-07-09,Rio Grande do Norte,Ceará-Mirim,34.01,25,0,0.0,555,28,5.05,755.13,38.1,0.76,73497,93.86,17.68,578.22,34.01
2020-07-08,Rio Grande do Norte,Ceará-Mirim,9.52,7,2,2.72,530,28,5.28,721.12,38.1,0.72,73497,76.18,-8.17,544.21,5.44
2020-07-07,Rio Grande do Norte,Ceará-Mirim,5.44,4,0,0.0,523,26,4.97,711.59,35.38,0.71,73497,84.35,-9.53,538.77,2.72
2020-07-06,Rio Grande do Norte,Ceará-Mirim,10.88,8,0,0.0,519,26,5.01,706.15,35.38,0.71,73497,93.88,-81.64,536.05,-2.73
2020-07-05,Rio Grande do Norte,Ceará-Mirim,9.52,7,1,1.36,511,26,5.09,695.27,35.38,0.7,73497,175.52,-14.97,538.78,2.72
2020-07-03,Rio Grande do Norte,Ceará-Mirim,9.52,7,1,1.36,504,25,4.96,685.74,34.01,0.69,73497,190.49,-20.41,536.06,-12.25
2020-07-02,Rio Grande do Norte,Ceará-Mirim,14.97,11,-1,-1.36,497,24,4.83,676.22,32.65,0.68,73497,210.9,-17.68,548.31,-6.8
2020-07-01,Rio Grande do Norte,Ceará-Mirim,16.33,12,1,1.36,486,25,5.14,661.25,34.01,0.66,73497,228.58,12.25,555.11,1.36
2020-06-30,Rio Grande do Norte,Ceará-Mirim,17.69,13,0,0.0,474,24,5.06,644.92,32.65,0.64,73497,216.33,16.33,553.75,13.61
2020-06-29,Rio Grande do Norte,Ceará-Mirim,14.97,11,0,0.0,461,24,5.21,627.24,32.65,0.63,73497,200.0,-81.63,540.14,2.72
2020-06-28,Rio Grande do Norte,Ceará-Mirim,92.52,68,5,6.8,450,24,5.33,612.27,32.65,0.61,73497,281.63,89.8,537.42,85.72
2020-06-25,Rio Grande do Norte,Ceará-Mirim,24.49,18,1,1.36,382,19,4.97,519.75,25.85,0.52,73497,191.83,21.77,451.7,21.77
2020-06-24,Rio Grande do Norte,Ceará-Mirim,29.93,22,1,1.36,364,18,4.95,495.26,24.49,0.5,73497,170.06,25.85,429.93,24.49
2020-06-23,Rio Grande do Norte,Ceará-Mirim,32.65,24,1,1.36,342,17,4.97,465.33,23.13,0.47,73497,144.21,-36.74,405.44,24.49
2020-06-22,Rio Grande do Norte,Ceará-Mirim,4.08,3,0,0.0,318,16,5.03,432.67,21.77,0.43,73497,180.95,0.0,380.95,-5.44
2020-06-21,Rio Grande do Norte,Ceará-Mirim,1.36,1,0,0.0,315,16,5.08,428.59,21.77,0.43,73497,180.95,-4.08,386.39,-5.44
2020-06-19,Rio Grande do Norte,Ceará-Mirim,96.6,71,0,0.0,314,16,5.1,427.23,21.77,0.43,73497,185.03,65.31,391.83,92.52
2020-06-18,Rio Grande do Norte,Ceará-Mirim,2.72,2,0,0.0,243,16,6.58,330.63,21.77,0.33,73497,119.72,-17.69,299.31,-2.72
2020-06-17,Rio Grande do Norte,Ceará-Mirim,2.72,2,1,1.36,241,16,6.64,327.9,21.77,0.33,73497,137.41,1.36,302.03,-1.36
2020-06-16,Rio Grande do Norte,Ceará-Mirim,4.08,3,0,0.0,239,15,6.28,325.18,20.41,0.33,73497,136.05,4.08,303.39,1.36
2020-06-15,Rio Grande do Norte,Ceará-Mirim,69.39,51,0,0.0,236,15,6.36,321.1,20.41,0.32,73497,131.97,57.14,302.03,66.67
2020-06-14,Rio Grande do Norte,Ceará-Mirim,4.08,3,0,0.0,185,15,8.11,251.71,20.41,0.25,73497,74.83,4.08,235.36,8.16
2020-06-12,Rio Grande do Norte,Ceará-Mirim,5.44,4,0,0.0,182,15,8.24,247.63,20.41,0.25,73497,70.75,1.36,227.2,5.44
2020-06-11,Rio Grande do Norte,Ceará-Mirim,31.29,23,0,0.0,178,15,8.43,242.19,20.41,0.24,73497,69.39,28.57,221.76,29.93
2020-06-10,Rio Grande do Norte,Ceará-Mirim,20.41,15,0,0.0,155,15,9.68,210.89,20.41,0.21,73497,40.82,6.8,191.83,20.41
2020-06-09,Rio Grande do Norte,Ceará-Mirim,1.36,1,0,0.0,140,15,10.71,190.48,20.41,0.19,73497,34.02,-5.44,171.42,-1.36
2020-06-08,Rio Grande do Norte,Ceará-Mirim,0.0,0,0,0.0,139,15,10.79,189.12,20.41,0.19,73497,39.46,-21.77,172.78,0.0
2020-06-07,Rio Grande do Norte,Ceará-Mirim,12.25,9,2,2.72,139,15,10.79,189.12,20.41,0.19,73497,61.23,-9.52,172.78,12.25
2020-06-05,Rio Grande do Norte,Ceará-Mirim,0.0,0,0,0.0,130,13,10.0,176.88,17.69,0.18,73497,70.75,-14.97,160.53,0.0
2020-06-04,Rio Grande do Norte,Ceará-Mirim,4.08,3,0,0.0,130,13,10.0,176.88,17.69,0.18,73497,85.72,0.0,160.53,4.08
2020-06-03,Rio Grande do Norte,Ceará-Mirim,2.72,2,0,0.0,127,13,10.24,172.8,17.69,0.17,73497,85.72,-9.53,156.45,2.72
2020-06-02,Rio Grande do Norte,Ceará-Mirim,13.61,10,5,6.8,125,13,10.4,170.07,17.69,0.17,73497,95.25,6.81,153.73,12.25
2020-06-01,Rio Grande do Norte,Ceará-Mirim,6.8,5,1,1.36,115,8,6.96,156.47,10.88,0.16,73497,88.44,4.08,141.48,6.8
2020-05-31,Rio Grande do Norte,Ceará-Mirim,21.77,16,0,0.0,110,7,6.36,149.67,9.52,0.15,73497,84.36,16.33,134.68,20.41
2020-05-29,Rio Grande do Norte,Ceará-Mirim,21.77,16,0,0.0,94,7,7.45,127.9,9.52,0.13,73497,68.03,13.61,114.27,21.77
2020-05-28,Rio Grande do Norte,Ceará-Mirim,14.97,11,2,2.72,78,7,8.97,106.13,9.52,0.11,73497,54.42,5.45,92.5,14.97
2020-05-26,Rio Grande do Norte,Ceará-Mirim,4.08,3,0,0.0,67,5,7.46,91.16,6.8,0.09,73497,48.97,-2.72,77.53,4.08
2020-05-25,Rio Grande do Norte,Ceará-Mirim,12.25,9,0,0.0,64,5,7.81,87.08,6.8,0.09,73497,51.69,8.17,73.45,10.89
2020-05-24,Rio Grande do Norte,Ceará-Mirim,6.8,5,0,0.0,55,5,9.09,74.83,6.8,0.07,73497,43.52,1.36,62.56,5.44
2020-05-22,Rio Grande do Norte,Ceará-Mirim,2.72,2,0,0.0,50,5,10.0,68.03,6.8,0.07,73497,42.16,-1.36,57.12,1.36
2020-05-21,Rio Grande do Norte,Ceará-Mirim,5.44,4,0,0.0,48,5,10.42,65.31,6.8,0.07,73497,43.52,2.72,55.76,5.44
2020-05-20,Rio Grande do Norte,Ceará-Mirim,8.16,6,0,0.0,44,5,11.36,59.87,6.8,0.06,73497,40.8,5.44,50.32,8.16
2020-05-19,Rio Grande do Norte,Ceará-Mirim,9.52,7,0,0.0,38,5,13.16,51.7,6.8,0.05,73497,35.36,13.6,42.16,9.52
2020-05-18,Rio Grande do Norte,Ceará-Mirim,6.8,5,2,2.72,31,5,16.13,42.18,6.8,0.04,73497,21.76,6.8,32.64,4.08
2020-05-17,Rio Grande do Norte,Ceará-Mirim,4.08,3,1,1.36,26,3,11.54,35.38,4.08,0.04,73497,14.96,2.72,28.56,4.08
2020-05-16,Rio Grande do Norte,Ceará-Mirim,5.44,4,0,0.0,23,2,8.7,31.29,2.72,0.03,73497,12.24,5.44,24.48,5.44
2020-05-14,Rio Grande do Norte,Ceará-Mirim,4.08,3,0,0.0,19,2,10.53,25.85,2.72,0.03,73497,6.8,1.36,19.04,4.08
2020-05-13,Rio Grande do Norte,Ceará-Mirim,2.72,2,0,0.0,16,2,12.5,21.77,2.72,0.02,73497,5.44,2.72,14.96,0.0
2020-05-12,Rio Grande do Norte,Ceará-Mirim,2.72,2,0,0.0,14,2,14.29,19.05,2.72,0.02,73497,2.72,2.72,14.96,2.72
2020-05-11,Rio Grande do Norte,Ceará-Mirim,-4.08,-3,0,0.0,12,2,16.67,16.33,2.72,0.02,73497,0.0,-4.08,12.24,-4.08
2020-05-10,Rio Grande do Norte,Ceará-Mirim,0.0,0,0,0.0,15,2,13.33,20.41,2.72,0.02,73497,4.08,0.0,16.32,0.0
2020-05-08,Rio Grande do Norte,Ceará-Mirim,1.36,1,0,0.0,15,2,13.33,20.41,2.72,0.02,73497,4.08,1.36,16.32,1.36
2020-05-06,Rio Grande do Norte,Ceará-Mirim,0.0,0,0,0.0,14,2,14.29,19.05,2.72,0.02,73497,2.72,-1.36,14.96,0.0
2020-05-05,Rio Grande do Norte,Ceará-Mirim,2.72,2,0,0.0,14,2,14.29,19.05,2.72,0.02,73497,4.08,2.72,14.96,2.72
2020-05-04,Rio Grande do Norte,Ceará-Mirim,0.0,0,0,0.0,12,2,16.67,16.33,2.72,0.02,73497,1.36,-1.36,12.24,-1.36
2020-05-03,Rio Grande do Norte,Ceará-Mirim,0.0,0,0,0.0,12,2,16.67,16.33,2.72,0.02,73497,2.72,0.0,13.6,-1.36
2020-05-02,Rio Grande do Norte,Ceará-Mirim,0.0,0,0,0.0,12,2,16.67,16.33,2.72,0.02,73497,2.72,0.0,14.96,-1.36
2020-05-01,Rio Grande do Norte,Ceará-Mirim,0.0,0,0,0.0,12,2,16.67,16.33,2.72,0.02,73497,2.72,0.0,16.32,0.0
2020-04-30,Rio Grande do Norte,Ceará-Mirim,0.0,0,0,0.0,12,2,16.67,16.33,2.72,0.02,73497,2.72,-1.36,16.32,0.0
2020-04-29,Rio Grande do Norte,Ceará-Mirim,1.36,1,0,0.0,12,2,16.67,16.33,2.72,0.02,73497,4.08,0.0,16.32,1.36
2020-04-28,Rio Grande do Norte,Ceará-Mirim,0.0,0,0,0.0,11,2,18.18,14.97,2.72,0.01,73497,4.08,-1.36,14.96,0.0
2020-04-27,Rio Grande do Norte,Ceará-Mirim,1.36,1,1,1.36,11,2,18.18,14.97,2.72,0.01,73497,5.44,1.36,14.96,1.36
2020-04-26,Rio Grande do Norte,Ceará-Mirim,0.0,0,0,0.0,10,1,10.0,13.61,1.36,0.01,73497,4.08,0.0,13.6,0.0
2020-04-25,Rio Grande do Norte,Ceará-Mirim,0.0,0,0,0.0,10,1,10.0,13.61,1.36,0.01,73497,4.08,0.0,13.6,0.0
2020-04-24,Rio Grande do Norte,Ceará-Mirim,0.0,0,0,0.0,10,1,10.0,13.61,1.36,0.01,73497,4.08,-2.72,13.6,0.0
2020-04-23,Rio Grande do Norte,Ceará-Mirim,1.36,1,0,0.0,10,1,10.0,13.61,1.36,0.01,73497,6.8,1.36,13.6,1.36
2020-04-22,Rio Grande do Norte,Ceará-Mirim,1.36,1,1,1.36,9,1,11.11,12.25,1.36,0.01,73497,5.44,1.36,12.24,1.36
2020-04-21,Rio Grande do Norte,Ceará-Mirim,1.36,1,0,0.0,8,0,0.0,10.88,0.0,0.01,73497,4.08,1.36,10.88,1.36
2020-04-20,Rio Grande do Norte,Ceará-Mirim,0.0,0,0,0.0,7,0,0.0,9.52,0.0,0.01,73497,2.72,-2.72,9.52,0.0
2020-04-19,Rio Grande do Norte,Ceará-Mirim,0.0,0,0,0.0,7,0,0.0,9.52,0.0,0.01,73497,5.44,0.0,9.52,0.0
2020-04-18,Rio Grande do Norte,Ceará-Mirim,0.0,0,0,0.0,7,0,0.0,9.52,0.0,0.01,73497,5.44,0.0,9.52,0.0
2020-04-17,Rio Grande do Norte,Ceará-Mirim,2.72,2,0,0.0,7,0,0.0,9.52,0.0,0.01,73497,5.44,2.72,9.52,2.72
2020-04-16,Rio Grande do Norte,Ceará-Mirim,0.0,0,0,0.0,5,0,0.0,6.8,0.0,0.01,73497,2.72,0.0,6.8,0.0
2020-04-15,Rio Grande do Norte,Ceará-Mirim,0.0,0,0,0.0,5,0,0.0,6.8,0.0,0.01,73497,2.72,0.0,6.8,0.0
2020-04-14,Rio Grande do Norte,Ceará-Mirim,0.0,0,0,0.0,5,0,0.0,6.8,0.0,0.01,73497,2.72,0.0,6.8,0.0
2020-04-13,Rio Grande do Norte,Ceará-Mirim,2.72,2,0,0.0,5,0,0.0,6.8,0.0,0.01,73497,2.72,1.36,6.8,2.72
2020-04-12,Rio Grande do Norte,Ceará-Mirim,0.0,0,0,0.0,3,0,0.0,4.08,0.0,0.0,73497,1.36,-1.36,4.08,0.0
2020-04-11,Rio Grande do Norte,Ceará-Mirim,0.0,0,0,0.0,3,0,0.0,4.08,0.0,0.0,73497,2.72,-1.36,4.08,0.0
2020-04-10,Rio Grande do Norte,Ceará-Mirim,0.0,0,0,0.0,3,0,0.0,4.08,0.0,0.0,73497,4.08,0.0,4.08,0.0
2020-04-08,Rio Grande do Norte,Ceará-Mirim,0.0,0,0,0.0,3,0,0.0,4.08,0.0,0.0,73497,4.08,0.0,4.08,0.0
2020-04-07,Rio Grande do Norte,Ceará-Mirim,0.0,0,0,0.0,3,0,0.0,4.08,0.0,0.0,73497,4.08,0.0,4.08,0.0
2020-04-05,Rio Grande do Norte,Ceará-Mirim,0.0,0,0,0.0,3,0,0.0,4.08,0.0,0.0,73497,4.08,0.0,4.08,0.0
2020-04-03,Rio Grande do Norte,Ceará-Mirim,1.36,1,0,0.0,3,0,0.0,4.08,0.0,0.0,73497,4.08,1.36,4.08,1.36
2020-04-02,Rio Grande do Norte,Ceará-Mirim,1.36,1,0,0.0,2,0,0.0,2.72,0.0,0.0,73497,2.72,1.36,2.72,1.36
2020-04-01,Rio Grande do Norte,Ceará-Mirim,1.36,1,0,0.0,1,0,0.0,1.36,0.0,0.0,73497,1.36,1.36,1.36,1.36
