date,state,city,1day_cases_100k,new_cases,new_deaths,new_deaths_100k,total_cases,total_deaths,cfr%,total_cases_100k,total_deaths_100k,%infected,population,7day_cases_100k,7day_cases_change,28day_cases_100k,28day_cases_change
2020-11-17,Rio Grande do Norte,Pureza,0.0,0,0,0.0,96,1,1.04,997.82,10.39,1.0,9621,20.78,0.0,-0.01,0.0
2020-11-16,Rio Grande do Norte,Pureza,10.39,1,0,0.0,96,1,1.04,997.82,10.39,1.0,9621,20.78,10.39,-0.01,0.0
2020-11-10,Rio Grande do Norte,Pureza,0.0,0,0,0.0,95,1,1.05,987.42,10.39,0.99,9621,10.39,10.39,-0.01,-10.39
2020-11-06,Rio Grande do Norte,Pureza,10.39,1,0,0.0,95,1,1.05,987.42,10.39,0.99,9621,0.0,10.39,10.38,0.0
2020-11-05,Rio Grande do Norte,Pureza,0.0,0,0,0.0,94,1,1.06,977.03,10.39,0.98,9621,-10.39,0.0,10.38,0.0
2020-11-04,Rio Grande do Norte,Pureza,0.0,0,0,0.0,94,1,1.06,977.03,10.39,0.98,9621,-10.39,0.0,10.38,0.0
2020-11-03,Rio Grande do Norte,Pureza,0.0,0,0,0.0,94,1,1.06,977.03,10.39,0.98,9621,-10.39,0.0,10.38,-20.79
2020-11-02,Rio Grande do Norte,Pureza,0.0,0,0,0.0,94,1,1.06,977.03,10.39,0.98,9621,-10.39,10.39,31.17,0.0
2020-11-01,Rio Grande do Norte,Pureza,0.0,0,0,0.0,94,1,1.06,977.03,10.39,0.98,9621,-20.78,0.0,31.17,0.0
2020-10-30,Rio Grande do Norte,Pureza,-10.39,-1,0,0.0,94,1,1.06,977.03,10.39,0.98,9621,-20.78,-41.57,31.17,-10.39
2020-10-29,Rio Grande do Norte,Pureza,0.0,0,0,0.0,95,1,1.05,987.42,10.39,0.99,9621,20.79,0.0,41.56,0.0
2020-10-28,Rio Grande do Norte,Pureza,0.0,0,0,0.0,95,1,1.05,987.42,10.39,0.99,9621,20.79,0.0,41.56,0.0
2020-10-27,Rio Grande do Norte,Pureza,0.0,0,0,0.0,95,1,1.05,987.42,10.39,0.99,9621,20.79,0.0,41.56,0.0
2020-10-26,Rio Grande do Norte,Pureza,0.0,0,0,0.0,95,1,1.05,987.42,10.39,0.99,9621,20.79,0.0,41.56,0.0
2020-10-25,Rio Grande do Norte,Pureza,-10.39,-1,0,0.0,95,1,1.05,987.42,10.39,0.99,9621,20.79,31.19,41.56,-10.39
2020-10-23,Rio Grande do Norte,Pureza,0.0,0,0,0.0,96,1,1.04,997.82,10.39,1.0,9621,-10.4,-10.39,51.95,0.0
2020-10-22,Rio Grande do Norte,Pureza,31.18,3,0,0.0,96,1,1.04,997.82,10.39,1.0,9621,-0.01,31.18,51.95,31.18
2020-10-21,Rio Grande do Norte,Pureza,0.0,0,0,0.0,93,1,1.08,966.64,10.39,0.97,9621,-31.19,0.0,20.77,-10.39
2020-10-19,Rio Grande do Norte,Pureza,0.0,0,0,0.0,93,1,1.08,966.64,10.39,0.97,9621,-31.19,0.0,31.16,0.0
2020-10-18,Rio Grande do Norte,Pureza,0.0,0,0,0.0,93,1,1.08,966.64,10.39,0.97,9621,-31.19,0.0,31.16,-10.39
2020-10-16,Rio Grande do Norte,Pureza,0.0,0,0,0.0,93,1,1.08,966.64,10.39,0.97,9621,-31.19,0.0,41.55,0.0
2020-10-15,Rio Grande do Norte,Pureza,-41.58,-4,0,0.0,93,1,1.08,966.64,10.39,0.97,9621,-31.19,-41.58,41.55,-41.58
2020-10-14,Rio Grande do Norte,Pureza,10.39,1,0,0.0,97,1,1.03,1008.21,10.39,1.01,9621,10.39,0.0,83.13,10.39
2020-10-13,Rio Grande do Norte,Pureza,0.0,0,0,0.0,96,1,1.04,997.82,10.39,1.0,9621,10.39,-10.39,72.74,0.0
2020-10-12,Rio Grande do Norte,Pureza,0.0,0,0,0.0,96,1,1.04,997.82,10.39,1.0,9621,20.78,-10.39,72.74,0.0
2020-10-11,Rio Grande do Norte,Pureza,0.0,0,0,0.0,96,1,1.04,997.82,10.39,1.0,9621,31.17,0.0,72.74,-10.39
2020-10-09,Rio Grande do Norte,Pureza,0.0,0,0,0.0,96,1,1.04,997.82,10.39,1.0,9621,31.17,0.0,83.13,0.0
2020-10-08,Rio Grande do Norte,Pureza,0.0,0,0,0.0,96,1,1.04,997.82,10.39,1.0,9621,31.17,-20.79,83.13,0.0
2020-10-07,Rio Grande do Norte,Pureza,0.0,0,0,0.0,96,1,1.04,997.82,10.39,1.0,9621,51.96,0.0,83.13,0.0
2020-10-06,Rio Grande do Norte,Pureza,10.39,1,0,0.0,96,1,1.04,997.82,10.39,1.0,9621,51.96,10.39,83.13,10.39
2020-10-05,Rio Grande do Norte,Pureza,10.39,1,0,0.0,95,1,1.05,987.42,10.39,0.99,9621,41.57,10.39,72.74,10.39
2020-10-04,Rio Grande do Norte,Pureza,10.39,1,0,0.0,94,1,1.06,977.03,10.39,0.98,9621,31.18,10.39,62.35,10.39
2020-10-02,Rio Grande do Norte,Pureza,0.0,0,0,0.0,93,1,1.08,966.64,10.39,0.97,9621,20.79,0.0,51.96,0.0
2020-10-01,Rio Grande do Norte,Pureza,0.0,0,0,0.0,93,1,1.08,966.64,10.39,0.97,9621,20.79,0.0,51.96,0.0
2020-09-30,Rio Grande do Norte,Pureza,20.79,2,0,0.0,93,1,1.08,966.64,10.39,0.97,9621,20.79,20.79,51.96,10.4
2020-09-29,Rio Grande do Norte,Pureza,0.0,0,0,0.0,91,1,1.1,945.85,10.39,0.95,9621,0.0,0.0,41.56,0.0
2020-09-28,Rio Grande do Norte,Pureza,0.0,0,0,0.0,91,1,1.1,945.85,10.39,0.95,9621,0.0,0.0,41.56,0.0
2020-09-27,Rio Grande do Norte,Pureza,0.0,0,0,0.0,91,1,1.1,945.85,10.39,0.95,9621,0.0,0.0,41.56,0.0
2020-09-25,Rio Grande do Norte,Pureza,0.0,0,0,0.0,91,1,1.1,945.85,10.39,0.95,9621,0.0,-10.39,41.56,0.0
2020-09-24,Rio Grande do Norte,Pureza,0.0,0,0,0.0,91,1,1.1,945.85,10.39,0.95,9621,10.39,0.0,41.56,0.0
2020-09-23,Rio Grande do Norte,Pureza,0.0,0,0,0.0,91,1,1.1,945.85,10.39,0.95,9621,10.39,-10.39,41.56,-10.39
2020-09-22,Rio Grande do Norte,Pureza,0.0,0,0,0.0,91,1,1.1,945.85,10.39,0.95,9621,20.78,0.0,51.95,0.0
2020-09-21,Rio Grande do Norte,Pureza,0.0,0,0,0.0,91,1,1.1,945.85,10.39,0.95,9621,20.78,0.0,51.95,0.0
2020-09-20,Rio Grande do Norte,Pureza,0.0,0,0,0.0,91,1,1.1,945.85,10.39,0.95,9621,20.78,0.0,51.95,0.0
2020-09-18,Rio Grande do Norte,Pureza,0.0,0,0,0.0,91,1,1.1,945.85,10.39,0.95,9621,20.78,0.0,51.95,-10.39
2020-09-17,Rio Grande do Norte,Pureza,10.39,1,0,0.0,91,1,1.1,945.85,10.39,0.95,9621,20.78,10.39,62.34,10.39
2020-09-13,Rio Grande do Norte,Pureza,0.0,0,0,0.0,90,1,1.11,935.45,10.39,0.94,9621,10.39,-10.39,51.95,0.0
2020-09-11,Rio Grande do Norte,Pureza,10.39,1,0,0.0,90,1,1.11,935.45,10.39,0.94,9621,20.78,10.39,51.95,10.39
2020-09-10,Rio Grande do Norte,Pureza,0.0,0,0,0.0,89,1,1.12,925.06,10.39,0.93,9621,10.39,0.0,41.56,0.0
2020-09-09,Rio Grande do Norte,Pureza,0.0,0,0,0.0,89,1,1.12,925.06,10.39,0.93,9621,10.39,0.0,41.56,0.0
2020-09-07,Rio Grande do Norte,Pureza,0.0,0,0,0.0,89,1,1.12,925.06,10.39,0.93,9621,10.39,0.0,41.56,0.0
2020-09-06,Rio Grande do Norte,Pureza,0.0,0,0,0.0,89,1,1.12,925.06,10.39,0.93,9621,10.39,0.0,41.56,0.0
2020-09-04,Rio Grande do Norte,Pureza,0.0,0,0,0.0,89,1,1.12,925.06,10.39,0.93,9621,10.39,0.0,41.56,0.0
2020-09-03,Rio Grande do Norte,Pureza,10.39,1,0,0.0,89,1,1.12,925.06,10.39,0.93,9621,10.39,10.39,41.56,0.0
2020-09-02,Rio Grande do Norte,Pureza,0.0,0,0,0.0,88,1,1.14,914.67,10.39,0.91,9621,0.0,0.0,41.56,-10.39
2020-08-31,Rio Grande do Norte,Pureza,0.0,0,0,0.0,88,1,1.14,914.67,10.39,0.91,9621,0.0,-10.39,51.95,0.0
2020-08-30,Rio Grande do Norte,Pureza,0.0,0,0,0.0,88,1,1.14,914.67,10.39,0.91,9621,10.39,0.0,51.95,0.0
2020-08-26,Rio Grande do Norte,Pureza,0.0,0,0,0.0,88,1,1.14,914.67,10.39,0.91,9621,10.39,0.0,51.95,-10.39
2020-08-25,Rio Grande do Norte,Pureza,0.0,0,0,0.0,88,1,1.14,914.67,10.39,0.91,9621,10.39,0.0,62.34,0.0
2020-08-24,Rio Grande do Norte,Pureza,0.0,0,0,0.0,88,1,1.14,914.67,10.39,0.91,9621,10.39,0.0,62.34,-10.39
2020-08-23,Rio Grande do Norte,Pureza,0.0,0,0,0.0,88,1,1.14,914.67,10.39,0.91,9621,10.39,0.0,72.73,-10.39
2020-08-21,Rio Grande do Norte,Pureza,0.0,0,0,0.0,88,1,1.14,914.67,10.39,0.91,9621,10.39,-10.39,83.12,0.0
2020-08-20,Rio Grande do Norte,Pureza,10.39,1,0,0.0,88,1,1.14,914.67,10.39,0.91,9621,20.78,10.39,83.12,10.39
2020-08-19,Rio Grande do Norte,Pureza,0.0,0,0,0.0,87,1,1.15,904.27,10.39,0.9,9621,10.39,0.0,72.73,0.0
2020-08-18,Rio Grande do Norte,Pureza,0.0,0,0,0.0,87,1,1.15,904.27,10.39,0.9,9621,10.39,0.0,72.73,-10.39
2020-08-17,Rio Grande do Norte,Pureza,0.0,0,0,0.0,87,1,1.15,904.27,10.39,0.9,9621,10.39,-10.39,83.12,-10.39
2020-08-16,Rio Grande do Norte,Pureza,0.0,0,0,0.0,87,1,1.15,904.27,10.39,0.9,9621,20.78,0.0,93.51,0.0
2020-08-14,Rio Grande do Norte,Pureza,0.0,0,0,0.0,87,1,1.15,904.27,10.39,0.9,9621,20.78,0.0,93.51,0.0
2020-08-13,Rio Grande do Norte,Pureza,10.39,1,0,0.0,87,1,1.15,904.27,10.39,0.9,9621,20.78,10.39,93.51,0.0
2020-08-12,Rio Grande do Norte,Pureza,0.0,0,0,0.0,86,1,1.16,893.88,10.39,0.89,9621,10.39,0.0,93.51,-20.79
2020-08-11,Rio Grande do Norte,Pureza,0.0,0,0,0.0,86,1,1.16,893.88,10.39,0.89,9621,10.39,0.0,114.3,0.0
2020-08-10,Rio Grande do Norte,Pureza,0.0,0,0,0.0,86,1,1.16,893.88,10.39,0.89,9621,10.39,0.0,114.3,0.0
2020-08-09,Rio Grande do Norte,Pureza,10.39,1,0,0.0,86,1,1.16,893.88,10.39,0.89,9621,10.39,10.39,114.3,10.39
2020-08-07,Rio Grande do Norte,Pureza,0.0,0,0,0.0,85,1,1.18,883.48,10.39,0.88,9621,0.0,0.0,103.91,-20.79
2020-08-06,Rio Grande do Norte,Pureza,0.0,0,0,0.0,85,1,1.18,883.48,10.39,0.88,9621,0.0,-10.39,124.7,0.0
2020-08-05,Rio Grande do Norte,Pureza,0.0,0,0,0.0,85,1,1.18,883.48,10.39,0.88,9621,10.39,-10.39,124.7,0.0
2020-08-04,Rio Grande do Norte,Pureza,0.0,0,0,0.0,85,1,1.18,883.48,10.39,0.88,9621,20.78,0.0,124.7,0.0
2020-08-03,Rio Grande do Norte,Pureza,0.0,0,0,0.0,85,1,1.18,883.48,10.39,0.88,9621,20.78,0.0,124.7,0.0
2020-08-02,Rio Grande do Norte,Pureza,0.0,0,0,0.0,85,1,1.18,883.48,10.39,0.88,9621,20.78,-10.39,124.7,-31.18
2020-07-31,Rio Grande do Norte,Pureza,0.0,0,0,0.0,85,1,1.18,883.48,10.39,0.88,9621,31.17,0.0,155.88,0.0
2020-07-30,Rio Grande do Norte,Pureza,0.0,0,0,0.0,85,1,1.18,883.48,10.39,0.88,9621,31.17,-10.39,155.88,-103.94
2020-07-29,Rio Grande do Norte,Pureza,10.39,1,0,0.0,85,1,1.18,883.48,10.39,0.88,9621,41.56,0.0,259.82,0.0
2020-07-28,Rio Grande do Norte,Pureza,10.39,1,0,0.0,84,1,1.19,873.09,10.39,0.87,9621,41.56,10.39,259.82,10.39
2020-07-27,Rio Grande do Norte,Pureza,0.0,0,0,0.0,83,1,1.2,862.7,10.39,0.86,9621,31.17,0.0,249.43,0.0
2020-07-26,Rio Grande do Norte,Pureza,0.0,0,0,0.0,83,1,1.2,862.7,10.39,0.86,9621,31.17,0.0,249.43,0.0
2020-07-24,Rio Grande do Norte,Pureza,10.39,1,0,0.0,83,1,1.2,862.7,10.39,0.86,9621,31.17,0.0,249.43,-20.79
2020-07-23,Rio Grande do Norte,Pureza,0.0,0,0,0.0,82,1,1.22,852.3,10.39,0.85,9621,31.17,-10.39,270.22,-51.97
2020-07-22,Rio Grande do Norte,Pureza,10.39,1,0,0.0,82,1,1.22,852.3,10.39,0.85,9621,41.56,10.39,322.19,0.0
2020-07-21,Rio Grande do Norte,Pureza,10.39,1,0,0.0,81,1,1.23,841.91,10.39,0.84,9621,31.17,10.39,322.19,0.0
2020-07-20,Rio Grande do Norte,Pureza,0.0,0,0,0.0,80,1,1.25,831.51,10.39,0.83,9621,20.78,-10.39,322.19,-20.79
2020-07-19,Rio Grande do Norte,Pureza,0.0,0,0,0.0,80,1,1.25,831.51,10.39,0.83,9621,31.17,-20.79,342.98,0.0
2020-07-17,Rio Grande do Norte,Pureza,0.0,0,0,0.0,80,1,1.25,831.51,10.39,0.83,9621,51.96,0.0,342.98,-20.79
2020-07-16,Rio Grande do Norte,Pureza,10.39,1,0,0.0,80,1,1.25,831.51,10.39,0.83,9621,51.96,10.39,363.77,10.39
2020-07-15,Rio Grande do Norte,Pureza,10.39,1,0,0.0,79,1,1.27,821.12,10.39,0.82,9621,41.57,10.39,353.38,0.0
2020-07-14,Rio Grande do Norte,Pureza,0.0,0,0,0.0,78,1,1.28,810.73,10.39,0.81,9621,31.18,-20.79,353.38,-103.94
2020-07-13,Rio Grande do Norte,Pureza,0.0,0,0,0.0,78,1,1.28,810.73,10.39,0.81,9621,51.97,0.0,457.32,0.0
2020-07-12,Rio Grande do Norte,Pureza,10.39,1,0,0.0,78,1,1.28,810.73,10.39,0.81,9621,51.97,10.39,457.32,-20.79
2020-07-10,Rio Grande do Norte,Pureza,20.79,2,0,0.0,77,1,1.3,800.33,10.39,0.8,9621,41.58,20.79,478.11,-93.54
2020-07-09,Rio Grande do Norte,Pureza,0.0,0,0,0.0,75,1,1.33,779.54,10.39,0.78,9621,20.79,0.0,571.65,0.0
2020-07-08,Rio Grande do Norte,Pureza,0.0,0,0,0.0,75,1,1.33,779.54,10.39,0.78,9621,20.79,-31.18,571.65,-10.39
2020-07-07,Rio Grande do Norte,Pureza,0.0,0,0,0.0,75,1,1.33,779.54,10.39,0.78,9621,51.97,0.0,582.04,0.0
2020-07-06,Rio Grande do Norte,Pureza,20.79,2,0,0.0,75,1,1.33,779.54,10.39,0.78,9621,51.97,-83.15,582.04,0.0
2020-07-05,Rio Grande do Norte,Pureza,0.0,0,0,0.0,73,1,1.37,758.76,10.39,0.76,9621,135.12,-10.39,582.04,-10.39
2020-07-03,Rio Grande do Norte,Pureza,0.0,0,0,0.0,73,1,1.37,758.76,10.39,0.76,9621,145.51,0.0,592.43,-135.12
2020-07-02,Rio Grande do Norte,Pureza,0.0,0,0,0.0,73,1,1.37,758.76,10.39,0.76,9621,145.51,0.0,727.55,-10.39
2020-07-01,Rio Grande do Norte,Pureza,0.0,0,0,0.0,73,1,1.37,758.76,10.39,0.76,9621,145.51,0.0,737.94,0.0
2020-06-30,Rio Grande do Norte,Pureza,31.18,3,0,0.0,73,1,1.37,758.76,10.39,0.76,9621,145.51,0.0,737.94,31.18
2020-06-29,Rio Grande do Norte,Pureza,0.0,0,0,0.0,70,1,1.43,727.58,10.39,0.73,9621,145.51,-51.97,706.76,0.0
2020-06-28,Rio Grande do Norte,Pureza,103.94,10,0,0.0,70,1,1.43,727.58,10.39,0.73,9621,197.48,93.55,706.76,103.94
2020-06-25,Rio Grande do Norte,Pureza,10.39,1,0,0.0,60,1,1.67,623.64,10.39,0.62,9621,103.93,0.0,602.82,10.39
2020-06-24,Rio Grande do Norte,Pureza,0.0,0,0,0.0,59,1,1.69,613.24,10.39,0.61,9621,103.93,-20.79,592.43,0.0
2020-06-23,Rio Grande do Norte,Pureza,0.0,0,0,0.0,59,1,1.69,613.24,10.39,0.61,9621,124.72,0.0,592.43,0.0
2020-06-22,Rio Grande do Norte,Pureza,0.0,0,0,0.0,59,1,1.69,613.24,10.39,0.61,9621,124.72,-20.79,592.43,0.0
2020-06-21,Rio Grande do Norte,Pureza,31.18,3,0,0.0,59,1,1.69,613.24,10.39,0.61,9621,145.51,31.18,592.43,31.18
2020-06-19,Rio Grande do Norte,Pureza,51.97,5,0,0.0,56,1,1.79,582.06,10.39,0.58,9621,114.33,41.58,561.25,51.97
2020-06-18,Rio Grande do Norte,Pureza,10.39,1,0,0.0,51,1,1.96,530.09,10.39,0.53,9621,72.75,-93.55,509.28,10.39
2020-06-17,Rio Grande do Norte,Pureza,10.39,1,0,0.0,50,1,2.0,519.7,10.39,0.52,9621,166.3,10.39,498.89,10.39
2020-06-16,Rio Grande do Norte,Pureza,20.79,2,0,0.0,49,1,2.04,509.3,10.39,0.51,9621,155.91,-10.39,488.5,20.79
2020-06-15,Rio Grande do Norte,Pureza,0.0,0,0,0.0,47,1,2.13,488.51,10.39,0.49,9621,166.3,-114.33,467.71,0.0
2020-06-14,Rio Grande do Norte,Pureza,20.79,2,1,10.39,47,1,2.13,488.51,10.39,0.49,9621,280.63,20.79,467.71,20.79
2020-06-12,Rio Grande do Norte,Pureza,0.0,0,0,0.0,45,0,0.0,467.73,0.0,0.47,9621,259.84,-10.39,446.92,0.0
2020-06-11,Rio Grande do Norte,Pureza,10.39,1,0,0.0,45,0,0.0,467.73,0.0,0.47,9621,270.23,10.39,446.92,10.39
2020-06-10,Rio Grande do Norte,Pureza,103.94,10,0,0.0,44,0,0.0,457.33,0.0,0.46,9621,259.84,83.15,436.53,103.94
2020-06-09,Rio Grande do Norte,Pureza,0.0,0,0,0.0,34,0,0.0,353.39,0.0,0.35,9621,176.69,-10.39,332.59,0.0
2020-06-08,Rio Grande do Norte,Pureza,31.18,3,0,0.0,34,0,0.0,353.39,0.0,0.35,9621,187.08,-103.94,332.59,31.18
2020-06-07,Rio Grande do Norte,Pureza,114.33,11,0,0.0,31,0,0.0,322.21,0.0,0.32,9621,291.02,103.94,301.41,114.33
2020-06-05,Rio Grande do Norte,Pureza,0.0,0,0,0.0,20,0,0.0,207.88,0.0,0.21,9621,187.08,0.0,187.08,0.0
2020-06-04,Rio Grande do Norte,Pureza,10.39,1,0,0.0,20,0,0.0,207.88,0.0,0.21,9621,187.08,10.39,187.08,10.39
2020-06-03,Rio Grande do Norte,Pureza,0.0,0,0,0.0,19,0,0.0,197.48,0.0,0.2,9621,176.69,0.0,176.69,0.0
2020-06-02,Rio Grande do Norte,Pureza,20.79,2,0,0.0,19,0,0.0,197.48,0.0,0.2,9621,176.69,20.79,176.69,20.79
2020-06-01,Rio Grande do Norte,Pureza,10.39,1,0,0.0,17,0,0.0,176.7,0.0,0.18,9621,155.9,10.39,155.9,10.39
2020-05-31,Rio Grande do Norte,Pureza,135.12,13,0,0.0,16,0,0.0,166.3,0.0,0.17,9621,145.51,135.12,145.51,135.12
2020-05-29,Rio Grande do Norte,Pureza,10.39,1,0,0.0,3,0,0.0,31.18,0.0,0.03,9621,10.39,10.39,10.39,10.39
2020-05-28,Rio Grande do Norte,Pureza,0.0,0,0,0.0,2,0,0.0,20.79,0.0,0.02,9621,0.0,0.0,0.0,0.0
2020-05-26,Rio Grande do Norte,Pureza,0.0,0,0,0.0,2,0,0.0,20.79,0.0,0.02,9621,0.0,0.0,0.0,0.0
2020-05-25,Rio Grande do Norte,Pureza,0.0,0,0,0.0,2,0,0.0,20.79,0.0,0.02,9621,0.0,0.0,0.0,0.0
