date,state,city,1day_cases_100k,new_cases,new_deaths,new_deaths_100k,total_cases,total_deaths,cfr%,total_cases_100k,total_deaths_100k,%infected,population,7day_cases_100k,7day_cases_change,28day_cases_100k,28day_cases_change
2020-08-21,Rio Grande do Norte,Tenente Laurentino Cruz,0.0,0,0,0.0,33,0,0.0,554.44,0.0,0.55,5952,0.0,0.0,100.8,0.0
2020-08-20,Rio Grande do Norte,Tenente Laurentino Cruz,0.0,0,0,0.0,33,0,0.0,554.44,0.0,0.55,5952,0.0,0.0,100.8,0.0
2020-08-19,Rio Grande do Norte,Tenente Laurentino Cruz,0.0,0,0,0.0,33,0,0.0,554.44,0.0,0.55,5952,0.0,0.0,100.8,0.0
2020-08-18,Rio Grande do Norte,Tenente Laurentino Cruz,0.0,0,0,0.0,33,0,0.0,554.44,0.0,0.55,5952,0.0,-16.8,100.8,0.0
2020-08-17,Rio Grande do Norte,Tenente Laurentino Cruz,0.0,0,0,0.0,33,0,0.0,554.44,0.0,0.55,5952,16.8,0.0,100.8,0.0
2020-08-16,Rio Grande do Norte,Tenente Laurentino Cruz,0.0,0,0,0.0,33,0,0.0,554.44,0.0,0.55,5952,16.8,-16.8,100.8,0.0
2020-08-14,Rio Grande do Norte,Tenente Laurentino Cruz,0.0,0,0,0.0,33,0,0.0,554.44,0.0,0.55,5952,33.6,-16.8,100.8,0.0
2020-08-13,Rio Grande do Norte,Tenente Laurentino Cruz,0.0,0,0,0.0,33,0,0.0,554.44,0.0,0.55,5952,50.4,0.0,100.8,0.0
2020-08-12,Rio Grande do Norte,Tenente Laurentino Cruz,0.0,0,0,0.0,33,0,0.0,554.44,0.0,0.55,5952,50.4,0.0,100.8,0.0
2020-08-11,Rio Grande do Norte,Tenente Laurentino Cruz,0.0,0,0,0.0,33,0,0.0,554.44,0.0,0.55,5952,50.4,0.0,100.8,0.0
2020-08-10,Rio Grande do Norte,Tenente Laurentino Cruz,16.8,1,0,0.0,33,0,0.0,554.44,0.0,0.55,5952,50.4,16.8,100.8,16.8
2020-08-09,Rio Grande do Norte,Tenente Laurentino Cruz,0.0,0,0,0.0,32,0,0.0,537.63,0.0,0.54,5952,33.6,0.0,84.0,-16.8
2020-08-07,Rio Grande do Norte,Tenente Laurentino Cruz,16.8,1,0,0.0,32,0,0.0,537.63,0.0,0.54,5952,33.6,0.0,100.8,16.8
2020-08-06,Rio Grande do Norte,Tenente Laurentino Cruz,16.8,1,0,0.0,31,0,0.0,520.83,0.0,0.52,5952,33.6,0.0,84.0,16.8
2020-08-05,Rio Grande do Norte,Tenente Laurentino Cruz,0.0,0,0,0.0,30,0,0.0,504.03,0.0,0.5,5952,33.6,0.0,67.2,0.0
2020-08-04,Rio Grande do Norte,Tenente Laurentino Cruz,0.0,0,0,0.0,30,0,0.0,504.03,0.0,0.5,5952,33.6,0.0,67.2,0.0
2020-08-03,Rio Grande do Norte,Tenente Laurentino Cruz,0.0,0,0,0.0,30,0,0.0,504.03,0.0,0.5,5952,33.6,0.0,67.2,-16.8
2020-08-02,Rio Grande do Norte,Tenente Laurentino Cruz,0.0,0,0,0.0,30,0,0.0,504.03,0.0,0.5,5952,33.6,-16.8,84.0,0.0
2020-07-31,Rio Grande do Norte,Tenente Laurentino Cruz,0.0,0,0,0.0,30,0,0.0,504.03,0.0,0.5,5952,50.4,0.0,84.0,0.0
2020-07-30,Rio Grande do Norte,Tenente Laurentino Cruz,16.8,1,0,0.0,30,0,0.0,504.03,0.0,0.5,5952,50.4,16.8,84.0,-134.41
2020-07-29,Rio Grande do Norte,Tenente Laurentino Cruz,16.8,1,0,0.0,29,0,0.0,487.23,0.0,0.49,5952,33.6,16.8,218.41,16.8
2020-07-28,Rio Grande do Norte,Tenente Laurentino Cruz,0.0,0,0,0.0,28,0,0.0,470.43,0.0,0.47,5952,16.8,0.0,201.61,0.0
2020-07-27,Rio Grande do Norte,Tenente Laurentino Cruz,0.0,0,0,0.0,28,0,0.0,470.43,0.0,0.47,5952,16.8,0.0,201.61,-33.6
2020-07-26,Rio Grande do Norte,Tenente Laurentino Cruz,0.0,0,0,0.0,28,0,0.0,470.43,0.0,0.47,5952,16.8,0.0,235.21,0.0
2020-07-24,Rio Grande do Norte,Tenente Laurentino Cruz,16.8,1,0,0.0,28,0,0.0,470.43,0.0,0.47,5952,16.8,16.8,235.21,33.6
2020-07-23,Rio Grande do Norte,Tenente Laurentino Cruz,0.0,0,0,0.0,27,0,0.0,453.63,0.0,0.45,5952,0.0,0.0,201.61,-50.4
2020-07-22,Rio Grande do Norte,Tenente Laurentino Cruz,0.0,0,0,0.0,27,0,0.0,453.63,0.0,0.45,5952,0.0,0.0,252.01,0.0
2020-07-21,Rio Grande do Norte,Tenente Laurentino Cruz,0.0,0,0,0.0,27,0,0.0,453.63,0.0,0.45,5952,0.0,0.0,252.01,0.0
2020-07-20,Rio Grande do Norte,Tenente Laurentino Cruz,0.0,0,0,0.0,27,0,0.0,453.63,0.0,0.45,5952,0.0,0.0,252.01,0.0
2020-07-19,Rio Grande do Norte,Tenente Laurentino Cruz,0.0,0,0,0.0,27,0,0.0,453.63,0.0,0.45,5952,0.0,0.0,252.01,0.0
2020-07-17,Rio Grande do Norte,Tenente Laurentino Cruz,0.0,0,0,0.0,27,0,0.0,453.63,0.0,0.45,5952,0.0,0.0,252.01,0.0
2020-07-16,Rio Grande do Norte,Tenente Laurentino Cruz,0.0,0,0,0.0,27,0,0.0,453.63,0.0,0.45,5952,0.0,0.0,252.01,0.0
2020-07-15,Rio Grande do Norte,Tenente Laurentino Cruz,0.0,0,0,0.0,27,0,0.0,453.63,0.0,0.45,5952,0.0,-16.8,252.01,0.0
2020-07-14,Rio Grande do Norte,Tenente Laurentino Cruz,0.0,0,0,0.0,27,0,0.0,453.63,0.0,0.45,5952,16.8,0.0,252.01,0.0
2020-07-13,Rio Grande do Norte,Tenente Laurentino Cruz,0.0,0,0,0.0,27,0,0.0,453.63,0.0,0.45,5952,16.8,0.0,252.01,-67.2
2020-07-12,Rio Grande do Norte,Tenente Laurentino Cruz,0.0,0,0,0.0,27,0,0.0,453.63,0.0,0.45,5952,16.8,0.0,319.21,0.0
2020-07-10,Rio Grande do Norte,Tenente Laurentino Cruz,0.0,0,0,0.0,27,0,0.0,453.63,0.0,0.45,5952,16.8,0.0,319.21,0.0
2020-07-09,Rio Grande do Norte,Tenente Laurentino Cruz,0.0,0,0,0.0,27,0,0.0,453.63,0.0,0.45,5952,16.8,-16.8,319.21,0.0
2020-07-08,Rio Grande do Norte,Tenente Laurentino Cruz,0.0,0,0,0.0,27,0,0.0,453.63,0.0,0.45,5952,33.6,0.0,319.21,0.0
2020-07-07,Rio Grande do Norte,Tenente Laurentino Cruz,16.8,1,0,0.0,27,0,0.0,453.63,0.0,0.45,5952,33.6,16.8,319.21,16.8
2020-07-06,Rio Grande do Norte,Tenente Laurentino Cruz,0.0,0,0,0.0,26,0,0.0,436.83,0.0,0.44,5952,16.8,-151.21,302.41,0.0
2020-07-05,Rio Grande do Norte,Tenente Laurentino Cruz,0.0,0,0,0.0,26,0,0.0,436.83,0.0,0.44,5952,168.01,0.0,302.41,0.0
2020-07-03,Rio Grande do Norte,Tenente Laurentino Cruz,0.0,0,0,0.0,26,0,0.0,436.83,0.0,0.44,5952,168.01,0.0,302.41,-33.6
2020-07-02,Rio Grande do Norte,Tenente Laurentino Cruz,0.0,0,0,0.0,26,0,0.0,436.83,0.0,0.44,5952,168.01,-33.6,336.01,0.0
2020-07-01,Rio Grande do Norte,Tenente Laurentino Cruz,16.8,1,0,0.0,26,0,0.0,436.83,0.0,0.44,5952,201.61,16.8,336.01,-33.6
2020-06-30,Rio Grande do Norte,Tenente Laurentino Cruz,0.0,0,0,0.0,25,0,0.0,420.03,0.0,0.42,5952,184.81,16.8,369.61,0.0
2020-06-29,Rio Grande do Norte,Tenente Laurentino Cruz,0.0,0,0,0.0,25,0,0.0,420.03,0.0,0.42,5952,168.01,-50.4,369.61,-33.6
2020-06-28,Rio Grande do Norte,Tenente Laurentino Cruz,151.21,9,0,0.0,25,0,0.0,420.03,0.0,0.42,5952,218.41,151.21,403.21,151.21
2020-06-25,Rio Grande do Norte,Tenente Laurentino Cruz,0.0,0,0,0.0,16,0,0.0,268.82,0.0,0.27,5952,67.2,0.0,252.0,0.0
2020-06-24,Rio Grande do Norte,Tenente Laurentino Cruz,0.0,0,0,0.0,16,0,0.0,268.82,0.0,0.27,5952,67.2,0.0,252.0,0.0
2020-06-23,Rio Grande do Norte,Tenente Laurentino Cruz,33.6,2,0,0.0,16,0,0.0,268.82,0.0,0.27,5952,67.2,33.6,252.0,33.6
2020-06-22,Rio Grande do Norte,Tenente Laurentino Cruz,0.0,0,0,0.0,14,0,0.0,235.22,0.0,0.24,5952,33.6,0.0,218.4,0.0
2020-06-21,Rio Grande do Norte,Tenente Laurentino Cruz,-16.8,-1,0,0.0,14,0,0.0,235.22,0.0,0.24,5952,33.6,-16.8,218.4,-16.8
2020-06-19,Rio Grande do Norte,Tenente Laurentino Cruz,50.4,3,0,0.0,15,0,0.0,252.02,0.0,0.25,5952,50.4,50.4,235.2,50.4
2020-06-18,Rio Grande do Norte,Tenente Laurentino Cruz,0.0,0,0,0.0,12,0,0.0,201.61,0.0,0.2,5952,0.0,0.0,184.8,0.0
2020-06-17,Rio Grande do Norte,Tenente Laurentino Cruz,0.0,0,0,0.0,12,0,0.0,201.61,0.0,0.2,5952,0.0,-67.2,184.8,0.0
2020-06-16,Rio Grande do Norte,Tenente Laurentino Cruz,0.0,0,0,0.0,12,0,0.0,201.61,0.0,0.2,5952,67.2,0.0,184.8,0.0
2020-06-15,Rio Grande do Norte,Tenente Laurentino Cruz,0.0,0,0,0.0,12,0,0.0,201.61,0.0,0.2,5952,67.2,0.0,184.8,0.0
2020-06-14,Rio Grande do Norte,Tenente Laurentino Cruz,0.0,0,0,0.0,12,0,0.0,201.61,0.0,0.2,5952,67.2,0.0,184.8,0.0
2020-06-12,Rio Grande do Norte,Tenente Laurentino Cruz,0.0,0,0,0.0,12,0,0.0,201.61,0.0,0.2,5952,67.2,0.0,184.8,0.0
2020-06-11,Rio Grande do Norte,Tenente Laurentino Cruz,0.0,0,0,0.0,12,0,0.0,201.61,0.0,0.2,5952,67.2,0.0,184.8,0.0
2020-06-10,Rio Grande do Norte,Tenente Laurentino Cruz,0.0,0,0,0.0,12,0,0.0,201.61,0.0,0.2,5952,67.2,0.0,184.8,0.0
2020-06-09,Rio Grande do Norte,Tenente Laurentino Cruz,67.2,4,0,0.0,12,0,0.0,201.61,0.0,0.2,5952,67.2,67.2,184.8,67.2
2020-06-08,Rio Grande do Norte,Tenente Laurentino Cruz,0.0,0,0,0.0,8,0,0.0,134.41,0.0,0.13,5952,0.0,-33.6,117.6,0.0
2020-06-07,Rio Grande do Norte,Tenente Laurentino Cruz,0.0,0,0,0.0,8,0,0.0,134.41,0.0,0.13,5952,33.6,0.0,117.6,0.0
2020-06-05,Rio Grande do Norte,Tenente Laurentino Cruz,0.0,0,0,0.0,8,0,0.0,134.41,0.0,0.13,5952,33.6,-50.4,117.6,0.0
2020-06-04,Rio Grande do Norte,Tenente Laurentino Cruz,0.0,0,0,0.0,8,0,0.0,134.41,0.0,0.13,5952,84.0,0.0,117.6,0.0
2020-06-03,Rio Grande do Norte,Tenente Laurentino Cruz,0.0,0,0,0.0,8,0,0.0,134.41,0.0,0.13,5952,84.0,-33.6,117.6,0.0
2020-06-02,Rio Grande do Norte,Tenente Laurentino Cruz,0.0,0,0,0.0,8,0,0.0,134.41,0.0,0.13,5952,117.6,0.0,117.6,0.0
2020-06-01,Rio Grande do Norte,Tenente Laurentino Cruz,0.0,0,0,0.0,8,0,0.0,134.41,0.0,0.13,5952,117.6,0.0,117.6,0.0
2020-05-31,Rio Grande do Norte,Tenente Laurentino Cruz,33.6,2,0,0.0,8,0,0.0,134.41,0.0,0.13,5952,117.6,33.6,117.6,33.6
2020-05-29,Rio Grande do Norte,Tenente Laurentino Cruz,0.0,0,0,0.0,6,0,0.0,100.81,0.0,0.1,5952,84.0,0.0,84.0,0.0
2020-05-28,Rio Grande do Norte,Tenente Laurentino Cruz,50.4,3,0,0.0,6,0,0.0,100.81,0.0,0.1,5952,84.0,50.4,84.0,50.4
2020-05-26,Rio Grande do Norte,Tenente Laurentino Cruz,0.0,0,0,0.0,3,0,0.0,50.4,0.0,0.05,5952,33.6,0.0,33.6,0.0
2020-05-25,Rio Grande do Norte,Tenente Laurentino Cruz,33.6,2,0,0.0,3,0,0.0,50.4,0.0,0.05,5952,33.6,33.6,33.6,33.6
2020-05-24,Rio Grande do Norte,Tenente Laurentino Cruz,0.0,0,0,0.0,1,0,0.0,16.8,0.0,0.02,5952,0.0,0.0,0.0,0.0
2020-05-22,Rio Grande do Norte,Tenente Laurentino Cruz,0.0,0,0,0.0,1,0,0.0,16.8,0.0,0.02,5952,0.0,0.0,0.0,0.0
2020-05-21,Rio Grande do Norte,Tenente Laurentino Cruz,0.0,0,0,0.0,1,0,0.0,16.8,0.0,0.02,5952,0.0,0.0,0.0,0.0
2020-05-20,Rio Grande do Norte,Tenente Laurentino Cruz,0.0,0,0,0.0,1,0,0.0,16.8,0.0,0.02,5952,0.0,0.0,0.0,0.0
2020-05-19,Rio Grande do Norte,Tenente Laurentino Cruz,0.0,0,0,0.0,1,0,0.0,16.8,0.0,0.02,5952,0.0,0.0,0.0,0.0
2020-05-18,Rio Grande do Norte,Tenente Laurentino Cruz,0.0,0,0,0.0,1,0,0.0,16.8,0.0,0.02,5952,0.0,0.0,0.0,0.0
2020-05-17,Rio Grande do Norte,Tenente Laurentino Cruz,0.0,0,0,0.0,1,0,0.0,16.8,0.0,0.02,5952,0.0,0.0,0.0,0.0
2020-05-16,Rio Grande do Norte,Tenente Laurentino Cruz,0.0,0,0,0.0,1,0,0.0,16.8,0.0,0.02,5952,0.0,0.0,0.0,0.0
2020-05-14,Rio Grande do Norte,Tenente Laurentino Cruz,0.0,0,0,0.0,1,0,0.0,16.8,0.0,0.02,5952,0.0,0.0,0.0,0.0
2020-05-13,Rio Grande do Norte,Tenente Laurentino Cruz,0.0,0,0,0.0,1,0,0.0,16.8,0.0,0.02,5952,0.0,0.0,0.0,0.0
