date,state,district,1day_cases_100k,new_cases,new_deaths,new_deaths_100k,total_cases,total_deaths,cfr%,total_cases_100k,total_deaths_100k,%infected,population,7day_cases_100k,7day_cases_change,28day_cases_100k,28day_cases_change
2020-08-30,Jammu_Kashmir,Shopiyan,3.01,8,0,0.0,1698,28,1.65,638.44,10.53,0.64,265960,27.45,1.88,86.52,-5.26
2020-08-29,Jammu_Kashmir,Shopiyan,4.51,12,0,0.0,1690,28,1.66,635.43,10.53,0.64,265960,25.57,2.63,91.78,-1.51
2020-08-28,Jammu_Kashmir,Shopiyan,3.38,9,0,0.0,1678,28,1.67,630.92,10.53,0.63,265960,22.94,3.38,93.29,0.37
2020-08-27,Jammu_Kashmir,Shopiyan,8.65,23,0,0.0,1669,28,1.68,627.54,10.53,0.63,265960,19.56,-1.88,92.92,6.39
2020-08-26,Jammu_Kashmir,Shopiyan,3.38,9,1,0.38,1646,28,1.7,618.89,10.53,0.62,265960,21.44,-0.38,86.53,1.88
2020-08-25,Jammu_Kashmir,Shopiyan,2.26,6,0,0.0,1637,27,1.65,615.51,10.15,0.62,265960,21.82,1.13,84.65,-5.64
2020-08-24,Jammu_Kashmir,Shopiyan,2.26,6,0,0.0,1631,27,1.66,613.25,10.15,0.61,265960,20.69,0.0,90.29,1.88
2020-08-23,Jammu_Kashmir,Shopiyan,1.13,3,0,0.0,1625,27,1.66,610.99,10.15,0.61,265960,20.69,-1.13,88.41,-9.02
2020-08-22,Jammu_Kashmir,Shopiyan,1.88,5,0,0.0,1622,27,1.66,609.87,10.15,0.61,265960,21.82,-2.26,97.43,-2.26
2020-08-21,Jammu_Kashmir,Shopiyan,0.0,0,1,0.38,1617,27,1.67,607.99,10.15,0.61,265960,24.08,-3.01,99.69,-22.18
2020-08-20,Jammu_Kashmir,Shopiyan,10.53,28,0,0.0,1617,26,1.61,607.99,9.78,0.61,265960,27.09,7.52,121.87,-30.45
2020-08-19,Jammu_Kashmir,Shopiyan,3.76,10,1,0.38,1589,26,1.64,597.46,9.78,0.6,265960,19.57,3.38,152.32,-2.26
2020-08-18,Jammu_Kashmir,Shopiyan,1.13,3,0,0.0,1579,25,1.58,593.7,9.4,0.59,265960,16.19,0.38,154.58,0.0
2020-08-17,Jammu_Kashmir,Shopiyan,2.26,6,0,0.0,1576,25,1.59,592.57,9.4,0.59,265960,15.81,-3.0,154.58,-21.05
2020-08-16,Jammu_Kashmir,Shopiyan,2.26,6,1,0.38,1570,25,1.59,590.31,9.4,0.59,265960,18.81,0.0,175.63,-5.64
2020-08-15,Jammu_Kashmir,Shopiyan,4.14,11,0,0.0,1564,24,1.53,588.06,9.02,0.59,265960,18.81,1.88,181.27,-6.01
2020-08-14,Jammu_Kashmir,Shopiyan,3.01,8,0,0.0,1553,24,1.55,583.92,9.02,0.58,265960,16.93,0.0,187.28,-28.2
2020-08-13,Jammu_Kashmir,Shopiyan,3.01,8,0,0.0,1545,24,1.55,580.91,9.02,0.58,265960,16.93,0.0,215.48,-12.78
2020-08-12,Jammu_Kashmir,Shopiyan,0.38,1,0,0.0,1537,24,1.56,577.91,9.02,0.58,265960,16.93,-2.25,228.26,0.0
2020-08-11,Jammu_Kashmir,Shopiyan,0.75,2,0,0.0,1536,24,1.56,577.53,9.02,0.58,265960,19.18,-3.39,228.26,-3.76
2020-08-10,Jammu_Kashmir,Shopiyan,5.26,14,0,0.0,1534,24,1.56,576.78,9.02,0.58,265960,22.57,3.0,232.02,-0.76
2020-08-09,Jammu_Kashmir,Shopiyan,2.26,6,0,0.0,1520,24,1.58,571.51,9.02,0.57,265960,19.57,-6.01,232.78,-2.63
2020-08-08,Jammu_Kashmir,Shopiyan,2.26,6,0,0.0,1514,24,1.59,569.26,9.02,0.57,265960,25.58,-3.76,235.41,1.88
2020-08-07,Jammu_Kashmir,Shopiyan,3.01,8,0,0.0,1508,24,1.59,567.0,9.02,0.57,265960,29.34,0.0,233.53,-2.25
2020-08-06,Jammu_Kashmir,Shopiyan,3.01,8,1,0.38,1500,24,1.6,563.99,9.02,0.56,265960,29.34,0.75,235.78,0.38
2020-08-05,Jammu_Kashmir,Shopiyan,2.63,7,0,0.0,1492,23,1.54,560.99,8.65,0.56,265960,28.59,1.13,235.4,1.13
2020-08-04,Jammu_Kashmir,Shopiyan,4.14,11,0,0.0,1485,23,1.55,558.35,8.65,0.56,265960,27.46,-3.76,234.27,3.76
2020-08-03,Jammu_Kashmir,Shopiyan,2.26,6,0,0.0,1474,23,1.56,554.22,8.65,0.55,265960,31.22,1.88,230.51,-2.25
2020-08-02,Jammu_Kashmir,Shopiyan,8.27,22,0,0.0,1468,23,1.57,551.96,8.65,0.55,265960,29.34,-1.88,232.76,7.89
2020-08-01,Jammu_Kashmir,Shopiyan,6.02,16,0,0.0,1446,23,1.59,543.69,8.65,0.54,265960,31.22,1.88,224.87,-11.28
2020-07-31,Jammu_Kashmir,Shopiyan,3.01,8,0,0.0,1430,23,1.61,537.67,8.65,0.54,265960,29.34,-19.17,236.15,2.63
2020-07-30,Jammu_Kashmir,Shopiyan,2.26,6,3,1.13,1422,23,1.62,534.67,8.65,0.53,265960,48.51,-38.72,233.52,1.88
2020-07-29,Jammu_Kashmir,Shopiyan,1.5,4,0,0.0,1416,20,1.41,532.41,7.52,0.53,265960,87.23,-4.52,231.64,-10.53
2020-07-28,Jammu_Kashmir,Shopiyan,7.9,21,0,0.0,1412,20,1.42,530.91,7.52,0.53,265960,91.75,6.77,242.17,1.13
2020-07-27,Jammu_Kashmir,Shopiyan,0.38,1,0,0.0,1391,20,1.44,523.01,7.52,0.52,265960,84.98,-22.93,241.04,-6.39
2020-07-26,Jammu_Kashmir,Shopiyan,10.15,27,0,0.0,1390,20,1.44,522.63,7.52,0.52,265960,107.91,2.25,247.43,9.4
2020-07-25,Jammu_Kashmir,Shopiyan,4.14,11,0,0.0,1363,20,1.47,512.48,7.52,0.51,265960,105.66,-6.01,238.03,-5.64
2020-07-24,Jammu_Kashmir,Shopiyan,22.18,59,1,0.38,1352,20,1.48,508.35,7.52,0.51,265960,111.67,-9.03,243.67,15.41
2020-07-23,Jammu_Kashmir,Shopiyan,40.98,109,0,0.0,1293,19,1.47,486.16,7.14,0.49,265960,120.7,25.19,228.26,35.34
2020-07-22,Jammu_Kashmir,Shopiyan,6.02,16,0,0.0,1184,19,1.6,445.18,7.14,0.45,265960,95.51,5.64,192.92,-7.14
2020-07-21,Jammu_Kashmir,Shopiyan,1.13,3,0,0.0,1168,19,1.63,439.16,7.14,0.44,265960,89.87,-3.38,200.06,1.13
2020-07-20,Jammu_Kashmir,Shopiyan,23.31,62,0,0.0,1165,19,1.63,438.04,7.14,0.44,265960,93.25,17.29,198.93,15.04
2020-07-19,Jammu_Kashmir,Shopiyan,7.9,21,1,0.38,1103,19,1.72,414.72,7.14,0.41,265960,75.96,3.01,183.89,7.9
2020-07-18,Jammu_Kashmir,Shopiyan,10.15,27,0,0.0,1082,18,1.66,406.83,6.77,0.41,265960,72.95,9.77,175.99,5.64
2020-07-17,Jammu_Kashmir,Shopiyan,31.21,83,1,0.38,1055,18,1.71,396.68,6.77,0.4,265960,63.18,25.95,170.35,28.58
2020-07-16,Jammu_Kashmir,Shopiyan,15.79,42,0,0.0,972,17,1.75,365.47,6.39,0.37,265960,37.23,13.16,141.77,12.03
2020-07-15,Jammu_Kashmir,Shopiyan,0.38,1,0,0.0,930,17,1.83,349.68,6.39,0.35,265960,24.07,-1.12,129.74,-9.77
2020-07-14,Jammu_Kashmir,Shopiyan,4.51,12,1,0.38,929,17,1.83,349.3,6.39,0.35,265960,25.19,4.13,139.51,4.13
2020-07-13,Jammu_Kashmir,Shopiyan,6.02,16,0,0.0,917,16,1.74,344.79,6.02,0.34,265960,21.06,1.51,135.38,-1.5
2020-07-12,Jammu_Kashmir,Shopiyan,4.89,13,0,0.0,901,16,1.78,338.77,6.02,0.34,265960,19.55,4.51,136.88,-12.03
2020-07-11,Jammu_Kashmir,Shopiyan,0.38,1,1,0.38,888,16,1.8,333.88,6.02,0.33,265960,15.04,-16.92,148.91,-5.26
2020-07-10,Jammu_Kashmir,Shopiyan,5.26,14,0,0.0,887,15,1.69,333.51,5.64,0.33,265960,31.96,4.88,154.17,-9.03
2020-07-09,Jammu_Kashmir,Shopiyan,2.63,7,1,0.38,873,15,1.72,328.24,5.64,0.33,265960,27.08,2.25,163.2,2.63
2020-07-08,Jammu_Kashmir,Shopiyan,1.5,4,1,0.38,866,14,1.62,325.61,5.26,0.33,265960,24.83,-10.53,160.57,-12.41
2020-07-07,Jammu_Kashmir,Shopiyan,0.38,1,0,0.0,862,13,1.51,324.11,4.89,0.32,265960,35.36,-6.39,172.98,0.0
2020-07-06,Jammu_Kashmir,Shopiyan,4.51,12,0,0.0,861,13,1.51,323.73,4.89,0.32,265960,41.75,-2.26,172.98,-7.15
2020-07-05,Jammu_Kashmir,Shopiyan,0.38,1,0,0.0,849,13,1.53,319.22,4.89,0.32,265960,44.01,-0.37,180.13,-8.64
2020-07-04,Jammu_Kashmir,Shopiyan,17.3,46,0,0.0,848,13,1.53,318.84,4.89,0.32,265960,44.38,7.52,188.77,-6.76
2020-07-03,Jammu_Kashmir,Shopiyan,0.38,1,1,0.38,802,13,1.62,301.55,4.89,0.3,265960,36.86,-6.39,195.53,-15.41
2020-07-02,Jammu_Kashmir,Shopiyan,0.38,1,0,0.0,801,12,1.5,301.17,4.51,0.3,265960,43.25,-5.26,210.94,-12.78
2020-07-01,Jammu_Kashmir,Shopiyan,12.03,32,0,0.0,800,12,1.5,300.8,4.51,0.3,265960,48.51,-1.13,223.72,2.63
2020-06-30,Jammu_Kashmir,Shopiyan,6.77,18,1,0.38,768,12,1.56,288.77,4.51,0.29,265960,49.64,6.77,221.09,4.14
2020-06-29,Jammu_Kashmir,Shopiyan,6.77,18,1,0.38,750,11,1.47,282.0,4.14,0.28,265960,42.87,-1.5,216.95,4.89
2020-06-28,Jammu_Kashmir,Shopiyan,0.75,2,0,0.0,732,10,1.37,275.23,3.76,0.28,265960,44.37,0.75,212.06,0.0
2020-06-27,Jammu_Kashmir,Shopiyan,9.78,26,0,0.0,730,10,1.37,274.48,3.76,0.27,265960,43.62,5.27,212.06,3.76
2020-06-26,Jammu_Kashmir,Shopiyan,6.77,18,0,0.0,704,10,1.42,264.7,3.76,0.26,265960,38.35,4.14,208.3,6.39
2020-06-25,Jammu_Kashmir,Shopiyan,5.64,15,0,0.0,686,10,1.46,257.93,3.76,0.26,265960,34.21,1.88,201.91,2.63
2020-06-24,Jammu_Kashmir,Shopiyan,13.16,35,0,0.0,671,10,1.49,252.29,3.76,0.25,265960,32.33,3.01,199.28,8.65
2020-06-23,Jammu_Kashmir,Shopiyan,0.0,0,0,0.0,636,10,1.57,239.13,3.76,0.24,265960,29.32,-0.38,190.63,0.0
2020-06-22,Jammu_Kashmir,Shopiyan,8.27,22,0,0.0,636,10,1.57,239.13,3.76,0.24,265960,29.7,0.75,190.63,7.89
2020-06-21,Jammu_Kashmir,Shopiyan,0.0,0,0,0.0,614,10,1.63,230.86,3.76,0.23,265960,28.95,-16.92,182.74,-0.38
2020-06-20,Jammu_Kashmir,Shopiyan,4.51,12,1,0.38,614,10,1.63,230.86,3.76,0.23,265960,45.87,-1.13,183.12,4.51
2020-06-19,Jammu_Kashmir,Shopiyan,2.63,7,1,0.38,602,9,1.5,226.35,3.38,0.23,265960,47.0,-11.66,178.61,-4.14
2020-06-18,Jammu_Kashmir,Shopiyan,3.76,10,1,0.38,595,8,1.34,223.72,3.01,0.22,265960,58.66,3.76,182.75,3.76
2020-06-17,Jammu_Kashmir,Shopiyan,10.15,27,1,0.38,585,7,1.2,219.96,2.63,0.22,265960,54.9,-3.76,178.99,10.15
2020-06-16,Jammu_Kashmir,Shopiyan,0.38,1,1,0.38,558,6,1.08,209.81,2.26,0.21,265960,58.66,0.0,168.84,0.38
2020-06-15,Jammu_Kashmir,Shopiyan,7.52,20,0,0.0,557,5,0.9,209.43,1.88,0.21,265960,58.66,-4.14,168.46,7.14
2020-06-14,Jammu_Kashmir,Shopiyan,16.92,45,0,0.0,537,5,0.93,201.91,1.88,0.2,265960,62.8,7.9,161.32,16.54
2020-06-13,Jammu_Kashmir,Shopiyan,5.64,15,1,0.38,492,5,1.02,184.99,1.88,0.18,265960,54.9,-18.42,144.78,5.64
2020-06-12,Jammu_Kashmir,Shopiyan,14.29,38,0,0.0,477,4,0.84,179.35,1.5,0.18,265960,73.32,-1.5,139.14,14.29
2020-06-11,Jammu_Kashmir,Shopiyan,0.0,0,0,0.0,439,4,0.91,165.06,1.5,0.17,265960,74.82,-13.16,124.85,-0.75
2020-06-10,Jammu_Kashmir,Shopiyan,13.91,37,0,0.0,439,4,0.91,165.06,1.5,0.17,265960,87.98,4.51,125.6,13.53
2020-06-09,Jammu_Kashmir,Shopiyan,0.38,1,0,0.0,402,4,1.0,151.15,1.5,0.15,265960,83.47,-2.25,112.07,0.0
2020-06-08,Jammu_Kashmir,Shopiyan,11.66,31,0,0.0,401,4,1.0,150.77,1.5,0.15,265960,85.72,9.78,112.07,11.66
2020-06-07,Jammu_Kashmir,Shopiyan,9.02,24,0,0.0,370,4,1.08,139.12,1.5,0.14,265960,75.94,8.27,100.41,7.89
2020-06-06,Jammu_Kashmir,Shopiyan,24.06,64,1,0.38,346,4,1.16,130.09,1.5,0.13,265960,67.67,18.04,92.52,23.31
2020-06-05,Jammu_Kashmir,Shopiyan,15.79,42,0,0.0,282,3,1.06,106.03,1.13,0.11,265960,49.63,15.41,69.21,15.79
2020-06-04,Jammu_Kashmir,Shopiyan,13.16,35,0,0.0,240,3,1.25,90.24,1.13,0.09,265960,34.22,10.15,53.42,11.66
2020-06-03,Jammu_Kashmir,Shopiyan,9.4,25,0,0.0,205,3,1.46,77.08,1.13,0.08,265960,24.07,4.89,41.76,7.52
2020-06-02,Jammu_Kashmir,Shopiyan,2.63,7,0,0.0,180,3,1.67,67.68,1.13,0.07,265960,19.18,2.63,34.24,0.37
2020-06-01,Jammu_Kashmir,Shopiyan,1.88,5,2,0.75,173,3,1.73,65.05,1.13,0.07,265960,16.55,1.5,33.87,1.13
2020-05-31,Jammu_Kashmir,Shopiyan,0.75,2,0,0.0,168,1,0.6,63.17,0.38,0.06,265960,15.05,0.37,32.74,-0.75
2020-05-30,Jammu_Kashmir,Shopiyan,6.02,16,0,0.0,166,1,0.6,62.42,0.38,0.06,265960,14.68,6.02,33.49,4.89
2020-05-29,Jammu_Kashmir,Shopiyan,0.38,1,1,0.38,150,1,0.67,56.4,0.38,0.06,265960,8.66,-6.39,28.6,-0.37
2020-05-28,Jammu_Kashmir,Shopiyan,3.01,8,0,0.0,149,0,0.0,56.02,0.0,0.06,265960,15.05,3.01,28.97,2.63
2020-05-27,Jammu_Kashmir,Shopiyan,4.51,12,0,0.0,141,0,0.0,53.02,0.0,0.05,265960,12.04,4.51,26.34,4.51
2020-05-26,Jammu_Kashmir,Shopiyan,0.0,0,0,0.0,129,0,0.0,48.5,0.0,0.05,265960,7.53,0.0,21.83,-1.13
2020-05-25,Jammu_Kashmir,Shopiyan,0.38,1,0,0.0,129,0,0.0,48.5,0.0,0.05,265960,7.53,0.0,22.96,-1.5
2020-05-24,Jammu_Kashmir,Shopiyan,0.38,1,0,0.0,128,0,0.0,48.13,0.0,0.05,265960,7.53,0.0,24.46,-1.5
2020-05-23,Jammu_Kashmir,Shopiyan,0.0,0,0,0.0,127,0,0.0,47.75,0.0,0.05,265960,7.53,0.0,25.96,0.0
2020-05-22,Jammu_Kashmir,Shopiyan,6.77,18,0,0.0,127,0,0.0,47.75,0.0,0.05,265960,7.53,6.77,25.96,6.77
2020-05-21,Jammu_Kashmir,Shopiyan,0.0,0,0,0.0,109,0,0.0,40.98,0.0,0.04,265960,0.76,-0.75,19.19,0.0
2020-05-20,Jammu_Kashmir,Shopiyan,0.0,0,0,0.0,109,0,0.0,40.98,0.0,0.04,265960,1.51,-0.38,19.19,0.0
2020-05-19,Jammu_Kashmir,Shopiyan,0.0,0,0,0.0,109,0,0.0,40.98,0.0,0.04,265960,1.89,-0.38,19.19,0.0
2020-05-18,Jammu_Kashmir,Shopiyan,0.38,1,0,0.0,109,0,0.0,40.98,0.0,0.04,265960,2.27,0.38,19.19,0.38
2020-05-17,Jammu_Kashmir,Shopiyan,0.38,1,0,0.0,108,0,0.0,40.61,0.0,0.04,265960,1.89,-0.75,18.81,0.38
2020-05-16,Jammu_Kashmir,Shopiyan,0.0,0,0,0.0,107,0,0.0,40.23,0.0,0.04,265960,2.64,-0.75,18.43,0.0
2020-05-15,Jammu_Kashmir,Shopiyan,0.0,0,0,0.0,107,0,0.0,40.23,0.0,0.04,265960,3.39,0.0,18.43,0.0
2020-05-14,Jammu_Kashmir,Shopiyan,0.75,2,0,0.0,107,0,0.0,40.23,0.0,0.04,265960,3.39,-0.75,18.43,0.75
2020-05-13,Jammu_Kashmir,Shopiyan,0.38,1,0,0.0,105,0,0.0,39.48,0.0,0.04,265960,4.14,-1.5,17.68,0.38
2020-05-12,Jammu_Kashmir,Shopiyan,0.38,1,0,0.0,104,0,0.0,39.1,0.0,0.04,265960,5.64,-1.88,17.3,0.38
2020-05-11,Jammu_Kashmir,Shopiyan,0.0,0,0,0.0,103,0,0.0,38.73,0.0,0.04,265960,7.52,-0.75,16.92,0.0
2020-05-10,Jammu_Kashmir,Shopiyan,1.13,3,0,0.0,103,0,0.0,38.73,0.0,0.04,265960,8.27,-0.37,16.92,1.13
2020-05-09,Jammu_Kashmir,Shopiyan,0.75,2,0,0.0,100,0,0.0,37.6,0.0,0.04,265960,8.64,-0.38,15.79,0.75
2020-05-08,Jammu_Kashmir,Shopiyan,0.0,0,0,0.0,98,0,0.0,36.85,0.0,0.04,265960,9.02,-0.75,15.04,0.0
2020-05-07,Jammu_Kashmir,Shopiyan,1.5,4,0,0.0,98,0,0.0,36.85,0.0,0.04,265960,9.77,1.12,15.04,1.5
2020-05-06,Jammu_Kashmir,Shopiyan,1.88,5,0,0.0,94,0,0.0,35.34,0.0,0.04,265960,8.65,1.88,13.54,1.88
2020-05-05,Jammu_Kashmir,Shopiyan,2.26,6,0,0.0,89,0,0.0,33.46,0.0,0.03,265960,6.77,1.13,11.66,2.26
2020-05-04,Jammu_Kashmir,Shopiyan,0.75,2,0,0.0,83,0,0.0,31.21,0.0,0.03,265960,5.64,-1.13,9.4,0.75
2020-05-03,Jammu_Kashmir,Shopiyan,1.5,4,0,0.0,81,0,0.0,30.46,0.0,0.03,265960,6.77,-0.38,8.65,1.5
2020-05-02,Jammu_Kashmir,Shopiyan,1.13,3,0,0.0,77,0,0.0,28.95,0.0,0.03,265960,7.15,1.13,7.15,1.13
2020-05-01,Jammu_Kashmir,Shopiyan,0.75,2,0,0.0,74,0,0.0,27.82,0.0,0.03,265960,6.02,0.75,6.02,0.75
2020-04-30,Jammu_Kashmir,Shopiyan,0.38,1,0,0.0,72,0,0.0,27.07,0.0,0.03,265960,5.27,0.38,5.27,0.38
2020-04-29,Jammu_Kashmir,Shopiyan,0.0,0,0,0.0,71,0,0.0,26.7,0.0,0.03,265960,4.89,0.0,4.89,0.0
2020-04-28,Jammu_Kashmir,Shopiyan,1.13,3,0,0.0,71,0,0.0,26.7,0.0,0.03,265960,4.89,1.13,4.89,1.13
2020-04-27,Jammu_Kashmir,Shopiyan,1.88,5,0,0.0,68,0,0.0,25.57,0.0,0.03,265960,3.76,1.88,3.76,1.88
2020-04-26,Jammu_Kashmir,Shopiyan,1.88,5,0,0.0,63,0,0.0,23.69,0.0,0.02,265960,1.88,1.88,1.88,1.88
