date,state,district,1day_cases_100k,new_cases,new_deaths,new_deaths_100k,total_cases,total_deaths,cfr%,total_cases_100k,total_deaths_100k,%infected,population,7day_cases_100k,7day_cases_change,28day_cases_100k,28day_cases_change
2020-09-07,Uttar_Pradesh,Bijnor,0.9,33,0,0.0,2101,24,1.14,57.03,0.65,0.06,3683896,9.8,-0.54,31.69,0.66
2020-09-06,Uttar_Pradesh,Bijnor,1.41,52,0,0.0,2068,24,1.16,56.14,0.65,0.06,3683896,10.34,-0.68,31.03,0.49
2020-09-05,Uttar_Pradesh,Bijnor,1.22,45,1,0.03,2016,24,1.19,54.72,0.65,0.05,3683896,11.02,0.03,30.54,-0.35
2020-09-04,Uttar_Pradesh,Bijnor,1.28,47,0,0.0,1971,23,1.17,53.5,0.62,0.05,3683896,10.99,-0.02,30.89,0.49
2020-09-03,Uttar_Pradesh,Bijnor,1.76,65,1,0.03,1924,23,1.2,52.23,0.62,0.05,3683896,11.01,0.13,30.4,1.16
2020-09-02,Uttar_Pradesh,Bijnor,1.52,56,0,0.0,1859,22,1.18,50.46,0.6,0.05,3683896,10.88,0.49,29.24,1.38
2020-09-01,Uttar_Pradesh,Bijnor,1.71,63,0,0.0,1803,22,1.22,48.94,0.6,0.05,3683896,10.39,0.19,27.86,1.28
2020-08-31,Uttar_Pradesh,Bijnor,1.44,53,1,0.03,1740,22,1.26,47.23,0.6,0.05,3683896,10.2,0.46,26.58,0.92
2020-08-30,Uttar_Pradesh,Bijnor,2.09,77,1,0.03,1687,21,1.24,45.79,0.57,0.05,3683896,9.74,1.19,25.66,1.79
2020-08-29,Uttar_Pradesh,Bijnor,1.19,44,2,0.05,1610,20,1.24,43.7,0.54,0.04,3683896,8.55,-0.03,23.87,0.46
2020-08-28,Uttar_Pradesh,Bijnor,1.3,48,0,0.0,1566,18,1.15,42.51,0.49,0.04,3683896,8.58,-0.19,23.41,0.65
2020-08-27,Uttar_Pradesh,Bijnor,1.63,60,1,0.03,1518,18,1.19,41.21,0.49,0.04,3683896,8.77,1.17,22.76,1.36
2020-08-26,Uttar_Pradesh,Bijnor,1.03,38,0,0.0,1458,17,1.17,39.58,0.46,0.04,3683896,7.6,0.46,21.4,0.76
2020-08-25,Uttar_Pradesh,Bijnor,1.52,56,1,0.03,1420,17,1.2,38.55,0.46,0.04,3683896,7.14,0.52,20.64,1.38
2020-08-24,Uttar_Pradesh,Bijnor,0.98,36,1,0.03,1364,16,1.17,37.03,0.43,0.04,3683896,6.62,0.74,19.26,0.55
2020-08-23,Uttar_Pradesh,Bijnor,0.9,33,0,0.0,1328,15,1.13,36.05,0.41,0.04,3683896,5.88,0.63,18.71,0.82
2020-08-22,Uttar_Pradesh,Bijnor,1.22,45,0,0.0,1295,15,1.16,35.15,0.41,0.04,3683896,5.25,0.11,17.89,1.17
2020-08-21,Uttar_Pradesh,Bijnor,1.49,55,0,0.0,1250,15,1.2,33.93,0.41,0.03,3683896,5.14,0.27,16.72,0.89
2020-08-20,Uttar_Pradesh,Bijnor,0.46,17,2,0.05,1195,15,1.26,32.44,0.41,0.03,3683896,4.87,0.05,15.83,-0.22
2020-08-19,Uttar_Pradesh,Bijnor,0.57,21,0,0.0,1178,13,1.1,31.98,0.35,0.03,3683896,4.82,-0.35,16.05,-0.41
2020-08-18,Uttar_Pradesh,Bijnor,1.0,37,0,0.0,1157,13,1.12,31.41,0.35,0.03,3683896,5.17,0.1,16.46,0.62
2020-08-17,Uttar_Pradesh,Bijnor,0.24,9,1,0.03,1120,13,1.16,30.4,0.35,0.03,3683896,5.07,0.0,15.84,-0.19
2020-08-16,Uttar_Pradesh,Bijnor,0.27,10,0,0.0,1111,12,1.08,30.16,0.33,0.03,3683896,5.07,-0.65,16.03,-0.3
2020-08-15,Uttar_Pradesh,Bijnor,1.11,41,0,0.0,1101,12,1.09,29.89,0.33,0.03,3683896,5.72,-0.46,16.33,-0.11
2020-08-14,Uttar_Pradesh,Bijnor,1.22,45,0,0.0,1060,12,1.13,28.77,0.33,0.03,3683896,6.18,0.43,16.44,0.79
2020-08-13,Uttar_Pradesh,Bijnor,0.41,15,0,0.0,1015,12,1.18,27.55,0.33,0.03,3683896,5.75,-0.19,15.65,0.36
2020-08-12,Uttar_Pradesh,Bijnor,0.92,34,1,0.03,1000,12,1.2,27.15,0.33,0.03,3683896,5.94,0.78,15.29,0.46
2020-08-11,Uttar_Pradesh,Bijnor,0.9,33,0,0.0,966,11,1.14,26.22,0.3,0.03,3683896,5.16,0.47,14.83,0.66
2020-08-10,Uttar_Pradesh,Bijnor,0.24,9,1,0.03,933,11,1.18,25.33,0.3,0.03,3683896,4.69,-0.28,14.17,-0.11
2020-08-09,Uttar_Pradesh,Bijnor,0.92,34,0,0.0,924,10,1.08,25.08,0.27,0.03,3683896,4.97,0.62,14.28,0.89
2020-08-08,Uttar_Pradesh,Bijnor,1.57,58,0,0.0,890,10,1.12,24.16,0.27,0.02,3683896,4.35,0.84,13.39,1.33
2020-08-07,Uttar_Pradesh,Bijnor,0.79,29,1,0.03,832,10,1.2,22.58,0.27,0.02,3683896,3.51,0.14,12.06,0.44
2020-08-06,Uttar_Pradesh,Bijnor,0.6,22,0,0.0,803,9,1.12,21.8,0.24,0.02,3683896,3.37,0.33,11.62,0.33
2020-08-05,Uttar_Pradesh,Bijnor,0.14,5,0,0.0,781,9,1.15,21.2,0.24,0.02,3683896,3.04,-0.13,11.29,-0.19
2020-08-04,Uttar_Pradesh,Bijnor,0.43,16,0,0.0,776,9,1.16,21.06,0.24,0.02,3683896,3.17,0.29,11.48,0.02
2020-08-03,Uttar_Pradesh,Bijnor,0.52,19,0,0.0,760,9,1.18,20.63,0.24,0.02,3683896,2.88,0.09,11.46,0.3
2020-08-02,Uttar_Pradesh,Bijnor,0.3,11,0,0.0,741,9,1.21,20.11,0.24,0.02,3683896,2.79,0.22,11.16,-0.03
2020-08-01,Uttar_Pradesh,Bijnor,0.73,27,0,0.0,730,9,1.23,19.82,0.24,0.02,3683896,2.57,0.68,11.19,0.43
2020-07-31,Uttar_Pradesh,Bijnor,0.65,24,0,0.0,703,9,1.28,19.08,0.24,0.02,3683896,1.89,0.05,10.76,0.49
2020-07-30,Uttar_Pradesh,Bijnor,0.27,10,0,0.0,679,9,1.33,18.43,0.24,0.02,3683896,1.84,-0.41,10.27,-0.03
2020-07-29,Uttar_Pradesh,Bijnor,0.27,10,1,0.03,669,9,1.35,18.16,0.24,0.02,3683896,2.25,-0.71,10.3,0.22
2020-07-28,Uttar_Pradesh,Bijnor,0.14,5,0,0.0,659,8,1.21,17.89,0.22,0.02,3683896,2.96,-0.24,10.08,0.14
2020-07-27,Uttar_Pradesh,Bijnor,0.43,16,0,0.0,654,8,1.22,17.75,0.22,0.02,3683896,3.2,0.0,9.94,0.21
2020-07-26,Uttar_Pradesh,Bijnor,0.08,3,0,0.0,638,8,1.25,17.32,0.22,0.02,3683896,3.2,-0.49,9.73,-0.49
2020-07-25,Uttar_Pradesh,Bijnor,0.05,2,0,0.0,635,8,1.26,17.24,0.22,0.02,3683896,3.69,-1.17,10.22,-0.11
2020-07-24,Uttar_Pradesh,Bijnor,0.6,22,1,0.03,633,8,1.26,17.18,0.22,0.02,3683896,4.86,0.17,10.33,0.49
2020-07-23,Uttar_Pradesh,Bijnor,0.68,25,0,0.0,611,7,1.15,16.59,0.19,0.02,3683896,4.69,0.63,9.84,0.19
2020-07-22,Uttar_Pradesh,Bijnor,0.98,36,0,0.0,586,7,1.19,15.91,0.19,0.02,3683896,4.06,0.52,9.65,0.98
2020-07-21,Uttar_Pradesh,Bijnor,0.38,14,1,0.03,550,7,1.27,14.93,0.19,0.01,3683896,3.54,0.14,8.67,0.24
2020-07-20,Uttar_Pradesh,Bijnor,0.43,16,0,0.0,536,6,1.12,14.55,0.16,0.01,3683896,3.4,0.08,8.43,0.35
2020-07-19,Uttar_Pradesh,Bijnor,0.57,21,0,0.0,520,6,1.15,14.12,0.16,0.01,3683896,3.32,0.54,8.08,0.46
2020-07-18,Uttar_Pradesh,Bijnor,1.22,45,0,0.0,499,6,1.2,13.55,0.16,0.01,3683896,2.78,0.98,7.62,1.08
2020-07-17,Uttar_Pradesh,Bijnor,0.43,16,0,0.0,454,6,1.32,12.32,0.16,0.01,3683896,1.8,0.08,6.54,0.43
2020-07-16,Uttar_Pradesh,Bijnor,0.05,2,0,0.0,438,6,1.37,11.89,0.16,0.01,3683896,1.72,-0.22,6.11,0.02
2020-07-15,Uttar_Pradesh,Bijnor,0.46,17,0,0.0,436,6,1.38,11.84,0.16,0.01,3683896,1.94,0.13,6.09,0.32
2020-07-14,Uttar_Pradesh,Bijnor,0.24,9,0,0.0,419,6,1.43,11.37,0.16,0.01,3683896,1.81,-0.17,5.77,0.24
2020-07-13,Uttar_Pradesh,Bijnor,0.35,13,0,0.0,410,6,1.46,11.13,0.16,0.01,3683896,1.98,0.13,5.53,0.27
2020-07-12,Uttar_Pradesh,Bijnor,0.03,1,0,0.0,397,6,1.51,10.78,0.16,0.01,3683896,1.85,-0.3,5.26,-0.08
2020-07-11,Uttar_Pradesh,Bijnor,0.24,9,0,0.0,396,6,1.52,10.75,0.16,0.01,3683896,2.15,-0.06,5.34,0.21
2020-07-10,Uttar_Pradesh,Bijnor,0.35,13,0,0.0,387,6,1.55,10.51,0.16,0.01,3683896,2.21,0.19,5.13,-0.33
2020-07-09,Uttar_Pradesh,Bijnor,0.27,10,0,0.0,374,6,1.6,10.15,0.16,0.01,3683896,2.02,-0.03,5.46,0.11
2020-07-08,Uttar_Pradesh,Bijnor,0.33,12,0,0.0,364,6,1.65,9.88,0.16,0.01,3683896,2.05,0.28,5.35,0.33
2020-07-07,Uttar_Pradesh,Bijnor,0.41,15,0,0.0,352,6,1.7,9.56,0.16,0.01,3683896,1.77,0.41,5.02,0.3
2020-07-06,Uttar_Pradesh,Bijnor,0.22,8,0,0.0,337,6,1.78,9.15,0.16,0.01,3683896,1.36,0.0,4.72,0.0
2020-07-05,Uttar_Pradesh,Bijnor,0.33,12,0,0.0,329,6,1.82,8.93,0.16,0.01,3683896,1.36,-0.24,4.72,0.03
2020-07-04,Uttar_Pradesh,Bijnor,0.3,11,0,0.0,317,6,1.89,8.61,0.16,0.01,3683896,1.6,0.14,4.69,0.08
2020-07-03,Uttar_Pradesh,Bijnor,0.16,6,0,0.0,306,6,1.96,8.31,0.16,0.01,3683896,1.46,0.05,4.61,-0.36
2020-07-02,Uttar_Pradesh,Bijnor,0.3,11,0,0.0,300,6,2.0,8.14,0.16,0.01,3683896,1.41,-0.19,4.97,0.25
2020-07-01,Uttar_Pradesh,Bijnor,0.05,2,0,0.0,289,6,2.08,7.84,0.16,0.01,3683896,1.6,0.05,4.72,0.0
2020-06-30,Uttar_Pradesh,Bijnor,0.0,0,0,0.0,287,6,2.09,7.79,0.16,0.01,3683896,1.55,-0.14,4.72,-0.35
2020-06-29,Uttar_Pradesh,Bijnor,0.22,8,0,0.0,287,6,2.09,7.79,0.16,0.01,3683896,1.69,0.14,5.07,0.19
2020-06-28,Uttar_Pradesh,Bijnor,0.57,21,0,0.0,279,6,2.15,7.57,0.16,0.01,3683896,1.55,0.46,4.88,0.43
2020-06-27,Uttar_Pradesh,Bijnor,0.16,6,1,0.03,258,6,2.33,7.0,0.16,0.01,3683896,1.09,0.02,4.45,-0.03
2020-06-26,Uttar_Pradesh,Bijnor,0.11,4,0,0.0,252,5,1.98,6.84,0.14,0.01,3683896,1.07,0.11,4.48,0.03
2020-06-25,Uttar_Pradesh,Bijnor,0.49,18,0,0.0,248,5,2.02,6.73,0.14,0.01,3683896,0.96,0.46,4.45,0.44
2020-06-24,Uttar_Pradesh,Bijnor,0.0,0,0,0.0,230,5,2.17,6.24,0.14,0.01,3683896,0.5,-0.14,4.01,-0.08
2020-06-23,Uttar_Pradesh,Bijnor,0.14,5,0,0.0,230,5,2.17,6.24,0.14,0.01,3683896,0.64,0.14,4.09,0.11
2020-06-22,Uttar_Pradesh,Bijnor,0.08,3,0,0.0,225,5,2.22,6.11,0.14,0.01,3683896,0.5,0.0,3.98,0.0
2020-06-21,Uttar_Pradesh,Bijnor,0.11,4,1,0.03,222,5,2.25,6.03,0.14,0.01,3683896,0.5,0.0,3.98,-0.05
2020-06-20,Uttar_Pradesh,Bijnor,0.14,5,0,0.0,218,4,1.83,5.92,0.11,0.01,3683896,0.5,0.11,4.03,0.0
2020-06-19,Uttar_Pradesh,Bijnor,0.0,0,0,0.0,213,4,1.88,5.78,0.11,0.01,3683896,0.39,-0.68,4.03,-0.08
2020-06-18,Uttar_Pradesh,Bijnor,0.03,1,0,0.0,213,4,1.88,5.78,0.11,0.01,3683896,1.07,-0.13,4.11,-0.08
2020-06-17,Uttar_Pradesh,Bijnor,0.14,5,0,0.0,212,4,1.89,5.75,0.11,0.01,3683896,1.2,0.14,4.19,-0.1
2020-06-16,Uttar_Pradesh,Bijnor,0.0,0,0,0.0,207,4,1.93,5.62,0.11,0.01,3683896,1.06,-0.11,4.29,-0.08
2020-06-15,Uttar_Pradesh,Bijnor,0.08,3,0,0.0,207,4,1.93,5.62,0.11,0.01,3683896,1.17,-0.14,4.37,0.08
2020-06-14,Uttar_Pradesh,Bijnor,0.11,4,0,0.0,204,4,1.96,5.54,0.11,0.01,3683896,1.31,-0.19,4.29,0.11
2020-06-13,Uttar_Pradesh,Bijnor,0.03,1,0,0.0,200,4,2.0,5.43,0.11,0.01,3683896,1.5,-0.19,4.18,0.03
2020-06-12,Uttar_Pradesh,Bijnor,0.68,25,0,0.0,199,4,2.01,5.4,0.11,0.01,3683896,1.69,0.16,4.15,0.68
2020-06-11,Uttar_Pradesh,Bijnor,0.16,6,1,0.03,174,4,2.3,4.72,0.11,0.0,3683896,1.53,0.11,3.47,0.11
2020-06-10,Uttar_Pradesh,Bijnor,0.0,0,0,0.0,168,3,1.79,4.56,0.08,0.0,3683896,1.42,-0.05,3.36,0.0
2020-06-09,Uttar_Pradesh,Bijnor,0.11,4,1,0.03,168,3,1.79,4.56,0.08,0.0,3683896,1.47,-0.24,3.36,0.08
2020-06-08,Uttar_Pradesh,Bijnor,0.22,8,0,0.0,164,2,1.22,4.45,0.05,0.0,3683896,1.71,0.19,3.28,0.22
2020-06-07,Uttar_Pradesh,Bijnor,0.3,11,0,0.0,156,2,1.28,4.23,0.05,0.0,3683896,1.52,0.16,3.06,0.27
2020-06-06,Uttar_Pradesh,Bijnor,0.22,8,0,0.0,145,2,1.38,3.94,0.05,0.0,3683896,1.36,0.03,2.79,-0.02
2020-06-05,Uttar_Pradesh,Bijnor,0.52,19,0,0.0,137,2,1.46,3.72,0.05,0.0,3683896,1.33,0.44,2.81,0.57
2020-06-04,Uttar_Pradesh,Bijnor,0.05,2,0,0.0,118,2,1.69,3.2,0.05,0.0,3683896,0.89,0.0,2.24,0.02
2020-06-03,Uttar_Pradesh,Bijnor,0.05,2,0,0.0,116,2,1.72,3.15,0.05,0.0,3683896,0.89,-0.03,2.22,0.05
2020-06-02,Uttar_Pradesh,Bijnor,0.35,13,0,0.0,114,2,1.75,3.09,0.05,0.0,3683896,0.92,0.32,2.17,0.35
2020-06-01,Uttar_Pradesh,Bijnor,0.03,1,0,0.0,101,2,1.98,2.74,0.05,0.0,3683896,0.6,-0.05,1.82,0.03
2020-05-31,Uttar_Pradesh,Bijnor,0.14,5,0,0.0,100,2,2.0,2.71,0.05,0.0,3683896,0.65,-0.02,1.79,0.14
2020-05-30,Uttar_Pradesh,Bijnor,0.19,7,0,0.0,95,2,2.11,2.58,0.05,0.0,3683896,0.67,0.05,1.65,0.14
2020-05-29,Uttar_Pradesh,Bijnor,0.08,3,0,0.0,88,2,2.27,2.39,0.05,0.0,3683896,0.62,0.0,1.51,0.08
2020-05-28,Uttar_Pradesh,Bijnor,0.05,2,0,0.0,85,2,2.35,2.31,0.05,0.0,3683896,0.62,-0.06,1.43,0.05
2020-05-27,Uttar_Pradesh,Bijnor,0.08,3,0,0.0,83,2,2.41,2.25,0.05,0.0,3683896,0.68,-0.16,1.38,0.05
2020-05-26,Uttar_Pradesh,Bijnor,0.03,1,0,0.0,80,2,2.5,2.17,0.05,0.0,3683896,0.84,-0.05,1.33,0.0
2020-05-25,Uttar_Pradesh,Bijnor,0.08,3,1,0.03,79,2,2.53,2.14,0.05,0.0,3683896,0.89,0.08,1.33,0.05
2020-05-24,Uttar_Pradesh,Bijnor,0.16,6,0,0.0,76,1,1.32,2.06,0.03,0.0,3683896,0.81,0.16,1.28,0.13
2020-05-23,Uttar_Pradesh,Bijnor,0.14,5,0,0.0,70,1,1.43,1.9,0.03,0.0,3683896,0.65,0.14,1.15,0.14
2020-05-22,Uttar_Pradesh,Bijnor,0.08,3,0,0.0,65,1,1.54,1.76,0.03,0.0,3683896,0.51,0.08,1.01,0.08
2020-05-21,Uttar_Pradesh,Bijnor,0.11,4,0,0.0,62,1,1.61,1.68,0.03,0.0,3683896,0.43,0.06,0.93,0.11
2020-05-20,Uttar_Pradesh,Bijnor,0.24,9,0,0.0,58,1,1.72,1.57,0.03,0.0,3683896,0.37,0.24,0.82,0.24
2020-05-19,Uttar_Pradesh,Bijnor,0.08,3,0,0.0,49,1,2.04,1.33,0.03,0.0,3683896,0.13,0.05,0.58,0.08
2020-05-18,Uttar_Pradesh,Bijnor,0.0,0,0,0.0,46,1,2.17,1.25,0.03,0.0,3683896,0.08,0.0,0.5,0.0
2020-05-17,Uttar_Pradesh,Bijnor,0.0,0,0,0.0,46,1,2.17,1.25,0.03,0.0,3683896,0.08,-0.03,0.5,0.0
2020-05-16,Uttar_Pradesh,Bijnor,0.0,0,0,0.0,46,1,2.17,1.25,0.03,0.0,3683896,0.11,-0.24,0.5,0.0
2020-05-15,Uttar_Pradesh,Bijnor,0.0,0,0,0.0,46,1,2.17,1.25,0.03,0.0,3683896,0.35,0.05,0.5,0.0
2020-05-14,Uttar_Pradesh,Bijnor,0.05,2,0,0.0,46,1,2.17,1.25,0.03,0.0,3683896,0.3,0.02,0.5,0.05
2020-05-13,Uttar_Pradesh,Bijnor,0.0,0,0,0.0,44,1,2.27,1.19,0.03,0.0,3683896,0.28,0.0,0.45,0.0
2020-05-12,Uttar_Pradesh,Bijnor,0.03,1,0,0.0,44,1,2.27,1.19,0.03,0.0,3683896,0.28,0.03,0.45,0.03
2020-05-11,Uttar_Pradesh,Bijnor,0.0,0,0,0.0,43,1,2.33,1.17,0.03,0.0,3683896,0.25,0.0,0.42,0.0
2020-05-10,Uttar_Pradesh,Bijnor,0.03,1,0,0.0,43,1,2.33,1.17,0.03,0.0,3683896,0.25,0.03,0.42,0.03
2020-05-09,Uttar_Pradesh,Bijnor,0.24,9,0,0.0,42,1,2.38,1.14,0.03,0.0,3683896,0.22,0.19,0.39,0.24
2020-05-08,Uttar_Pradesh,Bijnor,-0.05,-2,0,0.0,33,1,3.03,0.9,0.03,0.0,3683896,0.03,-0.05,0.15,-0.05
2020-05-07,Uttar_Pradesh,Bijnor,0.03,1,0,0.0,35,1,2.86,0.95,0.03,0.0,3683896,0.08,0.03,0.2,0.03
2020-05-06,Uttar_Pradesh,Bijnor,0.0,0,0,0.0,34,1,2.94,0.92,0.03,0.0,3683896,0.05,-0.03,0.17,0.0
2020-05-05,Uttar_Pradesh,Bijnor,0.0,0,1,0.03,34,1,2.94,0.92,0.03,0.0,3683896,0.08,-0.03,0.17,0.0
2020-05-04,Uttar_Pradesh,Bijnor,0.0,0,0,0.0,34,0,0.0,0.92,0.0,0.0,3683896,0.11,-0.03,0.17,0.0
2020-05-03,Uttar_Pradesh,Bijnor,0.0,0,0,0.0,34,0,0.0,0.92,0.0,0.0,3683896,0.14,-0.03,0.17,0.0
2020-05-02,Uttar_Pradesh,Bijnor,0.05,2,0,0.0,34,0,0.0,0.92,0.0,0.0,3683896,0.17,0.05,0.17,0.05
2020-05-01,Uttar_Pradesh,Bijnor,0.0,0,0,0.0,32,0,0.0,0.87,0.0,0.0,3683896,0.12,0.0,0.12,0.0
2020-04-30,Uttar_Pradesh,Bijnor,0.0,0,0,0.0,32,0,0.0,0.87,0.0,0.0,3683896,0.12,0.0,0.12,0.0
2020-04-29,Uttar_Pradesh,Bijnor,0.03,1,0,0.0,32,0,0.0,0.87,0.0,0.0,3683896,0.12,0.03,0.12,0.03
2020-04-28,Uttar_Pradesh,Bijnor,0.03,1,0,0.0,31,0,0.0,0.84,0.0,0.0,3683896,0.09,0.03,0.09,0.03
2020-04-27,Uttar_Pradesh,Bijnor,0.03,1,0,0.0,30,0,0.0,0.81,0.0,0.0,3683896,0.06,0.03,0.06,0.03
2020-04-26,Uttar_Pradesh,Bijnor,0.03,1,0,0.0,29,0,0.0,0.79,0.0,0.0,3683896,0.03,0.03,0.03,0.03
