date,state,district,1day_cases_100k,new_cases,new_deaths,new_deaths_100k,total_cases,total_deaths,cfr%,total_cases_100k,total_deaths_100k,%infected,population,7day_cases_100k,7day_cases_change,28day_cases_100k,28day_cases_change
2020-09-16,Uttar_Pradesh,Kushinagar,1.91,68,0,0.0,4277,26,0.61,120.11,0.73,0.12,3560830,12.45,-0.14,60.31,-0.22
2020-09-15,Uttar_Pradesh,Kushinagar,2.39,85,0,0.0,4209,26,0.62,118.2,0.73,0.12,3560830,12.59,0.17,60.53,-1.46
2020-09-14,Uttar_Pradesh,Kushinagar,0.79,28,0,0.0,4124,26,0.63,115.82,0.73,0.12,3560830,12.42,-0.78,61.99,-0.98
2020-09-13,Uttar_Pradesh,Kushinagar,1.49,53,0,0.0,4096,26,0.63,115.03,0.73,0.12,3560830,13.2,-0.25,62.97,1.12
2020-09-12,Uttar_Pradesh,Kushinagar,1.43,51,0,0.0,4043,26,0.64,113.54,0.73,0.11,3560830,13.45,-1.07,61.85,-1.46
2020-09-11,Uttar_Pradesh,Kushinagar,2.81,100,1,0.03,3992,26,0.65,112.11,0.73,0.11,3560830,14.52,-0.03,63.31,-0.25
2020-09-10,Uttar_Pradesh,Kushinagar,1.63,58,0,0.0,3892,25,0.64,109.3,0.7,0.11,3560830,14.55,-1.23,63.56,-0.98
2020-09-09,Uttar_Pradesh,Kushinagar,2.05,73,0,0.0,3834,25,0.65,107.67,0.7,0.11,3560830,15.78,0.42,64.54,-0.93
2020-09-08,Uttar_Pradesh,Kushinagar,2.22,79,0,0.0,3761,25,0.66,105.62,0.7,0.11,3560830,15.36,-0.84,65.47,-0.56
2020-09-07,Uttar_Pradesh,Kushinagar,1.57,56,0,0.0,3682,25,0.68,103.4,0.7,0.1,3560830,16.2,-1.35,66.03,-0.82
2020-09-06,Uttar_Pradesh,Kushinagar,1.74,62,0,0.0,3626,25,0.69,101.83,0.7,0.1,3560830,17.55,-0.79,66.85,0.81
2020-09-05,Uttar_Pradesh,Kushinagar,2.5,89,0,0.0,3564,25,0.7,100.09,0.7,0.1,3560830,18.34,0.08,66.04,-1.85
2020-09-04,Uttar_Pradesh,Kushinagar,2.84,101,0,0.0,3475,25,0.72,97.59,0.7,0.1,3560830,18.26,0.68,67.89,1.69
2020-09-03,Uttar_Pradesh,Kushinagar,2.86,102,0,0.0,3374,25,0.74,94.75,0.7,0.09,3560830,17.58,0.42,66.2,1.2
2020-09-02,Uttar_Pradesh,Kushinagar,1.63,58,0,0.0,3272,25,0.76,91.89,0.7,0.09,3560830,17.16,-0.34,65.0,0.34
2020-09-01,Uttar_Pradesh,Kushinagar,3.06,109,0,0.0,3214,25,0.78,90.26,0.7,0.09,3560830,17.5,0.64,64.66,2.19
2020-08-31,Uttar_Pradesh,Kushinagar,2.92,104,1,0.03,3105,25,0.81,87.2,0.7,0.09,3560830,16.86,0.73,62.47,0.42
2020-08-30,Uttar_Pradesh,Kushinagar,2.53,90,1,0.03,3001,24,0.8,84.28,0.67,0.08,3560830,16.13,0.82,62.05,0.34
2020-08-29,Uttar_Pradesh,Kushinagar,2.42,86,2,0.06,2911,23,0.79,81.75,0.65,0.08,3560830,15.31,0.76,61.71,1.58
2020-08-28,Uttar_Pradesh,Kushinagar,2.16,77,3,0.08,2825,21,0.74,79.34,0.59,0.08,3560830,14.55,-0.34,60.13,1.04
2020-08-27,Uttar_Pradesh,Kushinagar,2.44,87,3,0.08,2748,18,0.66,77.17,0.51,0.08,3560830,14.89,-0.03,59.09,0.39
2020-08-26,Uttar_Pradesh,Kushinagar,1.97,70,0,0.0,2661,15,0.56,74.73,0.42,0.07,3560830,14.92,-0.16,58.7,0.9
2020-08-25,Uttar_Pradesh,Kushinagar,2.42,86,0,0.0,2591,15,0.58,72.76,0.42,0.07,3560830,15.08,-1.43,57.8,2.0
2020-08-24,Uttar_Pradesh,Kushinagar,2.19,78,0,0.0,2505,15,0.6,70.35,0.42,0.07,3560830,16.51,0.42,55.8,1.91
2020-08-23,Uttar_Pradesh,Kushinagar,1.71,61,0,0.0,2427,15,0.62,68.16,0.42,0.07,3560830,16.09,1.34,53.89,0.92
2020-08-22,Uttar_Pradesh,Kushinagar,1.66,59,3,0.08,2366,15,0.63,66.45,0.42,0.07,3560830,14.75,-1.23,52.97,1.1
2020-08-21,Uttar_Pradesh,Kushinagar,2.5,89,0,0.0,2307,12,0.52,64.79,0.34,0.06,3560830,15.98,-0.56,51.87,2.22
2020-08-20,Uttar_Pradesh,Kushinagar,2.47,88,2,0.06,2218,12,0.54,62.29,0.34,0.06,3560830,16.54,-0.14,49.65,2.1
2020-08-19,Uttar_Pradesh,Kushinagar,2.13,76,0,0.0,2130,10,0.47,59.82,0.28,0.06,3560830,16.68,-0.85,47.55,1.6
2020-08-18,Uttar_Pradesh,Kushinagar,3.85,137,0,0.0,2054,10,0.49,57.68,0.28,0.06,3560830,17.53,1.07,45.95,3.15
2020-08-17,Uttar_Pradesh,Kushinagar,1.77,63,0,0.0,1917,10,0.52,53.84,0.28,0.05,3560830,16.46,-0.62,42.8,1.32
2020-08-16,Uttar_Pradesh,Kushinagar,0.37,13,0,0.0,1854,10,0.54,52.07,0.28,0.05,3560830,17.08,-0.56,41.48,0.17
2020-08-15,Uttar_Pradesh,Kushinagar,2.89,103,0,0.0,1841,10,0.54,51.7,0.28,0.05,3560830,17.64,-1.46,41.31,2.75
2020-08-14,Uttar_Pradesh,Kushinagar,3.06,109,0,0.0,1738,10,0.58,48.81,0.28,0.05,3560830,19.1,1.91,38.56,2.25
2020-08-13,Uttar_Pradesh,Kushinagar,2.61,93,0,0.0,1629,10,0.61,45.75,0.28,0.05,3560830,17.19,0.95,36.31,2.16
2020-08-12,Uttar_Pradesh,Kushinagar,2.98,106,0,0.0,1536,10,0.65,43.14,0.28,0.04,3560830,16.24,1.69,34.15,2.7
2020-08-11,Uttar_Pradesh,Kushinagar,2.78,99,0,0.0,1430,10,0.7,40.16,0.28,0.04,3560830,14.55,1.91,31.45,2.44
2020-08-10,Uttar_Pradesh,Kushinagar,2.39,85,0,0.0,1331,10,0.75,37.38,0.28,0.04,3560830,12.64,-0.11,29.01,1.15
2020-08-09,Uttar_Pradesh,Kushinagar,0.93,33,1,0.03,1246,10,0.8,34.99,0.28,0.03,3560830,12.75,-1.26,27.86,0.0
2020-08-08,Uttar_Pradesh,Kushinagar,4.35,155,0,0.0,1213,9,0.74,34.07,0.25,0.03,3560830,14.01,3.51,27.86,4.1
2020-08-07,Uttar_Pradesh,Kushinagar,1.15,41,2,0.06,1058,9,0.85,29.71,0.25,0.03,3560830,10.5,0.03,23.76,0.93
2020-08-06,Uttar_Pradesh,Kushinagar,1.66,59,0,0.0,1017,7,0.69,28.56,0.2,0.03,3560830,10.47,-0.39,22.83,1.35
2020-08-05,Uttar_Pradesh,Kushinagar,1.29,46,0,0.0,958,7,0.73,26.9,0.2,0.03,3560830,10.86,0.22,21.48,1.07
2020-08-04,Uttar_Pradesh,Kushinagar,0.87,31,0,0.0,912,7,0.77,25.61,0.2,0.03,3560830,10.64,0.45,20.41,0.56
2020-08-03,Uttar_Pradesh,Kushinagar,2.5,89,0,0.0,881,7,0.79,24.74,0.2,0.02,3560830,10.19,2.22,19.85,2.3
2020-08-02,Uttar_Pradesh,Kushinagar,2.19,78,0,0.0,792,7,0.88,22.24,0.2,0.02,3560830,7.97,1.4,17.55,1.99
2020-08-01,Uttar_Pradesh,Kushinagar,0.84,30,0,0.0,714,7,0.98,20.05,0.2,0.02,3560830,6.57,0.28,15.56,0.67
2020-07-31,Uttar_Pradesh,Kushinagar,1.12,40,0,0.0,684,7,1.02,19.21,0.2,0.02,3560830,6.29,0.84,14.89,0.73
2020-07-30,Uttar_Pradesh,Kushinagar,2.05,73,0,0.0,644,7,1.09,18.09,0.2,0.02,3560830,5.45,1.68,14.16,1.94
2020-07-29,Uttar_Pradesh,Kushinagar,1.07,38,0,0.0,571,7,1.23,16.04,0.2,0.02,3560830,3.77,0.54,12.22,0.9
2020-07-28,Uttar_Pradesh,Kushinagar,0.42,15,0,0.0,533,7,1.31,14.97,0.2,0.01,3560830,3.23,-0.28,11.32,0.2
2020-07-27,Uttar_Pradesh,Kushinagar,0.28,10,0,0.0,518,7,1.35,14.55,0.2,0.01,3560830,3.51,-0.17,11.12,0.25
2020-07-26,Uttar_Pradesh,Kushinagar,0.79,28,0,0.0,508,7,1.38,14.27,0.2,0.01,3560830,3.68,0.59,10.87,0.68
2020-07-25,Uttar_Pradesh,Kushinagar,0.56,20,0,0.0,480,7,1.46,13.48,0.2,0.01,3560830,3.09,0.42,10.19,0.42
2020-07-24,Uttar_Pradesh,Kushinagar,0.28,10,0,0.0,460,7,1.52,12.92,0.2,0.01,3560830,2.67,-0.53,9.77,0.11
2020-07-23,Uttar_Pradesh,Kushinagar,0.37,13,0,0.0,450,7,1.56,12.64,0.2,0.01,3560830,3.2,-0.08,9.66,0.34
2020-07-22,Uttar_Pradesh,Kushinagar,0.53,19,0,0.0,437,7,1.6,12.27,0.2,0.01,3560830,3.28,0.25,9.32,0.28
2020-07-21,Uttar_Pradesh,Kushinagar,0.7,25,0,0.0,418,7,1.67,11.74,0.2,0.01,3560830,3.03,0.36,9.04,0.45
2020-07-20,Uttar_Pradesh,Kushinagar,0.45,16,0,0.0,393,7,1.78,11.04,0.2,0.01,3560830,2.67,-0.79,8.59,0.42
2020-07-19,Uttar_Pradesh,Kushinagar,0.2,7,0,0.0,377,7,1.86,10.59,0.2,0.01,3560830,3.46,-0.73,8.17,0.2
2020-07-18,Uttar_Pradesh,Kushinagar,0.14,5,0,0.0,370,7,1.89,10.39,0.2,0.01,3560830,4.19,-0.11,7.97,-0.14
2020-07-17,Uttar_Pradesh,Kushinagar,0.81,29,0,0.0,365,7,1.92,10.25,0.2,0.01,3560830,4.3,0.59,8.11,0.81
2020-07-16,Uttar_Pradesh,Kushinagar,0.45,16,0,0.0,336,7,2.08,9.44,0.2,0.01,3560830,3.71,0.14,7.3,0.37
2020-07-15,Uttar_Pradesh,Kushinagar,0.28,10,1,0.03,320,7,2.19,8.99,0.2,0.01,3560830,3.57,0.06,6.93,-0.06
2020-07-14,Uttar_Pradesh,Kushinagar,0.34,12,0,0.0,310,6,1.94,8.71,0.17,0.01,3560830,3.51,0.03,6.99,0.26
2020-07-13,Uttar_Pradesh,Kushinagar,1.24,44,1,0.03,298,6,2.01,8.37,0.17,0.01,3560830,3.48,1.04,6.73,1.24
2020-07-12,Uttar_Pradesh,Kushinagar,0.93,33,1,0.03,254,5,1.97,7.13,0.14,0.01,3560830,2.44,0.73,5.49,0.9
2020-07-11,Uttar_Pradesh,Kushinagar,0.25,9,0,0.0,221,4,1.81,6.21,0.11,0.01,3560830,1.71,0.08,4.59,0.25
2020-07-10,Uttar_Pradesh,Kushinagar,0.22,8,0,0.0,212,4,1.89,5.95,0.11,0.01,3560830,1.63,-0.17,4.34,0.22
2020-07-09,Uttar_Pradesh,Kushinagar,0.31,11,0,0.0,204,4,1.96,5.73,0.11,0.01,3560830,1.8,0.2,4.12,0.31
2020-07-08,Uttar_Pradesh,Kushinagar,0.22,8,0,0.0,193,4,2.07,5.42,0.11,0.01,3560830,1.6,0.05,3.81,0.22
2020-07-07,Uttar_Pradesh,Kushinagar,0.31,11,0,0.0,185,4,2.16,5.2,0.11,0.01,3560830,1.55,0.09,3.59,0.23
2020-07-06,Uttar_Pradesh,Kushinagar,0.2,7,1,0.03,174,4,2.3,4.89,0.11,0.0,3560830,1.46,0.17,3.36,0.2
2020-07-05,Uttar_Pradesh,Kushinagar,0.2,7,0,0.0,167,3,1.8,4.69,0.08,0.0,3560830,1.29,0.09,3.16,0.2
2020-07-04,Uttar_Pradesh,Kushinagar,0.17,6,0,0.0,160,3,1.88,4.49,0.08,0.0,3560830,1.2,0.03,2.96,-0.11
2020-07-03,Uttar_Pradesh,Kushinagar,0.39,14,0,0.0,154,3,1.95,4.32,0.08,0.0,3560830,1.17,0.22,3.07,0.11
2020-07-02,Uttar_Pradesh,Kushinagar,0.11,4,0,0.0,140,3,2.14,3.93,0.08,0.0,3560830,0.95,0.08,2.96,-0.09
2020-07-01,Uttar_Pradesh,Kushinagar,0.17,6,0,0.0,136,3,2.21,3.82,0.08,0.0,3560830,0.87,-0.08,3.05,0.17
2020-06-30,Uttar_Pradesh,Kushinagar,0.22,8,1,0.03,130,3,2.31,3.65,0.08,0.0,3560830,0.95,-0.03,2.88,0.14
2020-06-29,Uttar_Pradesh,Kushinagar,0.03,1,0,0.0,122,2,1.64,3.43,0.06,0.0,3560830,0.98,0.0,2.74,-0.17
2020-06-28,Uttar_Pradesh,Kushinagar,0.11,4,0,0.0,121,2,1.65,3.4,0.06,0.0,3560830,0.98,0.11,2.91,-0.06
2020-06-27,Uttar_Pradesh,Kushinagar,0.14,5,0,0.0,117,2,1.71,3.29,0.06,0.0,3560830,0.87,-0.14,2.97,0.14
2020-06-26,Uttar_Pradesh,Kushinagar,0.17,6,0,0.0,112,2,1.79,3.15,0.06,0.0,3560830,1.01,0.17,2.83,0.14
2020-06-25,Uttar_Pradesh,Kushinagar,0.03,1,0,0.0,106,2,1.89,2.98,0.06,0.0,3560830,0.84,-0.05,2.69,0.03
2020-06-24,Uttar_Pradesh,Kushinagar,0.25,9,0,0.0,105,2,1.9,2.95,0.06,0.0,3560830,0.89,-0.09,2.66,0.25
2020-06-23,Uttar_Pradesh,Kushinagar,0.25,9,0,0.0,96,2,2.08,2.7,0.06,0.0,3560830,0.98,0.17,2.41,0.22
2020-06-22,Uttar_Pradesh,Kushinagar,0.03,1,0,0.0,87,2,2.3,2.44,0.06,0.0,3560830,0.81,0.03,2.19,0.03
2020-06-21,Uttar_Pradesh,Kushinagar,0.0,0,0,0.0,86,2,2.33,2.42,0.06,0.0,3560830,0.78,-0.03,2.16,-0.03
2020-06-20,Uttar_Pradesh,Kushinagar,0.28,10,0,0.0,86,2,2.33,2.42,0.06,0.0,3560830,0.81,0.28,2.19,0.25
2020-06-19,Uttar_Pradesh,Kushinagar,0.0,0,0,0.0,76,2,2.63,2.13,0.06,0.0,3560830,0.53,0.0,1.94,0.0
2020-06-18,Uttar_Pradesh,Kushinagar,0.08,3,0,0.0,76,2,2.63,2.13,0.06,0.0,3560830,0.53,0.08,1.94,0.08
2020-06-17,Uttar_Pradesh,Kushinagar,0.34,12,0,0.0,73,2,2.74,2.05,0.06,0.0,3560830,0.45,0.34,1.86,0.34
2020-06-16,Uttar_Pradesh,Kushinagar,0.08,3,0,0.0,61,2,3.28,1.71,0.06,0.0,3560830,0.11,0.0,1.52,0.02
2020-06-15,Uttar_Pradesh,Kushinagar,0.0,0,0,0.0,58,2,3.45,1.63,0.06,0.0,3560830,0.11,0.0,1.5,0.0
2020-06-14,Uttar_Pradesh,Kushinagar,0.03,1,0,0.0,58,2,3.45,1.63,0.06,0.0,3560830,0.11,0.03,1.5,-0.03
2020-06-13,Uttar_Pradesh,Kushinagar,0.0,0,0,0.0,57,2,3.51,1.6,0.06,0.0,3560830,0.08,-0.28,1.53,-0.03
2020-06-12,Uttar_Pradesh,Kushinagar,0.0,0,0,0.0,57,2,3.51,1.6,0.06,0.0,3560830,0.36,-0.28,1.56,0.0
2020-06-11,Uttar_Pradesh,Kushinagar,0.0,0,0,0.0,57,2,3.51,1.6,0.06,0.0,3560830,0.64,-0.2,1.56,0.0
2020-06-10,Uttar_Pradesh,Kushinagar,0.0,0,0,0.0,57,2,3.51,1.6,0.06,0.0,3560830,0.84,0.0,1.56,0.0
2020-06-09,Uttar_Pradesh,Kushinagar,0.08,3,0,0.0,57,2,3.51,1.6,0.06,0.0,3560830,0.84,0.0,1.56,0.08
2020-06-08,Uttar_Pradesh,Kushinagar,0.0,0,0,0.0,54,2,3.7,1.52,0.06,0.0,3560830,0.84,-0.2,1.48,0.0
2020-06-07,Uttar_Pradesh,Kushinagar,0.0,0,0,0.0,54,2,3.7,1.52,0.06,0.0,3560830,1.04,-0.17,1.48,0.03
2020-06-06,Uttar_Pradesh,Kushinagar,0.28,10,0,0.0,54,2,3.7,1.52,0.06,0.0,3560830,1.21,0.28,1.45,0.25
2020-06-05,Uttar_Pradesh,Kushinagar,0.28,10,0,0.0,44,2,4.55,1.24,0.06,0.0,3560830,0.93,0.25,1.2,0.28
2020-06-04,Uttar_Pradesh,Kushinagar,0.2,7,0,0.0,34,2,5.88,0.95,0.06,0.0,3560830,0.68,0.2,0.92,0.2
2020-06-03,Uttar_Pradesh,Kushinagar,0.0,0,0,0.0,27,2,7.41,0.76,0.06,0.0,3560830,0.48,0.0,0.72,-0.03
2020-06-02,Uttar_Pradesh,Kushinagar,0.08,3,0,0.0,27,2,7.41,0.76,0.06,0.0,3560830,0.48,0.05,0.75,0.05
2020-06-01,Uttar_Pradesh,Kushinagar,0.2,7,0,0.0,24,2,8.33,0.67,0.06,0.0,3560830,0.43,0.2,0.7,0.2
2020-05-31,Uttar_Pradesh,Kushinagar,0.17,6,0,0.0,17,2,11.76,0.48,0.06,0.0,3560830,0.23,0.14,0.5,0.17
2020-05-30,Uttar_Pradesh,Kushinagar,0.0,0,0,0.0,11,2,18.18,0.31,0.06,0.0,3560830,0.09,-0.03,0.33,0.0
2020-05-29,Uttar_Pradesh,Kushinagar,0.03,1,0,0.0,11,2,18.18,0.31,0.06,0.0,3560830,0.12,0.03,0.33,0.03
2020-05-28,Uttar_Pradesh,Kushinagar,0.0,0,1,0.03,10,2,20.0,0.28,0.06,0.0,3560830,0.09,0.0,0.3,0.0
2020-05-27,Uttar_Pradesh,Kushinagar,0.0,0,0,0.0,10,1,10.0,0.28,0.03,0.0,3560830,0.09,0.0,0.3,0.0
2020-05-26,Uttar_Pradesh,Kushinagar,0.03,1,0,0.0,10,1,10.0,0.28,0.03,0.0,3560830,0.09,-0.03,0.3,0.03
2020-05-25,Uttar_Pradesh,Kushinagar,0.0,0,0,0.0,9,1,11.11,0.25,0.03,0.0,3560830,0.12,0.0,0.27,0.0
2020-05-24,Uttar_Pradesh,Kushinagar,0.03,1,0,0.0,9,1,11.11,0.25,0.03,0.0,3560830,0.12,-0.03,0.27,0.03
2020-05-23,Uttar_Pradesh,Kushinagar,0.03,1,0,0.0,8,1,12.5,0.22,0.03,0.0,3560830,0.15,0.0,0.24,0.03
2020-05-22,Uttar_Pradesh,Kushinagar,0.0,0,0,0.0,7,1,14.29,0.2,0.03,0.0,3560830,0.15,0.0,0.21,0.0
2020-05-21,Uttar_Pradesh,Kushinagar,0.0,0,0,0.0,7,1,14.29,0.2,0.03,0.0,3560830,0.15,0.0,0.21,0.0
2020-05-20,Uttar_Pradesh,Kushinagar,0.0,0,0,0.0,7,1,14.29,0.2,0.03,0.0,3560830,0.15,0.0,0.21,0.0
2020-05-19,Uttar_Pradesh,Kushinagar,0.06,2,0,0.0,7,1,14.29,0.2,0.03,0.0,3560830,0.15,0.06,0.21,0.06
2020-05-18,Uttar_Pradesh,Kushinagar,0.0,0,1,0.03,5,1,20.0,0.14,0.03,0.0,3560830,0.09,0.0,0.15,0.0
2020-05-17,Uttar_Pradesh,Kushinagar,0.06,2,0,0.0,5,0,0.0,0.14,0.0,0.0,3560830,0.09,0.09,0.15,0.06
2020-05-16,Uttar_Pradesh,Kushinagar,0.03,1,0,0.0,3,0,0.0,0.08,0.0,0.0,3560830,0.0,0.0,0.09,0.03
2020-05-15,Uttar_Pradesh,Kushinagar,0.0,0,0,0.0,2,0,0.0,0.06,0.0,0.0,3560830,0.0,0.0,0.06,0.0
2020-05-14,Uttar_Pradesh,Kushinagar,0.0,0,0,0.0,2,0,0.0,0.06,0.0,0.0,3560830,0.0,0.0,0.06,0.0
2020-05-13,Uttar_Pradesh,Kushinagar,0.0,0,0,0.0,2,0,0.0,0.06,0.0,0.0,3560830,0.0,-0.03,0.06,0.0
2020-05-12,Uttar_Pradesh,Kushinagar,0.0,0,0,0.0,2,0,0.0,0.06,0.0,0.0,3560830,0.03,-0.03,0.06,0.0
2020-05-11,Uttar_Pradesh,Kushinagar,0.0,0,0,0.0,2,0,0.0,0.06,0.0,0.0,3560830,0.06,0.0,0.06,0.0
2020-05-10,Uttar_Pradesh,Kushinagar,-0.03,-1,0,0.0,2,0,0.0,0.06,0.0,0.0,3560830,0.06,-0.03,0.06,-0.03
2020-05-09,Uttar_Pradesh,Kushinagar,0.03,1,0,0.0,3,0,0.0,0.08,0.0,0.0,3560830,0.09,0.03,0.09,0.03
2020-05-08,Uttar_Pradesh,Kushinagar,0.0,0,0,0.0,2,0,0.0,0.06,0.0,0.0,3560830,0.06,0.0,0.06,0.0
2020-05-07,Uttar_Pradesh,Kushinagar,0.0,0,0,0.0,2,0,0.0,0.06,0.0,0.0,3560830,0.06,0.0,0.06,0.0
2020-05-06,Uttar_Pradesh,Kushinagar,0.03,1,0,0.0,2,0,0.0,0.06,0.0,0.0,3560830,0.06,0.03,0.06,0.03
2020-05-05,Uttar_Pradesh,Kushinagar,0.03,1,0,0.0,1,0,0.0,0.03,0.0,0.0,3560830,0.03,0.03,0.03,0.03
