date,state,city,1day_cases_100k,new_cases,new_deaths,new_deaths_100k,total_cases,total_deaths,cfr%,total_cases_100k,total_deaths_100k,%infected,population,7day_cases_100k,7day_cases_change,28day_cases_100k,28day_cases_change
2020-08-25,Santa Catarina,Bom Retiro,0.0,0,0,0.0,68,2,2.94,682.32,20.07,0.68,9966,90.3,-40.14,622.09,0.0
2020-08-24,Santa Catarina,Bom Retiro,0.0,0,0,0.0,68,2,2.94,682.32,20.07,0.68,9966,130.44,0.0,622.09,0.0
2020-08-23,Santa Catarina,Bom Retiro,10.03,1,0,0.0,68,2,2.94,682.32,20.07,0.68,9966,130.44,10.03,622.09,10.03
2020-08-22,Santa Catarina,Bom Retiro,10.03,1,0,0.0,67,2,2.99,672.29,20.07,0.67,9966,120.41,-30.11,612.06,10.03
2020-08-21,Santa Catarina,Bom Retiro,40.14,4,0,0.0,66,2,3.03,662.25,20.07,0.66,9966,150.52,10.04,602.03,40.14
2020-08-20,Santa Catarina,Bom Retiro,20.07,2,0,0.0,62,2,3.23,622.12,20.07,0.62,9966,140.48,-40.13,561.89,20.07
2020-08-19,Santa Catarina,Bom Retiro,10.03,1,0,0.0,60,2,3.33,602.05,20.07,0.6,9966,180.61,-50.17,541.82,10.03
2020-08-18,Santa Catarina,Bom Retiro,40.14,4,0,0.0,59,2,3.39,592.01,20.07,0.59,9966,230.78,0.0,531.79,30.11
2020-08-17,Santa Catarina,Bom Retiro,0.0,0,0,0.0,55,2,3.64,551.88,20.07,0.55,9966,230.78,0.0,501.68,0.0
2020-08-16,Santa Catarina,Bom Retiro,0.0,0,1,10.03,55,2,3.64,551.88,20.07,0.55,9966,230.78,0.0,501.68,-20.07
2020-08-15,Santa Catarina,Bom Retiro,40.14,4,0,0.0,55,1,1.82,551.88,10.03,0.55,9966,230.78,10.04,521.75,40.14
2020-08-14,Santa Catarina,Bom Retiro,30.1,3,0,0.0,51,1,1.96,511.74,10.03,0.51,9966,220.74,20.07,481.61,20.07
2020-08-13,Santa Catarina,Bom Retiro,60.2,6,1,10.03,48,1,2.08,481.64,10.03,0.48,9966,200.67,50.17,461.54,60.2
2020-08-12,Santa Catarina,Bom Retiro,60.2,6,0,0.0,42,0,0.0,421.43,0.0,0.42,9966,150.5,40.13,401.34,60.2
2020-08-11,Santa Catarina,Bom Retiro,40.14,4,0,0.0,36,0,0.0,361.23,0.0,0.36,9966,110.37,40.14,341.14,40.14
2020-08-10,Santa Catarina,Bom Retiro,0.0,0,0,0.0,32,0,0.0,321.09,0.0,0.32,9966,70.23,-10.03,301.0,0.0
2020-08-09,Santa Catarina,Bom Retiro,0.0,0,0,0.0,32,0,0.0,321.09,0.0,0.32,9966,80.26,-20.07,301.0,0.0
2020-08-08,Santa Catarina,Bom Retiro,30.1,3,0,0.0,32,0,0.0,321.09,0.0,0.32,9966,100.33,-20.07,301.0,30.1
2020-08-07,Santa Catarina,Bom Retiro,10.03,1,0,0.0,29,0,0.0,290.99,0.0,0.29,9966,120.4,-30.11,270.9,10.03
2020-08-06,Santa Catarina,Bom Retiro,10.03,1,0,0.0,28,0,0.0,280.96,0.0,0.28,9966,150.51,-50.17,260.87,10.03
2020-08-05,Santa Catarina,Bom Retiro,20.07,2,0,0.0,27,0,0.0,270.92,0.0,0.27,9966,200.68,10.04,250.84,20.07
2020-08-04,Santa Catarina,Bom Retiro,0.0,0,0,0.0,25,0,0.0,250.85,0.0,0.25,9966,190.64,0.0,230.77,0.0
2020-08-03,Santa Catarina,Bom Retiro,10.03,1,0,0.0,25,0,0.0,250.85,0.0,0.25,9966,190.64,10.03,230.77,10.03
2020-08-02,Santa Catarina,Bom Retiro,20.07,2,0,0.0,24,0,0.0,240.82,0.0,0.24,9966,180.61,20.07,220.74,20.07
2020-08-01,Santa Catarina,Bom Retiro,50.17,5,0,0.0,22,0,0.0,220.75,0.0,0.22,9966,160.54,50.17,200.67,50.17
2020-07-30,Santa Catarina,Bom Retiro,40.14,4,0,0.0,17,0,0.0,170.58,0.0,0.17,9966,110.37,40.14,150.5,40.14
2020-07-29,Santa Catarina,Bom Retiro,60.2,6,0,0.0,13,0,0.0,130.44,0.0,0.13,9966,70.23,60.2,110.36,60.2
2020-07-28,Santa Catarina,Bom Retiro,10.03,1,0,0.0,7,0,0.0,70.24,0.0,0.07,9966,10.03,10.03,50.16,10.03
2020-07-27,Santa Catarina,Bom Retiro,0.0,0,0,0.0,6,0,0.0,60.2,0.0,0.06,9966,0.0,-10.03,40.13,-10.03
2020-07-26,Santa Catarina,Bom Retiro,0.0,0,0,0.0,6,0,0.0,60.2,0.0,0.06,9966,10.03,0.0,50.16,0.0
2020-07-25,Santa Catarina,Bom Retiro,0.0,0,0,0.0,6,0,0.0,60.2,0.0,0.06,9966,10.03,-20.07,50.16,0.0
2020-07-24,Santa Catarina,Bom Retiro,0.0,0,0,0.0,6,0,0.0,60.2,0.0,0.06,9966,30.1,0.0,50.16,0.0
2020-07-23,Santa Catarina,Bom Retiro,0.0,0,0,0.0,6,0,0.0,60.2,0.0,0.06,9966,30.1,-10.03,50.16,0.0
2020-07-22,Santa Catarina,Bom Retiro,0.0,0,0,0.0,6,0,0.0,60.2,0.0,0.06,9966,40.13,0.0,50.16,0.0
2020-07-21,Santa Catarina,Bom Retiro,0.0,0,0,0.0,6,0,0.0,60.2,0.0,0.06,9966,40.13,0.0,50.16,0.0
2020-07-20,Santa Catarina,Bom Retiro,10.03,1,0,0.0,6,0,0.0,60.2,0.0,0.06,9966,40.13,10.03,50.16,10.03
2020-07-19,Santa Catarina,Bom Retiro,0.0,0,0,0.0,5,0,0.0,50.17,0.0,0.05,9966,30.1,0.0,40.13,0.0
2020-07-18,Santa Catarina,Bom Retiro,20.07,2,0,0.0,5,0,0.0,50.17,0.0,0.05,9966,30.1,20.07,40.13,20.07
2020-07-17,Santa Catarina,Bom Retiro,0.0,0,0,0.0,3,0,0.0,30.1,0.0,0.03,9966,10.03,0.0,20.06,0.0
2020-07-16,Santa Catarina,Bom Retiro,10.03,1,0,0.0,3,0,0.0,30.1,0.0,0.03,9966,10.03,10.03,20.06,10.03
2020-07-15,Santa Catarina,Bom Retiro,0.0,0,0,0.0,2,0,0.0,20.07,0.0,0.02,9966,0.0,0.0,10.03,0.0
2020-07-14,Santa Catarina,Bom Retiro,0.0,0,0,0.0,2,0,0.0,20.07,0.0,0.02,9966,0.0,0.0,10.03,0.0
2020-07-13,Santa Catarina,Bom Retiro,0.0,0,0,0.0,2,0,0.0,20.07,0.0,0.02,9966,0.0,0.0,10.03,0.0
2020-07-12,Santa Catarina,Bom Retiro,0.0,0,0,0.0,2,0,0.0,20.07,0.0,0.02,9966,0.0,0.0,10.03,0.0
2020-07-11,Santa Catarina,Bom Retiro,0.0,0,0,0.0,2,0,0.0,20.07,0.0,0.02,9966,0.0,0.0,10.03,0.0
2020-07-10,Santa Catarina,Bom Retiro,0.0,0,0,0.0,2,0,0.0,20.07,0.0,0.02,9966,0.0,0.0,10.03,0.0
2020-07-09,Santa Catarina,Bom Retiro,0.0,0,0,0.0,2,0,0.0,20.07,0.0,0.02,9966,0.0,0.0,10.03,0.0
2020-07-08,Santa Catarina,Bom Retiro,0.0,0,0,0.0,2,0,0.0,20.07,0.0,0.02,9966,0.0,0.0,10.03,0.0
2020-07-07,Santa Catarina,Bom Retiro,0.0,0,0,0.0,2,0,0.0,20.07,0.0,0.02,9966,0.0,0.0,10.03,0.0
2020-07-06,Santa Catarina,Bom Retiro,0.0,0,0,0.0,2,0,0.0,20.07,0.0,0.02,9966,0.0,-10.03,10.03,0.0
2020-07-05,Santa Catarina,Bom Retiro,0.0,0,0,0.0,2,0,0.0,20.07,0.0,0.02,9966,10.03,0.0,10.03,0.0
2020-07-04,Santa Catarina,Bom Retiro,0.0,0,0,0.0,2,0,0.0,20.07,0.0,0.02,9966,10.03,0.0,10.03,0.0
2020-07-03,Santa Catarina,Bom Retiro,0.0,0,0,0.0,2,0,0.0,20.07,0.0,0.02,9966,10.03,0.0,10.03,0.0
2020-07-02,Santa Catarina,Bom Retiro,0.0,0,0,0.0,2,0,0.0,20.07,0.0,0.02,9966,10.03,0.0,10.03,0.0
2020-07-01,Santa Catarina,Bom Retiro,0.0,0,0,0.0,2,0,0.0,20.07,0.0,0.02,9966,10.03,0.0,10.03,0.0
2020-06-30,Santa Catarina,Bom Retiro,0.0,0,0,0.0,2,0,0.0,20.07,0.0,0.02,9966,10.03,0.0,10.03,0.0
2020-06-29,Santa Catarina,Bom Retiro,10.03,1,0,0.0,2,0,0.0,20.07,0.0,0.02,9966,10.03,10.03,10.03,10.03
2020-06-28,Santa Catarina,Bom Retiro,0.0,0,0,0.0,1,0,0.0,10.03,0.0,0.01,9966,0.0,0.0,0.0,0.0
2020-06-27,Santa Catarina,Bom Retiro,0.0,0,0,0.0,1,0,0.0,10.03,0.0,0.01,9966,0.0,0.0,0.0,0.0
2020-06-26,Santa Catarina,Bom Retiro,0.0,0,0,0.0,1,0,0.0,10.03,0.0,0.01,9966,0.0,0.0,0.0,0.0
2020-06-25,Santa Catarina,Bom Retiro,0.0,0,0,0.0,1,0,0.0,10.03,0.0,0.01,9966,0.0,0.0,0.0,0.0
2020-06-24,Santa Catarina,Bom Retiro,0.0,0,0,0.0,1,0,0.0,10.03,0.0,0.01,9966,0.0,0.0,0.0,0.0
2020-06-23,Santa Catarina,Bom Retiro,0.0,0,0,0.0,1,0,0.0,10.03,0.0,0.01,9966,0.0,0.0,0.0,0.0
2020-06-22,Santa Catarina,Bom Retiro,0.0,0,0,0.0,1,0,0.0,10.03,0.0,0.01,9966,0.0,0.0,0.0,0.0
2020-06-21,Santa Catarina,Bom Retiro,0.0,0,0,0.0,1,0,0.0,10.03,0.0,0.01,9966,0.0,0.0,0.0,0.0
2020-06-20,Santa Catarina,Bom Retiro,0.0,0,0,0.0,1,0,0.0,10.03,0.0,0.01,9966,0.0,0.0,0.0,0.0
2020-06-19,Santa Catarina,Bom Retiro,0.0,0,0,0.0,1,0,0.0,10.03,0.0,0.01,9966,0.0,0.0,0.0,0.0
