date,state,city,1day_cases_100k,new_cases,new_deaths,new_deaths_100k,total_cases,total_deaths,cfr%,total_cases_100k,total_deaths_100k,%infected,population,7day_cases_100k,7day_cases_change,28day_cases_100k,28day_cases_change
2020-09-15,Santa Catarina,Canoinhas,5.51,3,0,0.0,517,9,1.74,950.35,16.54,0.95,54401,56.97,5.51,371.29,5.51
2020-09-14,Santa Catarina,Canoinhas,5.51,3,0,0.0,514,9,1.75,944.84,16.54,0.94,54401,51.46,-11.03,365.78,0.0
2020-09-13,Santa Catarina,Canoinhas,16.54,9,0,0.0,511,9,1.76,939.32,16.54,0.94,54401,62.49,12.86,365.78,12.86
2020-09-12,Santa Catarina,Canoinhas,5.51,3,0,0.0,502,9,1.79,922.78,16.54,0.92,54401,49.63,-11.03,352.92,-1.84
2020-09-11,Santa Catarina,Canoinhas,3.68,2,0,0.0,499,9,1.8,917.26,16.54,0.92,54401,60.66,-9.19,354.76,-7.35
2020-09-10,Santa Catarina,Canoinhas,5.51,3,0,0.0,497,9,1.81,913.59,16.54,0.91,54401,69.85,-3.68,362.11,-9.2
2020-09-09,Santa Catarina,Canoinhas,14.71,8,0,0.0,494,9,1.82,908.07,16.54,0.91,54401,73.53,14.71,371.31,1.84
2020-09-08,Santa Catarina,Canoinhas,0.0,0,0,0.0,486,9,1.85,893.37,16.54,0.89,54401,58.82,-7.35,369.47,0.0
2020-09-07,Santa Catarina,Canoinhas,16.54,9,0,0.0,486,9,1.85,893.37,16.54,0.89,54401,66.17,-170.96,369.47,7.35
2020-09-06,Santa Catarina,Canoinhas,3.68,2,0,0.0,477,9,1.89,876.82,16.54,0.88,54401,237.13,-1.83,362.12,-3.67
2020-09-05,Santa Catarina,Canoinhas,16.54,9,0,0.0,475,9,1.89,873.15,16.54,0.87,54401,238.96,20.22,365.79,7.35
2020-09-04,Santa Catarina,Canoinhas,12.87,7,0,0.0,466,9,1.93,856.6,16.54,0.86,54401,218.74,9.19,358.44,9.19
2020-09-03,Santa Catarina,Canoinhas,9.19,5,0,0.0,459,9,1.96,843.73,16.54,0.84,54401,209.55,11.03,349.25,-1.84
2020-09-02,Santa Catarina,Canoinhas,0.0,0,0,0.0,454,9,1.98,834.54,16.54,0.83,54401,198.52,0.0,351.09,-5.51
2020-09-01,Santa Catarina,Canoinhas,7.35,4,0,0.0,454,9,1.98,834.54,16.54,0.83,54401,198.52,5.51,356.6,-1.84
2020-08-31,Santa Catarina,Canoinhas,187.5,102,0,0.0,450,9,2.0,827.19,16.54,0.83,54401,193.01,183.82,358.44,181.99
2020-08-30,Santa Catarina,Canoinhas,5.51,3,0,0.0,348,9,2.59,639.69,16.54,0.64,54401,9.19,-11.03,176.45,-3.68
2020-08-29,Santa Catarina,Canoinhas,-3.68,-2,0,0.0,345,9,2.61,634.18,16.54,0.63,54401,20.22,-20.22,180.13,0.0
2020-08-28,Santa Catarina,Canoinhas,3.68,2,0,0.0,347,9,2.59,637.86,16.54,0.64,54401,40.44,-3.67,180.13,-23.89
2020-08-27,Santa Catarina,Canoinhas,-1.84,-1,1,1.84,345,9,2.61,634.18,16.54,0.63,54401,44.11,-1.84,204.02,-7.35
2020-08-26,Santa Catarina,Canoinhas,0.0,0,0,0.0,346,8,2.31,636.02,14.71,0.64,54401,45.95,-11.03,211.37,-11.03
2020-08-25,Santa Catarina,Canoinhas,1.84,1,0,0.0,346,8,2.31,636.02,14.71,0.64,54401,56.98,1.84,222.4,-11.03
2020-08-24,Santa Catarina,Canoinhas,3.68,2,0,0.0,345,8,2.32,634.18,14.71,0.63,54401,55.14,-1.83,233.43,-5.51
2020-08-23,Santa Catarina,Canoinhas,16.54,9,0,0.0,343,8,2.33,630.5,14.71,0.63,54401,56.97,12.86,238.94,12.86
2020-08-22,Santa Catarina,Canoinhas,16.54,9,0,0.0,334,8,2.4,613.96,14.71,0.61,54401,44.11,9.19,226.08,9.19
2020-08-21,Santa Catarina,Canoinhas,7.35,4,0,0.0,325,8,2.46,597.42,14.71,0.6,54401,34.92,-3.68,216.89,3.67
2020-08-20,Santa Catarina,Canoinhas,0.0,0,0,0.0,321,8,2.49,590.06,14.71,0.59,54401,38.6,-14.71,213.22,-16.54
2020-08-19,Santa Catarina,Canoinhas,11.03,6,0,0.0,321,8,2.49,590.06,14.71,0.59,54401,53.31,-1.84,229.76,0.0
2020-08-18,Santa Catarina,Canoinhas,0.0,0,0,0.0,315,8,2.54,579.03,14.71,0.58,54401,55.15,0.0,229.76,-1.84
2020-08-17,Santa Catarina,Canoinhas,5.51,3,0,0.0,315,8,2.54,579.03,14.71,0.58,54401,55.15,-3.68,231.6,-3.68
2020-08-16,Santa Catarina,Canoinhas,3.68,2,0,0.0,312,8,2.56,573.52,14.71,0.57,54401,58.83,-3.67,235.28,7.36
2020-08-15,Santa Catarina,Canoinhas,7.35,4,0,0.0,310,8,2.58,569.84,14.71,0.57,54401,62.5,-1.84,227.92,-9.19
2020-08-14,Santa Catarina,Canoinhas,11.03,6,0,0.0,306,8,2.61,562.49,14.71,0.56,54401,64.34,7.35,237.11,1.84
2020-08-13,Santa Catarina,Canoinhas,14.71,8,1,1.84,300,8,2.67,551.46,14.71,0.55,54401,56.99,3.68,235.27,7.36
2020-08-12,Santa Catarina,Canoinhas,12.87,7,0,0.0,292,7,2.4,536.75,12.87,0.54,54401,53.31,7.36,227.91,1.84
2020-08-11,Santa Catarina,Canoinhas,0.0,0,0,0.0,285,7,2.46,523.89,12.87,0.52,54401,45.95,-9.19,226.07,-11.03
2020-08-10,Santa Catarina,Canoinhas,9.19,5,0,0.0,285,7,2.46,523.89,12.87,0.52,54401,55.14,3.68,237.1,5.51
2020-08-09,Santa Catarina,Canoinhas,7.35,4,0,0.0,280,7,2.5,514.7,12.87,0.51,54401,51.46,-1.84,231.59,1.84
2020-08-08,Santa Catarina,Canoinhas,9.19,5,0,0.0,276,7,2.54,507.34,12.87,0.51,54401,53.3,12.87,229.75,5.51
2020-08-07,Santa Catarina,Canoinhas,3.68,2,0,0.0,271,7,2.58,498.15,12.87,0.5,54401,40.43,-23.89,224.24,1.84
2020-08-06,Santa Catarina,Canoinhas,11.03,6,1,1.84,269,7,2.6,494.48,12.87,0.49,54401,64.32,5.52,222.4,-1.84
2020-08-05,Santa Catarina,Canoinhas,5.51,3,0,0.0,263,6,2.28,483.45,11.03,0.48,54401,58.8,-5.52,224.24,3.67
2020-08-04,Santa Catarina,Canoinhas,9.19,5,0,0.0,260,6,2.31,477.93,11.03,0.48,54401,64.32,-3.68,220.57,9.19
2020-08-03,Santa Catarina,Canoinhas,5.51,3,0,0.0,255,6,2.35,468.74,11.03,0.47,54401,68.0,-3.68,211.38,0.0
2020-08-02,Santa Catarina,Canoinhas,9.19,5,1,1.84,252,6,2.38,463.23,11.03,0.46,54401,71.68,5.51,211.38,1.84
2020-08-01,Santa Catarina,Canoinhas,-3.68,-2,0,0.0,247,5,2.02,454.04,9.19,0.45,54401,66.17,-11.03,209.54,-3.68
2020-07-30,Santa Catarina,Canoinhas,27.57,15,2,3.68,249,5,2.01,457.71,9.19,0.46,54401,77.2,23.89,213.22,29.41
2020-07-29,Santa Catarina,Canoinhas,5.51,3,0,0.0,234,3,1.28,430.14,5.51,0.43,54401,53.31,-11.03,183.81,5.51
2020-07-28,Santa Catarina,Canoinhas,11.03,6,0,0.0,231,3,1.3,424.62,5.51,0.42,54401,64.34,0.0,178.3,1.84
2020-07-27,Santa Catarina,Canoinhas,12.87,7,0,0.0,225,3,1.33,413.6,5.51,0.41,54401,64.34,11.03,176.46,11.03
2020-07-26,Santa Catarina,Canoinhas,9.19,5,0,0.0,218,3,1.38,400.73,5.51,0.4,54401,53.31,0.0,165.43,1.84
2020-07-25,Santa Catarina,Canoinhas,3.68,2,0,0.0,213,3,1.41,391.54,5.51,0.39,54401,53.31,7.36,163.59,-16.54
2020-07-24,Santa Catarina,Canoinhas,7.35,4,0,0.0,211,3,1.42,387.86,5.51,0.39,54401,45.95,-9.19,180.13,3.67
2020-07-23,Santa Catarina,Canoinhas,3.68,2,0,0.0,207,3,1.45,380.51,5.51,0.38,54401,55.14,-5.51,176.46,1.84
2020-07-22,Santa Catarina,Canoinhas,16.54,9,0,0.0,205,3,1.46,376.83,5.51,0.38,54401,60.65,9.19,174.62,18.38
2020-07-21,Santa Catarina,Canoinhas,11.03,6,0,0.0,196,3,1.53,360.29,5.51,0.36,54401,51.46,0.0,156.24,9.19
2020-07-20,Santa Catarina,Canoinhas,1.84,1,0,0.0,190,3,1.58,349.26,5.51,0.35,54401,51.46,-9.19,147.05,1.84
2020-07-19,Santa Catarina,Canoinhas,9.19,5,0,0.0,189,3,1.59,347.42,5.51,0.35,54401,60.65,5.51,145.21,1.84
2020-07-18,Santa Catarina,Canoinhas,-3.68,-2,0,0.0,184,3,1.63,338.23,5.51,0.34,54401,55.14,-9.19,143.37,-11.03
2020-07-17,Santa Catarina,Canoinhas,16.54,9,1,1.84,186,3,1.61,341.91,5.51,0.34,54401,64.33,12.86,154.4,14.7
2020-07-16,Santa Catarina,Canoinhas,9.19,5,0,0.0,177,2,1.13,325.36,3.68,0.33,54401,51.47,7.35,139.7,9.19
2020-07-15,Santa Catarina,Canoinhas,7.35,4,0,0.0,172,2,1.16,316.17,3.68,0.32,54401,44.12,-5.52,130.51,5.51
2020-07-14,Santa Catarina,Canoinhas,11.03,6,0,0.0,168,2,1.19,308.82,3.68,0.31,54401,49.64,9.19,125.0,11.03
2020-07-13,Santa Catarina,Canoinhas,11.03,6,0,0.0,162,2,1.23,297.79,3.68,0.3,54401,40.45,11.03,113.97,-22.06
2020-07-12,Santa Catarina,Canoinhas,3.68,2,0,0.0,156,2,1.28,286.76,3.68,0.29,54401,29.42,-1.83,136.03,3.68
2020-07-11,Santa Catarina,Canoinhas,5.51,3,0,0.0,154,2,1.3,283.08,3.68,0.28,54401,31.25,-1.84,132.35,5.51
2020-07-10,Santa Catarina,Canoinhas,3.68,2,0,0.0,151,2,1.32,277.57,3.68,0.28,54401,33.09,3.68,126.84,1.84
2020-07-09,Santa Catarina,Canoinhas,1.84,1,1,1.84,149,2,1.34,273.89,3.68,0.27,54401,29.41,3.68,125.0,-5.51
2020-07-08,Santa Catarina,Canoinhas,12.87,7,0,0.0,148,1,0.68,272.05,1.84,0.27,54401,25.73,12.87,130.51,11.03
2020-07-07,Santa Catarina,Canoinhas,1.84,1,0,0.0,141,1,0.71,259.19,1.84,0.26,54401,12.86,-7.35,119.48,1.84
2020-07-06,Santa Catarina,Canoinhas,0.0,0,0,0.0,140,1,0.71,257.35,1.84,0.26,54401,20.21,-1.84,117.64,-1.84
2020-07-05,Santa Catarina,Canoinhas,5.51,3,0,0.0,140,1,0.71,257.35,1.84,0.26,54401,22.05,-1.84,119.48,-3.68
2020-07-04,Santa Catarina,Canoinhas,7.35,4,0,0.0,137,1,0.73,251.83,1.84,0.25,54401,23.89,-12.87,123.16,-3.68
2020-07-03,Santa Catarina,Canoinhas,0.0,0,0,0.0,133,1,0.75,244.48,1.84,0.24,54401,36.76,-3.68,126.84,-18.38
2020-07-02,Santa Catarina,Canoinhas,-1.84,-1,1,1.84,133,1,0.75,244.48,1.84,0.24,54401,40.44,-3.68,145.22,-1.84
2020-07-01,Santa Catarina,Canoinhas,0.0,0,0,0.0,134,0,0.0,246.32,0.0,0.25,54401,44.12,1.84,147.06,0.0
2020-06-30,Santa Catarina,Canoinhas,9.19,5,0,0.0,134,0,0.0,246.32,0.0,0.25,54401,42.28,7.35,147.06,11.03
2020-06-29,Santa Catarina,Canoinhas,1.84,1,0,0.0,129,0,0.0,237.13,0.0,0.24,54401,34.93,1.84,136.03,-40.44
2020-06-28,Santa Catarina,Canoinhas,7.35,4,0,0.0,128,0,0.0,235.29,0.0,0.24,54401,33.09,0.0,176.47,5.51
2020-06-27,Santa Catarina,Canoinhas,20.22,11,0,0.0,124,0,0.0,227.94,0.0,0.23,54401,33.09,12.87,170.96,14.71
2020-06-26,Santa Catarina,Canoinhas,3.68,2,0,0.0,113,0,0.0,207.72,0.0,0.21,54401,20.22,1.84,156.25,-14.7
2020-06-25,Santa Catarina,Canoinhas,1.84,1,0,0.0,111,0,0.0,204.04,0.0,0.2,54401,18.38,1.84,170.95,-3.67
2020-06-24,Santa Catarina,Canoinhas,-1.84,-1,0,0.0,110,0,0.0,202.2,0.0,0.2,54401,16.54,-3.68,174.62,-3.68
2020-06-23,Santa Catarina,Canoinhas,1.84,1,0,0.0,111,0,0.0,204.04,0.0,0.2,54401,20.22,1.84,178.3,3.68
2020-06-22,Santa Catarina,Canoinhas,0.0,0,0,0.0,110,0,0.0,202.2,0.0,0.2,54401,18.38,-33.09,174.62,-1.84
2020-06-21,Santa Catarina,Canoinhas,7.35,4,0,0.0,110,0,0.0,202.2,0.0,0.2,54401,51.47,7.35,176.46,7.35
2020-06-20,Santa Catarina,Canoinhas,7.35,4,0,0.0,106,0,0.0,194.85,0.0,0.19,54401,44.12,7.35,169.11,5.51
2020-06-19,Santa Catarina,Canoinhas,1.84,1,0,0.0,102,0,0.0,187.5,0.0,0.19,54401,36.77,0.0,163.6,0.0
2020-06-18,Santa Catarina,Canoinhas,0.0,0,0,0.0,101,0,0.0,185.66,0.0,0.19,54401,36.77,-7.35,163.6,0.0
2020-06-17,Santa Catarina,Canoinhas,1.84,1,0,0.0,101,0,0.0,185.66,0.0,0.19,54401,44.12,0.0,163.6,1.84
2020-06-16,Santa Catarina,Canoinhas,0.0,0,0,0.0,100,0,0.0,183.82,0.0,0.18,54401,44.12,0.0,161.76,0.0
2020-06-15,Santa Catarina,Canoinhas,33.09,18,0,0.0,100,0,0.0,183.82,0.0,0.18,54401,44.12,31.25,161.76,23.9
2020-06-14,Santa Catarina,Canoinhas,0.0,0,0,0.0,82,0,0.0,150.73,0.0,0.15,54401,12.87,-9.19,137.86,0.0
2020-06-13,Santa Catarina,Canoinhas,0.0,0,0,0.0,82,0,0.0,150.73,0.0,0.15,54401,22.06,-11.03,137.86,0.0
2020-06-12,Santa Catarina,Canoinhas,1.84,1,0,0.0,82,0,0.0,150.73,0.0,0.15,54401,33.09,-16.54,137.86,1.84
2020-06-11,Santa Catarina,Canoinhas,7.35,4,0,0.0,81,0,0.0,148.89,0.0,0.15,54401,49.63,7.35,136.02,0.0
2020-06-10,Santa Catarina,Canoinhas,1.84,1,0,0.0,77,0,0.0,141.54,0.0,0.14,54401,42.28,1.84,136.02,1.84
2020-06-09,Santa Catarina,Canoinhas,0.0,0,0,0.0,76,0,0.0,139.7,0.0,0.14,54401,40.44,1.84,134.18,-1.84
2020-06-08,Santa Catarina,Canoinhas,1.84,1,0,0.0,76,0,0.0,139.7,0.0,0.14,54401,38.6,-40.44,136.02,1.84
2020-06-07,Santa Catarina,Canoinhas,9.19,5,0,0.0,75,0,0.0,137.87,0.0,0.14,54401,79.04,7.35,134.18,9.19
2020-06-06,Santa Catarina,Canoinhas,11.03,6,0,0.0,70,0,0.0,128.67,0.0,0.13,54401,71.69,5.52,124.99,9.19
2020-06-05,Santa Catarina,Canoinhas,18.38,10,0,0.0,64,0,0.0,117.64,0.0,0.12,54401,66.17,0.0,115.8,18.38
2020-06-04,Santa Catarina,Canoinhas,0.0,0,0,0.0,54,0,0.0,99.26,0.0,0.1,54401,66.17,-5.51,97.42,0.0
2020-06-03,Santa Catarina,Canoinhas,0.0,0,0,0.0,54,0,0.0,99.26,0.0,0.1,54401,71.68,-1.84,97.42,0.0
2020-06-02,Santa Catarina,Canoinhas,-1.84,-1,0,0.0,54,0,0.0,99.26,0.0,0.1,54401,73.52,0.0,97.42,-1.84
2020-06-01,Santa Catarina,Canoinhas,42.28,23,0,0.0,55,0,0.0,101.1,0.0,0.1,54401,73.52,40.44,99.26,42.28
2020-05-31,Santa Catarina,Canoinhas,1.84,1,0,0.0,32,0,0.0,58.82,0.0,0.06,54401,33.08,1.84,56.98,1.84
2020-05-30,Santa Catarina,Canoinhas,5.51,3,0,0.0,31,0,0.0,56.98,0.0,0.06,54401,31.24,3.67,55.14,5.51
2020-05-29,Santa Catarina,Canoinhas,18.38,10,0,0.0,28,0,0.0,51.47,0.0,0.05,54401,27.57,16.54,49.63,18.38
2020-05-28,Santa Catarina,Canoinhas,5.51,3,0,0.0,18,0,0.0,33.09,0.0,0.03,54401,11.03,5.51,31.25,5.51
2020-05-27,Santa Catarina,Canoinhas,1.84,1,0,0.0,15,0,0.0,27.57,0.0,0.03,54401,5.52,1.84,25.74,1.84
2020-05-26,Santa Catarina,Canoinhas,-1.84,-1,0,0.0,14,0,0.0,25.73,0.0,0.03,54401,3.68,-1.84,23.9,-1.84
2020-05-25,Santa Catarina,Canoinhas,1.84,1,0,0.0,15,0,0.0,27.57,0.0,0.03,54401,5.52,-7.35,25.74,1.84
2020-05-24,Santa Catarina,Canoinhas,0.0,0,0,0.0,14,0,0.0,25.73,0.0,0.03,54401,12.87,0.0,23.9,0.0
2020-05-23,Santa Catarina,Canoinhas,1.84,1,0,0.0,14,0,0.0,25.73,0.0,0.03,54401,12.87,1.84,23.9,1.84
2020-05-22,Santa Catarina,Canoinhas,1.84,1,0,0.0,13,0,0.0,23.9,0.0,0.02,54401,11.03,1.84,22.06,1.84
2020-05-21,Santa Catarina,Canoinhas,0.0,0,0,0.0,12,0,0.0,22.06,0.0,0.02,54401,9.19,-7.35,20.22,0.0
2020-05-20,Santa Catarina,Canoinhas,0.0,0,0,0.0,12,0,0.0,22.06,0.0,0.02,54401,16.54,0.0,20.22,0.0
2020-05-19,Santa Catarina,Canoinhas,0.0,0,0,0.0,12,0,0.0,22.06,0.0,0.02,54401,16.54,-1.84,20.22,0.0
2020-05-18,Santa Catarina,Canoinhas,9.19,5,0,0.0,12,0,0.0,22.06,0.0,0.02,54401,18.38,9.19,20.22,9.19
2020-05-17,Santa Catarina,Canoinhas,0.0,0,0,0.0,7,0,0.0,12.87,0.0,0.01,54401,9.19,0.0,11.03,0.0
2020-05-16,Santa Catarina,Canoinhas,0.0,0,0,0.0,7,0,0.0,12.87,0.0,0.01,54401,9.19,-1.84,11.03,0.0
2020-05-15,Santa Catarina,Canoinhas,0.0,0,0,0.0,7,0,0.0,12.87,0.0,0.01,54401,11.03,0.0,11.03,0.0
2020-05-14,Santa Catarina,Canoinhas,7.35,4,0,0.0,7,0,0.0,12.87,0.0,0.01,54401,11.03,7.35,11.03,7.35
2020-05-13,Santa Catarina,Canoinhas,0.0,0,0,0.0,3,0,0.0,5.51,0.0,0.01,54401,3.68,0.0,3.68,0.0
2020-05-12,Santa Catarina,Canoinhas,1.84,1,0,0.0,3,0,0.0,5.51,0.0,0.01,54401,3.68,1.84,3.68,1.84
2020-05-11,Santa Catarina,Canoinhas,0.0,0,0,0.0,2,0,0.0,3.68,0.0,0.0,54401,1.84,0.0,1.84,0.0
2020-05-10,Santa Catarina,Canoinhas,0.0,0,0,0.0,2,0,0.0,3.68,0.0,0.0,54401,1.84,0.0,1.84,0.0
2020-05-09,Santa Catarina,Canoinhas,1.84,1,0,0.0,2,0,0.0,3.68,0.0,0.0,54401,1.84,1.84,1.84,1.84
2020-05-08,Santa Catarina,Canoinhas,0.0,0,0,0.0,1,0,0.0,1.84,0.0,0.0,54401,0.0,0.0,0.0,0.0
2020-05-07,Santa Catarina,Canoinhas,0.0,0,0,0.0,1,0,0.0,1.84,0.0,0.0,54401,0.0,0.0,0.0,0.0
2020-05-06,Santa Catarina,Canoinhas,0.0,0,0,0.0,1,0,0.0,1.84,0.0,0.0,54401,0.0,0.0,0.0,0.0
