date,state,city,new_cases_100k,new_cases,new_deaths,new_deaths_100k,total_cases,total_deaths,cfr%,total_cases_100k,total_deaths_100k,%infected,population
2020-07-29,Santa Catarina,Laguna,6.55,3,0,0.0,209,7,3.35,456.19,15.28,0.46,45814
2020-07-28,Santa Catarina,Laguna,26.19,12,0,0.0,206,7,3.4,449.64,15.28,0.45,45814
2020-07-27,Santa Catarina,Laguna,26.19,12,0,0.0,194,7,3.61,423.45,15.28,0.42,45814
2020-07-26,Santa Catarina,Laguna,26.19,12,1,2.18,182,7,3.85,397.26,15.28,0.4,45814
2020-07-25,Santa Catarina,Laguna,2.18,1,0,0.0,170,6,3.53,371.07,13.1,0.37,45814
2020-07-24,Santa Catarina,Laguna,6.55,3,0,0.0,169,6,3.55,368.88,13.1,0.37,45814
2020-07-23,Santa Catarina,Laguna,8.73,4,0,0.0,166,6,3.61,362.33,13.1,0.36,45814
2020-07-22,Santa Catarina,Laguna,13.1,6,0,0.0,162,6,3.7,353.6,13.1,0.35,45814
2020-07-21,Santa Catarina,Laguna,0.0,0,1,2.18,156,6,3.85,340.51,13.1,0.34,45814
2020-07-20,Santa Catarina,Laguna,13.1,6,0,0.0,156,5,3.21,340.51,10.91,0.34,45814
2020-07-19,Santa Catarina,Laguna,0.0,0,0,0.0,150,5,3.33,327.41,10.91,0.33,45814
2020-07-18,Santa Catarina,Laguna,4.37,2,0,0.0,150,5,3.33,327.41,10.91,0.33,45814
2020-07-17,Santa Catarina,Laguna,15.28,7,2,4.37,148,5,3.38,323.05,10.91,0.32,45814
2020-07-16,Santa Catarina,Laguna,13.1,6,0,0.0,141,3,2.13,307.77,6.55,0.31,45814
2020-07-15,Santa Catarina,Laguna,17.46,8,0,0.0,135,3,2.22,294.67,6.55,0.29,45814
2020-07-14,Santa Catarina,Laguna,17.46,8,0,0.0,127,3,2.36,277.21,6.55,0.28,45814
2020-07-13,Santa Catarina,Laguna,26.19,12,0,0.0,119,3,2.52,259.75,6.55,0.26,45814
2020-07-12,Santa Catarina,Laguna,15.28,7,1,2.18,107,3,2.8,233.55,6.55,0.23,45814
2020-07-11,Santa Catarina,Laguna,28.38,13,0,0.0,100,2,2.0,218.27,4.37,0.22,45814
2020-07-10,Santa Catarina,Laguna,15.28,7,0,0.0,87,2,2.3,189.9,4.37,0.19,45814
2020-07-09,Santa Catarina,Laguna,4.37,2,0,0.0,80,2,2.5,174.62,4.37,0.17,45814
2020-07-08,Santa Catarina,Laguna,6.55,3,0,0.0,78,2,2.56,170.25,4.37,0.17,45814
2020-07-07,Santa Catarina,Laguna,0.0,0,0,0.0,75,2,2.67,163.71,4.37,0.16,45814
2020-07-06,Santa Catarina,Laguna,2.18,1,0,0.0,75,2,2.67,163.71,4.37,0.16,45814
2020-07-05,Santa Catarina,Laguna,0.0,0,0,0.0,74,2,2.7,161.52,4.37,0.16,45814
2020-07-04,Santa Catarina,Laguna,8.73,4,0,0.0,74,2,2.7,161.52,4.37,0.16,45814
2020-07-03,Santa Catarina,Laguna,19.64,9,0,0.0,70,2,2.86,152.79,4.37,0.15,45814
2020-07-02,Santa Catarina,Laguna,10.91,5,0,0.0,61,2,3.28,133.15,4.37,0.13,45814
2020-07-01,Santa Catarina,Laguna,19.64,9,0,0.0,56,2,3.57,122.23,4.37,0.12,45814
2020-06-30,Santa Catarina,Laguna,2.18,1,0,0.0,47,2,4.26,102.59,4.37,0.1,45814
2020-06-29,Santa Catarina,Laguna,2.18,1,0,0.0,46,2,4.35,100.41,4.37,0.1,45814
2020-06-28,Santa Catarina,Laguna,8.73,4,0,0.0,45,2,4.44,98.22,4.37,0.1,45814
2020-06-27,Santa Catarina,Laguna,6.55,3,0,0.0,41,2,4.88,89.49,4.37,0.09,45814
2020-06-26,Santa Catarina,Laguna,4.37,2,1,2.18,38,2,5.26,82.94,4.37,0.08,45814
2020-06-25,Santa Catarina,Laguna,0.0,0,0,0.0,36,1,2.78,78.58,2.18,0.08,45814
2020-06-24,Santa Catarina,Laguna,0.0,0,0,0.0,36,1,2.78,78.58,2.18,0.08,45814
2020-06-23,Santa Catarina,Laguna,2.18,1,0,0.0,36,1,2.78,78.58,2.18,0.08,45814
2020-06-22,Santa Catarina,Laguna,4.37,2,0,0.0,35,1,2.86,76.4,2.18,0.08,45814
2020-06-21,Santa Catarina,Laguna,0.0,0,0,0.0,33,1,3.03,72.03,2.18,0.07,45814
2020-06-20,Santa Catarina,Laguna,2.18,1,0,0.0,33,1,3.03,72.03,2.18,0.07,45814
2020-06-19,Santa Catarina,Laguna,8.73,4,0,0.0,32,1,3.12,69.85,2.18,0.07,45814
2020-06-18,Santa Catarina,Laguna,0.0,0,0,0.0,28,1,3.57,61.12,2.18,0.06,45814
2020-06-17,Santa Catarina,Laguna,0.0,0,0,0.0,28,1,3.57,61.12,2.18,0.06,45814
2020-06-16,Santa Catarina,Laguna,0.0,0,0,0.0,28,1,3.57,61.12,2.18,0.06,45814
2020-06-15,Santa Catarina,Laguna,2.18,1,0,0.0,28,1,3.57,61.12,2.18,0.06,45814
2020-06-14,Santa Catarina,Laguna,0.0,0,0,0.0,27,1,3.7,58.93,2.18,0.06,45814
2020-06-13,Santa Catarina,Laguna,0.0,0,0,0.0,27,1,3.7,58.93,2.18,0.06,45814
2020-06-12,Santa Catarina,Laguna,0.0,0,0,0.0,27,1,3.7,58.93,2.18,0.06,45814
2020-06-11,Santa Catarina,Laguna,0.0,0,0,0.0,27,1,3.7,58.93,2.18,0.06,45814
2020-06-10,Santa Catarina,Laguna,0.0,0,0,0.0,27,1,3.7,58.93,2.18,0.06,45814
2020-06-09,Santa Catarina,Laguna,0.0,0,0,0.0,27,1,3.7,58.93,2.18,0.06,45814
2020-06-08,Santa Catarina,Laguna,0.0,0,0,0.0,27,1,3.7,58.93,2.18,0.06,45814
2020-06-07,Santa Catarina,Laguna,8.73,4,0,0.0,27,1,3.7,58.93,2.18,0.06,45814
2020-06-06,Santa Catarina,Laguna,4.37,2,0,0.0,23,1,4.35,50.2,2.18,0.05,45814
2020-06-05,Santa Catarina,Laguna,6.55,3,0,0.0,21,1,4.76,45.84,2.18,0.05,45814
2020-06-04,Santa Catarina,Laguna,2.18,1,0,0.0,18,1,5.56,39.29,2.18,0.04,45814
2020-06-03,Santa Catarina,Laguna,-2.18,-1,0,0.0,17,1,5.88,37.11,2.18,0.04,45814
2020-06-02,Santa Catarina,Laguna,0.0,0,0,0.0,18,1,5.56,39.29,2.18,0.04,45814
2020-06-01,Santa Catarina,Laguna,4.37,2,0,0.0,18,1,5.56,39.29,2.18,0.04,45814
2020-05-31,Santa Catarina,Laguna,0.0,0,0,0.0,16,1,6.25,34.92,2.18,0.03,45814
2020-05-30,Santa Catarina,Laguna,0.0,0,0,0.0,16,1,6.25,34.92,2.18,0.03,45814
2020-05-29,Santa Catarina,Laguna,0.0,0,0,0.0,16,1,6.25,34.92,2.18,0.03,45814
2020-05-28,Santa Catarina,Laguna,4.37,2,0,0.0,16,1,6.25,34.92,2.18,0.03,45814
2020-05-27,Santa Catarina,Laguna,0.0,0,0,0.0,14,1,7.14,30.56,2.18,0.03,45814
2020-05-26,Santa Catarina,Laguna,0.0,0,0,0.0,14,1,7.14,30.56,2.18,0.03,45814
2020-05-25,Santa Catarina,Laguna,0.0,0,0,0.0,14,1,7.14,30.56,2.18,0.03,45814
2020-05-24,Santa Catarina,Laguna,0.0,0,0,0.0,14,1,7.14,30.56,2.18,0.03,45814
2020-05-23,Santa Catarina,Laguna,2.18,1,0,0.0,14,1,7.14,30.56,2.18,0.03,45814
2020-05-22,Santa Catarina,Laguna,-4.37,-2,0,0.0,13,1,7.69,28.38,2.18,0.03,45814
2020-05-21,Santa Catarina,Laguna,0.0,0,0,0.0,15,1,6.67,32.74,2.18,0.03,45814
2020-05-20,Santa Catarina,Laguna,0.0,0,0,0.0,15,1,6.67,32.74,2.18,0.03,45814
2020-05-19,Santa Catarina,Laguna,2.18,1,0,0.0,15,1,6.67,32.74,2.18,0.03,45814
2020-05-18,Santa Catarina,Laguna,0.0,0,0,0.0,14,1,7.14,30.56,2.18,0.03,45814
2020-05-17,Santa Catarina,Laguna,0.0,0,0,0.0,14,1,7.14,30.56,2.18,0.03,45814
2020-05-16,Santa Catarina,Laguna,-2.18,-1,-1,-2.18,14,1,7.14,30.56,2.18,0.03,45814
2020-05-15,Santa Catarina,Laguna,0.0,0,0,0.0,15,2,13.33,32.74,4.37,0.03,45814
2020-05-14,Santa Catarina,Laguna,6.55,3,2,4.37,15,2,13.33,32.74,4.37,0.03,45814
2020-05-13,Santa Catarina,Laguna,0.0,0,0,0.0,12,0,0.0,26.19,0.0,0.03,45814
2020-05-12,Santa Catarina,Laguna,0.0,0,0,0.0,12,0,0.0,26.19,0.0,0.03,45814
2020-05-11,Santa Catarina,Laguna,2.18,1,0,0.0,12,0,0.0,26.19,0.0,0.03,45814
2020-05-10,Santa Catarina,Laguna,0.0,0,0,0.0,11,0,0.0,24.01,0.0,0.02,45814
2020-05-09,Santa Catarina,Laguna,0.0,0,0,0.0,11,0,0.0,24.01,0.0,0.02,45814
2020-05-08,Santa Catarina,Laguna,0.0,0,0,0.0,11,0,0.0,24.01,0.0,0.02,45814
2020-05-07,Santa Catarina,Laguna,0.0,0,0,0.0,11,0,0.0,24.01,0.0,0.02,45814
2020-05-06,Santa Catarina,Laguna,4.37,2,0,0.0,11,0,0.0,24.01,0.0,0.02,45814
2020-05-05,Santa Catarina,Laguna,2.18,1,0,0.0,9,0,0.0,19.64,0.0,0.02,45814
2020-05-04,Santa Catarina,Laguna,0.0,0,0,0.0,8,0,0.0,17.46,0.0,0.02,45814
2020-05-03,Santa Catarina,Laguna,0.0,0,0,0.0,8,0,0.0,17.46,0.0,0.02,45814
2020-05-02,Santa Catarina,Laguna,0.0,0,0,0.0,8,0,0.0,17.46,0.0,0.02,45814
2020-05-01,Santa Catarina,Laguna,-2.18,-1,0,0.0,8,0,0.0,17.46,0.0,0.02,45814
2020-04-30,Santa Catarina,Laguna,2.18,1,0,0.0,9,0,0.0,19.64,0.0,0.02,45814
2020-04-29,Santa Catarina,Laguna,0.0,0,0,0.0,8,0,0.0,17.46,0.0,0.02,45814
2020-04-28,Santa Catarina,Laguna,2.18,1,0,0.0,8,0,0.0,17.46,0.0,0.02,45814
2020-04-27,Santa Catarina,Laguna,0.0,0,0,0.0,7,0,0.0,15.28,0.0,0.02,45814
2020-04-26,Santa Catarina,Laguna,2.18,1,0,0.0,7,0,0.0,15.28,0.0,0.02,45814
2020-04-25,Santa Catarina,Laguna,0.0,0,0,0.0,6,0,0.0,13.1,0.0,0.01,45814
2020-04-24,Santa Catarina,Laguna,2.18,1,0,0.0,6,0,0.0,13.1,0.0,0.01,45814
2020-04-23,Santa Catarina,Laguna,0.0,0,0,0.0,5,0,0.0,10.91,0.0,0.01,45814
2020-04-22,Santa Catarina,Laguna,0.0,0,0,0.0,5,0,0.0,10.91,0.0,0.01,45814
2020-04-21,Santa Catarina,Laguna,0.0,0,0,0.0,5,0,0.0,10.91,0.0,0.01,45814
2020-04-20,Santa Catarina,Laguna,0.0,0,0,0.0,5,0,0.0,10.91,0.0,0.01,45814
2020-04-19,Santa Catarina,Laguna,0.0,0,0,0.0,5,0,0.0,10.91,0.0,0.01,45814
2020-04-18,Santa Catarina,Laguna,0.0,0,0,0.0,5,0,0.0,10.91,0.0,0.01,45814
2020-04-17,Santa Catarina,Laguna,0.0,0,0,0.0,5,0,0.0,10.91,0.0,0.01,45814
2020-04-16,Santa Catarina,Laguna,2.18,1,0,0.0,5,0,0.0,10.91,0.0,0.01,45814
2020-04-15,Santa Catarina,Laguna,0.0,0,0,0.0,4,0,0.0,8.73,0.0,0.01,45814
2020-04-14,Santa Catarina,Laguna,0.0,0,0,0.0,4,0,0.0,8.73,0.0,0.01,45814
2020-04-13,Santa Catarina,Laguna,0.0,0,0,0.0,4,0,0.0,8.73,0.0,0.01,45814
2020-04-12,Santa Catarina,Laguna,0.0,0,0,0.0,4,0,0.0,8.73,0.0,0.01,45814
2020-04-11,Santa Catarina,Laguna,0.0,0,0,0.0,4,0,0.0,8.73,0.0,0.01,45814
2020-04-10,Santa Catarina,Laguna,0.0,0,0,0.0,4,0,0.0,8.73,0.0,0.01,45814
2020-04-09,Santa Catarina,Laguna,2.18,1,0,0.0,4,0,0.0,8.73,0.0,0.01,45814
2020-04-08,Santa Catarina,Laguna,0.0,0,0,0.0,3,0,0.0,6.55,0.0,0.01,45814
2020-04-07,Santa Catarina,Laguna,0.0,0,0,0.0,3,0,0.0,6.55,0.0,0.01,45814
2020-04-06,Santa Catarina,Laguna,0.0,0,0,0.0,3,0,0.0,6.55,0.0,0.01,45814
2020-04-05,Santa Catarina,Laguna,2.18,1,0,0.0,3,0,0.0,6.55,0.0,0.01,45814
2020-04-04,Santa Catarina,Laguna,2.18,1,0,0.0,2,0,0.0,4.37,0.0,0.0,45814
2020-04-03,Santa Catarina,Laguna,0.0,0,0,0.0,1,0,0.0,2.18,0.0,0.0,45814
2020-04-02,Santa Catarina,Laguna,0.0,0,0,0.0,1,0,0.0,2.18,0.0,0.0,45814
2020-04-01,Santa Catarina,Laguna,0.0,0,0,0.0,1,0,0.0,2.18,0.0,0.0,45814
2020-03-31,Santa Catarina,Laguna,0.0,0,0,0.0,1,0,0.0,2.18,0.0,0.0,45814
2020-03-30,Santa Catarina,Laguna,0.0,0,0,0.0,1,0,0.0,2.18,0.0,0.0,45814
2020-03-29,Santa Catarina,Laguna,0.0,0,0,0.0,1,0,0.0,2.18,0.0,0.0,45814
2020-03-28,Santa Catarina,Laguna,0.0,0,0,0.0,1,0,0.0,2.18,0.0,0.0,45814
2020-03-27,Santa Catarina,Laguna,2.18,1,0,0.0,1,0,0.0,2.18,0.0,0.0,45814
2020-03-26,Santa Catarina,Laguna,-2.18,-1,0,0.0,0,0,0.0,0.0,0.0,0.0,45814
2020-03-25,Santa Catarina,Laguna,0.0,0,0,0.0,1,0,0.0,2.18,0.0,0.0,45814
2020-03-24,Santa Catarina,Laguna,0.0,0,0,0.0,1,0,0.0,2.18,0.0,0.0,45814
