date,state,city,1day_cases_100k,new_cases,new_deaths,new_deaths_100k,total_cases,total_deaths,cfr%,total_cases_100k,total_deaths_100k,%infected,population,7day_cases_100k,7day_cases_change,28day_cases_100k,28day_cases_change
2020-09-02,Santa Catarina,Lindóia do Sul,0.0,0,0,0.0,246,2,0.81,5391.19,43.83,5.39,4563,460.23,-65.75,2914.78,-43.83
2020-09-01,Santa Catarina,Lindóia do Sul,65.75,3,0,0.0,246,2,0.81,5391.19,43.83,5.39,4563,525.98,-21.91,2958.61,0.0
2020-08-31,Santa Catarina,Lindóia do Sul,219.15,10,0,0.0,243,2,0.82,5325.44,43.83,5.33,4563,547.89,65.74,2958.61,219.15
2020-08-30,Santa Catarina,Lindóia do Sul,0.0,0,0,0.0,233,2,0.86,5106.29,43.83,5.11,4563,482.15,-21.92,2739.46,0.0
2020-08-29,Santa Catarina,Lindóia do Sul,21.92,1,1,21.92,233,2,0.86,5106.29,43.83,5.11,4563,504.07,-43.83,2739.46,-87.66
2020-08-28,Santa Catarina,Lindóia do Sul,21.92,1,0,0.0,232,1,0.43,5084.37,21.92,5.08,4563,547.9,0.0,2827.12,-43.83
2020-08-27,Santa Catarina,Lindóia do Sul,131.49,6,0,0.0,231,1,0.43,5062.46,21.92,5.06,4563,547.9,43.83,2870.95,87.66
2020-08-26,Santa Catarina,Lindóia do Sul,65.75,3,0,0.0,225,1,0.44,4930.97,21.92,4.93,4563,504.07,-153.4,2783.29,-65.74
2020-08-25,Santa Catarina,Lindóia do Sul,87.66,4,0,0.0,222,1,0.45,4865.22,21.92,4.87,4563,657.47,-241.07,2849.03,87.66
2020-08-24,Santa Catarina,Lindóia do Sul,153.41,7,0,0.0,218,1,0.46,4777.56,21.92,4.78,4563,898.54,131.49,2761.37,109.58
2020-08-23,Santa Catarina,Lindóia do Sul,21.92,1,0,0.0,211,1,0.47,4624.15,21.92,4.62,4563,767.05,0.0,2651.79,0.0
2020-08-22,Santa Catarina,Lindóia do Sul,65.75,3,1,21.92,210,1,0.48,4602.24,21.92,4.6,4563,767.05,-21.91,2651.79,65.75
2020-08-21,Santa Catarina,Lindóia do Sul,21.92,1,0,0.0,207,0,0.0,4536.49,0.0,4.54,4563,788.96,-131.49,2586.04,0.0
2020-08-20,Santa Catarina,Lindóia do Sul,87.66,4,0,0.0,206,0,0.0,4514.57,0.0,4.51,4563,920.45,-65.75,2586.04,87.66
2020-08-19,Santa Catarina,Lindóia do Sul,219.15,10,0,0.0,202,0,0.0,4426.91,0.0,4.43,4563,986.2,175.32,2498.38,219.15
2020-08-18,Santa Catarina,Lindóia do Sul,328.73,15,0,0.0,192,0,0.0,4207.76,0.0,4.21,4563,810.88,65.75,2279.23,306.81
2020-08-17,Santa Catarina,Lindóia do Sul,21.92,1,0,0.0,177,0,0.0,3879.03,0.0,3.88,4563,745.13,-43.83,1972.42,21.92
2020-08-16,Santa Catarina,Lindóia do Sul,21.92,1,0,0.0,176,0,0.0,3857.11,0.0,3.86,4563,788.96,-175.32,1950.5,0.0
2020-08-15,Santa Catarina,Lindóia do Sul,87.66,4,0,0.0,175,0,0.0,3835.2,0.0,3.84,4563,964.28,-43.83,1950.5,21.91
2020-08-14,Santa Catarina,Lindóia do Sul,153.41,7,0,0.0,171,0,0.0,3747.53,0.0,3.75,4563,1008.11,-43.83,1928.59,109.58
2020-08-13,Santa Catarina,Lindóia do Sul,153.41,7,0,0.0,164,0,0.0,3594.13,0.0,3.59,4563,1051.94,87.66,1819.01,153.41
2020-08-12,Santa Catarina,Lindóia do Sul,43.83,2,0,0.0,157,0,0.0,3440.72,0.0,3.44,4563,964.28,0.0,1665.6,0.0
2020-08-11,Santa Catarina,Lindóia do Sul,262.98,12,0,0.0,155,0,0.0,3396.89,0.0,3.4,4563,964.28,197.23,1665.6,241.06
2020-08-10,Santa Catarina,Lindóia do Sul,65.75,3,0,0.0,143,0,0.0,3133.9,0.0,3.13,4563,767.05,65.75,1424.54,65.75
2020-08-09,Santa Catarina,Lindóia do Sul,197.24,9,0,0.0,140,0,0.0,3068.16,0.0,3.07,4563,701.3,197.24,1358.79,197.24
2020-08-08,Santa Catarina,Lindóia do Sul,131.49,6,0,0.0,131,0,0.0,2870.92,0.0,2.87,4563,504.06,21.91,1161.55,65.74
2020-08-07,Santa Catarina,Lindóia do Sul,197.24,9,0,0.0,125,0,0.0,2739.43,0.0,2.74,4563,482.15,131.49,1095.81,197.24
2020-08-06,Santa Catarina,Lindóia do Sul,65.75,3,0,0.0,116,0,0.0,2542.19,0.0,2.54,4563,350.66,21.92,898.57,87.67
2020-08-05,Santa Catarina,Lindóia do Sul,43.83,2,0,0.0,113,0,0.0,2476.44,0.0,2.48,4563,328.74,-87.66,810.9,43.83
2020-08-04,Santa Catarina,Lindóia do Sul,65.75,3,0,0.0,111,0,0.0,2432.61,0.0,2.43,4563,416.4,65.75,767.07,65.75
2020-08-03,Santa Catarina,Lindóia do Sul,0.0,0,0,0.0,108,0,0.0,2366.86,0.0,2.37,4563,350.65,-43.83,701.32,-21.92
2020-08-02,Santa Catarina,Lindóia do Sul,0.0,0,0,0.0,108,0,0.0,2366.86,0.0,2.37,4563,394.48,-21.92,723.24,-21.92
2020-08-01,Santa Catarina,Lindóia do Sul,109.58,5,0,0.0,108,0,0.0,2366.86,0.0,2.37,4563,416.4,109.58,745.16,109.58
2020-07-30,Santa Catarina,Lindóia do Sul,65.75,3,0,0.0,103,0,0.0,2257.29,0.0,2.26,4563,306.82,43.83,635.58,43.83
2020-07-29,Santa Catarina,Lindóia do Sul,43.83,2,0,0.0,100,0,0.0,2191.54,0.0,2.19,4563,262.99,43.83,591.75,43.83
2020-07-28,Santa Catarina,Lindóia do Sul,131.49,6,0,0.0,98,0,0.0,2147.71,0.0,2.15,4563,219.16,131.49,547.92,109.57
2020-07-27,Santa Catarina,Lindóia do Sul,0.0,0,0,0.0,92,0,0.0,2016.22,0.0,2.02,4563,87.67,-21.92,438.35,0.0
2020-07-26,Santa Catarina,Lindóia do Sul,43.83,2,0,0.0,92,0,0.0,2016.22,0.0,2.02,4563,109.59,43.83,438.35,43.83
2020-07-25,Santa Catarina,Lindóia do Sul,21.92,1,0,0.0,90,0,0.0,1972.39,0.0,1.97,4563,65.76,0.0,394.52,0.0
2020-07-24,Santa Catarina,Lindóia do Sul,0.0,0,0,0.0,89,0,0.0,1950.47,0.0,1.95,4563,65.76,-65.75,394.52,21.92
2020-07-23,Santa Catarina,Lindóia do Sul,21.92,1,0,0.0,89,0,0.0,1950.47,0.0,1.95,4563,131.51,-21.91,372.6,-21.91
2020-07-22,Santa Catarina,Lindóia do Sul,0.0,0,0,0.0,88,0,0.0,1928.56,0.0,1.93,4563,153.42,0.0,394.51,0.0
2020-07-21,Santa Catarina,Lindóia do Sul,0.0,0,0,0.0,88,0,0.0,1928.56,0.0,1.93,4563,153.42,-43.83,394.51,-21.92
2020-07-20,Santa Catarina,Lindóia do Sul,21.92,1,0,0.0,88,0,0.0,1928.56,0.0,1.93,4563,197.25,0.0,416.43,0.0
2020-07-19,Santa Catarina,Lindóia do Sul,0.0,0,0,0.0,87,0,0.0,1906.64,0.0,1.91,4563,197.25,0.0,416.43,21.92
2020-07-18,Santa Catarina,Lindóia do Sul,21.92,1,0,0.0,87,0,0.0,1906.64,0.0,1.91,4563,197.25,21.92,394.51,-109.57
2020-07-17,Santa Catarina,Lindóia do Sul,65.75,3,0,0.0,86,0,0.0,1884.72,0.0,1.88,4563,175.33,0.0,504.08,65.75
2020-07-16,Santa Catarina,Lindóia do Sul,43.83,2,0,0.0,83,0,0.0,1818.98,0.0,1.82,4563,175.33,43.83,438.33,43.83
2020-07-15,Santa Catarina,Lindóia do Sul,0.0,0,0,0.0,81,0,0.0,1775.15,0.0,1.78,4563,131.5,21.92,394.5,0.0
2020-07-14,Santa Catarina,Lindóia do Sul,43.83,2,0,0.0,81,0,0.0,1775.15,0.0,1.78,4563,109.58,43.83,394.5,43.83
2020-07-13,Santa Catarina,Lindóia do Sul,21.92,1,0,0.0,79,0,0.0,1731.32,0.0,1.73,4563,65.75,21.92,350.67,-43.83
2020-07-12,Santa Catarina,Lindóia do Sul,0.0,0,0,0.0,78,0,0.0,1709.4,0.0,1.71,4563,43.83,-21.92,394.5,0.0
2020-07-11,Santa Catarina,Lindóia do Sul,0.0,0,0,0.0,78,0,0.0,1709.4,0.0,1.71,4563,65.75,-21.92,394.5,0.0
2020-07-10,Santa Catarina,Lindóia do Sul,65.75,3,0,0.0,78,0,0.0,1709.4,0.0,1.71,4563,87.67,65.75,394.5,65.75
2020-07-09,Santa Catarina,Lindóia do Sul,0.0,0,0,0.0,75,0,0.0,1643.66,0.0,1.64,4563,21.92,-21.92,328.75,0.0
2020-07-08,Santa Catarina,Lindóia do Sul,-21.92,-1,0,0.0,75,0,0.0,1643.66,0.0,1.64,4563,43.84,-21.92,328.75,-21.92
2020-07-07,Santa Catarina,Lindóia do Sul,0.0,0,0,0.0,76,0,0.0,1665.57,0.0,1.67,4563,65.76,-21.92,350.67,0.0
2020-07-06,Santa Catarina,Lindóia do Sul,0.0,0,0,0.0,76,0,0.0,1665.57,0.0,1.67,4563,87.68,0.0,350.67,0.0
2020-07-05,Santa Catarina,Lindóia do Sul,21.92,1,0,0.0,76,0,0.0,1665.57,0.0,1.67,4563,87.68,21.92,350.67,21.92
2020-07-04,Santa Catarina,Lindóia do Sul,21.92,1,0,0.0,75,0,0.0,1643.66,0.0,1.64,4563,65.76,0.0,328.75,21.92
2020-07-03,Santa Catarina,Lindóia do Sul,0.0,0,0,0.0,74,0,0.0,1621.74,0.0,1.62,4563,65.76,21.92,306.83,0.0
2020-07-02,Santa Catarina,Lindóia do Sul,21.92,1,0,0.0,74,0,0.0,1621.74,0.0,1.62,4563,43.84,-21.91,306.83,-65.74
2020-07-01,Santa Catarina,Lindóia do Sul,0.0,0,0,0.0,73,0,0.0,1599.82,0.0,1.6,4563,65.75,0.0,372.57,0.0
2020-06-30,Santa Catarina,Lindóia do Sul,21.92,1,0,0.0,73,0,0.0,1599.82,0.0,1.6,4563,65.75,0.0,372.57,21.92
2020-06-29,Santa Catarina,Lindóia do Sul,0.0,0,0,0.0,72,0,0.0,1577.91,0.0,1.58,4563,65.75,-21.92,350.65,0.0
2020-06-28,Santa Catarina,Lindóia do Sul,0.0,0,0,0.0,72,0,0.0,1577.91,0.0,1.58,4563,87.67,21.92,350.65,0.0
2020-06-27,Santa Catarina,Lindóia do Sul,21.92,1,0,0.0,72,0,0.0,1577.91,0.0,1.58,4563,65.75,-109.57,350.65,21.92
2020-06-26,Santa Catarina,Lindóia do Sul,-21.92,-1,0,0.0,71,0,0.0,1555.99,0.0,1.56,4563,175.32,-21.92,328.73,-21.92
2020-06-25,Santa Catarina,Lindóia do Sul,43.83,2,0,0.0,72,0,0.0,1577.91,0.0,1.58,4563,197.24,43.83,350.65,43.83
2020-06-24,Santa Catarina,Lindóia do Sul,0.0,0,0,0.0,70,0,0.0,1534.08,0.0,1.53,4563,153.41,0.0,306.82,-21.92
2020-06-23,Santa Catarina,Lindóia do Sul,21.92,1,0,0.0,70,0,0.0,1534.08,0.0,1.53,4563,153.41,21.92,328.74,21.92
2020-06-22,Santa Catarina,Lindóia do Sul,21.92,1,0,0.0,69,0,0.0,1512.16,0.0,1.51,4563,131.49,-43.83,306.82,0.0
2020-06-21,Santa Catarina,Lindóia do Sul,-21.92,-1,0,0.0,68,0,0.0,1490.25,0.0,1.49,4563,175.32,-21.92,306.82,-21.92
2020-06-20,Santa Catarina,Lindóia do Sul,131.49,6,0,0.0,69,0,0.0,1512.16,0.0,1.51,4563,197.24,131.49,328.74,87.66
2020-06-19,Santa Catarina,Lindóia do Sul,0.0,0,0,0.0,63,0,0.0,1380.67,0.0,1.38,4563,65.75,0.0,241.08,-65.75
2020-06-18,Santa Catarina,Lindóia do Sul,0.0,0,0,0.0,63,0,0.0,1380.67,0.0,1.38,4563,65.75,0.0,306.83,-21.92
2020-06-17,Santa Catarina,Lindóia do Sul,0.0,0,0,0.0,63,0,0.0,1380.67,0.0,1.38,4563,65.75,0.0,328.75,0.0
2020-06-16,Santa Catarina,Lindóia do Sul,0.0,0,0,0.0,63,0,0.0,1380.67,0.0,1.38,4563,65.75,0.0,328.75,0.0
2020-06-15,Santa Catarina,Lindóia do Sul,65.75,3,0,0.0,63,0,0.0,1380.67,0.0,1.38,4563,65.75,65.75,328.75,43.83
2020-06-14,Santa Catarina,Lindóia do Sul,0.0,0,0,0.0,60,0,0.0,1314.92,0.0,1.31,4563,0.0,0.0,284.92,0.0
2020-06-13,Santa Catarina,Lindóia do Sul,0.0,0,0,0.0,60,0,0.0,1314.92,0.0,1.31,4563,0.0,0.0,284.92,0.0
2020-06-12,Santa Catarina,Lindóia do Sul,0.0,0,0,0.0,60,0,0.0,1314.92,0.0,1.31,4563,0.0,0.0,284.92,0.0
2020-06-11,Santa Catarina,Lindóia do Sul,0.0,0,0,0.0,60,0,0.0,1314.92,0.0,1.31,4563,0.0,-87.66,284.92,-21.92
2020-06-10,Santa Catarina,Lindóia do Sul,0.0,0,0,0.0,60,0,0.0,1314.92,0.0,1.31,4563,87.66,0.0,306.84,0.0
2020-06-09,Santa Catarina,Lindóia do Sul,0.0,0,0,0.0,60,0,0.0,1314.92,0.0,1.31,4563,87.66,0.0,306.84,0.0
2020-06-08,Santa Catarina,Lindóia do Sul,0.0,0,0,0.0,60,0,0.0,1314.92,0.0,1.31,4563,87.66,0.0,306.84,0.0
2020-06-07,Santa Catarina,Lindóia do Sul,0.0,0,0,0.0,60,0,0.0,1314.92,0.0,1.31,4563,87.66,0.0,306.84,0.0
2020-06-06,Santa Catarina,Lindóia do Sul,0.0,0,0,0.0,60,0,0.0,1314.92,0.0,1.31,4563,87.66,0.0,306.84,-175.32
2020-06-05,Santa Catarina,Lindóia do Sul,0.0,0,0,0.0,60,0,0.0,1314.92,0.0,1.31,4563,87.66,0.0,482.16,-21.92
2020-06-04,Santa Catarina,Lindóia do Sul,87.66,4,0,0.0,60,0,0.0,1314.92,0.0,1.31,4563,87.66,87.66,504.08,-21.92
2020-06-03,Santa Catarina,Lindóia do Sul,0.0,0,0,0.0,56,0,0.0,1227.26,0.0,1.23,4563,0.0,-21.92,526.0,-21.92
2020-06-02,Santa Catarina,Lindóia do Sul,0.0,0,0,0.0,56,0,0.0,1227.26,0.0,1.23,4563,21.92,0.0,547.92,-131.49
2020-06-01,Santa Catarina,Lindóia do Sul,0.0,0,0,0.0,56,0,0.0,1227.26,0.0,1.23,4563,21.92,-21.92,679.41,-87.66
2020-05-31,Santa Catarina,Lindóia do Sul,0.0,0,0,0.0,56,0,0.0,1227.26,0.0,1.23,4563,43.84,0.0,767.07,0.0
2020-05-30,Santa Catarina,Lindóia do Sul,0.0,0,0,0.0,56,0,0.0,1227.26,0.0,1.23,4563,43.84,-43.83,767.07,-87.66
2020-05-29,Santa Catarina,Lindóia do Sul,0.0,0,0,0.0,56,0,0.0,1227.26,0.0,1.23,4563,87.67,-65.75,854.73,0.0
2020-05-28,Santa Catarina,Lindóia do Sul,0.0,0,0,0.0,56,0,0.0,1227.26,0.0,1.23,4563,153.42,-21.92,854.73,-65.75
2020-05-27,Santa Catarina,Lindóia do Sul,21.92,1,0,0.0,56,0,0.0,1227.26,0.0,1.23,4563,175.34,21.92,920.48,21.92
2020-05-26,Santa Catarina,Lindóia do Sul,0.0,0,0,0.0,55,0,0.0,1205.35,0.0,1.21,4563,153.42,0.0,898.56,-43.83
2020-05-25,Santa Catarina,Lindóia do Sul,21.92,1,0,0.0,55,0,0.0,1205.35,0.0,1.21,4563,153.42,0.0,942.39,-43.83
2020-05-24,Santa Catarina,Lindóia do Sul,0.0,0,0,0.0,54,0,0.0,1183.43,0.0,1.18,4563,153.42,0.0,986.22,-65.75
2020-05-23,Santa Catarina,Lindóia do Sul,43.83,2,0,0.0,54,0,0.0,1183.43,0.0,1.18,4563,153.42,43.83,1051.97,0.0
2020-05-22,Santa Catarina,Lindóia do Sul,65.75,3,0,0.0,52,0,0.0,1139.6,0.0,1.14,4563,109.59,65.75,1051.97,65.75
2020-05-21,Santa Catarina,Lindóia do Sul,21.92,1,0,0.0,49,0,0.0,1073.85,0.0,1.07,4563,43.84,0.0,986.22,21.92
2020-05-20,Santa Catarina,Lindóia do Sul,0.0,0,0,0.0,48,0,0.0,1051.94,0.0,1.05,4563,43.84,0.0,964.3,0.0
2020-05-19,Santa Catarina,Lindóia do Sul,0.0,0,0,0.0,48,0,0.0,1051.94,0.0,1.05,4563,43.84,0.0,964.3,-21.92
2020-05-18,Santa Catarina,Lindóia do Sul,21.92,1,0,0.0,48,0,0.0,1051.94,0.0,1.05,4563,43.84,21.92,986.22,0.0
2020-05-17,Santa Catarina,Lindóia do Sul,0.0,0,0,0.0,47,0,0.0,1030.02,0.0,1.03,4563,21.92,0.0,986.22,0.0
2020-05-16,Santa Catarina,Lindóia do Sul,0.0,0,0,0.0,47,0,0.0,1030.02,0.0,1.03,4563,21.92,-175.32,986.22,0.0
2020-05-15,Santa Catarina,Lindóia do Sul,0.0,0,0,0.0,47,0,0.0,1030.02,0.0,1.03,4563,197.24,-21.92,986.22,0.0
2020-05-14,Santa Catarina,Lindóia do Sul,21.92,1,0,0.0,47,0,0.0,1030.02,0.0,1.03,4563,219.16,-87.66,986.22,21.92
2020-05-13,Santa Catarina,Lindóia do Sul,0.0,0,0,0.0,46,0,0.0,1008.11,0.0,1.01,4563,306.82,-21.92,964.3,0.0
2020-05-12,Santa Catarina,Lindóia do Sul,0.0,0,0,0.0,46,0,0.0,1008.11,0.0,1.01,4563,328.74,-131.49,964.3,0.0
2020-05-11,Santa Catarina,Lindóia do Sul,0.0,0,0,0.0,46,0,0.0,1008.11,0.0,1.01,4563,460.23,-87.66,964.3,0.0
2020-05-10,Santa Catarina,Lindóia do Sul,0.0,0,0,0.0,46,0,0.0,1008.11,0.0,1.01,4563,547.89,0.0,964.3,0.0
2020-05-09,Santa Catarina,Lindóia do Sul,175.32,8,0,0.0,46,0,0.0,1008.11,0.0,1.01,4563,547.89,87.66,964.3,175.32
2020-05-08,Santa Catarina,Lindóia do Sul,21.92,1,0,0.0,38,0,0.0,832.79,0.0,0.83,4563,460.23,21.92,788.98,21.92
2020-05-07,Santa Catarina,Lindóia do Sul,109.58,5,0,0.0,37,0,0.0,810.87,0.0,0.81,4563,438.31,43.83,767.06,109.58
2020-05-06,Santa Catarina,Lindóia do Sul,21.92,1,0,0.0,32,0,0.0,701.29,0.0,0.7,4563,394.48,21.92,657.48,21.92
2020-05-05,Santa Catarina,Lindóia do Sul,131.49,6,0,0.0,31,0,0.0,679.38,0.0,0.68,4563,372.56,87.66,635.56,131.49
2020-05-04,Santa Catarina,Lindóia do Sul,87.66,4,0,0.0,25,0,0.0,547.89,0.0,0.55,4563,284.9,21.91,504.07,87.66
2020-05-03,Santa Catarina,Lindóia do Sul,0.0,0,0,0.0,21,0,0.0,460.22,0.0,0.46,4563,262.99,-65.75,416.41,0.0
2020-05-02,Santa Catarina,Lindóia do Sul,87.66,4,0,0.0,21,0,0.0,460.22,0.0,0.46,4563,328.74,43.83,416.41,87.66
2020-05-01,Santa Catarina,Lindóia do Sul,0.0,0,0,0.0,17,0,0.0,372.56,0.0,0.37,4563,284.91,0.0,328.75,0.0
2020-04-30,Santa Catarina,Lindóia do Sul,65.75,3,0,0.0,17,0,0.0,372.56,0.0,0.37,4563,284.91,65.75,328.75,65.75
2020-04-29,Santa Catarina,Lindóia do Sul,0.0,0,0,0.0,14,0,0.0,306.82,0.0,0.31,4563,219.16,0.0,263.0,0.0
2020-04-28,Santa Catarina,Lindóia do Sul,43.83,2,0,0.0,14,0,0.0,306.82,0.0,0.31,4563,219.16,21.91,263.0,43.83
2020-04-27,Santa Catarina,Lindóia do Sul,65.75,3,0,0.0,12,0,0.0,262.98,0.0,0.26,4563,197.25,43.83,219.17,65.75
2020-04-26,Santa Catarina,Lindóia do Sul,65.75,3,0,0.0,9,0,0.0,197.24,0.0,0.2,4563,153.42,65.75,153.42,65.75
2020-04-25,Santa Catarina,Lindóia do Sul,43.83,2,0,0.0,6,0,0.0,131.49,0.0,0.13,4563,87.67,43.83,87.67,43.83
2020-04-24,Santa Catarina,Lindóia do Sul,0.0,0,0,0.0,4,0,0.0,87.66,0.0,0.09,4563,43.84,0.0,43.84,0.0
2020-04-23,Santa Catarina,Lindóia do Sul,0.0,0,0,0.0,4,0,0.0,87.66,0.0,0.09,4563,43.84,0.0,43.84,0.0
2020-04-22,Santa Catarina,Lindóia do Sul,0.0,0,0,0.0,4,0,0.0,87.66,0.0,0.09,4563,43.84,0.0,43.84,0.0
2020-04-21,Santa Catarina,Lindóia do Sul,21.92,1,0,0.0,4,0,0.0,87.66,0.0,0.09,4563,43.84,21.92,43.84,21.92
2020-04-20,Santa Catarina,Lindóia do Sul,21.92,1,0,0.0,3,0,0.0,65.75,0.0,0.07,4563,21.92,21.92,21.92,21.92
2020-04-19,Santa Catarina,Lindóia do Sul,0.0,0,0,0.0,2,0,0.0,43.83,0.0,0.04,4563,0.0,0.0,0.0,0.0
2020-04-18,Santa Catarina,Lindóia do Sul,0.0,0,0,0.0,2,0,0.0,43.83,0.0,0.04,4563,0.0,0.0,0.0,0.0
2020-04-17,Santa Catarina,Lindóia do Sul,0.0,0,0,0.0,2,0,0.0,43.83,0.0,0.04,4563,0.0,0.0,0.0,0.0
2020-04-16,Santa Catarina,Lindóia do Sul,0.0,0,0,0.0,2,0,0.0,43.83,0.0,0.04,4563,0.0,0.0,0.0,0.0
