date,state,city,1day_cases_100k,new_cases,new_deaths,new_deaths_100k,total_cases,total_deaths,cfr%,total_cases_100k,total_deaths_100k,%infected,population,7day_cases_100k,7day_cases_change,28day_cases_100k,28day_cases_change
2020-09-15,Santa Catarina,Major Gercino,0.0,0,0,0.0,128,2,1.56,3718.77,58.11,3.72,3442,116.21,0.0,813.47,-87.16
2020-09-14,Santa Catarina,Major Gercino,87.16,3,0,0.0,128,2,1.56,3718.77,58.11,3.72,3442,116.21,58.11,900.63,58.11
2020-09-13,Santa Catarina,Major Gercino,0.0,0,0,0.0,125,2,1.6,3631.61,58.11,3.63,3442,58.1,0.0,842.52,0.0
2020-09-12,Santa Catarina,Major Gercino,0.0,0,0,0.0,125,2,1.6,3631.61,58.11,3.63,3442,58.1,29.05,842.52,-58.11
2020-09-11,Santa Catarina,Major Gercino,0.0,0,0,0.0,125,2,1.6,3631.61,58.11,3.63,3442,29.05,-116.21,900.63,0.0
2020-09-10,Santa Catarina,Major Gercino,0.0,0,0,0.0,125,2,1.6,3631.61,58.11,3.63,3442,145.26,0.0,900.63,-29.05
2020-09-09,Santa Catarina,Major Gercino,29.05,1,0,0.0,125,2,1.6,3631.61,58.11,3.63,3442,145.26,29.05,929.68,-58.11
2020-09-08,Santa Catarina,Major Gercino,0.0,0,0,0.0,124,2,1.61,3602.56,58.11,3.6,3442,116.21,-29.05,987.79,-116.21
2020-09-07,Santa Catarina,Major Gercino,29.05,1,0,0.0,124,2,1.61,3602.56,58.11,3.6,3442,145.26,-261.48,1104.0,0.0
2020-09-06,Santa Catarina,Major Gercino,0.0,0,0,0.0,123,2,1.63,3573.5,58.11,3.57,3442,406.74,0.0,1104.0,0.0
2020-09-05,Santa Catarina,Major Gercino,-29.05,-1,0,0.0,123,2,1.63,3573.5,58.11,3.57,3442,406.74,0.0,1104.0,-697.27
2020-09-04,Santa Catarina,Major Gercino,116.21,4,0,0.0,124,2,1.61,3602.56,58.11,3.6,3442,406.74,87.16,1801.27,29.05
2020-09-03,Santa Catarina,Major Gercino,0.0,0,0,0.0,120,2,1.67,3486.35,58.11,3.49,3442,319.58,0.0,1772.22,-29.05
2020-09-02,Santa Catarina,Major Gercino,0.0,0,0,0.0,120,2,1.67,3486.35,58.11,3.49,3442,319.58,0.0,1801.27,-58.11
2020-09-01,Santa Catarina,Major Gercino,29.05,1,0,0.0,120,2,1.67,3486.35,58.11,3.49,3442,319.58,29.05,1859.38,29.05
2020-08-31,Santa Catarina,Major Gercino,290.53,10,0,0.0,119,2,1.68,3457.29,58.11,3.46,3442,290.53,290.53,1830.33,290.53
2020-08-30,Santa Catarina,Major Gercino,0.0,0,0,0.0,109,2,1.83,3166.76,58.11,3.17,3442,0.0,0.0,1539.8,-145.26
2020-08-29,Santa Catarina,Major Gercino,-29.05,-1,0,0.0,109,2,1.83,3166.76,58.11,3.17,3442,0.0,-145.26,1685.06,-116.21
2020-08-28,Santa Catarina,Major Gercino,29.05,1,0,0.0,110,2,1.82,3195.82,58.11,3.2,3442,145.26,-87.16,1801.27,0.0
2020-08-27,Santa Catarina,Major Gercino,0.0,0,0,0.0,109,2,1.83,3166.76,58.11,3.17,3442,232.42,-29.05,1801.27,-203.37
2020-08-26,Santa Catarina,Major Gercino,0.0,0,0,0.0,109,2,1.83,3166.76,58.11,3.17,3442,261.47,0.0,2004.64,-29.05
2020-08-25,Santa Catarina,Major Gercino,0.0,0,0,0.0,109,2,1.83,3166.76,58.11,3.17,3442,261.47,-87.16,2033.69,0.0
2020-08-24,Santa Catarina,Major Gercino,0.0,0,0,0.0,109,2,1.83,3166.76,58.11,3.17,3442,348.63,-29.05,2033.69,-116.21
2020-08-23,Santa Catarina,Major Gercino,0.0,0,0,0.0,109,2,1.83,3166.76,58.11,3.17,3442,377.68,0.0,2149.9,-29.05
2020-08-22,Santa Catarina,Major Gercino,116.21,4,0,0.0,109,2,1.83,3166.76,58.11,3.17,3442,377.68,58.1,2178.95,116.21
2020-08-21,Santa Catarina,Major Gercino,116.21,4,0,0.0,105,2,1.9,3050.55,58.11,3.05,3442,319.58,116.21,2062.74,29.05
2020-08-20,Santa Catarina,Major Gercino,29.05,1,0,0.0,101,2,1.98,2934.34,58.11,2.93,3442,203.37,0.0,2033.69,58.1
2020-08-19,Santa Catarina,Major Gercino,0.0,0,0,0.0,100,2,2.0,2905.29,58.11,2.91,3442,203.37,-87.16,1975.59,0.0
2020-08-18,Santa Catarina,Major Gercino,87.16,3,1,29.05,100,2,2.0,2905.29,58.11,2.91,3442,290.53,-29.05,1975.59,87.16
2020-08-17,Santa Catarina,Major Gercino,29.05,1,0,0.0,97,1,1.03,2818.13,29.05,2.82,3442,319.58,0.0,1888.43,-145.27
2020-08-16,Santa Catarina,Major Gercino,0.0,0,0,0.0,96,1,1.04,2789.08,29.05,2.79,3442,319.58,0.0,2033.7,0.0
2020-08-15,Santa Catarina,Major Gercino,58.11,2,0,0.0,96,1,1.04,2789.08,29.05,2.79,3442,319.58,-610.11,2033.7,0.0
2020-08-14,Santa Catarina,Major Gercino,0.0,0,0,0.0,94,1,1.06,2730.97,29.05,2.73,3442,929.69,-87.16,2033.7,-58.11
2020-08-13,Santa Catarina,Major Gercino,29.05,1,0,0.0,94,1,1.06,2730.97,29.05,2.73,3442,1016.85,0.0,2091.81,-29.06
2020-08-12,Santa Catarina,Major Gercino,87.16,3,0,0.0,93,1,1.08,2701.92,29.05,2.7,3442,1016.85,29.05,2120.87,-29.05
2020-08-11,Santa Catarina,Major Gercino,116.21,4,1,29.05,90,1,1.11,2614.76,29.05,2.61,3442,987.8,116.21,2149.92,58.1
2020-08-10,Santa Catarina,Major Gercino,29.05,1,0,0.0,86,0,0.0,2498.55,0.0,2.5,3442,871.59,29.05,2091.82,29.05
2020-08-09,Santa Catarina,Major Gercino,0.0,0,0,0.0,85,0,0.0,2469.49,0.0,2.47,3442,842.54,-145.26,2062.77,-29.05
2020-08-08,Santa Catarina,Major Gercino,668.22,23,0,0.0,85,0,0.0,2469.49,0.0,2.47,3442,987.8,581.06,2091.82,610.11
2020-08-07,Santa Catarina,Major Gercino,87.16,3,0,0.0,62,0,0.0,1801.28,0.0,1.8,3442,406.74,58.11,1481.71,87.16
2020-08-06,Santa Catarina,Major Gercino,29.05,1,0,0.0,59,0,0.0,1714.12,0.0,1.71,3442,348.63,-174.32,1394.55,29.05
2020-08-05,Santa Catarina,Major Gercino,58.11,2,0,0.0,58,0,0.0,1685.07,0.0,1.69,3442,522.95,29.06,1365.5,58.11
2020-08-04,Santa Catarina,Major Gercino,0.0,0,0,0.0,56,0,0.0,1626.96,0.0,1.63,3442,493.89,0.0,1307.39,-29.05
2020-08-03,Santa Catarina,Major Gercino,0.0,0,0,0.0,56,0,0.0,1626.96,0.0,1.63,3442,493.89,-116.21,1336.44,-29.05
2020-08-02,Santa Catarina,Major Gercino,145.26,5,0,0.0,56,0,0.0,1626.96,0.0,1.63,3442,610.1,116.21,1365.49,145.26
2020-08-01,Santa Catarina,Major Gercino,87.16,3,0,0.0,51,0,0.0,1481.7,0.0,1.48,3442,493.89,87.16,1220.23,29.05
2020-07-30,Santa Catarina,Major Gercino,29.05,1,0,0.0,48,0,0.0,1394.54,0.0,1.39,3442,406.73,-58.11,1191.18,29.05
2020-07-29,Santa Catarina,Major Gercino,203.37,7,0,0.0,47,0,0.0,1365.49,0.0,1.37,3442,464.84,232.42,1162.13,203.37
2020-07-28,Santa Catarina,Major Gercino,29.05,1,0,0.0,40,0,0.0,1162.12,0.0,1.16,3442,232.42,29.05,958.76,0.0
2020-07-27,Santa Catarina,Major Gercino,0.0,0,0,0.0,39,0,0.0,1133.06,0.0,1.13,3442,203.37,0.0,958.76,0.0
2020-07-26,Santa Catarina,Major Gercino,116.21,4,0,0.0,39,0,0.0,1133.06,0.0,1.13,3442,203.37,-58.11,958.76,116.21
2020-07-25,Santa Catarina,Major Gercino,29.05,1,0,0.0,35,0,0.0,1016.85,0.0,1.02,3442,261.48,29.05,842.55,29.05
2020-07-24,Santa Catarina,Major Gercino,0.0,0,0,0.0,34,0,0.0,987.8,0.0,0.99,3442,232.43,-58.11,813.5,0.0
2020-07-23,Santa Catarina,Major Gercino,87.16,3,0,0.0,34,0,0.0,987.8,0.0,0.99,3442,290.54,29.05,813.5,87.16
2020-07-22,Santa Catarina,Major Gercino,-29.05,-1,0,0.0,31,0,0.0,900.64,0.0,0.9,3442,261.49,-87.16,726.34,-29.05
2020-07-21,Santa Catarina,Major Gercino,0.0,0,0,0.0,32,0,0.0,929.69,0.0,0.93,3442,348.65,-116.21,755.39,-29.05
2020-07-20,Santa Catarina,Major Gercino,0.0,0,0,0.0,32,0,0.0,929.69,0.0,0.93,3442,464.86,-58.11,784.44,-29.05
2020-07-19,Santa Catarina,Major Gercino,174.32,6,0,0.0,32,0,0.0,929.69,0.0,0.93,3442,522.97,174.32,813.49,116.21
2020-07-18,Santa Catarina,Major Gercino,0.0,0,0,0.0,26,0,0.0,755.37,0.0,0.76,3442,348.65,-29.05,697.28,-29.05
2020-07-17,Santa Catarina,Major Gercino,58.11,2,0,0.0,26,0,0.0,755.37,0.0,0.76,3442,377.7,0.0,726.33,29.06
2020-07-16,Santa Catarina,Major Gercino,58.11,2,0,0.0,24,0,0.0,697.27,0.0,0.7,3442,377.7,58.11,697.27,58.11
2020-07-15,Santa Catarina,Major Gercino,58.11,2,0,0.0,22,0,0.0,639.16,0.0,0.64,3442,319.59,58.11,639.16,58.11
2020-07-14,Santa Catarina,Major Gercino,116.21,4,0,0.0,20,0,0.0,581.06,0.0,0.58,3442,261.48,116.21,581.05,116.21
2020-07-13,Santa Catarina,Major Gercino,58.11,2,0,0.0,16,0,0.0,464.85,0.0,0.46,3442,145.27,29.06,464.84,58.11
2020-07-12,Santa Catarina,Major Gercino,0.0,0,0,0.0,14,0,0.0,406.74,0.0,0.41,3442,116.21,-29.05,406.73,0.0
2020-07-11,Santa Catarina,Major Gercino,29.05,1,0,0.0,14,0,0.0,406.74,0.0,0.41,3442,145.26,29.05,406.73,29.05
2020-07-10,Santa Catarina,Major Gercino,58.11,2,0,0.0,13,0,0.0,377.69,0.0,0.38,3442,116.21,0.0,377.68,58.11
2020-07-09,Santa Catarina,Major Gercino,0.0,0,0,0.0,11,0,0.0,319.58,0.0,0.32,3442,116.21,0.0,319.57,0.0
2020-07-08,Santa Catarina,Major Gercino,0.0,0,0,0.0,11,0,0.0,319.58,0.0,0.32,3442,116.21,0.0,319.57,0.0
2020-07-07,Santa Catarina,Major Gercino,0.0,0,0,0.0,11,0,0.0,319.58,0.0,0.32,3442,116.21,-29.05,319.57,0.0
2020-07-06,Santa Catarina,Major Gercino,29.05,1,0,0.0,11,0,0.0,319.58,0.0,0.32,3442,145.26,29.05,319.57,29.05
2020-07-05,Santa Catarina,Major Gercino,29.05,1,0,0.0,10,0,0.0,290.53,0.0,0.29,3442,116.21,29.05,290.52,29.05
2020-07-04,Santa Catarina,Major Gercino,0.0,0,0,0.0,9,0,0.0,261.48,0.0,0.26,3442,87.16,0.0,261.47,0.0
2020-07-03,Santa Catarina,Major Gercino,58.11,2,0,0.0,9,0,0.0,261.48,0.0,0.26,3442,87.16,58.11,261.47,58.11
2020-07-02,Santa Catarina,Major Gercino,0.0,0,0,0.0,7,0,0.0,203.37,0.0,0.2,3442,29.05,0.0,203.36,0.0
2020-07-01,Santa Catarina,Major Gercino,0.0,0,0,0.0,7,0,0.0,203.37,0.0,0.2,3442,29.05,0.0,203.36,0.0
2020-06-30,Santa Catarina,Major Gercino,29.05,1,0,0.0,7,0,0.0,203.37,0.0,0.2,3442,29.05,0.0,203.36,29.05
2020-06-29,Santa Catarina,Major Gercino,0.0,0,0,0.0,6,0,0.0,174.32,0.0,0.17,3442,29.05,-29.05,174.31,0.0
2020-06-28,Santa Catarina,Major Gercino,0.0,0,0,0.0,6,0,0.0,174.32,0.0,0.17,3442,58.1,-58.11,174.31,0.0
2020-06-27,Santa Catarina,Major Gercino,0.0,0,0,0.0,6,0,0.0,174.32,0.0,0.17,3442,116.21,-29.05,174.31,0.0
2020-06-26,Santa Catarina,Major Gercino,0.0,0,0,0.0,6,0,0.0,174.32,0.0,0.17,3442,145.26,-29.05,174.31,0.0
2020-06-25,Santa Catarina,Major Gercino,0.0,0,0,0.0,6,0,0.0,174.32,0.0,0.17,3442,174.31,0.0,174.31,0.0
2020-06-24,Santa Catarina,Major Gercino,0.0,0,0,0.0,6,0,0.0,174.32,0.0,0.17,3442,174.31,0.0,174.31,0.0
2020-06-23,Santa Catarina,Major Gercino,29.05,1,0,0.0,6,0,0.0,174.32,0.0,0.17,3442,174.31,29.05,174.31,29.05
2020-06-22,Santa Catarina,Major Gercino,29.05,1,0,0.0,5,0,0.0,145.26,0.0,0.15,3442,145.26,29.05,145.26,29.05
2020-06-21,Santa Catarina,Major Gercino,58.11,2,0,0.0,4,0,0.0,116.21,0.0,0.12,3442,116.21,58.11,116.21,58.11
2020-06-20,Santa Catarina,Major Gercino,29.05,1,0,0.0,2,0,0.0,58.11,0.0,0.06,3442,58.1,29.05,58.1,29.05
2020-06-19,Santa Catarina,Major Gercino,29.05,1,0,0.0,1,0,0.0,29.05,0.0,0.03,3442,29.05,29.05,29.05,29.05
