date,state,county,new_cases_100k,new_cases,new_deaths,new_deaths_100k,total_cases,total_deaths,cfr%,total_cases_100k,total_deaths_100k,%infected,population,pop_density
2020-08-22,Kentucky,Boone,9.12,12,0,0.0,1218,25,2.05,926.0,19.01,0.93,131533,534.07
2020-08-21,Kentucky,Boone,9.88,13,0,0.0,1206,25,2.07,916.88,19.01,0.92,131533,534.07
2020-08-20,Kentucky,Boone,7.6,10,0,0.0,1193,25,2.1,907.0,19.01,0.91,131533,534.07
2020-08-19,Kentucky,Boone,6.84,9,0,0.0,1183,25,2.11,899.39,19.01,0.9,131533,534.07
2020-08-18,Kentucky,Boone,12.92,17,0,0.0,1174,25,2.13,892.55,19.01,0.89,131533,534.07
2020-08-17,Kentucky,Boone,6.08,8,0,0.0,1157,25,2.16,879.63,19.01,0.88,131533,534.07
2020-08-16,Kentucky,Boone,0.0,0,0,0.0,1149,25,2.18,873.55,19.01,0.87,131533,534.07
2020-08-15,Kentucky,Boone,4.56,6,0,0.0,1149,25,2.18,873.55,19.01,0.87,131533,534.07
2020-08-14,Kentucky,Boone,12.92,17,0,0.0,1143,25,2.19,868.98,19.01,0.87,131533,534.07
2020-08-13,Kentucky,Boone,6.84,9,0,0.0,1126,25,2.22,856.06,19.01,0.86,131533,534.07
2020-08-12,Kentucky,Boone,4.56,6,0,0.0,1117,25,2.24,849.22,19.01,0.85,131533,534.07
2020-08-11,Kentucky,Boone,5.32,7,0,0.0,1111,25,2.25,844.65,19.01,0.84,131533,534.07
2020-08-10,Kentucky,Boone,0.0,0,0,0.0,1104,25,2.26,839.33,19.01,0.84,131533,534.07
2020-08-09,Kentucky,Boone,5.32,7,0,0.0,1104,25,2.26,839.33,19.01,0.84,131533,534.07
2020-08-08,Kentucky,Boone,15.97,21,0,0.0,1097,25,2.28,834.01,19.01,0.83,131533,534.07
2020-08-07,Kentucky,Boone,10.64,14,0,0.0,1076,25,2.32,818.05,19.01,0.82,131533,534.07
2020-08-06,Kentucky,Boone,6.08,8,1,0.76,1062,25,2.35,807.4,19.01,0.81,131533,534.07
2020-08-05,Kentucky,Boone,4.56,6,0,0.0,1054,24,2.28,801.32,18.25,0.8,131533,534.07
2020-08-04,Kentucky,Boone,20.53,27,0,0.0,1048,24,2.29,796.76,18.25,0.8,131533,534.07
2020-08-03,Kentucky,Boone,2.28,3,0,0.0,1021,24,2.35,776.23,18.25,0.78,131533,534.07
2020-08-02,Kentucky,Boone,9.12,12,0,0.0,1018,24,2.36,773.95,18.25,0.77,131533,534.07
2020-08-01,Kentucky,Boone,16.73,22,0,0.0,1006,24,2.39,764.83,18.25,0.76,131533,534.07
2020-07-31,Kentucky,Boone,14.45,19,0,0.0,984,24,2.44,748.1,18.25,0.75,131533,534.07
2020-07-30,Kentucky,Boone,6.08,8,0,0.0,965,24,2.49,733.66,18.25,0.73,131533,534.07
2020-07-29,Kentucky,Boone,8.36,11,0,0.0,957,24,2.51,727.57,18.25,0.73,131533,534.07
2020-07-28,Kentucky,Boone,9.12,12,0,0.0,946,24,2.54,719.21,18.25,0.72,131533,534.07
2020-07-27,Kentucky,Boone,3.8,5,0,0.0,934,24,2.57,710.09,18.25,0.71,131533,534.07
2020-07-26,Kentucky,Boone,5.32,7,0,0.0,929,24,2.58,706.29,18.25,0.71,131533,534.07
2020-07-25,Kentucky,Boone,12.16,16,0,0.0,922,24,2.6,700.96,18.25,0.7,131533,534.07
2020-07-24,Kentucky,Boone,19.77,26,1,0.76,906,24,2.65,688.8,18.25,0.69,131533,534.07
2020-07-23,Kentucky,Boone,6.84,9,0,0.0,880,23,2.61,669.03,17.49,0.67,131533,534.07
2020-07-22,Kentucky,Boone,15.21,20,0,0.0,871,23,2.64,662.19,17.49,0.66,131533,534.07
2020-07-21,Kentucky,Boone,9.12,12,0,0.0,851,23,2.7,646.99,17.49,0.65,131533,534.07
2020-07-20,Kentucky,Boone,1.52,2,0,0.0,839,23,2.74,637.86,17.49,0.64,131533,534.07
2020-07-19,Kentucky,Boone,19.77,26,0,0.0,837,23,2.75,636.34,17.49,0.64,131533,534.07
2020-07-18,Kentucky,Boone,7.6,10,0,0.0,811,23,2.84,616.58,17.49,0.62,131533,534.07
2020-07-17,Kentucky,Boone,12.16,16,0,0.0,801,23,2.87,608.97,17.49,0.61,131533,534.07
2020-07-16,Kentucky,Boone,16.73,22,0,0.0,785,23,2.93,596.81,17.49,0.6,131533,534.07
2020-07-15,Kentucky,Boone,6.08,8,0,0.0,763,23,3.01,580.08,17.49,0.58,131533,534.07
2020-07-14,Kentucky,Boone,16.73,22,0,0.0,755,23,3.05,574.0,17.49,0.57,131533,534.07
2020-07-13,Kentucky,Boone,5.32,7,0,0.0,733,23,3.14,557.27,17.49,0.56,131533,534.07
2020-07-12,Kentucky,Boone,10.64,14,0,0.0,726,23,3.17,551.95,17.49,0.55,131533,534.07
2020-07-11,Kentucky,Boone,13.68,18,0,0.0,712,23,3.23,541.31,17.49,0.54,131533,534.07
2020-07-10,Kentucky,Boone,8.36,11,0,0.0,694,23,3.31,527.62,17.49,0.53,131533,534.07
2020-07-09,Kentucky,Boone,8.36,11,0,0.0,683,23,3.37,519.26,17.49,0.52,131533,534.07
2020-07-08,Kentucky,Boone,9.12,12,0,0.0,672,23,3.42,510.9,17.49,0.51,131533,534.07
2020-07-07,Kentucky,Boone,10.64,14,0,0.0,660,23,3.48,501.78,17.49,0.5,131533,534.07
2020-07-06,Kentucky,Boone,23.57,31,0,0.0,646,23,3.56,491.13,17.49,0.49,131533,534.07
2020-07-05,Kentucky,Boone,0.0,0,0,0.0,615,23,3.74,467.56,17.49,0.47,131533,534.07
2020-07-04,Kentucky,Boone,0.0,0,0,0.0,615,23,3.74,467.56,17.49,0.47,131533,534.07
2020-07-03,Kentucky,Boone,6.84,9,0,0.0,615,23,3.74,467.56,17.49,0.47,131533,534.07
2020-07-02,Kentucky,Boone,3.04,4,0,0.0,606,23,3.8,460.72,17.49,0.46,131533,534.07
2020-07-01,Kentucky,Boone,3.8,5,0,0.0,602,23,3.82,457.68,17.49,0.46,131533,534.07
2020-06-30,Kentucky,Boone,2.28,3,0,0.0,597,23,3.85,453.88,17.49,0.45,131533,534.07
2020-06-29,Kentucky,Boone,0.0,0,0,0.0,594,23,3.87,451.6,17.49,0.45,131533,534.07
2020-06-28,Kentucky,Boone,0.0,0,0,0.0,594,23,3.87,451.6,17.49,0.45,131533,534.07
2020-06-27,Kentucky,Boone,3.04,4,0,0.0,594,23,3.87,451.6,17.49,0.45,131533,534.07
2020-06-26,Kentucky,Boone,1.52,2,0,0.0,590,23,3.9,448.56,17.49,0.45,131533,534.07
2020-06-25,Kentucky,Boone,0.76,1,0,0.0,588,23,3.91,447.04,17.49,0.45,131533,534.07
2020-06-24,Kentucky,Boone,6.08,8,0,0.0,587,23,3.92,446.28,17.49,0.45,131533,534.07
2020-06-23,Kentucky,Boone,3.04,4,0,0.0,579,23,3.97,440.19,17.49,0.44,131533,534.07
2020-06-22,Kentucky,Boone,3.8,5,0,0.0,575,23,4.0,437.15,17.49,0.44,131533,534.07
2020-06-21,Kentucky,Boone,2.28,3,0,0.0,570,23,4.04,433.35,17.49,0.43,131533,534.07
2020-06-20,Kentucky,Boone,0.0,0,0,0.0,567,23,4.06,431.07,17.49,0.43,131533,534.07
2020-06-19,Kentucky,Boone,7.6,10,0,0.0,567,23,4.06,431.07,17.49,0.43,131533,534.07
2020-06-18,Kentucky,Boone,3.8,5,0,0.0,557,23,4.13,423.47,17.49,0.42,131533,534.07
2020-06-17,Kentucky,Boone,8.36,11,0,0.0,552,23,4.17,419.67,17.49,0.42,131533,534.07
2020-06-16,Kentucky,Boone,0.0,0,2,1.52,541,23,4.25,411.3,17.49,0.41,131533,534.07
2020-06-15,Kentucky,Boone,1.52,2,0,0.0,541,21,3.88,411.3,15.97,0.41,131533,534.07
2020-06-14,Kentucky,Boone,0.0,0,0,0.0,539,21,3.9,409.78,15.97,0.41,131533,534.07
2020-06-13,Kentucky,Boone,0.76,1,0,0.0,539,21,3.9,409.78,15.97,0.41,131533,534.07
2020-06-12,Kentucky,Boone,2.28,3,0,0.0,538,21,3.9,409.02,15.97,0.41,131533,534.07
2020-06-11,Kentucky,Boone,2.28,3,3,2.28,535,21,3.93,406.74,15.97,0.41,131533,534.07
2020-06-10,Kentucky,Boone,3.8,5,0,0.0,532,18,3.38,404.46,13.68,0.4,131533,534.07
2020-06-09,Kentucky,Boone,3.8,5,0,0.0,527,18,3.42,400.66,13.68,0.4,131533,534.07
2020-06-08,Kentucky,Boone,4.56,6,0,0.0,522,18,3.45,396.86,13.68,0.4,131533,534.07
2020-06-07,Kentucky,Boone,0.0,0,0,0.0,516,18,3.49,392.3,13.68,0.39,131533,534.07
2020-06-06,Kentucky,Boone,6.08,8,0,0.0,516,18,3.49,392.3,13.68,0.39,131533,534.07
2020-06-05,Kentucky,Boone,2.28,3,0,0.0,508,18,3.54,386.21,13.68,0.39,131533,534.07
2020-06-04,Kentucky,Boone,9.88,13,0,0.0,505,18,3.56,383.93,13.68,0.38,131533,534.07
2020-06-03,Kentucky,Boone,17.49,23,1,0.76,492,18,3.66,374.05,13.68,0.37,131533,534.07
2020-06-02,Kentucky,Boone,2.28,3,0,0.0,469,17,3.62,356.56,12.92,0.36,131533,534.07
2020-06-01,Kentucky,Boone,3.04,4,0,0.0,466,17,3.65,354.28,12.92,0.35,131533,534.07
2020-05-31,Kentucky,Boone,3.04,4,0,0.0,462,17,3.68,351.24,12.92,0.35,131533,534.07
2020-05-30,Kentucky,Boone,8.36,11,0,0.0,458,17,3.71,348.2,12.92,0.35,131533,534.07
2020-05-29,Kentucky,Boone,9.12,12,0,0.0,447,17,3.8,339.84,12.92,0.34,131533,534.07
2020-05-28,Kentucky,Boone,4.56,6,0,0.0,435,17,3.91,330.72,12.92,0.33,131533,534.07
2020-05-27,Kentucky,Boone,3.04,4,6,4.56,429,17,3.96,326.15,12.92,0.33,131533,534.07
2020-05-26,Kentucky,Boone,18.25,24,0,0.0,425,11,2.59,323.11,8.36,0.32,131533,534.07
2020-05-25,Kentucky,Boone,0.0,0,0,0.0,401,11,2.74,304.87,8.36,0.3,131533,534.07
2020-05-24,Kentucky,Boone,0.0,0,0,0.0,401,11,2.74,304.87,8.36,0.3,131533,534.07
2020-05-23,Kentucky,Boone,16.73,22,0,0.0,401,11,2.74,304.87,8.36,0.3,131533,534.07
2020-05-22,Kentucky,Boone,8.36,11,0,0.0,379,11,2.9,288.14,8.36,0.29,131533,534.07
2020-05-21,Kentucky,Boone,3.8,5,0,0.0,368,11,2.99,279.78,8.36,0.28,131533,534.07
2020-05-20,Kentucky,Boone,1.52,2,0,0.0,363,11,3.03,275.98,8.36,0.28,131533,534.07
2020-05-19,Kentucky,Boone,4.56,6,1,0.76,361,11,3.05,274.46,8.36,0.27,131533,534.07
2020-05-18,Kentucky,Boone,9.88,13,2,1.52,355,10,2.82,269.89,7.6,0.27,131533,534.07
2020-05-17,Kentucky,Boone,12.16,16,0,0.0,342,8,2.34,260.01,6.08,0.26,131533,534.07
2020-05-16,Kentucky,Boone,10.64,14,0,0.0,326,8,2.45,247.85,6.08,0.25,131533,534.07
2020-05-15,Kentucky,Boone,22.05,29,0,0.0,312,8,2.56,237.2,6.08,0.24,131533,534.07
2020-05-14,Kentucky,Boone,11.4,15,0,0.0,283,8,2.83,215.16,6.08,0.22,131533,534.07
2020-05-13,Kentucky,Boone,13.68,18,0,0.0,268,8,2.99,203.75,6.08,0.2,131533,534.07
2020-05-12,Kentucky,Boone,13.68,18,3,2.28,250,8,3.2,190.07,6.08,0.19,131533,534.07
2020-05-11,Kentucky,Boone,10.64,14,1,0.76,232,5,2.16,176.38,3.8,0.18,131533,534.07
2020-05-10,Kentucky,Boone,3.8,5,0,0.0,218,4,1.83,165.74,3.04,0.17,131533,534.07
2020-05-09,Kentucky,Boone,7.6,10,0,0.0,213,4,1.88,161.94,3.04,0.16,131533,534.07
2020-05-08,Kentucky,Boone,4.56,6,0,0.0,203,4,1.97,154.33,3.04,0.15,131533,534.07
2020-05-07,Kentucky,Boone,0.76,1,0,0.0,197,4,2.03,149.77,3.04,0.15,131533,534.07
2020-05-06,Kentucky,Boone,3.8,5,0,0.0,196,4,2.04,149.01,3.04,0.15,131533,534.07
2020-05-05,Kentucky,Boone,14.45,19,0,0.0,191,4,2.09,145.21,3.04,0.15,131533,534.07
2020-05-04,Kentucky,Boone,1.52,2,2,1.52,172,4,2.33,130.77,3.04,0.13,131533,534.07
2020-05-03,Kentucky,Boone,19.77,26,0,0.0,170,2,1.18,129.25,1.52,0.13,131533,534.07
2020-05-02,Kentucky,Boone,0.0,0,0,0.0,144,2,1.39,109.48,1.52,0.11,131533,534.07
2020-05-01,Kentucky,Boone,4.56,6,0,0.0,144,2,1.39,109.48,1.52,0.11,131533,534.07
2020-04-30,Kentucky,Boone,9.88,13,0,0.0,138,2,1.45,104.92,1.52,0.1,131533,534.07
2020-04-29,Kentucky,Boone,0.0,0,0,0.0,125,2,1.6,95.03,1.52,0.1,131533,534.07
2020-04-28,Kentucky,Boone,6.84,9,0,0.0,125,2,1.6,95.03,1.52,0.1,131533,534.07
2020-04-27,Kentucky,Boone,2.28,3,0,0.0,116,2,1.72,88.19,1.52,0.09,131533,534.07
2020-04-26,Kentucky,Boone,7.6,10,0,0.0,113,2,1.77,85.91,1.52,0.09,131533,534.07
2020-04-25,Kentucky,Boone,3.8,5,0,0.0,103,2,1.94,78.31,1.52,0.08,131533,534.07
2020-04-24,Kentucky,Boone,3.04,4,0,0.0,98,2,2.04,74.51,1.52,0.07,131533,534.07
2020-04-23,Kentucky,Boone,0.76,1,0,0.0,94,2,2.13,71.46,1.52,0.07,131533,534.07
2020-04-22,Kentucky,Boone,5.32,7,0,0.0,93,2,2.15,70.7,1.52,0.07,131533,534.07
2020-04-21,Kentucky,Boone,3.8,5,0,0.0,86,2,2.33,65.38,1.52,0.07,131533,534.07
2020-04-20,Kentucky,Boone,0.0,0,0,0.0,81,2,2.47,61.58,1.52,0.06,131533,534.07
2020-04-19,Kentucky,Boone,5.32,7,0,0.0,81,2,2.47,61.58,1.52,0.06,131533,534.07
2020-04-18,Kentucky,Boone,0.76,1,0,0.0,74,2,2.7,56.26,1.52,0.06,131533,534.07
2020-04-17,Kentucky,Boone,4.56,6,0,0.0,73,2,2.74,55.5,1.52,0.06,131533,534.07
2020-04-16,Kentucky,Boone,1.52,2,0,0.0,67,2,2.99,50.94,1.52,0.05,131533,534.07
2020-04-15,Kentucky,Boone,3.04,4,0,0.0,65,2,3.08,49.42,1.52,0.05,131533,534.07
2020-04-14,Kentucky,Boone,2.28,3,0,0.0,61,2,3.28,46.38,1.52,0.05,131533,534.07
2020-04-13,Kentucky,Boone,3.04,4,0,0.0,58,2,3.45,44.1,1.52,0.04,131533,534.07
2020-04-12,Kentucky,Boone,4.56,6,0,0.0,54,2,3.7,41.05,1.52,0.04,131533,534.07
2020-04-11,Kentucky,Boone,0.0,0,1,0.76,48,2,4.17,36.49,1.52,0.04,131533,534.07
2020-04-10,Kentucky,Boone,1.52,2,0,0.0,48,1,2.08,36.49,0.76,0.04,131533,534.07
2020-04-09,Kentucky,Boone,9.12,12,0,0.0,46,1,2.17,34.97,0.76,0.03,131533,534.07
2020-04-08,Kentucky,Boone,0.0,0,0,0.0,34,1,2.94,25.85,0.76,0.03,131533,534.07
2020-04-07,Kentucky,Boone,5.32,7,0,0.0,34,1,2.94,25.85,0.76,0.03,131533,534.07
2020-04-06,Kentucky,Boone,0.0,0,0,0.0,27,1,3.7,20.53,0.76,0.02,131533,534.07
2020-04-05,Kentucky,Boone,15.97,21,0,0.0,27,1,3.7,20.53,0.76,0.02,131533,534.07
2020-04-04,Kentucky,Boone,0.76,1,1,0.76,6,1,16.67,4.56,0.76,0.0,131533,534.07
2020-04-03,Kentucky,Boone,0.0,0,0,0.0,5,0,0.0,3.8,0.0,0.0,131533,534.07
2020-04-02,Kentucky,Boone,0.0,0,0,0.0,5,0,0.0,3.8,0.0,0.0,131533,534.07
2020-04-01,Kentucky,Boone,0.0,0,0,0.0,5,0,0.0,3.8,0.0,0.0,131533,534.07
2020-03-31,Kentucky,Boone,0.0,0,0,0.0,5,0,0.0,3.8,0.0,0.0,131533,534.07
2020-03-30,Kentucky,Boone,0.76,1,0,0.0,5,0,0.0,3.8,0.0,0.0,131533,534.07
2020-03-29,Kentucky,Boone,0.0,0,0,0.0,4,0,0.0,3.04,0.0,0.0,131533,534.07
2020-03-28,Kentucky,Boone,0.76,1,0,0.0,4,0,0.0,3.04,0.0,0.0,131533,534.07
2020-03-27,Kentucky,Boone,0.76,1,0,0.0,3,0,0.0,2.28,0.0,0.0,131533,534.07
2020-03-26,Kentucky,Boone,0.0,0,0,0.0,2,0,0.0,1.52,0.0,0.0,131533,534.07
