date,state,county,1day_cases_100k,new_cases,new_deaths,new_deaths_100k,total_cases,total_deaths,cfr%,total_cases_100k,total_deaths_100k,%infected,population,pop_density,7day_cases_100k,7day_cases_change,28day_cases_100k,28day_cases_change
2022-05-13,Kentucky,Gallatin,0.0,0,0,0.0,2221,51.0,2.3,25147.19,577.45,25.15,8832,89.81,45.29,0.0,124.55,0.0
2022-05-12,Kentucky,Gallatin,0.0,0,0,0.0,2221,51.0,2.3,25147.19,577.45,25.15,8832,89.81,45.29,0.0,124.55,0.0
2022-05-11,Kentucky,Gallatin,0.0,0,0,0.0,2221,51.0,2.3,25147.19,577.45,25.15,8832,89.81,45.29,0.0,124.55,0.0
2022-05-10,Kentucky,Gallatin,0.0,0,0,0.0,2221,51.0,2.3,25147.19,577.45,25.15,8832,89.81,45.29,0.0,124.55,0.0
2022-05-09,Kentucky,Gallatin,45.29,4,1,11.32,2221,51.0,2.3,25147.19,577.45,25.15,8832,89.81,45.29,11.32,124.55,11.32
2022-05-08,Kentucky,Gallatin,0.0,0,0,0.0,2217,50.0,2.26,25101.9,566.12,25.1,8832,89.81,33.97,0.0,113.23,0.0
2022-05-07,Kentucky,Gallatin,0.0,0,0,0.0,2217,50.0,2.26,25101.9,566.12,25.1,8832,89.81,33.97,0.0,113.23,0.0
2022-05-06,Kentucky,Gallatin,0.0,0,0,0.0,2217,50.0,2.26,25101.9,566.12,25.1,8832,89.81,33.97,0.0,113.23,0.0
2022-05-05,Kentucky,Gallatin,0.0,0,0,0.0,2217,50.0,2.26,25101.9,566.12,25.1,8832,89.81,33.97,0.0,113.23,0.0
2022-05-04,Kentucky,Gallatin,0.0,0,0,0.0,2217,50.0,2.26,25101.9,566.12,25.1,8832,89.81,33.97,0.0,113.23,0.0
2022-05-03,Kentucky,Gallatin,0.0,0,0,0.0,2217,50.0,2.26,25101.9,566.12,25.1,8832,89.81,33.97,0.0,113.23,0.0
2022-05-02,Kentucky,Gallatin,33.97,3,1,11.32,2217,50.0,2.26,25101.9,566.12,25.1,8832,89.81,33.97,22.65,113.23,-33.96
2022-05-01,Kentucky,Gallatin,0.0,0,0,0.0,2214,49.0,2.21,25067.93,554.8,25.07,8832,89.81,11.32,0.0,147.19,0.0
2022-04-30,Kentucky,Gallatin,0.0,0,0,0.0,2214,49.0,2.21,25067.93,554.8,25.07,8832,89.81,11.32,0.0,147.19,0.0
2022-04-29,Kentucky,Gallatin,0.0,0,0,0.0,2214,49.0,2.21,25067.93,554.8,25.07,8832,89.81,11.32,0.0,147.19,0.0
2022-04-28,Kentucky,Gallatin,0.0,0,0,0.0,2214,49.0,2.21,25067.93,554.8,25.07,8832,89.81,11.32,0.0,147.19,0.0
2022-04-27,Kentucky,Gallatin,0.0,0,0,0.0,2214,49.0,2.21,25067.93,554.8,25.07,8832,89.81,11.32,0.0,147.19,0.0
2022-04-26,Kentucky,Gallatin,0.0,0,0,0.0,2214,49.0,2.21,25067.93,554.8,25.07,8832,89.81,11.32,0.0,147.19,0.0
2022-04-25,Kentucky,Gallatin,11.32,1,0,0.0,2214,49.0,2.21,25067.93,554.8,25.07,8832,89.81,11.32,-22.65,147.19,-158.52
2022-04-24,Kentucky,Gallatin,0.0,0,0,0.0,2213,49.0,2.21,25056.61,554.8,25.06,8832,89.81,33.97,0.0,305.71,0.0
2022-04-23,Kentucky,Gallatin,0.0,0,0,0.0,2213,49.0,2.21,25056.61,554.8,25.06,8832,89.81,33.97,0.0,305.71,0.0
2022-04-22,Kentucky,Gallatin,0.0,0,0,0.0,2213,49.0,2.21,25056.61,554.8,25.06,8832,89.81,33.97,0.0,305.71,0.0
2022-04-21,Kentucky,Gallatin,0.0,0,0,0.0,2213,49.0,2.21,25056.61,554.8,25.06,8832,89.81,33.97,0.0,305.71,0.0
2022-04-20,Kentucky,Gallatin,0.0,0,0,0.0,2213,49.0,2.21,25056.61,554.8,25.06,8832,89.81,33.97,0.0,305.71,0.0
2022-04-19,Kentucky,Gallatin,0.0,0,0,0.0,2213,49.0,2.21,25056.61,554.8,25.06,8832,89.81,33.97,0.0,305.71,0.0
2022-04-18,Kentucky,Gallatin,33.97,3,1,11.32,2213,49.0,2.21,25056.61,554.8,25.06,8832,89.81,33.97,0.0,305.71,-90.58
2022-04-17,Kentucky,Gallatin,0.0,0,0,0.0,2210,48.0,2.17,25022.64,543.48,25.02,8832,89.81,33.97,0.0,396.29,0.0
2022-04-16,Kentucky,Gallatin,0.0,0,0,0.0,2210,48.0,2.17,25022.64,543.48,25.02,8832,89.81,33.97,0.0,396.29,0.0
2022-04-15,Kentucky,Gallatin,0.0,0,0,0.0,2210,48.0,2.17,25022.64,543.48,25.02,8832,89.81,33.97,0.0,396.29,0.0
2022-04-14,Kentucky,Gallatin,0.0,0,0,0.0,2210,48.0,2.17,25022.64,543.48,25.02,8832,89.81,33.97,0.0,396.29,0.0
2022-04-13,Kentucky,Gallatin,0.0,0,0,0.0,2210,48.0,2.17,25022.64,543.48,25.02,8832,89.81,33.97,0.0,396.29,0.0
2022-04-12,Kentucky,Gallatin,0.0,0,0,0.0,2210,48.0,2.17,25022.64,543.48,25.02,8832,89.81,33.97,0.0,396.29,0.0
2022-04-11,Kentucky,Gallatin,33.97,3,0,0.0,2210,48.0,2.17,25022.64,543.48,25.02,8832,89.81,33.97,-33.96,396.29,-90.58
2022-04-10,Kentucky,Gallatin,0.0,0,0,0.0,2207,48.0,2.17,24988.68,543.48,24.99,8832,89.81,67.93,0.0,486.87,0.0
2022-04-09,Kentucky,Gallatin,0.0,0,0,0.0,2207,48.0,2.17,24988.68,543.48,24.99,8832,89.81,67.93,0.0,486.87,0.0
2022-04-08,Kentucky,Gallatin,0.0,0,0,0.0,2207,48.0,2.17,24988.68,543.48,24.99,8832,89.81,67.93,0.0,486.87,0.0
2022-04-07,Kentucky,Gallatin,0.0,0,0,0.0,2207,48.0,2.17,24988.68,543.48,24.99,8832,89.81,67.93,0.0,486.87,0.0
2022-04-06,Kentucky,Gallatin,0.0,0,0,0.0,2207,48.0,2.17,24988.68,543.48,24.99,8832,89.81,67.93,0.0,486.87,0.0
2022-04-05,Kentucky,Gallatin,0.0,0,0,0.0,2207,48.0,2.17,24988.68,543.48,24.99,8832,89.81,67.93,0.0,486.87,0.0
2022-04-04,Kentucky,Gallatin,67.93,6,0,0.0,2207,48.0,2.17,24988.68,543.48,24.99,8832,89.81,67.93,-101.91,486.87,45.29
2022-04-03,Kentucky,Gallatin,0.0,0,0,0.0,2201,48.0,2.18,24920.74,543.48,24.92,8832,89.81,169.84,0.0,441.58,0.0
2022-04-02,Kentucky,Gallatin,0.0,0,0,0.0,2201,48.0,2.18,24920.74,543.48,24.92,8832,89.81,169.84,0.0,441.58,0.0
2022-04-01,Kentucky,Gallatin,0.0,0,0,0.0,2201,48.0,2.18,24920.74,543.48,24.92,8832,89.81,169.84,0.0,441.58,-11.32
2022-03-31,Kentucky,Gallatin,0.0,0,0,0.0,2201,48.0,2.18,24920.74,543.48,24.92,8832,89.81,169.84,0.0,452.9,-22.64
2022-03-30,Kentucky,Gallatin,0.0,0,0,0.0,2201,48.0,2.18,24920.74,543.48,24.92,8832,89.81,169.84,0.0,475.54,-22.64
2022-03-29,Kentucky,Gallatin,0.0,0,0,0.0,2201,48.0,2.18,24920.74,543.48,24.92,8832,89.81,169.84,0.0,498.18,0.0
2022-03-28,Kentucky,Gallatin,169.84,15,1,11.32,2201,48.0,2.18,24920.74,543.48,24.92,8832,89.81,169.84,45.29,498.18,147.2
2022-03-27,Kentucky,Gallatin,0.0,0,0,0.0,2186,47.0,2.15,24750.91,532.16,24.75,8832,89.81,124.55,0.0,350.98,0.0
2022-03-26,Kentucky,Gallatin,0.0,0,0,0.0,2186,47.0,2.15,24750.91,532.16,24.75,8832,89.81,124.55,0.0,350.98,0.0
2022-03-25,Kentucky,Gallatin,0.0,0,0,0.0,2186,47.0,2.15,24750.91,532.16,24.75,8832,89.81,124.55,0.0,350.98,-33.97
2022-03-24,Kentucky,Gallatin,0.0,0,0,0.0,2186,47.0,2.15,24750.91,532.16,24.75,8832,89.81,124.55,0.0,384.95,0.0
2022-03-23,Kentucky,Gallatin,0.0,0,0,0.0,2186,47.0,2.15,24750.91,532.16,24.75,8832,89.81,124.55,0.0,384.95,33.97
2022-03-22,Kentucky,Gallatin,0.0,0,0,0.0,2186,47.0,2.15,24750.91,532.16,24.75,8832,89.81,124.55,0.0,350.98,-33.97
2022-03-21,Kentucky,Gallatin,124.55,11,1,11.32,2186,47.0,2.15,24750.91,532.16,24.75,8832,89.81,124.55,0.0,384.95,101.91
2022-03-20,Kentucky,Gallatin,0.0,0,0,0.0,2175,46.0,2.11,24626.36,520.83,24.63,8832,89.81,124.55,0.0,283.04,0.0
2022-03-19,Kentucky,Gallatin,0.0,0,0,0.0,2175,46.0,2.11,24626.36,520.83,24.63,8832,89.81,124.55,0.0,283.04,0.0
2022-03-18,Kentucky,Gallatin,0.0,0,0,0.0,2175,46.0,2.11,24626.36,520.83,24.63,8832,89.81,124.55,0.0,283.04,-45.29
2022-03-17,Kentucky,Gallatin,0.0,0,0,0.0,2175,46.0,2.11,24626.36,520.83,24.63,8832,89.81,124.55,0.0,328.33,-11.32
2022-03-16,Kentucky,Gallatin,0.0,0,0,0.0,2175,46.0,2.11,24626.36,520.83,24.63,8832,89.81,124.55,0.0,339.65,-45.29
2022-03-15,Kentucky,Gallatin,0.0,0,0,0.0,2175,46.0,2.11,24626.36,520.83,24.63,8832,89.81,124.55,0.0,384.94,-33.97
2022-03-14,Kentucky,Gallatin,124.55,11,1,11.32,2175,46.0,2.11,24626.36,520.83,24.63,8832,89.81,124.55,101.91,418.91,-11.32
2022-03-13,Kentucky,Gallatin,0.0,0,0,0.0,2164,45.0,2.08,24501.81,509.51,24.5,8832,89.81,22.64,0.0,430.23,0.0
2022-03-12,Kentucky,Gallatin,0.0,0,0,0.0,2164,45.0,2.08,24501.81,509.51,24.5,8832,89.81,22.64,0.0,430.23,0.0
2022-03-11,Kentucky,Gallatin,0.0,0,0,0.0,2164,45.0,2.08,24501.81,509.51,24.5,8832,89.81,22.64,-11.32,430.23,-67.93
2022-03-10,Kentucky,Gallatin,0.0,0,0,0.0,2164,45.0,2.08,24501.81,509.51,24.5,8832,89.81,33.96,-22.64,498.16,-22.64
2022-03-09,Kentucky,Gallatin,0.0,0,0,0.0,2164,45.0,2.08,24501.81,509.51,24.5,8832,89.81,56.6,-22.64,520.8,-45.29
2022-03-08,Kentucky,Gallatin,0.0,0,0,0.0,2164,45.0,2.08,24501.81,509.51,24.5,8832,89.81,79.24,0.0,566.09,-90.58
2022-03-07,Kentucky,Gallatin,22.64,2,0,0.0,2164,45.0,2.08,24501.81,509.51,24.5,8832,89.81,79.24,0.0,656.67,-22.65
2022-03-06,Kentucky,Gallatin,0.0,0,0,0.0,2162,45.0,2.08,24479.17,509.51,24.48,8832,89.81,79.24,0.0,679.32,0.0
2022-03-05,Kentucky,Gallatin,0.0,0,0,0.0,2162,45.0,2.08,24479.17,509.51,24.48,8832,89.81,79.24,0.0,679.32,0.0
2022-03-04,Kentucky,Gallatin,11.32,1,0,0.0,2162,45.0,2.08,24479.17,509.51,24.48,8832,89.81,79.24,-22.65,679.32,-22.65
2022-03-03,Kentucky,Gallatin,22.64,2,0,0.0,2161,45.0,2.08,24467.84,509.51,24.47,8832,89.81,101.89,22.64,701.97,-135.87
2022-03-02,Kentucky,Gallatin,22.64,2,0,0.0,2159,45.0,2.08,24445.2,509.51,24.45,8832,89.81,79.25,56.61,837.84,-45.29
2022-03-01,Kentucky,Gallatin,0.0,0,0,0.0,2157,45.0,2.09,24422.55,509.51,24.42,8832,89.81,22.64,-33.97,883.13,-192.48
2022-02-28,Kentucky,Gallatin,22.64,2,0,0.0,2157,45.0,2.09,24422.55,509.51,24.42,8832,89.81,56.61,0.0,1075.61,-328.36
2022-02-27,Kentucky,Gallatin,0.0,0,0,0.0,2155,45.0,2.09,24399.91,509.51,24.4,8832,89.81,56.61,0.0,1403.97,0.0
2022-02-26,Kentucky,Gallatin,0.0,0,0,0.0,2155,45.0,2.09,24399.91,509.51,24.4,8832,89.81,56.61,0.0,1403.97,0.0
2022-02-25,Kentucky,Gallatin,33.97,3,0,0.0,2155,45.0,2.09,24399.91,509.51,24.4,8832,89.81,56.61,-11.32,1403.97,-260.41
2022-02-24,Kentucky,Gallatin,0.0,0,0,0.0,2152,45.0,2.09,24365.94,509.51,24.37,8832,89.81,67.93,-11.32,1664.38,-226.45
2022-02-23,Kentucky,Gallatin,-33.97,-3,0,0.0,2152,45.0,2.09,24365.94,509.51,24.37,8832,89.81,79.25,-79.26,1890.83,-373.64
2022-02-22,Kentucky,Gallatin,33.97,3,0,0.0,2155,45.0,2.09,24399.91,509.51,24.4,8832,89.81,158.51,0.0,2264.47,-169.83
2022-02-21,Kentucky,Gallatin,22.64,2,0,0.0,2152,45.0,2.09,24365.94,509.51,24.37,8832,89.81,158.51,-113.23,2434.3,-339.68
2022-02-20,Kentucky,Gallatin,0.0,0,0,0.0,2150,45.0,2.09,24343.3,509.51,24.34,8832,89.81,271.74,0.0,2773.98,0.0
2022-02-19,Kentucky,Gallatin,0.0,0,0,0.0,2150,45.0,2.09,24343.3,509.51,24.34,8832,89.81,271.74,0.0,2773.98,0.0
2022-02-18,Kentucky,Gallatin,45.29,4,0,0.0,2150,45.0,2.09,24343.3,509.51,24.34,8832,89.81,271.74,-22.64,2773.98,-271.74
2022-02-17,Kentucky,Gallatin,11.32,1,0,0.0,2146,45.0,2.1,24298.01,509.51,24.3,8832,89.81,294.38,-11.32,3045.72,-305.71
2022-02-16,Kentucky,Gallatin,45.29,4,0,0.0,2145,45.0,2.1,24286.68,509.51,24.29,8832,89.81,305.7,0.0,3351.43,-215.13
2022-02-15,Kentucky,Gallatin,33.97,3,0,0.0,2141,45.0,2.1,24241.39,509.51,24.24,8832,89.81,305.7,-56.61,3566.56,-939.76
2022-02-14,Kentucky,Gallatin,135.87,12,0,0.0,2138,45.0,2.1,24207.43,509.51,24.21,8832,89.81,362.31,90.58,4506.32,135.87
2022-02-13,Kentucky,Gallatin,0.0,0,0,0.0,2126,45.0,2.12,24071.56,509.51,24.07,8832,89.81,271.73,0.0,4370.45,0.0
2022-02-12,Kentucky,Gallatin,0.0,0,0,0.0,2126,45.0,2.12,24071.56,509.51,24.07,8832,89.81,271.73,0.0,4370.45,0.0
2022-02-11,Kentucky,Gallatin,67.93,6,0,0.0,2126,45.0,2.12,24071.56,509.51,24.07,8832,89.81,271.73,33.96,4370.45,-192.49
2022-02-10,Kentucky,Gallatin,22.64,2,0,0.0,2120,45.0,2.12,24003.62,509.51,24.0,8832,89.81,237.77,-135.87,4562.94,-396.29
2022-02-09,Kentucky,Gallatin,45.29,4,0,0.0,2118,45.0,2.12,23980.98,509.51,23.98,8832,89.81,373.64,-22.64,4959.23,-158.51
2022-02-08,Kentucky,Gallatin,90.58,8,0,0.0,2114,45.0,2.13,23935.69,509.51,23.94,8832,89.81,396.28,-101.9,5117.74,-249.09
2022-02-07,Kentucky,Gallatin,45.29,4,0,0.0,2106,45.0,2.14,23845.11,509.51,23.85,8832,89.81,498.18,-305.71,5366.83,-351.0
2022-02-06,Kentucky,Gallatin,0.0,0,0,0.0,2102,45.0,2.14,23799.82,509.51,23.8,8832,89.81,803.89,0.0,5717.83,0.0
2022-02-05,Kentucky,Gallatin,0.0,0,0,0.0,2102,45.0,2.14,23799.82,509.51,23.8,8832,89.81,803.89,0.0,5717.83,0.0
2022-02-04,Kentucky,Gallatin,33.97,3,0,0.0,2102,45.0,2.14,23799.82,509.51,23.8,8832,89.81,803.89,-260.41,5717.83,-113.22
2022-02-03,Kentucky,Gallatin,158.51,14,0,0.0,2099,45.0,2.14,23765.85,509.51,23.77,8832,89.81,1064.3,-67.94,5831.05,-45.29
2022-02-02,Kentucky,Gallatin,67.93,6,0,0.0,2085,45.0,2.16,23607.34,509.51,23.61,8832,89.81,1132.24,-271.74,5876.34,-79.26
2022-02-01,Kentucky,Gallatin,192.48,17,0,0.0,2079,45.0,2.16,23539.4,509.51,23.54,8832,89.81,1403.98,-11.32,5955.6,22.64
2022-01-31,Kentucky,Gallatin,351.0,31,0,0.0,2062,45.0,2.18,23346.92,509.51,23.35,8832,89.81,1415.3,-11.32,5932.96,-169.83
2022-01-30,Kentucky,Gallatin,0.0,0,0,0.0,2031,45.0,2.22,22995.92,509.51,23.0,8832,89.81,1426.62,0.0,6102.79,0.0
2022-01-29,Kentucky,Gallatin,0.0,0,0,0.0,2031,45.0,2.22,22995.92,509.51,23.0,8832,89.81,1426.62,0.0,6102.79,0.0
2022-01-28,Kentucky,Gallatin,294.38,26,0,0.0,2031,45.0,2.22,22995.92,509.51,23.0,8832,89.81,1426.62,-22.65,6102.79,294.38
2022-01-27,Kentucky,Gallatin,226.45,20,0,0.0,2005,45.0,2.24,22701.54,509.51,22.7,8832,89.81,1449.27,-90.58,5808.41,226.45
2022-01-26,Kentucky,Gallatin,339.67,30,0,0.0,1985,45.0,2.27,22475.09,509.51,22.48,8832,89.81,1539.85,79.25,5581.96,147.19
2022-01-25,Kentucky,Gallatin,203.8,18,0,0.0,1955,45.0,2.3,22135.42,509.51,22.14,8832,89.81,1460.6,-769.93,5434.77,113.22
2022-01-24,Kentucky,Gallatin,362.32,32,0,0.0,1937,45.0,2.32,21931.61,509.51,21.93,8832,89.81,2230.53,362.32,5321.55,181.16
2022-01-23,Kentucky,Gallatin,0.0,0,0,0.0,1905,45.0,2.36,21569.29,509.51,21.57,8832,89.81,1868.21,0.0,5140.39,0.0
2022-01-22,Kentucky,Gallatin,0.0,0,0,0.0,1905,45.0,2.36,21569.29,509.51,21.57,8832,89.81,1868.21,0.0,5140.39,0.0
2022-01-21,Kentucky,Gallatin,317.03,28,0,0.0,1905,45.0,2.36,21569.29,509.51,21.57,8832,89.81,1868.21,56.61,5140.39,317.03
2022-01-20,Kentucky,Gallatin,317.03,28,1,11.32,1877,45.0,2.4,21252.26,509.51,21.25,8832,89.81,1811.6,-101.9,4823.36,317.03
2022-01-19,Kentucky,Gallatin,260.42,23,0,0.0,1849,44.0,2.38,20935.24,498.19,20.94,8832,89.81,1913.5,56.62,4506.33,124.55
2022-01-18,Kentucky,Gallatin,973.73,86,0,0.0,1826,44.0,2.41,20674.82,498.19,20.67,8832,89.81,1856.88,634.06,4381.78,973.73
2022-01-17,Kentucky,Gallatin,0.0,0,0,0.0,1740,44.0,2.53,19701.09,498.19,19.7,8832,89.81,1222.82,-396.29,3408.05,-67.93
2022-01-16,Kentucky,Gallatin,0.0,0,0,0.0,1740,44.0,2.53,19701.09,498.19,19.7,8832,89.81,1619.11,0.0,3475.98,0.0
2022-01-15,Kentucky,Gallatin,0.0,0,0,0.0,1740,44.0,2.53,19701.09,498.19,19.7,8832,89.81,1619.11,0.0,3475.98,0.0
2022-01-14,Kentucky,Gallatin,260.42,23,0,0.0,1740,44.0,2.53,19701.09,498.19,19.7,8832,89.81,1619.11,113.23,3475.98,237.78
2022-01-13,Kentucky,Gallatin,418.93,37,0,0.0,1717,44.0,2.56,19440.67,498.19,19.44,8832,89.81,1505.88,215.13,3238.2,317.03
2022-01-12,Kentucky,Gallatin,203.8,18,0,0.0,1680,44.0,2.62,19021.74,498.19,19.02,8832,89.81,1290.75,56.61,2921.17,113.22
2022-01-11,Kentucky,Gallatin,339.67,30,0,0.0,1662,44.0,2.65,18817.93,498.19,18.82,8832,89.81,1234.14,169.83,2807.95,294.38
2022-01-10,Kentucky,Gallatin,396.29,35,0,0.0,1632,44.0,2.7,18478.26,498.19,18.48,8832,89.81,1064.31,-124.54,2513.57,294.39
2022-01-09,Kentucky,Gallatin,0.0,0,0,0.0,1597,44.0,2.76,18081.97,498.19,18.08,8832,89.81,1188.85,0.0,2219.18,0.0
2022-01-08,Kentucky,Gallatin,0.0,0,0,0.0,1597,44.0,2.76,18081.97,498.19,18.08,8832,89.81,1188.85,0.0,2219.18,0.0
2022-01-07,Kentucky,Gallatin,147.19,13,0,0.0,1597,44.0,2.76,18081.97,498.19,18.08,8832,89.81,1188.85,147.19,2219.18,-11.32
2022-01-06,Kentucky,Gallatin,203.8,18,0,0.0,1584,44.0,2.78,17934.78,498.19,17.93,8832,89.81,1041.66,203.8,2230.5,158.51
2022-01-05,Kentucky,Gallatin,147.19,13,0,0.0,1566,44.0,2.81,17730.98,498.19,17.73,8832,89.81,837.86,-45.29,2071.99,22.64
2022-01-04,Kentucky,Gallatin,169.84,15,0,0.0,1553,44.0,2.83,17583.79,498.19,17.58,8832,89.81,883.15,79.26,2049.35,124.55
2022-01-03,Kentucky,Gallatin,520.83,46,0,0.0,1538,44.0,2.86,17413.95,498.19,17.41,8832,89.81,803.89,339.67,1924.8,464.22
2022-01-02,Kentucky,Gallatin,0.0,0,0,0.0,1492,44.0,2.95,16893.12,498.19,16.89,8832,89.81,464.22,0.0,1460.58,0.0
2022-01-01,Kentucky,Gallatin,0.0,0,0,0.0,1492,44.0,2.95,16893.12,498.19,16.89,8832,89.81,464.22,0.0,1460.58,0.0
2021-12-31,Kentucky,Gallatin,0.0,0,0,0.0,1492,44.0,2.95,16893.12,498.19,16.89,8832,89.81,464.22,0.0,1460.58,-124.55
2021-12-30,Kentucky,Gallatin,0.0,0,0,0.0,1492,44.0,2.95,16893.12,498.19,16.89,8832,89.81,464.22,0.0,1585.13,-67.93
2021-12-29,Kentucky,Gallatin,192.48,17,0,0.0,1492,44.0,2.95,16893.12,498.19,16.89,8832,89.81,464.22,56.61,1653.06,113.22
2021-12-28,Kentucky,Gallatin,90.58,8,0,0.0,1475,44.0,2.98,16700.63,498.19,16.7,8832,89.81,407.61,90.58,1539.84,11.32
2021-12-27,Kentucky,Gallatin,181.16,16,0,0.0,1467,44.0,3.0,16610.05,498.19,16.61,8832,89.81,317.03,113.23,1528.52,11.32
2021-12-26,Kentucky,Gallatin,0.0,0,0,0.0,1451,44.0,3.03,16428.89,498.19,16.43,8832,89.81,203.8,0.0,1517.2,0.0
2021-12-25,Kentucky,Gallatin,0.0,0,0,0.0,1451,44.0,3.03,16428.89,498.19,16.43,8832,89.81,203.8,0.0,1517.2,0.0
2021-12-24,Kentucky,Gallatin,0.0,0,0,0.0,1451,44.0,3.03,16428.89,498.19,16.43,8832,89.81,203.8,-22.64,1517.2,0.0
2021-12-23,Kentucky,Gallatin,0.0,0,0,0.0,1451,44.0,3.03,16428.89,498.19,16.43,8832,89.81,226.44,-101.9,1517.2,0.0
2021-12-22,Kentucky,Gallatin,135.87,12,0,0.0,1451,44.0,3.03,16428.89,498.19,16.43,8832,89.81,328.34,45.29,1517.2,124.55
2021-12-21,Kentucky,Gallatin,0.0,0,0,0.0,1439,44.0,3.06,16293.03,498.19,16.29,8832,89.81,283.05,-45.29,1392.65,-79.26
2021-12-20,Kentucky,Gallatin,67.93,6,0,0.0,1439,44.0,3.06,16293.03,498.19,16.29,8832,89.81,328.34,-33.97,1471.91,-33.97
2021-12-19,Kentucky,Gallatin,0.0,0,0,0.0,1433,44.0,3.07,16225.09,498.19,16.23,8832,89.81,362.31,0.0,1505.88,0.0
2021-12-18,Kentucky,Gallatin,0.0,0,0,0.0,1433,44.0,3.07,16225.09,498.19,16.23,8832,89.81,362.31,0.0,1505.88,0.0
2021-12-17,Kentucky,Gallatin,22.64,2,0,0.0,1433,44.0,3.07,16225.09,498.19,16.23,8832,89.81,362.31,-135.87,1505.88,33.96
2021-12-16,Kentucky,Gallatin,101.9,9,0,0.0,1431,44.0,3.07,16202.45,498.19,16.2,8832,89.81,498.18,56.61,1471.92,135.87
2021-12-15,Kentucky,Gallatin,90.58,8,0,0.0,1422,44.0,3.09,16100.54,498.19,16.1,8832,89.81,441.57,-33.97,1336.05,45.29
2021-12-14,Kentucky,Gallatin,45.29,4,0,0.0,1414,44.0,3.11,16009.96,498.19,16.01,8832,89.81,475.54,0.0,1290.76,33.97
2021-12-13,Kentucky,Gallatin,101.9,9,0,0.0,1410,44.0,3.12,15964.67,498.19,15.96,8832,89.81,475.54,45.29,1256.79,-11.32
2021-12-12,Kentucky,Gallatin,0.0,0,0,0.0,1401,44.0,3.14,15862.77,498.19,15.86,8832,89.81,430.25,0.0,1268.11,0.0
2021-12-11,Kentucky,Gallatin,0.0,0,0,0.0,1401,44.0,3.14,15862.77,498.19,15.86,8832,89.81,430.25,0.0,1268.11,0.0
2021-12-10,Kentucky,Gallatin,158.51,14,0,0.0,1401,44.0,3.14,15862.77,498.19,15.86,8832,89.81,430.25,33.96,1268.11,158.51
2021-12-09,Kentucky,Gallatin,45.29,4,0,0.0,1387,44.0,3.17,15704.26,498.19,15.7,8832,89.81,396.29,-22.64,1109.6,45.29
2021-12-08,Kentucky,Gallatin,124.55,11,0,0.0,1383,44.0,3.18,15658.97,498.19,15.66,8832,89.81,418.93,45.29,1064.31,101.91
2021-12-07,Kentucky,Gallatin,45.29,4,1,11.32,1372,44.0,3.21,15534.42,498.19,15.53,8832,89.81,373.64,-33.97,962.4,45.29
2021-12-06,Kentucky,Gallatin,56.61,5,0,0.0,1368,43.0,3.14,15489.13,486.87,15.49,8832,89.81,407.61,-113.23,917.11,0.0
2021-12-05,Kentucky,Gallatin,0.0,0,0,0.0,1363,43.0,3.15,15432.52,486.87,15.43,8832,89.81,520.84,0.0,917.11,0.0
2021-12-04,Kentucky,Gallatin,0.0,0,0,0.0,1363,43.0,3.15,15432.52,486.87,15.43,8832,89.81,520.84,0.0,917.11,0.0
2021-12-03,Kentucky,Gallatin,124.55,11,1,11.32,1363,43.0,3.15,15432.52,486.87,15.43,8832,89.81,520.84,124.55,917.11,79.26
2021-12-02,Kentucky,Gallatin,67.93,6,0,0.0,1352,42.0,3.11,15307.97,475.54,15.31,8832,89.81,396.29,67.93,837.85,-11.33
2021-12-01,Kentucky,Gallatin,79.26,7,0,0.0,1346,42.0,3.12,15240.04,475.54,15.24,8832,89.81,328.36,67.94,849.18,-22.64
2021-11-30,Kentucky,Gallatin,79.26,7,0,0.0,1339,42.0,3.14,15160.78,475.54,15.16,8832,89.81,260.42,0.0,871.82,79.26
2021-11-29,Kentucky,Gallatin,169.84,15,1,11.32,1332,42.0,3.15,15081.52,475.54,15.08,8832,89.81,260.42,67.94,792.56,113.23
2021-11-28,Kentucky,Gallatin,0.0,0,0,0.0,1317,41.0,3.11,14911.68,464.22,14.91,8832,89.81,192.48,0.0,679.33,0.0
2021-11-27,Kentucky,Gallatin,0.0,0,0,0.0,1317,41.0,3.11,14911.68,464.22,14.91,8832,89.81,192.48,0.0,679.33,0.0
2021-11-26,Kentucky,Gallatin,0.0,0,0,0.0,1317,41.0,3.11,14911.68,464.22,14.91,8832,89.81,192.48,11.32,679.33,-79.26
2021-11-25,Kentucky,Gallatin,0.0,0,0,0.0,1317,41.0,3.11,14911.68,464.22,14.91,8832,89.81,181.16,33.97,758.59,-45.29
2021-11-24,Kentucky,Gallatin,11.32,1,0,0.0,1317,41.0,3.11,14911.68,464.22,14.91,8832,89.81,147.19,-33.97,803.88,-56.61
2021-11-23,Kentucky,Gallatin,79.26,7,0,0.0,1316,41.0,3.12,14900.36,464.22,14.9,8832,89.81,181.16,67.94,860.49,11.33
2021-11-22,Kentucky,Gallatin,101.9,9,0,0.0,1309,41.0,3.13,14821.11,464.22,14.82,8832,89.81,113.22,-11.32,849.16,67.93
2021-11-21,Kentucky,Gallatin,0.0,0,0,0.0,1300,41.0,3.15,14719.2,464.22,14.72,8832,89.81,124.54,0.0,781.23,0.0
2021-11-20,Kentucky,Gallatin,0.0,0,0,0.0,1300,41.0,3.15,14719.2,464.22,14.72,8832,89.81,124.54,0.0,781.23,0.0
2021-11-19,Kentucky,Gallatin,-11.32,-1,0,0.0,1300,41.0,3.15,14719.2,464.22,14.72,8832,89.81,124.54,-11.32,781.23,-79.25
2021-11-18,Kentucky,Gallatin,-33.97,-3,0,0.0,1301,41.0,3.15,14730.53,464.22,14.73,8832,89.81,135.86,-33.97,860.48,-79.26
2021-11-17,Kentucky,Gallatin,45.29,4,0,0.0,1304,41.0,3.14,14764.49,464.22,14.76,8832,89.81,169.83,22.65,939.74,22.65
2021-11-16,Kentucky,Gallatin,11.32,1,0,0.0,1300,41.0,3.15,14719.2,464.22,14.72,8832,89.81,147.18,11.32,917.09,-45.29
2021-11-15,Kentucky,Gallatin,113.22,10,0,0.0,1299,41.0,3.16,14707.88,464.22,14.71,8832,89.81,135.86,56.61,962.38,33.96
2021-11-14,Kentucky,Gallatin,0.0,0,0,0.0,1289,41.0,3.18,14594.66,464.22,14.59,8832,89.81,79.25,0.0,928.42,0.0
2021-11-13,Kentucky,Gallatin,0.0,0,0,0.0,1289,41.0,3.18,14594.66,464.22,14.59,8832,89.81,79.25,0.0,928.42,0.0
2021-11-12,Kentucky,Gallatin,0.0,0,0,0.0,1289,41.0,3.18,14594.66,464.22,14.59,8832,89.81,79.25,-45.29,928.42,-67.93
2021-11-11,Kentucky,Gallatin,0.0,0,0,0.0,1289,41.0,3.18,14594.66,464.22,14.59,8832,89.81,124.54,-79.26,996.35,-45.29
2021-11-10,Kentucky,Gallatin,22.64,2,0,0.0,1289,41.0,3.18,14594.66,464.22,14.59,8832,89.81,203.8,-79.26,1041.64,0.0
2021-11-09,Kentucky,Gallatin,0.0,0,0,0.0,1287,41.0,3.19,14572.01,464.22,14.57,8832,89.81,283.06,0.0,1041.64,-90.58
2021-11-08,Kentucky,Gallatin,56.61,5,0,0.0,1287,41.0,3.19,14572.01,464.22,14.57,8832,89.81,283.06,0.0,1132.22,-45.29
2021-11-07,Kentucky,Gallatin,0.0,0,0,0.0,1282,41.0,3.2,14515.4,464.22,14.52,8832,89.81,283.06,0.0,1177.51,0.0
2021-11-06,Kentucky,Gallatin,0.0,0,0,0.0,1282,41.0,3.2,14515.4,464.22,14.52,8832,89.81,283.06,0.0,1177.51,0.0
2021-11-05,Kentucky,Gallatin,45.29,4,1,11.32,1282,41.0,3.2,14515.4,464.22,14.52,8832,89.81,283.06,-33.97,1177.51,22.65
2021-11-04,Kentucky,Gallatin,79.26,7,0,0.0,1278,40.0,3.13,14470.11,452.9,14.47,8832,89.81,317.03,33.97,1154.86,-45.29
2021-11-03,Kentucky,Gallatin,101.9,9,0,0.0,1271,40.0,3.15,14390.85,452.9,14.39,8832,89.81,283.06,33.97,1200.15,45.29
2021-11-02,Kentucky,Gallatin,0.0,0,0,0.0,1262,40.0,3.17,14288.95,452.9,14.29,8832,89.81,249.09,-67.93,1154.86,-67.93
2021-11-01,Kentucky,Gallatin,56.61,5,0,0.0,1262,40.0,3.17,14288.95,452.9,14.29,8832,89.81,317.02,22.64,1222.79,-33.97
2021-10-31,Kentucky,Gallatin,0.0,0,0,0.0,1257,40.0,3.18,14232.34,452.9,14.23,8832,89.81,294.38,0.0,1256.76,0.0
2021-10-30,Kentucky,Gallatin,0.0,0,0,0.0,1257,40.0,3.18,14232.34,452.9,14.23,8832,89.81,294.38,0.0,1256.76,0.0
2021-10-29,Kentucky,Gallatin,79.26,7,0,0.0,1257,40.0,3.18,14232.34,452.9,14.23,8832,89.81,294.38,11.33,1256.76,45.29
2021-10-28,Kentucky,Gallatin,45.29,4,1,11.32,1250,40.0,3.2,14153.08,452.9,14.15,8832,89.81,283.05,0.0,1211.47,11.32
2021-10-27,Kentucky,Gallatin,67.93,6,0,0.0,1246,39.0,3.13,14107.79,441.58,14.11,8832,89.81,283.05,45.29,1200.15,45.29
2021-10-26,Kentucky,Gallatin,67.93,6,0,0.0,1240,39.0,3.15,14039.86,441.58,14.04,8832,89.81,237.76,11.32,1154.86,-22.65
2021-10-25,Kentucky,Gallatin,33.97,3,0,0.0,1234,39.0,3.16,13971.92,441.58,13.97,8832,89.81,226.44,-45.29,1177.51,-79.25
2021-10-24,Kentucky,Gallatin,0.0,0,0,0.0,1231,39.0,3.17,13937.95,441.58,13.94,8832,89.81,271.73,0.0,1256.76,0.0
2021-10-23,Kentucky,Gallatin,0.0,0,0,0.0,1231,39.0,3.17,13937.95,441.58,13.94,8832,89.81,271.73,0.0,1256.76,0.0
2021-10-22,Kentucky,Gallatin,67.93,6,0,0.0,1231,39.0,3.17,13937.95,441.58,13.94,8832,89.81,271.73,0.0,1256.76,22.64
2021-10-21,Kentucky,Gallatin,45.29,4,0,0.0,1225,39.0,3.18,13870.02,441.58,13.87,8832,89.81,271.73,0.0,1234.12,-45.29
2021-10-20,Kentucky,Gallatin,22.64,2,0,0.0,1221,39.0,3.19,13824.73,441.58,13.82,8832,89.81,271.73,0.0,1279.41,-101.91
2021-10-19,Kentucky,Gallatin,56.61,5,0,0.0,1219,39.0,3.2,13802.08,441.58,13.8,8832,89.81,271.73,-33.97,1381.32,-22.65
2021-10-18,Kentucky,Gallatin,79.26,7,1,11.32,1214,39.0,3.21,13745.47,441.58,13.75,8832,89.81,305.7,-22.64,1403.97,-124.54
2021-10-17,Kentucky,Gallatin,0.0,0,0,0.0,1207,38.0,3.15,13666.21,430.25,13.67,8832,89.81,328.34,0.0,1528.51,0.0
2021-10-16,Kentucky,Gallatin,0.0,0,0,0.0,1207,38.0,3.15,13666.21,430.25,13.67,8832,89.81,328.34,0.0,1528.51,0.0
2021-10-15,Kentucky,Gallatin,67.93,6,0,0.0,1207,38.0,3.15,13666.21,430.25,13.67,8832,89.81,328.34,45.29,1528.51,33.96
2021-10-14,Kentucky,Gallatin,45.29,4,0,0.0,1201,38.0,3.16,13598.28,430.25,13.6,8832,89.81,283.05,-79.26,1494.55,-67.93
2021-10-13,Kentucky,Gallatin,22.64,2,1,11.32,1197,38.0,3.17,13552.99,430.25,13.55,8832,89.81,362.31,-33.97,1562.48,-113.23
2021-10-12,Kentucky,Gallatin,90.58,8,0,0.0,1195,37.0,3.1,13530.34,418.93,13.53,8832,89.81,396.28,22.65,1675.71,-22.64
2021-10-11,Kentucky,Gallatin,101.9,9,0,0.0,1187,37.0,3.12,13439.76,418.93,13.44,8832,89.81,373.63,11.32,1698.35,-90.58
2021-10-10,Kentucky,Gallatin,0.0,0,0,0.0,1178,37.0,3.14,13337.86,418.93,13.34,8832,89.81,362.31,0.0,1788.93,0.0
2021-10-09,Kentucky,Gallatin,0.0,0,0,0.0,1178,37.0,3.14,13337.86,418.93,13.34,8832,89.81,362.31,0.0,1788.93,0.0
2021-10-08,Kentucky,Gallatin,22.64,2,0,0.0,1178,37.0,3.14,13337.86,418.93,13.34,8832,89.81,362.31,-11.33,1788.93,-203.81
2021-10-07,Kentucky,Gallatin,124.55,11,0,0.0,1176,37.0,3.15,13315.22,418.93,13.32,8832,89.81,373.64,90.58,1992.74,-22.64
2021-10-06,Kentucky,Gallatin,56.61,5,0,0.0,1165,37.0,3.18,13190.67,418.93,13.19,8832,89.81,283.06,33.97,2015.38,-33.97
2021-10-05,Kentucky,Gallatin,67.93,6,0,0.0,1160,37.0,3.19,13134.06,418.93,13.13,8832,89.81,249.09,-22.65,2049.35,-135.87
2021-10-04,Kentucky,Gallatin,90.58,8,0,0.0,1154,37.0,3.21,13066.12,418.93,13.07,8832,89.81,271.74,-22.64,2185.22,90.58
2021-10-03,Kentucky,Gallatin,0.0,0,0,0.0,1146,37.0,3.23,12975.54,418.93,12.98,8832,89.81,294.38,0.0,2094.64,0.0
2021-10-02,Kentucky,Gallatin,0.0,0,0,0.0,1146,37.0,3.23,12975.54,418.93,12.98,8832,89.81,294.38,0.0,2094.64,0.0
2021-10-01,Kentucky,Gallatin,33.97,3,0,0.0,1146,37.0,3.23,12975.54,418.93,12.98,8832,89.81,294.38,-11.32,2094.64,11.33
2021-09-30,Kentucky,Gallatin,33.97,3,0,0.0,1143,37.0,3.24,12941.58,418.93,12.94,8832,89.81,305.7,-56.61,2083.31,-113.22
2021-09-29,Kentucky,Gallatin,22.64,2,1,11.32,1140,37.0,3.25,12907.61,418.93,12.91,8832,89.81,362.31,-101.91,2196.53,-101.91
2021-09-28,Kentucky,Gallatin,90.58,8,0,0.0,1138,36.0,3.16,12884.96,407.61,12.88,8832,89.81,464.22,11.32,2298.44,0.0
2021-09-27,Kentucky,Gallatin,113.22,10,0,0.0,1130,36.0,3.19,12794.38,407.61,12.79,8832,89.81,452.9,-90.58,2298.44,-79.26
2021-09-26,Kentucky,Gallatin,0.0,0,0,0.0,1120,36.0,3.21,12681.16,407.61,12.68,8832,89.81,543.48,0.0,2377.7,0.0
2021-09-25,Kentucky,Gallatin,0.0,0,0,0.0,1120,36.0,3.21,12681.16,407.61,12.68,8832,89.81,543.48,0.0,2377.7,0.0
2021-09-24,Kentucky,Gallatin,45.29,4,0,0.0,1120,36.0,3.21,12681.16,407.61,12.68,8832,89.81,543.48,11.32,2377.7,0.0
2021-09-23,Kentucky,Gallatin,90.58,8,0,0.0,1116,36.0,3.23,12635.87,407.61,12.64,8832,89.81,532.16,-22.64,2377.7,-33.97
2021-09-22,Kentucky,Gallatin,124.55,11,0,0.0,1108,36.0,3.25,12545.29,407.61,12.55,8832,89.81,554.8,-11.32,2411.67,0.0
2021-09-21,Kentucky,Gallatin,79.26,7,1,11.32,1097,36.0,3.28,12420.74,407.61,12.42,8832,89.81,566.12,-33.96,2411.67,-90.58
2021-09-20,Kentucky,Gallatin,203.8,18,0,0.0,1090,35.0,3.21,12341.49,396.29,12.34,8832,89.81,600.08,11.32,2502.25,90.58
2021-09-19,Kentucky,Gallatin,0.0,0,0,0.0,1072,35.0,3.26,12137.68,396.29,12.14,8832,89.81,588.76,0.0,2411.67,0.0
2021-09-18,Kentucky,Gallatin,0.0,0,0,0.0,1072,35.0,3.26,12137.68,396.29,12.14,8832,89.81,588.76,0.0,2411.67,0.0
2021-09-17,Kentucky,Gallatin,33.97,3,0,0.0,1072,35.0,3.26,12137.68,396.29,12.14,8832,89.81,588.76,-192.48,2411.67,-135.87
2021-09-16,Kentucky,Gallatin,113.22,10,0,0.0,1069,35.0,3.27,12103.71,396.29,12.1,8832,89.81,781.24,-33.97,2547.54,-11.33
2021-09-15,Kentucky,Gallatin,135.87,12,0,0.0,1059,35.0,3.31,11990.49,396.29,11.99,8832,89.81,815.21,45.29,2558.87,56.61
2021-09-14,Kentucky,Gallatin,113.22,10,0,0.0,1047,35.0,3.34,11854.62,396.29,11.85,8832,89.81,769.92,-90.58,2502.26,56.61
2021-09-13,Kentucky,Gallatin,192.48,17,0,0.0,1037,35.0,3.38,11741.39,396.29,11.74,8832,89.81,860.5,192.48,2445.65,147.19
2021-09-12,Kentucky,Gallatin,0.0,0,0,0.0,1020,35.0,3.43,11548.91,396.29,11.55,8832,89.81,668.02,0.0,2298.46,0.0
2021-09-11,Kentucky,Gallatin,0.0,0,0,0.0,1020,35.0,3.43,11548.91,396.29,11.55,8832,89.81,668.02,0.0,2298.46,0.0
2021-09-10,Kentucky,Gallatin,226.45,20,0,0.0,1020,35.0,3.43,11548.91,396.29,11.55,8832,89.81,668.02,203.81,2298.46,147.19
2021-09-09,Kentucky,Gallatin,147.19,13,0,0.0,1000,35.0,3.5,11322.46,396.29,11.32,8832,89.81,464.21,0.0,2151.27,56.61
2021-09-08,Kentucky,Gallatin,90.58,8,0,0.0,987,35.0,3.55,11175.27,396.29,11.18,8832,89.81,464.21,-33.97,2094.66,22.65
2021-09-07,Kentucky,Gallatin,203.8,18,1,11.32,979,35.0,3.58,11084.69,396.29,11.08,8832,89.81,498.18,113.22,2072.01,169.83
2021-09-06,Kentucky,Gallatin,0.0,0,0,0.0,961,34.0,3.54,10880.89,384.96,10.88,8832,89.81,384.96,-192.48,1902.18,-56.61
2021-09-05,Kentucky,Gallatin,0.0,0,0,0.0,961,34.0,3.54,10880.89,384.96,10.88,8832,89.81,577.44,0.0,1958.79,0.0
2021-09-04,Kentucky,Gallatin,0.0,0,0,0.0,961,34.0,3.54,10880.89,384.96,10.88,8832,89.81,577.44,0.0,1958.79,0.0
2021-09-03,Kentucky,Gallatin,22.64,2,0,0.0,961,34.0,3.54,10880.89,384.96,10.88,8832,89.81,577.44,-22.65,1958.79,-22.65
2021-09-02,Kentucky,Gallatin,147.19,13,0,0.0,959,34.0,3.55,10858.24,384.96,10.86,8832,89.81,600.09,22.64,1981.44,90.58
2021-09-01,Kentucky,Gallatin,124.55,11,0,0.0,946,34.0,3.59,10711.05,384.96,10.71,8832,89.81,577.45,0.0,1890.86,101.91
2021-08-31,Kentucky,Gallatin,90.58,8,0,0.0,935,34.0,3.64,10586.5,384.96,10.59,8832,89.81,577.45,-79.26,1788.95,67.94
2021-08-30,Kentucky,Gallatin,192.48,17,0,0.0,927,34.0,3.67,10495.92,384.96,10.5,8832,89.81,656.71,79.26,1721.01,135.87
2021-08-29,Kentucky,Gallatin,0.0,0,0,0.0,910,34.0,3.74,10303.44,384.96,10.3,8832,89.81,577.45,0.0,1585.14,0.0
2021-08-28,Kentucky,Gallatin,0.0,0,0,0.0,910,34.0,3.74,10303.44,384.96,10.3,8832,89.81,577.45,0.0,1585.14,0.0
2021-08-27,Kentucky,Gallatin,45.29,4,0,0.0,910,34.0,3.74,10303.44,384.96,10.3,8832,89.81,577.45,-124.55,1585.14,33.97
2021-08-26,Kentucky,Gallatin,124.55,11,0,0.0,906,34.0,3.75,10258.15,384.96,10.26,8832,89.81,702.0,0.0,1551.17,79.26
2021-08-25,Kentucky,Gallatin,124.55,11,0,0.0,895,34.0,3.8,10133.61,384.96,10.13,8832,89.81,702.0,45.29,1471.91,113.23
2021-08-24,Kentucky,Gallatin,169.84,15,0,0.0,884,34.0,3.85,10009.06,384.96,10.01,8832,89.81,656.71,113.23,1358.68,158.52
2021-08-23,Kentucky,Gallatin,113.22,10,0,0.0,869,34.0,3.91,9839.22,384.96,9.84,8832,89.81,543.48,67.93,1200.16,90.58
2021-08-22,Kentucky,Gallatin,0.0,0,0,0.0,859,34.0,3.96,9726.0,384.96,9.73,8832,89.81,475.55,0.0,1109.58,0.0
2021-08-21,Kentucky,Gallatin,0.0,0,0,0.0,859,34.0,3.96,9726.0,384.96,9.73,8832,89.81,475.55,0.0,1109.58,0.0
2021-08-20,Kentucky,Gallatin,169.84,15,0,0.0,859,34.0,3.96,9726.0,384.96,9.73,8832,89.81,475.55,90.58,1109.58,169.84
2021-08-19,Kentucky,Gallatin,124.55,11,0,0.0,844,34.0,4.03,9556.16,384.96,9.56,8832,89.81,384.97,33.97,939.74,113.23
2021-08-18,Kentucky,Gallatin,79.26,7,0,0.0,833,34.0,4.08,9431.61,384.96,9.43,8832,89.81,351.0,11.33,826.51,67.94
2021-08-17,Kentucky,Gallatin,56.61,5,0,0.0,826,34.0,4.12,9352.36,384.96,9.35,8832,89.81,339.67,22.64,758.57,56.61
2021-08-16,Kentucky,Gallatin,45.29,4,0,0.0,821,34.0,4.14,9295.74,384.96,9.3,8832,89.81,317.03,-11.32,701.96,22.65
2021-08-15,Kentucky,Gallatin,0.0,0,0,0.0,817,34.0,4.16,9250.45,384.96,9.25,8832,89.81,328.35,0.0,679.31,0.0
2021-08-14,Kentucky,Gallatin,0.0,0,0,0.0,817,34.0,4.16,9250.45,384.96,9.25,8832,89.81,328.35,0.0,679.31,0.0
2021-08-13,Kentucky,Gallatin,79.26,7,0,0.0,817,34.0,4.16,9250.45,384.96,9.25,8832,89.81,328.35,33.97,679.31,45.29
2021-08-12,Kentucky,Gallatin,90.58,8,0,0.0,810,34.0,4.2,9171.2,384.96,9.17,8832,89.81,294.38,33.97,634.02,79.26
2021-08-11,Kentucky,Gallatin,67.93,6,0,0.0,802,34.0,4.24,9080.62,384.96,9.08,8832,89.81,260.41,45.29,554.76,67.93
2021-08-10,Kentucky,Gallatin,33.97,3,0,0.0,796,34.0,4.27,9012.68,384.96,9.01,8832,89.81,215.12,11.33,486.83,11.33
2021-08-09,Kentucky,Gallatin,56.61,5,1,11.32,793,34.0,4.29,8978.71,384.96,8.98,8832,89.81,203.79,0.0,475.5,45.29
2021-08-08,Kentucky,Gallatin,0.0,0,0,0.0,788,33.0,4.19,8922.1,373.64,8.92,8832,89.81,203.79,0.0,430.21,0.0
2021-08-07,Kentucky,Gallatin,0.0,0,0,0.0,788,33.0,4.19,8922.1,373.64,8.92,8832,89.81,203.79,0.0,430.21,0.0
2021-08-06,Kentucky,Gallatin,45.29,4,0,0.0,788,33.0,4.19,8922.1,373.64,8.92,8832,89.81,203.79,33.97,430.21,33.97
2021-08-05,Kentucky,Gallatin,56.61,5,0,0.0,784,33.0,4.21,8876.81,373.64,8.88,8832,89.81,169.82,11.32,396.24,56.61
2021-08-04,Kentucky,Gallatin,22.64,2,0,0.0,779,33.0,4.24,8820.2,373.64,8.82,8832,89.81,158.5,11.32,339.63,11.32
2021-08-03,Kentucky,Gallatin,22.64,2,0,0.0,777,33.0,4.25,8797.55,373.64,8.8,8832,89.81,147.18,11.32,328.31,0.0
2021-08-02,Kentucky,Gallatin,56.61,5,0,0.0,775,33.0,4.26,8774.91,373.64,8.77,8832,89.81,135.86,33.97,328.31,56.61
2021-08-01,Kentucky,Gallatin,0.0,0,0,0.0,770,33.0,4.29,8718.3,373.64,8.72,8832,89.81,101.89,0.0,271.7,0.0
2021-07-31,Kentucky,Gallatin,0.0,0,0,0.0,770,33.0,4.29,8718.3,373.64,8.72,8832,89.81,101.89,0.0,271.7,0.0
2021-07-30,Kentucky,Gallatin,11.32,1,0,0.0,770,33.0,4.29,8718.3,373.64,8.72,8832,89.81,101.89,11.32,271.7,0.0
2021-07-29,Kentucky,Gallatin,45.29,4,0,0.0,769,33.0,4.29,8706.97,373.64,8.71,8832,89.81,90.57,33.97,271.7,56.61
2021-07-28,Kentucky,Gallatin,11.32,1,0,0.0,765,33.0,4.31,8661.68,373.64,8.66,8832,89.81,56.6,0.0,215.09,11.32
2021-07-27,Kentucky,Gallatin,11.32,1,0,0.0,764,33.0,4.32,8650.36,373.64,8.65,8832,89.81,56.6,11.32,203.77,-11.32
2021-07-26,Kentucky,Gallatin,22.64,2,0,0.0,763,33.0,4.33,8639.04,373.64,8.64,8832,89.81,45.28,0.0,215.09,0.0
2021-07-25,Kentucky,Gallatin,0.0,0,0,0.0,761,33.0,4.34,8616.39,373.64,8.62,8832,89.81,45.28,0.0,215.09,0.0
2021-07-24,Kentucky,Gallatin,0.0,0,0,0.0,761,33.0,4.34,8616.39,373.64,8.62,8832,89.81,45.28,0.0,215.09,0.0
2021-07-23,Kentucky,Gallatin,0.0,0,0,0.0,761,33.0,4.34,8616.39,373.64,8.62,8832,89.81,45.28,-33.97,215.09,-22.64
2021-07-22,Kentucky,Gallatin,11.32,1,0,0.0,761,33.0,4.34,8616.39,373.64,8.62,8832,89.81,79.25,0.0,237.73,0.0
2021-07-21,Kentucky,Gallatin,11.32,1,0,0.0,760,33.0,4.34,8605.07,373.64,8.61,8832,89.81,79.25,11.32,237.73,0.0
2021-07-20,Kentucky,Gallatin,0.0,0,0,0.0,759,33.0,4.35,8593.75,373.64,8.59,8832,89.81,67.93,-22.64,237.73,-22.64
2021-07-19,Kentucky,Gallatin,22.64,2,0,0.0,759,33.0,4.35,8593.75,373.64,8.59,8832,89.81,90.57,11.32,260.37,11.32
2021-07-18,Kentucky,Gallatin,0.0,0,0,0.0,757,33.0,4.36,8571.11,373.64,8.57,8832,89.81,79.25,0.0,249.05,0.0
2021-07-17,Kentucky,Gallatin,0.0,0,0,0.0,757,33.0,4.36,8571.11,373.64,8.57,8832,89.81,79.25,0.0,249.05,0.0
2021-07-16,Kentucky,Gallatin,33.97,3,0,0.0,757,33.0,4.36,8571.11,373.64,8.57,8832,89.81,79.25,22.65,249.05,22.65
2021-07-15,Kentucky,Gallatin,11.32,1,0,0.0,754,33.0,4.38,8537.14,373.64,8.54,8832,89.81,56.6,11.32,226.4,0.0
2021-07-14,Kentucky,Gallatin,0.0,0,0,0.0,753,33.0,4.38,8525.82,373.64,8.53,8832,89.81,45.28,-11.32,226.4,0.0
2021-07-13,Kentucky,Gallatin,22.64,2,0,0.0,753,33.0,4.38,8525.82,373.64,8.53,8832,89.81,56.6,0.0,226.4,-45.29
2021-07-12,Kentucky,Gallatin,11.32,1,0,0.0,751,33.0,4.39,8503.17,373.64,8.5,8832,89.81,56.6,11.32,271.69,11.32
2021-07-11,Kentucky,Gallatin,0.0,0,0,0.0,750,33.0,4.4,8491.85,373.64,8.49,8832,89.81,45.28,0.0,260.37,0.0
2021-07-10,Kentucky,Gallatin,0.0,0,0,0.0,750,33.0,4.4,8491.85,373.64,8.49,8832,89.81,45.28,0.0,260.37,-11.32
2021-07-09,Kentucky,Gallatin,11.32,1,0,0.0,750,33.0,4.4,8491.85,373.64,8.49,8832,89.81,45.28,0.0,271.69,0.0
2021-07-08,Kentucky,Gallatin,0.0,0,0,0.0,749,33.0,4.41,8480.53,373.64,8.48,8832,89.81,45.28,11.32,271.69,-11.32
2021-07-07,Kentucky,Gallatin,11.32,1,0,0.0,749,33.0,4.41,8480.53,373.64,8.48,8832,89.81,33.96,11.32,283.01,11.32
2021-07-06,Kentucky,Gallatin,22.64,2,0,0.0,748,33.0,4.41,8469.2,373.64,8.47,8832,89.81,22.64,0.0,271.69,11.32
2021-07-05,Kentucky,Gallatin,0.0,0,0,0.0,746,33.0,4.42,8446.56,373.64,8.45,8832,89.81,22.64,-22.64,260.37,0.0
2021-07-04,Kentucky,Gallatin,0.0,0,0,0.0,746,33.0,4.42,8446.56,373.64,8.45,8832,89.81,45.28,0.0,260.37,0.0
2021-07-03,Kentucky,Gallatin,0.0,0,0,0.0,746,33.0,4.42,8446.56,373.64,8.45,8832,89.81,45.28,0.0,260.37,0.0
2021-07-02,Kentucky,Gallatin,11.32,1,0,0.0,746,33.0,4.42,8446.56,373.64,8.45,8832,89.81,45.28,-11.32,260.37,0.0
2021-07-01,Kentucky,Gallatin,-11.32,-1,0,0.0,745,33.0,4.43,8435.24,373.64,8.44,8832,89.81,56.6,-22.64,260.37,-22.64
2021-06-30,Kentucky,Gallatin,0.0,0,0,0.0,746,33.0,4.42,8446.56,373.64,8.45,8832,89.81,79.24,-11.32,283.01,-22.64
2021-06-29,Kentucky,Gallatin,22.64,2,0,0.0,746,33.0,4.42,8446.56,373.64,8.45,8832,89.81,90.56,0.0,305.65,22.64
2021-06-28,Kentucky,Gallatin,22.64,2,0,0.0,744,33.0,4.44,8423.91,373.64,8.42,8832,89.81,90.56,11.32,283.01,22.64
2021-06-27,Kentucky,Gallatin,0.0,0,0,0.0,742,33.0,4.45,8401.27,373.64,8.4,8832,89.81,79.24,0.0,260.37,0.0
2021-06-26,Kentucky,Gallatin,0.0,0,0,0.0,742,33.0,4.45,8401.27,373.64,8.4,8832,89.81,79.24,0.0,260.37,0.0
2021-06-25,Kentucky,Gallatin,22.64,2,0,0.0,742,33.0,4.45,8401.27,373.64,8.4,8832,89.81,79.24,11.32,260.37,0.0
2021-06-24,Kentucky,Gallatin,11.32,1,0,0.0,740,33.0,4.46,8378.62,373.64,8.38,8832,89.81,67.92,0.0,260.37,11.32
2021-06-23,Kentucky,Gallatin,11.32,1,0,0.0,739,33.0,4.47,8367.3,373.64,8.37,8832,89.81,67.92,11.32,249.05,-11.32
2021-06-22,Kentucky,Gallatin,22.64,2,0,0.0,738,33.0,4.47,8355.98,373.64,8.36,8832,89.81,56.6,-45.29,260.37,11.32
2021-06-21,Kentucky,Gallatin,11.32,1,0,0.0,736,33.0,4.48,8333.33,373.64,8.33,8832,89.81,101.89,11.32,249.05,11.32
2021-06-20,Kentucky,Gallatin,0.0,0,0,0.0,735,33.0,4.49,8322.01,373.64,8.32,8832,89.81,90.57,0.0,237.73,0.0
2021-06-19,Kentucky,Gallatin,0.0,0,0,0.0,735,33.0,4.49,8322.01,373.64,8.32,8832,89.81,90.57,-11.32,237.73,-22.64
2021-06-18,Kentucky,Gallatin,11.32,1,0,0.0,735,33.0,4.49,8322.01,373.64,8.32,8832,89.81,101.89,0.0,260.37,0.0
2021-06-17,Kentucky,Gallatin,11.32,1,0,0.0,734,33.0,4.5,8310.69,373.64,8.31,8832,89.81,101.89,0.0,260.37,-45.29
2021-06-16,Kentucky,Gallatin,0.0,0,0,0.0,733,33.0,4.5,8299.37,373.64,8.3,8832,89.81,101.89,0.0,305.66,-11.32
2021-06-15,Kentucky,Gallatin,67.93,6,0,0.0,733,33.0,4.5,8299.37,373.64,8.3,8832,89.81,101.89,56.61,316.98,0.0
2021-06-14,Kentucky,Gallatin,0.0,0,0,0.0,727,33.0,4.54,8231.43,373.64,8.23,8832,89.81,45.28,0.0,316.98,0.0
2021-06-13,Kentucky,Gallatin,0.0,0,0,0.0,727,33.0,4.54,8231.43,373.64,8.23,8832,89.81,45.28,0.0,316.98,0.0
2021-06-12,Kentucky,Gallatin,11.32,1,0,0.0,727,33.0,4.54,8231.43,373.64,8.23,8832,89.81,45.28,11.32,316.98,11.32
2021-06-11,Kentucky,Gallatin,11.32,1,2,22.64,726,33.0,4.55,8220.11,373.64,8.22,8832,89.81,33.96,0.0,305.66,0.0
2021-06-10,Kentucky,Gallatin,11.32,1,0,0.0,725,31.0,4.28,8208.79,351.0,8.21,8832,89.81,33.96,0.0,305.66,11.32
2021-06-09,Kentucky,Gallatin,0.0,0,0,0.0,724,31.0,4.28,8197.46,351.0,8.2,8832,89.81,33.96,-22.64,294.34,-22.64
2021-06-08,Kentucky,Gallatin,11.32,1,0,0.0,724,31.0,4.28,8197.46,351.0,8.2,8832,89.81,56.6,11.32,316.98,11.32
2021-06-07,Kentucky,Gallatin,0.0,0,0,0.0,723,31.0,4.29,8186.14,351.0,8.19,8832,89.81,45.28,0.0,305.66,0.0
2021-06-06,Kentucky,Gallatin,0.0,0,0,0.0,723,31.0,4.29,8186.14,351.0,8.19,8832,89.81,45.28,0.0,305.66,0.0
2021-06-05,Kentucky,Gallatin,0.0,0,0,0.0,723,31.0,4.29,8186.14,351.0,8.19,8832,89.81,45.28,0.0,305.66,0.0
2021-06-04,Kentucky,Gallatin,11.32,1,0,0.0,723,31.0,4.29,8186.14,351.0,8.19,8832,89.81,45.28,-11.32,305.66,11.32
2021-06-03,Kentucky,Gallatin,11.32,1,0,0.0,722,31.0,4.29,8174.82,351.0,8.17,8832,89.81,56.6,11.32,294.34,0.0
2021-06-02,Kentucky,Gallatin,22.64,2,0,0.0,721,31.0,4.3,8163.5,351.0,8.16,8832,89.81,45.28,0.0,294.34,11.32
2021-06-01,Kentucky,Gallatin,0.0,0,1,11.32,719,31.0,4.31,8140.85,351.0,8.14,8832,89.81,45.28,-11.32,283.02,-11.32
2021-05-31,Kentucky,Gallatin,0.0,0,0,0.0,719,30.0,4.17,8140.85,339.67,8.14,8832,89.81,56.6,0.0,294.34,-11.32
2021-05-30,Kentucky,Gallatin,0.0,0,0,0.0,719,30.0,4.17,8140.85,339.67,8.14,8832,89.81,56.6,0.0,305.66,0.0
2021-05-29,Kentucky,Gallatin,0.0,0,0,0.0,719,30.0,4.17,8140.85,339.67,8.14,8832,89.81,56.6,-22.64,305.66,11.32
2021-05-28,Kentucky,Gallatin,22.64,2,0,0.0,719,30.0,4.17,8140.85,339.67,8.14,8832,89.81,79.24,11.32,294.34,0.0
2021-05-27,Kentucky,Gallatin,0.0,0,0,0.0,717,30.0,4.18,8118.21,339.67,8.12,8832,89.81,67.92,-56.61,294.34,0.0
2021-05-26,Kentucky,Gallatin,22.64,2,0,0.0,717,30.0,4.18,8118.21,339.67,8.12,8832,89.81,124.53,11.32,294.34,22.64
2021-05-25,Kentucky,Gallatin,11.32,1,0,0.0,715,30.0,4.2,8095.56,339.67,8.1,8832,89.81,113.21,-56.61,271.7,11.32
2021-05-24,Kentucky,Gallatin,0.0,0,0,0.0,714,30.0,4.2,8084.24,339.67,8.08,8832,89.81,169.82,0.0,260.38,0.0
2021-05-23,Kentucky,Gallatin,0.0,0,0,0.0,714,30.0,4.2,8084.24,339.67,8.08,8832,89.81,169.82,0.0,260.38,0.0
2021-05-22,Kentucky,Gallatin,22.64,2,0,0.0,714,30.0,4.2,8084.24,339.67,8.08,8832,89.81,169.82,22.64,260.38,33.96
2021-05-21,Kentucky,Gallatin,11.32,1,0,0.0,712,30.0,4.21,8061.59,339.67,8.06,8832,89.81,147.18,0.0,226.42,11.32
2021-05-20,Kentucky,Gallatin,56.61,5,0,0.0,711,30.0,4.22,8050.27,339.67,8.05,8832,89.81,147.18,56.61,215.1,56.61
2021-05-19,Kentucky,Gallatin,11.32,1,0,0.0,706,30.0,4.25,7993.66,339.67,7.99,8832,89.81,90.57,-11.32,158.49,0.0
2021-05-18,Kentucky,Gallatin,67.93,6,0,0.0,705,30.0,4.26,7982.34,339.67,7.98,8832,89.81,101.89,67.93,158.49,67.93
2021-05-17,Kentucky,Gallatin,0.0,0,0,0.0,699,30.0,4.29,7914.4,339.67,7.91,8832,89.81,33.96,0.0,90.56,0.0
2021-05-16,Kentucky,Gallatin,0.0,0,0,0.0,699,30.0,4.29,7914.4,339.67,7.91,8832,89.81,33.96,0.0,90.56,0.0
2021-05-15,Kentucky,Gallatin,0.0,0,0,0.0,699,30.0,4.29,7914.4,339.67,7.91,8832,89.81,33.96,0.0,90.56,0.0
2021-05-14,Kentucky,Gallatin,11.32,1,0,0.0,699,30.0,4.29,7914.4,339.67,7.91,8832,89.81,33.96,11.32,90.56,11.32
2021-05-13,Kentucky,Gallatin,0.0,0,0,0.0,698,30.0,4.3,7903.08,339.67,7.9,8832,89.81,22.64,-11.32,79.24,-11.32
2021-05-12,Kentucky,Gallatin,22.64,2,0,0.0,698,30.0,4.3,7903.08,339.67,7.9,8832,89.81,33.96,11.32,90.56,11.32
2021-05-11,Kentucky,Gallatin,0.0,0,0,0.0,696,30.0,4.31,7880.43,339.67,7.88,8832,89.81,22.64,-11.32,79.24,-11.32
2021-05-10,Kentucky,Gallatin,0.0,0,2,22.64,696,30.0,4.31,7880.43,339.67,7.88,8832,89.81,33.96,-11.32,90.56,0.0
2021-05-09,Kentucky,Gallatin,0.0,0,0,0.0,696,28.0,4.02,7880.43,317.03,7.88,8832,89.81,45.28,0.0,90.56,-11.32
2021-05-08,Kentucky,Gallatin,0.0,0,0,0.0,696,28.0,4.02,7880.43,317.03,7.88,8832,89.81,45.28,11.32,101.88,-11.32
2021-05-07,Kentucky,Gallatin,0.0,0,0,0.0,696,28.0,4.02,7880.43,317.03,7.88,8832,89.81,33.96,-22.64,113.2,0.0
2021-05-06,Kentucky,Gallatin,11.32,1,0,0.0,696,28.0,4.02,7880.43,317.03,7.88,8832,89.81,56.6,11.32,113.2,-11.32
2021-05-05,Kentucky,Gallatin,11.32,1,0,0.0,695,28.0,4.03,7869.11,317.03,7.87,8832,89.81,45.28,11.32,124.52,11.32
2021-05-04,Kentucky,Gallatin,11.32,1,0,0.0,694,28.0,4.03,7857.79,317.03,7.86,8832,89.81,33.96,11.32,113.2,11.32
2021-05-03,Kentucky,Gallatin,11.32,1,0,0.0,693,28.0,4.04,7846.47,317.03,7.85,8832,89.81,22.64,11.32,101.88,22.64
2021-05-02,Kentucky,Gallatin,0.0,0,0,0.0,692,28.0,4.05,7835.14,317.03,7.84,8832,89.81,11.32,0.0,79.24,0.0
2021-05-01,Kentucky,Gallatin,-11.32,-1,0,0.0,692,28.0,4.05,7835.14,317.03,7.84,8832,89.81,11.32,0.0,79.24,-22.64
2021-04-30,Kentucky,Gallatin,22.64,2,0,0.0,693,28.0,4.04,7846.47,317.03,7.85,8832,89.81,11.32,22.64,101.88,22.64
2021-04-29,Kentucky,Gallatin,0.0,0,0,0.0,691,28.0,4.05,7823.82,317.03,7.82,8832,89.81,-11.32,0.0,79.24,-11.32
2021-04-28,Kentucky,Gallatin,0.0,0,0,0.0,691,28.0,4.05,7823.82,317.03,7.82,8832,89.81,-11.32,-11.32,90.56,-33.97
2021-04-27,Kentucky,Gallatin,0.0,0,0,0.0,691,28.0,4.05,7823.82,317.03,7.82,8832,89.81,0.0,0.0,124.53,-45.29
2021-04-26,Kentucky,Gallatin,0.0,0,0,0.0,691,28.0,4.05,7823.82,317.03,7.82,8832,89.81,0.0,0.0,169.82,0.0
2021-04-25,Kentucky,Gallatin,0.0,0,0,0.0,691,28.0,4.05,7823.82,317.03,7.82,8832,89.81,0.0,0.0,169.82,0.0
2021-04-24,Kentucky,Gallatin,-11.32,-1,0,0.0,691,28.0,4.05,7823.82,317.03,7.82,8832,89.81,0.0,-11.32,169.82,11.32
2021-04-23,Kentucky,Gallatin,0.0,0,1,11.32,692,28.0,4.05,7835.14,317.03,7.84,8832,89.81,11.32,0.0,158.5,-11.32
2021-04-22,Kentucky,Gallatin,0.0,0,0,0.0,692,27.0,3.9,7835.14,305.71,7.84,8832,89.81,11.32,-11.32,169.82,-11.32
2021-04-21,Kentucky,Gallatin,11.32,1,0,0.0,692,27.0,3.9,7835.14,305.71,7.84,8832,89.81,22.64,0.0,181.14,11.32
2021-04-20,Kentucky,Gallatin,0.0,0,0,0.0,691,27.0,3.91,7823.82,305.71,7.82,8832,89.81,22.64,-11.32,169.82,-11.32
2021-04-19,Kentucky,Gallatin,0.0,0,0,0.0,691,27.0,3.91,7823.82,305.71,7.82,8832,89.81,33.96,0.0,181.14,0.0
2021-04-18,Kentucky,Gallatin,0.0,0,0,0.0,691,27.0,3.91,7823.82,305.71,7.82,8832,89.81,33.96,-11.32,181.14,0.0
2021-04-17,Kentucky,Gallatin,0.0,0,0,0.0,691,27.0,3.91,7823.82,305.71,7.82,8832,89.81,45.28,-11.32,181.14,-33.97
2021-04-16,Kentucky,Gallatin,0.0,0,0,0.0,691,27.0,3.91,7823.82,305.71,7.82,8832,89.81,56.6,0.0,215.11,0.0
2021-04-15,Kentucky,Gallatin,11.32,1,0,0.0,691,27.0,3.91,7823.82,305.71,7.82,8832,89.81,56.6,-11.32,215.11,11.32
2021-04-14,Kentucky,Gallatin,11.32,1,1,11.32,690,27.0,3.91,7812.5,305.71,7.81,8832,89.81,67.92,11.32,203.79,-11.32
2021-04-13,Kentucky,Gallatin,11.32,1,0,0.0,689,26.0,3.77,7801.18,294.38,7.8,8832,89.81,56.6,11.32,215.11,11.32
2021-04-12,Kentucky,Gallatin,0.0,0,0,0.0,688,26.0,3.78,7789.86,294.38,7.79,8832,89.81,45.28,11.32,203.79,0.0
2021-04-11,Kentucky,Gallatin,11.32,1,0,0.0,688,26.0,3.78,7789.86,294.38,7.79,8832,89.81,33.96,11.32,203.79,11.32
2021-04-10,Kentucky,Gallatin,11.32,1,1,11.32,687,26.0,3.78,7778.53,294.38,7.78,8832,89.81,22.64,0.0,192.47,0.0
2021-04-09,Kentucky,Gallatin,0.0,0,0,0.0,686,25.0,3.64,7767.21,283.06,7.77,8832,89.81,22.64,0.0,192.47,-79.26
2021-04-08,Kentucky,Gallatin,22.64,2,0,0.0,686,25.0,3.64,7767.21,283.06,7.77,8832,89.81,22.64,11.32,271.73,0.0
2021-04-07,Kentucky,Gallatin,0.0,0,0,0.0,684,25.0,3.65,7744.57,283.06,7.74,8832,89.81,11.32,-33.97,271.73,11.32
2021-04-06,Kentucky,Gallatin,0.0,0,0,0.0,684,25.0,3.65,7744.57,283.06,7.74,8832,89.81,45.29,-45.29,260.41,-22.64
2021-04-05,Kentucky,Gallatin,-11.32,-1,0,0.0,684,25.0,3.65,7744.57,283.06,7.74,8832,89.81,90.58,-11.32,283.05,-11.32
2021-04-04,Kentucky,Gallatin,0.0,0,0,0.0,685,25.0,3.65,7755.89,283.06,7.76,8832,89.81,101.9,0.0,294.37,0.0
2021-04-03,Kentucky,Gallatin,11.32,1,0,0.0,685,25.0,3.65,7755.89,283.06,7.76,8832,89.81,101.9,33.96,294.37,-22.65
2021-04-02,Kentucky,Gallatin,0.0,0,0,0.0,684,25.0,3.65,7744.57,283.06,7.74,8832,89.81,67.94,-11.32,317.02,-56.61
2021-04-01,Kentucky,Gallatin,11.32,1,0,0.0,684,25.0,3.65,7744.57,283.06,7.74,8832,89.81,79.26,0.0,373.63,11.32
2021-03-31,Kentucky,Gallatin,33.97,3,0,0.0,683,25.0,3.66,7733.24,283.06,7.73,8832,89.81,79.26,33.97,362.31,22.65
2021-03-30,Kentucky,Gallatin,45.29,4,0,0.0,680,25.0,3.68,7699.28,283.06,7.7,8832,89.81,45.29,33.97,339.66,11.32
2021-03-29,Kentucky,Gallatin,0.0,0,0,0.0,676,25.0,3.7,7653.99,283.06,7.65,8832,89.81,11.32,0.0,328.34,11.32
2021-03-28,Kentucky,Gallatin,0.0,0,0,0.0,676,25.0,3.7,7653.99,283.06,7.65,8832,89.81,11.32,0.0,317.02,0.0
2021-03-27,Kentucky,Gallatin,-22.64,-2,0,0.0,676,25.0,3.7,7653.99,283.06,7.65,8832,89.81,11.32,-56.61,317.02,-11.32
2021-03-26,Kentucky,Gallatin,11.32,1,0,0.0,678,25.0,3.69,7676.63,283.06,7.68,8832,89.81,67.93,11.32,328.34,0.0
2021-03-25,Kentucky,Gallatin,11.32,1,2,22.64,677,25.0,3.69,7665.31,283.06,7.67,8832,89.81,56.61,11.32,328.34,0.0
2021-03-24,Kentucky,Gallatin,0.0,0,0,0.0,676,23.0,3.4,7653.99,260.42,7.65,8832,89.81,45.29,-22.64,328.34,-11.32
2021-03-23,Kentucky,Gallatin,11.32,1,0,0.0,676,23.0,3.4,7653.99,260.42,7.65,8832,89.81,67.93,11.32,339.66,-11.32
2021-03-22,Kentucky,Gallatin,0.0,0,0,0.0,675,23.0,3.41,7642.66,260.42,7.64,8832,89.81,56.61,0.0,350.98,11.32
2021-03-21,Kentucky,Gallatin,0.0,0,0,0.0,675,23.0,3.41,7642.66,260.42,7.64,8832,89.81,56.61,0.0,339.66,0.0
2021-03-20,Kentucky,Gallatin,33.97,3,0,0.0,675,23.0,3.41,7642.66,260.42,7.64,8832,89.81,56.61,22.65,339.66,0.0
2021-03-19,Kentucky,Gallatin,0.0,0,1,11.32,672,23.0,3.42,7608.7,260.42,7.61,8832,89.81,33.96,-79.26,339.66,-56.61
2021-03-18,Kentucky,Gallatin,0.0,0,1,11.32,672,22.0,3.27,7608.7,249.09,7.61,8832,89.81,113.22,-22.64,396.27,11.32
2021-03-17,Kentucky,Gallatin,22.64,2,0,0.0,672,21.0,3.12,7608.7,237.77,7.61,8832,89.81,135.86,33.96,384.95,11.32
2021-03-16,Kentucky,Gallatin,0.0,0,1,11.32,670,21.0,3.13,7586.05,237.77,7.59,8832,89.81,101.9,-22.64,373.63,-79.26
2021-03-15,Kentucky,Gallatin,0.0,0,0,0.0,670,20.0,2.99,7586.05,226.45,7.59,8832,89.81,124.54,0.0,452.89,-11.32
2021-03-14,Kentucky,Gallatin,0.0,0,0,0.0,670,20.0,2.99,7586.05,226.45,7.59,8832,89.81,124.54,0.0,464.21,-45.29
2021-03-13,Kentucky,Gallatin,11.32,1,0,0.0,670,20.0,2.99,7586.05,226.45,7.59,8832,89.81,124.54,-22.65,509.5,-33.97
2021-03-12,Kentucky,Gallatin,79.26,7,0,0.0,669,20.0,2.99,7574.73,226.45,7.57,8832,89.81,147.19,22.65,543.47,22.65
2021-03-11,Kentucky,Gallatin,22.64,2,0,0.0,662,20.0,3.02,7495.47,226.45,7.5,8832,89.81,124.54,22.64,520.82,-11.33
2021-03-10,Kentucky,Gallatin,-11.32,-1,0,0.0,660,20.0,3.03,7472.83,226.45,7.47,8832,89.81,101.9,-22.64,532.15,-79.25
2021-03-09,Kentucky,Gallatin,22.64,2,0,0.0,661,20.0,3.03,7484.15,226.45,7.48,8832,89.81,124.54,-11.33,611.4,-79.26
2021-03-08,Kentucky,Gallatin,0.0,0,0,0.0,659,20.0,3.03,7461.5,226.45,7.46,8832,89.81,135.87,11.32,690.66,0.0
2021-03-07,Kentucky,Gallatin,0.0,0,0,0.0,659,20.0,3.03,7461.5,226.45,7.46,8832,89.81,124.55,0.0,690.66,0.0
2021-03-06,Kentucky,Gallatin,33.97,3,1,11.32,659,20.0,3.03,7461.5,226.45,7.46,8832,89.81,124.55,45.29,690.66,0.0
2021-03-05,Kentucky,Gallatin,56.61,5,0,0.0,656,19.0,2.9,7427.54,215.13,7.43,8832,89.81,79.26,45.29,690.66,11.32
2021-03-04,Kentucky,Gallatin,0.0,0,0,0.0,651,19.0,2.92,7370.92,215.13,7.37,8832,89.81,33.97,-11.32,679.34,-11.32
2021-03-03,Kentucky,Gallatin,11.32,1,0,0.0,651,19.0,2.92,7370.92,215.13,7.37,8832,89.81,45.29,0.0,690.66,-45.29
2021-03-02,Kentucky,Gallatin,33.97,3,0,0.0,650,19.0,2.92,7359.6,215.13,7.36,8832,89.81,45.29,11.33,735.95,-101.9
2021-03-01,Kentucky,Gallatin,-11.32,-1,0,0.0,647,19.0,2.94,7325.63,215.13,7.33,8832,89.81,33.96,0.0,837.85,-22.64
2021-02-28,Kentucky,Gallatin,0.0,0,0,0.0,648,19.0,2.93,7336.96,215.13,7.34,8832,89.81,33.96,0.0,860.49,-33.97
2021-02-27,Kentucky,Gallatin,-11.32,-1,0,0.0,648,19.0,2.93,7336.96,215.13,7.34,8832,89.81,33.96,-45.29,894.46,-33.96
2021-02-26,Kentucky,Gallatin,11.32,1,0,0.0,649,19.0,2.93,7348.28,215.13,7.35,8832,89.81,79.25,-45.29,928.42,0.0
2021-02-25,Kentucky,Gallatin,11.32,1,0,0.0,648,19.0,2.93,7336.96,215.13,7.34,8832,89.81,124.54,22.64,928.42,-45.29
2021-02-24,Kentucky,Gallatin,11.32,1,0,0.0,647,19.0,2.94,7325.63,215.13,7.33,8832,89.81,101.9,0.0,973.71,0.0
2021-02-23,Kentucky,Gallatin,22.64,2,0,0.0,646,19.0,2.94,7314.31,215.13,7.31,8832,89.81,101.9,-56.62,973.71,-45.29
2021-02-22,Kentucky,Gallatin,-11.32,-1,0,0.0,644,19.0,2.95,7291.67,215.13,7.29,8832,89.81,158.52,-22.64,1019.0,-11.32
2021-02-21,Kentucky,Gallatin,0.0,0,0,0.0,645,19.0,2.95,7302.99,215.13,7.3,8832,89.81,181.16,-45.29,1030.32,0.0
2021-02-20,Kentucky,Gallatin,33.97,3,0,0.0,645,19.0,2.95,7302.99,215.13,7.3,8832,89.81,226.45,-11.32,1030.32,-45.29
2021-02-19,Kentucky,Gallatin,56.61,5,0,0.0,642,19.0,2.96,7269.02,215.13,7.27,8832,89.81,237.77,0.0,1075.61,22.64
2021-02-18,Kentucky,Gallatin,-11.32,-1,0,0.0,637,19.0,2.98,7212.41,215.13,7.21,8832,89.81,237.77,-45.29,1052.97,-113.22
2021-02-17,Kentucky,Gallatin,11.32,1,0,0.0,638,19.0,2.98,7223.73,215.13,7.22,8832,89.81,283.06,-56.61,1166.19,-56.61
2021-02-16,Kentucky,Gallatin,79.26,7,0,0.0,637,19.0,2.98,7212.41,215.13,7.21,8832,89.81,339.67,-22.64,1222.8,90.58
2021-02-15,Kentucky,Gallatin,11.32,1,0,0.0,630,19.0,3.02,7133.15,215.13,7.13,8832,89.81,362.31,11.32,1132.22,-67.94
2021-02-14,Kentucky,Gallatin,45.29,4,0,0.0,629,19.0,3.02,7121.83,215.13,7.12,8832,89.81,350.99,45.29,1200.16,-22.64
2021-02-13,Kentucky,Gallatin,45.29,4,0,0.0,625,19.0,3.04,7076.54,215.13,7.08,8832,89.81,305.7,11.32,1222.8,-56.61
2021-02-12,Kentucky,Gallatin,56.61,5,0,0.0,621,19.0,3.06,7031.25,215.13,7.03,8832,89.81,294.38,11.32,1279.41,-45.29
2021-02-11,Kentucky,Gallatin,33.97,3,0,0.0,616,19.0,3.08,6974.64,215.13,6.97,8832,89.81,283.06,22.65,1324.7,-22.64
2021-02-10,Kentucky,Gallatin,67.93,6,0,0.0,613,19.0,3.1,6940.67,215.13,6.94,8832,89.81,260.41,11.32,1347.34,-11.33
2021-02-09,Kentucky,Gallatin,101.9,9,0,0.0,607,19.0,3.13,6872.74,215.13,6.87,8832,89.81,249.09,-33.97,1358.67,11.32
2021-02-08,Kentucky,Gallatin,0.0,0,0,0.0,598,19.0,3.18,6770.83,215.13,6.77,8832,89.81,283.06,-11.32,1347.35,-22.64
2021-02-07,Kentucky,Gallatin,0.0,0,0,0.0,598,19.0,3.18,6770.83,215.13,6.77,8832,89.81,294.38,-33.97,1369.99,-22.64
2021-02-06,Kentucky,Gallatin,33.97,3,0,0.0,598,19.0,3.18,6770.83,215.13,6.77,8832,89.81,328.35,11.33,1392.63,-56.61
2021-02-05,Kentucky,Gallatin,45.29,4,0,0.0,595,19.0,3.19,6736.87,215.13,6.74,8832,89.81,317.02,33.97,1449.24,-56.61
2021-02-04,Kentucky,Gallatin,11.32,1,1,11.32,591,19.0,3.21,6691.58,215.13,6.69,8832,89.81,283.05,-45.29,1505.85,-67.94
2021-02-03,Kentucky,Gallatin,56.61,5,2,22.64,590,18.0,3.05,6680.25,203.8,6.68,8832,89.81,328.34,45.29,1573.79,-45.29
2021-02-02,Kentucky,Gallatin,135.87,12,0,0.0,585,16.0,2.74,6623.64,181.16,6.62,8832,89.81,283.05,67.94,1619.08,124.55
2021-02-01,Kentucky,Gallatin,11.32,1,0,0.0,573,16.0,2.79,6487.77,181.16,6.49,8832,89.81,215.11,11.32,1494.53,-45.29
2021-01-31,Kentucky,Gallatin,33.97,3,0,0.0,572,16.0,2.8,6476.45,181.16,6.48,8832,89.81,203.79,33.97,1539.82,22.65
2021-01-30,Kentucky,Gallatin,22.64,2,0,0.0,569,16.0,2.81,6442.48,181.16,6.44,8832,89.81,169.82,-56.62,1517.17,-79.26
2021-01-29,Kentucky,Gallatin,11.32,1,0,0.0,567,16.0,2.82,6419.84,181.16,6.42,8832,89.81,226.44,-22.65,1596.43,11.32
2021-01-28,Kentucky,Gallatin,56.61,5,0,0.0,566,16.0,2.83,6408.51,181.16,6.41,8832,89.81,249.09,-45.29,1585.11,56.61
2021-01-27,Kentucky,Gallatin,11.32,1,0,0.0,561,16.0,2.85,6351.9,181.16,6.35,8832,89.81,294.38,-56.61,1528.5,-22.65
2021-01-26,Kentucky,Gallatin,67.93,6,0,0.0,560,16.0,2.86,6340.58,181.16,6.34,8832,89.81,350.99,79.25,1551.15,-11.33
2021-01-25,Kentucky,Gallatin,0.0,0,0,0.0,554,16.0,2.89,6272.64,181.16,6.27,8832,89.81,271.74,-79.26,1562.48,11.32
2021-01-24,Kentucky,Gallatin,0.0,0,0,0.0,554,16.0,2.89,6272.64,181.16,6.27,8832,89.81,351.0,-67.93,1551.16,11.32
2021-01-23,Kentucky,Gallatin,79.26,7,0,0.0,554,16.0,2.89,6272.64,181.16,6.27,8832,89.81,418.93,-22.64,1539.84,-33.96
2021-01-22,Kentucky,Gallatin,33.97,3,0,0.0,547,16.0,2.93,6193.39,181.16,6.19,8832,89.81,441.57,-67.93,1573.8,33.97
2021-01-21,Kentucky,Gallatin,101.9,9,2,22.64,544,16.0,2.94,6159.42,181.16,6.16,8832,89.81,509.5,45.29,1539.83,101.9
2021-01-20,Kentucky,Gallatin,67.93,6,1,11.32,535,14.0,2.62,6057.52,158.51,6.06,8832,89.81,464.21,-11.33,1437.93,203.8
2021-01-19,Kentucky,Gallatin,-11.32,-1,0,0.0,529,13.0,2.46,5989.58,147.19,5.99,8832,89.81,475.54,-101.9,1234.13,-67.93
2021-01-18,Kentucky,Gallatin,79.26,7,0,0.0,530,13.0,2.45,6000.91,147.19,6.0,8832,89.81,577.44,56.62,1302.06,56.62
2021-01-17,Kentucky,Gallatin,67.93,6,0,0.0,523,13.0,2.49,5921.65,147.19,5.92,8832,89.81,520.82,45.29,1245.44,11.32
2021-01-16,Kentucky,Gallatin,101.9,9,1,11.32,517,13.0,2.51,5853.71,147.19,5.85,8832,89.81,475.53,11.32,1234.12,90.58
2021-01-15,Kentucky,Gallatin,101.9,9,0,0.0,508,12.0,2.36,5751.81,135.87,5.75,8832,89.81,464.21,0.0,1143.54,45.29
2021-01-14,Kentucky,Gallatin,56.61,5,1,11.32,499,12.0,2.4,5649.91,135.87,5.65,8832,89.81,464.21,-22.65,1098.25,22.64
2021-01-13,Kentucky,Gallatin,79.26,7,0,0.0,494,11.0,2.23,5593.3,124.55,5.59,8832,89.81,486.86,-22.64,1075.61,-67.93
2021-01-12,Kentucky,Gallatin,90.58,8,0,0.0,487,11.0,2.26,5514.04,124.55,5.51,8832,89.81,509.5,79.26,1143.54,67.94
2021-01-11,Kentucky,Gallatin,22.64,2,0,0.0,479,11.0,2.3,5423.46,124.55,5.42,8832,89.81,430.24,-33.97,1075.6,33.96
2021-01-10,Kentucky,Gallatin,22.64,2,0,0.0,477,11.0,2.31,5400.82,124.55,5.4,8832,89.81,464.21,11.32,1041.64,-33.97
2021-01-09,Kentucky,Gallatin,90.58,8,0,0.0,475,11.0,2.32,5378.17,124.55,5.38,8832,89.81,452.89,-11.32,1075.61,0.0
2021-01-08,Kentucky,Gallatin,101.9,9,0,0.0,467,11.0,2.36,5287.59,124.55,5.29,8832,89.81,464.21,101.9,1075.61,-67.94
2021-01-07,Kentucky,Gallatin,79.26,7,0,0.0,458,11.0,2.4,5185.69,124.55,5.19,8832,89.81,362.31,79.26,1143.55,-283.06
2021-01-06,Kentucky,Gallatin,101.9,9,0,0.0,451,11.0,2.44,5106.43,124.55,5.11,8832,89.81,283.05,67.93,1426.61,-67.94
2021-01-05,Kentucky,Gallatin,11.32,1,0,0.0,442,11.0,2.49,5004.53,124.55,5.0,8832,89.81,215.12,-67.94,1494.55,-67.94
2021-01-04,Kentucky,Gallatin,56.61,5,1,11.32,441,11.0,2.49,4993.21,124.55,4.99,8832,89.81,283.06,67.93,1562.49,33.97
2021-01-03,Kentucky,Gallatin,11.32,1,0,0.0,436,10.0,2.29,4936.59,113.22,4.94,8832,89.81,215.13,22.64,1528.52,-45.29
2021-01-02,Kentucky,Gallatin,101.9,9,1,11.32,435,10.0,2.3,4925.27,113.22,4.93,8832,89.81,192.49,-11.32,1573.81,-101.9
2021-01-01,Kentucky,Gallatin,0.0,0,0,0.0,426,9.0,2.11,4823.37,101.9,4.82,8832,89.81,203.81,0.0,1675.71,-56.61
2020-12-31,Kentucky,Gallatin,0.0,0,0,0.0,426,9.0,2.11,4823.37,101.9,4.82,8832,89.81,203.81,0.0,1732.32,-45.29
2020-12-30,Kentucky,Gallatin,33.97,3,0,0.0,426,9.0,2.11,4823.37,101.9,4.82,8832,89.81,203.81,169.84,1777.61,-215.12
2020-12-29,Kentucky,Gallatin,79.26,7,0,0.0,423,9.0,2.13,4789.4,101.9,4.79,8832,89.81,33.97,22.65,1992.73,-33.96
2020-12-28,Kentucky,Gallatin,-11.32,-1,0,0.0,416,9.0,2.16,4710.14,101.9,4.71,8832,89.81,11.32,-33.96,2026.69,-56.61
2020-12-27,Kentucky,Gallatin,-11.32,-1,0,0.0,417,9.0,2.16,4721.47,101.9,4.72,8832,89.81,45.28,-67.93,2083.3,-101.9
2020-12-26,Kentucky,Gallatin,113.22,10,0,0.0,418,9.0,2.15,4732.79,101.9,4.73,8832,89.81,113.21,101.9,2185.2,101.9
2020-12-25,Kentucky,Gallatin,0.0,0,0,0.0,408,9.0,2.21,4619.57,101.9,4.62,8832,89.81,11.31,-56.61,2083.3,-271.74
2020-12-24,Kentucky,Gallatin,0.0,0,0,0.0,408,9.0,2.21,4619.57,101.9,4.62,8832,89.81,67.92,-33.97,2355.04,0.0
2020-12-23,Kentucky,Gallatin,-135.87,-12,0,0.0,408,9.0,2.21,4619.57,101.9,4.62,8832,89.81,101.89,-283.06,2355.04,-203.8
2020-12-22,Kentucky,Gallatin,56.61,5,0,0.0,420,9.0,2.14,4755.43,101.9,4.76,8832,89.81,384.95,33.97,2558.84,-22.65
2020-12-21,Kentucky,Gallatin,22.64,2,0,0.0,415,9.0,2.17,4698.82,101.9,4.7,8832,89.81,350.98,33.96,2581.49,22.64
2020-12-20,Kentucky,Gallatin,56.61,5,0,0.0,413,9.0,2.18,4676.18,101.9,4.68,8832,89.81,317.02,0.0,2558.85,-11.32
2020-12-19,Kentucky,Gallatin,11.32,1,0,0.0,408,9.0,2.21,4619.57,101.9,4.62,8832,89.81,317.02,-79.26,2570.17,-22.65
2020-12-18,Kentucky,Gallatin,56.61,5,0,0.0,407,9.0,2.21,4608.24,101.9,4.61,8832,89.81,396.28,-113.23,2592.82,0.0
2020-12-17,Kentucky,Gallatin,33.97,3,0,0.0,402,9.0,2.24,4551.63,101.9,4.55,8832,89.81,509.51,-328.35,2592.82,33.97
2020-12-16,Kentucky,Gallatin,147.19,13,0,0.0,399,9.0,2.26,4517.66,101.9,4.52,8832,89.81,837.86,-22.65,2558.85,135.87
2020-12-15,Kentucky,Gallatin,22.64,2,0,0.0,386,9.0,2.33,4370.47,101.9,4.37,8832,89.81,860.51,-56.62,2422.98,-67.94
2020-12-14,Kentucky,Gallatin,-11.32,-1,0,0.0,384,9.0,2.34,4347.83,101.9,4.35,8832,89.81,917.13,-33.96,2490.92,-45.29
2020-12-13,Kentucky,Gallatin,56.61,5,0,0.0,385,9.0,2.34,4359.15,101.9,4.36,8832,89.81,951.09,0.0,2536.21,33.97
2020-12-12,Kentucky,Gallatin,90.58,8,0,0.0,380,9.0,2.37,4302.54,101.9,4.3,8832,89.81,951.09,-113.22,2502.24,67.94
2020-12-11,Kentucky,Gallatin,169.84,15,0,0.0,372,9.0,2.42,4211.96,101.9,4.21,8832,89.81,1064.31,113.23,2434.3,135.87
2020-12-10,Kentucky,Gallatin,362.32,32,0,0.0,357,9.0,2.52,4042.12,101.9,4.04,8832,89.81,951.08,317.03,2298.43,317.03
2020-12-09,Kentucky,Gallatin,169.84,15,0,0.0,325,9.0,2.77,3679.8,101.9,3.68,8832,89.81,634.05,-79.25,1981.4,147.2
2020-12-08,Kentucky,Gallatin,79.26,7,0,0.0,310,9.0,2.9,3509.96,101.9,3.51,8832,89.81,713.3,-33.96,1834.2,56.62
2020-12-07,Kentucky,Gallatin,22.64,2,0,0.0,303,9.0,2.97,3430.71,101.9,3.43,8832,89.81,747.26,-22.65,1777.58,-22.65
2020-12-06,Kentucky,Gallatin,56.61,5,0,0.0,301,9.0,2.99,3408.06,101.9,3.41,8832,89.81,769.91,-33.97,1800.23,45.29
2020-12-05,Kentucky,Gallatin,203.8,18,0,0.0,296,9.0,3.04,3351.45,101.9,3.35,8832,89.81,803.88,192.48,1754.94,158.51
2020-12-04,Kentucky,Gallatin,56.61,5,0,0.0,278,9.0,3.24,3147.64,101.9,3.15,8832,89.81,611.4,-215.13,1596.43,56.61
2020-12-03,Kentucky,Gallatin,45.29,4,0,0.0,273,9.0,3.3,3091.03,101.9,3.09,8832,89.81,826.53,45.29,1539.82,11.32
2020-12-02,Kentucky,Gallatin,249.09,22,0,0.0,269,9.0,3.35,3045.74,101.9,3.05,8832,89.81,781.24,181.16,1528.5,237.77
2020-12-01,Kentucky,Gallatin,113.22,10,0,0.0,247,9.0,3.64,2796.65,101.9,2.8,8832,89.81,600.08,33.96,1290.73,101.9
2020-11-30,Kentucky,Gallatin,45.29,4,0,0.0,237,9.0,3.8,2683.42,101.9,2.68,8832,89.81,566.12,45.29,1188.83,33.97
2020-11-29,Kentucky,Gallatin,90.58,8,0,0.0,233,9.0,3.86,2638.13,101.9,2.64,8832,89.81,520.83,22.65,1154.86,90.58
2020-11-28,Kentucky,Gallatin,11.32,1,0,0.0,225,9.0,4.0,2547.55,101.9,2.55,8832,89.81,498.18,-22.65,1064.28,-22.65
2020-11-27,Kentucky,Gallatin,271.74,24,0,0.0,224,9.0,4.02,2536.23,101.9,2.54,8832,89.81,520.83,215.13,1086.93,271.74
2020-11-26,Kentucky,Gallatin,0.0,0,0,0.0,200,9.0,4.5,2264.49,101.9,2.26,8832,89.81,305.7,0.0,815.19,-11.32
2020-11-25,Kentucky,Gallatin,67.93,6,0,0.0,200,9.0,4.5,2264.49,101.9,2.26,8832,89.81,305.7,56.61,826.51,56.61
2020-11-24,Kentucky,Gallatin,79.26,7,0,0.0,194,9.0,4.64,2196.56,101.9,2.2,8832,89.81,249.09,-11.32,769.9,79.26
2020-11-23,Kentucky,Gallatin,0.0,0,0,0.0,187,9.0,4.81,2117.3,101.9,2.12,8832,89.81,260.41,-33.97,690.64,0.0
2020-11-22,Kentucky,Gallatin,67.93,6,0,0.0,187,9.0,4.81,2117.3,101.9,2.12,8832,89.81,294.38,45.29,690.64,67.93
2020-11-21,Kentucky,Gallatin,33.97,3,0,0.0,181,9.0,4.97,2049.37,101.9,2.05,8832,89.81,249.09,11.33,622.71,0.0
2020-11-20,Kentucky,Gallatin,56.61,5,0,0.0,178,9.0,5.06,2015.4,101.9,2.02,8832,89.81,237.76,22.64,622.71,33.97
2020-11-19,Kentucky,Gallatin,0.0,0,1,11.32,173,9.0,5.2,1958.79,101.9,1.96,8832,89.81,215.12,-45.29,588.74,0.0
2020-11-18,Kentucky,Gallatin,11.32,1,0,0.0,173,8.0,4.62,1958.79,90.58,1.96,8832,89.81,260.41,-11.32,588.74,-33.97
2020-11-17,Kentucky,Gallatin,90.58,8,0,0.0,172,8.0,4.65,1947.46,90.58,1.95,8832,89.81,271.73,67.94,622.71,45.29
2020-11-16,Kentucky,Gallatin,33.97,3,0,0.0,164,8.0,4.88,1856.88,90.58,1.86,8832,89.81,203.79,-11.32,577.42,33.97
2020-11-15,Kentucky,Gallatin,22.64,2,0,0.0,161,8.0,4.97,1822.92,90.58,1.82,8832,89.81,215.11,11.32,543.45,22.64
2020-11-14,Kentucky,Gallatin,22.64,2,0,0.0,159,8.0,5.03,1800.27,90.58,1.8,8832,89.81,203.79,-22.65,520.81,22.64
2020-11-13,Kentucky,Gallatin,33.97,3,0,0.0,157,8.0,5.1,1777.63,90.58,1.78,8832,89.81,226.44,33.97,498.17,0.0
2020-11-12,Kentucky,Gallatin,45.29,4,0,0.0,154,8.0,5.19,1743.66,90.58,1.74,8832,89.81,192.47,11.32,498.17,45.29
2020-11-11,Kentucky,Gallatin,22.64,2,0,0.0,150,8.0,5.33,1698.37,90.58,1.7,8832,89.81,181.15,11.32,452.88,22.64
2020-11-10,Kentucky,Gallatin,22.64,2,0,0.0,148,8.0,5.41,1675.72,90.58,1.68,8832,89.81,169.83,11.32,430.24,-11.33
2020-11-09,Kentucky,Gallatin,45.29,4,0,0.0,146,8.0,5.48,1653.08,90.58,1.65,8832,89.81,158.51,33.97,441.57,45.29
2020-11-08,Kentucky,Gallatin,11.32,1,0,0.0,142,8.0,5.63,1607.79,90.58,1.61,8832,89.81,124.54,11.32,396.28,0.0
2020-11-07,Kentucky,Gallatin,45.29,4,0,0.0,141,8.0,5.67,1596.47,90.58,1.6,8832,89.81,113.22,11.32,396.28,-11.32
2020-11-06,Kentucky,Gallatin,0.0,0,0,0.0,137,8.0,5.84,1551.18,90.58,1.55,8832,89.81,101.9,0.0,407.6,0.0
2020-11-05,Kentucky,Gallatin,33.97,3,0,0.0,137,8.0,5.84,1551.18,90.58,1.55,8832,89.81,101.9,22.65,407.6,33.97
2020-11-04,Kentucky,Gallatin,11.32,1,0,0.0,134,8.0,5.97,1517.21,90.58,1.52,8832,89.81,79.25,0.0,373.63,11.32
2020-11-03,Kentucky,Gallatin,11.32,1,0,0.0,133,8.0,6.02,1505.89,90.58,1.51,8832,89.81,79.25,11.32,362.31,11.32
2020-11-02,Kentucky,Gallatin,11.32,1,0,0.0,132,8.0,6.06,1494.57,90.58,1.49,8832,89.81,67.93,11.32,350.99,0.0
2020-11-01,Kentucky,Gallatin,0.0,0,0,0.0,131,8.0,6.11,1483.24,90.58,1.48,8832,89.81,56.61,0.0,350.99,0.0
2020-10-31,Kentucky,Gallatin,33.97,3,0,0.0,131,8.0,6.11,1483.24,90.58,1.48,8832,89.81,56.61,0.0,350.99,33.97
2020-10-30,Kentucky,Gallatin,0.0,0,0,0.0,128,8.0,6.25,1449.28,90.58,1.45,8832,89.81,56.61,-22.64,317.02,-11.32
2020-10-29,Kentucky,Gallatin,11.32,1,0,0.0,128,8.0,6.25,1449.28,90.58,1.45,8832,89.81,79.25,11.32,328.34,11.32
2020-10-28,Kentucky,Gallatin,11.32,1,0,0.0,127,8.0,6.3,1437.95,90.58,1.44,8832,89.81,67.93,-33.97,317.02,11.32
2020-10-27,Kentucky,Gallatin,0.0,0,0,0.0,126,8.0,6.35,1426.63,90.58,1.43,8832,89.81,101.9,-45.29,305.7,0.0
2020-10-26,Kentucky,Gallatin,0.0,0,0,0.0,126,8.0,6.35,1426.63,90.58,1.43,8832,89.81,147.19,0.0,305.7,0.0
2020-10-25,Kentucky,Gallatin,0.0,0,0,0.0,126,8.0,6.35,1426.63,90.58,1.43,8832,89.81,147.19,0.0,305.7,0.0
2020-10-24,Kentucky,Gallatin,33.97,3,0,0.0,126,8.0,6.35,1426.63,90.58,1.43,8832,89.81,147.19,33.97,305.7,33.97
2020-10-23,Kentucky,Gallatin,22.64,2,0,0.0,123,8.0,6.5,1392.66,90.58,1.39,8832,89.81,113.22,-11.33,271.73,11.32
2020-10-22,Kentucky,Gallatin,0.0,0,0,0.0,121,8.0,6.61,1370.02,90.58,1.37,8832,89.81,124.55,0.0,260.41,0.0
2020-10-21,Kentucky,Gallatin,45.29,4,0,0.0,121,8.0,6.61,1370.02,90.58,1.37,8832,89.81,124.55,45.29,260.41,33.97
2020-10-20,Kentucky,Gallatin,45.29,4,0,0.0,117,8.0,6.84,1324.73,90.58,1.32,8832,89.81,79.26,11.32,226.44,33.97
2020-10-19,Kentucky,Gallatin,0.0,0,0,0.0,113,8.0,7.08,1279.44,90.58,1.28,8832,89.81,67.94,0.0,192.47,0.0
2020-10-18,Kentucky,Gallatin,0.0,0,0,0.0,113,8.0,7.08,1279.44,90.58,1.28,8832,89.81,67.94,-11.32,192.47,0.0
2020-10-17,Kentucky,Gallatin,0.0,0,0,0.0,113,8.0,7.08,1279.44,90.58,1.28,8832,89.81,79.26,-56.61,192.47,0.0
2020-10-16,Kentucky,Gallatin,33.97,3,0,0.0,113,8.0,7.08,1279.44,90.58,1.28,8832,89.81,135.87,33.97,192.47,33.97
2020-10-15,Kentucky,Gallatin,0.0,0,0,0.0,110,8.0,7.27,1245.47,90.58,1.25,8832,89.81,101.9,0.0,158.5,0.0
2020-10-14,Kentucky,Gallatin,0.0,0,0,0.0,110,8.0,7.27,1245.47,90.58,1.25,8832,89.81,101.9,0.0,158.5,0.0
2020-10-13,Kentucky,Gallatin,33.97,3,0,0.0,110,8.0,7.27,1245.47,90.58,1.25,8832,89.81,101.9,33.97,158.5,33.97
2020-10-12,Kentucky,Gallatin,0.0,0,0,0.0,107,8.0,7.48,1211.5,90.58,1.21,8832,89.81,67.93,-11.32,124.53,-22.64
2020-10-11,Kentucky,Gallatin,11.32,1,0,0.0,107,8.0,7.48,1211.5,90.58,1.21,8832,89.81,79.25,11.32,147.17,0.0
2020-10-10,Kentucky,Gallatin,56.61,5,0,0.0,106,8.0,7.55,1200.18,90.58,1.2,8832,89.81,67.93,56.61,147.17,56.61
2020-10-09,Kentucky,Gallatin,0.0,0,0,0.0,101,8.0,7.92,1143.57,90.58,1.14,8832,89.81,11.32,-11.32,90.56,0.0
2020-10-08,Kentucky,Gallatin,0.0,0,0,0.0,101,8.0,7.92,1143.57,90.58,1.14,8832,89.81,22.64,0.0,90.56,-11.32
2020-10-07,Kentucky,Gallatin,0.0,0,0,0.0,101,8.0,7.92,1143.57,90.58,1.14,8832,89.81,22.64,0.0,101.88,0.0
2020-10-06,Kentucky,Gallatin,0.0,0,0,0.0,101,8.0,7.92,1143.57,90.58,1.14,8832,89.81,22.64,0.0,101.88,0.0
2020-10-05,Kentucky,Gallatin,11.32,1,0,0.0,101,8.0,7.92,1143.57,90.58,1.14,8832,89.81,22.64,11.32,101.88,11.32
2020-10-04,Kentucky,Gallatin,0.0,0,0,0.0,100,8.0,8.0,1132.25,90.58,1.13,8832,89.81,11.32,0.0,90.56,0.0
2020-10-03,Kentucky,Gallatin,0.0,0,0,0.0,100,8.0,8.0,1132.25,90.58,1.13,8832,89.81,11.32,0.0,90.56,0.0
2020-10-02,Kentucky,Gallatin,11.32,1,0,0.0,100,8.0,8.0,1132.25,90.58,1.13,8832,89.81,11.32,0.0,90.56,11.32
2020-10-01,Kentucky,Gallatin,0.0,0,0,0.0,99,8.0,8.08,1120.92,90.58,1.12,8832,89.81,11.32,0.0,79.24,11.32
2020-09-30,Kentucky,Gallatin,0.0,0,0,0.0,99,8.0,8.08,1120.92,90.58,1.12,8832,89.81,11.32,-11.32,67.92,22.64
2020-09-29,Kentucky,Gallatin,0.0,0,0,0.0,99,8.0,8.08,1120.92,90.58,1.12,8832,89.81,22.64,-11.32,45.28,-22.64
2020-09-28,Kentucky,Gallatin,0.0,0,0,0.0,99,8.0,8.08,1120.92,90.58,1.12,8832,89.81,33.96,0.0,67.92,0.0
2020-09-27,Kentucky,Gallatin,0.0,0,0,0.0,99,8.0,8.08,1120.92,90.58,1.12,8832,89.81,33.96,0.0,67.92,0.0
2020-09-26,Kentucky,Gallatin,0.0,0,0,0.0,99,8.0,8.08,1120.92,90.58,1.12,8832,89.81,33.96,0.0,67.92,-11.32
2020-09-25,Kentucky,Gallatin,11.32,1,0,0.0,99,8.0,8.08,1120.92,90.58,1.12,8832,89.81,33.96,11.32,79.24,-11.32
2020-09-24,Kentucky,Gallatin,0.0,0,0,0.0,98,8.0,8.16,1109.6,90.58,1.11,8832,89.81,22.64,0.0,90.56,-11.32
2020-09-23,Kentucky,Gallatin,11.32,1,0,0.0,98,8.0,8.16,1109.6,90.58,1.11,8832,89.81,22.64,11.32,101.88,11.32
2020-09-22,Kentucky,Gallatin,11.32,1,0,0.0,97,8.0,8.25,1098.28,90.58,1.1,8832,89.81,11.32,11.32,90.56,0.0
2020-09-21,Kentucky,Gallatin,0.0,0,0,0.0,96,8.0,8.33,1086.96,90.58,1.09,8832,89.81,0.0,-22.64,90.56,-11.32
2020-09-20,Kentucky,Gallatin,0.0,0,0,0.0,96,8.0,8.33,1086.96,90.58,1.09,8832,89.81,22.64,-11.32,101.88,0.0
2020-09-19,Kentucky,Gallatin,0.0,0,0,0.0,96,8.0,8.33,1086.96,90.58,1.09,8832,89.81,33.96,0.0,101.88,-22.64
2020-09-18,Kentucky,Gallatin,0.0,0,0,0.0,96,8.0,8.33,1086.96,90.58,1.09,8832,89.81,33.96,0.0,124.52,0.0
2020-09-17,Kentucky,Gallatin,0.0,0,0,0.0,96,8.0,8.33,1086.96,90.58,1.09,8832,89.81,33.96,-11.32,124.52,0.0
2020-09-16,Kentucky,Gallatin,0.0,0,0,0.0,96,8.0,8.33,1086.96,90.58,1.09,8832,89.81,45.28,0.0,124.52,0.0
2020-09-15,Kentucky,Gallatin,0.0,0,0,0.0,96,8.0,8.33,1086.96,90.58,1.09,8832,89.81,45.28,0.0,124.52,-33.97
2020-09-14,Kentucky,Gallatin,22.64,2,0,0.0,96,8.0,8.33,1086.96,90.58,1.09,8832,89.81,45.28,22.64,158.49,22.64
2020-09-13,Kentucky,Gallatin,11.32,1,0,0.0,94,8.0,8.51,1064.31,90.58,1.06,8832,89.81,22.64,11.32,135.85,11.32
2020-09-12,Kentucky,Gallatin,0.0,0,0,0.0,93,8.0,8.6,1052.99,90.58,1.05,8832,89.81,11.32,0.0,124.53,0.0
2020-09-11,Kentucky,Gallatin,0.0,0,0,0.0,93,8.0,8.6,1052.99,90.58,1.05,8832,89.81,11.32,0.0,124.53,0.0
2020-09-10,Kentucky,Gallatin,11.32,1,0,0.0,93,8.0,8.6,1052.99,90.58,1.05,8832,89.81,11.32,22.64,124.53,0.0
2020-09-09,Kentucky,Gallatin,0.0,0,0,0.0,92,8.0,8.7,1041.67,90.58,1.04,8832,89.81,-11.32,22.64,124.53,0.0
2020-09-08,Kentucky,Gallatin,0.0,0,0,0.0,92,8.0,8.7,1041.67,90.58,1.04,8832,89.81,-33.96,-22.64,124.53,-11.32
2020-09-07,Kentucky,Gallatin,0.0,0,0,0.0,92,8.0,8.7,1041.67,90.58,1.04,8832,89.81,-11.32,0.0,135.85,0.0
2020-09-06,Kentucky,Gallatin,0.0,0,0,0.0,92,8.0,8.7,1041.67,90.58,1.04,8832,89.81,-11.32,0.0,135.85,-11.32
2020-09-05,Kentucky,Gallatin,0.0,0,0,0.0,92,8.0,8.7,1041.67,90.58,1.04,8832,89.81,-11.32,-11.32,147.17,0.0
2020-09-04,Kentucky,Gallatin,0.0,0,0,0.0,92,8.0,8.7,1041.67,90.58,1.04,8832,89.81,0.0,-22.64,147.17,11.32
2020-09-03,Kentucky,Gallatin,-11.32,-1,0,0.0,92,8.0,8.7,1041.67,90.58,1.04,8832,89.81,22.64,-22.64,135.85,-22.64
2020-09-02,Kentucky,Gallatin,-22.64,-2,0,0.0,93,8.0,8.6,1052.99,90.58,1.05,8832,89.81,45.28,-22.64,158.49,-22.64
2020-09-01,Kentucky,Gallatin,22.64,2,0,0.0,95,8.0,8.42,1075.63,90.58,1.08,8832,89.81,67.92,11.32,181.13,22.64
2020-08-31,Kentucky,Gallatin,0.0,0,0,0.0,93,8.0,8.6,1052.99,90.58,1.05,8832,89.81,56.6,-11.32,158.49,0.0
2020-08-30,Kentucky,Gallatin,0.0,0,0,0.0,93,8.0,8.6,1052.99,90.58,1.05,8832,89.81,67.92,0.0,158.49,0.0
2020-08-29,Kentucky,Gallatin,11.32,1,0,0.0,93,8.0,8.6,1052.99,90.58,1.05,8832,89.81,67.92,-11.32,158.49,-11.32
2020-08-28,Kentucky,Gallatin,22.64,2,0,0.0,92,8.0,8.7,1041.67,90.58,1.04,8832,89.81,79.24,22.64,169.81,22.64
2020-08-27,Kentucky,Gallatin,11.32,1,0,0.0,90,8.0,8.89,1019.02,90.58,1.02,8832,89.81,56.6,11.32,147.17,11.32
2020-08-26,Kentucky,Gallatin,0.0,0,0,0.0,89,8.0,8.99,1007.7,90.58,1.01,8832,89.81,45.28,0.0,135.85,0.0
2020-08-25,Kentucky,Gallatin,11.32,1,0,0.0,89,8.0,8.99,1007.7,90.58,1.01,8832,89.81,45.28,-22.65,135.85,11.32
2020-08-24,Kentucky,Gallatin,11.32,1,0,0.0,88,8.0,9.09,996.38,90.58,1.0,8832,89.81,67.93,11.32,124.53,11.32
2020-08-23,Kentucky,Gallatin,0.0,0,0,0.0,87,8.0,9.2,985.05,90.58,0.99,8832,89.81,56.61,0.0,113.21,0.0
2020-08-22,Kentucky,Gallatin,22.64,2,0,0.0,87,8.0,9.2,985.05,90.58,0.99,8832,89.81,56.61,22.64,113.21,22.64
2020-08-21,Kentucky,Gallatin,0.0,0,0,0.0,85,8.0,9.41,962.41,90.58,0.96,8832,89.81,33.97,0.0,90.57,0.0
2020-08-20,Kentucky,Gallatin,0.0,0,1,11.32,85,8.0,9.41,962.41,90.58,0.96,8832,89.81,33.97,-11.32,90.57,-33.97
2020-08-19,Kentucky,Gallatin,0.0,0,0,0.0,85,7.0,8.24,962.41,79.26,0.96,8832,89.81,45.29,0.0,124.54,-11.32
2020-08-18,Kentucky,Gallatin,33.97,3,0,0.0,85,7.0,8.24,962.41,79.26,0.96,8832,89.81,45.29,22.65,135.86,22.65
2020-08-17,Kentucky,Gallatin,0.0,0,0,0.0,82,7.0,8.54,928.44,79.26,0.93,8832,89.81,22.64,0.0,113.21,0.0
2020-08-16,Kentucky,Gallatin,0.0,0,0,0.0,82,7.0,8.54,928.44,79.26,0.93,8832,89.81,22.64,-11.32,113.21,0.0
2020-08-15,Kentucky,Gallatin,0.0,0,0,0.0,82,7.0,8.54,928.44,79.26,0.93,8832,89.81,33.96,0.0,113.21,-11.32
2020-08-14,Kentucky,Gallatin,0.0,0,0,0.0,82,7.0,8.54,928.44,79.26,0.93,8832,89.81,33.96,11.32,124.53,0.0
2020-08-13,Kentucky,Gallatin,11.32,1,0,0.0,82,7.0,8.54,928.44,79.26,0.93,8832,89.81,22.64,0.0,124.53,-11.32
2020-08-12,Kentucky,Gallatin,0.0,0,0,0.0,81,7.0,8.64,917.12,79.26,0.92,8832,89.81,22.64,0.0,135.85,-11.32
2020-08-11,Kentucky,Gallatin,11.32,1,0,0.0,81,7.0,8.64,917.12,79.26,0.92,8832,89.81,22.64,11.32,147.17,11.32
2020-08-10,Kentucky,Gallatin,0.0,0,0,0.0,80,7.0,8.75,905.8,79.26,0.91,8832,89.81,11.32,0.0,135.85,0.0
2020-08-09,Kentucky,Gallatin,11.32,1,0,0.0,80,7.0,8.75,905.8,79.26,0.91,8832,89.81,11.32,11.32,135.85,11.32
2020-08-08,Kentucky,Gallatin,0.0,0,0,0.0,79,7.0,8.86,894.47,79.26,0.89,8832,89.81,0.0,-22.64,124.53,-11.32
2020-08-07,Kentucky,Gallatin,-11.32,-1,-1,-11.32,79,7.0,8.86,894.47,79.26,0.89,8832,89.81,22.64,-11.32,135.85,-11.32
2020-08-06,Kentucky,Gallatin,11.32,1,0,0.0,80,8.0,10.0,905.8,90.58,0.91,8832,89.81,33.96,11.32,147.17,0.0
2020-08-05,Kentucky,Gallatin,0.0,0,0,0.0,79,8.0,10.13,894.47,90.58,0.89,8832,89.81,22.64,0.0,147.17,-11.32
2020-08-04,Kentucky,Gallatin,0.0,0,0,0.0,79,8.0,10.13,894.47,90.58,0.89,8832,89.81,22.64,0.0,158.49,0.0
2020-08-03,Kentucky,Gallatin,0.0,0,0,0.0,79,8.0,10.13,894.47,90.58,0.89,8832,89.81,22.64,0.0,158.49,0.0
2020-08-02,Kentucky,Gallatin,0.0,0,0,0.0,79,8.0,10.13,894.47,90.58,0.89,8832,89.81,22.64,0.0,158.49,0.0
2020-08-01,Kentucky,Gallatin,22.64,2,0,0.0,79,8.0,10.13,894.47,90.58,0.89,8832,89.81,22.64,22.64,158.49,22.64
2020-07-31,Kentucky,Gallatin,0.0,0,0,0.0,77,8.0,10.39,871.83,90.58,0.87,8832,89.81,0.0,0.0,135.85,0.0
2020-07-30,Kentucky,Gallatin,0.0,0,0,0.0,77,8.0,10.39,871.83,90.58,0.87,8832,89.81,0.0,-33.97,135.85,0.0
2020-07-29,Kentucky,Gallatin,0.0,0,0,0.0,77,8.0,10.39,871.83,90.58,0.87,8832,89.81,33.97,-11.32,135.85,-45.29
2020-07-28,Kentucky,Gallatin,0.0,0,0,0.0,77,8.0,10.39,871.83,90.58,0.87,8832,89.81,45.29,-11.32,181.14,0.0
2020-07-27,Kentucky,Gallatin,0.0,0,0,0.0,77,8.0,10.39,871.83,90.58,0.87,8832,89.81,56.61,0.0,181.14,0.0
2020-07-26,Kentucky,Gallatin,0.0,0,0,0.0,77,8.0,10.39,871.83,90.58,0.87,8832,89.81,56.61,0.0,181.14,0.0
2020-07-25,Kentucky,Gallatin,0.0,0,0,0.0,77,8.0,10.39,871.83,90.58,0.87,8832,89.81,56.61,-11.32,181.14,-22.64
2020-07-24,Kentucky,Gallatin,0.0,0,0,0.0,77,8.0,10.39,871.83,90.58,0.87,8832,89.81,67.93,0.0,203.78,-11.32
2020-07-23,Kentucky,Gallatin,33.97,3,0,0.0,77,8.0,10.39,871.83,90.58,0.87,8832,89.81,67.93,11.33,215.1,33.97
2020-07-22,Kentucky,Gallatin,11.32,1,0,0.0,74,8.0,10.81,837.86,90.58,0.84,8832,89.81,56.6,0.0,181.13,11.32
2020-07-21,Kentucky,Gallatin,11.32,1,0,0.0,73,8.0,10.96,826.54,90.58,0.83,8832,89.81,56.6,11.32,169.81,0.0
2020-07-20,Kentucky,Gallatin,0.0,0,0,0.0,72,8.0,11.11,815.22,90.58,0.82,8832,89.81,45.28,0.0,169.81,0.0
2020-07-19,Kentucky,Gallatin,0.0,0,0,0.0,72,8.0,11.11,815.22,90.58,0.82,8832,89.81,45.28,0.0,169.81,0.0
2020-07-18,Kentucky,Gallatin,11.32,1,0,0.0,72,8.0,11.11,815.22,90.58,0.82,8832,89.81,45.28,0.0,169.81,11.32
2020-07-17,Kentucky,Gallatin,0.0,0,0,0.0,71,8.0,11.27,803.89,90.58,0.8,8832,89.81,45.28,0.0,158.49,0.0
2020-07-16,Kentucky,Gallatin,22.64,2,0,0.0,71,8.0,11.27,803.89,90.58,0.8,8832,89.81,45.28,11.32,158.49,22.64
2020-07-15,Kentucky,Gallatin,11.32,1,0,0.0,69,8.0,11.59,781.25,90.58,0.78,8832,89.81,33.96,0.0,135.85,11.32
2020-07-14,Kentucky,Gallatin,0.0,0,0,0.0,68,8.0,11.76,769.93,90.58,0.77,8832,89.81,33.96,0.0,124.53,0.0
2020-07-13,Kentucky,Gallatin,0.0,0,0,0.0,68,8.0,11.76,769.93,90.58,0.77,8832,89.81,33.96,0.0,124.53,0.0
2020-07-12,Kentucky,Gallatin,0.0,0,0,0.0,68,8.0,11.76,769.93,90.58,0.77,8832,89.81,33.96,0.0,124.53,0.0
2020-07-11,Kentucky,Gallatin,11.32,1,0,0.0,68,8.0,11.76,769.93,90.58,0.77,8832,89.81,33.96,11.32,124.53,-56.61
2020-07-10,Kentucky,Gallatin,0.0,0,0,0.0,67,8.0,11.94,758.61,90.58,0.76,8832,89.81,22.64,0.0,181.14,0.0
2020-07-09,Kentucky,Gallatin,11.32,1,0,0.0,67,8.0,11.94,758.61,90.58,0.76,8832,89.81,22.64,11.32,181.14,11.32
2020-07-08,Kentucky,Gallatin,11.32,1,0,0.0,66,8.0,12.12,747.28,90.58,0.75,8832,89.81,11.32,-33.97,169.82,-11.32
2020-07-07,Kentucky,Gallatin,0.0,0,0,0.0,65,8.0,12.31,735.96,90.58,0.74,8832,89.81,45.29,0.0,181.14,-33.97
2020-07-06,Kentucky,Gallatin,0.0,0,0,0.0,65,8.0,12.31,735.96,90.58,0.74,8832,89.81,45.29,0.0,215.11,0.0
2020-07-05,Kentucky,Gallatin,0.0,0,0,0.0,65,8.0,12.31,735.96,90.58,0.74,8832,89.81,45.29,0.0,215.11,0.0
2020-07-04,Kentucky,Gallatin,0.0,0,0,0.0,65,8.0,12.31,735.96,90.58,0.74,8832,89.81,45.29,-22.64,215.11,0.0
2020-07-03,Kentucky,Gallatin,0.0,0,0,0.0,65,8.0,12.31,735.96,90.58,0.74,8832,89.81,67.93,-11.32,215.11,0.0
2020-07-02,Kentucky,Gallatin,0.0,0,1,11.32,65,8.0,12.31,735.96,90.58,0.74,8832,89.81,79.25,0.0,215.11,0.0
2020-07-01,Kentucky,Gallatin,45.29,4,0,0.0,65,7.0,10.77,735.96,79.26,0.74,8832,89.81,79.25,45.29,215.11,11.32
2020-06-30,Kentucky,Gallatin,0.0,0,0,0.0,61,7.0,11.48,690.67,79.26,0.69,8832,89.81,33.96,-11.32,203.79,-67.93
2020-06-29,Kentucky,Gallatin,0.0,0,0,0.0,61,7.0,11.48,690.67,79.26,0.69,8832,89.81,45.28,0.0,271.72,-11.32
2020-06-28,Kentucky,Gallatin,0.0,0,0,0.0,61,7.0,11.48,690.67,79.26,0.69,8832,89.81,45.28,0.0,283.04,0.0
2020-06-27,Kentucky,Gallatin,22.64,2,0,0.0,61,7.0,11.48,690.67,79.26,0.69,8832,89.81,45.28,22.64,283.04,-11.33
2020-06-26,Kentucky,Gallatin,11.32,1,0,0.0,59,7.0,11.86,668.03,79.26,0.67,8832,89.81,22.64,11.32,294.37,-192.48
2020-06-25,Kentucky,Gallatin,0.0,0,0,0.0,58,7.0,12.07,656.7,79.26,0.66,8832,89.81,11.32,0.0,486.85,-33.97
2020-06-24,Kentucky,Gallatin,0.0,0,0,0.0,58,7.0,12.07,656.7,79.26,0.66,8832,89.81,11.32,0.0,520.82,-45.29
2020-06-23,Kentucky,Gallatin,11.32,1,0,0.0,58,7.0,12.07,656.7,79.26,0.66,8832,89.81,11.32,11.32,566.11,11.32
2020-06-22,Kentucky,Gallatin,0.0,0,0,0.0,57,7.0,12.28,645.38,79.26,0.65,8832,89.81,0.0,0.0,554.79,0.0
2020-06-21,Kentucky,Gallatin,0.0,0,0,0.0,57,7.0,12.28,645.38,79.26,0.65,8832,89.81,0.0,0.0,554.79,0.0
2020-06-20,Kentucky,Gallatin,0.0,0,0,0.0,57,7.0,12.28,645.38,79.26,0.65,8832,89.81,0.0,-67.93,554.79,-33.97
2020-06-19,Kentucky,Gallatin,0.0,0,0,0.0,57,7.0,12.28,645.38,79.26,0.65,8832,89.81,67.93,0.0,588.76,-22.64
2020-06-18,Kentucky,Gallatin,0.0,0,0,0.0,57,7.0,12.28,645.38,79.26,0.65,8832,89.81,67.93,0.0,611.4,0.0
2020-06-17,Kentucky,Gallatin,0.0,0,0,0.0,57,7.0,12.28,645.38,79.26,0.65,8832,89.81,67.93,-22.64,611.4,0.0
2020-06-16,Kentucky,Gallatin,0.0,0,0,0.0,57,7.0,12.28,645.38,79.26,0.65,8832,89.81,90.57,-33.97,611.4,0.0
2020-06-15,Kentucky,Gallatin,0.0,0,0,0.0,57,7.0,12.28,645.38,79.26,0.65,8832,89.81,124.54,0.0,611.4,-11.32
2020-06-14,Kentucky,Gallatin,0.0,0,0,0.0,57,7.0,12.28,645.38,79.26,0.65,8832,89.81,124.54,0.0,622.72,0.0
2020-06-13,Kentucky,Gallatin,67.93,6,0,0.0,57,7.0,12.28,645.38,79.26,0.65,8832,89.81,124.54,67.93,622.72,67.93
2020-06-12,Kentucky,Gallatin,0.0,0,0,0.0,51,7.0,13.73,577.45,79.26,0.58,8832,89.81,56.61,0.0,554.79,0.0
2020-06-11,Kentucky,Gallatin,0.0,0,1,11.32,51,7.0,13.73,577.45,79.26,0.58,8832,89.81,56.61,0.0,554.79,-11.32
2020-06-10,Kentucky,Gallatin,22.64,2,0,0.0,51,6.0,11.76,577.45,67.93,0.58,8832,89.81,56.61,-11.33,566.11,22.64
2020-06-09,Kentucky,Gallatin,33.97,3,1,11.32,49,6.0,12.24,554.8,67.93,0.55,8832,89.81,67.94,-33.96,543.47,33.97
2020-06-08,Kentucky,Gallatin,0.0,0,0,0.0,46,5.0,10.87,520.83,56.61,0.52,8832,89.81,101.9,-11.32,509.5,0.0
2020-06-07,Kentucky,Gallatin,0.0,0,0,0.0,46,5.0,10.87,520.83,56.61,0.52,8832,89.81,113.22,0.0,509.5,0.0
2020-06-06,Kentucky,Gallatin,0.0,0,0,0.0,46,5.0,10.87,520.83,56.61,0.52,8832,89.81,113.22,-33.97,509.5,0.0
2020-06-05,Kentucky,Gallatin,0.0,0,0,0.0,46,5.0,10.87,520.83,56.61,0.52,8832,89.81,147.19,-203.8,509.5,0.0
2020-06-04,Kentucky,Gallatin,0.0,0,0,0.0,46,5.0,10.87,520.83,56.61,0.52,8832,89.81,350.99,-33.97,509.5,0.0
2020-06-03,Kentucky,Gallatin,33.97,3,1,11.32,46,5.0,10.87,520.83,56.61,0.52,8832,89.81,384.96,-11.32,509.5,33.97
2020-06-02,Kentucky,Gallatin,67.93,6,0,0.0,43,4.0,9.3,486.87,45.29,0.49,8832,89.81,396.28,67.93,475.53,67.93
2020-06-01,Kentucky,Gallatin,11.32,1,1,11.32,37,4.0,10.81,418.93,45.29,0.42,8832,89.81,328.35,11.32,407.6,11.32
2020-05-31,Kentucky,Gallatin,0.0,0,0,0.0,36,3.0,8.33,407.61,33.97,0.41,8832,89.81,317.03,0.0,396.28,0.0
2020-05-30,Kentucky,Gallatin,33.97,3,1,11.32,36,3.0,8.33,407.61,33.97,0.41,8832,89.81,317.03,0.0,396.28,33.97
2020-05-29,Kentucky,Gallatin,203.8,18,2,22.64,33,2.0,6.06,373.64,22.64,0.37,8832,89.81,317.03,181.16,362.31,203.8
2020-05-28,Kentucky,Gallatin,33.97,3,0,0.0,15,0.0,0.0,169.84,0.0,0.17,8832,89.81,135.87,33.97,158.51,33.97
2020-05-27,Kentucky,Gallatin,45.29,4,0,0.0,12,0.0,0.0,135.87,0.0,0.14,8832,89.81,101.9,45.29,124.54,45.29
2020-05-26,Kentucky,Gallatin,0.0,0,0,0.0,8,0.0,0.0,90.58,0.0,0.09,8832,89.81,56.61,0.0,79.25,0.0
2020-05-25,Kentucky,Gallatin,0.0,0,0,0.0,8,0.0,0.0,90.58,0.0,0.09,8832,89.81,56.61,-11.32,79.25,0.0
2020-05-24,Kentucky,Gallatin,0.0,0,0,0.0,8,0.0,0.0,90.58,0.0,0.09,8832,89.81,67.93,0.0,79.25,0.0
2020-05-23,Kentucky,Gallatin,33.97,3,0,0.0,8,0.0,0.0,90.58,0.0,0.09,8832,89.81,67.93,33.97,79.25,33.97
2020-05-22,Kentucky,Gallatin,22.64,2,0,0.0,5,0.0,0.0,56.61,0.0,0.06,8832,89.81,33.96,22.64,45.28,22.64
2020-05-21,Kentucky,Gallatin,0.0,0,0,0.0,3,0.0,0.0,33.97,0.0,0.03,8832,89.81,11.32,-11.32,22.64,0.0
2020-05-20,Kentucky,Gallatin,0.0,0,0,0.0,3,0.0,0.0,33.97,0.0,0.03,8832,89.81,22.64,0.0,22.64,0.0
2020-05-19,Kentucky,Gallatin,0.0,0,0,0.0,3,0.0,0.0,33.97,0.0,0.03,8832,89.81,22.64,0.0,22.64,0.0
2020-05-18,Kentucky,Gallatin,11.32,1,0,0.0,3,0.0,0.0,33.97,0.0,0.03,8832,89.81,22.64,11.32,22.64,11.32
2020-05-17,Kentucky,Gallatin,0.0,0,0,0.0,2,0.0,0.0,22.64,0.0,0.02,8832,89.81,11.32,0.0,11.32,0.0
2020-05-16,Kentucky,Gallatin,0.0,0,0,0.0,2,0.0,0.0,22.64,0.0,0.02,8832,89.81,11.32,0.0,11.32,0.0
2020-05-15,Kentucky,Gallatin,0.0,0,0,0.0,2,0.0,0.0,22.64,0.0,0.02,8832,89.81,11.32,0.0,11.32,0.0
2020-05-14,Kentucky,Gallatin,11.32,1,0,0.0,2,0.0,0.0,22.64,0.0,0.02,8832,89.81,11.32,11.32,11.32,11.32
2020-05-13,Kentucky,Gallatin,0.0,0,0,0.0,1,0.0,0.0,11.32,0.0,0.01,8832,89.81,0.0,0.0,0.0,0.0
2020-05-12,Kentucky,Gallatin,0.0,0,0,0.0,1,0.0,0.0,11.32,0.0,0.01,8832,89.81,0.0,0.0,0.0,0.0
2020-05-11,Kentucky,Gallatin,0.0,0,0,0.0,1,0.0,0.0,11.32,0.0,0.01,8832,89.81,0.0,0.0,0.0,0.0
2020-05-10,Kentucky,Gallatin,0.0,0,0,0.0,1,0.0,0.0,11.32,0.0,0.01,8832,89.81,0.0,0.0,0.0,0.0
2020-05-09,Kentucky,Gallatin,0.0,0,0,0.0,1,0.0,0.0,11.32,0.0,0.01,8832,89.81,0.0,0.0,0.0,0.0
2020-05-08,Kentucky,Gallatin,0.0,0,0,0.0,1,0.0,0.0,11.32,0.0,0.01,8832,89.81,0.0,0.0,0.0,0.0
2020-05-07,Kentucky,Gallatin,0.0,0,0,0.0,1,0.0,0.0,11.32,0.0,0.01,8832,89.81,0.0,0.0,0.0,0.0
2020-05-06,Kentucky,Gallatin,0.0,0,0,0.0,1,0.0,0.0,11.32,0.0,0.01,8832,89.81,0.0,0.0,0.0,0.0
2020-05-05,Kentucky,Gallatin,0.0,0,0,0.0,1,0.0,0.0,11.32,0.0,0.01,8832,89.81,0.0,0.0,0.0,0.0
2020-05-04,Kentucky,Gallatin,0.0,0,0,0.0,1,0.0,0.0,11.32,0.0,0.01,8832,89.81,0.0,0.0,0.0,0.0
2020-05-03,Kentucky,Gallatin,0.0,0,0,0.0,1,0.0,0.0,11.32,0.0,0.01,8832,89.81,0.0,0.0,0.0,0.0
2020-05-02,Kentucky,Gallatin,0.0,0,0,0.0,1,0.0,0.0,11.32,0.0,0.01,8832,89.81,0.0,0.0,0.0,0.0
2020-05-01,Kentucky,Gallatin,0.0,0,0,0.0,1,0.0,0.0,11.32,0.0,0.01,8832,89.81,0.0,0.0,0.0,0.0
2020-04-30,Kentucky,Gallatin,0.0,0,0,0.0,1,0.0,0.0,11.32,0.0,0.01,8832,89.81,0.0,0.0,0.0,0.0
2020-04-29,Kentucky,Gallatin,0.0,0,0,0.0,1,0.0,0.0,11.32,0.0,0.01,8832,89.81,0.0,0.0,0.0,0.0
2020-04-28,Kentucky,Gallatin,0.0,0,0,0.0,1,0.0,0.0,11.32,0.0,0.01,8832,89.81,0.0,0.0,0.0,0.0
2020-04-27,Kentucky,Gallatin,0.0,0,0,0.0,1,0.0,0.0,11.32,0.0,0.01,8832,89.81,0.0,0.0,0.0,0.0
2020-04-26,Kentucky,Gallatin,0.0,0,0,0.0,1,0.0,0.0,11.32,0.0,0.01,8832,89.81,0.0,0.0,0.0,0.0
2020-04-25,Kentucky,Gallatin,0.0,0,0,0.0,1,0.0,0.0,11.32,0.0,0.01,8832,89.81,0.0,0.0,0.0,0.0
2020-04-24,Kentucky,Gallatin,0.0,0,0,0.0,1,0.0,0.0,11.32,0.0,0.01,8832,89.81,0.0,0.0,0.0,0.0
2020-04-23,Kentucky,Gallatin,0.0,0,0,0.0,1,0.0,0.0,11.32,0.0,0.01,8832,89.81,0.0,0.0,0.0,0.0
2020-04-22,Kentucky,Gallatin,0.0,0,0,0.0,1,0.0,0.0,11.32,0.0,0.01,8832,89.81,0.0,0.0,0.0,0.0
2020-04-21,Kentucky,Gallatin,0.0,0,0,0.0,1,0.0,0.0,11.32,0.0,0.01,8832,89.81,0.0,0.0,0.0,0.0
2020-04-20,Kentucky,Gallatin,0.0,0,0,0.0,1,0.0,0.0,11.32,0.0,0.01,8832,89.81,0.0,0.0,0.0,0.0
2020-04-19,Kentucky,Gallatin,0.0,0,0,0.0,1,0.0,0.0,11.32,0.0,0.01,8832,89.81,0.0,0.0,0.0,0.0
2020-04-18,Kentucky,Gallatin,0.0,0,0,0.0,1,0.0,0.0,11.32,0.0,0.01,8832,89.81,0.0,0.0,0.0,0.0
2020-04-17,Kentucky,Gallatin,0.0,0,0,0.0,1,0.0,0.0,11.32,0.0,0.01,8832,89.81,0.0,0.0,0.0,0.0
2020-04-16,Kentucky,Gallatin,0.0,0,0,0.0,1,0.0,0.0,11.32,0.0,0.01,8832,89.81,0.0,0.0,0.0,0.0
2020-04-15,Kentucky,Gallatin,0.0,0,0,0.0,1,0.0,0.0,11.32,0.0,0.01,8832,89.81,0.0,0.0,0.0,0.0
2020-04-14,Kentucky,Gallatin,0.0,0,0,0.0,1,0.0,0.0,11.32,0.0,0.01,8832,89.81,0.0,0.0,0.0,0.0
2020-04-13,Kentucky,Gallatin,0.0,0,0,0.0,1,0.0,0.0,11.32,0.0,0.01,8832,89.81,0.0,0.0,0.0,0.0
2020-04-12,Kentucky,Gallatin,0.0,0,0,0.0,1,0.0,0.0,11.32,0.0,0.01,8832,89.81,0.0,0.0,0.0,0.0
2020-04-11,Kentucky,Gallatin,0.0,0,0,0.0,1,0.0,0.0,11.32,0.0,0.01,8832,89.81,0.0,0.0,0.0,0.0
