date,state,district,1day_cases_100k,new_cases,new_deaths,new_deaths_100k,total_cases,total_deaths,cfr%,total_cases_100k,total_deaths_100k,%infected,population,7day_cases_100k,7day_cases_change,28day_cases_100k,28day_cases_change
2020-09-09,West_Bengal,Purulia,3.14,92,0,0.0,1849,6,0.32,63.15,0.2,0.06,2927965,11.99,1.09,47.57,1.84
2020-09-08,West_Bengal,Purulia,1.13,33,0,0.0,1757,6,0.34,60.01,0.2,0.06,2927965,10.9,-1.02,45.73,0.17
2020-09-07,West_Bengal,Purulia,1.2,35,0,0.0,1724,6,0.35,58.88,0.2,0.06,2927965,11.92,-0.03,45.56,-0.37
2020-09-06,West_Bengal,Purulia,1.74,51,1,0.03,1689,6,0.36,57.69,0.2,0.06,2927965,11.95,-1.37,45.93,0.48
2020-09-05,West_Bengal,Purulia,1.98,58,1,0.03,1638,5,0.31,55.94,0.17,0.06,2927965,13.32,0.03,45.45,1.88
2020-09-04,West_Bengal,Purulia,1.5,44,0,0.0,1580,4,0.25,53.96,0.14,0.05,2927965,13.29,-0.28,43.57,1.36
2020-09-03,West_Bengal,Purulia,1.3,38,2,0.07,1536,4,0.26,52.46,0.14,0.05,2927965,13.57,-0.75,42.21,1.1
2020-09-02,West_Bengal,Purulia,2.05,60,0,0.0,1498,2,0.13,51.16,0.07,0.05,2927965,14.32,-0.55,41.11,1.95
2020-09-01,West_Bengal,Purulia,2.15,63,0,0.0,1438,2,0.14,49.11,0.07,0.05,2927965,14.87,-1.2,39.16,1.57
2020-08-31,West_Bengal,Purulia,1.23,36,0,0.0,1375,2,0.15,46.96,0.07,0.05,2927965,16.07,-2.7,37.59,0.99
2020-08-30,West_Bengal,Purulia,3.11,91,0,0.0,1339,2,0.15,45.73,0.07,0.05,2927965,18.77,0.89,36.6,2.5
2020-08-29,West_Bengal,Purulia,1.95,57,1,0.03,1248,2,0.16,42.62,0.07,0.04,2927965,17.88,0.34,34.1,1.64
2020-08-28,West_Bengal,Purulia,1.78,52,0,0.0,1191,1,0.08,40.68,0.03,0.04,2927965,17.54,0.86,32.46,0.99
2020-08-27,West_Bengal,Purulia,2.05,60,0,0.0,1139,1,0.09,38.9,0.03,0.04,2927965,16.68,0.99,31.47,1.4
2020-08-26,West_Bengal,Purulia,2.6,76,0,0.0,1079,1,0.09,36.85,0.03,0.04,2927965,15.69,1.85,30.07,2.46
2020-08-25,West_Bengal,Purulia,3.35,98,0,0.0,1003,1,0.1,34.26,0.03,0.03,2927965,13.84,2.56,27.61,3.25
2020-08-24,West_Bengal,Purulia,3.93,115,0,0.0,905,1,0.11,30.91,0.03,0.03,2927965,11.28,2.94,24.36,3.32
2020-08-23,West_Bengal,Purulia,2.22,65,0,0.0,790,1,0.13,26.98,0.03,0.03,2927965,8.34,2.02,21.04,2.15
2020-08-22,West_Bengal,Purulia,1.61,47,0,0.0,725,1,0.14,24.76,0.03,0.02,2927965,6.32,1.06,18.89,1.23
2020-08-21,West_Bengal,Purulia,0.92,27,0,0.0,678,1,0.15,23.16,0.03,0.02,2927965,5.26,0.2,17.66,0.72
2020-08-20,West_Bengal,Purulia,1.06,31,0,0.0,651,1,0.15,22.23,0.03,0.02,2927965,5.06,-0.51,16.94,0.82
2020-08-19,West_Bengal,Purulia,0.75,22,0,0.0,620,1,0.16,21.18,0.03,0.02,2927965,5.57,-0.55,16.12,0.0
2020-08-18,West_Bengal,Purulia,0.79,23,0,0.0,598,1,0.17,20.42,0.03,0.02,2927965,6.12,-0.17,16.12,0.69
2020-08-17,West_Bengal,Purulia,0.99,29,0,0.0,575,1,0.17,19.64,0.03,0.02,2927965,6.29,-0.58,15.43,0.99
2020-08-16,West_Bengal,Purulia,0.2,6,0,0.0,546,1,0.18,18.65,0.03,0.02,2927965,6.87,-1.06,14.44,0.17
2020-08-15,West_Bengal,Purulia,0.55,16,0,0.0,540,1,0.19,18.44,0.03,0.02,2927965,7.93,0.45,14.27,0.52
2020-08-14,West_Bengal,Purulia,0.72,21,0,0.0,524,1,0.19,17.9,0.03,0.02,2927965,7.48,0.58,13.75,0.72
2020-08-13,West_Bengal,Purulia,1.57,46,0,0.0,503,1,0.2,17.18,0.03,0.02,2927965,6.9,1.37,13.03,1.47
2020-08-12,West_Bengal,Purulia,1.3,38,1,0.03,457,1,0.22,15.61,0.03,0.02,2927965,5.53,1.2,11.56,1.23
2020-08-11,West_Bengal,Purulia,0.96,28,0,0.0,419,0,0.0,14.31,0.0,0.01,2927965,4.33,0.38,10.33,0.96
2020-08-10,West_Bengal,Purulia,1.57,46,0,0.0,391,0,0.0,13.35,0.0,0.01,2927965,3.95,1.33,9.37,1.54
2020-08-09,West_Bengal,Purulia,1.26,37,0,0.0,345,0,0.0,11.78,0.0,0.01,2927965,2.62,0.65,7.83,1.26
2020-08-08,West_Bengal,Purulia,0.1,3,0,0.0,308,0,0.0,10.52,0.0,0.01,2927965,1.97,-0.21,6.57,0.1
2020-08-07,West_Bengal,Purulia,0.14,4,0,0.0,305,0,0.0,10.42,0.0,0.01,2927965,2.18,-0.65,6.47,0.14
2020-08-06,West_Bengal,Purulia,0.2,6,0,0.0,301,0,0.0,10.28,0.0,0.01,2927965,2.83,-0.45,6.33,0.17
2020-08-05,West_Bengal,Purulia,0.1,3,0,0.0,295,0,0.0,10.08,0.0,0.01,2927965,3.28,-0.04,6.16,-0.24
2020-08-04,West_Bengal,Purulia,0.58,17,0,0.0,292,0,0.0,9.97,0.0,0.01,2927965,3.32,0.48,6.4,0.55
2020-08-03,West_Bengal,Purulia,0.24,7,0,0.0,275,0,0.0,9.39,0.0,0.01,2927965,2.84,-0.37,5.85,0.21
2020-08-02,West_Bengal,Purulia,0.61,18,0,0.0,268,0,0.0,9.15,0.0,0.01,2927965,3.21,0.54,5.64,0.51
2020-08-01,West_Bengal,Purulia,0.31,9,0,0.0,250,0,0.0,8.54,0.0,0.01,2927965,2.67,-0.07,5.13,0.17
2020-07-31,West_Bengal,Purulia,0.79,23,0,0.0,241,0,0.0,8.23,0.0,0.01,2927965,2.74,0.59,4.96,0.72
2020-07-30,West_Bengal,Purulia,0.65,19,0,0.0,218,0,0.0,7.45,0.0,0.01,2927965,2.15,0.41,4.24,0.65
2020-07-29,West_Bengal,Purulia,0.14,4,0,0.0,199,0,0.0,6.8,0.0,0.01,2927965,1.74,-0.61,3.59,0.04
2020-07-28,West_Bengal,Purulia,0.1,3,0,0.0,195,0,0.0,6.66,0.0,0.01,2927965,2.35,0.0,3.55,0.03
2020-07-27,West_Bengal,Purulia,0.61,18,0,0.0,192,0,0.0,6.56,0.0,0.01,2927965,2.35,0.61,3.52,0.61
2020-07-26,West_Bengal,Purulia,0.07,2,0,0.0,174,0,0.0,5.94,0.0,0.01,2927965,1.74,0.04,2.91,0.04
2020-07-25,West_Bengal,Purulia,0.38,11,0,0.0,172,0,0.0,5.87,0.0,0.01,2927965,1.7,0.35,2.87,0.38
2020-07-24,West_Bengal,Purulia,0.2,6,0,0.0,161,0,0.0,5.5,0.0,0.01,2927965,1.35,0.2,2.49,0.2
2020-07-23,West_Bengal,Purulia,0.24,7,0,0.0,155,0,0.0,5.29,0.0,0.01,2927965,1.15,0.14,2.29,0.24
2020-07-22,West_Bengal,Purulia,0.75,22,0,0.0,148,0,0.0,5.05,0.0,0.01,2927965,1.01,0.68,2.05,0.75
2020-07-21,West_Bengal,Purulia,0.1,3,0,0.0,126,0,0.0,4.3,0.0,0.0,2927965,0.33,0.1,1.3,0.1
2020-07-20,West_Bengal,Purulia,0.0,0,0,0.0,123,0,0.0,4.2,0.0,0.0,2927965,0.23,-0.03,1.2,0.0
2020-07-19,West_Bengal,Purulia,0.03,1,0,0.0,123,0,0.0,4.2,0.0,0.0,2927965,0.26,0.03,1.2,0.03
2020-07-18,West_Bengal,Purulia,0.03,1,0,0.0,122,0,0.0,4.17,0.0,0.0,2927965,0.23,0.03,1.17,0.03
2020-07-17,West_Bengal,Purulia,0.0,0,0,0.0,121,0,0.0,4.13,0.0,0.0,2927965,0.2,0.0,1.14,0.0
2020-07-16,West_Bengal,Purulia,0.1,3,0,0.0,121,0,0.0,4.13,0.0,0.0,2927965,0.2,0.07,1.14,0.07
2020-07-15,West_Bengal,Purulia,0.07,2,0,0.0,118,0,0.0,4.03,0.0,0.0,2927965,0.13,-0.27,1.07,0.07
2020-07-14,West_Bengal,Purulia,0.0,0,0,0.0,116,0,0.0,3.96,0.0,0.0,2927965,0.4,-0.03,1.0,-0.03
2020-07-13,West_Bengal,Purulia,0.03,1,0,0.0,116,0,0.0,3.96,0.0,0.0,2927965,0.43,0.0,1.03,0.0
2020-07-12,West_Bengal,Purulia,0.0,0,0,0.0,115,0,0.0,3.93,0.0,0.0,2927965,0.43,-0.1,1.03,0.0
2020-07-11,West_Bengal,Purulia,0.0,0,0,0.0,115,0,0.0,3.93,0.0,0.0,2927965,0.53,-0.14,1.03,0.0
2020-07-10,West_Bengal,Purulia,0.0,0,0,0.0,115,0,0.0,3.93,0.0,0.0,2927965,0.67,-0.07,1.03,-0.03
2020-07-09,West_Bengal,Purulia,0.03,1,0,0.0,115,0,0.0,3.93,0.0,0.0,2927965,0.74,0.03,1.06,0.03
2020-07-08,West_Bengal,Purulia,0.34,10,0,0.0,114,0,0.0,3.89,0.0,0.0,2927965,0.71,0.24,1.03,0.34
2020-07-07,West_Bengal,Purulia,0.03,1,0,0.0,104,0,0.0,3.55,0.0,0.0,2927965,0.47,-0.04,0.69,-0.65
2020-07-06,West_Bengal,Purulia,0.03,1,0,0.0,103,0,0.0,3.52,0.0,0.0,2927965,0.51,0.03,1.34,0.03
2020-07-05,West_Bengal,Purulia,0.1,3,0,0.0,102,0,0.0,3.48,0.0,0.0,2927965,0.48,0.07,1.31,0.07
2020-07-04,West_Bengal,Purulia,0.14,4,0,0.0,99,0,0.0,3.38,0.0,0.0,2927965,0.41,0.14,1.24,-1.33
2020-07-03,West_Bengal,Purulia,0.07,2,0,0.0,95,0,0.0,3.24,0.0,0.0,2927965,0.27,0.07,2.57,0.07
2020-07-02,West_Bengal,Purulia,0.0,0,0,0.0,93,0,0.0,3.18,0.0,0.0,2927965,0.2,0.0,2.5,0.0
2020-07-01,West_Bengal,Purulia,0.1,3,0,0.0,93,0,0.0,3.18,0.0,0.0,2927965,0.2,0.1,2.5,-0.24
2020-06-30,West_Bengal,Purulia,0.07,2,0,0.0,90,0,0.0,3.07,0.0,0.0,2927965,0.1,0.07,2.74,0.0
2020-06-29,West_Bengal,Purulia,0.0,0,0,0.0,88,0,0.0,3.01,0.0,0.0,2927965,0.03,0.0,2.74,0.0
2020-06-28,West_Bengal,Purulia,0.03,1,0,0.0,88,0,0.0,3.01,0.0,0.0,2927965,0.03,0.03,2.74,-0.17
2020-06-27,West_Bengal,Purulia,0.0,0,0,0.0,87,0,0.0,2.97,0.0,0.0,2927965,-0.0,0.0,2.91,0.0
2020-06-26,West_Bengal,Purulia,0.0,0,0,0.0,87,0,0.0,2.97,0.0,0.0,2927965,-0.0,0.0,2.91,0.0
2020-06-25,West_Bengal,Purulia,0.0,0,0,0.0,87,0,0.0,2.97,0.0,0.0,2927965,-0.0,-0.03,2.91,0.0
2020-06-24,West_Bengal,Purulia,0.0,0,0,0.0,87,0,0.0,2.97,0.0,0.0,2927965,0.03,0.0,2.91,0.0
2020-06-23,West_Bengal,Purulia,0.0,0,0,0.0,87,0,0.0,2.97,0.0,0.0,2927965,0.03,-0.03,2.91,0.0
2020-06-22,West_Bengal,Purulia,0.0,0,0,0.0,87,0,0.0,2.97,0.0,0.0,2927965,0.06,-0.03,2.91,0.0
2020-06-21,West_Bengal,Purulia,0.0,0,0,0.0,87,0,0.0,2.97,0.0,0.0,2927965,0.09,0.0,2.91,0.0
2020-06-20,West_Bengal,Purulia,0.0,0,0,0.0,87,0,0.0,2.97,0.0,0.0,2927965,0.09,0.0,2.91,0.0
2020-06-19,West_Bengal,Purulia,0.0,0,0,0.0,87,0,0.0,2.97,0.0,0.0,2927965,0.09,-0.03,2.91,0.0
2020-06-18,West_Bengal,Purulia,0.03,1,0,0.0,87,0,0.0,2.97,0.0,0.0,2927965,0.12,0.03,2.91,0.03
2020-06-17,West_Bengal,Purulia,0.0,0,0,0.0,86,0,0.0,2.94,0.0,0.0,2927965,0.09,0.0,2.88,0.0
2020-06-16,West_Bengal,Purulia,0.03,1,0,0.0,86,0,0.0,2.94,0.0,0.0,2927965,0.09,-0.65,2.88,0.03
2020-06-15,West_Bengal,Purulia,0.03,1,0,0.0,85,0,0.0,2.9,0.0,0.0,2927965,0.74,0.03,2.85,0.03
2020-06-14,West_Bengal,Purulia,0.0,0,0,0.0,84,0,0.0,2.87,0.0,0.0,2927965,0.71,-0.03,2.82,0.0
2020-06-13,West_Bengal,Purulia,0.0,0,0,0.0,84,0,0.0,2.87,0.0,0.0,2927965,0.74,-1.47,2.82,0.0
2020-06-12,West_Bengal,Purulia,0.03,1,0,0.0,84,0,0.0,2.87,0.0,0.0,2927965,2.21,0.03,2.82,0.03
2020-06-11,West_Bengal,Purulia,0.0,0,0,0.0,83,0,0.0,2.83,0.0,0.0,2927965,2.18,0.0,2.79,0.0
2020-06-10,West_Bengal,Purulia,0.0,0,0,0.0,83,0,0.0,2.83,0.0,0.0,2927965,2.18,-0.34,2.79,0.0
2020-06-09,West_Bengal,Purulia,0.68,20,0,0.0,83,0,0.0,2.83,0.0,0.0,2927965,2.52,0.61,2.79,0.68
2020-06-08,West_Bengal,Purulia,0.0,0,0,0.0,63,0,0.0,2.15,0.0,0.0,2927965,1.91,0.0,2.11,0.0
2020-06-07,West_Bengal,Purulia,0.03,1,0,0.0,63,0,0.0,2.15,0.0,0.0,2927965,1.91,-0.17,2.11,0.03
2020-06-06,West_Bengal,Purulia,1.47,43,0,0.0,62,0,0.0,2.12,0.0,0.0,2927965,2.08,1.47,2.08,1.47
2020-06-05,West_Bengal,Purulia,0.0,0,0,0.0,19,0,0.0,0.65,0.0,0.0,2927965,0.61,0.0,0.61,0.0
2020-06-04,West_Bengal,Purulia,0.0,0,0,0.0,19,0,0.0,0.65,0.0,0.0,2927965,0.61,0.0,0.61,0.0
2020-06-03,West_Bengal,Purulia,0.34,10,0,0.0,19,0,0.0,0.65,0.0,0.0,2927965,0.61,0.34,0.61,0.34
2020-06-02,West_Bengal,Purulia,0.07,2,0,0.0,9,0,0.0,0.31,0.0,0.0,2927965,0.27,0.07,0.27,0.07
2020-06-01,West_Bengal,Purulia,0.0,0,0,0.0,7,0,0.0,0.24,0.0,0.0,2927965,0.2,0.0,0.2,0.0
2020-05-31,West_Bengal,Purulia,0.2,6,0,0.0,7,0,0.0,0.24,0.0,0.0,2927965,0.2,0.2,0.2,0.2
2020-05-30,West_Bengal,Purulia,0.0,0,0,0.0,1,0,0.0,0.03,0.0,0.0,2927965,0.0,0.0,0.0,0.0
2020-05-29,West_Bengal,Purulia,0.0,0,0,0.0,1,0,0.0,0.03,0.0,0.0,2927965,0.0,0.0,0.0,0.0
2020-05-28,West_Bengal,Purulia,0.0,0,0,0.0,1,0,0.0,0.03,0.0,0.0,2927965,0.0,0.0,0.0,0.0
2020-05-27,West_Bengal,Purulia,0.0,0,0,0.0,1,0,0.0,0.03,0.0,0.0,2927965,0.0,0.0,0.0,0.0
